{"lowlevel": {"spectral_complexity": {"min": 0, "max": 61, "dvar2": 38.5640335083, "median": 25, "dmean2": 5.96484088898, "dmean": 3.89829111099, "var": 190.356246948, "dvar": 19.0541172028, "mean": 24.5690135956}, "silence_rate_20dB": {"min": 1, "max": 1, "dvar2": 0, "median": 1, "dmean2": 0, "dmean": 0, "var": 0, "dvar": 0, "mean": 1}, "average_loudness": 0.877686679363, "erbbands_spread": {"min": 0.780219495296, "max": 171.723403931, "dvar2": 137.749893188, "median": 36.1083106995, "dmean2": 10.9260559082, "dmean": 6.97823953629, "var": 340.612487793, "dvar": 57.7849464417, "mean": 37.2490768433}, "spectral_kurtosis": {"min": -1.50148642063, "max": 31.9718894958, "dvar2": 8.53975391388, "median": 3.98219704628, "dmean2": 2.4676053524, "dmean": 1.44901645184, "var": 10.5780115128, "dvar": 2.94028019905, "mean": 4.96599149704}, "barkbands_kurtosis": {"min": -1.89054131508, "max": 683.076599121, "dvar2": 163.867645264, "median": 0.808546900749, "dmean2": 4.36987543106, "dmean": 2.78394579887, "var": 184.089935303, "dvar": 78.9188156128, "mean": 3.5618853569}, "spectral_strongpeak": {"min": 0, "max": 17.1945133209, "dvar2": 2.32679390907, "median": 0.481367826462, "dmean2": 0.888695716858, "dmean": 0.528781116009, "var": 2.99225568771, "dvar": 0.952223420143, "mean": 1.20001900196}, "spectral_spread": {"min": 1638906.5, "max": 44363300, "dvar2": 740051582976, "median": 4183839.25, "dmean2": 645791.3125, "dmean": 455810.90625, "var": 3773224189950.0, "dvar": 430602125312, "mean": 4409807}, "spectral_rms": {"min": 3.15823539196e-12, "max": 0.0135961705819, "dvar2": 3.04004788632e-06, "median": 0.00521885929629, "dmean2": 0.00134783086833, "dmean": 0.000870974326972, "var": 4.43268481831e-06, "dvar": 1.2524808426e-06, "mean": 0.0051538660191}, "erbbands": {"min": [1.54489408962e-22, 9.36528093614e-22, 2.36227455062e-21, 6.72660042954e-21, 1.44846466153e-20, 3.32187397572e-20, 5.07526099861e-20, 1.08070500795e-19, 1.74639243533e-19, 2.81934430525e-19, 2.97574089463e-19, 4.29769752263e-19, 5.53192699378e-19, 1.04486508147e-18, 6.52799875886e-19, 1.09136379883e-18, 1.434577165e-18, 2.42178196751e-18, 2.44702607224e-18, 3.82433018221e-18, 4.85626736128e-18, 3.91407514276e-18, 6.14229994886e-18, 6.86484676342e-18, 8.58856915084e-18, 1.05431415172e-17, 8.77477412417e-18, 9.98666237755e-18, 1.14699957392e-17, 1.08112100742e-17, 1.18907436393e-17, 1.15541018095e-17, 1.10140951446e-17, 8.04328424642e-18, 5.92999577285e-18, 4.72289400008e-18, 2.64236911659e-18, 1.04830336108e-18, 2.44069488353e-19, 3.0255704486e-20], "max": [5.46103715897, 34.3509407043, 60.48412323, 104.149017334, 225.964126587, 245.478256226, 188.327178955, 587.13269043, 697.796142578, 1266.55895996, 1140.30773926, 1736.76037598, 2139.56420898, 1483.11950684, 2488.77270508, 2771.28344727, 3306.71679688, 2453.03930664, 3058.00634766, 3327.17358398, 895.283752441, 1794.55700684, 443.577331543, 626.355285645, 397.017456055, 494.977996826, 272.274383545, 187.152236938, 96.4749526978, 68.6262741089, 96.9535064697, 130.578948975, 151.718338013, 271.424316406, 93.0260696411, 41.4670333862, 13.5403318405, 3.66693019867, 0.448321312666, 0.0148659339175], "dvar2": [0.564336657524, 29.6780929565, 92.4575958252, 68.3582992554, 610.853027344, 341.66015625, 151.9765625, 474.604064941, 1006.27947998, 2480.80712891, 1147.41601563, 4364.73046875, 1049.18811035, 3473.88427734, 15619.9433594, 3692.9831543, 4945.26464844, 3914.27978516, 3318.64819336, 14554.6757813, 1596.19934082, 2421.34399414, 832.380981445, 1090.45275879, 721.256713867, 642.779968262, 1260.7064209, 389.740570068, 118.6875, 42.3197212219, 28.1846618652, 23.1364040375, 31.8872947693, 29.8348903656, 5.41634845734, 1.02139389515, 0.151313334703, 0.0155162774026, 0.00049074384151, 1.55457757955e-06], "median": [0.0829090774059, 0.627747774124, 1.97052586079, 2.50509810448, 3.4489068985, 3.90368676186, 3.91814494133, 5.08213233948, 7.08726263046, 8.56229114532, 6.91090965271, 10.0452156067, 8.91873645782, 12.3793745041, 13.7883653641, 12.2062807083, 15.5217170715, 15.0749368668, 13.057267189, 17.3457565308, 24.3197631836, 26.7325630188, 21.4085216522, 20.4791851044, 15.6991138458, 11.5202360153, 7.85239267349, 5.56926584244, 2.43482351303, 1.82624733448, 1.27896797657, 0.789787471294, 0.529659450054, 0.304588973522, 0.155098244548, 0.0640688613057, 0.0196235254407, 0.00331971910782, 0.000116398179671, 4.70020750072e-05], "dmean2": [0.384674191475, 2.54101800919, 4.95414543152, 4.85587930679, 10.1922855377, 8.51646232605, 6.95137166977, 10.0148887634, 12.6721048355, 17.5617580414, 14.5714864731, 26.2976379395, 12.8706235886, 25.8484897614, 42.2186393738, 22.0616016388, 29.0470333099, 24.4573936462, 21.749540329, 33.3671073914, 26.1784801483, 28.1076583862, 20.362154007, 22.0491085052, 17.2296180725, 15.0183429718, 15.1425762177, 9.60347747803, 5.57301473618, 3.92941713333, 3.02619147301, 2.32708954811, 1.82326638699, 1.17210304737, 0.575981974602, 0.294758558273, 0.128525704145, 0.0431671030819, 0.00523740053177, 0.000250130309723], "dmean": [0.247523933649, 1.55367827415, 2.86400127411, 2.87063765526, 5.90668487549, 5.08378696442, 4.25433301926, 6.19333267212, 8.48118209839, 11.3442926407, 9.58704853058, 17.1631641388, 8.79899501801, 17.4340362549, 27.2574005127, 14.75623703, 18.5632305145, 15.7359962463, 13.8116731644, 20.7627658844, 16.2865276337, 17.4250068665, 12.4537801743, 13.3973073959, 10.3025856018, 8.96901035309, 8.52429103851, 5.77878046036, 3.36353850365, 2.48674726486, 1.90673673153, 1.51708984375, 1.19388103485, 0.816292345524, 0.400604099035, 0.206850588322, 0.0888114869595, 0.0285996049643, 0.00327786523849, 0.000147954677232], "var": [0.380304694176, 11.7213191986, 38.9803237915, 47.0199699402, 196.854721069, 169.877593994, 150.295669556, 712.626403809, 2183.49194336, 5671.78027344, 3098.70825195, 8946.9296875, 3161.50854492, 7831.20556641, 40099.53125, 12473.9707031, 12277.7421875, 5139.90087891, 5591.56787109, 18191.8261719, 1881.37866211, 2284.87231445, 1003.06860352, 1147.63928223, 664.818237305, 594.651611328, 453.923828125, 263.805511475, 96.9430999756, 57.2670326233, 34.5027732849, 25.5430965424, 28.3466701508, 31.1966819763, 6.75480985641, 1.28115880489, 0.144816398621, 0.0113676134497, 0.000211426813621, 4.3068365585e-07], "dvar": [0.256961256266, 11.1625642776, 32.9198074341, 25.9776859283, 219.042404175, 120.214271545, 59.0080032349, 190.816360474, 468.791656494, 1106.47338867, 570.254821777, 1927.4465332, 660.032226563, 1711.49194336, 6911.93505859, 1967.13977051, 2578.44262695, 1860.24621582, 1702.39038086, 6066.02246094, 663.144470215, 925.163757324, 315.727233887, 431.852111816, 270.799682617, 235.958175659, 431.459533691, 149.406982422, 47.2723999023, 19.5584850311, 12.4826059341, 9.99454498291, 13.8819580078, 14.7170572281, 2.82047867775, 0.543829202652, 0.0755624398589, 0.00718459393829, 0.000194610198378, 5.70061388316e-07], "mean": [0.331709712744, 1.86198568344, 4.13204336166, 4.59100246429, 7.49012422562, 8.37351417542, 8.01110363007, 12.2700481415, 19.8721408844, 25.8992881775, 20.981552124, 36.7601470947, 20.0330123901, 37.6649055481, 66.6482543945, 33.5476226807, 37.7695503235, 30.967508316, 26.4688644409, 41.4101333618, 36.4294586182, 40.1746864319, 30.2456932068, 29.2522296906, 22.6889915466, 19.2717247009, 14.2508563995, 11.2063446045, 6.483979702, 5.09456586838, 3.90862250328, 3.07259297371, 2.42532014847, 1.63247001171, 0.800126314163, 0.407605439425, 0.153079852462, 0.0399195440114, 0.00348008051515, 0.000161236937856]}, "zerocrossingrate": {"min": 0.00146484375, "max": 0.52099609375, "dvar2": 0.000177101945155, "median": 0.06005859375, "dmean2": 0.011905294843, "dmean": 0.0105764372274, "var": 0.00178131239954, "dvar": 0.000168349710293, "mean": 0.0688570141792}, "spectral_contrast_coeffs": {"min": [-0.976530432701, -0.99569529295, -0.973694384098, -0.966811299324, -0.965551435947, -0.96323621273], "max": [-0.309968680143, -0.232593283057, -0.346969723701, -0.374413311481, -0.498002678156, -0.519827306271], "dvar2": [0.00469244364649, 0.00327381491661, 0.00242023053579, 0.00157124560792, 0.000978975440376, 0.000881592917722], "median": [-0.680692374706, -0.730963766575, -0.75096976757, -0.770661056042, -0.780611455441, -0.742797195911], "dmean2": [0.0809107869864, 0.0705994293094, 0.0621422939003, 0.0506525821984, 0.0380008034408, 0.0338031426072], "dmean": [0.0496010296047, 0.0433750152588, 0.0384122096002, 0.0310853738338, 0.023276142776, 0.0205181930214], "var": [0.00636885361746, 0.00967312697321, 0.00732291536406, 0.00438041891903, 0.00274148955941, 0.00238208915107], "dvar": [0.00177927152254, 0.00128507404588, 0.000975970702711, 0.000630929425824, 0.000401819328545, 0.000338077516062], "mean": [-0.679361224174, -0.713863015175, -0.734626471996, -0.757543861866, -0.771218538284, -0.742960810661]}, "dissonance": {"min": 0, "max": 0.500000178814, "dvar2": 0.00128932273947, "median": 0.475948125124, "dmean2": 0.0288054291159, "dmean": 0.0170911643654, "var": 0.00119491433725, "dvar": 0.000461515737697, "mean": 0.464624166489}, "spectral_energyband_high": {"min": 7.05192232496e-21, "max": 0.0226627606899, "dvar2": 2.08009942071e-06, "median": 0.000568675983232, "dmean2": 0.00071328447666, "dmean": 0.000470586295705, "var": 2.72492252407e-06, "dvar": 9.263407037e-07, "mean": 0.00121632753871}, "gfcc": {"mean": [6.87045717239, 78.9085540771, -123.456588745, 32.7094535828, -48.0510826111, 11.8986949921, -32.5999259949, 15.6754083633, -24.1219902039, 5.27440357208, -13.2226638794, 1.45400798321, -10.9891643524], "icov": [[0.000142945937114, -9.93646335701e-06, 4.21991717303e-05, -0.000167949081515, -5.61863707844e-05, -0.000154769077199, 0.000176986563019, -0.000176577334059, 0.000178292626515, 1.78944610525e-05, 0.00025193838519, -0.000331223709509, 0.000379346078262], [-9.93646335701e-06, 0.00125274213497, 6.74163384247e-05, -4.46658013971e-05, -0.000453601882327, 0.000159695337061, -0.000301086489344, 0.000735189649276, -0.000207790464628, 0.00109497038648, -0.00116972194519, 0.000659765792079, -0.000576016202103], [4.21991717303e-05, 6.74163384247e-05, 0.00180275714956, -5.96878526267e-05, -0.000827484764159, -0.000952463480644, 0.000360143312719, 0.000496461056173, 0.000145867801621, -0.000136807473609, 0.00136547570582, -0.0021952346433, 0.0011668629013], [-0.000167949081515, -4.46658013971e-05, -5.96878526267e-05, 0.00281664007343, -0.000690694723744, -0.000872544711456, 0.000202229071874, 0.00168083107565, -0.00261905533262, 0.00102995126508, 0.00142718164716, -0.000846407900099, -0.000820009794552], [-5.61863707844e-05, -0.000453601882327, -0.000827484764159, -0.000690694723744, 0.00507987104356, -0.000244105627644, -0.00155822769739, -0.00112120760605, -0.000416660303017, -0.000425632868428, 0.000320330640534, 3.32284762408e-05, 7.5730298704e-05], [-0.000154769077199, 0.000159695337061, -0.000952463480644, -0.000872544711456, -0.000244105627644, 0.00687411427498, -0.00298195006326, -0.00129318435211, 0.00392795680091, -0.00078573229257, -0.000477921304991, 0.00148848129902, 0.000725406047422], [0.000176986563019, -0.000301086489344, 0.000360143312719, 0.000202229071874, -0.00155822769739, -0.00298195006326, 0.00865738745779, -0.00141361309215, -0.00266001489945, 0.00258843437769, -0.000915478041861, 2.18804470933e-05, 0.000681555189658], [-0.000176577334059, 0.000735189649276, 0.000496461056173, 0.00168083107565, -0.00112120760605, -0.00129318435211, -0.00141361309215, 0.0107517251745, -0.00387540715747, -0.0022383807227, 0.00133042072412, 1.75337063411e-05, 0.000178883507033], [0.000178292626515, -0.000207790464628, 0.000145867801621, -0.00261905533262, -0.000416660303017, 0.00392795680091, -0.00266001489945, -0.00387540715747, 0.0121063683182, -0.00421108445153, 0.000690438959282, 0.00308738625608, -0.00165576953441], [1.78944610525e-05, 0.00109497038648, -0.000136807473609, 0.00102995126508, -0.000425632868428, -0.00078573229257, 0.00258843437769, -0.0022383807227, -0.00421108445153, 0.0156240193173, -0.00394931947812, -0.00230841501616, 0.0026496516075], [0.00025193838519, -0.00116972194519, 0.00136547570582, 0.00142718164716, 0.000320330640534, -0.000477921304991, -0.000915478041861, 0.00133042072412, 0.000690438959282, -0.00394931947812, 0.0112235145643, -0.0038838381879, 0.000269003008725], [-0.000331223709509, 0.000659765792079, -0.0021952346433, -0.000846407900099, 3.32284762408e-05, 0.00148848129902, 2.18804470933e-05, 1.75337063411e-05, 0.00308738625608, -0.00230841501616, -0.0038838381879, 0.0132512105629, -0.00633696420118], [0.000379346078262, -0.000576016202103, 0.0011668629013, -0.000820009794552, 7.5730298704e-05, 0.000725406047422, 0.000681555189658, 0.000178883507033, -0.00165576953441, 0.0026496516075, 0.000269003008725, -0.00633696420118, 0.0142237441614]], "cov": [[11605.3496094, -730.686035156, 1286.83239746, 982.71685791, 424.403198242, 647.38482666, -129.69708252, 87.3432235718, -286.047088623, -50.7829284668, -516.183776855, 290.399536133, -302.87387085], [-730.686035156, 1195.05749512, -274.130493164, 26.0986557007, 39.2843055725, -84.9160995483, 75.6896972656, -105.464958191, 37.3146209717, -100.006156921, 124.683982849, -59.6757469177, 87.7261657715], [1286.83239746, -274.130493164, 1169.33496094, 248.526824951, 216.662475586, 250.621841431, -14.26212883, -23.7573738098, -114.686927795, -4.21977138519, -158.600311279, 171.235061646, -73.2505874634], [982.71685791, 26.0986557007, 248.526824951, 711.730712891, 166.577697754, 75.6679229736, 32.5474472046, -38.9791145325, 93.8374557495, -62.2826690674, -148.821014404, 40.4442367554, 33.0352783203], [424.403198242, 39.2843055725, 216.662475586, 166.577697754, 306.948120117, 87.2001037598, 80.3887939453, 40.3295783997, 36.5956764221, -7.41538190842, -57.4109077454, 9.47235870361, -17.3920383453], [647.38482666, -84.9160995483, 250.621841431, 75.6679229736, 87.2001037598, 287.183624268, 69.0853805542, 22.617313385, -76.5596466064, -9.75034332275, -44.81640625, 9.61101055145, -57.5740356445], [-129.69708252, 75.6896972656, -14.26212883, 32.5474472046, 80.3887939453, 69.0853805542, 186.440994263, 43.2617912292, 47.1158981323, -17.6549415588, -1.99196338654, -35.4401779175, -10.8365631104], [87.3432235718, -105.464958191, -23.7573738098, -38.9791145325, 40.3295783997, 22.617313385, 43.2617912292, 153.423904419, 59.0868911743, 38.1514816284, -18.5045604706, -25.7462177277, -23.6185798645], [-286.047088623, 37.3146209717, -114.686927795, 93.8374557495, 36.5956764221, -76.5596466064, 47.1158981323, 59.0868911743, 189.056686401, 24.8629970551, -15.0296106339, -47.7053642273, 21.0740394592], [-50.7829284668, -100.006156921, -4.21977138519, -62.2826690674, -7.41538190842, -9.75034332275, -17.6549415588, 38.1514816284, 24.8629970551, 102.625404358, 32.9504966736, 14.4896202087, -15.4280366898], [-516.183776855, 124.683982849, -158.600311279, -148.821014404, -57.4109077454, -44.81640625, -1.99196338654, -18.5045604706, -15.0296106339, 32.9504966736, 173.287567139, 22.2644672394, 24.92096138], [290.399536133, -59.6757469177, 171.235061646, 40.4442367554, 9.47235870361, 9.61101055145, -35.4401779175, -25.7462177277, -47.7053642273, 14.4896202087, 22.2644672394, 154.899841309, 39.9413452148], [-302.87387085, 87.7261657715, -73.2505874634, 33.0352783203, -17.3920383453, -57.5740356445, -10.8365631104, -23.6185798645, 21.0740394592, -15.4280366898, 24.92096138, 39.9413452148, 116.344642639]]}, "spectral_flux": {"min": 6.30642552069e-11, "max": 0.399798095226, "dvar2": 0.00298111815937, "median": 0.0825460925698, "dmean2": 0.0466412827373, "dmean": 0.0297652576119, "var": 0.00292742461897, "dvar": 0.00134838651866, "mean": 0.0899221003056}, "silence_rate_30dB": {"min": 0, "max": 1, "dvar2": 0.0236514341086, "median": 1, "dmean2": 0.0165631473064, "dmean": 0.00828126166016, "var": 0.00460958667099, "dvar": 0.00820765271783, "mean": 0.995370209217}, "spectral_energyband_middle_high": {"min": 1.18288958151e-21, "max": 0.0720998421311, "dvar2": 1.80094666575e-05, "median": 0.00552799319848, "dmean2": 0.00294378492981, "dmean": 0.00192573817912, "var": 6.31946750218e-05, "dvar": 8.05659783509e-06, "mean": 0.00767503399402}, "barkbands_spread": {"min": 0.2794662714, "max": 119.714538574, "dvar2": 93.8071517944, "median": 24.8424396515, "dmean2": 8.71914577484, "dmean": 5.66498184204, "var": 239.519561768, "dvar": 42.1922225952, "mean": 26.6784667969}, "spectral_centroid": {"min": 162.589874268, "max": 11491.0654297, "dvar2": 151684.734375, "median": 1664.74951172, "dmean2": 365.842651367, "dmean": 230.924285889, "var": 493649.9375, "dvar": 61584.3828125, "mean": 1676.51586914}, "pitch_salience": {"min": 0.0440905094147, "max": 0.991673827171, "dvar2": 0.0125624518842, "median": 0.522987186909, "dmean2": 0.120084449649, "dmean": 0.0759695321321, "var": 0.0170192644, "dvar": 0.0052912030369, "mean": 0.512471854687}, "erbbands_skewness": {"min": -2.52602577209, "max": 5.38154745102, "dvar2": 0.189503520727, "median": -0.110181719065, "dmean2": 0.454382479191, "dmean": 0.293199270964, "var": 0.605058252811, "dvar": 0.0827379003167, "mean": 0.0451010875404}, "erbbands_crest": {"min": 2.1282646656, "max": 34.3249053955, "dvar2": 13.6500263214, "median": 7.37434530258, "dmean2": 3.69472765923, "dmean": 2.30646038055, "var": 40.6840400696, "dvar": 5.74901008606, "mean": 9.88628292084}, "melbands": {"min": [2.2804182e-24, 1.39301466404e-24, 1.78894622035e-24, 2.08440519771e-24, 2.21525730315e-24, 2.75846593641e-24, 3.54032096793e-24, 3.41880917283e-24, 2.31721126426e-24, 3.39655185682e-24, 2.4760610293e-24, 4.21094108979e-24, 1.72740619506e-24, 2.01621961094e-24, 2.80582914516e-24, 3.39346938283e-24, 4.11852248487e-24, 3.52820406443e-24, 3.66222167146e-24, 4.8516369565e-24, 5.01791700241e-24, 3.61567887806e-24, 5.33327401003e-24, 4.76167762545e-24, 4.97856349286e-24, 5.62020678152e-24, 5.11426768451e-24, 4.77136602066e-24, 4.05744335156e-24, 5.3062006982e-24, 4.77912210108e-24, 5.3341725226e-24, 4.31202296517e-24, 6.53115613917e-24, 6.11771374431e-24, 5.17032690145e-24, 6.33178850588e-24, 7.31953268379e-24, 7.16140709306e-24, 6.10624725662e-24], "max": [0.0439967215061, 0.0326686799526, 0.0149838104844, 0.0146254021674, 0.007186840754, 0.0112643530592, 0.00948052387685, 0.0126523263752, 0.0078927539289, 0.0114134456962, 0.0110149048269, 0.00600575935096, 0.00775160128251, 0.00557572767138, 0.00463618617505, 0.00727295409888, 0.00521802064031, 0.00598443532363, 0.00382677232847, 0.00399612076581, 0.000919120910112, 0.0022121174261, 0.000589572009631, 0.000469672086183, 0.000619024795014, 0.000457715184893, 0.000348941073753, 0.000431757653132, 0.000147819009726, 0.000274404883385, 9.91347187664e-05, 6.25660686637e-05, 6.14877862972e-05, 4.01603174396e-05, 5.08021039423e-05, 0.000118442534585, 7.26176440367e-05, 0.000169942941284, 0.000202968396479, 0.000313830532832], "dvar2": [4.20585129177e-05, 3.10387222271e-05, 2.56441126112e-06, 3.16190926242e-06, 1.93450162556e-07, 2.14025291712e-07, 2.12760568274e-07, 2.99058257269e-07, 8.59640252315e-08, 1.49577743969e-07, 2.86453545328e-08, 6.17819324589e-08, 1.79538290013e-07, 5.05118080696e-08, 1.98796445972e-08, 2.00989873633e-08, 1.85718622703e-08, 1.0626170166e-08, 1.71877694299e-08, 1.84992998697e-08, 2.3557371609e-09, 3.74641828671e-09, 1.97731808704e-09, 6.7987115937e-10, 9.57889545461e-10, 5.74170710976e-10, 3.59005797312e-10, 3.275490712e-10, 3.86732618152e-10, 9.12862396785e-10, 8.26992363478e-11, 4.98956605199e-11, 2.13998367637e-11, 1.45662700651e-11, 1.57368770792e-11, 7.92993969101e-12, 1.13412612635e-11, 2.59465938318e-11, 1.75836706306e-11, 3.15253587124e-11], "median": [0.000774737389293, 0.00112929672468, 0.000509715406224, 0.000297043618048, 0.000156044232426, 0.000109118009277, 0.000105008512037, 8.97962381714e-05, 5.42924681213e-05, 5.81757885811e-05, 3.80276287615e-05, 4.35426227341e-05, 3.88651351386e-05, 3.07820737362e-05, 3.12757256324e-05, 2.81786014966e-05, 2.41867819568e-05, 1.8613289285e-05, 1.60540203069e-05, 2.90139141725e-05, 2.51118071901e-05, 2.61024397332e-05, 2.37771819229e-05, 1.61225980264e-05, 1.55680536409e-05, 1.14990561997e-05, 8.71326301422e-06, 6.77664911564e-06, 4.62446041638e-06, 4.17988394474e-06, 2.77358549283e-06, 1.33069136155e-06, 1.10511496132e-06, 8.98856853837e-07, 8.10978519894e-07, 4.82269115309e-07, 4.56460696796e-07, 3.85741913078e-07, 2.85171040559e-07, 2.35779751279e-07], "dmean2": [0.00316888839006, 0.00276662432589, 0.000954962102696, 0.000731865002308, 0.0002484334982, 0.000220275935135, 0.000190318503883, 0.000197019064217, 0.000128693805891, 0.000155596731929, 6.50502406643e-05, 0.000107556639705, 0.000139141615364, 7.86648961366e-05, 6.32982264506e-05, 5.49071373825e-05, 5.06692704221e-05, 3.58930046787e-05, 3.62485006917e-05, 5.04936615471e-05, 3.08680282615e-05, 3.20633516822e-05, 2.9297587389e-05, 1.8065184122e-05, 2.02231749427e-05, 1.50260348164e-05, 1.16807905215e-05, 1.05327872006e-05, 9.56630356086e-06, 1.06778470581e-05, 5.19970035384e-06, 3.55440693056e-06, 2.63376796283e-06, 2.28966632676e-06, 2.17605702346e-06, 1.34024446652e-06, 1.58214584189e-06, 1.60388026416e-06, 9.83161726253e-07, 1.0970790072e-06], "dmean": [0.00206041685306, 0.00160426762886, 0.000562069297303, 0.000428122206358, 0.000152263542986, 0.000137034716317, 0.000127543375129, 0.000126304556034, 8.52106022649e-05, 0.000101974561403, 4.44746801804e-05, 7.17998700566e-05, 9.08896836336e-05, 5.41155168321e-05, 4.12335684814e-05, 3.52662900696e-05, 3.24056018144e-05, 2.28942972171e-05, 2.31792564591e-05, 3.1595096516e-05, 1.89501770365e-05, 1.98422276299e-05, 1.77112688107e-05, 1.09731645352e-05, 1.22401525005e-05, 9.01276416698e-06, 7.01524731994e-06, 6.24435597274e-06, 5.43653959539e-06, 5.99163467996e-06, 3.1719114304e-06, 2.10500752473e-06, 1.65638891758e-06, 1.42467786191e-06, 1.33668731905e-06, 8.67155904416e-07, 1.01103046291e-06, 1.01275554698e-06, 6.75304249853e-07, 7.46728005652e-07], "var": [2.55275390373e-05, 1.12335546874e-05, 1.46792660871e-06, 1.09872075882e-06, 1.88196935369e-07, 3.29642944052e-07, 4.79559389532e-07, 6.94232653586e-07, 2.12378992615e-07, 3.18976901781e-07, 8.23896471047e-08, 1.34470781177e-07, 4.89583669605e-07, 1.20454515695e-07, 5.62714390639e-08, 4.21850039345e-08, 2.35457466857e-08, 1.65903148996e-08, 2.05758308169e-08, 2.39487860654e-08, 2.297609214e-09, 2.93847879362e-09, 1.85230220051e-09, 7.1289679715e-10, 9.42589561959e-10, 5.44631728605e-10, 3.30956678729e-10, 2.72490863207e-10, 1.68078051477e-10, 2.62599275658e-10, 7.38662048194e-11, 3.1896610353e-11, 2.78435555862e-11, 1.56529633005e-11, 1.51030715712e-11, 7.3091740993e-12, 1.10200156292e-11, 1.61748687361e-11, 1.86766730553e-11, 2.60120310708e-11], "dvar": [1.82994463103e-05, 1.09835254989e-05, 9.43017141708e-07, 1.11829717753e-06, 7.32559684025e-08, 8.62268265678e-08, 9.69414415408e-08, 1.3019933931e-07, 4.23341504074e-08, 6.79132341475e-08, 1.80479275969e-08, 2.99841964591e-08, 7.97123291818e-08, 2.93582722577e-08, 1.06851887338e-08, 1.05046904508e-08, 8.73330385787e-09, 5.79104098009e-09, 7.60306662073e-09, 8.48293968403e-09, 9.52098511142e-10, 1.44429501692e-09, 7.24554249931e-10, 2.59126609059e-10, 3.83606646448e-10, 2.29808630459e-10, 1.36601119305e-10, 1.20785964564e-10, 1.36171837695e-10, 3.11565190314e-10, 3.36647376642e-11, 1.90829713143e-11, 9.42629394679e-12, 6.35259726767e-12, 6.43680464832e-12, 3.42700889368e-12, 4.66221852791e-12, 1.00240692483e-11, 9.08781643688e-12, 1.41932516087e-11], "mean": [0.00275703612715, 0.00225802627392, 0.000896988552995, 0.000619756698143, 0.000298391154502, 0.000271209748462, 0.000301416643197, 0.00028124009259, 0.000180362607352, 0.000214902989683, 9.38807570492e-05, 0.00014539406402, 0.000220735935727, 0.00010778826254, 8.45960748848e-05, 6.6073727794e-05, 5.85934503761e-05, 4.02895529987e-05, 4.27061713708e-05, 5.93106742599e-05, 3.91041648982e-05, 4.15523318225e-05, 3.60462763638e-05, 2.34792623814e-05, 2.38018601522e-05, 1.76076082425e-05, 1.43796742123e-05, 1.21819757624e-05, 8.65098900249e-06, 8.71704924066e-06, 5.894080914e-06, 3.58652027899e-06, 3.3913581774e-06, 2.61034097093e-06, 2.4846060569e-06, 1.67039388543e-06, 1.92115749087e-06, 1.85428405075e-06, 1.36656706218e-06, 1.35268828672e-06]}, "spectral_entropy": {"min": 5.19772005081, "max": 9.81665325165, "dvar2": 0.042774412781, "median": 7.7597694397, "dmean2": 0.184114590287, "dmean": 0.129130795598, "var": 0.363262236118, "dvar": 0.0224699024111, "mean": 7.57347345352}, "spectral_rolloff": {"min": 43.06640625, "max": 19379.8828125, "dvar2": 1434929.5, "median": 1378.125, "dmean2": 849.48638916, "dmean": 519.390991211, "var": 2658739, "dvar": 688787.375, "mean": 1760.84265137}, "barkbands": {"min": [2.12711333826e-24, 3.518979125e-24, 1.48787282131e-24, 3.33282293973e-24, 1.16229117056e-23, 9.93640518746e-24, 1.65910496127e-23, 1.36712040344e-23, 2.67902716994e-23, 2.68222079443e-23, 1.09579508719e-23, 1.62153372517e-23, 2.82329752327e-23, 4.15368114767e-23, 5.77683787526e-23, 8.06592668213e-23, 5.78295375609e-23, 8.70928124675e-23, 1.71996617965e-22, 2.12839897643e-22, 2.66354050508e-22, 3.00473508971e-22, 4.45518649933e-22, 6.16973894746e-22, 8.62970916279e-22, 1.43305173813e-21, 2.05243401891e-21], "max": [0.0118820052594, 0.152593940496, 0.058727953583, 0.0379880145192, 0.0592745132744, 0.0452059097588, 0.0399797819555, 0.0504883415997, 0.0706643164158, 0.060829821974, 0.0544709153473, 0.054100304842, 0.0621924698353, 0.0559231191874, 0.0493239685893, 0.0380528606474, 0.0273882374167, 0.00738088274375, 0.0108017856255, 0.00733239529654, 0.00662707677111, 0.00231879390776, 0.00295641692355, 0.00706724124029, 0.0176396667957, 0.00670600775629, 0.00236486596987], "dvar2": [1.82026576567e-06, 0.000549920718186, 5.52612546016e-05, 1.01006853583e-05, 4.73688887723e-05, 4.99276302435e-06, 5.27419888385e-06, 5.18356409884e-06, 5.87505974181e-06, 2.41848192672e-06, 9.00668783288e-06, 3.8808680074e-06, 2.10713460547e-06, 1.43937268149e-06, 4.04671163778e-06, 2.88658975478e-06, 8.50668413932e-07, 2.57764526168e-07, 3.94872103016e-07, 3.08087123813e-07, 5.46736202978e-07, 6.57872618604e-08, 3.33214735804e-08, 7.11556893407e-08, 1.29237463398e-07, 4.39153602372e-08, 1.31457635888e-08], "median": [0.000139847616083, 0.00289868074469, 0.00159261538647, 0.000649495632388, 0.00124149536714, 0.000551287143026, 0.00049192563165, 0.000303381180856, 0.00036367418943, 0.000342864979757, 0.000254810176557, 0.000206135533517, 0.000292267621262, 0.000232104706811, 0.000243607821176, 0.000411295244703, 0.000496368040331, 0.000362048362149, 0.000352597155143, 0.00022260202968, 0.000176948262379, 6.93255715305e-05, 4.35838228441e-05, 3.47092027368e-05, 2.5096027457e-05, 1.21711154861e-05, 8.99958138234e-07], "dmean2": [0.000814449158497, 0.0111765470356, 0.00404332112521, 0.00183807872236, 0.00291682477109, 0.00110465113539, 0.000952208472881, 0.000855935795698, 0.000971609901171, 0.000682287150994, 0.000997927505523, 0.000603535678238, 0.000616557372268, 0.000464143871795, 0.000590141688008, 0.000637473654933, 0.000562978617381, 0.000368842534954, 0.00039941718569, 0.000319445709465, 0.000318153295666, 0.000142458389746, 0.000105418403109, 0.000106414008769, 8.70266594575e-05, 6.83031248627e-05, 3.2378036849e-05], "dmean": [0.000468878250103, 0.00718963565305, 0.00238943682052, 0.00108011288103, 0.00171650049742, 0.000682544079609, 0.000637893215753, 0.000549435964786, 0.00062274991069, 0.000446712481789, 0.000647494685836, 0.000397845695261, 0.000390485947719, 0.000300397368846, 0.000361325044651, 0.000393345166231, 0.000345373671735, 0.000225797484745, 0.00024037034018, 0.000188809921383, 0.000184163582162, 8.81859523361e-05, 6.65682528052e-05, 6.9941052061e-05, 6.16330580669e-05, 4.77484463772e-05, 2.05505639315e-05], "var": [7.33877641323e-07, 0.000286384311039, 2.96109155897e-05, 6.85330860506e-06, 1.75311815838e-05, 7.2122338679e-06, 1.13521891763e-05, 1.13422402137e-05, 1.2204520317e-05, 5.67089364267e-06, 2.2294030714e-05, 7.21805963622e-06, 5.3286585171e-06, 2.26255747293e-06, 3.62488094652e-06, 2.20031483877e-06, 8.18358444121e-07, 2.89696799882e-07, 3.79442241183e-07, 2.5903281653e-07, 2.41359941811e-07, 7.29511384634e-08, 4.04713240698e-08, 7.2452472466e-08, 1.74983881607e-07, 4.82460116302e-08, 6.07016170662e-09], "dvar": [6.53189601962e-07, 0.000225393639994, 2.02518622245e-05, 3.85259318136e-06, 1.68282203958e-05, 1.96870360014e-06, 2.47501748163e-06, 2.42401461037e-06, 2.53089820035e-06, 1.16256740057e-06, 4.01297029384e-06, 2.12431905311e-06, 1.10574239898e-06, 7.4434075259e-07, 1.69398106209e-06, 1.26958866531e-06, 3.26567743514e-07, 9.88461721363e-08, 1.53608809228e-07, 1.12190576829e-07, 1.93687398564e-07, 2.78803877762e-08, 1.48472860673e-08, 3.11109396023e-08, 7.01544138337e-08, 2.29121912554e-08, 5.30452304304e-09], "mean": [0.000508154800627, 0.00932000949979, 0.00358717818744, 0.00152029981837, 0.00255797081627, 0.00135755236261, 0.00146534550004, 0.00111185375135, 0.00135485595092, 0.000950092973653, 0.00148198800161, 0.000722992699593, 0.000756348541472, 0.000554498576093, 0.000605892797466, 0.000723800621927, 0.000750759907532, 0.000506218173541, 0.000513234175742, 0.000388500804547, 0.000331235321937, 0.000181800627615, 0.000134691712447, 0.000146234277054, 0.000127926527057, 8.7770371465e-05, 2.27450709644e-05]}, "melbands_flatness_db": {"min": 0.00353993964382, "max": 0.555544257164, "dvar2": 0.00176681857556, "median": 0.18549542129, "dmean2": 0.0399560108781, "dmean": 0.0260589383543, "var": 0.00518761109561, "dvar": 0.000788747507613, "mean": 0.192119151354}, "melbands_skewness": {"min": -2.66766810417, "max": 20.0308113098, "dvar2": 2.0601348877, "median": 2.21488118172, "dmean2": 1.2110645771, "dmean": 0.785494089127, "var": 3.70931100845, "dvar": 0.863158047199, "mean": 2.54788947105}, "barkbands_skewness": {"min": -3.88282227516, "max": 21.7894611359, "dvar2": 0.941595077515, "median": 1.08508849144, "dmean2": 0.834221661091, "dmean": 0.545044362545, "var": 1.81700527668, "dvar": 0.412380158901, "mean": 1.31697595119}, "silence_rate_60dB": {"min": 0, "max": 1, "dvar2": 0.0222008489072, "median": 0, "dmean2": 0.0195746291429, "dmean": 0.0097869457677, "var": 0.0748424902558, "dvar": 0.00969045329839, "mean": 0.0814920738339}, "spectral_energyband_low": {"min": 2.21185948202e-23, "max": 0.182274475694, "dvar2": 0.000737628142815, "median": 0.0069522568956, "dmean2": 0.0137856248766, "dmean": 0.00876489374787, "var": 0.000406851002481, "dvar": 0.000293681077892, "mean": 0.0141047416255}, "spectral_energyband_middle_low": {"min": 1.9133984077e-22, "max": 0.0742108896375, "dvar2": 9.77987874649e-05, "median": 0.00738491956145, "dmean2": 0.00597972888499, "dmean": 0.00366788404062, "var": 7.45310244383e-05, "dvar": 3.64243751392e-05, "mean": 0.00958291720599}, "melbands_kurtosis": {"min": -1.85160779953, "max": 746.493347168, "dvar2": 659.136474609, "median": 5.61741161346, "dmean2": 11.9367713928, "dmean": 7.48124694824, "var": 601.537963867, "dvar": 265.9581604, "mean": 12.7947616577}, "spectral_decrease": {"min": -4.96078662593e-08, "max": 1.4369482482e-28, "dvar2": 5.39162345137e-17, "median": -6.66384458725e-09, "dmean2": 4.62184823746e-09, "dmean": 2.90496271482e-09, "var": 3.54823458181e-17, "dvar": 2.12751763447e-17, "mean": -7.77901032478e-09}, "erbbands_kurtosis": {"min": -1.90966320038, "max": 59.4885177612, "dvar2": 4.54549264908, "median": -0.15678833425, "dmean2": 1.30531704426, "dmean": 0.828012168407, "var": 7.87753391266, "dvar": 1.94946920872, "mean": 0.608590483665}, "melbands_crest": {"min": 1.46672046185, "max": 35.3921737671, "dvar2": 25.9899425507, "median": 15.1721935272, "dmean2": 5.78479719162, "dmean": 3.73828339577, "var": 39.526927948, "dvar": 11.3207235336, "mean": 16.072057724}, "melbands_spread": {"min": 0.208110749722, "max": 242.075317383, "dvar2": 184.415985107, "median": 23.8761177063, "dmean2": 11.723991394, "dmean": 7.50837182999, "var": 364.509765625, "dvar": 81.8759689331, "mean": 27.6668071747}, "spectral_energy": {"min": 1.02238118151e-20, "max": 0.189477235079, "dvar2": 0.000791488680989, "median": 0.0279174018651, "dmean2": 0.0179722625762, "dmean": 0.0113188978285, "var": 0.000545243034139, "dvar": 0.000312643212965, "mean": 0.0317701809108}, "mfcc": {"mean": [-635.85925293, 110.574432373, -12.2510643005, 26.0957775116, 6.73387002945, 1.17121982574, 5.65453910828, 4.83469247818, 1.52811944485, 2.68992519379, 0.436254769564, 4.09432411194, 0.648675382137], "icov": [[0.0001683258306, 8.74484539963e-05, -2.21460868488e-05, -7.77368550189e-05, -0.000165735036717, -0.00020088745805, -3.15012357532e-06, -0.000283337489236, 0.000103998441773, 0.000125481077703, -1.14856902655e-05, 2.98960640066e-05, 9.21207247302e-05], [8.74484539963e-05, 0.00112823606469, 0.000257850711932, -0.000206918775802, -7.2659982834e-05, -2.90766020044e-05, -0.000442314136308, -0.000421428587288, 0.000754637410864, 4.64341501356e-05, 0.000159241186338, 0.000406521605328, -0.000179757465958], [-2.21460868488e-05, 0.000257850711932, 0.00228974944912, 0.000375332048861, -0.000877684331499, -0.00146211287938, 0.000134817455546, -0.000357862736564, 0.000197893707082, 0.000782373826951, 0.000445647834567, 0.000442045973614, -8.10427300166e-05], [-7.77368550189e-05, -0.000206918775802, 0.000375332048861, 0.00436371052638, -0.00152410939336, -0.00200340501033, 0.00319695589133, -0.00114960875362, -0.00168787583243, 0.000716632814147, 0.000457270012703, -0.000924520543776, 2.28122989938e-05], [-0.000165735036717, -7.2659982834e-05, -0.000877684331499, -0.00152410939336, 0.00715864403173, -0.000412386842072, -0.0013313437812, 0.000205964257475, -0.00116913462989, -0.00010045687668, -0.000484364834847, -0.000364818988601, 0.0002927169553], [-0.00020088745805, -2.90766020044e-05, -0.00146211287938, -0.00200340501033, -0.000412386842072, 0.00808677077293, -0.00318866199814, -0.00121337745804, -0.000216917294892, -3.19733990182e-05, 0.000942539249081, -0.000252573139733, 0.000689728651196], [-3.15012357532e-06, -0.000442314136308, 0.000134817455546, 0.00319695589133, -0.0013313437812, -0.00318866199814, 0.0103744287044, -0.00453533465043, 0.00220125797205, -0.00119568186346, -0.000797811546363, 0.00104357441887, -0.00216029025614], [-0.000283337489236, -0.000421428587288, -0.000357862736564, -0.00114960875362, 0.000205964257475, -0.00121337745804, -0.00453533465043, 0.0136871570721, -0.00490769650787, 0.000368298147805, 0.00030669599073, -0.00129589240532, 0.000737119233236], [0.000103998441773, 0.000754637410864, 0.000197893707082, -0.00168787583243, -0.00116913462989, -0.000216917294892, 0.00220125797205, -0.00490769650787, 0.0118445064873, -0.00509110838175, 0.00046368376934, 0.000536003557499, -0.000486561795697], [0.000125481077703, 4.64341501356e-05, 0.000782373826951, 0.000716632814147, -0.00010045687668, -3.19733990182e-05, -0.00119568186346, 0.000368298147805, -0.00509110838175, 0.0123217357323, -0.00653109420091, 0.00314600160345, 0.000520945526659], [-1.14856902655e-05, 0.000159241186338, 0.000445647834567, 0.000457270012703, -0.000484364834847, 0.000942539249081, -0.000797811546363, 0.00030669599073, 0.00046368376934, -0.00653109420091, 0.0156453885138, -0.00767957512289, 0.00145281048026], [2.98960640066e-05, 0.000406521605328, 0.000442045973614, -0.000924520543776, -0.000364818988601, -0.000252573139733, 0.00104357441887, -0.00129589240532, 0.000536003557499, 0.00314600160345, -0.00767957512289, 0.0160898733884, -0.00599217554554], [9.21207247302e-05, -0.000179757465958, -8.10427300166e-05, 2.28122989938e-05, 0.0002927169553, 0.000689728651196, -0.00216029025614, 0.000737119233236, -0.000486561795697, 0.000520945526659, 0.00145281048026, -0.00599217554554, 0.0140580749139]], "cov": [[8754.31835938, -593.838195801, 795.546203613, 685.274780273, 518.890197754, 697.980957031, 136.289367676, 421.984039307, 196.353622437, -148.227722168, -117.861534119, -0.820320308208, -83.59765625], [-593.838195801, 1057.07116699, -119.943641663, -69.2097015381, -39.9462089539, -24.1350669861, 76.6689147949, -2.47911167145, -97.9851150513, -26.6743087769, -26.2180023193, -29.9648799896, 18.2904567719], [795.546203613, -119.943641663, 690.170227051, 96.353225708, 139.464035034, 220.637786865, 61.356338501, 83.6244049072, 14.2991733551, -77.2461547852, -73.1073532104, -27.3604602814, -12.3593196869], [685.274780273, -69.2097015381, 96.353225708, 503.110321045, 144.750961304, 151.3853302, -92.6681060791, 88.9521179199, 131.563827515, -16.4474029541, -23.1567554474, 27.5022258759, -15.7033481598], [518.890197754, -39.9462089539, 139.464035034, 144.750961304, 218.894622803, 107.413574219, 25.4738922119, 63.2762794495, 61.7839241028, 2.19990372658, -3.41501903534, 7.98929452896, -6.75782251358], [697.980957031, -24.1350669861, 220.637786865, 151.3853302, 107.413574219, 273.194335938, 73.6709518433, 97.8876190186, 48.5167427063, -19.4338989258, -32.4137001038, -5.13852882385, -9.74919223785], [136.289367676, 76.6689147949, 61.356338501, -92.6681060791, 25.4738922119, 73.6709518433, 189.588516235, 58.1320419312, -21.5604152679, 12.0686426163, 5.49265193939, -7.56664466858, 17.5458965302], [421.984039307, -2.47911167145, 83.6244049072, 88.9521179199, 63.2762794495, 97.8876190186, 58.1320419312, 143.98588562, 70.4272689819, 14.2710514069, -1.29690015316, 6.19934892654, -2.51081800461], [196.353622437, -97.9851150513, 14.2991733551, 131.563827515, 61.7839241028, 48.5167427063, -21.5604152679, 70.4272689819, 175.71925354, 68.6927566528, 20.4003162384, 5.37897396088, -9.62264060974], [-148.227722168, -26.6743087769, -77.2461547852, -16.4474029541, 2.19990372658, -19.4338989258, 12.0686426163, 14.2710514069, 68.6927566528, 153.799484253, 66.6338195801, -1.53494024277, -8.63663387299], [-117.861534119, -26.2180023193, -73.1073532104, -23.1567554474, -3.41501903534, -32.4137001038, 5.49265193939, -1.29690015316, 20.4003162384, 66.6338195801, 118.187637329, 46.3437385559, 8.4033575058], [-0.820320308208, -29.9648799896, -27.3604602814, 27.5022258759, 7.98929452896, -5.13852882385, -7.56664466858, 6.19934892654, 5.37897396088, -1.53494024277, 46.3437385559, 102.395568848, 37.1170692444], [-83.59765625, 18.2904567719, -12.3593196869, -15.7033481598, -6.75782251358, -9.74919223785, 17.5458965302, -2.51081800461, -9.62264060974, -8.63663387299, 8.4033575058, 37.1170692444, 90.255859375]]}, "spectral_contrast_valleys": {"min": [-28.1286735535, -27.9373645782, -27.8948535919, -27.635925293, -27.4567718506, -27.3406887054], "max": [-5.01472854614, -4.7837600708, -5.48300552368, -5.73853302002, -5.33946561813, -7.48977565765], "dvar2": [0.276366859674, 0.270616143942, 0.179291009903, 0.14698895812, 0.189383476973, 0.26431825757], "median": [-6.81149625778, -6.73869466782, -7.14479589462, -7.29301548004, -6.92509937286, -10.0184230804], "dmean2": [0.63563144207, 0.584512770176, 0.486980378628, 0.415925085545, 0.388805598021, 0.431070834398], "dmean": [0.382966786623, 0.351503878832, 0.29936209321, 0.265117913485, 0.253430664539, 0.303482145071], "var": [2.51576352119, 1.55314910412, 1.65936994553, 1.663397789, 1.9438046217, 2.30391955376], "dvar": [0.108802817762, 0.105291187763, 0.0754252150655, 0.0675799250603, 0.0875660330057, 0.140717923641], "mean": [-7.33168029785, -7.02198219299, -7.47218179703, -7.66880750656, -7.40130615234, -10.2876968384]}, "barkbands_flatness_db": {"min": 0.0118214469403, "max": 0.47813257575, "dvar2": 0.00111968326382, "median": 0.115011692047, "dmean2": 0.0324714072049, "dmean": 0.0211793743074, "var": 0.00501482142136, "dvar": 0.000498416717164, "mean": 0.128483042121}, "dynamic_complexity": 2.8972966671, "spectral_skewness": {"min": -0.119586959481, "max": 4.21002483368, "dvar2": 0.105756193399, "median": 1.393247962, "dmean2": 0.324268966913, "dmean": 0.195417702198, "var": 0.267602235079, "dvar": 0.0395463146269, "mean": 1.52463161945}, "erbbands_flatness_db": {"min": 0.0256210807711, "max": 0.495327472687, "dvar2": 0.000520203087945, "median": 0.136532887816, "dmean2": 0.022807970643, "dmean": 0.0157649479806, "var": 0.005362929