{"lowlevel": {"spectral_complexity": {"min": 0, "max": 57, "dvar2": 33.9996147156, "median": 15, "dmean2": 5.02289819717, "dmean": 3.43789505959, "var": 100.073753357, "dvar": 18.4955062866, "mean": 15.7475233078}, "silence_rate_20dB": {"min": 1, "max": 1, "dvar2": 0, "median": 1, "dmean2": 0, "dmean": 0, "var": 0, "dvar": 0, "mean": 1}, "average_loudness": 0.914654791355, "erbbands_spread": {"min": 0.830021739006, "max": 144.133209229, "dvar2": 164.864303589, "median": 35.2262954712, "dmean2": 12.277431488, "dmean": 8.10206222534, "var": 300.861297607, "dvar": 76.8612213135, "mean": 36.7010154724}, "spectral_kurtosis": {"min": -1.46853590012, "max": 47.355922699, "dvar2": 13.3352994919, "median": 3.20299363136, "dmean2": 3.20265936852, "dmean": 1.90283644199, "var": 13.8414087296, "dvar": 5.37756061554, "mean": 4.02490758896}, "barkbands_kurtosis": {"min": -1.84645080566, "max": 320.167053223, "dvar2": 115.543136597, "median": 0.995546102524, "dmean2": 4.61304473877, "dmean": 2.88556456566, "var": 127.03817749, "dvar": 49.9646759033, "mean": 3.6988530159}, "spectral_strongpeak": {"min": 0, "max": 13.5286836624, "dvar2": 2.86842060089, "median": 0.601049661636, "dmean2": 1.09342288971, "dmean": 0.671967566013, "var": 3.02850389481, "dvar": 1.26168251038, "mean": 1.26153051853}, "spectral_spread": {"min": 1468118.875, "max": 43609676, "dvar2": 1414154682370.0, "median": 3598846.75, "dmean2": 666113.375, "dmean": 447383.25, "var": 28427505631200.0, "dvar": 770482307072, "mean": 4527969}, "spectral_rms": {"min": 3.06981436798e-12, "max": 0.0102680055425, "dvar2": 1.62587957675e-06, "median": 0.00370012689382, "dmean2": 0.000949243141804, "dmean": 0.000657114898786, "var": 3.18039383274e-06, "dvar": 7.2299127396e-07, "mean": 0.00365120149218}, "erbbands": {"min": [3.36891632381e-23, 4.44907301664e-22, 5.89773415376e-22, 1.85489254498e-21, 1.18552672458e-20, 1.57613643479e-20, 4.10552873218e-20, 6.15743554462e-20, 1.31140438832e-19, 1.7478548648e-19, 2.29967584023e-19, 3.34798276853e-19, 6.98626715797e-19, 6.73121894079e-19, 5.73226910416e-19, 1.12124776641e-18, 1.60150097184e-18, 1.47228481361e-18, 2.63768045008e-18, 3.53030511116e-18, 3.84171958663e-18, 3.45424523345e-18, 5.27986820733e-18, 6.41113033922e-18, 7.10230591546e-18, 7.20849439941e-18, 7.45968433603e-18, 1.00234214568e-17, 1.11827498269e-17, 1.13328971701e-17, 9.94012685065e-18, 1.13443726468e-17, 1.01486673549e-17, 8.07042569668e-18, 6.28149252567e-18, 4.20950187136e-18, 2.38850759339e-18, 9.56052146664e-19, 2.56104190784e-19, 2.5906784644e-20], "max": [0.210168763995, 2.96652126312, 16.7599582672, 34.2873649597, 236.224411011, 290.016296387, 261.253082275, 380.996307373, 449.19342041, 503.684356689, 337.959655762, 973.463623047, 2204.07641602, 2022.69299316, 954.385070801, 1051.13183594, 614.602905273, 1298.14123535, 834.789367676, 1286.80786133, 921.356689453, 925.530944824, 500.203186035, 902.21697998, 387.158203125, 347.124633789, 515.281555176, 211.408004761, 72.7898101807, 68.0816802979, 49.7957763672, 54.4156417847, 51.1254844666, 53.1988220215, 8.62880897522, 1.54171705246, 0.167609423399, 0.00469839107245, 0.000232992853853, 0.000120929718832], "dvar2": [0.000346887420164, 0.0992991179228, 1.52675819397, 13.7765016556, 932.95135498, 1827.29272461, 589.225402832, 760.944274902, 772.734680176, 1013.16644287, 577.744506836, 2982.67529297, 18895.3320312, 7820.83886719, 2101.63012695, 2368.66723633, 1439.76977539, 4049.85107422, 3347.26269531, 5610.94042969, 4565.73339844, 2427.38452148, 1428.03283691, 967.893127441, 586.391601562, 300.658538818, 979.592773438, 270.648895264, 25.3639545441, 11.2503099442, 3.49558520317, 3.66499400139, 6.492208004, 4.05466127396, 0.238347038627, 0.0041640335694, 2.62369576376e-05, 2.52783376453e-08, 1.76630376991e-10, 2.86269979943e-10], "median": [0.00237905350514, 0.0567670240998, 0.281630933285, 0.537763416767, 1.92568147182, 4.8034620285, 5.63711071014, 7.08094501495, 6.48766326904, 5.96887159348, 5.64076328278, 7.59871912003, 8.3012676239, 5.80169820786, 5.32397270203, 5.06216192245, 6.32299470901, 6.1002073288, 5.90281581879, 7.2427611351, 8.3844127655, 6.97932910919, 8.36171722412, 6.71693325043, 4.07692241669, 5.06887817383, 5.95576763153, 3.88352441788, 1.27715110779, 0.44839578867, 0.262616276741, 0.230638876557, 0.176586657763, 0.0821443796158, 0.0187137871981, 0.00158666819334, 0.000215619147639, 3.74064911739e-05, 1.03954380393e-05, 1.78587633854e-05], "dmean2": [0.0089457957074, 0.166733667254, 0.725748062134, 1.76556241512, 11.6865587234, 18.4020328522, 13.1036224365, 14.766456604, 14.2327260971, 14.6906080246, 10.9532928467, 18.2349300385, 40.1862869263, 26.1674690247, 16.9796276093, 17.641998291, 16.7392902374, 23.9610462189, 24.9218330383, 29.9641876221, 29.300693512, 23.5038547516, 20.2815265656, 15.1886615753, 10.3150596619, 8.59462738037, 15.2248020172, 8.49105644226, 2.46659636497, 1.30665636063, 0.711149454117, 0.614329814911, 0.71842867136, 0.405579119921, 0.0962136089802, 0.0130683304742, 0.00098672916647, 4.94037558383e-05, 6.82824838805e-06, 1.07339883471e-05], "dmean": [0.00576075771824, 0.107297115028, 0.486528813839, 1.06610155106, 6.83311128616, 10.911113739, 8.09004020691, 9.25387191772, 8.82559680939, 9.03687858582, 6.98445892334, 11.8531064987, 26.1491966248, 17.2878894806, 11.060333252, 11.7147684097, 10.7555589676, 15.969707489, 16.2774448395, 19.7180423737, 19.1976795197, 15.6145277023, 13.3654708862, 10.2217235565, 6.74681568146, 6.04241943359, 11.048491478, 5.98460674286, 1.64412164688, 0.881590604782, 0.477408766747, 0.407288759947, 0.481460779905, 0.276289671659, 0.0641377568245, 0.00873269420117, 0.000641227001324, 3.14680037263e-05, 4.69533597425e-06, 7.17983675713e-06], "var": [0.000376718089683, 0.111622832716, 2.94319725037, 6.90679788589, 300.943054199, 660.486755371, 320.93927002, 528.542114258, 702.133789062, 688.886474609, 443.543273926, 2809.45019531, 18659.1308594, 14567.6962891, 2687.18652344, 2469.7902832, 1609.77709961, 5655.06787109, 4362.1953125, 5549.00048828, 4620.10644531, 3805.7097168, 1745.1817627, 1198.8380127, 847.143554688, 653.489990234, 1686.64770508, 460.705413818, 45.376991272, 24.6569404602, 6.04114103317, 2.95926690102, 5.61384725571, 2.74537181854, 0.152720570564, 0.00331731466576, 2.15962118091e-05, 2.00799643579e-08, 1.90546467493e-10, 3.0321517519e-10], "dvar": [0.000152411681483, 0.0442669503391, 0.756941318512, 5.23763751984, 325.262756348, 640.79309082, 229.040893555, 321.910644531, 347.75994873, 410.100463867, 243.501617432, 1344.59863281, 8817.49707031, 4085.99902344, 952.976623535, 1101.82861328, 660.35559082, 1994.0222168, 1612.6015625, 2568.01147461, 2083.59887695, 1122.96057129, 636.038330078, 467.88848877, 252.214874268, 156.883483887, 539.987548828, 145.338729858, 11.8069448471, 5.38927268982, 1.54368531704, 1.63692378998, 3.22888731956, 1.87415122986, 0.109289333224, 0.002043570159, 1.29390655275e-05, 1.22405774405e-08, 8.31217525366e-11, 1.17355208884e-10], "mean": [0.00975872948766, 0.195433005691, 0.890388011932, 1.45234143734, 7.74587440491, 14.1629695892, 12.0014209747, 14.4905958176, 14.3050661087, 13.7714920044, 11.5580501556, 20.7064399719, 42.6748580933, 31.8998298645, 18.7269802094, 19.7060165405, 18.4089355469, 27.8047962189, 28.2620639801, 31.8222846985, 32.5560798645, 30.0187320709, 26.1287288666, 19.8524360657, 13.9895200729, 13.6866321564, 24.1336154938, 13.0598773956, 3.49566245079, 1.87495112419, 0.939301908016, 0.655180215836, 0.695998191833, 0.390139967203, 0.0856921672821, 0.0113572049886, 0.00090656557586, 6.15249300608e-05, 1.38808181873e-05, 2.16160224227e-05]}, "zerocrossingrate": {"min": 0, "max": 0.533203125, "dvar2": 0.000271347438684, "median": 0.05859375, "dmean2": 0.0117008937523, "dmean": 0.00996600929648, "var": 0.00484437728301, "dvar": 0.000185080905794, "mean": 0.0711369216442}, "spectral_contrast_coeffs": {"min": [-0.980879187584, -0.974268257618, -0.978829443455, -0.971705198288, -0.967608332634, -0.96619874239], "max": [-0.270161390305, -0.344702452421, -0.326119720936, -0.450242698193, -0.51588088274, -0.479974210262], "dvar2": [0.00692992610857, 0.00426545552909, 0.00265243812464, 0.00186772353482, 0.00135433324613, 0.00101460923906], "median": [-0.600709438324, -0.741528630257, -0.776417016983, -0.780074596405, -0.780922412872, -0.723802864552], "dmean2": [0.0917107760906, 0.0802823603153, 0.063308596611, 0.0514171868563, 0.0417270325124, 0.0356451757252], "dmean": [0.0570722296834, 0.0491021461785, 0.0397613868117, 0.0326138809323, 0.0280495025218, 0.0238323695958], "var": [0.0120187895373, 0.00753969326615, 0.00925085041672, 0.00652811489999, 0.00507174246013, 0.00461621256545], "dvar": [0.00262949569151, 0.00169398379512, 0.00115802290384, 0.000849421077874, 0.000705232319888, 0.000542920606676], "mean": [-0.60455840826, -0.736014783382, -0.760332047939, -0.769330084324, -0.773293375969, -0.725977480412]}, "dissonance": {"min": 0.205654263496, "max": 0.5, "dvar2": 0.00119955430273, "median": 0.471276521683, "dmean2": 0.0327452942729, "dmean": 0.019320121035, "var": 0.000871931959409, "dvar": 0.000432743283454, "mean": 0.463982015848}, "spectral_energyband_high": {"min": 6.81890861602e-21, "max": 0.00954728573561, "dvar2": 6.64976710141e-07, "median": 0.000339592486853, "dmean2": 0.000482294330141, "dmean": 0.000350767833879, "var": 1.36914297855e-06, "dvar": 3.63119823987e-07, "mean": 0.000857747043483}, "gfcc": {"mean": [-80.7233352661, 103.807281494, -149.25982666, 37.1212348938, -70.0017700195, -0.94141548872, -40.2388648987, -0.72871607542, -24.4765815735, -4.59770679474, -11.0126972198, -10.1995887756, 5.65571260452], "icov": [[0.000316197896609, -0.000718750583474, 0.000887420086656, -0.000874447403476, 0.000831575365737, -0.000664677994791, 0.000710395688657, -0.00058425340103, 0.00066098064417, -0.000249584642006, 0.000321503961459, -9.20517122722e-05, 0.000148910388816], [-0.000718750583474, 0.00281599676237, -0.0019994280301, 0.00180996907875, -0.00186474295333, 0.0019436609, -0.00173671077937, 0.00171418662649, -0.0013463338837, 0.00113352190237, -0.000890213763341, 0.000999787240289, 0.000401801080443], [0.000887420086656, -0.0019994280301, 0.00340895913541, -0.00240993429907, 0.00203536986373, -0.00196736934595, 0.00211302377284, -0.00154659419786, 0.00137454702053, -0.00038899955689, 0.000818911241367, -0.000711554603186, 0.0011005946435], [-0.000874447403476, 0.00180996907875, -0.00240993429907, 0.00432675937191, -0.0019276200328, 0.00177922355942, -0.00136047531851, 0.00123383756727, -0.00299676391296, 0.0012685037218, -0.000878955062944, 0.000673588830978, 0.000225649797358], [0.000831575365737, -0.00186474295333, 0.00203536986373, -0.0019276200328, 0.00628917478025, -0.00178297585808, -1.26533113871e-05, -0.000987785751931, -8.50093638292e-05, -0.000397560565034, 0.00141017441638, -0.00124761683401, 0.00165844813455], [-0.000664677994791, 0.0019436609, -0.00196736934595, 0.00177922355942, -0.00178297585808, 0.00527769187465, -0.00253434921615, 0.00139605870936, -0.000635427830275, 3.07441359837e-06, 0.000175101144123, 0.00139512843452, 0.000361860496923], [0.000710395688657, -0.00173671077937, 0.00211302377284, -0.00136047531851, -1.26533113871e-05, -0.00253434921615, 0.00744232954457, -0.00251338491216, 0.00122837815434, 0.000349624839146, -0.000915339798667, 6.34127354715e-05, 0.000221271344344], [-0.00058425340103, 0.00171418662649, -0.00154659419786, 0.00123383756727, -0.000987785751931, 0.00139605870936, -0.00251338491216, 0.0089040081948, -0.00456506479532, 0.0016100066714, 0.000261285429588, -0.000822928559501, -0.00202685897239], [0.00066098064417, -0.0013463338837, 0.00137454702053, -0.00299676391296, -8.50093638292e-05, -0.000635427830275, 0.00122837815434, -0.00456506479532, 0.0130982855335, -0.00376635696739, 0.00134110974614, -0.000192497871467, 0.0004887378891], [-0.000249584642006, 0.00113352190237, -0.00038899955689, 0.0012685037218, -0.000397560565034, 3.07441359837e-06, 0.000349624839146, 0.0016100066714, -0.00376635696739, 0.0102056683972, -0.00432350393385, 0.000132896908326, -1.64474258781e-05], [0.000321503961459, -0.000890213763341, 0.000818911241367, -0.000878955062944, 0.00141017441638, 0.000175101144123, -0.000915339798667, 0.000261285429588, 0.00134110974614, -0.00432350393385, 0.011405964382, -0.00151592190377, -0.000561742519494], [-9.20517122722e-05, 0.000999787240289, -0.000711554603186, 0.000673588830978, -0.00124761683401, 0.00139512843452, 6.34127354715e-05, -0.000822928559501, -0.000192497871467, 0.000132896908326, -0.00151592190377, 0.0111075388268, 0.000849346572068], [0.000148910388816, 0.000401801080443, 0.0011005946435, 0.000225649797358, 0.00165844813455, 0.000361860496923, 0.000221271344344, -0.00202685897239, 0.0004887378891, -1.64474258781e-05, -0.000561742519494, 0.000849346572068, 0.00816864427179]], "cov": [[38490.0351562, 2612.79589844, -4598.82617188, 2381.81933594, -2229.72094727, 125.125274658, -1203.49133301, 39.3329772949, -576.143554688, -190.165740967, -270.88470459, -679.178100586, 299.236999512], [2612.79589844, 1085.0032959, 26.1644878387, 143.959503174, -8.90720272064, -75.7561264038, -19.9749088287, -86.1049194336, -40.3367462158, -81.6726226807, -18.892539978, -74.2818222046, -115.487609863], [-4598.82617188, 26.1644878387, 1389.25964355, 6.44538974762, 241.118057251, 37.0717353821, 50.3409538269, -14.4046230316, 84.8690032959, -28.3888092041, -11.940489769, 82.7659301758, -174.906356812], [2381.81933594, 143.959503174, 6.44538974762, 649.788696289, -64.1632461548, -20.0550289154, -81.7252044678, 34.6542892456, 55.0253067017, -36.4966201782, -32.4372825623, -33.3287696838, -46.7219276428], [-2229.72094727, -8.90720272064, 241.118057251, -64.1632461548, 397.601531982, 32.9579849243, 134.180389404, 4.18235063553, 67.8524169922, -4.64047002792, -6.52069997787, 48.4862251282, -83.968788147], [125.125274658, -75.7561264038, 37.0717353821, -20.0550289154, 32.9579849243, 301.944763184, 56.0390167236, -10.6995611191, -13.1131219864, 3.63418126106, -19.2393093109, -24.8597278595, -25.1817531586], [-1203.49133301, -19.9749088287, 50.3409538269, -81.7252044678, 134.180389404, 56.0390167236, 244.300033569, 30.8598804474, 22.8553276062, -6.48227405548, 19.9117794037, 13.0116529465, -11.652592659], [39.3329772949, -86.1049194336, -14.4046230316, 34.6542892456, 4.18235063553, -10.6995611191, 30.8598804474, 175.221038818, 53.8743209839, -7.8580327034, -11.1731510162, 16.0316753387, 41.0933303833], [-576.143554688, -40.3367462158, 84.8690032959, 55.0253067017, 67.8524169922, -13.1131219864, 22.8553276062, 53.8743209839, 130.071304321, 28.257774353, 0.80575054884, 16.9019889832, -10.3416070938], [-190.165740967, -81.6726226807, -28.3888092041, -36.4966201782, -4.64047002792, 3.63418126106, -6.48227405548, -7.8580327034, 28.257774353, 138.377868652, 49.3602676392, 9.27402877808, 12.3420934677], [-270.88470459, -18.892539978, -11.940489769, -32.4372825623, -6.52069997787, -19.2393093109, 19.9117794037, -11.1731510162, 0.80575054884, 49.3602676392, 116.52041626, 15.6808023453, 13.6702814102], [-679.178100586, -74.2818222046, 82.7659301758, -33.3287696838, 48.4862251282, -24.8597278595, 13.0116529465, 16.0316753387, 16.9019889832, 9.27402877808, 15.6808023453, 111.238945007, -10.7936105728], [299.236999512, -115.487609863, -174.906356812, -46.7219276428, -83.968788147, -25.1817531586, -11.652592659, 41.0933303833, -10.3416070938, 12.3420934677, 13.6702814102, -10.7936105728, 178.882843018]]}, "spectral_flux": {"min": 6.26885071631e-11, "max": 0.292031884193, "dvar2": 0.00150090071838, "median": 0.0649475082755, "dmean2": 0.0337395705283, "dmean": 0.0218567661941, "var": 0.00191652483772, "dvar": 0.000678959884681, "mean": 0.0707482025027}, "silence_rate_30dB": {"min": 1, "max": 1, "dvar2": 0, "median": 1, "dmean2": 0, "dmean": 0, "var": 0, "dvar": 0, "mean": 1}, "spectral_energyband_middle_high": {"min": 1.17123231254e-21, "max": 0.0662094131112, "dvar2": 2.76255304925e-05, "median": 0.00259730825201, "dmean2": 0.00303663732484, "dmean": 0.00209960481152, "var": 6.34412936051e-05, "dvar": 1.40442225529e-05, "mean": 0.00579896196723}, "barkbands_spread": {"min": 0.34634244442, "max": 92.3428726196, "dvar2": 87.8021011353, "median": 19.8435401917, "dmean2": 8.4399766922, "dmean": 5.55764865875, "var": 141.508148193, "dvar": 41.0475921631, "mean": 21.3295879364}, "spectral_centroid": {"min": 232.022018433, "max": 11885.5556641, "dvar2": 249644.296875, "median": 1440.86425781, "dmean2": 462.718505859, "dmean": 307.23425293, "var": 2309201.75, "dvar": 119134.320312, "mean": 1709.58557129}, "pitch_salience": {"min": 0.0572471804917, "max": 0.893600702286, "dvar2": 0.010793633759, "median": 0.600981235504, "dmean2": 0.118461541831, "dmean": 0.0742520093918, "var": 0.0160244423896, "dvar": 0.00426732562482, "mean": 0.586554288864}, "erbbands_skewness": {"min": -3.15791511536, "max": 9.75734233856, "dvar2": 0.41570314765, "median": 0.215924412012, "dmean2": 0.627984762192, "dmean": 0.411749303341, "var": 0.92955994606, "dvar": 0.195138812065, "mean": 0.277529776096}, "erbbands_crest": {"min": 2.49498271942, "max": 33.7841148376, "dvar2": 16.5918960571, "median": 8.16173553467, "dmean2": 4.37185001373, "dmean": 2.7093296051, "var": 23.5645294189, "dvar": 6.93174695969, "mean": 9.34788608551}, "melbands": {"min": [6.51143688451e-25, 4.88525041828e-25, 7.333031573e-25, 1.13671553087e-24, 1.30513092464e-24, 1.39110611369e-24, 1.85734756058e-24, 2.03370017695e-24, 1.60462265756e-24, 1.97758692304e-24, 3.13878918945e-24, 2.53495067917e-24, 2.30252918231e-24, 2.10641540305e-24, 1.85650643764e-24, 2.51934720768e-24, 2.47142252718e-24, 3.31660080407e-24, 3.54184228619e-24, 4.02609401919e-24, 3.8317881119e-24, 3.22013258169e-24, 4.30306860504e-24, 4.0198265193e-24, 4.77145397865e-24, 4.84244041607e-24, 4.17961857869e-24, 3.86164925818e-24, 3.82673821882e-24, 3.78656429393e-24, 5.40428805758e-24, 5.6716685171e-24, 4.90527910363e-24, 5.33029369353e-24, 4.63266297428e-24, 5.89353288568e-24, 5.2879160857e-24, 5.68246605074e-24, 6.30023367524e-24, 6.63869129118e-24], "max": [0.00271675479598, 0.00656839180738, 0.00999233685434, 0.0204926468432, 0.00688681006432, 0.00745828775689, 0.00687468331307, 0.00661204662174, 0.00269819400273, 0.00614294270054, 0.010896557942, 0.00871495064348, 0.00466401781887, 0.00250592222437, 0.00172069075052, 0.00327817373909, 0.00268137082458, 0.00181100005284, 0.00349569739774, 0.00155218748841, 0.00149765529204, 0.00120758928824, 0.000445004727226, 0.000521820853464, 0.000880745123141, 0.000241200716118, 0.000311880023219, 0.000324784428813, 0.000370458350517, 0.00022851198446, 0.00011075889779, 5.08799857926e-05, 4.0052957047e-05, 3.76470816263e-05, 3.88039115933e-05, 1.24879288705e-05, 4.63726755697e-05, 4.14693095081e-05, 3.92002002627e-05, 5.9491245338e-05], "dvar2": [6.38929122942e-08, 2.76743151062e-07, 1.46505715293e-06, 9.51374750002e-06, 6.78151877764e-07, 3.37476166123e-07, 1.52405362996e-07, 1.24962426185e-07, 4.46782983943e-08, 1.489669188e-07, 4.85193652366e-07, 1.56729541345e-07, 3.26307336707e-08, 2.37794157698e-08, 1.04796322731e-08, 1.36178250898e-08, 1.9410041574e-08, 1.30090702655e-08, 1.77798806789e-08, 1.58577080356e-08, 8.73075833852e-09, 4.48797532471e-09, 1.34592925694e-09, 1.27509458547e-09, 8.90971962875e-10, 3.63682528537e-10, 3.96126825786e-10, 1.74598460689e-10, 4.30670693552e-10, 3.69412750389e-10, 6.15797968173e-11, 1.22461225188e-11, 6.67103958879e-12, 3.23434248134e-12, 1.68695114301e-12, 7.06323454586e-13, 2.13594723505e-12, 3.86307392325e-12, 2.88454221446e-12, 4.13194999049e-12], "median": [3.61687270924e-05, 0.000143662895425, 0.000129418476718, 0.000272430188488, 0.000217579538003, 0.000171578925801, 0.000100808611023, 5.60475164093e-05, 4.28220773756e-05, 4.51019659522e-05, 3.86781503039e-05, 1.95488173631e-05, 1.46178645082e-05, 1.25076167024e-05, 1.08013045974e-05, 1.20236909424e-05, 9.86502709566e-06, 7.85245174484e-06, 7.2171615102e-06, 8.40549091663e-06, 8.73722365213e-06, 6.94272603141e-06, 6.01990996074e-06, 6.96272172718e-06, 4.77802768728e-06, 2.79710525319e-06, 2.32524234889e-06, 2.95274298878e-06, 3.70608768208e-06, 3.03394244838e-06, 1.67484506619e-06, 5.76571778765e-07, 2.83610518181e-07, 1.87825335729e-07, 1.47119664007e-07, 1.26121165067e-07, 1.31773305156e-07, 1.18781457559e-07, 9.09857078568e-08, 5.63904833939e-08], "dmean2": [0.000125920429127, 0.000316170917358, 0.000516612664796, 0.00124645465985, 0.00045593874529, 0.000332814874128, 0.000210504294955, 0.000157427566592, 9.45113351918e-05, 0.000126670347527, 0.000205975069548, 0.000114352958917, 6.12709118286e-05, 5.30841389264e-05, 4.12772533309e-05, 4.41011434305e-05, 4.99968082295e-05, 4.33057793998e-05, 4.83553740196e-05, 4.46284175268e-05, 3.68784094462e-05, 3.02659973386e-05, 1.82742696779e-05, 1.86034340004e-05, 1.35109148687e-05, 8.22869424155e-06, 8.0663303379e-06, 6.03451826464e-06, 9.78925891104e-06, 9.23270181374e-06, 4.00381577492e-06, 1.61812295119e-06, 1.03669526652e-06, 6.72879309604e-07, 4.60355352061e-07, 3.2520497939e-07, 4.29111651101e-07, 5.32393926278e-07, 4.73245592048e-07, 3.23597276974e-07], "dmean": [8.08264740044e-05, 0.000210012382013, 0.000307918642648, 0.000722784665413, 0.000283504778054, 0.00020841708465, 0.000131286142278, 9.68580061453e-05, 6.04723391007e-05, 8.19816632429e-05, 0.000134253990836, 7.518442726e-05, 3.96967479901e-05, 3.48473949998e-05, 2.60488923232e-05, 2.89847248496e-05, 3.29938666255e-05, 2.79153409792e-05, 3.20286526403e-05, 2.85164005618e-05, 2.41088546318e-05, 1.97312656383e-05, 1.19505330076e-05, 1.21948633023e-05, 8.99352198758e-06, 5.31520799996e-06, 5.26570011061e-06, 4.16993316321e-06, 7.07351864548e-06, 6.59799752611e-06, 2.7234054869e-06, 1.05200876988e-06, 6.69496273531e-07, 4.50385073236e-07, 3.07507889374e-07, 2.10484643048e-07, 2.80789464568e-07, 3.54390550683e-07, 3.19973679552e-07, 2.18660190399e-07], "var": [7.0707329769e-08, 4.67606895427e-07, 5.70202871586e-07, 2.99799830827e-06, 3.76440311811e-07, 2.51395249506e-07, 1.51890873212e-07, 8.42177385607e-08, 3.53205926729e-08, 1.42246918244e-07, 5.12896860982e-07, 2.86599032506e-07, 6.21803479817e-08, 2.65557886792e-08, 9.5988488269e-09, 1.84625150723e-08, 2.44536728644e-08, 1.55567647653e-08, 2.64349750978e-08, 1.14974643139e-08, 8.56487414325e-09, 6.11822414953e-09, 1.32242172768e-09, 1.53217449839e-09, 9.66356217269e-10, 3.56227741749e-10, 6.33954000406e-10, 2.79384820834e-10, 6.65034916025e-10, 5.54482348925e-10, 9.78978564881e-11, 1.82748573219e-11, 8.75900393882e-12, 8.04511318675e-12, 3.14092848952e-12, 4.93671455711e-13, 1.63092694731e-12, 3.05147400403e-12, 2.62697697796e-12, 2.07291931016e-12], "dvar": [2.86399686189e-08, 1.31634934064e-07, 5.30782642727e-07, 3.25646328747e-06, 2.61922451728e-07, 1.44154526538e-07, 6.93199027069e-08, 5.10138384868e-08, 1.89676327977e-08, 6.8019701871e-08, 2.29615110925e-07, 8.29053377061e-08, 1.53048134166e-08, 1.10135323084e-08, 4.29601820784e-09, 7.04207137048e-09, 9.24659016022e-09, 6.09539885232e-09, 1.00792023616e-08, 6.58616450266e-09, 4.061359693e-09, 2.04643191282e-09, 5.8438848205e-10, 5.78588066347e-10, 4.28304086642e-10, 1.53179136042e-10, 1.64024918647e-10, 8.85700124353e-11, 2.31158481245e-10, 1.95412006021e-10, 3.12654971357e-11, 5.50581195219e-12, 2.83774588029e-12, 1.6235332306e-12, 7.52841528267e-13, 2.86236664796e-13, 9.50756942793e-13, 1.86768200731e-12, 1.46515037516e-12, 1.72914590632e-12], "mean": [0.000142265693285, 0.00039782258682, 0.000390795408748, 0.000879214261658, 0.000439995870693, 0.000334619806381, 0.000216064348933, 0.000142638236866, 9.76432202151e-05, 0.000139675816172, 0.000219011883019, 0.000135828449856, 6.57670243527e-05, 5.72825774725e-05, 4.09416752518e-05, 4.52398780908e-05, 5.33450620424e-05, 4.50267980341e-05, 4.77609391965e-05, 4.23751516792e-05, 3.69618501281e-05, 3.4398821299e-05, 2.14309420699e-05, 2.20860965783e-05, 1.59666578838e-05, 9.41843882174e-06, 1.03659904198e-05, 8.55521011545e-06, 1.47455812112e-05, 1.34915808303e-05, 5.51425500817e-06, 1.97926419787e-06, 1.22820949855e-06, 9.48013280322e-07, 5.93091783685e-07, 3.38328447924e-07, 4.23481907319e-07, 4.94000857998e-07, 4.54198982425e-07, 2.92377450251e-07]}, "spectral_entropy": {"min": 4.37664461136, "max": 9.82445335388, "dvar2": 0.0657566040754, "median": 7.4448633194, "dmean2": 0.256059408188, "dmean": 0.175526723266, "var": 0.301157921553, "dvar": 0.0324107520282, "mean": 7.42745923996}, "spectral_rolloff": {"min": 21.533203125, "max": 20284.2773438, "dvar2": 1918616.875, "median": 1528.85742188, "dmean2": 906.54864502, "dmean": 545.885131836, "var": 7833874.5, "dvar": 911981.8125, "mean": 2127.23095703}, "barkbands": {"min": [5.25109353776e-25, 2.0082158282e-24, 3.50466223635e-25, 8.77832828935e-26, 5.85481440916e-24, 6.11584927156e-24, 5.23907652377e-24, 1.07929913791e-23, 1.42152009369e-23, 1.56272998225e-23, 1.24955046739e-23, 1.78559375872e-23, 2.73167953329e-23, 4.0032785052e-23, 3.85463376038e-23, 6.09647421664e-23, 5.35220351631e-23, 9.04871862794e-23, 1.48411342973e-22, 1.72509831937e-22, 2.19544710467e-22, 3.36056134019e-22, 4.1439885715e-22, 5.74064506315e-22, 8.67498599221e-22, 1.26425933432e-21, 1.92941695414e-21], "max": [0.000285180169158, 0.0110441930592, 0.014894457534, 0.0165359508246, 0.0759062096477, 0.031062444672, 0.0380014777184, 0.0303181465715, 0.039652466774, 0.0630852505565, 0.0471666008234, 0.0209651086479, 0.0324389562011, 0.026131298393, 0.0311785992235, 0.0169949904084, 0.0143120950088, 0.00736432615668, 0.0120758367702, 0.00861561577767, 0.00865605007857, 0.00177158927545, 0.00182481086813, 0.00293159205467, 0.00296116713434, 0.000181322742719, 2.17843904693e-07], "dvar2": [5.41882594352e-10, 1.3536514416e-06, 1.5601042378e-06, 4.92055869472e-06, 0.000136494461913, 9.5818486443e-06, 3.34139917868e-06, 2.1087685127e-06, 6.35520837022e-06, 1.62488067872e-05, 3.0332737424e-06, 1.61333923643e-06, 1.25665656014e-06, 2.41896464104e-06, 1.87538796581e-06, 2.49094364335e-06, 1.24594043882e-06, 4.31089034691e-07, 3.50510816816e-07, 2.1211090484e-07, 3.94106962176e-07, 1.93927913728e-08, 4.72335370816e-09, 1.42494247513e-08, 1.40123557202e-08, 3.44820075271e-11, 1.44137386408e-16], "median": [2.75012171187e-05, 0.000177287118277, 0.000214550353121, 0.000127167048049, 0.00135361216962, 0.000921501021367, 0.00043781628483, 0.000188293546671, 0.000339207152138, 0.000189537502592, 9.89004329313e-05, 0.000107225685497, 0.000126618135255, 9.52991103986e-05, 9.21827377169e-05, 0.000120768949273, 0.000117342162412, 0.00014367516269, 9.19439698919e-05, 0.000102082311059, 0.000124871294247, 2.41118832491e-05, 9.51114998315e-06, 1.11020654003e-05, 4.81970982946e-06, 1.19212586469e-07, 6.39537578451e-09], "dmean2": [1.7541273337e-05, 0.000598838552833, 0.000714574707672, 0.000923030369449, 0.00485085649416, 0.0018518891884, 0.000952593632974, 0.000610654125921, 0.000903799198568, 0.00122943695169, 0.000514226732776, 0.000468842685223, 0.000433362583863, 0.000568716553971, 0.000558170024306, 0.000616146891844, 0.000486061180709, 0.00037148714182, 0.000266448652837, 0.000223982147872, 0.00031603561365, 6.43901221338e-05, 2.67266714218e-05, 3.67863030988e-05, 2.39778964897e-05, 1.20890967992e-06, 8.18027423577e-09], "dmean": [1.04133914647e-05, 0.000382218218874, 0.000470836239401, 0.000540648645256, 0.00285108597018, 0.00114573026076, 0.000591056945268, 0.000376044510631, 0.000580627587624, 0.000788833538536, 0.000325663306285, 0.000306171132252, 0.000279957050225, 0.000368506211089, 0.000370776746422, 0.00039451016346, 0.000311791634886, 0.000244145398028, 0.000174680913915, 0.000153051340021, 0.000227658412769, 4.22002194682e-05, 1.82408566616e-05, 2.49967160926e-05, 1.62251089932e-05, 7.96082701982e-07, 4.88256990394e-09], "var": [3.1405986145e-10, 1.45230080761e-06, 2.43482554652e-06, 1.94257722796e-06, 4.57818969153e-05, 6.50665333524e-06, 3.31455180458e-06, 1.4502322756e-06, 5.42007774129e-06, 2.47997813858e-05, 5.96649579165e-06, 1.8112153839e-06, 1.42910903378e-06, 2.82609903479e-06, 2.59577564066e-06, 1.82791654879e-06, 1.3303427977e-06, 5.06316666815e-07, 3.47533330114e-07, 3.73854874169e-07, 6.78845879065e-07, 3.32469340947e-08, 1.07747109013e-08, 1.33432935812e-08, 9.61885149309e-09, 2.84516611659e-11, 6.25119116275e-17], "dvar": [2.12407647027e-10, 5.9996540358e-07, 7.16223894415e-07, 1.83599991033e-06, 4.71729508718e-05, 3.9324268073e-06, 1.50028427015e-06, 8.8989975211e-07, 2.83209351437e-06, 8.09820085124e-06, 1.39674693855e-06, 7.52262963033e-07, 6.01987608206e-07, 1.11775204914e-06, 1.0048340755e-06, 1.04934144929e-06, 5.35330798357e-07, 1.94713194901e-07, 1.56933325002e-07, 1.0148210805e-07, 2.18167429011e-07, 8.94688412245e-09, 2.25487450933e-09, 7.16571113557e-09, 6.50871578856e-09, 1.7050116527e-11, 5.3745590462e-17], "mean": [2.90001335088e-05, 0.000674915849231, 0.000796883949079, 0.000590061536059, 0.00372371217236, 0.00181378703564, 0.000953259703238, 0.000517060514539, 0.000977202202193, 0.00136051443405, 0.000527215772308, 0.000501283269841, 0.000433839828474, 0.00059234368382, 0.000550698372535, 0.000588203547522, 0.000539301428944, 0.000441145617515, 0.000312107411446, 0.000319548416883, 0.000498586799949, 8.46798284329e-05, 3.76671305276e-05, 3.76762618544e-05, 2.27451964747e-05, 9.9424119071e-07, 7.8109101409e-09]}, "melbands_flatness_db": {"min": 0.00361133133993, "max": 0.528029203415, "dvar2": 0.0014909952879, "median": 0.180135220289, "dmean2": 0.0382031202316, "dmean": 0.0255012325943, "var": 0.00432689953595, "dvar": 0.000664227467496, "mean": 0.185413300991}, "melbands_skewness": {"min": -3.4103603363, "max": 16.2844047546, "dvar2": 1.65184247494, "median": 2.00865864754, "dmean2": 1.12426912785, "dmean": 0.727796852589, "var": 2.54796123505, "dvar": 0.702898144722, "mean": 2.15702271461}, "barkbands_skewness": {"min": -2.84559297562, "max": 13.5305280685, "dvar2": 0.999546825886, "median": 1.0907599926, "dmean2": 0.891735970974, "dmean": 0.579331338406, "var": 1.801425457, "dvar": 0.426635593176, "mean": 1.1961864233}, "silence_rate_60dB": {"min": 0, "max": 1, "dvar2": 0.0707908123732, "median": 0, "dmean2": 0.0663021206856, "dmean": 0.0331453941762, "var": 0.118477493525, "dvar": 0.0320468507707, "mean": 0.137341991067}, "spectral_energyband_low": {"min": 6.78107121825e-24, "max": 0.0204792283475, "dvar2": 4.38649794887e-06, "median": 0.000720277370419, "dmean2": 0.00130427454133, "dmean": 0.000855673919432, "var": 6.27085228189e-06, "dvar": 1.96757264348e-06, "mean": 0.00169189483859}, "spectral_energyband_middle_low": {"min": 1.56724927172e-22, "max": 0.099340595305, "dvar2": 0.000209704798181, "median": 0.00606739893556, "dmean2": 0.007472936064, "dmean": 0.00464437250048, "var": 0.000101995181467, "dvar": 7.64542419347e-05, "mean": 0.00909804552794}, "melbands_kurtosis": {"min": -1.81034421921, "max": 381.572601318, "dvar2": 317.868652344, "median": 4.95821762085, "dmean2": 9.54377365112, "dmean": 5.98587274551, "var": 391.178070068, "dvar": 146.755981445, "mean": 10.1465883255}, "spectral_decrease": {"min": -2.77682996597e-08, "max": 9.29692136514e-20, "dvar2": 1.46701606602e-17, "median": -3.38682437651e-09, "dmean2": 2.24331531129e-09, "dmean": 1.46069600859e-09, "var": 1.13428067939e-17, "dvar": 5.67247294146e-18, "mean": -4.05740552267e-09}, "erbbands_kurtosis": {"min": -1.90210127831, "max": 113.323562622, "dvar2": 25.2094154358, "median": -0.298101782799, "dmean2": 1.84037029743, "dmean": 1.16845667362, "var": 25.5702342987, "dvar": 10.9613294601, "mean": 0.612248003483}, "melbands_crest": {"min": 1.54471433163, "max": 34.3141479492, "dvar2": 29.6038532257, "median": 12.1154842377, "dmean2": 5.98469209671, "dmean": 3.63823509216, "var": 31.2371425629, "dvar": 10.9658985138, "mean": 13.0878925323}, "melbands_spread": {"min": 0.297664552927, "max": 160.301895142, "dvar2": 233.970779419, "median": 23.5973091125, "dmean2": 12.9800539017, "dmean": 8.45477867126, "var": 589.211364746, "dvar": 102.199584961, "mean": 29.7930469513}, "spectral_energy": {"min": 9.65935394327e-21, "max": 0.108067728579, "dvar2": 0.00022318669653, "median": 0.0140332123265, "dmean2": 0.00896513741463, "dmean": 0.00589450355619, "var": 0.000192454463104, "dvar": 8.79098442965e-05, "mean": 0.0169244259596}, "mfcc": {"mean": [-689.808837891, 115.979042053, -18.5443668365, 26.2820663452, -6.85162639618, -5.16455078125, -3.60422563553, -10.3488931656, 1.70809209347, -7.75130176544, -8.27646064758, 0.985985040665, -10.229724884], "icov": [[0.000102594232885, -6.33071686025e-05, 0.000107679807115, -0.000247168936767, 0.000131451612106, -0.000167624850292, 0.000106092877104, 0.000103801779915, -6.88682994223e-05, -3.13805285259e-05, 0.000149388841237, -1.18491652756e-05, 0.000172525542439], [-6.33071686025e-05, 0.000797985412646, -8.99671940715e-05, -9.61600453593e-05, -9.36046853894e-05, 7.34935383662e-05, -0.000203543619136, 2.8594129617e-05, 0.000457606307464, 6.23156447546e-05, -0.000153151879204, 0.000101856283436, 0.000290095573291], [0.000107679807115, -8.99671940715e-05, 0.00159284798428, -0.000222262213356, -0.000413439091062, -0.000445205543656, 0.000530363467988, -0.000314481992973, 0.000268314150162, 0.000622416147962, -0.000380976416636, -0.000287080591079, 0.000477490480989], [-0.000247168936767, -9.61600453593e-05, -0.000222262213356, 0.00311633595265, -0.000803271890618, 0.000524494971614, 0.000728796643671, -0.0011903034756, 0.000114638263767, 0.000695491267834, -0.000837742292788, -0.00079378997907, -0.000878724560607], [0.000131451612106, -9.36046853894e-05, -0.000413439091062, -0.000803271890618, 0.00619238009676, -0.00102710712235, 0.00139601563569, -0.00054474407807, -0.00108275096864, -0.000261218141532, 0.000324201537296, -5.43841124454e-05, -0.000289539486403], [-0.000167624850292, 7.34935383662e-05, -0.000445205543656, 0.000524494971614, -0.00102710712235, 0.0053730183281, -0.00138481496833, -0.000202372320928, 0.00145465566311, -0.00160407333169, -0.00141876202542, 0.00195111578796, -0.000792762031779], [0.000106092877104, -0.000203543619136, 0.000530363467988, 0.000728796643671, 0.00139601563569, -0.00138481496833, 0.00733820628375, -0.00109699252062, -0.000193551240955, -0.000764815369621, 0.000456456153188, -0.00171315064654, 0.00141148781404], [0.000103801779915, 2.8594129617e-05, -0.000314481992973, -0.0011903034756, -0.00054474407807, -0.000202372320928, -0.00109699252062, 0.0063539664261, -0.00113656115718, -0.00136694696266, -0.000294599914923, 0.00287331920117, -0.00123330170754], [-6.88682994223e-05, 0.000457606307464, 0.000268314150162, 0.000114638263767, -0.00108275096864, 0.00145465566311, -0.000193551240955, -0.00113656115718, 0.00716652395204, -0.000990024185739, 0.00024563682382, -0.0013637735974, 0.00232572248206], [-3.13805285259e-05, 6.23156447546e-05, 0.000622416147962, 0.000695491267834, -0.000261218141532, -0.00160407333169, -0.000764815369621, -0.00136694696266, -0.000990024185739, 0.0110201435164, -0.00222040340304, 0.000683546240907, -0.000734322995413], [0.000149388841237, -0.000153151879204, -0.000380976416636, -0.000837742292788, 0.000324201537296, -0.00141876202542, 0.000456456153188, -0.000294599914923, 0.00024563682382, -0.00222040340304, 0.0103032821789, -0.00155498983804, -0.00161680532619], [-1.18491652756e-05, 0.000101856283436, -0.000287080591079, -0.00079378997907, -5.43841124454e-05, 0.00195111578796, -0.00171315064654, 0.00287331920117, -0.0013637735974, 0.000683546240907, -0.00155498983804, 0.0105291614309, -0.0015887178015], [0.000172525542439, 0.000290095573291, 0.000477490480989, -0.000878724560607, -0.000289539486403, -0.000792762031779, 0.00141148781404, -0.00123330170754, 0.00232572248206, -0.000734322995413, -0.00161680532619, -0.0015887178015, 0.0102465171367]], "cov": [[15041.0732422, 1161.63439941, -796.805847168, 973.439941406, -188.747207642, 86.7192687988, -148.196929932, -206.89302063, 74.7527389526, -52.37550354, -174.835510254, 27.8321781158, -212.634094238], [1161.63439941, 1434.9173584, 55.2634849548, 123.22795105, 0.135159179568, 31.8509235382, 8.38808345795, -16.3474655151, -87.9803085327, -19.7568130493, 10.0318775177, -15.788684845, -35.1578102112], [-796.805847168, 55.2634849548, 796.350219727, 76.4257888794, 99.2945709229, 60.3393936157, -63.2692680359, 59.9758720398, -45.1731491089, -29.5057506561, 55.1492805481, -3.91802072525, 20.9374866486], [973.439941406, 123.22795105, 76.4257888794, 511.71697998, 73.5748443604, -17.5872974396, -82.3290786743, 68.9437789917, -1.86123287678, -22.9415168762, 40.0137939453, 26.7019348145, 50.0334281921], [-188.747207642, 0.135159179568, 99.2945709229, 73.5748443604, 204.54927063, 35.6080436707, -43.5473823547, 47.4759902954, 14.3383359909, 9.23457336426, 18.014623642, -10.0336027145, 23.7989807129], [86.7192687988, 31.8509235382, 60.3393936157, -17.5872974396, 35.6080436707, 288.620544434, 33.0724411011, 55.0558586121, -63.5409088135, 60.2362136841, 49.4291915894, -62.302066803, 35.6040802002], [-148.196929932, 8.38808345795, -63.2692680359, -82.3290786743, -43.5473823547, 33.0724411011, 176.420333862, 10.0646419525, 7.04664611816, 22.9671669006, -6.32394170761, 6.354139328, -23.5831432343], [-206.89302063, -16.3474655151, 59.9758720398, 68.9437789917, 47.4759902954, 55.0558586121, 10.0646419525, 228.823791504, 11.1138315201, 42.5934028625, 28.7942810059, -55.7598724365, 35.2484664917], [74.7527389526, -87.9803085327, -45.1731491089, -1.86123287678, 14.3383359909, -63.5409088135, 7.04664611816, 11.1138315201, 184.038192749, 4.62289810181, -19.7673339844, 23.8314647675, -41.831401825], [-52.37550354, -19.7568130493, -29.5057506561, -22.9415168762, 9.23457336426, 60.2362136841, 22.9671669006, 42.5934028625, 4.62289810181, 118.700531006, 30.5600337982, -21.4796142578, 16.6821403503], [-174.835510254, 10.0318775177, 55.1492805481, 40.0137939453, 18.014623642, 49.4291915894, -6.32394170761, 28.7942810059, -19.7673339844, 30.5600337982, 126.660461426, 6.44829654694, 39.8540344238], [27.8321781158, -15.788684845, -3.91802072525, 26.7019348145, -10.0336027145, -62.302066803, 6.354139328, -55.7598724365, 23.8314647675, -21.4796142578, 6.44829654694, 130.863052368, 4.11957597733], [-212.634094238, -35.1578102112, 20.9374866486, 50.0334281921, 23.7989807129, 35.6040802002, -23.5831432343, 35.2484664917, -41.831401825, 16.6821403503, 39.8540344238, 4.11957597733, 134.020858765]]}, "spectral_contrast_valleys": {"min": [-28.3804798126, -27.958820343, -27.8176574707, -27.8523921967, -27.502866745, -27.4805908203], "max": [-5.87124013901, -4.90385961533, -5.34043073654, -5.42501211166, -5.6367931366, -8.07942867279], "dvar2": [0.324981898069, 0.274908393621, 0.208717107773, 0.224621847272, 0.199644804001, 0.273197412491], "median": [-8.02995872498, -6.71432352066, -7.4718208313, -7.90044593811, -7.69225692749, -10.6896495819], "dmean2": [0.70278865099, 0.605388045311, 0.526210784912, 0.476392090321, 0.43312048912, 0.464244991541], "dmean": [0.43735575676, 0.374567866325, 0.32521545887, 0.312598973513, 0.307839393616, 0.343629270792], "var": [9.32497119904, 9.88139343262, 8.95868682861, 8.76685523987, 9.1050491333, 6.90555000305], "dvar": [0.145058453083, 0.128605008125, 0.105844072998, 0.124949067831, 0.124331325293, 0.155610755086], "mean": [-8.75228977203, -7.4401512146, -8.08384132385, -8.47100353241, -8.29747390747, -11.2340230942]}, "barkbands_flatness_db": {"min": 0.0367839224637, "max": 0.436680823565, "dvar2": 0.000924538995605, "median": 0.144384533167, "dmean2": 0.0313309691846, "dmean": 0.0203352309763, "var": 0.00233552535065, "dvar": 0.000407062645536, "mean": 0.152231737971}, "dynamic_complexity": 4.18985939026, "spectral_skewness": {"min": -0.106146961451, "max": 5.76330280304, "dvar2": 0.162190258503, "median": 1.19188809395, "dmean2": 0.409716099501, "dmean": 0.260831594467, "var": 0.320615828037, "dvar": 0.0718394294381, "mean": 1.28438019753}, "erbbands_flatness_db": {"min": 0.053872551769, "max": 0.473815262318, "dvar2": 0.000501809699927, "median": 0.190018475056, "dmean2": 0.0232531297952, "dmean": 0.01