{"lowlevel": {"spectral_complexity": {"min": 0, "max": 55, "dvar2": 32.8492393494, "median": 20, "dmean2": 5.51058578491, "dmean": 3.69850921631, "var": 131.398773193, "dvar": 17.9752101898, "mean": 20.0759391785}, "silence_rate_20dB": {"min": 1, "max": 1, "dvar2": 0, "median": 1, "dmean2": 0, "dmean": 0, "var": 0, "dvar": 0, "mean": 1}, "average_loudness": 0.839672327042, "erbbands_spread": {"min": 3.1962749958, "max": 134.33052063, "dvar2": 117.087501526, "median": 32.4140396118, "dmean2": 10.3097820282, "dmean": 6.62968921661, "var": 271.379882813, "dvar": 51.3598823547, "mean": 34.3369369507}, "spectral_kurtosis": {"min": -1.33129060268, "max": 30.114151001, "dvar2": 8.25118923187, "median": 4.4552936554, "dmean2": 2.48706769943, "dmean": 1.47315108776, "var": 8.40680885315, "dvar": 2.91685438156, "mean": 4.9708070755}, "barkbands_kurtosis": {"min": -1.81588947773, "max": 109.046852112, "dvar2": 19.5266036987, "median": -0.0701854526997, "dmean2": 2.47980880737, "dmean": 1.54435539246, "var": 28.06681633, "dvar": 9.1589384079, "mean": 1.45871496201}, "spectral_strongpeak": {"min": 0, "max": 14.5019016266, "dvar2": 3.17015171051, "median": 0.312667131424, "dmean2": 1.08752977848, "dmean": 0.659131884575, "var": 3.06647491455, "dvar": 1.30208325386, "mean": 1.11319971085}, "spectral_spread": {"min": 1976962.75, "max": 39504900, "dvar2": 727182671872, "median": 3741474, "dmean2": 639997.625, "dmean": 473274.15625, "var": 3091764084740.0, "dvar": 488028831744, "mean": 4228665}, "spectral_rms": {"min": 3.28047203117e-12, "max": 0.0112430974841, "dvar2": 2.05510332307e-06, "median": 0.00350353820249, "dmean2": 0.00105002580676, "dmean": 0.00071426393697, "var": 3.98520160161e-06, "dvar": 9.58288637776e-07, "mean": 0.00372978043742}, "erbbands": {"min": [1.73937604542e-21, 7.42481841472e-21, 4.46568510959e-20, 9.9135418603e-20, 1.24956850163e-19, 3.64631708867e-19, 5.14901216353e-19, 1.07850848153e-18, 8.73646966475e-19, 1.43242484105e-18, 8.34833790978e-19, 4.12473974341e-19, 1.79624420685e-18, 2.97900991241e-18, 2.79912997563e-18, 1.8639187479e-18, 3.75855650221e-18, 7.86015473061e-18, 6.20452378326e-18, 4.1445839097e-18, 1.28638041703e-17, 1.2842281758e-17, 1.15975718051e-17, 1.06724372916e-17, 7.43206642974e-18, 1.7472696552e-17, 2.34165914407e-17, 2.04617385109e-17, 2.37130628984e-17, 2.04757360612e-17, 1.6394276372e-17, 1.57543628327e-17, 1.68917824971e-17, 1.0077368522e-17, 8.95232347957e-18, 4.99174837868e-18, 3.03448188506e-18, 1.5467670511e-18, 3.07310677357e-19, 3.99279661627e-20], "max": [2.84648633003, 13.3638124466, 47.1283111572, 83.7364120483, 191.82635498, 75.7038574219, 93.9995117188, 251.859863281, 373.363342285, 474.529327393, 1786.54089355, 2352.32397461, 2850.27050781, 2046.79125977, 2707.92944336, 1811.8638916, 1541.90161133, 1513.94873047, 1962.08984375, 1684.92626953, 2033.66052246, 605.336547852, 263.797485352, 260.383453369, 1066.77526855, 282.37210083, 271.503234863, 169.230438232, 121.379013062, 129.719100952, 112.315185547, 89.9069824219, 107.895927429, 110.556747437, 47.0757331848, 25.0431575775, 5.54768800735, 0.467041999102, 0.0621532872319, 0.00317977182567], "dvar2": [0.0677193552256, 2.69275450706, 26.044336319, 146.112060547, 869.112182617, 75.7280960083, 36.5342559814, 103.952705383, 259.308502197, 321.463531494, 4068.73461914, 24229.6816406, 18416.4394531, 9598.44335938, 7825.12353516, 5374.70703125, 5312.44091797, 9695.28515625, 10447.1816406, 8978.31054688, 6775.39257813, 1427.23498535, 577.836181641, 463.434936523, 1748.47302246, 212.839553833, 172.499267578, 80.1646652222, 46.1335144043, 33.5201683044, 14.3121805191, 14.1498394012, 21.2745132446, 13.3679647446, 1.86362683773, 0.369411677122, 0.0281527750194, 0.000919988902751, 2.17518354475e-05, 6.42680078045e-08], "median": [0.0101485718042, 0.105535157025, 0.556356191635, 2.15332651138, 2.35485172272, 2.41784095764, 3.62373280525, 3.71306800842, 4.41696882248, 3.78566837311, 4.85248661041, 8.29147148132, 7.19827032089, 7.96662902832, 6.97852897644, 10.9551429749, 15.616481781, 14.6508436203, 14.8141899109, 10.6615762711, 12.4208116531, 12.4438934326, 12.3933773041, 11.6504440308, 11.03515625, 6.44477081299, 3.79503798485, 1.85059642792, 0.953510046005, 0.559015452862, 0.475830852985, 0.387997597456, 0.339062869549, 0.214947208762, 0.0681732371449, 0.0215476453304, 0.00643435120583, 0.00101217092015, 5.47429663129e-05, 2.18981185753e-05], "dmean2": [0.104435585439, 0.716790497303, 2.2286055088, 5.5019774437, 9.29437637329, 4.09891176224, 4.00553941727, 5.81451797485, 7.39560556412, 6.44397830963, 17.299987793, 44.2112693787, 38.4732666016, 27.7529296875, 25.0777702332, 24.6110095978, 31.7763729095, 37.4229011536, 37.330039978, 31.6706104279, 28.0182266235, 18.392370224, 14.4901657104, 13.1571855545, 15.4797506332, 8.68259143829, 6.61329841614, 4.11286067963, 2.8596367836, 2.32929635048, 1.63847541809, 1.51358413696, 1.54358887672, 1.00267612934, 0.400928616524, 0.181108623743, 0.055112849921, 0.011267779395, 0.0015276982449, 7.99967965577e-05], "dmean": [0.0660109743476, 0.437147676945, 1.27129483223, 3.16320824623, 5.19569969177, 2.3665971756, 2.60181236267, 3.5709605217, 4.60669994354, 3.94342017174, 11.4023046494, 29.6891174316, 25.3946037292, 19.0606155396, 17.4403057098, 16.1031970978, 20.5178432465, 24.5545139313, 24.1437797546, 20.5865459442, 18.172870636, 11.9570884705, 9.14797401428, 8.33936500549, 9.67024898529, 5.7081694603, 4.28839111328, 2.715477705, 1.8976098299, 1.58018255234, 1.14640104771, 1.05024886131, 1.10449635983, 0.713666141033, 0.293641060591, 0.13268584013, 0.0404236279428, 0.0080548170954, 0.0010306321783, 5.4600473959e-05], "var": [0.0323953591287, 1.1025635004, 8.53903961182, 44.3148384094, 208.452590942, 25.7681388855, 38.1826400757, 75.2257919312, 174.941101074, 173.856582642, 4483.32421875, 21728.1542969, 17282.4082031, 13701.8320313, 14347.6425781, 5670.98046875, 5329.84375, 10675.7089844, 11081.0761719, 8251.31054688, 5511.53125, 1572.48620605, 693.854248047, 503.098327637, 1153.70874023, 371.730194092, 202.016311646, 87.8375015259, 51.027141571, 43.3625106812, 24.8634757996, 23.7982082367, 30.5405197144, 14.1920213699, 2.11013221741, 0.448781341314, 0.0383495539427, 0.000989249208942, 1.37902134156e-05, 3.74870410269e-08], "dvar": [0.0314749404788, 1.10973632336, 9.41432857513, 53.6190414429, 307.003051758, 26.6004447937, 14.9000282288, 41.1753768921, 103.737442017, 128.804534912, 1982.52709961, 11326.7685547, 8548.4453125, 5327.75830078, 4422.99609375, 2357.19580078, 2338.84692383, 4453.50292969, 4691.69677734, 3828.6862793, 2963.37963867, 601.852905273, 226.384780884, 187.902069092, 666.150390625, 104.571136475, 74.304725647, 36.6896858215, 20.9188327789, 15.6176786423, 7.29694509506, 6.65672636032, 10.5616044998, 6.33896017075, 0.936600625515, 0.188791751862, 0.0147028453648, 0.000469405029435, 1.04214632302e-05, 3.11623651328e-08], "mean": [0.0652164891362, 0.462115705013, 1.52680563927, 3.9266898632, 5.52931451797, 3.90412211418, 5.48931598663, 6.35160636902, 8.49436092377, 6.81834936142, 18.8158874512, 46.1581420898, 39.6579399109, 33.2023735046, 33.0591659546, 29.5751266479, 37.8747177124, 43.471572876, 43.7102279663, 35.1548347473, 32.1504364014, 25.1034526825, 20.8418598175, 18.7401561737, 20.7266159058, 13.220785141, 8.88685894012, 5.15806245804, 3.53176736832, 2.85046076775, 2.24391365051, 2.10999321938, 2.09894609451, 1.28412187099, 0.50979578495, 0.208947762847, 0.0623889602721, 0.0112452581525, 0.00112399214413, 7.21221003914e-05]}, "zerocrossingrate": {"min": 0.00732421875, "max": 0.5087890625, "dvar2": 0.000203356772545, "median": 0.0654296875, "dmean2": 0.0119249001145, "dmean": 0.0103564122692, "var": 0.00162491924129, "dvar": 0.000164123499417, "mean": 0.0745799839497}, "spectral_contrast_coeffs": {"min": [-0.963052511215, -0.965967297554, -0.975288569927, -0.962300240993, -0.961745679379, -0.962242245674], "max": [-0.307485073805, -0.378451287746, -0.411081850529, -0.505356311798, -0.590693593025, -0.629594147205], "dvar2": [0.00521812774241, 0.00348847429268, 0.00288866600022, 0.00168049987406, 0.000748452264816, 0.000569348514546], "median": [-0.647407591343, -0.75315117836, -0.773369193077, -0.786503911018, -0.791446089745, -0.776346743107], "dmean2": [0.0829674676061, 0.0714200660586, 0.0643168315291, 0.0502638630569, 0.0337517000735, 0.0278956592083], "dmean": [0.0511193089187, 0.044076282531, 0.0406170487404, 0.0313420146704, 0.0208791568875, 0.0176391154528], "var": [0.0066987820901, 0.00447225291282, 0.00719069177285, 0.00395659264177, 0.00185162038542, 0.00142785941716], "dvar": [0.00209669210017, 0.00134156632703, 0.00123088120017, 0.000702985678799, 0.000303217588225, 0.000265151291387], "mean": [-0.644499957561, -0.74902844429, -0.759460747242, -0.776618540287, -0.789602398872, -0.779609441757]}, "dissonance": {"min": 0.270769685507, "max": 0.500000059605, "dvar2": 0.000755425833631, "median": 0.480739474297, "dmean2": 0.0249633677304, "dmean": 0.0148426834494, "var": 0.000558031431865, "dvar": 0.00028122740332, "mean": 0.473768651485}, "spectral_energyband_high": {"min": 7.9144899503e-21, "max": 0.017595494166, "dvar2": 6.22992956778e-07, "median": 0.000259700900642, "dmean2": 0.000410121050663, "dmean": 0.000304046523524, "var": 1.52344966864e-06, "dvar": 3.50732733523e-07, "mean": 0.000731294741854}, "gfcc": {"mean": [-26.6957740784, 85.9731674194, -129.902236938, 28.6305408478, -46.7358207703, 9.77819156647, -39.0621414185, 7.72110843658, -31.2778511047, 0.913472473621, -15.6374454498, -7.84644985199, -11.5350141525], "icov": [[0.000117402087199, -3.20516955981e-05, 0.00023458978103, -2.4180235414e-06, 0.000124519123347, -0.000326798122842, 0.000224074479775, -0.000266438961262, 0.000139392373967, -9.88775864244e-05, 0.000226816657232, -0.000236683205003, 0.000291917996947], [-3.20516955981e-05, 0.00164947868325, 0.000392365036532, -0.000349679903593, -0.000760764989536, 0.00117892969865, -0.000645773659926, 0.000786091724876, -0.000815671868622, 0.000707511848304, -0.00176672101952, 0.001745810383, -0.0011418228969], [0.00023458978103, 0.000392365036532, 0.00266387173906, 0.000468164129416, -0.000709472922608, -0.0015076395357, 0.00109366467223, 0.00033927540062, -0.000561299617402, -0.000652769289445, 0.00132191763259, -0.00238419626839, 0.00183525553439], [-2.4180235414e-06, -0.000349679903593, 0.000468164129416, 0.00410415744409, -9.87272360362e-05, -0.00130497361533, 0.0015924271429, 0.000272673147265, -0.00249394960701, 0.00115456304047, -0.000454783235909, -0.00240241107531, 0.00198179320432], [0.000124519123347, -0.000760764989536, -0.000709472922608, -9.87272360362e-05, 0.00584420654923, 0.00107881880831, -0.00214607897215, 9.84491125564e-05, -3.56723066943e-05, -0.0015777485678, 0.000149044179125, -0.00029966403963, -0.000843759509735], [-0.000326798122842, 0.00117892969865, -0.0015076395357, -0.00130497361533, 0.00107881880831, 0.00808312278241, -0.00405680388212, -0.0016599149676, 0.000998218194582, -0.000672871246934, -0.00225126347505, 0.0030145549681, -0.00228389701806], [0.000224074479775, -0.000645773659926, 0.00109366467223, 0.0015924271429, -0.00214607897215, -0.00405680388212, 0.00963977258652, -0.00139854452573, -0.000831647485029, 0.000794804887846, -0.000663199054543, -0.000291081552859, 0.00151194084901], [-0.000266438961262, 0.000786091724876, 0.00033927540062, 0.000272673147265, 9.84491125564e-05, -0.0016599149676, -0.00139854452573, 0.010273267515, -0.00526140723377, -0.000834227888845, 0.00127801240887, -0.00016777284327, -0.00265236268751], [0.000139392373967, -0.000815671868622, -0.000561299617402, -0.00249394960701, -3.56723066943e-05, 0.000998218194582, -0.000831647485029, -0.00526140723377, 0.0125884944573, -0.00227097212337, 0.000536363746505, -0.00110167614184, -9.61787955021e-05], [-9.88775864244e-05, 0.000707511848304, -0.000652769289445, 0.00115456304047, -0.0015777485678, -0.000672871246934, 0.000794804887846, -0.000834227888845, -0.00227097212337, 0.017260087654, -0.00643221195787, 0.0005481406115, 0.00185344531201], [0.000226816657232, -0.00176672101952, 0.00132191763259, -0.000454783235909, 0.000149044179125, -0.00225126347505, -0.000663199054543, 0.00127801240887, 0.000536363746505, -0.00643221195787, 0.0159745551646, -0.00537149328738, -0.00025464623468], [-0.000236683205003, 0.001745810383, -0.00238419626839, -0.00240241107531, -0.00029966403963, 0.0030145549681, -0.000291081552859, -0.00016777284327, -0.00110167614184, 0.0005481406115, -0.00537149328738, 0.0167262796313, -0.0046777590178], [0.000291917996947, -0.0011418228969, 0.00183525553439, 0.00198179320432, -0.000843759509735, -0.00228389701806, 0.00151194084901, -0.00265236268751, -9.61787955021e-05, 0.00185344531201, -0.00025464623468, -0.0046777590178, 0.0186154954135]], "cov": [[14834.0888672, -788.130004883, -947.910461426, 247.410446167, -719.89453125, 655.677429199, -138.903427124, 541.96081543, -40.3182182312, -1.17435383797, -167.960449219, -15.4562206268, -83.8065567017], [-788.130004883, 1406.1192627, -449.677734375, 23.5541477203, 219.407073975, -234.45892334, 92.152557373, -122.84602356, 38.9091758728, -28.7860412598, 136.631561279, -103.56401825, 75.5353851318], [-947.910461426, -449.677734375, 756.992431641, -0.21819318831, 31.1117267609, 76.7046508789, -47.9891166687, -1.50244700909, 22.4251708984, 39.0854377747, -42.7971954346, 99.1089324951, -52.2763748169], [247.410446167, 23.5541477203, -0.21819318831, 359.645172119, -15.5402460098, 23.620595932, -39.9075813293, 28.7465305328, 81.0484466553, -1.19865727425, 24.3779468536, 56.4238319397, -16.1204586029], [-719.89453125, 219.407073975, 31.1117267609, -15.5402460098, 258.844299316, -53.2820205688, 61.5653381348, -25.7013149261, 21.1901760101, 20.0980892181, 34.2187843323, 1.13286006451, 18.7281265259], [655.677429199, -234.45892334, 76.7046508789, 23.620595932, -53.2820205688, 262.919281006, 67.7529067993, 92.1928482056, 12.0794973373, 23.571849823, 2.14889192581, 2.89031457901, 1.20628249645], [-138.903427124, 92.152557373, -47.9891166687, -39.9075813293, 61.5653381348, 67.7529067993, 172.32800293, 35.6388320923, 17.5551509857, 9.15810966492, 25.1570281982, -19.1391506195, 13.7083501816], [541.96081543, -122.84602356, -1.50244700909, 28.7465305328, -25.7013149261, 92.1928482056, 35.6388320923, 181.917388916, 67.6900939941, 17.4474544525, -10.1150569916, 15.0198659897, 16.4737758636], [-40.3182182312, 38.9091758728, 22.4251708984, 81.0484466553, 21.1901760101, 12.0794973373, 17.5551509857, 67.6900939941, 133.120422363, 19.5113945007, 13.773191452, 24.13712883, 7.83964586258], [-1.17435383797, -28.7860412598, 39.0854377747, -1.19865727425, 20.0980892181, 23.571849823, 9.15810966492, 17.4474544525, 19.5113945007, 77.7882232666, 30.3801822662, 12.1799707413, -4.09585666656], [-167.960449219, 136.631561279, -42.7971954346, 24.3779468536, 34.2187843323, 2.14889192581, 25.1570281982, -10.1150569916, 13.773191452, 30.3801822662, 104.46661377, 18.7439632416, 14.154091835], [-15.4562206268, -103.56401825, 99.1089324951, 56.4238319397, 1.13286006451, 2.89031457901, -19.1391506195, 15.0198659897, 24.13712883, 12.1799707413, 18.7439632416, 101.028152466, 6.76785707474], [-83.8065567017, 75.5353851318, -52.2763748169, -16.1204586029, 18.7281265259, 1.20628249645, 13.7083501816, 16.4737758636, 7.83964586258, -4.09585666656, 14.154091835, 6.76785707474, 71.1092529297]]}, "spectral_flux": {"min": 1.05026348729e-10, "max": 0.323711037636, "dvar2": 0.00215053348802, "median": 0.0617070384324, "dmean2": 0.0370572246611, "dmean": 0.0235374029726, "var": 0.00262085534632, "dvar": 0.00095609278651, "mean": 0.0733452662826}, "silence_rate_30dB": {"min": 0, "max": 1, "dvar2": 0.00105830037501, "median": 1, "dmean2": 0.000705716316588, "dmean": 0.000352827017196, "var": 0.000176353220013, "dvar": 0.000352758564986, "mean": 0.999823629856}, "spectral_energyband_middle_high": {"min": 1.51119869754e-21, "max": 0.0922192186117, "dvar2": 3.00195224554e-05, "median": 0.00375238060951, "dmean2": 0.00317840627395, "dmean": 0.00218867720105, "var": 8.4016857727e-05, "dvar": 1.49205598063e-05, "mean": 0.00679412391037}, "barkbands_spread": {"min": 1.06176126003, "max": 109.36882782, "dvar2": 78.6371841431, "median": 25.9315681458, "dmean2": 8.26238632202, "dmean": 5.44167232513, "var": 201.180007935, "dvar": 36.5088005066, "mean": 27.532201767}, "spectral_centroid": {"min": 198.799102783, "max": 10792.3789063, "dvar2": 129753.382813, "median": 1674.62023926, "dmean2": 361.645782471, "dmean": 230.013977051, "var": 358220.96875, "dvar": 59424.9023438, "mean": 1670.62072754}, "pitch_salience": {"min": 0.0567881576717, "max": 0.951642394066, "dvar2": 0.0110798934475, "median": 0.587059259415, "dmean2": 0.11421123147, "dmean": 0.0698402225971, "var": 0.0100109819323, "dvar": 0.00436809845269, "mean": 0.577107131481}, "erbbands_skewness": {"min": -3.28724193573, "max": 4.71156644821, "dvar2": 0.22154982388, "median": -0.175479769707, "dmean2": 0.495332121849, "dmean": 0.320562511683, "var": 0.509343862534, "dvar": 0.103331446648, "mean": -0.0487313382328}, "erbbands_crest": {"min": 1.95671236515, "max": 31.7796916962, "dvar2": 16.4829502106, "median": 7.49739933014, "dmean2": 4.19621372223, "dmean": 2.62542819977, "var": 21.6847267151, "dvar": 6.90228366852, "mean": 8.78999614716}, "melbands": {"min": [1.34197656649e-23, 1.73081005098e-23, 1.95068846223e-23, 1.45559935811e-23, 1.98684984612e-23, 2.27299273118e-23, 1.44637015884e-23, 1.37209811575e-23, 6.1148848891e-24, 1.95039863473e-24, 9.83824722503e-24, 1.25703273419e-23, 1.07751867885e-23, 4.86869212927e-24, 5.48697803539e-24, 9.85637051546e-24, 1.57138741515e-23, 1.13786803693e-23, 4.7423702548e-24, 6.60599182337e-24, 1.68791794806e-23, 1.50646242715e-23, 9.6362562348e-24, 1.08534283797e-23, 8.39342638901e-24, 5.40021043556e-24, 8.70195856651e-24, 1.13703799749e-23, 1.09696977996e-23, 1.96611905485e-23, 8.67477363086e-24, 1.30913589257e-23, 1.47855694595e-23, 9.739814739e-24, 8.53695726413e-24, 1.0185177996e-23, 9.69688729512e-24, 1.3254341533e-23, 9.73407735363e-24, 7.9020922628e-24], "max": [0.0225742030889, 0.0200055483729, 0.0175987668335, 0.0104347728193, 0.00272080698051, 0.00494861928746, 0.00584154948592, 0.00495395064354, 0.014541560784, 0.0141426855698, 0.0138879185542, 0.00816807709634, 0.0124504361302, 0.0066533475183, 0.00449565425515, 0.00376785942353, 0.00373441842385, 0.00414747791365, 0.00246050371788, 0.00277060992084, 0.00232236459851, 0.00074578623753, 0.000571542594116, 0.000377696793294, 0.000243474773015, 0.00126106711105, 0.000420002645114, 0.000212238141103, 0.000187448385986, 9.41133039305e-05, 0.000109622851596, 8.79113649717e-05, 7.15110727469e-05, 7.22836193745e-05, 8.13500155346e-05, 7.0414673246e-05, 5.4660722526e-05, 7.86747550592e-05, 7.42533447919e-05, 9.88615938695e-05], "dvar2": [4.20612741436e-06, 5.56021586817e-06, 7.88499619375e-06, 1.85433304978e-06, 3.50471260901e-08, 4.6111516383e-08, 6.32910683862e-08, 3.67541446167e-08, 3.88423330833e-07, 1.02771718957e-06, 4.77901551221e-07, 1.72479118987e-07, 1.31891283672e-07, 5.41694831213e-08, 3.62183136815e-08, 2.77081451117e-08, 4.4698129642e-08, 4.26902602157e-08, 1.70005645117e-08, 1.94434974787e-08, 9.55408285819e-09, 2.05364236727e-09, 1.61822089062e-09, 6.39358233023e-10, 3.68394065253e-10, 1.96191640711e-09, 2.3487350953e-10, 1.23016666298e-10, 1.04173225601e-10, 4.47723455532e-11, 3.25736104756e-11, 2.12235350822e-11, 1.23947709735e-11, 1.19501292542e-11, 6.12505142092e-12, 6.2378279625e-12, 6.74457061381e-12, 1.34703272842e-11, 1.15059246852e-11, 1.15801881972e-11], "median": [0.000105279999843, 0.000241771631408, 0.00037805212196, 0.000185920391232, 0.000123678837554, 8.71426746016e-05, 6.71157249599e-05, 3.70420239051e-05, 4.19069765485e-05, 5.06573123857e-05, 3.01682775898e-05, 2.80994790955e-05, 1.86078068509e-05, 2.2761276341e-05, 3.2047249988e-05, 3.02092084894e-05, 2.47365678661e-05, 2.2203050321e-05, 1.47419550558e-05, 1.14118793135e-05, 1.42348480949e-05, 1.21498815133e-05, 1.18820989883e-05, 8.98006692296e-06, 8.56248516357e-06, 9.03544423636e-06, 5.52181609237e-06, 3.65912728739e-06, 2.48248625212e-06, 1.24568191495e-06, 9.29798602556e-07, 5.58028887099e-07, 3.40330586823e-07, 2.7244752232e-07, 2.74262106359e-07, 2.24843290653e-07, 2.25092506412e-07, 2.30669030543e-07, 2.15400092429e-07, 1.59231944963e-07], "dmean2": [0.000865713867825, 0.00103935587686, 0.00111877790187, 0.000476515211631, 0.000127094390336, 0.0001280826109, 0.000111594417831, 6.99393058312e-05, 0.000172663581907, 0.00028693038621, 0.000193021624, 0.00011649505177, 9.54464558163e-05, 7.15842033969e-05, 6.88786167302e-05, 6.71674060868e-05, 7.73822466726e-05, 7.0258633059e-05, 4.59860711999e-05, 4.27737431892e-05, 3.52661045326e-05, 2.11297192436e-05, 1.98905072466e-05, 1.31673332362e-05, 1.16146820801e-05, 1.48194149006e-05, 8.22840684123e-06, 6.21415301794e-06, 5.06224341734e-06, 3.2109080621e-06, 2.51225401371e-06, 1.86030547411e-06, 1.43137231134e-06, 1.36469304834e-06, 1.02283195247e-06, 9.98050381895e-07, 9.82451410891e-07, 1.22721110074e-06, 1.03196180135e-06, 8.73429428339e-07], "dmean": [0.00054989871569, 0.000609846611042, 0.00064052460948, 0.0002684496867, 8.15604144009e-05, 7.90980047896e-05, 6.95737398928e-05, 4.32813139923e-05, 0.000114236718218, 0.000192106192117, 0.000126955113956, 7.94340085122e-05, 6.56498232274e-05, 4.64902732347e-05, 4.51557425549e-05, 4.36887639808e-05, 5.07205877511e-05, 4.54207583971e-05, 2.90645293717e-05, 2.75752390735e-05, 2.23922324949e-05, 1.35814507303e-05, 1.2419705854e-05, 8.18424996396e-06, 7.27995984562e-06, 9.10603648663e-06, 5.24938877788e-06, 4.0230970626e-06, 3.24500183524e-06, 2.05062428904e-06, 1.62987942076e-06, 1.20618074106e-06, 9.49118884819e-07, 9.06235186449e-07, 6.95933636052e-07, 6.81432084093e-07, 6.69898327033e-07, 8.52111838867e-07, 7.24114897821e-07, 6.06223181876e-07], "var": [2.14656779463e-06, 2.02139449357e-06, 2.22577364184e-06, 4.62284191372e-07, 3.38465646621e-08, 3.58595819705e-08, 4.15492813488e-08, 2.30930456979e-08, 4.1891115643e-07, 8.73530552781e-07, 4.3667282057e-07, 2.33620085055e-07, 2.67859178393e-07, 5.55173969019e-08, 3.33173630906e-08, 2.7472696118e-08, 4.75888342066e-08, 4.81107065298e-08, 1.47932350814e-08, 1.7517892914e-08, 7.20432247192e-09, 1.8430867943e-09, 1.51545065386e-09, 5.17107745512e-10, 3.53290091626e-10, 1.05043107546e-09, 2.91676516273e-10, 1.64782548717e-10, 1.0638646214e-10, 4.65596172727e-11, 3.12679812597e-11, 1.90718482673e-11, 1.35203697196e-11, 1.36180624069e-11, 8.59563635547e-12, 8.77267789662e-12, 9.27141610013e-12, 1.82525713294e-11, 1.26293576291e-11, 1.00762115665e-11], "dvar": [1.97641270461e-06, 2.09290760722e-06, 2.87288844447e-06, 6.49545597753e-07, 1.40130094195e-08, 1.83231065876e-08, 2.50952929548e-08, 1.53915920009e-08, 1.87166591559e-07, 4.77834134927e-07, 2.20315101274e-07, 9.32416810429e-08, 7.28366487124e-08, 2.34390906684e-08, 1.69759939439e-08, 1.23878729497e-08, 2.06720933704e-08, 1.96420462117e-08, 7.49594786242e-09, 8.70598704239e-09, 4.10117717564e-09, 8.58416004945e-10, 6.34203634053e-10, 2.37185993068e-10, 1.50360973672e-10, 7.25105198107e-10, 1.04196595796e-10, 5.6507794971e-11, 4.49547517267e-11, 1.89094920278e-11, 1.43964059424e-11, 9.03127312518e-12, 5.51451245778e-12, 5.36734675802e-12, 3.02146458894e-12, 2.75816110402e-12, 3.00921830856e-12, 6.54058057714e-12, 5.45246053169e-12, 5.18167453389e-12], "mean": [0.000577101716772, 0.000734030560125, 0.000753967207856, 0.000347116030753, 0.000176741115865, 0.0001444718946, 0.000129069725517, 7.1783659223e-05, 0.000184647826245, 0.000294675090117, 0.000191463026567, 0.000130329121021, 0.000124778831378, 7.78522662586e-05, 7.83580981079e-05, 7.59581380407e-05, 8.36431790958e-05, 7.75104344939e-05, 4.66229539597e-05, 4.30776854046e-05, 3.67858738173e-05, 2.54158458119e-05, 2.40664321609e-05, 1.60691797646e-05, 1.44989489854e-05, 1.75333989318e-05, 1.11133213068e-05, 8.22620040708e-06, 6.07351057624e-06, 3.77486117031e-06, 2.77709091279e-06, 2.07967514143e-06, 1.66705262927e-06, 1.53437599693e-06, 1.26156487568e-06, 1.27275222894e-06, 1.27193459321e-06, 1.55767668275e-06, 1.2821431028e-06, 1.02211970443e-06]}, "spectral_entropy": {"min": 5.85815954208, "max": 9.80839061737, "dvar2": 0.0317376814783, "median": 7.69055366516, "dmean2": 0.178216025233, "dmean": 0.128982141614, "var": 0.154955625534, "dvar": 0.0190036818385, "mean": 7.67481088638}, "spectral_rolloff": {"min": 43.06640625, "max": 19272.2167969, "dvar2": 1719281.75, "median": 1765.72265625, "dmean2": 872.653198242, "dmean": 534.272888184, "var": 2576605.5, "dvar": 792770.3125, "mean": 2089.9375}, "barkbands": {"min": [6.93150541515e-24, 3.76528421881e-23, 4.67479666632e-23, 4.62208371845e-23, 9.38311739675e-23, 1.02440063513e-22, 7.01085930019e-23, 4.22926380426e-23, 1.22815198425e-23, 8.78648801018e-23, 8.4231519301e-23, 3.50317887216e-23, 9.35220982648e-23, 1.55503240376e-22, 9.06799523302e-23, 1.53761889881e-22, 2.28610754373e-22, 2.44514341684e-22, 1.48572750225e-22, 3.29020554974e-22, 6.06496206338e-22, 6.72245957874e-22, 5.62772814427e-22, 9.39864281045e-22, 1.11021027383e-21, 1.45147872108e-21, 2.72812991165e-21], "max": [0.0045880866237, 0.0716566592455, 0.0448279008269, 0.0485917255282, 0.0383588075638, 0.0206187851727, 0.0315281450748, 0.0625652521849, 0.0875474065542, 0.0804482102394, 0.0815075710416, 0.046703863889, 0.0317435264587, 0.0443940423429, 0.0222541484982, 0.0303206369281, 0.0108188511804, 0.00481551000848, 0.0192037820816, 0.00702705513686, 0.0050288150087, 0.00452109798789, 0.00386985926889, 0.00393646862358, 0.00655100820586, 0.00436684861779, 0.000350167276338], "dvar2": [1.4117992464e-07, 4.91403188789e-05, 2.33151349676e-05, 4.93783190905e-05, 2.28381541092e-05, 1.01563489352e-06, 1.54834526711e-06, 4.10658230976e-06, 3.79212651751e-05, 1.50405048771e-05, 6.54197901895e-06, 3.76864454665e-06, 2.97808014693e-06, 6.12647454545e-06, 3.29331464854e-06, 3.12059773933e-06, 6.90436024797e-07, 1.8995868345e-07, 5.49742026124e-07, 1.06585652304e-07, 6.65268089506e-08, 3.77451563338e-08, 1.78908940995e-08, 4.69627003952e-08, 5.86932138447e-08, 1.18043930186e-08, 6.72619737685e-10], "median": [1.19885353342e-05, 0.000431593449321, 0.000550788710825, 0.000786955410149, 0.000752339372411, 0.000547466683201, 0.000310738338158, 0.000130567554152, 0.000345457345247, 0.000198609224753, 0.000101916142739, 0.000187097262824, 0.000303713983158, 0.000269726326223, 0.000229979865253, 0.000176746631041, 0.00023850647267, 0.000197187429876, 0.000244178343564, 0.000127496998175, 6.22165389359e-05, 2.51437177212e-05, 1.69638369698e-05, 2.01925431611e-05, 1.47287946675e-05, 4.05598439102e-06, 2.72309733873e-07], "dmean2": [0.000153999455506, 0.0030831664335, 0.0020695857238, 0.00267917918973, 0.00171625602525, 0.00065831275424, 0.000515545834787, 0.000531934027094, 0.0019138060743, 0.00106458947994, 0.000665850937366, 0.000614542572293, 0.000720100069884, 0.000882382271811, 0.000688930682372, 0.00057879043743, 0.000406460225349, 0.00025948882103, 0.000323035317706, 0.000188837133464, 0.000129022344481, 7.97769971541e-05, 6.03059306741e-05, 8.07979740785e-05, 7.02391407685e-05, 3.37647434208e-05, 8.72872351465e-06], "dmean": [9.90294065559e-05, 0.0019550411962, 0.00118087558076, 0.00154587405268, 0.000964139937423, 0.000413483299781, 0.000320970430039, 0.000341230945196, 0.00127023120876, 0.000685762555804, 0.000462338095531, 0.000393382884795, 0.000464929093141, 0.00056901742937, 0.000430197163951, 0.000370405061403, 0.000256878876826, 0.000162837197422, 0.000201284798095, 0.000123887191876, 8.39326676214e-05, 5.31526275154e-05, 4.21433542215e-05, 5.75908161409e-05, 5.10906793352e-05, 2.48645847023e-05, 5.91379330217e-06], "var": [7.31359364181e-08, 2.49193490163e-05, 7.30480996936e-06, 1.4216375348e-05, 5.55606175112e-06, 8.93624815035e-07, 9.17832437608e-07, 4.31408170698e-06, 3.5803517676e-05, 1.38662608151e-05, 1.48465924212e-05, 3.68403107132e-06, 2.97518613479e-06, 7.32025728212e-06, 2.31900821746e-06, 2.61907825916e-06, 6.23742380412e-07, 1.89209472978e-07, 3.84657170116e-07, 1.70910865904e-07, 7.58694085334e-08, 4.30293525255e-08, 3.37656373972e-08, 8.05837601092e-08, 6.76108129483e-08, 1.50438346225e-08, 4.43132752714e-10], "dvar": [6.52862937045e-08, 2.2509628252e-05, 8.39195945446e-06, 1.80755941983e-05, 7.89091518527e-06, 4.04656674391e-07, 6.09398910001e-07, 1.98688780984e-06, 1.75663008122e-05, 6.70232066113e-06, 3.71472424376e-06, 1.60329500432e-06, 1.32985087475e-06, 2.75438424069e-06, 1.36109360938e-06, 1.38636391966e-06, 2.77419559325e-07, 7.41565884255e-08, 2.08256707879e-07, 5.18147054152e-08, 2.91361512694e-08, 1.68022307179e-08, 9.38086763824e-09, 2.33881181089e-08, 2.89178316848e-08, 6.09152639441e-09, 3.27105648124e-10], "mean": [9.60351972026e-05, 0.00211377907544, 0.00140226527583, 0.00174313492607, 0.00131518242415, 0.000818276195787, 0.000580768974032, 0.0005163064925, 0.00200898596086, 0.00106049363967, 0.000875753816217, 0.000649087887723, 0.000805205781944, 0.000980844139121, 0.000662090315018, 0.000591871503275, 0.000488278805278, 0.000338422862114, 0.000424843688961, 0.000272961886367, 0.000164650889928, 9.89210093394e-05, 8.24397720862e-05, 0.000116420305858, 9.16724093258e-05, 3.86391438951e-05, 6.49746834824e-06]}, "melbands_flatness_db": {"min": 0.00688599515706, "max": 0.461357712746, "dvar2": 0.00114233337808, "median": 0.161873787642, "dmean2": 0.0348050780594, "dmean": 0.0226288363338, "var": 0.00347504322417, "dvar": 0.000513287144713, "mean": 0.16607311368}, "melbands_skewness": {"min": -1.68352162838, "max": 22.1572856903, "dvar2": 1.14295351505, "median": 1.69858717918, "dmean2": 0.979481756687, "dmean": 0.630217373371, "var": 2.4236934185, "dvar": 0.502558231354, "mean": 1.94722104073}, "barkbands_skewness": {"min": -1.91643607616, "max": 10.0093688965, "dvar2": 0.498121380806, "median": 0.743311345577, "dmean2": 0.712602615356, "dmean": 0.459366410971, "var": 1.04676687717, "dvar": 0.231186941266, "mean": 0.906666874886}, "silence_rate_60dB": {"min": 0, "max": 1, "dvar2": 0.0435438714921, "median": 0, "dmean2": 0.0381086803973, "dmean": 0.0190526600927, "var": 0.124336957932, "dvar": 0.0186922866851, "mean": 0.145528316498}, "spectral_energyband_low": {"min": 1.07195014127e-22, "max": 0.0848394185305, "dvar2": 0.000103301550553, "median": 0.00197977479547, "dmean2": 0.00515629537404, "dmean": 0.00324258464389, "var": 5.72207791265e-05, "dvar": 4.65842967969e-05, "mean": 0.00445704720914}, "spectral_energyband_middle_low": {"min": 3.80362248015e-22, "max": 0.104506857693, "dvar2": 0.000179502923856, "median": 0.00460847001523, "dmean2": 0.00634409952909, "dmean": 0.00390278198756, "var": 9.68598833424e-05, "dvar": 7.0159061579e-05, "mean": 0.00739967636764}, "melbands_kurtosis": {"min": -1.67829215527, "max": 610.739074707, "dvar2": 242.243667603, "median": 2.9991979599, "dmean2": 6.85794019699, "dmean": 4.2744307518, "var": 306.704345703, "dvar": 95.6457595825, "mean": 7.37354040146}, "spectral_decrease": {"min": -3.18781374631e-08, "max": 2.13801334986e-29, "dvar2": 2.11293725269e-17, "median": -2.94485369423e-09, "dmean2": 2.7535822511e-09, "dmean": 1.79847226001e-09, "var": 1.97337500887e-17, "dvar": 9.14036396668e-18, "mean": -4.37957714539e-09}, "erbbands_kurtosis": {"min": -1.86577367783, "max": 28.6588745117, "dvar2": 2.88245797157, "median": -0.110315173864, "dmean2": 1.25923740864, "dmean": 0.789541840553, "var": 3.3545384407, "dvar": 1.21620333195, "mean": 0.402133971453}, "melbands_crest": {"min": 1.9851154089, "max": 37.6796073914, "dvar2": 29.0633926392, "median": 11.86698246, "dmean2": 5.92338991165, "dmean": 3.68489575386, "var": 29.9408931732, "dvar": 12.2119483948, "mean": 13.0566043854}, "melbands_spread": {"min": 0.884701967239, "max": 177.63444519, "dvar2": 181.614044189, "median": 30.5651454926, "dmean2": 13.0114192963, "dmean": 8.29649543762, "var": 372.916168213, "dvar": 79.7251205444, "mean": 33.4085693359}, "spectral_energy": {"min": 1.103053344e-20, "max": 0.129567414522, "dvar2": 0.00032666840707, "median": 0.0125816483051, "dmean2": 0.0109489578754, "dmean": 0.00721928337589, "var": 0.00033216184238, "dvar": 0.000142747128848, "mean": 0.0183437932283}, "mfcc": {"mean": [-663.057128906, 116.087944031, -18.7080726624, 20.4773979187, 9.43000221252, 0.516529202461, 7.21193265915, -3.5133087635, -3.31529760361, 1.91837120056, -2.62429213524, -2.287753582, -5.88790655136], "icov": [[0.000106377417978, 5.13541963301e-05, 8.31108627608e-05, 5.07706408825e-06, 7.57210655138e-05, 5.27683823748e-06, -3.63700601156e-05, -0.000220057598199, -8.16739629954e-05, -4.86800054205e-05, -0.000121852099255, 8.12964281067e-05, 3.11344920192e-05], [5.13541963301e-05, 0.00124968856107, 0.000670513429213, -0.000625701504759, -0.000372114940546, 0.000173980428372, -0.000749973638449, 0.000760805385653, 0.000110345325083, -0.000174561471795, -0.000187831392395, 5.70689917367e-05, 0.000151597181684], [8.31108627608e-05, 0.000670513429213, 0.00289438758045, 0.00109436328057, -0.00118662521709, -0.00134603551123, 0.0013409886742, -0.000835423241369, 0.000489136436954, 0.000645905558486, -0.000744292454328, 0.000302590342471, -0.000392053072574], [5.07706408825e-06, -0.000625701504759, 0.00109436328057, 0.0063137896359, -0.00173060840461, -0.00164433359168, 0.00327036180533, -0.00174395111389, 0.000698277261108, 0.00157078646589, -0.000745441066101, -0.00240079523064, 0.000296086102026], [7.57210655138e-05, -0.000372114940546, -0.00118662521709, -0.00173060840461, 0.00814693327993, -0.000536309788004, 3.09376923724e-06, 0.000901101098862, -0.00160162488464, 0.000219871115405, 1.51799522428e-05, -0.000509432749823, -0.000614662130829], [5.27683823748e-06, 0.000173980428372, -0.00134603551123, -0.00164433359168, -0.000536309788004, 0.00981180835515, -0.00309060839936, -0.00115786434617, 0.0022448382806, -0.00131335132755, -0.000897104328033, 0.00127919460647, -0.000411718938267], [-3.63700601156e-05, -0.000749973638449, 0.0013409886742, 0.00327036180533, 3.09376923724e-06, -0.00309060839936, 0.00982715003192, -0.0020969347097, 0.00134304107632, -0.00204157596454, 7.3053255619e-05, 0.000175128137926, -0.00180757441558], [-0.000220057598199, 0.000760805385653, -0.000835423241369, -0.00174395111389, 0.000901101098862, -0.00115786434617, -0.0020969347097, 0.0138675821945, -0.00720246508718, 0.00168779981323, -0.00154882005882, -0.00118801312055, -0.00114672223572], [-8.16739629954e-05, 0.000110345325083, 0.000489136436954, 0.000698277261108, -0.00160162488464, 0.0022448382806, 0.00134304107632, -0.00720246508718, 0.0151253379881, -0.00604011956602, 0.000921082275454, -0.0011158825364, 0.0016158320941], [-4.86800054205e-05, -0.000174561471795, 0.000645905558486, 0.00157078646589, 0.000219871115405, -0.00131335132755, -0.00204157596454, 0.00168779981323, -0.00604011956602, 0.0149133112282, -0.00485662510619, 0.00421259738505, -0.00263862498105], [-0.000121852099255, -0.000187831392395, -0.000744292454328, -0.000745441066101, 1.51799522428e-05, -0.000897104328033, 7.3053255619e-05, -0.00154882005882, 0.000921082275454, -0.00485662510619, 0.0172505881637, -0.00904730055481, 0.00268707401119], [8.12964281067e-05, 5.70689917367e-05, 0.000302590342471, -0.00240079523064, -0.000509432749823, 0.00127919460647, 0.000175128137926, -0.00118801312055, -0.0011158825364, 0.00421259738505, -0.00904730055481, 0.0208980571479, -0.00815619621426], [3.11344920192e-05, 0.000151597181684, -0.000392053072574, 0.000296086102026, -0.000614662130829, -0.000411718938267, -0.00180757441558, -0.00114672223572, 0.0016158320941, -0.00263862498105, 0.00268707401119, -0.00815619621426, 0.0200891885906]], "cov": [[11210.5986328, -535.76953125, -254.831787109, -117.344314575, -180.693786621, 0.582312047482, 148.058258057, 345.030212402, 279.440979004, 192.638153076, 122.007995605, -11.9994773865, -7.4402680397], [-535.76953125, 1211.58996582, -373.331970215, 122.935676575, 31.6794624329, -26.17486763, 78.2640380859, -100.546936035, -46.5563163757, 12.5424995422, -2.10694384575, 5.32031202316, -7.84087848663], [-254.831787109, -373.331970215, 565.051635742, -43.50415802, 58.7506599426, 62.0227890015, -67.9349594116, 39.516242981, -7.43388080597, -31.7427558899, 17.0428695679, 6.98641490936, 11.0779762268], [-117.344314575, 122.935676575, -43.50415802, 287.655670166, 63.6358375549, 10.0290231705, -83.3468322754, 19.3404350281, -9.95361232758, -51.44190979, 31.3413906097, 61.8447341919, 4.8834605217], [-180.693786621, 31.6794624329, 58.7506599426, 63.6358375549, 152.132965088, 14.6401987076, -24.62200737, 3.327678442, 6.76918888092, -12.2617855072, 11.4457435608, 21.2403125763, 8.11656856537], [0.582312047482, -26.17486763, 62.0227890015, 10.0290231705, 14.6401987076, 133.334640503, 37.411819458, 16.118478775, -13.4287223816, 11.4516925812, 13.249581337, -0.529255330563, 9.32321739197], [148.058258057, 78.2640380859, -67.9349594116, -83.3468322754, -24.62200737, 37.411819458, 171.531951904, 10.0601034164, 4.08890533447, 48.0098686218, -0.455900639296, -17.2802944183, 14.1263971329], [345.030212402, -100.546936035, 39.516242981, 19.3404350281, 3.327678442, 16.118478775, 10.0601034164, 127.526031494, 62.697013855, 14.2400770187, 27.4574604034, 23.9734668732, 12.2149162292], [279.440979004, -46.5563163757, -7.43388080597, -9.95361232758, 6.76918888092, -13.4287223816, 4.08890533447, 62.697013855, 118.347686768, 45.1186447144, 15.4177923203, 6.76815271378, 0.891224980354], [192.638153076, 12.5424995422, -31.7427558899, -51.44190979, -12.2617855072, 11.4516925812, 48.0098686218, 14.2400770187, 45.1186447144, 110.918617249, 19.0017910004, -15.950463295, 6.65981483459], [122.007995605, -2.10694384575, 17.0428695679, 31.3413906097, 11.4457435608, 13.249581337, -0.455900639296, 27.4574604034, 15.4177923203, 19.0017910004, 89.8754882813, 43.1806602478, 8.61104774475], [-11.9994773865, 5.32031202316, 6.98641490936, 61.8447341919, 21.2403125763, -0.529255330563, -17.2802944183, 23.9734668732, 6.76815271378, -15.950463295, 43.1806602478, 90.0689620972, 27.8087348938], [-7.4402680397, -7.84087848663, 11.0779762268, 4.8834605217, 8.11656856537, 9.32321739197, 14.1263971329, 12.2149162292, 0.891224980354, 6.65981483459, 8.61104774475, 27.8087348938, 63.3422431946]]}, "spectral_contrast_valleys": {"min": [-27.0073432922, -27.5683555603, -27.6554317474, -27.1762218475, -27.2278499603, -27.1571674347], "max": [-5.1669921875, -5.03575992584, -5.39810228348, -5.78905010223, -5.67141056061, -7.57204008102], "dvar2": [0.37646561861, 0.270646929741, 0.258818238974, 0.158658891916, 0.134676724672, 0.196378394961], "median": [-7.55515480042, -6.88141918182, -7.34964466095, -7.40633058548, -7.22053718567, -10.2498168945], "dmean2": [0.713462650776, 0.590189516544, 0.552631497383, 0.436265736818, 0.348648130894, 0.358070909977], "dmean": [0.440763771534, 0.361935824156, 0.350653558969, 0.289105147123, 0.242518365383, 0.288841784], "var": [1.48101961613, 1.40082323551, 1.41137075424, 1.33835947514, 1.47159659863, 1.98030352592], "dvar": [0.172268420458, 0.122824937105, 0.123257994652, 0.0909849479795, 0.0876968130469, 0.129218935966], "mean": [-7.76115036011, -7.11903953552, -7.55531454086, -7.62862586975, -7.50597286224, -10.4145879745]}, "barkbands_flatness_db": {"min": 0.013927099295, "max": 0.336614489555, "dvar2": 0.000614025106188, "median": 0.104917779565, "dmean2": 0.0266881342977, "dmean": 0.0178006868809, "var": 0.00193071539979, "dvar": 0.000282632710878, "mean": 0.108810834587}, "dynamic_complexity": 4.9716591835, "spectral_skewness": {"min": 0.0212938990444, "max": 3.97460603714, "dvar2": 0.100342079997, "median": 1.45823812485, "dmean2": 0.309675782919, "dmean": 0.191100344062, "var": 0.158200547099, "dvar": 0.0416856370866, "mean": 1.51130390167}, "erbbands_flatness_db": {"min": 0.0226845555007, "max": 0.340341627598, "dvar2": 0.000505893374793, "median": 0.157202899456, "dmean2": 0.0236394144595, "dmean": 0.0170900393277, "var": 0.00226892414503, "dvar": 0.000293821387459, "mean": 0