{"lowlevel": {"spectral_complexity": {"min": 0, "max": 52, "dvar2": 18.5202102661, "median": 11, "dmean2": 3.15190339088, "dmean": 1.91210615635, "var": 33.0244827271, "dvar": 7.5498585701, "mean": 11.893872261}, "silence_rate_20dB": {"min": 1, "max": 1, "dvar2": 0, "median": 1, "dmean2": 0, "dmean": 0, "var": 0, "dvar": 0, "mean": 1}, "average_loudness": 0.260959595442, "erbbands_spread": {"min": 0.651307702065, "max": 128.362380981, "dvar2": 153.879089355, "median": 25.2769145966, "dmean2": 9.03305625916, "dmean": 5.99202442169, "var": 233.368225098, "dvar": 70.6158981323, "mean": 27.3148345947}, "spectral_kurtosis": {"min": -1.26665580273, "max": 112.80418396, "dvar2": 88.6375427246, "median": 5.33141422272, "dmean2": 7.30991029739, "dmean": 4.34285640717, "var": 123.342849731, "dvar": 34.3255844116, "mean": 8.92009353638}, "barkbands_kurtosis": {"min": -1.8538608551, "max": 201.942596436, "dvar2": 114.063697815, "median": 2.38009548187, "dmean2": 4.19103956223, "dmean": 2.58775663376, "var": 82.9657974243, "dvar": 43.1122589111, "mean": 4.73088312149}, "spectral_strongpeak": {"min": 0, "max": 26.1330833435, "dvar2": 2.07145738602, "median": 0.558867990971, "dmean2": 0.771134436131, "dmean": 0.478112965822, "var": 2.61013197899, "dvar": 0.935635149479, "mean": 1.12769496441}, "spectral_spread": {"min": 657099.375, "max": 46105216, "dvar2": 1025338507260.0, "median": 3131273, "dmean2": 653072.875, "dmean": 445398.34375, "var": 13995765399600.0, "dvar": 487078395904, "mean": 3594053.25}, "spectral_rms": {"min": 3.09377458547e-12, "max": 0.0168525967747, "dvar2": 2.67926634478e-06, "median": 0.00335992849432, "dmean2": 0.000901140097994, "dmean": 0.000598841230385, "var": 4.1107296056e-06, "dvar": 1.12037423605e-06, "mean": 0.00373523752205}, "erbbands": {"min": [5.95399710192e-23, 2.21559196161e-22, 1.74610658142e-21, 4.81506237042e-21, 1.25339035071e-20, 2.82980103142e-20, 5.78460844043e-20, 9.69703315108e-20, 1.43681466271e-19, 1.62579144072e-19, 2.07217622711e-19, 2.60705822381e-19, 3.78411297102e-19, 7.16709711168e-19, 6.88311515065e-19, 1.06569204173e-18, 1.15222154445e-18, 2.22367097003e-18, 2.46539299736e-18, 2.51668129726e-18, 2.89541690086e-18, 4.24288770806e-18, 5.61436433061e-18, 6.82194338659e-18, 6.77493636674e-18, 9.12649132063e-18, 7.81874689633e-18, 8.16675418774e-18, 1.12945623118e-17, 1.21180925763e-17, 1.06794261406e-17, 1.08354506021e-17, 9.80484228865e-18, 8.58668979649e-18, 5.87610785107e-18, 3.89045086447e-18, 2.37628558625e-18, 9.16550860294e-19, 2.39012700624e-19, 2.85715098289e-20], "max": [2.50561332703, 42.0750274658, 106.993278503, 164.867218018, 294.134735107, 1101.28100586, 487.650512695, 700.19720459, 2180.60375977, 1677.35864258, 2115.15698242, 1344.45324707, 9393.25097656, 1973.85302734, 5701.48144531, 9231.04980469, 4363.65673828, 10334.5, 1816.22814941, 600.586547852, 582.028381348, 672.639892578, 1558.25866699, 879.763977051, 393.201385498, 722.333740234, 368.763519287, 208.345901489, 121.349769592, 602.914672852, 324.317840576, 129.518112183, 51.7627716064, 44.2789382935, 9.04260635376, 0.209241509438, 0.0102807721123, 0.00113749317825, 0.000316862686304, 0.000335826945957], "dvar2": [0.051500748843, 15.3940811157, 116.22668457, 72.2025299072, 188.115432739, 1729.09033203, 516.738220215, 680.405334473, 5252.94873047, 2307.98046875, 2812.98461914, 1467.67272949, 81890.375, 3418.98339844, 3655.56152344, 19205.0371094, 5953.33789062, 27824.1269531, 939.562316895, 482.635101318, 416.674102783, 462.284973145, 813.486633301, 939.726257324, 308.496032715, 370.376373291, 271.552429199, 50.2522583008, 51.7671890259, 205.541305542, 49.2970848083, 15.7400665283, 3.80323958397, 2.17539191246, 0.0701564624906, 3.70694688172e-05, 9.5354835139e-08, 1.29643829005e-09, 2.49469611635e-10, 9.52651735275e-10], "median": [0.024727223441, 0.279701203108, 0.771117985249, 1.21592783928, 3.08803915977, 4.04848909378, 3.70064902306, 5.11109113693, 7.43776750565, 9.14707660675, 12.6785097122, 9.35135746002, 8.09654140472, 4.11220216751, 2.08921670914, 2.71578097343, 1.97938966751, 2.70469474792, 2.08880591393, 2.49596571922, 2.71683859825, 1.79858517647, 2.13989686966, 1.59166061878, 1.66982877254, 1.27078652382, 0.75310087204, 0.420660972595, 0.277377665043, 0.220073610544, 0.12187294662, 0.0672060400248, 0.044308423996, 0.021461436525, 0.00237299292348, 7.3246032116e-05, 1.06143097582e-05, 2.0968170702e-06, 6.33675199424e-06, 1.35302743729e-05], "dmean2": [0.0528081953526, 0.837596356869, 2.46471643448, 2.53664374352, 4.86271238327, 9.42692565918, 7.9992313385, 9.36048793793, 18.4739456177, 16.8656005859, 21.191078186, 12.9609460831, 40.9221305847, 14.7370557785, 10.436413765, 16.0939941406, 12.7630252838, 11.4775733948, 8.51732349396, 8.48221492767, 8.51167392731, 6.94204425812, 8.15629863739, 9.52471828461, 6.57191610336, 5.80861330032, 3.95908260345, 2.26049852371, 2.11649632454, 2.09890413284, 1.1650147438, 0.769959867001, 0.469556570053, 0.26776894927, 0.036426898092, 0.000870046380442, 5.09255296492e-05, 7.0797036642e-06, 5.99147460889e-06, 1.19639653349e-05], "dmean": [0.0298810619861, 0.460756272078, 1.37992465496, 1.48449039459, 2.94511914253, 5.80082702637, 5.10678863525, 5.93884849548, 11.958612442, 11.7772159576, 15.2752218246, 9.45722007751, 27.8880977631, 10.1715106964, 7.78968191147, 12.4852485657, 9.44285488129, 7.69659852982, 5.61799192429, 5.42675256729, 5.55820131302, 4.67130422592, 5.33817672729, 6.12331914902, 4.31754922867, 3.79414415359, 2.4690053463, 1.45318126678, 1.31920301914, 1.29768514633, 0.757323682308, 0.48367407918, 0.301509082317, 0.171236723661, 0.022850735113, 0.000551980105229, 3.29278700519e-05, 4.64474987893e-06, 3.95050255975e-06, 7.77130389906e-06], "var": [0.0121604343876, 3.15682864189, 25.9601955414, 30.9983386993, 162.228988647, 2177.70166016, 651.868347168, 1227.24035645, 9282.73535156, 7107.22607422, 8857.515625, 3056.33154297, 89298.734375, 6065.5703125, 11210.1943359, 31999.5136719, 9654.04101562, 11205.2412109, 1448.69543457, 475.038208008, 613.005249023, 572.065673828, 1093.31201172, 1026.38098145, 426.702331543, 346.447570801, 119.868972778, 38.8691825867, 23.5734367371, 62.6360931396, 25.4304656982, 6.43403434753, 1.98331606388, 0.966556191444, 0.0230116955936, 1.26454879137e-05, 3.68284709396e-08, 5.98572302835e-10, 1.98858804423e-10, 7.39315275666e-10], "dvar": [0.0186052769423, 5.36138486862, 40.6091003418, 26.1430606842, 76.7593460083, 717.66784668, 253.548675537, 326.176605225, 2430.05224609, 1338.44970703, 1625.4855957, 850.268676758, 35090.9101562, 1677.0480957, 2808.46948242, 11388.2802734, 3905.17236328, 11085.453125, 489.243041992, 215.187026978, 211.154327393, 202.172515869, 433.230133057, 422.108581543, 141.924942017, 173.541397095, 102.319526672, 23.0790348053, 20.3838481903, 72.4861526489, 20.6535415649, 6.02911090851, 1.59144020081, 0.907547652721, 0.0264421682805, 1.40930897032e-05, 3.72216497624e-08, 5.21509280205e-10, 1.01568191357e-10, 3.75438430344e-10], "mean": [0.0397303625941, 0.532078266144, 1.81416618824, 2.65901446342, 5.91986179352, 12.503824234, 10.4288635254, 13.2937088013, 26.8670005798, 29.9679660797, 39.1525497437, 24.358959198, 61.7892150879, 22.1434192657, 15.4329748154, 25.7841434479, 18.4651889801, 14.1277675629, 10.6938848495, 9.80226230621, 10.6819047928, 9.2692899704, 9.64270401001, 10.4469604492, 8.32360935211, 6.13062906265, 3.44910955429, 2.11388683319, 1.73378705978, 1.65180337429, 1.01683342457, 0.635962188244, 0.395747959614, 0.21277102828, 0.0268708318472, 0.000682285870425, 4.81704410049e-05, 7.76309752837e-06, 1.07247287815e-05, 2.17741871893e-05]}, "zerocrossingrate": {"min": 0.00537109375, "max": 0.52880859375, "dvar2": 8.26895411592e-05, "median": 0.03662109375, "dmean2": 0.00784194748849, "dmean": 0.00632586656138, "var": 0.00258068856783, "dvar": 6.30652575637e-05, "mean": 0.0464570894837}, "spectral_contrast_coeffs": {"min": [-0.983475506306, -0.980796456337, -0.984898388386, -0.980403721333, -0.96917706728, -0.964958429337], "max": [-0.254955708981, -0.378201633692, -0.335759282112, -0.355916589499, -0.38901078701, -0.460142046213], "dvar2": [0.00341319246218, 0.00292528467253, 0.00235272059217, 0.00235931598581, 0.00197889772244, 0.00144784047734], "median": [-0.65845900774, -0.718514204025, -0.699327528477, -0.722973465919, -0.721302688122, -0.724233627319], "dmean2": [0.0677646398544, 0.0643346831203, 0.0585385784507, 0.05679378286, 0.050152875483, 0.0405014976859], "dmean": [0.0405807718635, 0.0393325798213, 0.0374004654586, 0.0376453734934, 0.03416647017, 0.0269973669201], "var": [0.00789447687566, 0.00611181138083, 0.00758015457541, 0.00720945233479, 0.00700824614614, 0.00417076284066], "dvar": [0.00129293114878, 0.00114787067287, 0.00103378470521, 0.00107955827843, 0.000968938111328, 0.000655855110381], "mean": [-0.650009632111, -0.71237641573, -0.694975197315, -0.721631467342, -0.719798326492, -0.722490310669]}, "dissonance": {"min": 0.125400826335, "max": 0.500000178814, "dvar2": 0.00231459573843, "median": 0.432992875576, "dmean2": 0.0493170469999, "dmean": 0.0296610146761, "var": 0.00262553850189, "dvar": 0.000860396772623, "mean": 0.422513216734}, "spectral_energyband_high": {"min": 7.08931832035e-21, "max": 0.0208058226854, "dvar2": 7.41924793601e-07, "median": 5.28481177753e-05, "dmean2": 0.000243484682869, "dmean": 0.00015961038298, "var": 5.15189128691e-07, "dvar": 3.20553994015e-07, "mean": 0.00025421223836}, "gfcc": {"mean": [-97.5124282837, 154.255096436, -133.483978271, 45.4351539612, -75.0372848511, 3.54957580566, -28.8372821808, 0.652667045593, -4.09096717834, -16.3880844116, 3.00236010551, -23.2802696228, 5.46004867554], "icov": [[0.000213663297473, -0.000504278403241, 0.000508345314302, -0.000454957043985, 0.000533901329618, -0.00050368841039, 0.000413042784203, -0.000281103275483, 0.000381272344384, -0.000129288353492, 0.000384389830288, -3.20873841702e-05, 0.000277165934676], [-0.000504278403241, 0.00280643999577, -0.00145843054634, 0.00138853117824, -0.00164784991648, 0.00192458834499, -0.00186883925926, 0.00195723283105, -0.00243970192969, 0.00254714838229, -0.00302051892504, 0.00275121466257, -0.00186064431909], [0.000508345314302, -0.00145843054634, 0.00199760519899, -0.00122606928926, 0.00145805475768, -0.00153240084182, 0.000854275655001, -0.000619868165813, 0.000980815850198, -0.000361963611795, 0.001425089431, -0.000428206083598, 0.00058459880529], [-0.000454957043985, 0.00138853117824, -0.00122606928926, 0.00350752635859, -0.00141873094253, 0.00135388667695, 4.23154706368e-05, -0.000694659305736, -0.00125148158986, 0.000926724576857, -0.00114572839811, 0.000358780118404, -0.000428403465776], [0.000533901329618, -0.00164784991648, 0.00145805475768, -0.00141873094253, 0.00463908910751, -0.000924236141145, -0.000166964076925, 0.000316801277222, 0.000438561284682, -0.00157283106819, 0.00212006922811, -0.00145666312892, 0.00199322705157], [-0.00050368841039, 0.00192458834499, -0.00153240084182, 0.00135388667695, -0.000924236141145, 0.00625597452745, -0.00162576336879, 0.000183392286999, 0.0010311070364, -0.000632395094726, -0.00149361917283, 0.000799655739684, -0.000662003585603], [0.000413042784203, -0.00186883925926, 0.000854275655001, 4.23154706368e-05, -0.000166964076925, -0.00162576336879, 0.00783439073712, -0.00222850870341, -0.000201714938157, 0.0011992045911, 0.00122851820197, -0.00228176941164, 0.00161268189549], [-0.000281103275483, 0.00195723283105, -0.000619868165813, -0.000694659305736, 0.000316801277222, 0.000183392286999, -0.00222850870341, 0.00881358608603, -0.00423621200025, 0.00116525904741, 0.000406903913245, 0.00109936459921, -0.00162850809284], [0.000381272344384, -0.00243970192969, 0.000980815850198, -0.00125148158986, 0.000438561284682, 0.0010311070364, -0.000201714938157, -0.00423621200025, 0.0128242978826, -0.00692938128486, 0.00399252353236, -0.000626409833785, 0.000662662321702], [-0.000129288353492, 0.00254714838229, -0.000361963611795, 0.000926724576857, -0.00157283106819, -0.000632395094726, 0.0011992045911, 0.00116525904741, -0.00692938128486, 0.017030229792, -0.00991799775511, 0.00541728502139, -0.00145776476711], [0.000384389830288, -0.00302051892504, 0.001425089431, -0.00114572839811, 0.00212006922811, -0.00149361917283, 0.00122851820197, 0.000406903913245, 0.00399252353236, -0.00991799775511, 0.0216621588916, -0.0103350002319, 0.00656683091074], [-3.20873841702e-05, 0.00275121466257, -0.000428206083598, 0.000358780118404, -0.00145666312892, 0.000799655739684, -0.00228176941164, 0.00109936459921, -0.000626409833785, 0.00541728502139, -0.0103350002319, 0.0199796892703, -0.00761663401499], [0.000277165934676, -0.00186064431909, 0.00058459880529, -0.000428403465776, 0.00199322705157, -0.000662003585603, 0.00161268189549, -0.00162850809284, 0.000662662321702, -0.00145776476711, 0.00656683091074, -0.00761663401499, 0.0146878128871]], "cov": [[18195.9335938, 335.382171631, -2613.53198242, 856.439453125, -916.168640137, 289.98651123, -543.961303711, 237.056854248, -150.527069092, -65.6044311523, -33.3240318298, -275.027832031, -75.9096755981], [335.382171631, 1713.02624512, 313.65838623, -259.678741455, 259.771148682, -280.766571045, 231.801010132, -213.9871521, 137.234069824, -126.541358948, 4.78810214996, -108.130645752, 16.5695533752], [-2613.53198242, 313.65838623, 1441.79101562, 8.97856044769, -47.340259552, 43.1303482056, 66.1006088257, -15.3449277878, -1.62655746937, -64.6423568726, -43.4884986877, -1.8840726614, 43.4622535706], [856.439453125, -259.678741455, 8.97856044769, 509.664031982, -38.0903244019, 4.5485291481, -75.2032165527, 120.123023987, 25.7475986481, 11.3019275665, -19.7099609375, -2.47933149338, -0.112830720842], [-916.168640137, 259.771148682, -47.340259552, -38.0903244019, 417.833282471, -77.7018814087, 94.8299255371, -64.5663986206, 54.6226806641, 13.2407808304, 9.3289642334, 1.35061514378, -31.426902771], [289.98651123, -280.766571045, 43.1303482056, 4.5485291481, -77.7018814087, 273.719360352, -25.5946025848, 27.3315601349, -65.9959411621, 22.7596645355, 11.9491405487, 14.3634529114, -6.55888843536], [-543.961303711, 231.801010132, 66.1006088257, -75.2032165527, 94.8299255371, -25.5946025848, 211.247940063, 1.00394368172, 35.1448822021, -32.884223938, -6.97451114655, 8.54535102844, 0.39935451746], [237.056854248, -213.9871521, -15.3449277878, 120.123023987, -64.5663986206, 27.3315601349, 1.00394368172, 205.414230347, 47.6212463379, 10.185968399, -32.3476791382, -0.71142244339, 18.1482086182], [-150.527069092, 137.234069824, -1.62655746937, 25.7475986481, 54.6226806641, -65.9959411621, 35.1448822021, 47.6212463379, 153.02406311, 35.8828201294, -12.6722240448, -21.9575462341, 3.01163458824], [-65.6044311523, -126.541358948, -64.6423568726, 11.3019275665, 13.2407808304, 22.7596645355, -32.884223938, 10.185968399, 35.8828201294, 117.107772827, 40.4414367676, -5.40606880188, -18.8012638092], [-33.3240318298, 4.78810214996, -43.4884986877, -19.7099609375, 9.3289642334, 11.9491405487, -6.97451114655, -32.3476791382, -12.6722240448, 40.4414367676, 90.7711791992, 26.5750198364, -23.373506546], [-275.027832031, -108.130645752, -1.8840726614, -2.47933149338, 1.35061514378, 14.3634529114, 8.54535102844, -0.71142244339, -21.9575462341, -5.40606880188, 26.5750198364, 89.4365081787, 25.8931121826], [-75.9096755981, 16.5695533752, 43.4622535706, -0.112830720842, -31.426902771, -6.55888843536, 0.39935451746, 18.1482086182, 3.01163458824, -18.8012638092, -23.373506546, 25.8931121826, 97.6951065063]]}, "spectral_flux": {"min": 6.41753733488e-11, "max": 0.44930806756, "dvar2": 0.0024546738714, "median": 0.0370910391212, "dmean2": 0.0305795390159, "dmean": 0.0189856812358, "var": 0.00213265791535, "dvar": 0.00112661556341, "mean": 0.0497842021286}, "silence_rate_30dB": {"min": 0, "max": 1, "dvar2": 0.028214931488, "median": 1, "dmean2": 0.0241236332804, "dmean": 0.0120609076694, "var": 0.0142627926543, "dvar": 0.0119159007445, "mean": 0.985527992249}, "spectral_energyband_middle_high": {"min": 1.04155377812e-21, "max": 0.210228055716, "dvar2": 4.92481703986e-05, "median": 0.0011713670101, "dmean2": 0.00192824983969, "dmean": 0.00138750090264, "var": 8.2127909991e-05, "dvar": 2.53168163908e-05, "mean": 0.00369079457596}, "barkbands_spread": {"min": 0.290004491806, "max": 83.2293395996, "dvar2": 68.7927093506, "median": 11.6754112244, "dmean2": 5.47119474411, "dmean": 3.53157091141, "var": 104.387504578, "dvar": 30.2588500977, "mean": 14.430513382}, "spectral_centroid": {"min": 188.254257202, "max": 11742.1484375, "dvar2": 196137.796875, "median": 826.035766602, "dmean2": 278.557830811, "dmean": 180.674865723, "var": 1276325.75, "dvar": 85677.8828125, "mean": 1074.21191406}, "pitch_salience": {"min": 0.0832948088646, "max": 0.971606075764, "dvar2": 0.00869290716946, "median": 0.53490370512, "dmean2": 0.0929357782006, "dmean": 0.0575447268784, "var": 0.0130259720609, "dvar": 0.00346501776949, "mean": 0.535161375999}, "erbbands_skewness": {"min": -4.08022069931, "max": 9.0299577713, "dvar2": 0.367641746998, "median": 0.732103586197, "dmean2": 0.535646736622, "dmean": 0.352942883968, "var": 0.9118501544, "dvar": 0.159848749638, "mean": 0.777237176895}, "erbbands_crest": {"min": 2.22410321236, "max": 34.1204833984, "dvar2": 12.7376146317, "median": 10.238035202, "dmean2": 3.64150571823, "dmean": 2.33052587509, "var": 29.6978702545, "dvar": 5.72037601471, "mean": 11.478140831}, "melbands": {"min": [6.78998169799e-25, 6.66906559148e-25, 1.23708575511e-24, 1.21146927215e-24, 2.08204216487e-24, 2.20312048091e-24, 2.02321246843e-24, 1.4834286748e-24, 1.56579916394e-24, 1.53185132374e-24, 1.79258957444e-24, 2.71564124166e-24, 2.17713836092e-24, 1.57542760571e-24, 2.67842278416e-24, 2.53065434547e-24, 3.31398139144e-24, 3.3549709985e-24, 2.99397109055e-24, 3.71638012805e-24, 2.96022480431e-24, 3.11493896606e-24, 3.1404140457e-24, 4.45321723429e-24, 4.52453144342e-24, 4.17721768052e-24, 4.2652241864e-24, 5.17018648421e-24, 3.09510463632e-24, 5.43471284497e-24, 4.13965882953e-24, 4.79500542098e-24, 4.97280086395e-24, 5.3323021334e-24, 5.83129807115e-24, 5.78981700374e-24, 5.94374624888e-24, 5.97340031917e-24, 6.28442371941e-24, 6.6743296603e-24], "max": [0.0343041718006, 0.0540387965739, 0.0297695882618, 0.0587793625891, 0.0150252608582, 0.0192708652467, 0.027805397287, 0.0199627764523, 0.0169195644557, 0.0136632928625, 0.0461711399257, 0.011239153333, 0.0142814302817, 0.0189354792237, 0.0259892456234, 0.0117956921458, 0.0178612079471, 0.00301623018458, 0.000815708539449, 0.000732437183615, 0.000770559767261, 0.000796277367044, 0.000580482068472, 0.00292274379171, 0.000799597881269, 0.000462098541902, 0.000692143454216, 0.000691566441674, 0.000354838994099, 0.000188478443306, 0.000112726775114, 0.00010949112766, 0.000250927289017, 0.000286372727714, 0.000280478445347, 6.19631391601e-05, 7.29128296371e-05, 3.85059720429e-05, 5.08530174557e-05, 4.2487783503e-05], "dvar2": [9.57477277552e-06, 3.19648133882e-05, 2.22514108827e-06, 4.36070604337e-06, 8.13616679807e-07, 4.65987511689e-07, 9.24061851038e-07, 2.53735009892e-07, 1.76697355414e-07, 9.03788190953e-08, 2.02923979487e-06, 6.58781402763e-08, 4.21213854906e-08, 7.62015588407e-08, 1.01969867217e-07, 5.14841289601e-08, 8.4336356565e-08, 2.30731878048e-09, 1.33382938028e-09, 1.31854827057e-09, 6.29155616494e-10, 6.84526046957e-10, 4.55430471114e-10, 1.78289605302e-09, 7.23402615588e-10, 3.06438652231e-10, 1.82019899153e-10, 2.59738036634e-10, 1.80544024175e-10, 4.23571490382e-11, 1.58334994421e-11, 1.99609894586e-11, 3.88684084918e-11, 6.56458498671e-11, 3.17769699443e-11, 6.9715487723e-12, 5.69862126237e-12, 2.42804344339e-12, 2.26808827795e-12, 1.82851216807e-12], "median": [0.000274112942861, 0.000425706501119, 0.000282511027763, 0.000296942132991, 0.000140932825161, 0.000117663359561, 0.000113703215902, 9.65666331467e-05, 9.93176581687e-05, 5.05106181663e-05, 3.60020749213e-05, 1.30045154947e-05, 5.29038288732e-06, 5.77060654905e-06, 5.17861644767e-06, 2.57007377513e-06, 3.54470398634e-06, 2.5041108529e-06, 2.56483531302e-06, 2.74236072073e-06, 2.51929623118e-06, 1.58368527536e-06, 1.54518318141e-06, 1.47611467582e-06, 1.02308842997e-06, 1.0412421716e-06, 9.41796599818e-07, 6.88748173161e-07, 4.44422511237e-07, 2.90520659973e-07, 1.83251387398e-07, 1.36736673539e-07, 1.38170079822e-07, 1.00630579425e-07, 6.33518553173e-08, 5.66177078554e-08, 3.03201730389e-08, 2.99669160597e-08, 2.39114807954e-08, 1.53737946818e-08], "dmean2": [0.000680839002598, 0.00125167495571, 0.000473214371596, 0.000525719253346, 0.000302819302306, 0.000230389938224, 0.00026690820232, 0.000186927834875, 0.000167555874214, 8.46611801535e-05, 0.000204522002605, 6.0646696511e-05, 3.64898769476e-05, 3.34282194672e-05, 4.24893223681e-05, 2.73164259852e-05, 2.13578405237e-05, 1.32498707899e-05, 1.16813316708e-05, 1.41360906127e-05, 9.68386575551e-06, 7.85739030107e-06, 7.44202088754e-06, 8.39261792862e-06, 8.24343260319e-06, 5.76331649427e-06, 4.24735981142e-06, 4.12173312725e-06, 2.917086249e-06, 1.75687318915e-06, 1.2706666439e-06, 1.33855246531e-06, 1.11994359031e-06, 1.23974393773e-06, 7.84922292496e-07, 5.23339508618e-07, 4.74736253864e-07, 3.61034011576e-07, 3.05820947233e-07, 2.2342152306e-07], "dmean": [0.000379387085559, 0.000698472606018, 0.000281754764728, 0.000318921054713, 0.000192368708667, 0.000147396189277, 0.000174386848812, 0.000130832951982, 0.000121310848044, 6.21953731752e-05, 0.000139125797432, 4.19727912231e-05, 2.63280653598e-05, 2.56681560131e-05, 3.34421201842e-05, 1.91226754396e-05, 1.41821665238e-05, 8.75079240359e-06, 7.62776699048e-06, 8.82648782863e-06, 6.42779650661e-06, 5.33775300937e-06, 4.84079873786e-06, 5.48231628272e-06, 5.23059952684e-06, 3.87773025068e-06, 2.69884867521e-06, 2.68958183369e-06, 1.79978167125e-06, 1.1116259202e-06, 8.12359644442e-07, 8.2578162619e-07, 6.95600022027e-07, 7.56382689815e-07, 5.01728266045e-07, 3.28890195078e-07, 2.91614924208e-07, 2.2706619518e-07, 1.96272580411e-07, 1.39817032618e-07], "var": [2.07008156394e-06, 6.88224281475e-06, 1.22139601899e-06, 4.50662946605e-06, 1.03348827452e-06, 8.55269888689e-07, 1.73611397258e-06, 7.17771001746e-07, 5.87634872318e-07, 1.7013799436e-07, 2.26665883929e-06, 1.40780471725e-07, 9.07329464894e-08, 1.2120561621e-07, 2.5410059834e-07, 4.48805508313e-08, 3.42571944145e-08, 3.90499721448e-09, 1.40798828152e-09, 1.30617905381e-09, 1.11536102576e-09, 8.82422246384e-10, 6.87699563962e-10, 2.67089483863e-09, 7.54842743866e-10, 5.05206432244e-10, 2.19945978097e-10, 2.40481662361e-10, 7.60551482903e-11, 2.57837640127e-11, 1.22816704723e-11, 9.3128647155e-12, 1.30252310673e-11, 1.99245862864e-11, 1.51993539282e-11, 3.204727499e-12, 2.14439186894e-12, 1.0408405908e-12, 1.27992787809e-12, 6.79197204121e-13], "dvar": [3.38365930475e-06, 1.116641306e-05, 8.37745233184e-07, 1.74623448856e-06, 3.7099647443e-07, 2.2100570618e-07, 4.35327990544e-07, 1.44725206042e-07, 1.05577157683e-07, 5.42923466185e-08, 8.69164921369e-07, 3.43480017762e-08, 2.67347353144e-08, 4.41541629925e-08, 7.96241579337e-08, 2.56519747666e-08, 3.35681917818e-08, 1.26494792418e-09, 5.89263249307e-10, 5.84773562906e-10, 3.28892829637e-10, 3.02503716521e-10, 2.07571501654e-10, 1.04676067814e-09, 3.16188353278e-10, 1.53102530653e-10, 8.82384859624e-11, 1.2429371421e-10, 6.67390864795e-11, 1.85297870797e-11, 7.18357795124e-12, 7.95351371569e-12, 1.420045765e-11, 2.27222927973e-11, 1.32717569573e-11, 2.70268898407e-12, 2.14434633244e-12, 9.50920657321e-13, 1.01558637802e-12, 7.21868691125e-13], "mean": [0.000467518199002, 0.000888118112925, 0.000539378204849, 0.000679024786223, 0.000413134985138, 0.00032823390211, 0.000404692575103, 0.00032817851752, 0.000310446688673, 0.000147254395415, 0.000307147827698, 8.70771691552e-05, 5.00285459566e-05, 5.09105448145e-05, 6.73699760227e-05, 3.38979552907e-05, 2.46118033829e-05, 1.59461451403e-05, 1.35688951559e-05, 1.44973182614e-05, 1.22595092762e-05, 9.95927712211e-06, 9.34953641263e-06, 8.21293997433e-06, 8.48010131449e-06, 7.42393012843e-06, 4.38698089056e-06, 4.0324521251e-06, 2.38691404775e-06, 1.47018988628e-06, 1.13110706934e-06, 1.02207206965e-06, 8.99657663922e-07, 8.89792488579e-07, 6.22791560545e-07, 4.4634808205e-07, 3.5361338746e-07, 2.79278083326e-07, 2.47827301791e-07, 1.6347462406e-07]}, "spectral_entropy": {"min": 4.52309179306, "max": 9.82721710205, "dvar2": 0.121145650744, "median": 6.78907775879, "dmean2": 0.293639540672, "dmean": 0.208795294166, "var": 0.399507254362, "dvar": 0.0631777122617, "mean": 6.7877664566}, "spectral_rolloff": {"min": 21.533203125, "max": 19681.3476562, "dvar2": 861001.4375, "median": 775.1953125, "dmean2": 480.409851074, "dmean": 278.172607422, "var": 3752876.75, "dvar": 358895.125, "mean": 1213.14416504}, "barkbands": {"min": [3.79633196966e-25, 3.73282965286e-25, 5.23361829656e-25, 7.54606444653e-25, 1.07730600195e-23, 1.26056848765e-23, 1.02096508278e-23, 4.34213141934e-24, 8.39416949598e-24, 1.55854712619e-23, 1.67864883243e-23, 2.49267045622e-23, 2.65694758429e-23, 2.38642335629e-23, 4.4863103437e-23, 4.51260623311e-23, 6.23100907977e-23, 1.03740150461e-22, 1.2204412791e-22, 1.65631128926e-22, 2.50732761806e-22, 3.41798965679e-22, 3.819171749e-22, 5.54310419506e-22, 8.48094690924e-22, 1.22584834632e-21, 1.94936460848e-21], "max": [0.00193856656551, 0.159096553922, 0.0951757282019, 0.0866826251149, 0.222698926926, 0.0777298286557, 0.116784982383, 0.0948973149061, 0.127412185073, 0.225317940116, 0.0992821156979, 0.179387032986, 0.0825429335237, 0.181866675615, 0.0284196082503, 0.0097661036998, 0.0107822250575, 0.037999458611, 0.0114165088162, 0.0128987561911, 0.00563115486875, 0.0119868740439, 0.00962151587009, 0.00413061724976, 0.00250381208025, 4.07923756995e-08, 4.26483488525e-08], "dvar2": [1.27127837146e-08, 0.000211015852983, 7.26906873751e-05, 1.17297213365e-05, 6.78561918903e-05, 8.81240885064e-06, 1.72227464645e-05, 5.76079901293e-06, 4.49752042186e-06, 5.42443740414e-05, 2.46421700467e-06, 8.38225605548e-06, 2.19230923904e-06, 8.68544429977e-06, 3.30461546127e-07, 1.89102621562e-07, 1.95270942527e-07, 3.76368205934e-07, 1.81610118943e-07, 1.55266064894e-07, 8.10889275726e-08, 9.17225904118e-08, 5.74321354918e-08, 2.1682661e-08, 7.39064853761e-09, 6.73372664221e-18, 7.51783430591e-18], "median": [5.479522315e-06, 0.00111769593786, 0.000706369115505, 0.000354815245373, 0.00135153403971, 0.000613017822616, 0.000492706429213, 0.000462999363663, 0.00032316413126, 0.000237429921981, 3.5796125303e-05, 4.65016928501e-05, 2.72683118965e-05, 3.05048888549e-05, 3.59181940439e-05, 3.12031770591e-05, 3.1171941373e-05, 3.19140162901e-05, 3.17261292366e-05, 2.54113292613e-05, 1.32846198539e-05, 7.83380073699e-06, 4.77352978123e-06, 2.78883226201e-06, 1.0449829233e-06, 1.42176423412e-10, 1.46872292106e-10], "dmean2": [3.86055289709e-05, 0.00313397613354, 0.00205770647153, 0.000913330179173, 0.00226435763761, 0.00115186325274, 0.00125258765183, 0.000980167416856, 0.000605322653428, 0.00116337242071, 0.00028897752054, 0.000368723121937, 0.000263048481429, 0.000205213902518, 0.000176280125743, 0.000171023770235, 0.00015662383521, 0.000158020251547, 0.000161012794706, 0.000121984659927, 7.38200324122e-05, 6.2519327912e-05, 4.60939518234e-05, 3.2467982237e-05, 1.47589880726e-05, 1.25418830876e-09, 1.32679445208e-09], "dmean": [2.32419188251e-05, 0.00173467968125, 0.00115744688082, 0.000546030350961, 0.00138917053118, 0.000739683571737, 0.000834284059238, 0.000699658994563, 0.000444729143055, 0.000780587899499, 0.000208814235521, 0.000282234628685, 0.000187467056094, 0.000135372712975, 0.000115116956295, 0.000107846521132, 0.000105784965854, 0.000101590936538, 0.000105931947473, 7.93259096099e-05, 4.62062198494e-05, 3.88962107536e-05, 2.9268745493e-05, 2.06632776099e-05, 9.32594412006e-06, 6.74381217536e-10, 7.1368466692e-10], "var": [5.63155477806e-09, 4.44000943389e-05, 1.6861329641e-05, 7.27437236492e-06, 7.44069329812e-05, 1.58886705321e-05, 3.57136923412e-05, 1.5383848222e-05, 1.02670546767e-05, 6.56789343338e-05, 5.12879796588e-06, 1.48281887959e-05, 3.38637619279e-06, 3.45774446942e-06, 4.48757504046e-07, 2.00870758249e-07, 3.35970838705e-07, 5.07683012074e-07, 3.20194800452e-07, 1.57766166353e-07, 4.13529903653e-08, 3.21955226923e-08, 2.86423968987e-08, 1.02903463528e-08, 3.08002734428e-09, 1.48829820309e-18, 1.66293154004e-18], "dvar": [5.28303401026e-09, 7.40327959647e-05, 2.53542002611e-05, 4.48544506071e-06, 2.76311238849e-05, 4.45155046691e-06, 8.42668305268e-06, 3.21322795571e-06, 2.99334465126e-06, 2.31142021221e-05, 1.51270785409e-06, 5.04544186697e-06, 1.44427804116e-06, 3.45965918314e-06, 1.62570231055e-07, 8.80340422782e-08, 9.01354795246e-08, 2.05362539418e-07, 8.97254395227e-08, 7.35361567195e-08, 3.22115099038e-08, 3.37644756598e-08, 2.30860184303e-08, 8.53028847558e-09, 3.04106717586e-09, 2.04887798723e-18, 2.28791167756e-18], "mean": [2.89969266305e-05, 0.00204296852462, 0.00158885668498, 0.000964639300946, 0.00309658772312, 0.00162375869695, 0.00190297898371, 0.00167435756885, 0.00104381795973, 0.00173610378988, 0.000408351130318, 0.000571932643652, 0.000333037809469, 0.000228225297178, 0.000206830271054, 0.000178971065907, 0.000207429184229, 0.000157681875862, 0.000202128794626, 0.000125513019157, 6.37563352939e-05, 5.15811734658e-05, 3.73869916075e-05, 2.73120676866e-05, 1.11156696221e-05, 5.29024823948e-10, 5.57771440146e-10]}, "melbands_flatness_db": {"min": 0.000283786910586, "max": 0.571417093277, "dvar2": 0.00207487260923, "median": 0.248731195927, "dmean2": 0.0364098027349, "dmean": 0.0247976258397, "var": 0.00744770793244, "dvar": 0.000956587027758, "mean": 0.253729015589}, "melbands_skewness": {"min": -2.98077106476, "max": 12.8493814468, "dvar2": 1.48658502102, "median": 1.67114830017, "dmean2": 0.814557015896, "dmean": 0.516592800617, "var": 1.62804543972, "dvar": 0.603324592113, "mean": 1.89053177834}, "barkbands_skewness": {"min": -4.28136825562, "max": 11.2896528244, "dvar2": 0.835742413998, "median": 1.19784021378, "dmean2": 0.662130057812, "dmean": 0.421458750963, "var": 1.17924189568, "dvar": 0.342233598232, "mean": 1.32856571674}, "silence_rate_60dB": {"min": 0, "max": 1, "dvar2": 0.0492323115468, "median": 0, "dmean2": 0.0434225387871, "dmean": 0.0217096339911, "var": 0.0869466736913, "dvar": 0.0212368369102, "mean": 0.0961784869432}, "spectral_energyband_low": {"min": 5.98480330356e-24, "max": 0.219374537468, "dvar2": 0.000518804881722, "median": 0.00229491339996, "dmean2": 0.00524412933737, "dmean": 0.00295494566672, "var": 0.000117661184049, "dvar": 0.000183247830137, "mean": 0.00414811586961}, "spectral_energyband_middle_low": {"min": 1.5297682813e-22, "max": 0.254759699106, "dvar2": 0.000179553870112, "median": 0.00652299169451, "dmean2": 0.0056621087715, "dmean": 0.00379081675783, "var": 0.000261465349467, "dvar": 7.91920101619e-05, "mean": 0.0115045718849}, "melbands_kurtosis": {"min": -1.71784496307, "max": 287.654998779, "dvar2": 414.332611084, "median": 5.07788562775, "dmean2": 7.72748231888, "dmean": 4.70719337463, "var": 217.690216064, "dvar": 154.750030518, "mean": 9.13714504242}, "spectral_decrease": {"min": -7.41235126611e-08, "max": 1.96528439687e-28, "dvar2": 5.01298020248e-17, "median": -2.89926216368e-09, "dmean2": 2.64099453418e-09, "dmean": 1.68625846619e-09, "var": 3.42070351456e-17, "dvar": 1.92838978387e-17, "mean": -4.62416149816e-09}, "erbbands_kurtosis": {"min": -1.73060595989, "max": 121.384750366, "dvar2": 25.9621276855, "median": 0.62123465538, "dmean2": 2.17644667625, "dmean": 1.394551754, "var": 26.3556041718, "dvar": 10.2801427841, "mean": 2.15213680267}, "melbands_crest": {"min": 1.24691963196, "max": 33.9801597595, "dvar2": 15.8202428818, "median": 11.4287290573, "dmean2": 3.82674002647, "dmean": 2.3648006916, "var": 23.1248912811, "dvar": 6.43175458908, "mean": 12.4505081177}, "melbands_spread": {"min": 0.477398961782, "max": 157.2734375, "dvar2": 134.318145752, "median": 13.7510194778, "dmean2": 7.00865697861, "dmean": 4.42867279053, "var": 313.26675415, "dvar": 54.6199150085, "mean": 18.2419128418}, "spectral_energy": {"min": 9.81072718757e-21, "max": 0.291110247374, "dvar2": 0.000751512183342, "median": 0.0115713477135, "dmean2": 0.010382884182, "dmean": 0.00667108874768, "var": 0.00054173974786, "dvar": 0.000291715929052, "mean": 0.0185142941773}, "mfcc": {"mean": [-718.147949219, 153.231704712, 9.40189266205, 29.66563797, -6.61743879318, -5.70745038986, -5.82729101181, 1.27051830292, 0.309520959854, 6.07919836044, 0.633384823799, -1.76197683811, -1.4204518795], "icov": [[0.000134435831569, 4.81983079226e-05, 0.000134892907226, -5.47396302863e-05, 6.04184788244e-05, -5.25614232174e-05, 8.06666503195e-05, -0.000127768013044, 0.000103857841168, -8.17605759948e-05, -2.63888541667e-05, 5.1296876336e-05, -4.35865549662e-05], [4.81983079226e-05, 0.000518407789059, -1.0383636436e-05, -0.000165486853803, 0.000117906216474, -0.000181112016435, -0.000145754718687, 0.000185314653208, -0.000113637244795, -6.06921457802e-05, -1.34964284371e-05, 0.000161525094882, 7.93626022642e-05], [0.000134892907226, -1.0383636436e-05, 0.00102754833642, -0.000173834851012, 6.63998507662e-05, -0.000169125472894, 7.00474265614e-05, -0.000470137689263, 0.000128272906295, -9.57860902417e-05, 0.000103239639429, 0.000283708854113, 0.000479056150652], [-5.47396302863e-05, -0.000165486853803, -0.000173834851012, 0.00289436406456, -0.00148660375271, 0.000846268958412, 0.000657387368847, -0.00071915081935, -0.000531068537384, -0.000293364078971, -0.000248642783845, -0.000224132920266, -0.000255960650975], [6.04184788244e-05, 0.000117906216474, 6.63998507662e-05, -0.00148660375271, 0.00619511865079, -0.00201521324925, 0.000310462055495, 0.0007996399072, -0.000379177945433, 0.000225252908422, -0.000864295638166, 0.000170052953763, -0.000101233257737], [-5.25614232174e-05, -0.000181112016435, -0.000169125472894, 0.000846268958412, -0.00201521324925, 0.00834414362907, -0.00336516229436, 0.000900879851542, 0.0010089710122, -0.000147157377796, 3.69820991182e-05, -4.46397934866e-05, -0.000827998912428], [8.06666503195e-05, -0.000145754718687, 7.00474265614e-05, 0.000657387368847, 0.000310462055495, -0.00336516229436, 0.0103064924479, -0.00379730388522, 0.00123544526286, 0.00130467943382, -0.000191462138901, -0.000439275376266, 0.000317177880788], [-0.000127768013044, 0.000185314653208, -0.000470137689263, -0.00071915081935, 0.0007996399072, 0.000900879851542, -0.00379730388522, 0.0108486013487, -0.00466252909973, 0.00188845570665, -0.000676990544889, 0.000599966093432, -0.000491007522214], [0.000103857841168, -0.000113637244795, 0.000128272906295, -0.000531068537384, -0.000379177945433, 0.0010089710122, 0.00123544526286, -0.00466252909973, 0.0107843410224, -0.00499309226871, 0.00221418146975, 0.000210847952985, -0.000740849704016], [-8.17605759948e-05, -6.06921457802e-05, -9.57860902417e-05, -0.000293364078971, 0.000225252908422, -0.000147157377796, 0.00130467943382, 0.00188845570665, -0.00499309226871, 0.0113617954776, -0.00440691551194, 0.00191124202684, 0.00019201534451], [-2.63888541667e-05, -1.34964284371e-05, 0.000103239639429, -0.000248642783845, -0.000864295638166, 3.69820991182e-05, -0.000191462138901, -0.000676990544889, 0.00221418146975, -0.00440691551194, 0.0113586466759, -0.00433946121484, 0.00235102535225], [5.1296876336e-05, 0.000161525094882, 0.000283708854113, -0.000224132920266, 0.000170052953763, -4.46397934866e-05, -0.000439275376266, 0.000599966093432, 0.000210847952985, 0.00191124202684, -0.00433946121484, 0.0110946828499, -0.00422882195562], [-4.35865549662e-05, 7.93626022642e-05, 0.000479056150652, -0.000255960650975, -0.000101233257737, -0.000827998912428, 0.000317177880788, -0.000491007522214, -0.000740849704016, 0.00019201534451, 0.00235102535225, -0.00422882195562, 0.0105839530006]], "cov": [[9233.60742188, -927.721069336, -1253.27478027, 73.1569442749, -45.8103218079, -24.1817989349, -77.4377746582, 33.8943595886, -37.5785522461, 50.5005683899, 56.0626411438, 56.5376586914, 111.630477905], [-927.721069336, 2109.3203125, 188.705734253, 95.4245834351, 4.66071939468, 40.4327163696, 27.7415428162, -17.0875644684, 32.667842865, 30.4358139038, -4.97400665283, -50.9469490051, -41.8034553528], [-1253.27478027, 188.705734253, 1230.78283691, 63.6555023193, 3.56935048103, 4.37543487549, 15.3675413132, 53.8608207703, 29.1240539551, 11.3960752487, -20.3582725525, -70.5097732544, -80.1485977173], [73.1569442749, 95.4245834351, 63.6555023193, 460.641723633, 94.4917144775, -50.9802780151, -49.9418525696, 35.4419784546, 70.2593307495, 50.2457504272, 23.6055355072, 2.57760357857, 7.6937789917], [-45.8103218079, 4.66071939468, 3.56935048103, 94.4917144775, 201.579940796, 38.4631233215, -5.07298612595, -12.9346504211, 4.01370668411, 10.0549478531, 21.4408664703, 7.97499465942, 4.91133594513], [-24.1817989349, 40.4327163696, 4.37543487549, -50.9802780151, 38.4631233215, 166.208129883, 60.2886886597, -12.4341487885, -38.9837989807, -23.0550937653, 2.19513344765, 11.2225122452, 10.8391933441], [-77.4377746582, 27.7415428162, 15.3675413132, -49.9418525696, -5.07298612595, 60.2886886597, 142.164932251, 36.5659255981, -24.0455226898, -36.8549499512, -4.26399040222, 8.8615655899, 3.1469681263], [33.8943595886, -17.0875644684, 53.8608207703, 35.4419784546, -12.9346504211, -12.4341487885, 36.5659255981, 137.806335449, 58.0599975586, -1.80534660816, -8.0891084671, -8.29835510254, 5.46580553055], [-37.5785522461, 32.667842865, 29.1240539551, 70.2593307495, 4.01370668411, -38.9837989807, -24.0455226898, 58.0599975586, 160.919311523, 64.5406951904, -10.3694810867, -20.4058666229, 4.62717294693], [50.5005683899, 30.4358139038, 11.3960752487, 50.2457504272, 10.0549478531, -23.0550937653, -36.8549499512, -1.80534660816, 64.5406951904, 140.772521973, 39.7342185974, -16.651632309, -13.5232810974], [56.0626411438, -4.97400665283, -20.3582725525, 23.6055355072, 21.4408664703, 2.19513344765, -4.26399040222, -8.0891084671, -10.3694810867, 39.7342185974, 124.450744629, 38.2444114685, -11.9206829071], [56.5376586914, -50.9469490051, -70.5097732544, 2.57760357857, 7.97499465942, 11.2225122452, 8.8615655899, -8.29835510254, -20.4058666229, -16.651632309, 38.2444114685, 128.970153809, 46.0808639526], [111.630477905, -41.8034553528, -80.1485977173, 7.6937789917, 4.91133594513, 10.8391933441, 3.1469681263, 5.46580553055, 4.62717294693, -13.5232810974, -11.9206829071, 46.0808639526, 121.752632141]]}, "spectral_contrast_valleys": {"min": [-28.3897094727, -27.915813446, -27.786283493, -27.9160842896, -27.5533542633, -27.3703155518], "max": [-5.07139921188, -4.85240077972, -5.90912914276, -5.92266702652, -5.66214752197, -8.15375137329], "dvar2": [0.305759131908, 0.181967183948, 0.23310598731, 0.321233987808, 0.424598962069, 0.555529236794], "median": [-7.28782272339, -6.76687097549, -8.26286792755, -9.09795284271, -9.22443389893, -12.0976076126], "dmean2": [0.582282841206, 0.488798469305, 0.543996930122, 0.594166815281, 0.58959633112, 0.624882221222], "dmean": [0.355989277363, 0.295921862125, 0.351479947567, 0.404688596725, 0.4310118258, 0.48652562499], "var": [4.61375617981, 4.57810640335, 4.28591394424, 4.1701374054, 4.29582357407, 3.8514623642], "dvar": [0.133942589164, 0.0759087130427, 0.106648504734, 0.159582495689, 0.222564324737, 0.314187258482], "mean": [-7.68829250336, -7.04570484161, -8.54012680054, -9.35018920898, -9.42309093475, -12.1999082565]}, "barkbands_flatness_db": {"min": 0.0569817014039, "max": 0.450993478298, "dvar2": 0.00140394817572, "median": 0.215456977487, "dmean2": 0.0382068566978, "dmean": 0.0238148234785, "var": 0.00359855033457, "dvar": 0.000590051524341, "mean": 0.222506016493}, "dynamic_complexity": 4.1897983551, "spectral_skewness": {"min": -0.0781034082174, "max": 8.87384986877, "dvar2": 0.510070621967, "median": 1.74249172211, "dmean2": 0.678278028965, "dmean": 0.419320046902, "var": 1.19366943836, "dvar": 0.21510052681, "mean": 2.01598834991}, "erbbands_flatness_db": {"min": 0.0831590890884, "max": 0.473881602287, "dvar2": 0.000767614808865, "median":