{"lowlevel": {"spectral_complexity": {"min": 0, "max": 51, "dvar2": 50.4994277954, "median": 13, "dmean2": 6.42190361023, "dmean": 4.26850366592, "var": 104.731430054, "dvar": 23.9564380646, "mean": 15.0749931335}, "silence_rate_20dB": {"min": 1, "max": 1, "dvar2": 0, "median": 1, "dmean2": 0, "dmean": 0, "var": 0, "dvar": 0, "mean": 1}, "average_loudness": 0.931744515896, "erbbands_spread": {"min": 1.33085799217, "max": 213.887573242, "dvar2": 307.889282227, "median": 36.6970710754, "dmean2": 16.0188884735, "dmean": 10.6968765259, "var": 698.726501465, "dvar": 147.764907837, "mean": 42.8470306396}, "spectral_kurtosis": {"min": -1.47207081318, "max": 91.2864227295, "dvar2": 29.9224662781, "median": 3.29698801041, "dmean2": 3.25247693062, "dmean": 1.98732209206, "var": 26.6825294495, "dvar": 12.5389719009, "mean": 4.77073144913}, "barkbands_kurtosis": {"min": -1.9346780777, "max": 2519.00512695, "dvar2": 21754.8554688, "median": 2.34059143066, "dmean2": 29.2028541565, "dmean": 19.0256748199, "var": 13435.4482422, "dvar": 8676.46484375, "mean": 27.8055992126}, "spectral_strongpeak": {"min": 0, "max": 14.3887758255, "dvar2": 1.85569751263, "median": 0.500223040581, "dmean2": 0.746416270733, "dmean": 0.455107599497, "var": 1.74724543095, "dvar": 0.725788295269, "mean": 0.897034168243}, "spectral_spread": {"min": 915075.1875, "max": 39774704, "dvar2": 1209236193280.0, "median": 4610068, "dmean2": 921796.5625, "dmean": 615866.625, "var": 3003139489790.0, "dvar": 661215051776, "mean": 4801591.5}, "spectral_rms": {"min": 3.31974118334e-12, "max": 0.0112955933437, "dvar2": 1.59403396083e-06, "median": 0.00480702333152, "dmean2": 0.001260465011, "dmean": 0.000985950115137, "var": 5.44395152247e-06, "dvar": 8.84419648628e-07, "mean": 0.0048368498683}, "erbbands": {"min": [1.03508506821e-21, 5.30876479591e-21, 3.28922102104e-20, 7.52884219286e-20, 1.21262545225e-19, 4.81132084833e-19, 1.84260388033e-19, 8.90962958623e-20, 5.64290723162e-19, 1.01549634401e-18, 7.91815125849e-19, 2.64173590983e-18, 3.9665994573e-18, 1.58188117829e-18, 1.472148639e-18, 2.96997999525e-18, 4.23786713533e-18, 4.13425159667e-18, 8.2553386139e-18, 1.42196334308e-17, 7.4307752008e-18, 8.78823152556e-18, 1.04104030171e-17, 1.53754727531e-17, 1.65621808015e-17, 1.37420549139e-17, 1.67527069663e-17, 1.44791646568e-17, 1.70460070135e-17, 1.52578791029e-17, 1.9797590234e-17, 2.12083864734e-17, 1.54257686431e-17, 1.27991169921e-17, 1.11813891148e-17, 6.63478301965e-18, 3.51870927974e-18, 1.42449279936e-18, 3.82396575745e-19, 3.34444502045e-20], "max": [2.41231632233, 18.6704959869, 85.4493026733, 156.636459351, 194.965240479, 295.774963379, 554.109375, 477.083618164, 1491.89978027, 1443.51391602, 1092.29504395, 1461.15136719, 2437.39233398, 2766.54785156, 1034.74194336, 1727.77783203, 1721.35437012, 655.637390137, 2028.11254883, 1670.82519531, 1091.16210938, 1244.92553711, 824.111755371, 1082.25830078, 323.365844727, 86.7765808105, 103.435310364, 58.5764923096, 54.6806259155, 32.04920578, 33.7782249451, 61.0224304199, 44.3996658325, 21.7452392578, 7.01702213287, 1.33461940289, 0.359067648649, 0.0467804074287, 0.000798008230049, 0.000152970416821], "dvar2": [0.0394310317934, 6.00262498856, 217.717193604, 1339.98278809, 1281.73095703, 803.586486816, 865.190490723, 1351.27490234, 4253.31298828, 4523.29101563, 4700.18505859, 3581.52148438, 6078.84863281, 3868.44555664, 3770.7019043, 4910.01757813, 3350.61962891, 2249.36352539, 7333.15966797, 7052.50537109, 1971.96447754, 2162.44091797, 931.674133301, 888.754394531, 380.235351563, 74.8319702148, 62.9832649231, 28.6823158264, 20.8718528748, 19.7550125122, 11.4812116623, 9.61569499969, 5.17577123642, 1.98966002464, 0.355885922909, 0.0236750598997, 0.00146245828364, 1.30606204038e-05, 4.61088722759e-09, 3.06093234093e-10], "median": [0.0414371266961, 0.39679864049, 0.809381306171, 0.732414066792, 1.53932189941, 2.50307416916, 2.79108905792, 3.74259591103, 5.31256151199, 4.96716117859, 5.09460163116, 4.81323337555, 6.59062004089, 6.03243637085, 7.35305309296, 10.1392536163, 8.53861808777, 7.89925289154, 7.3690662384, 5.9971704483, 4.28083133698, 4.05466079712, 3.83930230141, 4.80803203583, 4.3091840744, 3.40467309952, 2.28418254852, 2.04042053223, 1.68685698509, 1.17938828468, 1.03742647171, 0.8737616539, 0.594661295414, 0.405576765537, 0.162846460938, 0.0434885323048, 0.00316419568844, 0.000116188595712, 2.45349947363e-05, 3.04312816297e-05], "dmean2": [0.142261087894, 1.36343622208, 6.40001344681, 13.1530809402, 14.4694547653, 14.4302873611, 14.4572973251, 18.2744598389, 26.6893577576, 22.8833999634, 26.7302417755, 23.1461181641, 27.2649612427, 21.3444328308, 27.0793895721, 35.7361068726, 27.8655757904, 23.7488708496, 28.8697471619, 28.1863269806, 15.8247804642, 17.8229827881, 11.9426116943, 12.8271427155, 8.92049598694, 5.95692300797, 4.79216432571, 3.63544440269, 3.01513671875, 2.84574103355, 2.1951982975, 1.61911725998, 1.24738073349, 0.879992425442, 0.347749173641, 0.0913870707154, 0.0186295788735, 0.00144793849904, 3.43762367265e-05, 1.59531591635e-05], "dmean": [0.147436782718, 1.18457555771, 4.1959605217, 7.56639099121, 8.57741260529, 8.38616657257, 8.51325130463, 11.2106485367, 16.7862300873, 14.4514255524, 16.5356559753, 14.5878105164, 16.9133930206, 13.8516397476, 16.9983711243, 21.9764404297, 17.0559158325, 14.6924953461, 18.7172412872, 17.9135780334, 10.1941156387, 11.3269834518, 7.75236988068, 8.4061126709, 5.6472287178, 3.77075862885, 2.98449134827, 2.28939509392, 1.9276753664, 1.72279906273, 1.3800265789, 1.06622755527, 0.794824361801, 0.559894919395, 0.230948358774, 0.0607097744942, 0.0111417677253, 0.000833614205476, 2.15818581637e-05, 1.24102843984e-05], "var": [0.268467098475, 14.5683403015, 97.2674484253, 348.656158447, 367.398742676, 248.335113525, 554.428649902, 836.98223877, 3803.97729492, 4737.08251953, 3169.03125, 2744.59326172, 4583.71337891, 7403.70458984, 2862.18530273, 4378.32421875, 2448.45068359, 2017.20349121, 11185.3798828, 9513.27050781, 1930.16906738, 2573.77807617, 1571.16894531, 1492.24230957, 304.27154541, 74.1476593018, 53.7781944275, 25.8457698822, 17.4285488129, 10.8167037964, 7.78908395767, 7.71994113922, 4.1130771637, 1.54232299328, 0.252162009478, 0.0178354289383, 0.000647278036922, 4.30943191532e-06, 2.05459183e-09, 7.53586304469e-10], "dvar": [0.0486342199147, 4.29636669159, 91.7661514282, 498.50994873, 490.179718018, 295.386932373, 346.23614502, 575.177001953, 1804.35913086, 2065.87817383, 2045.52368164, 1577.62719727, 2562.30883789, 1933.71166992, 1604.28820801, 1980.89416504, 1398.62890625, 896.890136719, 3432.1965332, 2964.49951172, 907.426513672, 1022.28924561, 436.906860352, 458.945068359, 157.6300354, 31.4799308777, 25.8745040894, 12.0263156891, 8.61133384705, 7.44113969803, 5.0128531456, 4.65950918198, 2.47648882866, 0.885017693043, 0.162130177021, 0.0111718801782, 0.000598629179876, 4.95779568155e-06, 1.83010007149e-09, 1.63098187733e-10], "mean": [0.294441908598, 2.22832226753, 4.69446182251, 6.13387823105, 7.32936668396, 7.92479419708, 9.58526992798, 13.3559465408, 23.4533042908, 21.2312278748, 22.0406703949, 20.232711792, 24.4659671783, 23.8572883606, 24.654592514, 32.2113609314, 24.420589447, 24.1347541809, 33.1871337891, 31.5835075378, 17.078962326, 19.0642337799, 14.8580780029, 16.2838420868, 10.372759819, 6.87739515305, 5.25108575821, 4.02967309952, 3.32571053505, 2.54720711708, 2.06934857368, 1.69043779373, 1.23425245285, 0.853302419186, 0.348962128162, 0.0948911309242, 0.0117316255346, 0.000711324333679, 3.59985679097e-05, 3.62755090464e-05]}, "zerocrossingrate": {"min": 0, "max": 0.50146484375, "dvar2": 0.000314874225296, "median": 0.04931640625, "dmean2": 0.0140800457448, "dmean": 0.0123742073774, "var": 0.00165440363344, "dvar": 0.000299957348034, "mean": 0.054633859545}, "spectral_contrast_coeffs": {"min": [-0.953336656094, -0.97450709343, -0.972688913345, -0.967823326588, -0.956717550755, -0.962009012699], "max": [-0.316312491894, -0.42575237155, -0.456973522902, -0.539832174778, -0.43810865283, -0.54256695509], "dvar2": [0.00585344340652, 0.00472426973283, 0.00328550953418, 0.00217720330693, 0.0011881213868, 0.000581316766329], "median": [-0.637235760689, -0.748325765133, -0.793976068497, -0.796594917774, -0.809265851974, -0.786893188953], "dmean2": [0.0948740541935, 0.0885896682739, 0.0715909451246, 0.0582885071635, 0.0400148257613, 0.0275227576494], "dmean": [0.0629846081138, 0.0540553852916, 0.0432974435389, 0.0351514928043, 0.0247419551015, 0.0173431523144], "var": [0.0106985457242, 0.00621781637892, 0.00440803263336, 0.00373249175027, 0.00241122907028, 0.00118271447718], "dvar": [0.00260676094331, 0.00182276614942, 0.00124599435367, 0.000835700077005, 0.000499102461617, 0.000250349810813], "mean": [-0.631569027901, -0.739582180977, -0.78547257185, -0.787933409214, -0.799504458904, -0.784130454063]}, "dissonance": {"min": 0.259764462709, "max": 0.500000119209, "dvar2": 0.000994720146991, "median": 0.469435870647, "dmean2": 0.0331702455878, "dmean": 0.019804045558, "var": 0.00082546484191, "dvar": 0.000372033828171, "mean": 0.46248075366}, "spectral_energyband_high": {"min": 8.12879516023e-21, "max": 0.00567023223266, "dvar2": 3.18490549489e-07, "median": 0.00028693448985, "dmean2": 0.000405151513405, "dmean": 0.000266862130957, "var": 3.08111168579e-07, "dvar": 1.40076082289e-07, "mean": 0.00049674033653}, "gfcc": {"mean": [-35.462928772, 94.9944229126, -122.320854187, 38.5277709961, -61.5205802917, 24.2680492401, -39.1790084839, 12.8495969772, -23.8838577271, 4.29032564163, -7.03114414215, -4.19278144836, -3.87032365799], "icov": [[0.000214318060898, -0.00039945912431, 0.000228589764447, -0.000386554835131, 0.0002450827742, -0.000439535855548, 0.000632778566796, -0.000553033314645, 0.000478099798784, -0.000371110567357, 0.000324245716911, -0.000198408393771, 0.000215568201384], [-0.00039945912431, 0.00277839228511, -0.000874051591381, 0.00184876204003, -0.00143653864507, 0.00166543619707, -0.00219150725752, 0.00230127642862, -0.00184567563701, 0.00225015287288, -0.00216909730807, 0.00239009782672, -0.00120982411318], [0.000228589764447, -0.000874051591381, 0.00153633474838, -0.00160397682339, 0.000244402879616, -0.000825414143037, 0.000569206255022, -0.0006853271625, 0.000555476115551, -0.000798658118583, 0.00111132592428, -0.00121656572446, 0.000671567453537], [-0.000386554835131, 0.00184876204003, -0.00160397682339, 0.00456066476181, -0.00192712375429, 0.000868278730195, -0.00127057905775, 0.000930287293158, -0.00168338359799, 0.00186248973478, -0.00105904391967, 0.000819458917249, 0.000186677731108], [0.0002450827742, -0.00143653864507, 0.000244402879616, -0.00192712375429, 0.00547778606415, -0.00226751063019, -0.000242369889747, -0.000746762671042, -0.00111197005026, 0.000449191837106, -0.000127852443256, 0.000190470513189, -0.000362382765161], [-0.000439535855548, 0.00166543619707, -0.000825414143037, 0.000868278730195, -0.00226751063019, 0.00746353901923, -0.00419967249036, 0.000548862328287, 0.00143941922579, -0.00223675952293, 0.000417112460127, 0.000661391299218, -0.000794626597781], [0.000632778566796, -0.00219150725752, 0.000569206255022, -0.00127057905775, -0.000242369889747, -0.00419967249036, 0.00852960348129, -0.00262247491628, -0.000446397636551, 0.000524792296346, -0.000391929293983, -0.00137902307324, 0.00156787445303], [-0.000553033314645, 0.00230127642862, -0.0006853271625, 0.000930287293158, -0.000746762671042, 0.000548862328287, -0.00262247491628, 0.0103927729651, -0.00583727564663, 0.00198153592646, -0.00114979618229, -0.000133733687107, -0.000727378122974], [0.000478099798784, -0.00184567563701, 0.000555476115551, -0.00168338359799, -0.00111197005026, 0.00143941922579, -0.000446397636551, -0.00583727564663, 0.0139675466344, -0.00587874324992, -0.000350814283593, 0.0010804325575, -0.00186800013762], [-0.000371110567357, 0.00225015287288, -0.000798658118583, 0.00186248973478, 0.000449191837106, -0.00223675952293, 0.000524792296346, 0.00198153592646, -0.00587874324992, 0.0135271502659, -0.00489560607821, -8.42872395879e-05, 0.00111563771497], [0.000324245716911, -0.00216909730807, 0.00111132592428, -0.00105904391967, -0.000127852443256, 0.000417112460127, -0.000391929293983, -0.00114979618229, -0.000350814283593, -0.00489560607821, 0.0134314615279, -0.00433520041406, -0.00220663752407], [-0.000198408393771, 0.00239009782672, -0.00121656572446, 0.000819458917249, 0.000190470513189, 0.000661391299218, -0.00137902307324, -0.000133733687107, 0.0010804325575, -8.42872395879e-05, -0.00433520041406, 0.0135758072138, -0.00373165821657], [0.000215568201384, -0.00120982411318, 0.000671567453537, 0.000186677731108, -0.000362382765161, -0.000794626597781, 0.00156787445303, -0.000727378122974, -0.00186800013762, 0.00111563771497, -0.00220663752407, -0.00373165821657, 0.012891153805]], "cov": [[9556.15527344, -594.530029297, -855.082397461, -47.1994552612, -703.591674805, 42.1317825317, -818.853149414, -1.00300681591, -467.661865234, 77.5078582764, -323.635620117, -32.9774169922, -227.431503296], [-594.530029297, 1688.56970215, 68.1890716553, -173.253158569, 445.344207764, -109.161186218, 359.355834961, -70.7106933594, 225.371887207, -147.769470215, 204.763092041, -164.465530396, 158.351089478], [-855.082397461, 68.1890716553, 1532.14746094, 605.517272949, 349.73223877, 255.176834106, 262.191894531, 118.733787537, 109.808509827, 23.7824478149, -7.20036840439, 65.9823303223, -35.7950401306], [-47.1994552612, -173.253158569, 605.517272949, 603.761047363, 239.075958252, 158.978103638, 139.77192688, 103.433418274, 75.2366943359, 10.8866491318, -7.04568815231, 34.907585144, -31.5423660278], [-703.591674805, 445.344207764, 349.73223877, 239.075958252, 534.596008301, 158.880401611, 299.050537109, 88.0905227661, 176.700286865, -14.7310476303, 97.8756713867, -21.4309749603, 62.7294769287], [42.1317825317, -109.161186218, 255.176834106, 158.978103638, 158.880401611, 311.132354736, 159.320037842, 69.5260009766, 28.589515686, 57.4630088806, 4.83139657974, 29.5133056641, -9.81407737732], [-818.853149414, 359.355834961, 262.191894531, 139.77192688, 299.050537109, 159.320037842, 392.059967041, 89.8804931641, 145.924484253, -4.44911670685, 93.3502426147, -1.00226676464, 44.5694618225], [-1.00300681591, -70.7106933594, 118.733787537, 103.433418274, 88.0905227661, 69.5260009766, 89.8804931641, 187.383499146, 94.1895904541, 33.2851791382, 31.6020755768, 30.7045555115, 17.1663818359], [-467.661865234, 225.371887207, 109.808509827, 75.2366943359, 176.700286865, 28.589515686, 145.924484253, 94.1895904541, 204.204299927, 40.5169219971, 86.362487793, -2.17265248299, 56.6954994202], [77.5078582764, -147.769470215, 23.7824478149, 10.8866491318, -14.7310476303, 57.4630088806, -4.44911670685, 33.2851791382, 40.5169219971, 136.724151611, 35.9551696777, 34.8069381714, -0.744586646557], [-323.635620117, 204.763092041, -7.20036840439, -7.04568815231, 97.8756713867, 4.83139657974, 93.3502426147, 31.6020755768, 86.362487793, 35.9551696777, 156.17350769, 27.6482391357, 62.7236938477], [-32.9774169922, -164.465530396, 65.9823303223, 34.907585144, -21.4309749603, 29.5133056641, -1.00226676464, 30.7045555115, -2.17265248299, 34.8069381714, 27.6482391357, 119.809677124, 20.3321990967], [-227.431503296, 158.351089478, -35.7950401306, -31.5423660278, 62.7294769287, -9.81407737732, 44.5694618225, 17.1663818359, 56.6954994202, -0.744586646557, 62.7236938477, 20.3321990967, 120.166969299]]}, "spectral_flux": {"min": 1.06283572221e-10, "max": 0.326773196459, "dvar2": 0.00157061417121, "median": 0.0829083845019, "dmean2": 0.0439870357513, "dmean": 0.0338277854025, "var": 0.00400101626292, "dvar": 0.00111901399214, "mean": 0.0971907526255}, "silence_rate_30dB": {"min": 0, "max": 1, "dvar2": 0.00112418620847, "median": 1, "dmean2": 0.000843525922392, "dmean": 0.000421733333496, "var": 0.000280993466731, "dvar": 0.000421476754127, "mean": 0.999718844891}, "spectral_energyband_middle_high": {"min": 1.62485858456e-21, "max": 0.082243911922, "dvar2": 1.89542261069e-05, "median": 0.00229126540944, "dmean2": 0.00298254564404, "dmean": 0.00195598904975, "var": 5.15188621648e-05, "dvar": 8.56452334119e-06, "mean": 0.00509745255113}, "barkbands_spread": {"min": 0.0445454306901, "max": 126.337837219, "dvar2": 151.203353882, "median": 17.4722671509, "dmean2": 9.71337890625, "dmean": 6.34187650681, "var": 213.995407104, "dvar": 73.9632568359, "mean": 19.4271030426}, "spectral_centroid": {"min": 80.3164749146, "max": 10993.6416016, "dvar2": 231618.34375, "median": 1246.55834961, "dmean2": 444.403991699, "dmean": 300.800476074, "var": 465526.21875, "dvar": 119379.6875, "mean": 1301.57055664}, "pitch_salience": {"min": 0.0274578556418, "max": 0.903211295605, "dvar2": 0.0248014181852, "median": 0.517412543297, "dmean2": 0.157713800669, "dmean": 0.101441904902, "var": 0.0378286615014, "dvar": 0.0112645952031, "mean": 0.476851940155}, "erbbands_skewness": {"min": -3.79505825043, "max": 6.98519802094, "dvar2": 0.485645443201, "median": 0.222581833601, "dmean2": 0.708935976028, "dmean": 0.462992221117, "var": 0.781423568726, "dvar": 0.233486413956, "mean": 0.297868251801}, "erbbands_crest": {"min": 2.00003671646, "max": 31.6168231964, "dvar2": 20.0165748596, "median": 7.8967499733, "dmean2": 5.05883550644, "dmean": 3.06919145584, "var": 21.5020484924, "dvar": 8.16098213196, "mean": 9.13776493073}, "melbands": {"min": [9.05689943107e-24, 1.35641761199e-23, 1.27642435519e-23, 2.25915768863e-23, 1.06020610076e-23, 1.78434952785e-24, 1.12383538472e-23, 1.00148242723e-23, 6.39556514906e-24, 1.85393766987e-23, 1.93479370385e-23, 6.46207598413e-24, 3.35753440201e-24, 9.5167106755e-24, 7.50643986465e-24, 1.03219357113e-23, 7.19511511954e-24, 8.52686457771e-24, 2.95686871392e-23, 9.8831239442e-24, 8.77103990484e-24, 8.10819242948e-24, 1.02549614205e-23, 1.11422926771e-23, 1.22666332483e-23, 1.22549525849e-23, 1.11899627527e-23, 8.45617080769e-24, 9.89891220636e-24, 1.04322863079e-23, 7.96084977847e-24, 1.10039296297e-23, 6.97548046631e-24, 8.89316346158e-24, 1.00729585879e-23, 1.47940954681e-23, 1.21246169861e-23, 9.44463324345e-24, 1.31825820119e-23, 9.83089977456e-24], "max": [0.0217877160758, 0.0343165807426, 0.0238189417869, 0.0154811050743, 0.0197773389518, 0.00935855787247, 0.0225818641484, 0.0140589671209, 0.00872138235718, 0.0111468601972, 0.0118061322719, 0.0105502260849, 0.00639177346602, 0.00423074513674, 0.00386643758975, 0.00229659792967, 0.00145554565825, 0.00415399298072, 0.00485116569325, 0.00208695605397, 0.00136086321436, 0.00173207407352, 0.000713728484698, 0.000763769610785, 0.00111217203084, 0.000315476354444, 0.000164882440004, 7.6168544183e-05, 9.25817221287e-05, 5.53178106202e-05, 3.84279264836e-05, 4.01085526391e-05, 2.44615057454e-05, 2.61955683527e-05, 2.00416216103e-05, 3.32423987857e-05, 4.8739650083e-05, 3.88507760363e-05, 1.94646690943e-05, 1.64462144312e-05], "dvar2": [3.5866946746e-06, 2.39363580476e-05, 3.11857766064e-05, 4.81853476231e-06, 1.02291483017e-06, 6.41182509753e-07, 8.3543426399e-07, 5.27890165358e-07, 4.00559542868e-07, 1.35538329005e-07, 1.56417172548e-07, 7.04242353322e-08, 4.75748151985e-08, 2.56501326845e-08, 5.72821754474e-08, 1.20065344333e-08, 1.17690373003e-08, 2.86822245954e-08, 2.32861943061e-08, 9.38753075275e-09, 3.43458395058e-09, 3.60863694482e-09, 6.79031886275e-10, 1.15379483745e-09, 8.49942671799e-10, 3.27969013059e-10, 1.1560390839e-10, 3.29258321996e-11, 4.06227378125e-11, 1.36728822708e-11, 9.62321368425e-12, 9.78968728998e-12, 4.25246339877e-12, 9.63769081902e-12, 4.66636885382e-12, 3.03480266091e-12, 4.84526568173e-12, 3.44700917115e-12, 1.88403611288e-12, 1.4770318215e-12], "median": [0.000422796816565, 0.00075952388579, 0.00015435750538, 0.000159411691129, 9.66255902313e-05, 9.12049945327e-05, 7.46543664718e-05, 4.50715524494e-05, 3.94321104977e-05, 2.76594491879e-05, 3.0732320738e-05, 2.18398636207e-05, 2.03093477467e-05, 2.33118444157e-05, 2.27277341764e-05, 1.36840790219e-05, 1.31827036967e-05, 1.08164676931e-05, 7.98826658865e-06, 5.9099002101e-06, 4.19513116867e-06, 4.17187538915e-06, 3.11060171043e-06, 3.5017742448e-06, 3.79649236493e-06, 2.64771870206e-06, 2.89337799586e-06, 1.89457887245e-06, 1.42549038173e-06, 1.15873422146e-06, 1.08401468424e-06, 9.81144012258e-07, 7.23184029994e-07, 6.03443595537e-07, 5.84445615459e-07, 5.55036706373e-07, 5.03377009409e-07, 4.034164931e-07, 3.72030427798e-07, 3.20064970083e-07], "dmean2": [0.00132033624686, 0.00232575275004, 0.00209583458491, 0.00104719144292, 0.000519411929417, 0.000421935721533, 0.000370756664779, 0.000253624020843, 0.00024521414889, 0.000140982825542, 0.000141200900543, 9.21095488593e-05, 8.68187125889e-05, 8.29148630146e-05, 0.000109439533844, 4.69829865324e-05, 5.10930331075e-05, 5.15692518093e-05, 5.03300143464e-05, 3.08337221213e-05, 1.83846714208e-05, 2.22023045353e-05, 1.12379184429e-05, 1.24817806864e-05, 1.15197844934e-05, 7.17982538845e-06, 6.81855726725e-06, 3.73429497813e-06, 3.66757012671e-06, 2.46292415795e-06, 2.083911113e-06, 1.98723546418e-06, 1.36406572437e-06, 1.84763155175e-06, 1.38107418479e-06, 1.00802412817e-06, 1.07009145722e-06, 9.71899339675e-07, 8.26230120765e-07, 7.54318079998e-07], "dmean": [0.00127915374469, 0.0017522291746, 0.00125451374333, 0.000623511499725, 0.000305625871988, 0.000259270425886, 0.000234388979152, 0.000159743009135, 0.000150989057147, 8.91773888725e-05, 8.7411601271e-05, 5.94067278143e-05, 5.54707548872e-05, 5.08381417603e-05, 6.63864120725e-05, 2.93670909741e-05, 3.12329939334e-05, 3.36483790306e-05, 3.11597759719e-05, 1.9773196982e-05, 1.16447727123e-05, 1.40076745083e-05, 7.18487035556e-06, 8.03288003226e-06, 7.5315660979e-06, 4.48070522907e-06, 4.1900616452e-06, 2.34325943893e-06, 2.25310782298e-06, 1.53035239236e-06, 1.29621014366e-06, 1.23429788346e-06, 8.68367806106e-07, 1.08067786186e-06, 8.54743973377e-07, 6.58792941977e-07, 6.87886426931e-07, 6.11223242686e-07, 5.11096232003e-07, 4.80843993955e-07], "var": [2.12530449062e-05, 2.05184514925e-05, 9.53221024247e-06, 1.44121270296e-06, 6.27228928352e-07, 4.04115382935e-07, 7.70670567363e-07, 5.21519893937e-07, 2.84120062588e-07, 1.11967437988e-07, 1.20377734447e-07, 1.22980026163e-07, 5.15489695374e-08, 2.36512462948e-08, 4.13352978512e-08, 8.75178685078e-09, 9.34009491971e-09, 4.56378046465e-08, 3.30135847548e-08, 1.077242473e-08, 2.49406495456e-09, 4.34369251678e-09, 7.7666634235e-10, 1.80249970505e-09, 1.23974452926e-09, 2.49835707677e-10, 9.47813494356e-11, 3.01118123491e-11, 3.14509321364e-11, 1.47055180533e-11, 7.37467812512e-12, 6.84674495918e-12, 3.90990408453e-12, 3.69480574608e-12, 2.83496707013e-12, 2.34251268556e-12, 3.58427263564e-12, 2.69485302129e-12, 1.22363686024e-12, 1.15941620454e-12], "dvar": [3.88711987398e-06, 1.15295442811e-05, 1.21826024042e-05, 1.83104225471e-06, 4.00909073051e-07, 2.72784433264e-07, 3.5939422105e-07, 2.39693264348e-07, 1.71220534639e-07, 6.17895068444e-08, 6.56631371498e-08, 3.44928352547e-08, 2.36944899257e-08, 1.04607646989e-08, 2.21289280233e-08, 5.17394038724e-09, 4.75189532168e-09, 1.38353444257e-08, 9.61138812983e-09, 3.90118692906e-09, 1.58440371933e-09, 1.81576320646e-09, 3.25077159635e-10, 5.40259559312e-10, 4.39137448627e-10, 1.33352370812e-10, 4.69641305012e-11, 1.36609707921e-11, 1.65940160918e-11, 6.02811767517e-12, 3.95267759495e-12, 3.89673753334e-12, 1.77159784238e-12, 3.50834465646e-12, 1.99185741685e-12, 1.42576347863e-12, 2.29846046709e-12, 1.64046760117e-12, 7.98825578168e-13, 6.64925146193e-13], "mean": [0.00274650636129, 0.00267447438091, 0.00109176035039, 0.000569351366721, 0.000341523293173, 0.00031310893246, 0.000333204632625, 0.000222700851737, 0.000198028879822, 0.000122426135931, 0.000123863908811, 9.74889990175e-05, 8.13849474071e-05, 7.24338169675e-05, 9.16253848118e-05, 4.01949873776e-05, 4.62353200419e-05, 5.64549081901e-05, 4.9224239774e-05, 3.32943673129e-05, 1.66079917108e-05, 2.18321420107e-05, 1.19773085316e-05, 1.438649997e-05, 1.34193878694e-05, 7.72080693423e-06, 6.73686554364e-06, 4.04636284657e-06, 3.66911945093e-06, 2.58246222984e-06, 2.14659621633e-06, 1.97166536964e-06, 1.52575262291e-06, 1.3843373381e-06, 1.21774201034e-06, 1.0519333955e-06, 1.03585466604e-06, 9.11434085538e-07, 7.58947294344e-07, 7.10123231329e-07]}, "spectral_entropy": {"min": 4.64620304108, "max": 9.80635166168, "dvar2": 0.171513676643, "median": 7.71547698975, "dmean2": 0.338407486677, "dmean": 0.225397631526, "var": 0.30170071125, "dvar": 0.0813696086407, "mean": 7.58437156677}, "spectral_rolloff": {"min": 21.533203125, "max": 18410.8886719, "dvar2": 1927766, "median": 968.994140625, "dmean2": 827.563415527, "dmean": 517.395629883, "var": 2195086.75, "dvar": 985169.9375, "mean": 1298.90356445}, "barkbands": {"min": [3.25941927472e-23, 2.70705098028e-23, 2.77196381982e-23, 3.23183817312e-23, 9.82968335104e-23, 9.23340232545e-24, 6.78622137555e-23, 2.75231613457e-23, 1.24680715626e-22, 8.54999697712e-23, 1.96395820706e-23, 7.26589929302e-23, 1.07743884613e-22, 7.35744880989e-23, 3.09244405303e-22, 1.24905824974e-22, 1.68403716262e-22, 2.35096629897e-22, 2.97931710782e-22, 2.89621357757e-22, 3.94918031759e-22, 4.72186995291e-22, 6.70585992581e-22, 9.13096627566e-22, 1.42536507747e-21, 1.81607321732e-21, 2.48735835524e-21], "max": [0.00688644312322, 0.0743902623653, 0.0832042768598, 0.0594728663564, 0.0681216567755, 0.0509144552052, 0.102031983435, 0.0697918757796, 0.0675938799977, 0.0681232959032, 0.0684890523553, 0.0338588580489, 0.0344583727419, 0.0338234491646, 0.0432133972645, 0.0215623993427, 0.0212544742972, 0.0122721409425, 0.0149725163355, 0.00217488477938, 0.00197056541219, 0.00128355680499, 0.00121799029876, 0.00300941453315, 0.0012855558889, 0.000172588552232, 4.70649041517e-07], "dvar2": [1.29315210984e-07, 8.41152941575e-05, 0.000301725929603, 0.000205076677958, 8.11566860648e-05, 1.54091849254e-05, 1.78711470653e-05, 1.045006411e-05, 8.93058859219e-06, 6.53578945276e-06, 3.40715109814e-06, 2.96255348076e-06, 1.60279830652e-06, 2.79432879324e-06, 3.11133499054e-06, 1.14444901556e-06, 6.02918476034e-07, 3.59455924581e-07, 3.15073435786e-07, 4.82842210658e-08, 2.35186590203e-08, 1.25010082286e-08, 1.71535923243e-08, 2.09824708719e-08, 1.02059694029e-08, 4.9885001685e-10, 6.77654680468e-16], "median": [0.000134857109515, 0.00155535852537, 0.000322661799146, 0.000160588810104, 0.000794321065769, 0.000430972198956, 0.000310721923597, 0.000227135751629, 0.00021741099772, 0.000186418285011, 0.000150476407725, 0.000224014656851, 0.00015962170437, 0.000137597846333, 0.000103276994196, 7.4074298027e-05, 6.71629604767e-05, 7.09462328814e-05, 8.0919926404e-05, 7.56970330258e-05, 5.05320567754e-05, 4.31217195e-05, 3.64004445146e-05, 3.86865831388e-05, 3.07594964397e-05, 4.59946568299e-06, 7.96291588223e-10], "dmean2": [0.000295321544399, 0.00540449982509, 0.00701466761529, 0.00486442772672, 0.00448391959071, 0.00208306498826, 0.00160199822858, 0.00123359402642, 0.00122602027841, 0.000937581760809, 0.000681067875121, 0.000892767799087, 0.000621397863142, 0.000618817575742, 0.000611653609667, 0.000350972783053, 0.000307954614982, 0.000250549201155, 0.000211513513932, 0.000151801388711, 9.92539062281e-05, 7.4560601206e-05, 8.46882467158e-05, 7.54559441702e-05, 6.36147306068e-05, 1.27050643641e-05, 7.87113485501e-09], "dmean": [0.000195402026293, 0.00465548923239, 0.00428746407852, 0.00269235717133, 0.00264669186436, 0.00126624619588, 0.00101473368704, 0.000765530159697, 0.000769734964706, 0.000579976243898, 0.000432263099356, 0.00054430658929, 0.000380817946279, 0.000388763233786, 0.000379236327717, 0.000220995643758, 0.000197510496946, 0.000158875714988, 0.000134627509397, 9.46890868363e-05, 6.26911059953e-05, 4.84146403323e-05, 5.20222783962e-05, 4.92989311169e-05, 4.12331864936e-05, 8.08073855296e-06, 4.2418739632e-09], "var": [1.29068723709e-07, 0.000275092577795, 9.67917731032e-05, 4.57940113847e-05, 2.60748201981e-05, 9.55129144131e-06, 1.85393491847e-05, 7.34862260288e-06, 7.53210088078e-06, 5.40585233466e-06, 4.8366973715e-06, 2.36985852098e-06, 1.19664514386e-06, 3.20033655044e-06, 3.81436871066e-06, 1.17810861866e-06, 8.87372721081e-07, 5.09487108502e-07, 2.61016879222e-07, 4.43718235488e-08, 2.20918217053e-08, 1.22832224392e-08, 9.44295397431e-09, 1.70324074844e-08, 7.88650922345e-09, 3.08399833449e-10, 1.35912987657e-16], "dvar": [5.79652414956e-08, 6.48978893878e-05, 0.000117171090096, 7.36187503207e-05, 3.05195171677e-05, 6.50623360343e-06, 7.91825277702e-06, 4.70741770187e-06, 3.97031635657e-06, 2.86888666778e-06, 1.84649081802e-06, 1.16433443509e-06, 6.79730419506e-07, 1.23539120978e-06, 1.30956414068e-06, 5.07198080868e-07, 3.14049543704e-07, 1.60338586852e-07, 1.39019718404e-07, 1.9900541659e-08, 9.92774662478e-09, 5.27516563764e-09, 6.98956004186e-09, 1.01031281119e-08, 4.62152494052e-09, 2.22376825287e-10, 2.3518174183e-16], "mean": [0.000280426174868, 0.0100252339616, 0.00407321983948, 0.00189804006368, 0.00256233057007, 0.00147239072248, 0.00152211205568, 0.000971432193182, 0.00103626726195, 0.000798835710157, 0.000653718481772, 0.000754096894525, 0.000507180171553, 0.000614551419858, 0.000597588310484, 0.000349702168023, 0.000329612608766, 0.000280935288174, 0.000245608098339, 0.000163061922649, 0.00010965965339, 8.78116406966e-05, 7.39671886549e-05, 7.77789755375e-05, 6.33186646155e-05, 1.12450816232e-05, 3.08166114849e-09]}, "melbands_flatness_db": {"min": 0.0067355139181, "max": 0.768726348877, "dvar2": 0.00475280033424, "median": 0.202545553446, "dmean2": 0.0602404884994, "dmean": 0.0419569537044, "var": 0.0131865870208, "dvar": 0.00265945540741, "mean": 0.227770254016}, "melbands_skewness": {"min": -1.12230110168, "max": 36.9582824707, "dvar2": 7.31834936142, "median": 2.63331747055, "dmean2": 1.97002696991, "dmean": 1.36086761951, "var": 17.2519741058, "dvar": 3.87223887444, "mean": 4.01084947586}, "barkbands_skewness": {"min": -2.58346891403, "max": 39.8772163391, "dvar2": 7.53726625443, "median": 1.56438326836, "dmean2": 1.60161304474, "dmean": 1.0944519043, "var": 14.5330619812, "dvar": 3.66808271408, "mean": 2.69808101654}, "silence_rate_60dB": {"min": 0, "max": 1, "dvar2": 0.0887684822083, "median": 0, "dmean2": 0.082665540278, "dmean": 0.0413298644125, "var": 0.0881410911679, "dvar": 0.0396224036813, "mean": 0.0976946875453}, "spectral_energyband_low": {"min": 8.79091635976e-23, "max": 0.109046451747, "dvar2": 0.00025185677805, "median": 0.00525096664205, "dmean2": 0.00856747478247, "dmean": 0.00656048441306, "var": 0.000446959282272, "dvar": 0.000128945583128, "mean": 0.0154912248254}, "spectral_energyband_middle_low": {"min": 3.99228115309e-22, "max": 0.109533265233, "dvar2": 0.000287631934043, "median": 0.00482463790104, "dmean2": 0.0109582711011, "dmean": 0.00692327367142, "var": 0.000167068574228, "dvar": 0.000124781829072, "mean": 0.00972726661712}, "melbands_kurtosis": {"min": -1.733923316, "max": 1948.2265625, "dvar2": 11129.5546875, "median": 9.03299427032, "dmean2": 41.8111610413, "dmean": 28.4225730896, "var": 17152.0195313, "dvar": 5842.17480469, "mean": 52.5360336304}, "spectral_decrease": {"min": -3.26690070551e-08, "max": 1.76956625008e-29, "dvar2": 1.47035489784e-17, "median": -5.89144732999e-09, "dmean2": 3.32874261488e-09, "dmean": 2.62756638669e-09, "var": 3.79717326367e-17, "dvar": 8.10995996688e-18, "mean": -7.44030170807e-09}, "erbbands_kurtosis": {"min": -1.94630348682, "max": 62.2809028625, "dvar2": 13.6480169296, "median": -0.1197270751, "dmean2": 1.9681622982, "dmean": 1.24659383297, "var": 12.2476997375, "dvar": 6.86648273468, "mean": 0.677967071533}, "melbands_crest": {"min": 2.71710777283, "max": 39.2156143188, "dvar2": 37.020072937, "median": 16.6180343628, "dmean2": 6.88521194458, "dmean": 4.46754932404, "var": 62.3978691101, "dvar": 17.2604427338, "mean": 17.6982574463}, "melbands_spread": {"min": 0.168949827552, "max": 240.750549316, "dvar2": 312.642028809, "median": 16.9196548462, "dmean2": 12.2307720184, "dmean": 8.12981891632, "var": 424.076812744, "dvar": 162.424057007, "mean": 21.2298145294}, "spectral_energy": {"min": 1.12961981649e-20, "max": 0.130780175328, "dvar2": 0.000223585986532, "median": 0.0236851610243, "dmean2": 0.0130885597318, "dmean": 0.0103080160916, "var": 0.000573836732656, "dvar": 0.000122243713122, "mean": 0.029560148716}, "mfcc": {"mean": [-671.069885254, 116.354400635, 2.46592235565, 17.296333313, 6.17402124405, 6.24550437927, 6.22067499161, 2.29460096359, -1.28087043762, 2.69040799141, 1.91305577755, 1.20922553539, 1.12708926201], "icov": [[0.000141739539686, 5.94487246417e-05, 6.4046078478e-05, 1.56017085828e-05, -8.06965399534e-05, -2.32850607063e-06, 8.37557890918e-05, 7.95496671344e-05, 9.6838833997e-05, 2.22149465117e-05, 9.02776591829e-05, 5.82932443649e-05, 8.24766248115e-05], [5.94487246417e-05, 0.000696466711815, 0.000209007092053, -4.29609026469e-05, -0.000146556980326, 0.000173195337993, -0.000533636135515, 0.000208919213037, -0.000267133058514, 0.00014148192713, -0.000213787468965, 0.000207000484806, -1.00638226286e-05], [6.4046078478e-05, 0.000209007092053, 0.00154439802282, -0.000962519494351, -0.000151346466737, -0.000646875938401, -3.59344699064e-06, 3.57735261787e-05, -9.4541508588e-05, 0.000145303914906, 0.00045366078848, -0.000388110929634, 5.12993028678e-05], [1.56017085828e-05, -4.29609026469e-05, -0.000962519494351, 0.00426118541509, -0.00211312202737, 0.000158894443302, 0.000423102639616, -0.00156010047067, -2.14004430745e-05, 0.000330730981659, -0.000637253921013, 0.000119205273222, 3.9189857489e-05], [-8.06965399534e-05, -0.000146556980326, -0.000151346466737, -0.00211312202737, 0.0060210856609, -0.000959313183557, -0.000543230969924, 0.000422990240622, -0.00149880861863, -0.000758762529586, 0.00104486406781, -0.000825205817819, -0.000668809574563], [-2.32850607063e-06, 0.000173195337993, -0.000646875938401, 0.000158894443302, -0.000959313183557, 0.00603678449988, -0.00354435830377, 0.00030519979191, -6.47561755613e-05, -0.000545188493561, -0.00136841356289, 0.0010539656505, 0.000143217621371], [8.37557890918e-05, -0.000533636135515, -3.59344699064e-06, 0.000423102639616, -0.000543230969924, -0.00354435830377, 0.0105926198885, -0.00483224587515, 0.000908344401978, -0.0011274459539, -0.000737845490221, 8.86954949237e-05, 0.00027818698436], [7.95496671344e-05, 0.000208919213037, 3.57735261787e-05, -0.00156010047067, 0.000422990240622, 0.00030519979191, -0.00483224587515, 0.0106128826737, -0.00434516835958, 0.000974014226813, 0.000319472106639, -0.00138833723031, -0.000595801975578], [9.6838833997e-05, -0.000267133058514, -9.4541508588e-05, -2.14004430745e-05, -0.00149880861863, -6.47561755613e-05, 0.000908344401978, -0.00434516835958, 0.0130454553291, -0.00550158973783, 0.000202486902708, 0.00024631319684, -0.00124451913871], [2.22149465117e-05, 0.00014148192713, 0.000145303914906, 0.000330730981659, -0.000758762529586, -0.000545188493561, -0.0011274459539, 0.000974014226813, -0.00550158973783, 0.0152126904577, -0.0063711386174, 0.00039924425073, 0.000352165137883], [9.02776591829e-05, -0.000213787468965, 0.00045366078848, -0.000637253921013, 0.00104486406781, -0.00136841356289, -0.000737845490221, 0.000319472106639, 0.000202486902708, -0.0063711386174, 0.0170220546424, -0.00763837015256, 0.000934318813961], [5.82932443649e-05, 0.000207000484806, -0.000388110929634, 0.000119205273222, -0.000825205817819, 0.0010539656505, 8.86954949237e-05, -0.00138833723031, 0.00024631319684, 0.00039924425073, -0.00763837015256, 0.0188570339233, -0.00797968264669], [8.24766248115e-05, -1.00638226286e-05, 5.12993028678e-05, 3.9189857489e-05, -0.000668809574563, 0.000143217621371, 0.00027818698436, -0.000595801975578, -0.00124451913871, 0.000352165137883, 0.000934318813961, -0.00797968264669, 0.0170218534768]], "cov": [[8667.90527344, -833.205505371, -633.532531738, -416.477905273, -241.820343018, -331.276306152, -416.511444092, -420.990905762, -331.650848389, -230.101089478, -242.32170105, -204.201156616, -156.180206299], [-833.205505371, 1685.98583984, -164.885345459, 32.9195861816, 72.0567169189, 38.7227706909, 139.891769409, 68.5374526978, 83.0729980469, 51.0706787109, 58.3361778259, 14.3351774216, 16.6084823608], [-633.532531738, -164.885345459, 1046.83435059, 381.966827393, 222.243637085, 214.934280396, 132.648651123, 152.456039429, 102.635848999, 53.7599945068, 38.8118743896, 62.4728279114, 42.5782356262], [-416.477905273, 32.9195861816, 381.966827393, 478.564056396, 228.364959717, 127.428184509, 109.701629639, 153.910903931, 103.881820679, 56.9628753662, 50.8194541931, 54.6136817932, 40.5089797974], [-241.820343018, 72.0567169189, 222.243637085, 228.364959717, 308.476043701, 126.144523621, 102.280654907, 105.338661194, 98.2336044312, 63.4493522644, 39.8915748596, 46.7057189941, 38.668346405], [-331.276306152, 38.7227706909, 214.934280396, 127.428184509, 126.144523621, 309.710754395, 163.154632568, 107.548423767, 75.0205307007, 69.2954940796, 60.8456878662, 29.7251186371, 18.7818470001], [-416.511444092, 139.891769409, 132.648651123, 109.701629639, 102.280654907, 163.154632568, 228.542770386, 142.535797119, 79.7791595459, 66.0276107788, 58.0775260925, 37.9908828735, 24.4372806549], [-420.990905762, 68.5374526978, 152.456039429, 153.910903931, 105.338661194, 107.548423767, 142.535797119, 222.386657715, 109.477294922, 59.155796051, 50.5311317444, 50.7837333679, 37.7687644958], [-331.650848389, 83.0729980469, 102.635848999, 103.881820679, 98.2336044312, 75.0205307007, 79.7791595459, 109.477294922, 159.357162476, 79.3169250488, 48.9610366821, 39.213973999, 32.5700149536], [-230.101089478, 51.0706787109, 53.7599945068, 56.9628753662, 63.4493522644, 69.2954940796, 66.0276107788, 59.155796051, 79.3169250488, 126.020820618, 67.2006912231, 35.8523674011, 20.063911438], [-242.32170105, 58.3361778259, 38.8118743896, 50.8194541931, 39.8915748596, 60.8456878662, 58.0775260925, 50.5311317444, 48.9610366821, 67.2006912231, 114.683586121, 57.6818771362, 25.7848186493], [-204.201156616, 14.3351774216, 62.4728279114, 54.6136817932, 46.7057189941, 29.7251186371, 37.9908828735, 50.7837333679, 39.213973999, 35.8523674011, 57.6818771362, 101.657096863, 50.0406265259], [-156.180206299, 16.6084823608, 42.5782356262, 40.5089797974, 38.668346405, 18.7818470001, 24.4372806549, 37.7687644958, 32.5700149536, 20.063911438, 25.7848186493, 50.0406265259, 85.5863494873]]}, "spectral_contrast_valleys": {"min": [-27.7955360413, -26.9069652557, -27.2152137756, -27.0890083313, -27.2753429413, -27.2192649841], "max": [-5.52070903778, -4.44042634964, -5.32145118713, -5.84314346313, -5.71706485748, -8.09793949127], "dvar2": [0.469367027283, 0.70228177309, 0.572557687759, 0.507370531559, 0.47571259737, 0.607282519341], "median": [-7.43151569366, -6.86496496201, -7.33476686478, -7.64001989365, -7.69191646576, -9.86104774475], "dmean2": [0.817489147186, 0.885834932327, 0.750469923019, 0.646682918072, 0.576573908329, 0.639820098877], "dmean": [0.516008257866, 0.557658910751, 0.485402286053, 0.417494475842, 0.390216857195, 0.458850204945], "var": [1.4443243742, 1.10457539558, 1.05535268784, 1.18983078003, 1.1778755188, 1.70153212547], "dvar": [0.217512428761, 0.287391155958, 0.249567747116, 0.228632986546, 0.225607141852, 0.310991317034], "mean": [-7.74032258987, -7.02439165115, -7.51095485687, -7.80679941177, -7.84445428848, -10.2461528778]}, "barkbands_flatness_db": {"min": 0.0333197116852, "max": 0.627947688103, "dvar2": 0.00330805918202, "median": 0.151145398617, "dmean2": 0.0499910637736, "dmean": 0.0341629609466, "var": 0.00774400122464, "dvar": 0.00177744182292, "mean": 0.173304259777}, "dynamic_complexity": 3.65606665611, "spectral_skewness": {"min": -0.236247345805, "max": 7.26378536224, "dvar2": 0.250202149153, "median": 1.45420265198, "dmean2": 0.402732729912, "dmean": 0.25315579772, "var": 0.377883046865, "dvar": 0.112404972315, "mean": 1.59503817558}, "erbbands_flatness_db": {"min": 0.0245082508773, "max": 0.437380313873, "dvar2": 0.00105420337059, "median": 0.153343439102, "dmean2": 0.0330090858042, "dmean": 0.0213981159031, "var": 0.00277545838617, "