{"lowlevel": {"spectral_complexity": {"min": 0, "max": 52, "dvar2": 15.3594312668, "median": 10, "dmean2": 3.15722084045, "dmean": 2.1326880455, "var": 80.6670303345, "dvar": 8.01179027557, "mean": 12.0902137756}, "silence_rate_20dB": {"min": 1, "max": 1, "dvar2": 0, "median": 1, "dmean2": 0, "dmean": 0, "var": 0, "dvar": 0, "mean": 1}, "average_loudness": 0.507051229477, "erbbands_spread": {"min": 1.83988678455, "max": 145.816162109, "dvar2": 266.62802124, "median": 31.5278911591, "dmean2": 12.3129730225, "dmean": 8.2097902298, "var": 415.481048584, "dvar": 123.953071594, "mean": 35.4813728333}, "spectral_kurtosis": {"min": -1.19505274296, "max": 59.2880554199, "dvar2": 23.5307579041, "median": 4.06852245331, "dmean2": 3.51291203499, "dmean": 2.15872001648, "var": 29.2402687073, "dvar": 9.20780181885, "mean": 5.49942684174}, "barkbands_kurtosis": {"min": -1.92722225189, "max": 125.090263367, "dvar2": 55.7175369263, "median": 2.40885686874, "dmean2": 4.14994001389, "dmean": 2.68972730637, "var": 93.4267196655, "dvar": 24.50989151, "mean": 5.70896434784}, "spectral_strongpeak": {"min": 0, "max": 11.7065849304, "dvar2": 2.73001170158, "median": 0.327301681042, "dmean2": 0.89784693718, "dmean": 0.538047432899, "var": 2.76522231102, "dvar": 1.06054854393, "mean": 1.07299458981}, "spectral_spread": {"min": 996596.0625, "max": 40833912, "dvar2": 1393785700350.0, "median": 3989206.25, "dmean2": 846736.4375, "dmean": 605918.5625, "var": 2775576739840.0, "dvar": 830100799488, "mean": 4334292.5}, "spectral_rms": {"min": 3.2984830145e-12, "max": 0.0133812176064, "dvar2": 1.73611306309e-06, "median": 0.00272732065059, "dmean2": 0.000824786897283, "dmean": 0.00056677631801, "var": 5.35204799235e-06, "dvar": 8.28139548048e-07, "mean": 0.00330363982357}, "erbbands": {"min": [3.7919917674e-22, 7.39851988735e-21, 3.0831341413e-20, 1.55363350321e-19, 4.35600858594e-19, 2.1576683161e-19, 2.15329369388e-19, 3.42863261976e-19, 7.1276261208e-19, 3.66620432006e-19, 1.1859380466e-18, 1.77140562742e-18, 2.2870396224e-18, 2.38096329262e-18, 1.72741419789e-18, 3.08800605416e-18, 2.86346953124e-18, 4.03964488206e-18, 8.36001253015e-18, 9.67128405259e-18, 7.15830852447e-18, 1.03884761135e-17, 1.56548645855e-17, 1.46386665855e-17, 1.41446015318e-17, 1.49238586084e-17, 1.6771647748e-17, 1.21062820915e-17, 1.56982849502e-17, 2.47986927846e-17, 1.96538940723e-17, 1.66074954098e-17, 1.64403867281e-17, 1.23079793306e-17, 1.21804818468e-17, 6.53566568916e-18, 2.96599836137e-18, 1.31067223008e-18, 3.55009349446e-19, 3.77193583842e-20], "max": [1.75411939621, 30.3570804596, 62.9219741821, 181.857666016, 105.029022217, 170.255218506, 627.280029297, 590.943115234, 197.488677979, 667.771240234, 2033.37854004, 3821.3527832, 2602.72143555, 1072.36853027, 3371.40307617, 2247.78369141, 1312.47033691, 2686.20751953, 1432.03479004, 1183.78063965, 584.760620117, 495.906555176, 353.566589355, 322.554077148, 171.042312622, 148.990921021, 155.620773315, 149.179336548, 203.210906982, 286.155914307, 312.495880127, 188.290725708, 123.939529419, 86.0760192871, 54.1193847656, 24.8871059418, 4.50446844101, 0.579168736935, 0.0812462568283, 0.00233461684547], "dvar2": [0.0321489572525, 5.21772480011, 27.320930481, 380.116943359, 98.5427703857, 95.3707199097, 532.836181641, 726.752929688, 262.825042725, 1146.5769043, 5852.38037109, 40078.6367188, 20047.8710938, 5917.85546875, 16778.1640625, 13322.1044922, 6457.19970703, 20851.7480469, 8245.43164063, 4906.64794922, 1530.09350586, 616.08013916, 637.797668457, 362.209686279, 156.663497925, 129.894195557, 68.1425247192, 107.89541626, 138.997451782, 149.570602417, 118.725265503, 95.668762207, 23.3439674377, 8.65971565247, 1.36617231369, 0.203185409307, 0.0177233312279, 0.000881830637809, 3.81868776458e-05, 3.88519545425e-08], "median": [0.0150595512241, 0.173929125071, 0.564205765724, 1.05337202549, 1.95351827145, 3.12941002846, 3.02039313316, 3.3396294117, 3.08938384056, 4.17234516144, 2.8355717659, 3.42339491844, 2.4351348877, 2.20373940468, 2.28487467766, 1.90447056293, 2.26947641373, 2.30536937714, 2.43609547615, 2.85246753693, 2.75592756271, 2.82022929192, 3.35398554802, 2.30172014236, 1.90112376213, 1.22455239296, 0.794415533543, 0.665163636208, 0.639738500118, 0.575131595135, 0.33724924922, 0.211691111326, 0.105058483779, 0.0489355437458, 0.0188843607903, 0.00561324646696, 0.000985336257145, 0.000116250783321, 1.15013799586e-05, 1.06495153886e-05], "dmean2": [0.0462390892208, 0.578942656517, 1.6620131731, 4.55607414246, 3.16305565834, 4.21668481827, 5.7150683403, 7.28579902649, 6.53307533264, 11.6995706558, 22.8666210175, 52.900642395, 32.7091598511, 24.9390125275, 32.3684082031, 23.8966770172, 23.1076507568, 27.7648048401, 20.5760250092, 21.2182369232, 12.9442882538, 8.96062660217, 11.0452356339, 7.61512851715, 5.94294261932, 4.660572052, 3.04928851128, 3.25972962379, 4.06521654129, 4.08029747009, 3.21600437164, 2.24342226982, 1.17762517929, 0.67652630806, 0.274669408798, 0.110035561025, 0.0342744812369, 0.00783192273229, 0.00154998374637, 5.50888362341e-05], "dmean": [0.0268300976604, 0.334279954433, 1.01019287109, 2.77185869217, 1.97754657269, 2.71022462845, 3.62539076805, 4.69749450684, 4.21241426468, 7.88585853577, 15.4859075546, 33.9654197693, 20.9247379303, 16.0142402649, 20.9734039307, 15.6459188461, 14.888510704, 16.978477478, 12.8820953369, 13.3382921219, 8.1153087616, 5.7340669632, 7.05550718307, 4.87543439865, 3.74671792984, 2.97390151024, 1.97326552868, 2.09182667732, 2.68685722351, 2.76789426804, 2.11556744576, 1.46467113495, 0.791644215584, 0.466693103313, 0.19540797174, 0.0788431018591, 0.0234931465238, 0.0053163417615, 0.000995754962787, 3.57510834874e-05], "var": [0.00878432951868, 1.40563821793, 11.0861520767, 135.391326904, 40.7503890991, 69.0655059814, 194.394195557, 512.795166016, 185.855743408, 1269.05957031, 7343.03369141, 30634.5761719, 10877.5087891, 7647.97900391, 24179.7441406, 16030.4082031, 7761.68212891, 11199.0126953, 5166.66601563, 8455.39355469, 2317.44750977, 705.221740723, 712.455505371, 462.577911377, 195.388076782, 133.938812256, 64.2510528564, 68.4878005981, 133.246704102, 147.753067017, 114.792297363, 60.3549919128, 21.7460708618, 9.79738140106, 2.37366485596, 0.365675359964, 0.0193345155567, 0.000675766321365, 1.80661954801e-05, 1.94105584939e-08], "dvar": [0.0117659475654, 1.87780439854, 10.4297275543, 153.126312256, 39.4396362305, 37.6546897888, 197.896881104, 306.838928223, 103.103546143, 518.924926758, 2848.06079102, 15516.7509766, 8320.75976563, 2493.59106445, 7683.32958984, 5322.36572266, 2868.86523438, 6981.12646484, 3006.15380859, 2047.09143066, 639.91619873, 264.456359863, 256.501861572, 149.850570679, 63.3450431824, 52.2515716553, 29.0853710175, 43.6343421936, 63.4539337158, 69.7905654907, 54.1214981079, 39.7751197815, 11.2600097656, 4.50098514557, 0.861918985844, 0.136665701866, 0.00956531614065, 0.000430328596849, 1.66965164681e-05, 1.70211027495e-08], "mean": [0.0364571176469, 0.486541897058, 1.60154235363, 3.47991323471, 3.53529286385, 5.74601650238, 6.34447622299, 8.27991676331, 7.45845413208, 14.8267650604, 25.9078178406, 52.0201034546, 30.9578170776, 32.1375312805, 42.7745933533, 28.9951972961, 26.0899047852, 26.027425766, 21.5034217834, 31.7285461426, 18.4702739716, 12.4775333405, 14.8316230774, 10.514503479, 8.22597694397, 6.08161687851, 3.79508185387, 3.51783514023, 4.59984731674, 4.64609766006, 3.22152686119, 2.05698013306, 1.17867422104, 0.691703677177, 0.29049128294, 0.103375330567, 0.0274820886552, 0.00568859837949, 0.000903958571143, 4.68450125481e-05]}, "zerocrossingrate": {"min": 0.00390625, "max": 0.51318359375, "dvar2": 0.00023768178653, "median": 0.04931640625, "dmean2": 0.0102401841432, "dmean": 0.00890042353421, "var": 0.00145578198135, "dvar": 0.000205499061849, "mean": 0.053831808269}, "spectral_contrast_coeffs": {"min": [-0.949018418789, -0.990120053291, -0.990557134151, -0.984582602978, -0.984677553177, -0.956170082092], "max": [-0.342860072851, -0.406828343868, -0.348325490952, -0.50669926405, -0.586947321892, -0.627184271812], "dvar2": [0.00328764994629, 0.00330219068564, 0.00239202100784, 0.00169237342197, 0.00100086792372, 0.000626036780886], "median": [-0.663521707058, -0.700724482536, -0.736948847771, -0.755107462406, -0.773914694786, -0.765870213509], "dmean2": [0.0621204636991, 0.0674382224679, 0.0583237372339, 0.0486226417124, 0.0363401919603, 0.0274769738317], "dmean": [0.0388883240521, 0.0421140380204, 0.0377147123218, 0.031084837392, 0.0233738049865, 0.018231080845], "var": [0.00792034715414, 0.00596564402804, 0.00787609536201, 0.00503594940528, 0.00247343210503, 0.00179692206439], "dvar": [0.00130728841759, 0.00132484431379, 0.00108940154314, 0.00075932557229, 0.000461726856884, 0.000290925294394], "mean": [-0.65380936861, -0.699278354645, -0.723975658417, -0.746875286102, -0.771825432777, -0.769747138023]}, "dissonance": {"min": 0.224021345377, "max": 0.499999314547, "dvar2": 0.00130373670254, "median": 0.452978491783, "dmean2": 0.0374082252383, "dmean": 0.0225739367306, "var": 0.00156669400167, "dvar": 0.000498106644955, "mean": 0.443479627371}, "spectral_energyband_high": {"min": 8.10263153439e-21, "max": 0.0339101552963, "dvar2": 1.67702648923e-06, "median": 8.45001268317e-05, "dmean2": 0.000420668307925, "dmean": 0.000296558573609, "var": 2.16395733332e-06, "dvar": 8.48835895795e-07, "mean": 0.000556940620299}, "gfcc": {"mean": [-84.140083313, 106.936271667, -117.0832901, 37.0472869873, -60.3720550537, 10.1994476318, -38.9195747375, 4.9476017952, -19.373500824, -5.60615825653, -13.9640617371, -2.81681346893, -10.2534132004], "icov": [[6.89155203872e-05, -2.78538918792e-05, 7.10282547516e-05, -0.000106575484097, 0.000132985893288, -0.000154263936565, 3.62276296073e-05, -8.53762976476e-05, 4.39332106907e-05, -9.74344875431e-05, 0.00019166371203, -0.00012118378072, 0.000153476343257], [-2.78538918792e-05, 0.0015705334954, -0.000329661153955, 0.000620873761363, -0.000651014444884, 0.00109653896652, -0.000339065067237, 0.000908846326638, -0.00120440346655, 0.00154626497533, -0.00220951321535, 0.00205799215473, -0.00113961438183], [7.10282547516e-05, -0.000329661153955, 0.00152577389963, -0.000704986625351, -0.000124987302115, -5.26756302861e-05, 0.000649065943435, 0.000294771773042, 0.000884264765773, -0.00138465850614, 0.00170907378197, -0.00143630837556, 0.00126853282563], [-0.000106575484097, 0.000620873761363, -0.000704986625351, 0.00314683211036, -0.000705248094164, 0.000401031109504, 0.000520351692103, 0.000301741791191, -0.00103507959284, 0.000501740491018, -0.00213264022022, 0.00124189408962, -0.00260713230819], [0.000132985893288, -0.000651014444884, -0.000124987302115, -0.000705248094164, 0.00473666284233, -0.000738159695175, -0.00101488723885, 0.000340894825058, 0.000144804289448, -0.000219439651119, 0.000827585346997, -0.00111946975812, -0.000224851522944], [-0.000154263936565, 0.00109653896652, -5.26756302861e-05, 0.000401031109504, -0.000738159695175, 0.00572013761848, -0.00141681730747, -0.000573205528781, 0.000691931170877, -6.66680498398e-05, -0.000505288364366, 0.00022089992126, -0.000685929902829], [3.62276296073e-05, -0.000339065067237, 0.000649065943435, 0.000520351692103, -0.00101488723885, -0.00141681730747, 0.0057199569419, -0.00207376456819, 0.000877341662999, -0.000879733706824, -0.000972976442426, 0.000418922048993, -0.000349894195097], [-8.53762976476e-05, 0.000908846326638, 0.000294771773042, 0.000301741791191, 0.000340894825058, -0.000573205528781, -0.00207376456819, 0.00988093204796, -0.00387410330586, 0.000606961548328, 0.00139149476308, -0.00187443057075, 0.00126811827067], [4.39332106907e-05, -0.00120440346655, 0.000884264765773, -0.00103507959284, 0.000144804289448, 0.000691931170877, 0.000877341662999, -0.00387410330586, 0.00891890563071, -0.00259610428475, 0.00248527061194, -0.000153497312567, 0.000271721335594], [-9.74344875431e-05, 0.00154626497533, -0.00138465850614, 0.000501740491018, -0.000219439651119, -6.66680498398e-05, -0.000879733706824, 0.000606961548328, -0.00259610428475, 0.0129204113036, -0.00518827652559, 0.00217949133366, 0.000119803349662], [0.00019166371203, -0.00220951321535, 0.00170907378197, -0.00213264022022, 0.000827585346997, -0.000505288364366, -0.000972976442426, 0.00139149476308, 0.00248527061194, -0.00518827652559, 0.0153685193509, -0.00606719776988, 0.00205278978683], [-0.00012118378072, 0.00205799215473, -0.00143630837556, 0.00124189408962, -0.00111946975812, 0.00022089992126, 0.000418922048993, -0.00187443057075, -0.000153497312567, 0.00217949133366, -0.00606719776988, 0.0164982788265, -0.00448332540691], [0.000153476343257, -0.00113961438183, 0.00126853282563, -0.00260713230819, -0.000224851522944, -0.000685929902829, -0.000349894195097, 0.00126811827067, 0.000271721335594, 0.000119803349662, 0.00205278978683, -0.00448332540691, 0.012968627736]], "cov": [[19988.4238281, -1761.10339355, -687.863952637, 134.164978027, -636.312255859, 783.657287598, 52.24010849, 531.708251953, 48.3124656677, 135.376495361, -275.839355469, 119.312820435, -234.572631836], [-1761.10339355, 1673.95532227, -43.7169761658, -7.37729454041, 176.425735474, -350.180877686, -6.1424074173, -211.490219116, 93.7361907959, -108.40071106, 145.080749512, -135.086166382, 105.157676697], [-687.863952637, -43.7169761658, 1069.27819824, 161.357971191, 49.1621932983, -56.0480117798, -165.007888794, -92.8325424194, -77.8292922974, 61.602809906, -45.0816879272, 42.0545043945, -42.6052131653], [134.164978027, -7.37729454041, 161.357971191, 480.932617188, 55.6234436035, -30.5006790161, -66.3600234985, -41.2593269348, 19.6435375214, 15.0307588577, 38.8216972351, 14.7847900391, 78.6753234863], [-636.312255859, 176.425735474, 49.1621932983, 55.6234436035, 272.990570068, -5.07381248474, 44.1491775513, -32.9289703369, -3.33449077606, -6.78277683258, 22.2281303406, 6.25057077408, 37.0578727722], [783.657287598, -350.180877686, -56.0480117798, -30.5006790161, -5.07381248474, 291.576965332, 83.4780578613, 72.2071380615, -34.2903709412, 26.3314914703, -19.8409042358, 33.5298995972, -14.9626712799], [52.24010849, -6.1424074173, -165.007888794, -66.3600234985, 44.1491775513, 83.4780578613, 254.994567871, 59.9379386902, -2.19824242592, 9.96724891663, 22.6709270477, 2.35743117332, 5.02169466019], [531.708251953, -211.490219116, -92.8325424194, -41.2593269348, -32.9289703369, 72.2071380615, 59.9379386902, 179.807815552, 54.1044883728, 10.1775884628, -34.5809783936, 20.5390472412, -25.4614448547], [48.3124656677, 93.7361907959, -77.8292922974, 19.6435375214, -3.33449077606, -34.2903709412, -2.19824242592, 54.1044883728, 166.491546631, 8.03879451752, -12.9524240494, -16.0928249359, 4.93011808395], [135.376495361, -108.40071106, 61.602809906, 15.0307588577, -6.78277683258, 26.3314914703, 9.96724891663, 10.1775884628, 8.03879451752, 105.405303955, 18.1906528473, 7.60903978348, -14.97402668], [-275.839355469, 145.080749512, -45.0816879272, 38.8216972351, 22.2281303406, -19.8409042358, 22.6709270477, -34.5809783936, -12.9524240494, 18.1906528473, 114.065292358, 14.8109750748, 18.7248878479], [119.312820435, -135.086166382, 42.0545043945, 14.7847900391, 6.25057077408, 33.5298995972, 2.35743117332, 20.5390472412, -16.0928249359, 7.60903978348, 14.8109750748, 91.5251922607, 15.0762786865], [-234.572631836, 105.157676697, -42.6052131653, 78.6753234863, 37.0578727722, -14.9626712799, 5.02169466019, -25.4614448547, 4.93011808395, -14.97402668, 18.7248878479, 15.0762786865, 113.869094849]]}, "spectral_flux": {"min": 1.0560298469e-10, "max": 0.334171801805, "dvar2": 0.00168405775912, "median": 0.0365711115301, "dmean2": 0.0281348731369, "dmean": 0.0181235894561, "var": 0.00262388633564, "dvar": 0.0007679493865, "mean": 0.0532364360988}, "silence_rate_30dB": {"min": 0, "max": 1, "dvar2": 0.0117892213166, "median": 1, "dmean2": 0.00874316971749, "dmean": 0.0043709021993, "var": 0.00311177340336, "dvar": 0.00435178494081, "mean": 0.996878385544}, "spectral_energyband_middle_high": {"min": 1.56535711626e-21, "max": 0.0943330004811, "dvar2": 4.69228689326e-05, "median": 0.000807711156085, "dmean2": 0.00259416294284, "dmean": 0.0017085733125, "var": 9.14316260605e-05, "dvar": 1.96042492462e-05, "mean": 0.00512232864276}, "barkbands_spread": {"min": 1.20255661011, "max": 108.746154785, "dvar2": 159.070205688, "median": 16.0324726105, "dmean2": 8.03112411499, "dmean": 5.21861410141, "var": 208.397460938, "dvar": 69.6139831543, "mean": 19.1423797607}, "spectral_centroid": {"min": 198.111068726, "max": 10959.0800781, "dvar2": 194437.796875, "median": 1127.06262207, "dmean2": 320.632019043, "dmean": 209.9559021, "var": 424391.78125, "dvar": 96283.8125, "mean": 1171.35791016}, "pitch_salience": {"min": 0.138664796948, "max": 0.991829574108, "dvar2": 0.00952872820199, "median": 0.551579236984, "dmean2": 0.0986781045794, "dmean": 0.0608908757567, "var": 0.0111389672384, "dvar": 0.00362471491098, "mean": 0.548278212547}, "erbbands_skewness": {"min": -3.79193353653, "max": 4.52307891846, "dvar2": 0.317254066467, "median": 0.547458231449, "dmean2": 0.557983398438, "dmean": 0.372310042381, "var": 0.813554346561, "dvar": 0.150156334043, "mean": 0.620150506496}, "erbbands_crest": {"min": 2.47896766663, "max": 32.4443855286, "dvar2": 16.2899799347, "median": 9.5513458252, "dmean2": 4.10393476486, "dmean": 2.5762386322, "var": 25.12915802, "dvar": 6.64365816116, "mean": 10.5526294708}, "melbands": {"min": [5.78456003467e-24, 1.46416275878e-23, 3.61305205013e-23, 2.53358693588e-23, 7.56011001634e-24, 8.43391073067e-24, 9.89004462093e-24, 3.85935840611e-24, 1.16615927112e-23, 1.01043883841e-23, 1.13387663741e-23, 9.81990463126e-24, 5.19927494123e-24, 9.58381749499e-24, 6.23830296659e-24, 5.63161371021e-24, 7.4056549954e-24, 1.44104503218e-23, 1.06616113285e-23, 1.2718559828e-23, 7.76581575256e-24, 9.71226692732e-24, 1.12790141049e-23, 1.68654958994e-23, 1.09249685974e-23, 1.15364470284e-23, 8.47206714379e-24, 9.88433800114e-24, 1.26036425156e-23, 6.91353043056e-24, 7.18590437961e-24, 8.17808866113e-24, 1.10734653519e-23, 1.48845257491e-23, 1.27115121447e-23, 8.45315183701e-24, 1.02509382299e-23, 1.16333010037e-23, 1.05052228095e-23, 9.77643129563e-24], "max": [0.0243108309805, 0.0376924946904, 0.0277668181807, 0.00764449173585, 0.0173522885889, 0.0132976761088, 0.00439705234021, 0.00748388422653, 0.0152938533574, 0.0247493255883, 0.0133903566748, 0.00425199652091, 0.0105719668791, 0.00647872174159, 0.00546114752069, 0.003848237684, 0.00605215644464, 0.00345799722709, 0.00300569785759, 0.00108817615546, 0.00104944687337, 0.000663963262923, 0.00047692793305, 0.000239785367739, 0.000309111695969, 0.00016186737048, 0.000135961963679, 0.000130935004563, 0.000137524446473, 7.31411346351e-05, 0.000103969621705, 0.000109647888166, 0.000183815907803, 0.000169679595274, 0.000189775804756, 0.000170989922481, 0.000128633735585, 0.000109938140668, 7.34003333491e-05, 7.34297354938e-05], "dvar2": [4.35789934272e-06, 7.66956964071e-06, 8.25408096716e-06, 2.86946459482e-07, 4.32172470255e-07, 3.5362833728e-07, 7.08770500069e-08, 1.57938629286e-07, 5.04472495777e-07, 1.82447570296e-06, 5.28233783825e-07, 1.08704981017e-07, 1.64340107744e-07, 1.32890846771e-07, 6.56902372498e-08, 5.15539397838e-08, 1.03700230625e-07, 3.55961873311e-08, 1.37839917258e-08, 6.90678536586e-09, 2.31332419887e-09, 1.02129482649e-09, 7.69951991053e-10, 5.93238846935e-10, 2.78771727924e-10, 1.32087535354e-10, 9.42180569674e-11, 7.50722262133e-11, 4.25732504805e-11, 2.88878782007e-11, 4.31577794335e-11, 4.48762416116e-11, 6.69239941242e-11, 4.93268169366e-11, 4.97601820859e-11, 4.3868405436e-11, 3.54985936479e-11, 1.5971111586e-11, 8.21089116837e-12, 6.33910025166e-12], "median": [0.000169464372448, 0.000310435716528, 0.000218060216866, 0.000201225280762, 0.000124552141642, 7.62763884268e-05, 4.83223702759e-05, 4.05620266974e-05, 1.95405791601e-05, 1.98931193154e-05, 9.40003792493e-06, 7.39572215025e-06, 7.3713972597e-06, 4.71577823191e-06, 3.3825990613e-06, 4.26031874667e-06, 3.38813151757e-06, 2.85574901682e-06, 3.37519873028e-06, 3.5547486732e-06, 2.62496132564e-06, 2.5262249892e-06, 2.84546013063e-06, 2.34590470427e-06, 1.54583347012e-06, 1.33358207677e-06, 1.00997215213e-06, 6.4074600914e-07, 4.62392364398e-07, 3.9387708739e-07, 3.2928011251e-07, 3.33735243885e-07, 3.33002731168e-07, 2.83851761651e-07, 1.96074736891e-07, 1.41467054959e-07, 1.15478734131e-07, 7.51578355107e-08, 4.96504029002e-08, 3.33764376137e-08], "dmean2": [0.000527157040779, 0.000840430206154, 0.000707446481101, 0.000237183194258, 0.00019434436399, 0.000158422335517, 0.000105744431494, 0.000133714202093, 0.000216143744183, 0.000347502907971, 0.000163762932061, 0.000100739714981, 0.000113559646707, 7.75187290856e-05, 5.22479895153e-05, 5.8557932789e-05, 5.54322577955e-05, 3.60120902769e-05, 2.99402418023e-05, 2.69685751846e-05, 1.4828100575e-05, 1.03214915725e-05, 1.08800441012e-05, 1.03671009128e-05, 6.39566451355e-06, 5.25086034031e-06, 4.02622254114e-06, 3.28993451149e-06, 2.26069846576e-06, 1.79745927653e-06, 2.04488901545e-06, 2.33671062233e-06, 2.69465886049e-06, 2.37953122451e-06, 2.06772756428e-06, 1.63347112903e-06, 1.3593399899e-06, 9.00055511011e-07, 6.74228090247e-07, 5.6670774029e-07], "dmean": [0.000306338217342, 0.000503993185703, 0.000434182642493, 0.000151435626321, 0.000124321246403, 0.00010154699703, 6.86145576765e-05, 9.02549581951e-05, 0.000145304598846, 0.000222045680857, 0.000104561600892, 6.40246871626e-05, 7.30933898012e-05, 5.06304422743e-05, 3.363372889e-05, 3.76072166546e-05, 3.35602453561e-05, 2.25945641432e-05, 1.88499579963e-05, 1.70621951838e-05, 9.21201899473e-06, 6.54140740153e-06, 6.92634330335e-06, 6.4881292019e-06, 4.06857952839e-06, 3.29335375682e-06, 2.55323948295e-06, 2.0696863885e-06, 1.43404781738e-06, 1.15091461339e-06, 1.28103556563e-06, 1.51804840698e-06, 1.75324021257e-06, 1.57273007062e-06, 1.33087996801e-06, 1.06111735931e-06, 8.67642427238e-07, 6.01208967055e-07, 4.56771090285e-07, 3.88578342836e-07], "var": [1.17042077363e-06, 2.68511166723e-06, 3.09682468469e-06, 1.84138755799e-07, 1.85241972872e-07, 2.24665726023e-07, 5.18412761608e-08, 1.79003805556e-07, 5.96652796503e-07, 1.35589073125e-06, 2.77294248008e-07, 1.24542211211e-07, 2.17933219915e-07, 1.59749617978e-07, 7.56882414521e-08, 5.68377593879e-08, 5.33701367544e-08, 2.11403854422e-08, 1.65897713345e-08, 1.16356053681e-08, 3.21929904956e-09, 1.12852893697e-09, 8.14898870605e-10, 7.22355064653e-10, 3.3428021462e-10, 1.63584215618e-10, 8.57192442028e-11, 6.6806025989e-11, 3.50614641487e-11, 1.81638228763e-11, 2.52524355593e-11, 4.03368727309e-11, 5.50347024897e-11, 4.55346836625e-11, 4.12168944808e-11, 3.29762224471e-11, 1.97566928095e-11, 1.17386361048e-11, 8.75543647999e-12, 6.61200608154e-12], "dvar": [1.58085663315e-06, 2.87153852696e-06, 3.36684615831e-06, 1.12212077852e-07, 1.63812373444e-07, 1.45036153754e-07, 2.83871290918e-08, 7.14788868095e-08, 2.37308512396e-07, 7.17336661182e-07, 2.19477286123e-07, 4.46118697539e-08, 7.36774765642e-08, 5.5160363388e-08, 2.50261056323e-08, 2.4039016111e-08, 3.40073995631e-08, 1.25283108332e-08, 5.75011460668e-09, 2.99723645902e-09, 9.92413262679e-10, 4.4592729509e-10, 3.13007092467e-10, 2.33502966962e-10, 1.16787468585e-10, 5.42431551065e-11, 3.76775381727e-11, 2.97888588796e-11, 1.7066778546e-11, 1.16579697285e-11, 1.72298252055e-11, 2.0259452102e-11, 2.87602337778e-11, 2.28772990135e-11, 2.15748929139e-11, 1.88657769962e-11, 1.44144210457e-11, 7.03694871471e-12, 4.27325883012e-12, 3.1541540213e-12], "mean": [0.000431036867667, 0.000799525645562, 0.000596009136643, 0.000327021698467, 0.000235497864196, 0.000180193412234, 0.000120107637485, 0.000168212791323, 0.000233128288528, 0.000335375865689, 0.000146597929415, 0.000121816621686, 0.000145534577314, 9.34218405746e-05, 5.74879595661e-05, 6.08655427641e-05, 4.77930261695e-05, 3.36958073603e-05, 3.9484759327e-05, 3.71895366698e-05, 1.85612170753e-05, 1.26454870042e-05, 1.33974053824e-05, 1.28102374219e-05, 8.03227976576e-06, 6.62044976707e-06, 4.97033715874e-06, 3.83864198739e-06, 2.54128872257e-06, 1.93830737771e-06, 2.00584690901e-06, 2.42443752541e-06, 2.99374619317e-06, 2.41790348809e-06, 1.9174103727e-06, 1.51294068473e-06, 1.1532388271e-06, 8.67159144491e-07, 6.49397065899e-07, 5.64127901725e-07]}, "spectral_entropy": {"min": 4.71266078949, "max": 9.79946899414, "dvar2": 0.103341288865, "median": 7.34818124771, "dmean2": 0.277989923954, "dmean": 0.194517999887, "var": 0.377319931984, "dvar": 0.0534870661795, "mean": 7.25078201294}, "spectral_rolloff": {"min": 107.666015625, "max": 18927.6855469, "dvar2": 2177235.25, "median": 947.4609375, "dmean2": 719.596557617, "dmean": 417.274475098, "var": 2049331.875, "dvar": 962334.625, "mean": 1322.40661621}, "barkbands": {"min": [1.50591117115e-23, 2.63313913108e-23, 3.4299700558e-23, 7.0738507901e-23, 1.07714337038e-22, 3.75791815122e-23, 4.04865977981e-23, 3.46581999741e-23, 7.29953379767e-23, 9.11362547213e-23, 3.25269092229e-23, 8.05653545083e-23, 5.31436532968e-23, 1.26323755119e-22, 1.36854000597e-22, 1.56153186031e-22, 1.79891941801e-22, 2.81442978007e-22, 2.92985489798e-22, 3.25263103197e-22, 3.30908065617e-22, 5.11784632045e-22, 7.35883834104e-22, 8.83586010055e-22, 1.42596213789e-21, 1.57545756507e-21, 2.56670912901e-21], "max": [0.00235451571643, 0.115308076143, 0.0561240576208, 0.0756709426641, 0.0311250425875, 0.0914915278554, 0.0302939787507, 0.0740552097559, 0.162214055657, 0.0759636312723, 0.0714954808354, 0.0461955182254, 0.0303109921515, 0.0472995750606, 0.0320003591478, 0.0127301607281, 0.0165612362325, 0.00646879151464, 0.00436114892364, 0.00353118986823, 0.00288864737377, 0.00775339221582, 0.0114151677117, 0.00854150392115, 0.00753703759983, 0.00371395843104, 0.000364200386684], "dvar2": [1.99656984279e-08, 8.15067978692e-05, 2.52864301729e-05, 5.46820374439e-05, 4.43922272098e-06, 1.21124685393e-05, 2.40111512539e-06, 8.06946172816e-06, 7.1695074439e-05, 1.21748062156e-05, 8.93535525393e-06, 9.55839823291e-06, 3.76809362024e-06, 1.01023915704e-05, 2.28778981182e-06, 8.91438048711e-07, 3.07568797098e-07, 2.54708680814e-07, 7.70353807411e-08, 6.84761545244e-08, 4.63854128441e-08, 1.15687285529e-07, 1.38631662594e-07, 1.33099590016e-07, 4.12652241266e-08, 6.71169031463e-09, 7.92375054459e-10], "median": [1.63811625953e-06, 0.000682755897287, 0.000392118585296, 0.000372960057575, 0.000888828304596, 0.000412514869822, 0.000223236478632, 0.000109006592538, 0.000129881940666, 4.72826868645e-05, 5.63197754673e-05, 3.36701850756e-05, 4.09450331063e-05, 2.98950672004e-05, 4.64374170406e-05, 4.52492640761e-05, 4.7887537221e-05, 5.23146591149e-05, 3.86411993532e-05, 2.54191709246e-05, 1.69846825884e-05, 1.80315764737e-05, 1.26254935822e-05, 7.97031134425e-06, 3.42299176737e-06, 7.87371391198e-07, 1.96158591592e-08], "dmean2": [4.36730115325e-05, 0.00227150693536, 0.00160417030565, 0.00172175990883, 0.00100482942071, 0.000849034229759, 0.000584488094319, 0.000820965506136, 0.00231225788593, 0.000761205039453, 0.000873701181263, 0.000659321434796, 0.000533065060154, 0.000554588099476, 0.000396974675823, 0.000323915359331, 0.000185889293789, 0.000218206478166, 0.000125813108752, 0.000104190046841, 7.28379382053e-05, 0.000115224262117, 0.000114889902761, 8.57695486047e-05, 4.70067643619e-05, 2.09390564123e-05, 7.20643402019e-06], "dmean": [2.63654947048e-05, 0.00131440721452, 0.000987788545899, 0.00103514501825, 0.000646107422654, 0.000536788895261, 0.000381162972189, 0.000551886099856, 0.00147728784941, 0.000474473636132, 0.000564025656786, 0.000420604133978, 0.000342480518157, 0.00033572857501, 0.000250077078817, 0.000209207282751, 0.000116418290418, 0.000139319192385, 8.01262722234e-05, 6.63980390527e-05, 4.72891770187e-05, 7.67953388277e-05, 7.7007105574e-05, 5.67516508454e-05, 3.3565578633e-05, 1.46361498992e-05, 4.67697509521e-06], "var": [8.79990125213e-09, 2.19650355575e-05, 1.14368331197e-05, 1.88333087863e-05, 3.17250214721e-06, 5.91615344092e-06, 1.81393932053e-06, 9.73996338871e-06, 5.40812943655e-05, 6.60095065541e-06, 1.25563328766e-05, 1.09072989289e-05, 4.03688272854e-06, 5.40057089893e-06, 2.05207766157e-06, 1.49349693856e-06, 3.45649851852e-07, 2.91460565904e-07, 1.11198460218e-07, 6.24683877959e-08, 3.31373577467e-08, 1.13508761501e-07, 1.44847149386e-07, 9.69733449097e-08, 5.80999497402e-08, 9.62157642448e-09, 4.1420505914e-10], "dvar": [7.86197063007e-09, 2.9447612178e-05, 1.01346058727e-05, 2.18411660171e-05, 1.73815556082e-06, 4.66922892883e-06, 9.96046992441e-07, 3.9334822759e-06, 2.88738792733e-05, 4.68934558739e-06, 4.11293194702e-06, 3.79031803277e-06, 1.72968668721e-06, 3.33084039994e-06, 9.25911365357e-07, 4.01914093118e-07, 1.35133134904e-07, 1.01894571003e-07, 3.39305010755e-08, 2.67636988127e-08, 1.91351094969e-08, 5.28617327689e-08, 6.63929213829e-08, 5.81467993754e-08, 2.34694343959e-08, 4.04078592808e-09, 3.56108836863e-10], "mean": [3.21286715916e-05, 0.00188300397713, 0.00147107662633, 0.00129450415261, 0.00142510037404, 0.000941414444242, 0.000644695421215, 0.000934076088015, 0.00223888619803, 0.000751689309254, 0.00109246617649, 0.000742168689612, 0.000554591999389, 0.000477703521028, 0.000455964938737, 0.000437155365944, 0.000225250259973, 0.000276591716101, 0.000170824248926, 0.000130213593366, 8.43784800963e-05, 0.000136052927701, 0.000118296484288, 8.16698156996e-05, 5.06518481416e-05, 1.77901038114e-05, 4.372485364e-06]}, "melbands_flatness_db": {"min": 9.76257069851e-05, "max": 0.512762904167, "dvar2": 0.00154771620873, "median": 0.200883969665, "dmean2": 0.0347882844508, "dmean": 0.0234836507589, "var": 0.00610415684059, "dvar": 0.00068714749068, "mean": 0.217750415206}, "melbands_skewness": {"min": -2.03462767601, "max": 15.65487957, "dvar2": 1.54384958744, "median": 2.1455116272, "dmean2": 0.975624978542, "dmean": 0.641750752926, "var": 3.03071069717, "dvar": 0.695084393024, "mean": 2.39481210709}, "barkbands_skewness": {"min": -3.20263981819, "max": 10.5710992813, "dvar2": 0.701169371605, "median": 1.34126842022, "dmean2": 0.717216670513, "dmean": 0.470299482346, "var": 1.80587482452, "dvar": 0.32201898098, "mean": 1.54423809052}, "silence_rate_60dB": {"min": 0, "max": 1, "dvar2": 0.0845728963614, "median": 0, "dmean2": 0.0793130397797, "dmean": 0.0396503284574, "var": 0.215519249439, "dvar": 0.0380777716637, "mean": 0.314343690872}, "spectral_energyband_low": {"min": 9.30609932885e-23, "max": 0.154808014631, "dvar2": 0.000204839045182, "median": 0.00164139724802, "dmean2": 0.00452745892107, "dmean": 0.00274523510598, "var": 7.53723288653e-05, "dvar": 7.96161912149e-05, "mean": 0.00416988832876}, "spectral_energyband_middle_low": {"min": 3.97797159493e-22, "max": 0.164802730083, "dvar2": 0.000151425221702, "median": 0.00378140015528, "dmean2": 0.00525436922908, "dmean": 0.00344555475749, "var": 0.000134348039865, "dvar": 6.46032713121e-05, "mean": 0.00772923091426}, "melbands_kurtosis": {"min": -1.80762791634, "max": 366.394104004, "dvar2": 394.227233887, "median": 7.31320953369, "dmean2": 9.65644359589, "dmean": 6.12216281891, "var": 414.510070801, "dvar": 169.1043396, "mean": 13.8612709045}, "spectral_decrease": {"min": -4.52237500781e-08, "max": 4.10962123678e-29, "dvar2": 2.46938856923e-17, "median": -1.87705206933e-09, "dmean2": 2.29313434907e-09, "dmean": 1.50732515358e-09, "var": 2.69224426114e-17, "dvar": 1.05095596387e-17, "mean": -4.0468064455e-09}, "erbbands_kurtosis": {"min": -1.86065733433, "max": 33.5288200378, "dvar2": 6.42132472992, "median": 0.156615167856, "dmean2": 1.74180912971, "dmean": 1.11916196346, "var": 9.76300430298, "dvar": 2.82665753365, "mean": 1.20394897461}, "melbands_crest": {"min": 1.13962757587, "max": 32.6533737183, "dvar2": 19.580329895, "median": 11.8375453949, "dmean2": 4.31160020828, "dmean": 2.69683241844, "var": 23.5481872559, "dvar": 7.92493724823, "mean": 12.844540596}, "melbands_spread": {"min": 1.09859097004, "max": 222.467956543, "dvar2": 262.055480957, "median": 17.5946731567, "dmean2": 9.49971199036, "dmean": 6.21371078491, "var": 372.197937012, "dvar": 125.21055603, "mean": 21.7230300903}, "spectral_energy": {"min": 1.11519900495e-20, "max": 0.183533415198, "dvar2": 0.000382600090234, "median": 0.00762423500419, "dmean2": 0.00917926896363, "dmean": 0.00606509484351, "var": 0.000455441419035, "dvar": 0.000165311066667, "mean": 0.0166727006435}, "mfcc": {"mean": [-721.596618652, 126.272033691, 6.61845064163, 25.3773651123, 4.50795698166, 3.18670368195, -6.04217386246, 6.27548122406, -4.24674987793, 0.671851694584, -1.8439399004, -4.14197015762, -1.8668384552], "icov": [[8.35950413602e-05, 4.27795494033e-05, 6.35829928797e-05, -9.81353441603e-05, 0.000198381123482, -0.000213507242734, 0.000145981961396, -0.000253225152846, 9.2398156994e-05, -0.000133441470098, -3.54184157914e-06, -7.42663132769e-06, -1.07000323624e-05], [4.27795494033e-05, 0.000819038657937, 0.000206869721296, -0.000299956096569, -0.000180585237104, 0.000245434493991, 0.000132415923872, 6.69446526445e-05, 0.000519627588801, -1.6289179257e-05, -0.000306905742036, 0.000172819869476, 0.000347850553226], [6.35829928797e-05, 0.000206869721296, 0.00176480761729, -0.000418145704316, -0.000520519155543, -0.000534351973329, 0.000334264186677, 0.000316506193485, 0.000294076802675, 0.00020029314328, -0.000175930777914, -8.11579157016e-05, 0.000285380432615], [-9.81353441603e-05, -0.000299956096569, -0.000418145704316, 0.00345520372503, -0.00158449739683, 0.000202610885026, 4.07263542002e-05, 0.00121481146198, -0.000818991451524, 0.000833685626276, 0.00033944984898, -0.000706350954715, -0.000963294645771], [0.000198381123482, -0.000180585237104, -0.000520519155543, -0.00158449739683, 0.00622510164976, -0.00212287856266, 0.00131327589042, -0.000637900899164, 0.000287146045594, -0.000585259811487, 0.00155970174819, 5.69562398596e-05, -0.000241923029535], [-0.000213507242734, 0.000245434493991, -0.000534351973329, 0.000202610885026, -0.00212287856266, 0.00843489728868, -0.00333148497157, 0.00113297614735, -0.000355919852154, 0.000384997052606, -0.00043364657904, 0.000272484729066, 0.000125269478303], [0.000145981961396, 0.000132415923872, 0.000334264186677, 4.07263542002e-05, 0.00131327589042, -0.00333148497157, 0.00603824388236, -0.00119267532136, -0.000233682192629, 0.00181524618529, -0.00149368052371, 0.00066173938103, -0.000452100357506], [-0.000253225152846, 6.69446526445e-05, 0.000316506193485, 0.00121481146198, -0.000637900899164, 0.00113297614735, -0.00119267532136, 0.00815593823791, -0.00211333064362, -0.000758961599786, 0.000103322599898, 0.000522315967828, -0.00117853377014], [9.2398156994e-05, 0.000519627588801, 0.000294076802675, -0.000818991451524, 0.000287146045594, -0.000355919852154, -0.000233682192629, -0.00211333064362, 0.00928185041994, -0.0039999736473, 0.00134656019509, -0.000322541774949, -0.000809935329016], [-0.000133441470098, -1.6289179257e-05, 0.00020029314328, 0.000833685626276, -0.000585259811487, 0.000384997052606, 0.00181524618529, -0.000758961599786, -0.0039999736473, 0.0123267322779, -0.00520393019542, 0.00231355288997, 0.000482274539536], [-3.54184157914e-06, -0.000306905742036, -0.000175930777914, 0.00033944984898, 0.00155970174819, -0.00043364657904, -0.00149368052371, 0.000103322599898, 0.00134656019509, -0.00520393019542, 0.0142341116443, -0.00604467466474, 0.00268382858485], [-7.42663132769e-06, 0.000172819869476, -8.11579157016e-05, -0.000706350954715, 5.69562398596e-05, 0.000272484729066, 0.00066173938103, 0.000522315967828, -0.000322541774949, 0.00231355288997, -0.00604467466474, 0.0132001191378, -0.00438578566536], [-1.07000323624e-05, 0.000347850553226, 0.000285380432615, -0.000963294645771, -0.000241923029535, 0.000125269478303, -0.000452100357506, -0.00117853377014, -0.000809935329016, 0.000482274539536, 0.00268382858485, -0.00438578566536, 0.0114287063479]], "cov": [[16959.3066406, -1074.13342285, -826.462219238, -225.8699646, -574.838256836, 159.572692871, -62.8624572754, 614.022949219, 193.138244629, 338.236968994, 130.703735352, 13.3319206238, 70.9215240479], [-1074.13342285, 1502.28833008, -36.5196838379, 135.390594482, 87.4875717163, -73.8338394165, -79.6234130859, -98.7737960815, -111.660301208, -31.63580513, 12.732419014, -15.7206010818, -60.6816711426], [-826.462219238, -36.5196838379, 739.76574707, 170.542556763, 150.102752686, 59.9848251343, -32.8555297852, -98.3433074951, -43.7758827209, -54.863609314, -22.4377727509, 14.7702531815, -2.53096008301], [-225.8699646, 135.390594482, 170.542556763, 448.921844482, 154.109481812, 22.1883773804, -40.9347000122, -80.5349884033, -7.08969688416, -54.8232421875, -39.2789459229, 34.183921814, 46.4955749512], [-574.838256836, 87.4875717163, 150.102752686, 154.109481812, 261.601898193, 42.2137641907, -41.01537323, -41.2865333557, -11.1563167572, -26.7794399261, -43.5252876282, -0.999356389046, 15.4122819901], [159.572692871, -73.8338394165, 59.9848251343, 22.1883773804, 42.2137641907, 174.317657471, 85.2032394409, -9.14467144012, 1.07180511951, -16.6951980591, 1.27062642574, 0.00629910966381, 4.66388559341], [-62.8624572754, -79.6234130859, -32.8555297852, -40.9347000122, -41.01537323, 85.2032394409, 245.898239136, 26.737569809, 5.5504527092, -26.755821228, 19.8504505157, -0.0219659134746, 7.26959466934], [614.022949219, -98.7737960815, -98.3433074951, -80.5349884033, -41.2865333557, -9.14467144012, 26.737569809, 181.348815918, 56.1751823425, 41.6751480103, 7.80735588074, -8.70358562469, 15.2825536728], [193.138244629, -111.660301208, -43.7758827209, -7.08969688416, -11.1563167572, 1.07180511951, 5.5504527092, 56.1751823425, 150.790405273, 53.7816200256, 0.196057647467, -1.3232049942, 17.7023506165], [338.236968994, -31.63580513, -54.863609314, -54.8232421875, -26.7794399261, -16.6951980591, -26.755821228, 41.6751480103, 53.7816200256, 132.370956421, 40.9427146912, -10.4778556824, -14.5261001587], [130.703735352, 12.732419014, -22.4377727509, -39.2789459229, -43.5252876282, 1.27062642574, 19.8504505157, 7.80735588074, 0.196057647467, 40.9427146912, 110.837158203, 34.5066375732, -16.8605003357], [13.3319206238, -15.7206010818, 14.7702531815, 34.183921814, -0.999356389046, 0.00629910966381, -0.0219659134746, -8.70358562469, -1.3232049942, -10.4778556824, 34.5066375732, 107.692321777, 35.6560211182], [70.9215240479, -60.6816711426, -2.53096008301, 46.4955749512, 15.4122819901, 4.66388559341, 7.26959466934, 15.2825536728, 17.7023506165, -14.5261001587, -16.8605003357, 35.6560211182, 115.043106079]]}, "spectral_contrast_valleys": {"min": [-27.3324184418, -27.5311832428, -26.8475780487, -27.3737354279, -27.4121742249, -27.3272037506], "max": [-5.2054848671, -4.75778961182, -5.08038520813, -5.33736944199, -5.84913110733, -7.13568735123], "dvar2": [0.295580536127, 0.243041291833, 0.199478551745, 0.167665228248, 0.213885858655, 0.424098342657], "median": [-7.50120592117, -7.41046667099, -8.16884613037, -8.53955841064, -8.32946968079, -10.8768863678], "dmean2": [0.555313467979, 0.545083463192, 0.497098475695, 0.439410448074, 0.405707091093, 0.500245451927], "dmean": [0.350144714117, 0.345410466194, 0.320287644863, 0.291608184576, 0.286085009575, 0.391709059477], "var": [2.08508634567, 2.03786540031, 2.1104683876, 2.05902838707, 2.39470624924, 2.88191986084], "dvar": [0.139118745923, 0.110181026161, 0.100213743746, 0.091108225286, 0.121430613101, 0.23166538775], "mean": [-7.90788650513, -7.7056684494, -8.46365261078, -8.86748695374, -8.68579483032, -11.1358270645]}, "barkbands_flatness_db": {"min": 0.0305454153568, "max": 0.413546919823, "dvar2": 0.00100883713458, "median": 0.147060617805, "dmean2": 0.0310641173273, "dmean": 0.0210550799966, "var": 0.0040609552525, "dvar": 0.00046759453835, "mean": 0.158670693636}, "dynamic_complexity": 7.32002210617, "spectral_skewness": {"min": -0.0696346387267, "max": 6.00819206238, "dvar2": 0.208129495382, "median": 1.55187404156, "dmean2": 0.414517700672, "dmean": 0.265084654093, "var": 0.471705794334, "dvar": 0.0916560664773, "mean": 1.68908917904}, "erbbands_flatness_db": {"min": 0.0345577411354, "max": 0.400320500135