{"lowlevel": {"spectral_complexity": {"min": 0, "max": 45, "dvar2": 8.384557724, "median": 9, "dmean2": 3.08680701256, "dmean": 1.90259933472, "var": 23.9850730896, "dvar": 4.08756732941, "mean": 9.62793159485}, "silence_rate_20dB": {"min": 1, "max": 1, "dvar2": 0, "median": 1, "dmean2": 0, "dmean": 0, "var": 0, "dvar": 0, "mean": 1}, "average_loudness": 0.814859092236, "erbbands_spread": {"min": 1.07801187038, "max": 155.3646698, "dvar2": 154.006607056, "median": 23.9763946533, "dmean2": 11.6850471497, "dmean": 7.6020321846, "var": 427.815765381, "dvar": 69.8472671509, "mean": 28.7678451538}, "spectral_kurtosis": {"min": -1.25758254528, "max": 138.772842407, "dvar2": 242.119140625, "median": 18.8201694489, "dmean2": 12.6098489761, "dmean": 7.75013494492, "var": 188.03855896, "dvar": 93.1212615967, "mean": 21.6481227875}, "barkbands_kurtosis": {"min": -1.90019929409, "max": 233.98034668, "dvar2": 435.057678223, "median": 16.599029541, "dmean2": 15.8214263916, "dmean": 9.97826480865, "var": 548.325439453, "dvar": 181.697616577, "mean": 23.226026535}, "spectral_strongpeak": {"min": 0, "max": 120.630989075, "dvar2": 223.550598145, "median": 0.502659380436, "dmean2": 3.5096514225, "dmean": 1.9034537077, "var": 58.0478591919, "dvar": 76.9891815186, "mean": 1.84944903851}, "spectral_spread": {"min": 1019765.625, "max": 42686088, "dvar2": 1039855190020.0, "median": 3595688.25, "dmean2": 1080841.5, "dmean": 671240.25, "var": 3733656961020.0, "dvar": 488234221568, "mean": 3962658.5}, "spectral_rms": {"min": 3.23039815384e-12, "max": 0.0130464173853, "dvar2": 1.57955776103e-06, "median": 0.00551890116185, "dmean2": 0.00131739559583, "dmean": 0.000877757789567, "var": 4.95867834616e-06, "dvar": 6.90445460805e-07, "mean": 0.00550255877897}, "erbbands": {"min": [1.27421862121e-21, 4.070150282e-21, 1.13544384655e-20, 5.63189732842e-20, 5.65802007991e-20, 1.17605127373e-19, 1.41248456671e-19, 7.85536618204e-19, 6.22891041189e-19, 6.00963051837e-19, 2.96430124525e-19, 6.43862344464e-19, 1.99927072512e-18, 3.26036340365e-18, 2.27028363153e-18, 4.79945370168e-18, 3.29909075916e-18, 7.27801313964e-18, 6.38503775398e-18, 4.83295244853e-18, 4.74319135795e-18, 1.17115308237e-17, 1.54285430068e-17, 1.31520187112e-17, 1.53846693471e-17, 1.603054355e-17, 2.5108567877e-17, 1.38719206157e-17, 1.52989320767e-17, 1.54744763463e-17, 2.03596032119e-17, 2.33532773822e-17, 2.12450768966e-17, 1.48771659172e-17, 9.28825889713e-18, 6.83724415997e-18, 3.0674777061e-18, 1.25042949325e-18, 3.11770731822e-19, 3.21891583885e-20], "max": [1.97144293785, 19.995382309, 88.0841751099, 147.77696228, 435.228027344, 835.979675293, 624.157531738, 563.553710938, 465.634094238, 485.554992676, 1574.56945801, 1749.80883789, 1268.05761719, 1959.94787598, 367.525817871, 194.550231934, 84.4254684448, 147.150909424, 315.614746094, 203.139968872, 105.927307129, 163.823120117, 185.728012085, 213.600311279, 317.810699463, 556.157775879, 238.402786255, 79.8699798584, 143.699249268, 164.864639282, 31.5741424561, 2.49326992035, 0.646289467812, 0.447134375572, 0.286936283112, 0.166527822614, 1.01649975777, 3.44886755943, 0.847953259945, 0.0690141245723], "dvar2": [0.0423694252968, 2.557502985, 51.5088806152, 166.368484497, 504.124542236, 2121.39501953, 1253.34973145, 866.736083984, 836.697143555, 1059.73791504, 28596.1054688, 10323.3320312, 8704.09765625, 5495.16796875, 280.275634766, 135.242446899, 44.1817054749, 59.9272155762, 147.824691772, 64.7070007324, 39.9640541077, 46.2606391907, 62.085105896, 38.3958053589, 159.563812256, 281.002685547, 49.5640220642, 10.32771492, 7.04638051987, 146.799926758, 4.31193304062, 0.0339984409511, 0.00577279180288, 0.00276102405041, 0.00116042618174, 0.000412676163251, 0.00426980480552, 0.063278965652, 0.000935069809202, 1.44542837006e-05], "median": [0.0521897599101, 0.548869490623, 2.77665781975, 4.62031555176, 6.41955089569, 8.32020282745, 6.73801326752, 4.43487548828, 3.90308475494, 4.38330888748, 4.54242372513, 6.23194503784, 4.2960691452, 3.75891971588, 2.63276028633, 3.13542485237, 1.98649835587, 1.73702454567, 1.78306186199, 1.37765932083, 1.16442835331, 1.32884418964, 1.27949678898, 0.823791146278, 0.713813900948, 0.417834788561, 0.317157804966, 0.219565406442, 0.119478605688, 0.0687510222197, 0.03345387429, 0.0184755958617, 0.01101388596, 0.00705008488148, 0.00480780983344, 0.00358853233047, 0.00291951699182, 0.00349691999145, 0.00392476096749, 0.00582842016593], "dmean2": [0.113042011857, 0.972686290741, 4.53991508484, 8.36179637909, 11.6715869904, 24.0394554138, 16.2134056091, 10.920759201, 11.6233043671, 13.9354476929, 53.2746887207, 32.2755851746, 24.4698677063, 14.4887981415, 6.12551784515, 5.9868183136, 3.5000538826, 3.3578248024, 4.28350448608, 2.80118775368, 2.13774991035, 2.51493620872, 3.03970646858, 1.80622458458, 3.63804483414, 2.77000570297, 1.62805092335, 0.843934237957, 0.604384243488, 2.85221886635, 0.553616881371, 0.0945869758725, 0.048197131604, 0.0333080179989, 0.021781841293, 0.0132355904207, 0.0214107446373, 0.063474573195, 0.0116909919307, 0.00308296550065], "dmean": [0.0701406896114, 0.617073833942, 2.84432077408, 5.19270563126, 7.84036970139, 16.6630897522, 11.1647825241, 7.14577293396, 7.76682519913, 9.37488651276, 34.8098144531, 20.6822605133, 15.4683160782, 8.83606147766, 3.83424425125, 3.66761541367, 2.11197590828, 2.05149531364, 2.62948393822, 1.71944510937, 1.330945611, 1.61737763882, 1.92163813114, 1.2101893425, 2.2948975563, 1.85901534557, 1.12237739563, 0.589772224426, 0.407183557749, 1.72599422932, 0.338597267866, 0.0561459735036, 0.0284645371139, 0.0196800008416, 0.0128774857149, 0.00785151869059, 0.0130588132888, 0.0392101965845, 0.00822101440281, 0.00200492492877], "var": [0.033072154969, 3.02326154709, 64.5788497925, 142.700180054, 886.920898438, 4788.88867188, 1935.3026123, 1257.17419434, 790.31060791, 1151.53747559, 30840.3046875, 9960.7265625, 7541.67626953, 2677.94555664, 264.08215332, 94.9378433228, 30.2545948029, 47.2886047363, 89.1346130371, 49.8532333374, 32.498626709, 50.3502082825, 72.2474746704, 76.4336776733, 234.176925659, 376.759674072, 86.5745391846, 13.8942317963, 10.3601770401, 113.21471405, 4.1182050705, 0.0287064481527, 0.00232848362066, 0.00108750420623, 0.000460635259515, 0.000173340522451, 0.00467409100384, 0.0582776218653, 0.0020617377013, 3.71262212866e-05], "dvar": [0.0161104965955, 1.05103850365, 19.2572193146, 65.0427093506, 254.96522522, 1164.62097168, 678.314697266, 407.653656006, 397.648590088, 480.750335693, 12845.6923828, 4501.92626953, 3474.57543945, 1868.93994141, 119.206581116, 55.4709854126, 16.5168933868, 24.0160083771, 53.0994796753, 24.7458972931, 15.9155225754, 21.4426670074, 27.1815853119, 20.5093326569, 63.63048172, 138.185791016, 28.7424068451, 5.74739980698, 4.3254942894, 51.6302490234, 1.55296492577, 0.0126876225695, 0.00225331611, 0.00107827980537, 0.000454035616713, 0.00016183302796, 0.00158762326464, 0.0230884850025, 0.000539847300388, 6.47705201118e-06], "mean": [0.120057061315, 1.19898021221, 5.61203050613, 8.72589111328, 14.8768844604, 33.5647888184, 20.6815547943, 13.475479126, 12.4563550949, 16.2546691895, 57.0485534668, 33.7307739258, 25.8638515472, 14.1499080658, 6.5485701561, 6.06310462952, 3.7669210434, 3.68029642105, 4.50147247314, 3.16972231865, 2.43042492867, 3.05066275597, 3.6260945797, 2.35291981697, 4.41705179214, 3.09763813019, 1.77220022678, 0.94412624836, 0.724051237106, 2.86379647255, 0.60380667448, 0.077957354486, 0.0286937188357, 0.0191761665046, 0.0126818846911, 0.00835421308875, 0.0231228824705, 0.0702243372798, 0.0170803293586, 0.00747025758028]}, "zerocrossingrate": {"min": 0.013671875, "max": 0.66845703125, "dvar2": 0.00134061556309, "median": 0.2294921875, "dmean2": 0.0423441193998, "dmean": 0.0333666652441, "var": 0.00911875627935, "dvar": 0.000790216960013, "mean": 0.240478619933}, "spectral_contrast_coeffs": {"min": [-0.962320506573, -0.9660769701, -0.962912261486, -0.981995403767, -0.976233959198, -0.958169639111], "max": [-0.284105867147, -0.449082434177, -0.439955949783, -0.661209404469, -0.660535097122, -0.392297327518], "dvar2": [0.00431144237518, 0.00390796596184, 0.0027260358911, 0.00139395752922, 0.00120066397358, 0.00383502454497], "median": [-0.61981523037, -0.770575642586, -0.799466490746, -0.830085217953, -0.829521417618, -0.809771537781], "dmean2": [0.0834021866322, 0.0777315497398, 0.0643054917455, 0.0473423115909, 0.0427363365889, 0.0641386806965], "dmean": [0.0523717030883, 0.0478126071393, 0.0389429368079, 0.0289174932986, 0.0262770019472, 0.0408035665751], "var": [0.0105900783092, 0.00568049866706, 0.00459502870217, 0.00188852543943, 0.00222560600378, 0.00742674386129], "dvar": [0.00178839731961, 0.0015115585411, 0.00101405300666, 0.000523006834555, 0.000457554648165, 0.00170880160294], "mean": [-0.615429520607, -0.762556016445, -0.79106259346, -0.829143583775, -0.831194400787, -0.784312725067]}, "dissonance": {"min": 0.16843663156, "max": 0.499986559153, "dvar2": 0.0026234285906, "median": 0.447237223387, "dmean2": 0.0524709410965, "dmean": 0.0311899036169, "var": 0.00245285453275, "dvar": 0.000959538039751, "mean": 0.434853881598}, "spectral_energyband_high": {"min": 8.08905494791e-21, "max": 0.0119327344, "dvar2": 3.26980085674e-07, "median": 6.63850587443e-05, "dmean2": 0.000209828009247, "dmean": 0.000142263961607, "var": 6.51572406696e-07, "dvar": 1.58256398208e-07, "mean": 0.000307218520902}, "gfcc": {"mean": [-71.3211288452, 115.112586975, -63.7125320435, -0.52780020237, -18.4436645508, -21.9955768585, -3.99171304703, -15.89245224, -9.05052757263, -15.1217813492, -11.1164770126, -8.48274517059, -8.37323474884], "icov": [[0.000144127421663, -0.000464048498543, 0.000507012067828, -0.00068622874096, 0.000467067526188, -0.000206515775062, 0.00012615621381, 2.32655638683e-05, -0.000220926885959, 0.000241999121499, 6.71095694997e-05, -0.000168288606801, 0.000263963273028], [-0.000464048498543, 0.00407599937171, -0.00364323332906, 0.00445022061467, -0.00192031089682, 0.00217627664097, -0.0018081064336, 0.00197532284074, -0.00189357751515, 0.00347259058617, -0.00462946482003, 0.00581212388352, -0.0039977543056], [0.000507012067828, -0.00364323332906, 0.00728852208704, -0.00662077637389, 0.00427677249536, -0.00464119762182, 0.0023916058708, -0.000778854358941, -0.000231888363487, 0.000620542152319, -0.000619529630058, -0.00129229028244, 0.00306865712628], [-0.00068622874096, 0.00445022061467, -0.00662077637389, 0.0121891442686, -0.00696100434288, 0.00466716848314, -0.00346786319278, 5.13052282258e-06, 0.00388068915345, -0.00327812903561, 0.0025043268688, -0.00220028590411, 0.00113335135393], [0.000467067526188, -0.00192031089682, 0.00427677249536, -0.00696100434288, 0.010885159485, -0.0051546478644, -0.00172870734241, 0.0045246114023, -0.00479398900643, 0.00473244301975, -0.00791066139936, 0.00695031462237, -0.0031280729454], [-0.000206515775062, 0.00217627664097, -0.00464119762182, 0.00466716848314, -0.0051546478644, 0.00881010759622, -0.00109598215204, -0.00433137454093, 0.0046866023913, -0.00219272216782, 0.00297837471589, -0.00228170398623, -0.000605158624239], [0.00012615621381, -0.0018081064336, 0.0023916058708, -0.00346786319278, -0.00172870734241, -0.00109598215204, 0.00831962749362, -0.000575129233766, -0.00280872988515, 0.000924613326788, 0.00422905292362, -0.00373758981004, 0.00159564672504], [2.32655638683e-05, 0.00197532284074, -0.000778854358941, 5.13052282258e-06, 0.0045246114023, -0.00433137454093, -0.000575129233766, 0.0132344122976, -0.00734218815342, 0.00306546734646, -0.00685059186071, 0.00959579367191, -0.00498303771019], [-0.000220926885959, -0.00189357751515, -0.000231888363487, 0.00388068915345, -0.00479398900643, 0.0046866023913, -0.00280872988515, -0.00734218815342, 0.0209634117782, -0.0151154370978, 0.0101560112089, -0.0122122559696, 0.0110025312752], [0.000241999121499, 0.00347259058617, 0.000620542152319, -0.00327812903561, 0.00473244301975, -0.00219272216782, 0.000924613326788, 0.00306546734646, -0.0151154370978, 0.0283713564277, -0.0217272788286, 0.0172874759883, -0.0103578735143], [6.71095694997e-05, -0.00462946482003, -0.000619529630058, 0.0025043268688, -0.00791066139936, 0.00297837471589, 0.00422905292362, -0.00685059186071, 0.0101560112089, -0.0217272788286, 0.0364770516753, -0.0226503033191, 0.0105798682198], [-0.000168288606801, 0.00581212388352, -0.00129229028244, -0.00220028590411, 0.00695031462237, -0.00228170398623, -0.00373758981004, 0.00959579367191, -0.0122122559696, 0.0172874759883, -0.0226503033191, 0.0312901549041, -0.0111558204517], [0.000263963273028, -0.0039977543056, 0.00306865712628, 0.00113335135393, -0.0031280729454, -0.000605158624239, 0.00159564672504, -0.00498303771019, 0.0110025312752, -0.0103578735143, 0.0105798682198, -0.0111558204517, 0.0182575024664]], "cov": [[20480.7304688, 3684.52880859, -902.691894531, 27.9952583313, 311.724090576, -1442.1998291, 861.267700195, -897.85546875, 428.313690186, -605.497009277, -136.426177979, -84.0949020386, -228.013702393], [3684.52880859, 2340.50415039, -58.6359786987, -531.308227539, 204.125732422, -339.261077881, 92.1742630005, -197.905395508, 49.2951469421, -139.609390259, 36.14610672, -270.439361572, 168.611038208], [-902.691894531, -58.6359786987, 526.145385742, 108.844673157, -88.9900360107, 222.180892944, -117.883399963, 101.672279358, -63.4007415771, 16.0141601562, 28.7807254791, 1.50651276112, -33.2727851868], [27.9952583313, -531.308227539, 108.844673157, 467.185791016, 116.020042419, 14.6007814407, 150.478378296, -64.5236663818, 7.15670919418, -13.6068706512, -12.099852562, 110.993537903, -111.638633728], [311.724090576, 204.125732422, -88.9900360107, 116.020042419, 333.398864746, -12.1757564545, 165.330627441, -103.552993774, 20.9370326996, -23.9122047424, 15.1234464645, -16.9242916107, 16.66223526], [-1442.1998291, -339.261077881, 222.180892944, 14.6007814407, -12.1757564545, 389.583679199, -97.3384933472, 152.958465576, -92.8008041382, 40.2584953308, 3.59226727486, -1.7783998251, 44.9919433594], [861.267700195, 92.1742630005, -117.883399963, 150.478378296, 165.330627441, -97.3384933472, 313.446563721, -106.740951538, 73.9036178589, -60.0412712097, -31.1891174316, 41.8360061646, -48.1868934631], [-897.85546875, -197.905395508, 101.672279358, -64.5236663818, -103.552993774, 152.958465576, -106.740951538, 221.66569519, 6.52972459793, 77.1242752075, 18.4704227448, -33.7515144348, 22.2125720978], [428.313690186, 49.2951469421, -63.4007415771, 7.15670919418, 20.9370326996, -92.8008041382, 73.9036178589, 6.52972459793, 155.679977417, 45.4873580933, 18.5351696014, 14.3253288269, -59.3514022827], [-605.497009277, -139.609390259, 16.0141601562, -13.6068706512, -23.9122047424, 40.2584953308, -60.0412712097, 77.1242752075, 45.4873580933, 132.707351685, 52.2403869629, -14.9792003632, 8.32282924652], [-136.426177979, 36.14610672, 28.7807254791, -12.099852562, 15.1234464645, 3.59226727486, -31.1891174316, 18.4704227448, 18.5351696014, 52.2403869629, 80.1573410034, 16.1425476074, -1.84080445766], [-84.0949020386, -270.439361572, 1.50651276112, 110.993537903, -16.9242916107, -1.7783998251, 41.8360061646, -33.7515144348, 14.3253288269, -14.9792003632, 16.1425476074, 122.516189575, -32.5954704285], [-228.013702393, 168.611038208, -33.2727851868, -111.638633728, 16.66223526, 44.9919433594, -48.1868934631, 22.2125720978, -59.3514022827, 8.32282924652, -1.84080445766, -32.5954704285, 143.769577026]]}, "spectral_flux": {"min": 1.03423200559e-10, "max": 0.324100762606, "dvar2": 0.00140769977588, "median": 0.0810057744384, "dmean2": 0.0390367843211, "dmean": 0.0235946346074, "var": 0.00158997217659, "dvar": 0.00052700820379, "mean": 0.0853143110871}, "silence_rate_30dB": {"min": 0, "max": 1, "dvar2": 0.030178565532, "median": 1, "dmean2": 0.0245032124221, "dmean": 0.0122497761622, "var": 0.0148592824116, "dvar": 0.0120995519683, "mean": 0.984914124012}, "spectral_energyband_middle_high": {"min": 1.61834049827e-21, "max": 0.0495338588953, "dvar2": 9.87863404589e-06, "median": 0.000659957178868, "dmean2": 0.000980185577646, "dmean": 0.000613352691289, "var": 8.17337240733e-06, "dvar": 3.68607106793e-06, "mean": 0.00139504903927}, "barkbands_spread": {"min": 0.520580291748, "max": 117.529197693, "dvar2": 109.857620239, "median": 7.34949636459, "dmean2": 6.80766677856, "dmean": 4.42499685287, "var": 238.624847412, "dvar": 51.7265968323, "mean": 12.6182832718}, "spectral_centroid": {"min": 154.57989502, "max": 10507.0166016, "dvar2": 109356.648438, "median": 460.665466309, "dmean2": 219.244720459, "dmean": 147.856338501, "var": 1214157, "dvar": 63723.796875, "mean": 764.20501709}, "pitch_salience": {"min": 0.144919201732, "max": 0.838156104088, "dvar2": 0.0117827001959, "median": 0.565404653549, "dmean2": 0.130881547928, "dmean": 0.0809169784188, "var": 0.0143278818578, "dvar": 0.00465741567314, "mean": 0.557306945324}, "erbbands_skewness": {"min": -3.72741794586, "max": 6.33022356033, "dvar2": 0.484941393137, "median": 0.865526378155, "dmean2": 0.765261471272, "dmean": 0.49266409874, "var": 1.42346489429, "dvar": 0.212966993451, "mean": 0.828392446041}, "erbbands_crest": {"min": 2.99246144295, "max": 32.7892036438, "dvar2": 26.5001773834, "median": 10.2001237869, "dmean2": 5.59234333038, "dmean": 3.46176505089, "var": 34.8925018311, "dvar": 11.2490606308, "mean": 11.8486833572}, "melbands": {"min": [9.94991443047e-24, 5.24139695812e-24, 8.52946860756e-24, 6.82116744034e-24, 5.2738873778e-24, 1.56818053779e-23, 1.02212431388e-23, 5.44304006069e-24, 2.62085861783e-24, 4.23284302396e-24, 1.04450650657e-23, 1.35529948054e-23, 6.99278807457e-24, 1.18005434599e-23, 1.15085300298e-23, 6.49271494726e-24, 1.57374516262e-23, 1.25664335245e-23, 6.43147015316e-24, 8.24589441138e-24, 4.99152566083e-24, 1.14053959328e-23, 1.62287605088e-23, 1.24339482797e-23, 9.92644345195e-24, 1.18965383658e-23, 1.16472985516e-23, 9.93692583566e-24, 1.81269207744e-23, 8.99335510743e-24, 7.50673963179e-24, 8.7406947924e-24, 9.21205417163e-24, 7.34889724213e-24, 1.11723703657e-23, 1.2905834618e-23, 1.48924017364e-23, 1.38556239368e-23, 1.43559337224e-23, 1.25105285298e-23], "max": [0.0169087573886, 0.0327333584428, 0.0304329097271, 0.0400514639914, 0.0253739953041, 0.0111743593588, 0.00666087865829, 0.00722565036267, 0.0106393583119, 0.0115400087088, 0.00664600590244, 0.0076151965186, 0.00177524145693, 0.000761595205404, 0.000327958259732, 0.00033311927109, 0.000341823877534, 0.000533011218067, 0.000267833733233, 0.000212249986362, 0.000160644805874, 0.000185290395166, 0.000177607595106, 0.000165039426065, 0.000165663746884, 0.000301439024042, 0.000307028240059, 0.00038142039557, 0.000171545514604, 0.000101594763692, 5.79223087698e-05, 8.72188538779e-05, 5.9455367591e-05, 0.000127266655909, 1.46232405314e-05, 4.44853003501e-06, 7.61411399708e-07, 4.58895755173e-07, 4.08319976941e-07, 3.66149947695e-07], "dvar2": [3.07886375595e-06, 8.49738171382e-06, 4.36652544522e-06, 5.15005149282e-06, 1.85608132597e-06, 3.63698120509e-07, 1.77867207185e-07, 2.85065596017e-07, 1.51285075844e-06, 3.87756500686e-07, 2.33066742794e-07, 1.04458301564e-07, 4.14581569075e-09, 1.65591118595e-09, 4.27275992365e-10, 2.36590302904e-10, 2.82567053089e-10, 4.58180854368e-10, 1.50630133366e-10, 1.14198400736e-10, 6.96331464711e-11, 6.42427708253e-11, 7.33505339801e-11, 4.89906067103e-11, 3.11542042164e-11, 7.2582981292e-11, 1.36369956993e-10, 1.44858292028e-10, 4.01580366183e-11, 1.14848217742e-11, 2.99510308048e-12, 3.20656739008e-12, 3.92941278474e-12, 8.06825856126e-11, 1.35050336799e-12, 7.91916242326e-14, 4.57621916435e-15, 2.90764387936e-15, 2.29369174106e-15, 1.85399503231e-15], "median": [0.000589851813857, 0.0013504254166, 0.000915627228096, 0.00058604683727, 0.000282765016891, 9.55782161327e-05, 6.00104503974e-05, 4.51154774055e-05, 3.58549041266e-05, 3.65332198271e-05, 1.88837184396e-05, 1.47576538438e-05, 7.51970856072e-06, 8.99866881809e-06, 5.93788308834e-06, 3.28433316099e-06, 2.91705077871e-06, 2.68282951765e-06, 2.15462978304e-06, 1.38102382152e-06, 1.24868051898e-06, 1.27723433252e-06, 1.20481092836e-06, 9.77922809398e-07, 5.59995214644e-07, 5.45284478903e-07, 3.81806273708e-07, 2.30608833363e-07, 1.9146071395e-07, 1.71615013755e-07, 1.08258575438e-07, 6.87616505957e-08, 4.73745096485e-08, 3.1852689375e-08, 1.92538642807e-08, 1.32365904904e-08, 9.29967747254e-09, 6.80209355508e-09, 6.07556982501e-09, 5.70621550011e-09], "dmean2": [0.00102011649869, 0.00194029707927, 0.00139182631392, 0.00128081743605, 0.000674590584822, 0.000238448221353, 0.000175084729563, 0.000208749144804, 0.000406402978115, 0.000188923091628, 0.00012344836432, 6.5792541136e-05, 2.05511842069e-05, 1.90395803656e-05, 1.16265136967e-05, 7.08630750523e-06, 6.78563174006e-06, 7.37169420972e-06, 5.2044192671e-06, 3.2535349419e-06, 2.69643123829e-06, 2.75343109024e-06, 3.44084037351e-06, 2.33130253946e-06, 1.52797997544e-06, 2.42265377892e-06, 2.55619534073e-06, 1.84786244972e-06, 1.2262198652e-06, 8.09612515695e-07, 4.33712244785e-07, 3.46290335074e-07, 5.17967521318e-07, 2.08766095966e-06, 3.03555424352e-07, 9.61412567335e-08, 4.25676880411e-08, 3.39689059103e-08, 3.02446458988e-08, 2.73322307009e-08], "dmean": [0.000643852108624, 0.00121920451056, 0.000877233513165, 0.000890058057848, 0.0004719858116, 0.000155829635332, 0.000116170594993, 0.000142379867611, 0.000263060821453, 0.000120399265143, 7.77038003434e-05, 4.01506695198e-05, 1.27890925796e-05, 1.16516403068e-05, 7.13599774826e-06, 4.2289425437e-06, 4.11210839957e-06, 4.51170672022e-06, 3.15972488352e-06, 2.01173611458e-06, 1.66818085745e-06, 1.75848629169e-06, 2.1543908133e-06, 1.46947661506e-06, 9.91782485471e-07, 1.5194906382e-06, 1.66251845712e-06, 1.23470329072e-06, 8.06146090326e-07, 5.42511372714e-07, 2.93803964269e-07, 2.27542074072e-07, 3.23870864349e-07, 1.25382587157e-06, 1.79910315978e-07, 5.71658951287e-08, 2.5086741573e-08, 2.00432346276e-08, 1.78572836518e-08, 1.61444191349e-08], "var": [3.22885966852e-06, 1.05032713691e-05, 4.71652901979e-06, 1.19941996672e-05, 3.61286811312e-06, 5.22117943547e-07, 1.67858232203e-07, 3.52883546384e-07, 1.58386569638e-06, 3.98268525714e-07, 1.98639739324e-07, 5.34223474347e-08, 3.81193077104e-09, 1.23116050688e-09, 3.13934739316e-10, 1.55383053646e-10, 2.04695524419e-10, 2.83389728351e-10, 1.13164269622e-10, 8.68703442514e-11, 4.37372880968e-11, 5.72791258868e-11, 7.39309585773e-11, 5.27543911333e-11, 4.7466398867e-11, 1.06276945577e-10, 1.54855073209e-10, 1.81601567117e-10, 4.37953874555e-11, 1.37557899099e-11, 3.12081415398e-12, 3.8192695534e-12, 3.6722404631e-12, 6.19349294073e-11, 9.30215973693e-13, 5.0472897617e-14, 2.1357150142e-15, 1.13501610251e-15, 8.98179337708e-16, 7.29765523811e-16], "dvar": [1.22077949527e-06, 3.1592853702e-06, 1.84888983767e-06, 2.86149679596e-06, 1.03811078134e-06, 1.71863192122e-07, 8.32572624176e-08, 1.44036363281e-07, 6.65986817694e-07, 1.68585614801e-07, 9.21007767829e-08, 3.61803493831e-08, 1.78802794792e-09, 6.7281236138e-10, 1.71698683049e-10, 9.11359113176e-11, 1.13363089749e-10, 1.67128449968e-10, 5.68903466003e-11, 4.58539282933e-11, 2.61783494188e-11, 2.84548756085e-11, 3.05620251329e-11, 2.0949806126e-11, 1.53705329714e-11, 3.12624995336e-11, 5.55900742105e-11, 7.08315003872e-11, 1.89321718025e-11, 5.77989045514e-12, 1.57097371136e-12, 1.88657900066e-12, 1.60626590154e-12, 2.8435713853e-11, 4.67332552864e-13, 2.83385528178e-14, 1.76718993121e-15, 1.1336836138e-15, 8.95207946129e-16, 7.24365424075e-16], "mean": [0.00124216044787, 0.00252271816134, 0.00161338772159, 0.00182769377716, 0.000926280568819, 0.00028936250601, 0.000187422338058, 0.000235503393924, 0.000432368047768, 0.000194250242203, 0.000126549406559, 6.13517477177e-05, 2.06319655263e-05, 1.85884746315e-05, 1.15455377454e-05, 7.03919795342e-06, 6.81095525579e-06, 7.30641340851e-06, 5.36512470717e-06, 3.3769717902e-06, 2.76735431726e-06, 3.01439354189e-06, 3.81081918022e-06, 2.60593901658e-06, 1.70157215962e-06, 2.81986081063e-06, 3.0597911973e-06, 1.86313093309e-06, 1.17855927328e-06, 8.00215389063e-07, 4.52828743391e-07, 3.66221087233e-07, 5.32946444309e-07, 2.07679909181e-06, 2.8665363061e-07, 7.99410528884e-08, 2.6916321616e-08, 1.92109030905e-08, 1.71684728656e-08, 1.56313753052e-08]}, "spectral_entropy": {"min": 4.97727060318, "max": 9.80111026764, "dvar2": 0.168877363205, "median": 6.88552951813, "dmean2": 0.449939161539, "dmean": 0.289933264256, "var": 0.397990107536, "dvar": 0.0722067654133, "mean": 6.91861057281}, "spectral_rolloff": {"min": 86.1328125, "max": 22028.4667969, "dvar2": 121887944, "median": 21770.0683594, "dmean2": 6365.11083984, "dmean": 3289.73193359, "var": 97438952, "dvar": 50683456, "mean": 14126.0126953}, "barkbands": {"min": [1.9044588466e-23, 2.65138011957e-23, 7.21460313935e-24, 2.47833085823e-23, 2.80298214615e-23, 6.82609924094e-23, 4.65043727265e-23, 1.01031435616e-23, 2.98599566735e-23, 8.67801648027e-23, 5.82645848838e-23, 1.10653809476e-22, 7.17270011024e-23, 1.98162944864e-22, 6.89951063678e-23, 8.65740954016e-23, 2.36702876917e-22, 2.64453211271e-22, 2.61596070668e-22, 4.07752760821e-22, 4.62192821819e-22, 4.85951393775e-22, 6.14543748774e-22, 1.166883051e-21, 1.28327146274e-21, 1.7819847327e-21, 2.27084645523e-21], "max": [0.0178504195064, 0.0756490677595, 0.0915791541338, 0.0741239786148, 0.145916715264, 0.0546146370471, 0.0296966712922, 0.0670487657189, 0.0615193657577, 0.0396599173546, 0.0264807865024, 0.00637536449358, 0.00267984368838, 0.003525597509, 0.00476140482351, 0.0019563685637, 0.00271286419593, 0.00365908863023, 0.00580967031419, 0.00988593883812, 0.00288672489114, 0.00338761252351, 0.0035386600066, 3.9820184611e-05, 4.01602846978e-05, 0.000857510603964, 0.00408494099975], "dvar2": [1.8732010858e-06, 4.31576336268e-05, 7.1999267675e-05, 2.0202007363e-05, 8.87120404514e-05, 9.5830328064e-06, 3.65754817722e-06, 3.97882904508e-05, 1.25042970467e-05, 9.63494676398e-06, 4.99439806845e-07, 1.02763316079e-07, 2.42460629352e-08, 2.97179347797e-08, 3.9775088112e-08, 1.567551422e-08, 1.59559263579e-08, 2.17646434209e-08, 3.25765370235e-08, 9.73596741005e-08, 1.15507754472e-08, 4.05592226471e-09, 5.98856431111e-08, 2.47307157392e-11, 2.24925113257e-11, 3.65131835878e-09, 5.01204837633e-08], "median": [0.000224116301979, 0.00221060984768, 0.00259383115917, 0.00116041779984, 0.0028877928853, 0.000518737011589, 0.000271575467195, 0.000176116533112, 0.000240895911702, 0.000125033766381, 4.90086204081e-05, 7.4347582995e-05, 3.71622372768e-05, 2.98770955851e-05, 3.183987792e-05, 1.7963036953e-05, 2.37503081735e-05, 2.17729084397e-05, 1.47419614223e-05, 8.9598215709e-06, 6.91658260621e-06, 3.07104642161e-06, 1.32406069042e-06, 7.15975545518e-07, 6.41139024538e-07, 1.51586311858e-06, 6.49871508358e-05], "dmean2": [0.000762299401686, 0.00396541133523, 0.00504086585715, 0.00275398534723, 0.00549706211314, 0.00133846700191, 0.000838292704429, 0.00204339716583, 0.00120342615992, 0.000755426590331, 0.000166798083228, 0.000160305367899, 7.94931474957e-05, 7.16868817108e-05, 7.86332238931e-05, 4.03903504775e-05, 4.93527259096e-05, 5.38455424248e-05, 5.74461009819e-05, 5.64372166991e-05, 2.96082125715e-05, 1.63337881531e-05, 5.79095903959e-05, 3.20674280374e-06, 3.02092985294e-06, 1.6461865016e-05, 0.000112157897092], "dmean": [0.000460723531432, 0.00250216224231, 0.00311883958057, 0.001736252103, 0.00385805591941, 0.000879968050867, 0.000549914606381, 0.00134755845647, 0.000775687571149, 0.000461036921479, 0.000102155056084, 9.85935912468e-05, 4.7744197218e-05, 4.40092517238e-05, 4.75975175505e-05, 2.49590848398e-05, 3.12347510771e-05, 3.41335216945e-05, 3.65306477761e-05, 3.80362434953e-05, 2.03217350645e-05, 1.09433522084e-05, 3.48420617229e-05, 1.88685203284e-06, 1.78440905074e-06, 9.88028477877e-06, 7.55284854677e-05], "var": [1.12408679342e-06, 4.84961819893e-05, 7.46868026908e-05, 2.03829658858e-05, 0.000213040766539, 1.28500660139e-05, 3.29769864038e-06, 4.82015057059e-05, 1.55739580805e-05, 6.81441542838e-06, 4.08463961321e-07, 8.00618167318e-08, 1.58986388499e-08, 2.758763884e-08, 2.3600053467e-08, 1.30307702406e-08, 1.60989070963e-08, 2.56112802077e-08, 5.62763489143e-08, 1.43025928878e-07, 1.91315603359e-08, 6.21869622464e-09, 4.73992685102e-08, 1.09673901905e-11, 8.87904767072e-12, 2.49686959997e-09, 1.15699840819e-07], "dvar": [7.40458517612e-07, 1.74069900822e-05, 2.53447542491e-05, 9.12373707251e-06, 4.93759034725e-05, 4.69764609079e-06, 1.67309156041e-06, 1.88622125279e-05, 5.80496680413e-06, 3.57705562237e-06, 2.30227485076e-07, 4.2710730952e-08, 9.19429599122e-09, 1.29572024221e-08, 1.4285693517e-08, 6.48056408536e-09, 7.29471372196e-09, 9.54046885937e-09, 1.46711043314e-08, 4.95255356725e-08, 6.69365762818e-09, 2.45042386382e-09, 2.11082156198e-08, 9.56045225625e-12, 8.79419540661e-12, 1.28534072275e-09, 2.40756321546e-08], "mean": [0.000618782360107, 0.00478999549523, 0.00562394643202, 0.00264974148013, 0.00820891559124, 0.0015869505005, 0.000860830477905, 0.00220957980491, 0.00127933232579, 0.000714567664545, 0.000153086381033, 0.000154717592523, 7.76925880928e-05, 7.37771333661e-05, 7.91710190242e-05, 4.2009542085e-05, 5.47867821297e-05, 6.25009051873e-05, 6.96089555277e-05, 6.37914417894e-05, 3.17866797559e-05, 1.89562942978e-05, 5.85620873608e-05, 1.99270289158e-06, 1.73655848812e-06, 1.51808526425e-05, 0.000187275509234]}, "melbands_flatness_db": {"min": 0.00549170607701, "max": 0.581780135632, "dvar2": 0.00260170828551, "median": 0.328272938728, "dmean2": 0.0596465319395, "dmean": 0.0381897650659, "var": 0.00586727168411, "dvar": 0.00108291837387, "mean": 0.323453724384}, "melbands_skewness": {"min": -3.26080107689, "max": 14.6877775192, "dvar2": 1.64359045029, "median": 2.95478153229, "dmean2": 1.40879452229, "dmean": 0.901901125908, "var": 4.74827861786, "dvar": 0.697432160378, "mean": 3.08873033524}, "barkbands_skewness": {"min": -7.58766698837, "max": 12.2425470352, "dvar2": 1.53332126141, "median": 2.98696064949, "dmean2": 1.34768402576, "dmean": 0.864155888557, "var": 4.93083095551, "dvar": 0.648432075977, "mean": 2.96800518036}, "silence_rate_60dB": {"min": 0, "max": 1, "dvar2": 0.0153509071097, "median": 0, "dmean2": 0.0137457046658, "dmean": 0.00687182554975, "var": 0.045243255794, "dvar": 0.00682419957593, "mean": 0.0474981330335}, "spectral_energyband_low": {"min": 6.32213892263e-23, "max": 0.124781690538, "dvar2": 0.000147741244291, "median": 0.00803985539824, "dmean2": 0.00869374070317, "dmean": 0.00545301521197, "var": 0.000181179304491, "dvar": 5.45568254893e-05, "mean": 0.012400646694}, "spectral_energyband_middle_low": {"min": 2.27189744515e-22, "max": 0.148574188352, "dvar2": 0.000147941042087, "median": 0.0105824237689, "dmean2": 0.00908107031137, "dmean": 0.00632649287581, "var": 0.00035880584619, "dvar": 7.71461200202e-05, "mean": 0.0170568004251}, "melbands_kurtosis": {"min": -1.90033912659, "max": 395.81060791, "dvar2": 674.837585449, "median": 15.1062297821, "dmean2": 18.4941444397, "dmean": 11.5723524094, "var": 811.433288574, "dvar": 274.454040527, "mean": 24.2584400177}, "spectral_decrease": {"min": -3.60917162823e-08, "max": 5.82644099634e-10, "dvar2": 1.29786168394e-17, "median": -4.68109329077e-09, "dmean2": 2.97446400843e-09, "dmean": 2.02584993225e-09, "var": 2.8213165313e-17, "dvar": 6.00191623198e-18, "mean": -5.88110093958e-09}, "erbbands_kurtosis": {"min": -1.80791139603, "max": 63.5418167114, "dvar2": 25.6297550201, "median": 1.31069612503, "dmean2": 3.41825532913, "dmean": 2.17052793503, "var": 29.272190094, "dvar": 10.830827713, "mean": 3.21291899681}, "melbands_crest": {"min": 1.78644156456, "max": 33.8472518921, "dvar2": 21.0785179138, "median": 15.9721651077, "dmean2": 5.56142711639, "dmean": 3.44388461113, "var": 25.5166969299, "dvar": 8.30060386658, "mean": 16.4289474487}, "melbands_spread": {"min": 0.545083284378, "max": 288.03225708, "dvar2": 155.005874634, "median": 5.98885202408, "dmean2": 5.68544816971, "dmean": 3.62925314903, "var": 471.758209229, "dvar": 65.5393218994, "mean": 11.1984472275}, "spectral_energy": {"min": 1.0696358127e-20, "max": 0.17446424067, "dvar2": 0.000347301567672, "median": 0.031219728291, "dmean2": 0.0166522152722, "dmean": 0.011000062339, "var": 0.000653316848911, "dvar": 0.00014697520237, "mean": 0.0361180491745}, "mfcc": {"mean": [-735.721435547, 179.368972778, 7.48889923096, 36.9418067932, 0.382768779993, 8.83709621429, 2.04560160637, 6.06852865219, 0.529159426689, -0.456099539995, -0.155303820968, -5.16531848907, -3.80627059937], "icov": [[0.000228438031627, -0.000223346418352, 9.9509532447e-05, -0.000307932350552, 0.00010845552606, 6.02092331974e-05, 0.000257510488154, -0.000282586523099, 0.000259422900854, -0.000505089235958, 0.000412780005718, -0.000194908672711, 0.000299972103676], [-0.000223346418352, 0.000870065006893, -0.000244688097155, 0.000186474106158, -0.000295099074719, 0.000404867372708, -0.000388283282518, 0.000598102633376, -0.000811673817225, 0.00125928968191, -0.00139810412657, 0.000794331834186, 2.34427261603e-05], [9.9509532447e-05, -0.000244688097155, 0.0023030124139, 0.000348707224475, -0.000997593509965, 0.000573376077227, -0.000391712062992, -0.000973750371486, 0.00181586307008, -0.00195631128736, 0.00165580923203, -0.000819079286885, 9.02578540263e-06], [-0.000307932350552, 0.000186474106158, 0.000348707224475, 0.00349628273398, 0.000843416142743, -0.00214548851363, -0.000166531914147, -0.000109976441308, 0.000504579162225, 0.000957205484156, -0.00127289071679, 0.000288920011371, -0.00154070556164], [0.00010845552606, -0.000295099074719, -0.000997593509965, 0.000843416142743, 0.00756102474406, -0.00183162954636, -0.00252533098683, 0.000932609778829, 0.000524792470969, 0.000773623294663, -0.000234001854551, -0.00301659340039, 0.00051981152501], [6.02092331974e-05, 0.000404867372708, 0.000573376077227, -0.00214548851363, -0.00183162954636, 0.00934617593884, -0.00368973775767, -0.00207707635127, -0.000443558034021, 0.000717119779438, -0.000540440785699, 0.00339957303368, -0.00336335762404], [0.000257510488154, -0.000388283282518, -0.000391712062992, -0.000166531914147, -0.00252533098683, -0.00368973775767, 0.0108407614753, -0.00192833133042, -0.00311636086553, 0.00117078842595, 0.00185897620395, -0.00173220224679, 0.00364586850628], [-0.000282586523099, 0.000598102633376, -0.000973750371486, -0.000109976441308, 0.000932609778829, -0.00207707635127, -0.00192833133042, 0.0111429290846, -0.000934457581025, -0.00180986896157, -0.00237997830845, 0.00696257129312, -0.00455498043448], [0.000259422900854, -0.000811673817225, 0.00181586307008, 0.000504579162225, 0.000524792470969, -0.000443558034021, -0.00311636086553, -0.000934457581025, 0.0137675963342, -0.00871536973864, 0.00733145652339, -0.00838356092572, 0.00631571142003], [-0.000505089235958, 0.00125928968191, -0.00195631128736, 0.000957205484156, 0.000773623294663, 0.000717119779438, 0.00117078842595, -0.00180986896157, -0.00871536973864, 0.0254937745631, -0.0176851451397, 0.00969196483493, -0.00706782797351], [0.000412780005718, -0.00139810412657, 0.00165580923203, -0.00127289071679, -0.000234001854551, -0.000540440785699, 0.00185897620395, -0.00237997830845, 0.00733145652339, -0.0176851451397, 0.0315941013396, -0.019210100174, 0.00602151127532], [-0.000194908672711, 0.000794331834186, -0.000819079286885, 0.000288920011371, -0.00301659340039, 0.00339957303368, -0.00173220224679, 0.00696257129312, -0.00838356092572, 0.00969196483493, -0.019210100174, 0.0294578932226, -0.0151773225516], [0.000299972103676, 2.34427261603e-05, 9.02578540263e-06, -0.00154070556164, 0.00051981152501, -0.00336335762404, 0.00364586850628, -0.00455498043448, 0.00631571142003, -0.00706782797351, 0.00602151127532, -0.0151773225516, 0.0247498527169]], "cov": [[7622.53613281, 1262.21740723, -300.64364624, 714.805786133, -355.316314697, -10.1086845398, -261.273834229, 194.236618042, -124.476051331, 106.664352417, 24.7114830017, -153.136947632, -6.34654331207], [1262.21740723, 2032.17346191, 68.6713409424, -200.370666504, 114.931480408, -195.200744629, 53.7505912781, -187.872634888, 109.26222229, -71.9809646606, 29.5949783325, 47.6348228455, -127.582710266], [-300.64364624, 68.6713409424, 606.213195801, -125.801307678, 101.739532471, -29.1913394928, 29.7551631927, 32.9781112671, -47.8043861389, 23.2100410461, -4.30894374847, 5.26154947281, 14.210644722], [714.805786133, -200.370666504, -125.801307678, 545.405090332, -87.8386764526, 173.333129883, -14.1825284958, 112.133277893, -62.7599906921, 21.5862216949, 14.493303299, -33.6313705444, 71.679977417], [-355.316314697, 114.931480408, 101.739532471, -87.8386764526, 226.084747314, 23.9220600128, 88.8029327393, -40.1558113098, 28.6524200439, -22.5727882385, 6.76669597626, 48.8398666382, -8.73076820374], [-10.1086845398, -195.200744629, -29.1913394928, 173.333129883, 23.9220600128, 243.533905029, 84.8425521851, 103.262573242, -7.51834392548, 4.92697095871, -20.672082901, -43.0626029968, 32.1548118591], [-261.273834229, 53.7505912781, 29.7551631927, -14.1825284958, 88.8029327393, 84.8425521851, 187.929519653, 20.7563400269, 58.51927948, -22.923833847, -28.5689964294, -7.09684085846, -30.8578205109], [194.236618042, -187.872634888, 32.9781112671, 112.133277893, -40.1558113098, 103.262573242, 20.7563400269, 190.354904175, -23.2778167725, 40.4795684814, -10.1515617371, -63.2965774536, 32.7981567383], [-124.476051331, 109.26222229, -47.8043861389, -62.7599906921, 28.6524200439, -7.51834392548, 58.51927948, -23.2778167725, 140.787826538, 13.9688911438, -1.57114624977, 25.8537082672, -32.7131004333], [106.664352417, -71.9809646606, 23.2100410461, 21.5862216949, -22.5727882385, 4.92697095871, -22.923833847, 40.4795684814, 13.9688911438, 93.1831359863, 48.2372398376, 8.93186569214, 28.8682498932], [24.7114830017, 29.5949783325, -4.30894374847, 14.493303299, 6.76669597626, -20.672082901, -28.5689964294, -10.1515617371, -1.57114624977, 48.2372398376, 94.4200210571, 63.7485389709, 30.2616844177], [-153.136947632, 47.6348228455, 5.26154947281, -33.6313705444, 48.8398666382, -43.0626029968, -7.09684085846, -63.2965774536, 25.8537082672, 8.93186569214, 63.7485389709, 121.922134399, 37.44373703], [-6.34654331207, -127.582710266, 14.210644722, 71.679977417, -8.73076820374, 32.1548118591, -30.8578205109, 32.7981567383, -32.7131004333, 28.8682498932, 30.2616844177, 37.44373703, 92.3846359253]]}, "spectral_contrast_valleys": {"min": [-27.1239929199, -26.9152965546, -27.0585632324, -27.0873298645, -27.0497455597, -27.3116054535], "max": [-5.39234685898, -4.66143226624, -5.81599473953, -6.4378657341, -5.47809457779, -9.19219207764], "dvar2": [0.242409482598, 0.239061802626, 0.182568907738, 0.206820100546, 0.345441699028, 0.962420940399], "median": [-6.87887525558, -6.74462461472, -7.49955034256, -8.1983499527, -8.38004684448, -11.3707389832], "dmean2": [0.610594153404, 0.590153753757, 0.517640292645, 0.507602274418, 0.612380504608, 1.17113792896], "dmean": [0.373972147703, 0.36389541626, 0.316323101521, 0.317546486855, 0.401415556669, 0.715075433254], "var": [3.10660815239, 2.73358035088, 2.28419685364, 1.99248111248, 1.94040739536, 1.28404021263], "dvar": [0.10318762809, 0.100812897086, 0.0794419869781, 0.0931129530072, 0.159598708153, 0.377359747887], "mean": [-7.19136238098, -6.98702669144, -7.73384332657, -8.43544387817, -8.57647228241, -11.5142612457]}, "barkbands_flatness_db": {"min": 0.0528503097594, "max": 0.416043579578, "dvar2": 0.00181338738184, "median": 0.204291045666, "dmean2": 0.0502135232091, "dmean": 0.0320537313819, "var": 0.00309899682179, "dvar": 0.000755062734243, "mean": 0.203558012843}, "dynamic_complexity": 3.93216538429, "spectral_skewness": {"min": -0.160054504871, "max": 9.57882213593, "dvar2": 0.961225807667, "median": 3.21147370338, "dmean2": 0.892024993896, "dmean": 0.565208733082, "var": 1.40021800995, "dvar": 0.380435675383, "mean": 3.24306869507}, "erbbands_flatness_db": {"min": 0.0436807088554, "max": 0.372201621532, "dvar2": 0.00156191072892, "median": 0.170559808612, "dmean2": 0.0462169870734, "dmean": 0.029460016638, "var": 0.00295175565407, "dvar": 0.000643805