{"lowlevel": {"spectral_complexity": {"min": 0, "max": 58, "dvar2": 16.0237998962, "median": 15, "dmean2": 4.01415920258, "dmean": 2.4497423172, "var": 200.751190186, "dvar": 6.41387081146, "mean": 21.1296577454}, "silence_rate_20dB": {"min": 0, "max": 1, "dvar2": 0.000624331063591, "median": 1, "dmean2": 0.000416449765908, "dmean": 0.000208214041777, "var": 0.000104080121673, "dvar": 0.000208128156373, "mean": 0.999895870686}, "average_loudness": 0.910103201866, "erbbands_spread": {"min": 7.2485909462, "max": 171.123260498, "dvar2": 189.773834229, "median": 42.5685081482, "dmean2": 12.4885005951, "dmean": 7.76734352112, "var": 220.338882446, "dvar": 76.7140731812, "mean": 44.2768211365}, "spectral_kurtosis": {"min": -1.5390920639, "max": 21.1874427795, "dvar2": 5.47568130493, "median": 4.36486721039, "dmean2": 2.01777863503, "dmean": 1.25768244267, "var": 8.52470207214, "dvar": 2.18809080124, "mean": 5.21014881134}, "barkbands_kurtosis": {"min": -1.95578575134, "max": 10667.7900391, "dvar2": 56574.71875, "median": 9.34788703918, "dmean2": 18.8461475372, "dmean": 11.4797754288, "var": 10402.8808594, "dvar": 18996.125, "mean": 21.2129440308}, "spectral_strongpeak": {"min": 0, "max": 8.17079734802, "dvar2": 0.423415333033, "median": 0.391091227531, "dmean2": 0.385436654091, "dmean": 0.225861281157, "var": 0.203012242913, "dvar": 0.154075309634, "mean": 0.475126117468}, "spectral_spread": {"min": 2243041.5, "max": 44400724, "dvar2": 1925070716930.0, "median": 4855293.5, "dmean2": 956824.3125, "dmean": 607585, "var": 3250598969340.0, "dvar": 853230485504, "mean": 5173251.5}, "spectral_rms": {"min": 3.23090230785e-12, "max": 0.0207703597844, "dvar2": 5.13390386914e-06, "median": 0.00662048626691, "dmean2": 0.00206655473448, "dmean": 0.00133764068596, "var": 7.52966889195e-06, "dvar": 2.36635855799e-06, "mean": 0.00684091076255}, "erbbands": {"min": [1.40273484167e-21, 1.50389008427e-21, 6.31926931172e-21, 1.02301780362e-20, 3.20307759194e-20, 1.61439147017e-19, 1.56673526863e-19, 5.44733200801e-20, 4.58239292694e-19, 5.26738481111e-19, 5.64423899241e-19, 5.199465528e-19, 1.14445742042e-18, 2.51833607208e-18, 2.83230074538e-18, 3.96700560298e-18, 1.97117925793e-18, 4.28680065883e-18, 7.48410188053e-18, 6.24951496396e-18, 5.88905819074e-18, 7.60643610286e-18, 7.68617548673e-18, 9.6884224077e-18, 1.11346989051e-17, 1.27185644897e-17, 1.77663291258e-17, 1.67400544117e-17, 2.34841042679e-17, 1.84592632881e-17, 1.24729414786e-17, 1.49304992144e-17, 1.27726927074e-17, 1.06248206396e-17, 8.47916541585e-18, 5.70746516292e-18, 2.74845006707e-18, 1.31850397612e-18, 3.36042666687e-19, 3.74512840111e-20], "max": [9.92338848114, 100.868537903, 183.490646362, 190.290786743, 304.035430908, 271.932647705, 268.377075195, 295.114532471, 319.872253418, 407.090576172, 765.317077637, 670.486999512, 299.870910645, 333.057861328, 390.45803833, 943.897644043, 1225.39208984, 754.570678711, 488.684417725, 356.981628418, 456.865509033, 249.163421631, 423.822509766, 372.542663574, 376.653320312, 202.372024536, 123.401329041, 325.854858398, 828.495239258, 497.567169189, 580.808166504, 593.630249023, 539.40032959, 293.40725708, 67.6855392456, 73.0278015137, 11.0531597137, 5.91256475449, 0.489105135202, 0.0244389511645], "dvar2": [1.94807314873, 122.577095032, 501.67767334, 669.910522461, 1335.56152344, 343.290649414, 161.657150269, 205.649017334, 252.357940674, 442.732635498, 678.489929199, 1203.82287598, 441.22644043, 242.624130249, 525.149353027, 1406.03503418, 1422.35473633, 987.270385742, 1012.58093262, 883.844787598, 2100.60009766, 635.305480957, 512.795043945, 643.687927246, 336.255310059, 173.175582886, 71.1432037354, 161.969589233, 260.76348877, 200.739395142, 278.439971924, 156.822601318, 148.603897095, 44.9636878967, 2.92693185806, 1.03316998482, 0.407956898212, 0.0518408156931, 0.000486512610223, 1.21123991903e-06], "median": [0.495335251093, 3.69475746155, 8.4764175415, 8.5348739624, 5.13232088089, 4.43754291534, 4.42316770554, 6.34746742249, 7.41008377075, 6.02093982697, 9.60075950623, 10.0389499664, 15.6084785461, 5.63080406189, 8.00595760345, 10.7155170441, 7.41700458527, 6.94729948044, 6.8797454834, 7.90479898453, 17.0982894897, 10.9520053864, 7.50617837906, 5.24853134155, 2.98740673065, 1.75449120998, 1.32622981071, 1.18759012222, 1.36845457554, 1.24405300617, 1.30880260468, 0.732047915459, 0.375086396933, 0.29448440671, 0.17356300354, 0.0635642185807, 0.0200958140194, 0.00442953780293, 0.000473050458822, 8.20111599751e-05], "dmean2": [0.864327549934, 6.64014577866, 13.4840869904, 14.3857660294, 14.6304330826, 8.85889339447, 6.93274354935, 9.72625732422, 10.4157829285, 10.0207805634, 13.2739515305, 15.8178825378, 14.683049202, 7.83825731277, 11.3402261734, 17.2859706879, 16.7304439545, 16.3671302795, 16.5946712494, 15.6833953857, 26.3487796783, 15.1192512512, 12.7919530869, 13.2880315781, 9.21246433258, 6.32713937759, 4.20922327042, 4.63117170334, 4.06452226639, 4.00136709213, 4.05336999893, 2.91730308533, 1.74223673344, 1.25202739239, 0.574030101299, 0.250328272581, 0.146229937673, 0.0473370924592, 0.00529583357275, 0.000286188296741], "dmean": [0.583217263222, 4.098072052, 7.6631269455, 8.15444850922, 8.27335453033, 5.11888933182, 4.2845826149, 5.64123392105, 6.09066724777, 6.2595334053, 8.22895526886, 10.0586938858, 9.39414787292, 4.93784236908, 7.14745950699, 10.5849313736, 10.1771440506, 9.84507656097, 9.90895080566, 9.33380413055, 15.6647253036, 9.07997512817, 7.66170024872, 7.84744644165, 5.50091981888, 3.78978395462, 2.60343527794, 2.78267455101, 2.56037545204, 2.49578070641, 2.52632880211, 1.88645172119, 1.14447307587, 0.836137354374, 0.371318429708, 0.164376690984, 0.0875204727054, 0.0269069317728, 0.00300235045142, 0.000166636149515], "var": [1.5423694849, 58.1591110229, 157.534606934, 188.507278442, 330.027069092, 177.616958618, 217.101882935, 188.178710938, 198.308364868, 408.784576416, 1709.01379395, 2974.29345703, 533.975952148, 347.63571167, 591.026916504, 1753.43884277, 3717.31420898, 1058.42199707, 1081.96069336, 997.073913574, 2342.25268555, 924.866149902, 731.300048828, 763.673828125, 484.606231689, 254.419967651, 135.067169189, 149.451248169, 264.747894287, 203.214797974, 215.288146973, 201.110702515, 144.893600464, 97.309387207, 7.17527532578, 2.28865170479, 0.143387421966, 0.0122007802129, 0.000117896190204, 3.05482529939e-07], "dvar": [0.94037181139, 48.0754165649, 177.210784912, 234.987762451, 478.834259033, 121.632369995, 62.1931495667, 72.6734085083, 98.142868042, 173.915634155, 272.875213623, 469.080383301, 181.384628296, 99.7345046997, 219.695770264, 538.313293457, 574.152648926, 374.598419189, 359.862884521, 314.558441162, 744.51385498, 230.578262329, 190.356277466, 225.817657471, 121.116195679, 62.0350265503, 28.225030899, 59.3563499451, 104.903175354, 83.9627151489, 107.986534119, 78.9538650513, 65.593208313, 23.8470859528, 1.41602528095, 0.585257709026, 0.152090981603, 0.0182209480554, 0.000173665001057, 4.34893507872e-07], "mean": [0.940045893192, 5.99376058578, 11.4925546646, 11.8490142822, 9.19296169281, 8.61058807373, 8.88338947296, 10.7595939636, 11.5008935928, 12.7807674408, 21.4263401031, 28.0233097076, 22.6729373932, 11.7912187576, 15.5251369476, 24.959444046, 25.6395664215, 21.6816482544, 22.8835506439, 22.7307453156, 38.1541175842, 24.5793209076, 20.5295753479, 20.0092430115, 15.2662334442, 10.8351163864, 7.8058423996, 7.18260240555, 7.04670524597, 6.34113788605, 5.98162221909, 4.5513176918, 2.76259374619, 2.23080420494, 0.971532702446, 0.33920353651, 0.115909360349, 0.0292095467448, 0.0028881682083, 0.000201319155167]}, "zerocrossingrate": {"min": 0, "max": 0.77587890625, "dvar2": 0.000116772069305, "median": 0.0322265625, "dmean2": 0.0103285843506, "dmean": 0.0080689555034, "var": 0.00815909449011, "dvar": 8.94821932889e-05, "mean": 0.0528972372413}, "spectral_contrast_coeffs": {"min": [-0.96974080801, -0.981954157352, -0.965781092644, -0.966666519642, -0.962142169476, -0.961671471596], "max": [-0.388964772224, -0.459751904011, -0.541938662529, -0.615324020386, -0.624273121357, -0.619740962982], "dvar2": [0.00495839072391, 0.00306567014195, 0.00195079680998, 0.00108724611346, 0.000600436818786, 0.000365647982107], "median": [-0.671856999397, -0.753388285637, -0.755391299725, -0.799708843231, -0.79178494215, -0.784570932388], "dmean2": [0.0862394794822, 0.0707535520196, 0.0555551089346, 0.0424764789641, 0.0308316405863, 0.0221087019891], "dmean": [0.0512679219246, 0.0411815531552, 0.0336760953069, 0.0254693236202, 0.0187927056104, 0.0134203936905], "var": [0.00484293466434, 0.00376144167967, 0.00366530101746, 0.00193932536058, 0.00201939581893, 0.00153070036322], "dvar": [0.00180279836059, 0.00106086477172, 0.000732351618353, 0.000402038567699, 0.000236894324189, 0.000142003686051], "mean": [-0.674040138721, -0.751896262169, -0.754837036133, -0.798317432404, -0.793332695961, -0.781547784805]}, "dissonance": {"min": 0.276710122824, "max": 0.500000059605, "dvar2": 0.000753657426685, "median": 0.47215628624, "dmean2": 0.0270454119891, "dmean": 0.0158556774259, "var": 0.000808566052001, "dvar": 0.000267026305664, "mean": 0.464621275663}, "spectral_energyband_high": {"min": 7.79817817798e-21, "max": 0.0454189255834, "dvar2": 2.86467025035e-06, "median": 0.000230685836868, "dmean2": 0.000524736009538, "dmean": 0.000342333631124, "var": 4.69481528853e-06, "dvar": 1.30538649046e-06, "mean": 0.00113489013165}, "gfcc": {"mean": [-0.906264126301, 90.4186477661, -80.5778884888, 34.578327179, -38.0732650757, 23.4367046356, -27.0147018433, 16.1529941559, -11.8226947784, 1.31994736195, -16.0513763428, 2.63437485695, -13.2890453339], "icov": [[0.000177880516276, -0.000314597942634, 0.000180559130968, -0.000521620037034, 0.000228245160542, -0.000569180527236, 0.000520895409863, -0.000499631103594, 0.000715923553798, -0.000719258037861, 0.000745120400097, -0.000763207790442, 0.000777739624027], [-0.000314597942634, 0.00139015191235, -0.000617279030848, 0.000780384405516, -0.00032086414285, 0.000948878820054, -0.000674230104778, 0.000570884672925, -0.0017566770548, 0.00268619298004, -0.00159649841953, 0.00167476339266, -0.00137139554136], [0.000180559130968, -0.000617279030848, 0.00226153270341, 0.000827162584756, 0.00039954771637, -0.00199032854289, -0.000208288256545, 0.00118138513062, -0.00102862983476, -0.000535581377335, 0.00195700116456, -0.00202181772329, 0.000796790234745], [-0.000521620037034, 0.000780384405516, 0.000827162584756, 0.00723894638941, -0.000684881350026, -0.000667026266456, -0.000436716538388, 0.00186828454025, -0.00260456022806, 0.00169787614141, -0.00283325137571, 0.00349944317713, -0.00390828913078], [0.000228245160542, -0.00032086414285, 0.00039954771637, -0.000684881350026, 0.00617557391524, 0.00039790381561, -0.000568178249523, -0.0019399151206, -0.000753445492592, -0.000601516396273, -0.000408988475101, 0.000256274593994, -0.000501822854858], [-0.000569180527236, 0.000948878820054, -0.00199032854289, -0.000667026266456, 0.00039790381561, 0.0143345333636, -0.0032393685542, -0.00046581638162, -0.000536821666174, -0.00231900229119, -0.00154177716468, 0.00135996413883, -0.00139583135024], [0.000520895409863, -0.000674230104778, -0.000208288256545, -0.000436716538388, -0.000568178249523, -0.0032393685542, 0.0104916319251, -0.00245070806704, -0.000368578505004, 0.000216708300286, -0.00181233067997, -0.00132964400109, 0.00476169260219], [-0.000499631103594, 0.000570884672925, 0.00118138513062, 0.00186828454025, -0.0019399151206, -0.00046581638162, -0.00245070806704, 0.0160508491099, -0.00495860585943, 0.00223951833323, -0.00244548590854, 4.67153149657e-05, -0.00152680312749], [0.000715923553798, -0.0017566770548, -0.00102862983476, -0.00260456022806, -0.000753445492592, -0.000536821666174, -0.000368578505004, -0.00495860585943, 0.019456865266, -0.00674956245348, 0.0053070015274, -0.00408054655418, -0.00200230674818], [-0.000719258037861, 0.00268619298004, -0.000535581377335, 0.00169787614141, -0.000601516396273, -0.00231900229119, 0.000216708300286, 0.00223951833323, -0.00674956245348, 0.0235289204866, -0.00929842703044, 0.00594694074243, -0.00330784148537], [0.000745120400097, -0.00159649841953, 0.00195700116456, -0.00283325137571, -0.000408988475101, -0.00154177716468, -0.00181233067997, -0.00244548590854, 0.0053070015274, -0.00929842703044, 0.0249485354871, -0.00909832771868, 0.000987362232991], [-0.000763207790442, 0.00167476339266, -0.00202181772329, 0.00349944317713, 0.000256274593994, 0.00135996413883, -0.00132964400109, 4.67153149657e-05, -0.00408054655418, 0.00594694074243, -0.00909832771868, 0.0252774935216, -0.00683456286788], [0.000777739624027, -0.00137139554136, 0.000796790234745, -0.00390828913078, -0.000501822854858, -0.00139583135024, 0.00476169260219, -0.00152680312749, -0.00200230674818, -0.00330784148537, 0.000987362232991, -0.00683456286788, 0.0255199242383]], "cov": [[23000.5273438, 1562.0859375, -1399.47900391, 1091.85180664, -675.344909668, 473.19519043, -809.815673828, 209.095794678, -520.233764648, 172.464813232, -185.112350464, 10.643037796, -238.345108032], [1562.0859375, 1522.92858887, 341.919311523, -58.4277229309, -6.83345079422, -8.33815479279, 21.8277187347, 9.58520698547, 65.2518844604, -112.375419617, -33.1711082458, 9.72169208527, 4.96124601364], [-1399.47900391, 341.919311523, 943.932128906, -223.180679321, -24.4979820251, 52.6893157959, 107.934608459, -55.5547790527, 100.445846558, -39.0429344177, -47.343662262, 51.634147644, -5.20913648605], [1091.85180664, -58.4277229309, -223.180679321, 257.806182861, 0.447968900204, 26.1771392822, -50.136516571, 10.6018667221, -17.3697280884, 26.9368171692, 15.3445453644, -19.5923404694, 17.7531147003], [-675.344909668, -6.83345079422, -24.4979820251, 0.447968900204, 209.120513916, -19.6836357117, 39.7377128601, 27.2314147949, 34.5182609558, 1.66034793854, 20.8870792389, -2.97717475891, 19.6161956787], [473.19519043, -8.33815479279, 52.6893157959, 26.1771392822, -19.6836357117, 104.601760864, 14.0628023148, 7.66471529007, 0.174463167787, 22.7569046021, 2.53032279015, 4.91905927658, -5.15349245071], [-809.815673828, 21.8277187347, 107.934608459, -50.136516571, 39.7377128601, 14.0628023148, 156.547912598, 14.074924469, 31.9682922363, -8.14888000488, 19.2328453064, 8.26880550385, -9.09026527405], [209.095794678, 9.58520698547, -55.5547790527, 10.6018667221, 27.2314147949, 7.66471529007, 14.074924469, 82.785736084, 14.4147863388, 3.98952746391, 10.3636665344, 5.7495508194, 3.56926083565], [-520.233764648, 65.2518844604, 100.445846558, -17.3697280884, 34.5182609558, 0.174463167787, 31.9682922363, 14.4147863388, 91.2747802734, 5.72238254547, -0.0935094282031, 10.4251213074, 19.8494167328], [172.464813232, -112.375419617, -39.0429344177, 26.9368171692, 1.66034793854, 22.7569046021, -8.14888000488, 3.98952746391, 5.72238254547, 70.2953109741, 18.5315933228, -3.46857380867, 5.00055742264], [-185.112350464, -33.1711082458, -47.343662262, 15.3445453644, 20.8870792389, 2.53032279015, 19.2328453064, 10.3636665344, -0.0935094282031, 18.5315933228, 62.7651023865, 11.8305721283, 8.40227890015], [10.643037796, 9.72169208527, 51.634147644, -19.5923404694, -2.97717475891, 4.91905927658, 8.26880550385, 5.7495508194, 10.4251213074, -3.46857380867, 11.8305721283, 55.5661811829, 9.3890581131], [-238.345108032, 4.96124601364, -5.20913648605, 17.7531147003, 19.6161956787, -5.15349245071, -9.09026527405, 3.56926083565, 19.8494167328, 5.00055742264, 8.40227890015, 9.3890581131, 56.0054130554]]}, "spectral_flux": {"min": 1.03578576272e-10, "max": 0.504188537598, "dvar2": 0.00499760266393, "median": 0.0911635383964, "dmean2": 0.0639329925179, "dmean": 0.039862100035, "var": 0.00479212263599, "dvar": 0.00244841445237, "mean": 0.105101719499}, "silence_rate_30dB": {"min": 0, "max": 1, "dvar2": 0.153148502111, "median": 1, "dmean2": 0.160749614239, "dmean": 0.0803706198931, "var": 0.088695243001, "dvar": 0.0739179253578, "mean": 0.90162396431}, "spectral_energyband_middle_high": {"min": 1.48434077313e-21, "max": 0.0327679999173, "dvar2": 4.67220888822e-06, "median": 0.002282661153, "dmean2": 0.00138313311618, "dmean": 0.000864809786435, "var": 2.49994900514e-05, "dvar": 1.81175403213e-06, "mean": 0.00457297358662}, "barkbands_spread": {"min": 0.0032687720377, "max": 131.753387451, "dvar2": 86.193031311, "median": 11.8962745667, "dmean2": 7.14138126373, "dmean": 4.49721860886, "var": 265.242553711, "dvar": 38.1785316467, "mean": 17.7375965118}, "spectral_centroid": {"min": 131.662033081, "max": 10921.4433594, "dvar2": 111394.03125, "median": 947.089599609, "dmean2": 288.990356445, "dmean": 176.197097778, "var": 618539.125, "dvar": 45754.8398438, "mean": 1139.57470703}, "pitch_salience": {"min": 0.000301621796098, "max": 0.852384865284, "dvar2": 0.0133591704071, "median": 0.464537352324, "dmean2": 0.138800725341, "dmean": 0.085065536201, "var": 0.0166276581585, "dvar": 0.00522396760061, "mean": 0.458013296127}, "erbbands_skewness": {"min": -3.1171579361, "max": 8.26678943634, "dvar2": 0.134244948626, "median": 0.192949801683, "dmean2": 0.388392567635, "dmean": 0.239210128784, "var": 0.537370502949, "dvar": 0.0539992190897, "mean": 0.259102076292}, "erbbands_crest": {"min": 2.14370727539, "max": 35.1144561768, "dvar2": 6.50268793106, "median": 6.21154785156, "dmean2": 2.70424699783, "dmean": 1.62375748158, "var": 7.36935806274, "dvar": 2.4447722435, "mean": 6.79512071609}, "melbands": {"min": [1.23849836833e-23, 2.23695255577e-24, 2.17754955467e-24, 5.28696314173e-24, 6.84847859374e-24, 1.05035449024e-24, 6.65916933142e-24, 6.17078751715e-24, 4.43724398426e-24, 3.28461486095e-24, 5.56321315884e-24, 1.04617068754e-23, 8.61669216899e-24, 1.19640159499e-23, 7.20754598969e-24, 2.74359216126e-24, 8.72930442979e-24, 1.27613452769e-23, 8.94379570992e-24, 9.58202914732e-24, 6.74771502373e-24, 7.66413552619e-24, 7.74988943975e-24, 6.36048923777e-24, 7.81093386318e-24, 8.73559559551e-24, 7.5859933315e-24, 6.84133545824e-24, 8.07538764874e-24, 1.15161236049e-23, 6.92342037973e-24, 1.04994317816e-23, 1.11101568504e-23, 9.83246093029e-24, 6.55022251282e-24, 8.25096126497e-24, 8.74381079298e-24, 8.44383223427e-24, 9.57933834277e-24, 8.61467662938e-24], "max": [0.0923107415438, 0.0870755836368, 0.029902799055, 0.0215429104865, 0.007783328183, 0.00586142577231, 0.0048531149514, 0.00398487458006, 0.00609907042235, 0.00369031797163, 0.00147542892955, 0.00134260964114, 0.00188817328308, 0.00166471034754, 0.00261990074068, 0.00165246613324, 0.00137385353446, 0.000919655372854, 0.000492027844302, 0.000637245248072, 0.000597597740125, 0.000283153640339, 0.000454509019619, 0.00041547024739, 0.000356144679245, 0.000322972686263, 0.000281160551822, 0.000144458725117, 9.36748765525e-05, 0.000109466767753, 0.00020114662766, 0.000472647167044, 0.000413632486016, 0.00030330257141, 0.00044026481919, 0.000657396507449, 0.000353702576831, 0.00030974089168, 0.000469912774861, 0.000275034166407], "dvar2": [0.000160556752235, 0.000130956832436, 2.02937681024e-05, 4.0542881834e-06, 1.89209913515e-07, 9.86581341067e-08, 6.53020748587e-08, 4.48625101512e-08, 4.96066228095e-08, 4.06654514506e-08, 1.08740616511e-08, 3.82037868008e-09, 1.16472556044e-08, 5.36438937715e-09, 1.24001120483e-08, 3.96992438922e-09, 4.74449457499e-09, 4.0720729011e-09, 1.3694612111e-09, 2.34057151438e-09, 3.59578988807e-09, 9.90364346087e-10, 1.03386499362e-09, 4.92148377607e-10, 5.77613512576e-10, 2.88985890773e-10, 2.12563286417e-10, 8.68025790135e-11, 3.83966400341e-11, 3.37833060138e-11, 7.86973264333e-11, 9.94612239791e-11, 7.56824602988e-11, 7.76894173993e-11, 1.11345183074e-10, 1.51360021738e-10, 6.19828147141e-11, 6.68219299338e-11, 1.10404123344e-10, 3.06326526645e-11], "median": [0.00477436929941, 0.0049906661734, 0.00150158745237, 0.000351428985596, 0.000175294379005, 0.000148752442328, 0.000113686168334, 6.37540651951e-05, 7.3570125096e-05, 7.04198901076e-05, 7.35169451218e-05, 1.74778579094e-05, 2.49367185461e-05, 2.13794028241e-05, 2.34494218603e-05, 1.21008251881e-05, 1.22281853692e-05, 1.05048493424e-05, 8.94542063179e-06, 1.35149512062e-05, 2.00632803171e-05, 1.09404963951e-05, 8.24774815555e-06, 5.5538775996e-06, 3.98777410737e-06, 2.4924461286e-06, 1.46085426422e-06, 9.99783310363e-07, 8.04990577308e-07, 7.55855069201e-07, 6.51943423691e-07, 7.16509816812e-07, 7.61297314966e-07, 6.48034017559e-07, 7.80190930527e-07, 5.94940956944e-07, 3.76304427618e-07, 2.44655552706e-07, 2.51000670914e-07, 2.34440804547e-07], "dmean2": [0.00778523040935, 0.00703144865111, 0.0025036262814, 0.000807561154943, 0.000254779675743, 0.000218761793803, 0.000157154412591, 0.000105997918581, 0.000113999463792, 0.000101605757663, 7.29738530936e-05, 3.09845127049e-05, 4.74893968203e-05, 3.74961782654e-05, 5.27256670466e-05, 3.00035262626e-05, 3.46255546901e-05, 3.11798139592e-05, 2.11403057619e-05, 2.68013827736e-05, 3.42672574334e-05, 1.83871725312e-05, 1.7383512386e-05, 1.18691586977e-05, 1.22639767142e-05, 8.74631223269e-06, 6.71516681905e-06, 4.38382903667e-06, 3.00604642689e-06, 2.68981125373e-06, 3.19100354318e-06, 2.62704770648e-06, 2.38699522015e-06, 2.58329828284e-06, 2.55221561929e-06, 2.36140726884e-06, 1.96060182134e-06, 1.25238125293e-06, 1.45822025388e-06, 1.10660118935e-06], "dmean": [0.00509325740859, 0.00415844842792, 0.00141662510578, 0.000458983966382, 0.000155849818839, 0.000126870945678, 9.28153531277e-05, 6.61821322865e-05, 7.10827371222e-05, 6.44962492515e-05, 4.66313031211e-05, 1.95128523046e-05, 3.00131032418e-05, 2.3030610464e-05, 3.22071537084e-05, 1.81512532436e-05, 2.07745561056e-05, 1.8558010197e-05, 1.2602089555e-05, 1.59833653015e-05, 2.03837626032e-05, 1.09911788968e-05, 1.03917527667e-05, 7.09397727405e-06, 7.19541549188e-06, 5.16815953233e-06, 4.02222531193e-06, 2.60192359747e-06, 1.84990210528e-06, 1.63224979133e-06, 1.89704167042e-06, 1.61949571975e-06, 1.48719675508e-06, 1.57884312557e-06, 1.57045678861e-06, 1.4556228507e-06, 1.25289329844e-06, 8.09149128145e-07, 9.53829271566e-07, 7.13877682301e-07], "var": [0.000106299594336, 5.31501427758e-05, 5.61957494938e-06, 1.13127566692e-06, 2.32197180594e-07, 9.14224784765e-08, 5.02683761283e-08, 4.41594742995e-08, 1.34609933866e-07, 9.45941138752e-08, 1.28434196611e-08, 5.58889912128e-09, 1.19958203371e-08, 6.27909324535e-09, 2.65577728698e-08, 7.19696213736e-09, 4.40179137584e-09, 3.78942299761e-09, 1.48266232625e-09, 2.37605379816e-09, 3.72561004269e-09, 1.11877795916e-09, 1.05559483377e-09, 5.42280442772e-10, 5.61599100557e-10, 3.27946253487e-10, 2.38667502428e-10, 1.16889650736e-10, 6.86194989719e-11, 3.83171862295e-11, 6.14634523832e-11, 8.40217062592e-11, 9.02985811124e-11, 6.11695832875e-11, 7.67549357406e-11, 9.90430445991e-11, 7.62690535727e-11, 5.20531638626e-11, 1.33483377129e-10, 5.99024302383e-11], "dvar": [7.16887952876e-05, 4.88333353132e-05, 7.18784440323e-06, 1.44699401972e-06, 7.14425709702e-08, 3.4760525125e-08, 2.60056136625e-08, 1.77583991956e-08, 1.98675405017e-08, 1.58010955431e-08, 4.48204584558e-09, 1.57323698513e-09, 4.95972285464e-09, 2.09077999358e-09, 4.89465623588e-09, 1.59100477237e-09, 1.74989389645e-09, 1.41497846773e-09, 4.91155505156e-10, 8.38232205869e-10, 1.27789157034e-09, 3.55727169943e-10, 3.73829550648e-10, 1.82390519354e-10, 2.0119965416e-10, 1.0218684926e-10, 7.73372962892e-11, 3.11688244659e-11, 1.50203217919e-11, 1.26991221358e-11, 2.84372872472e-11, 3.85083111232e-11, 3.18266281385e-11, 3.12926039248e-11, 4.3595290572e-11, 5.58520174554e-11, 3.20993093217e-11, 2.82289937953e-11, 5.10407861809e-11, 1.50560137274e-11], "mean": [0.00811290182173, 0.00693373708054, 0.00204537576064, 0.00061370851472, 0.000330445240252, 0.000246092415182, 0.000177427762537, 0.000135175767355, 0.000192017861991, 0.00017141274293, 0.000108956519398, 4.38780261902e-05, 5.78285253141e-05, 5.07025361003e-05, 7.70998594817e-05, 4.11434230045e-05, 4.16430557379e-05, 3.92956972064e-05, 2.71414064628e-05, 3.59547557309e-05, 4.63746509922e-05, 2.56804032688e-05, 2.25946896535e-05, 1.65721339727e-05, 1.63665408763e-05, 1.22486544569e-05, 9.50123285293e-06, 6.62017691866e-06, 5.04706304127e-06, 4.04447337132e-06, 4.27583654528e-06, 3.92142510464e-06, 3.8352059164e-06, 3.45148146152e-06, 3.5136790757e-06, 3.02795046991e-06, 2.79458072328e-06, 1.7114430193e-06, 2.2070871637e-06, 1.79815856427e-06]}, "spectral_entropy": {"min": 5.78797388077, "max": 9.79839706421, "dvar2": 0.0658429339528, "median": 7.56171560287, "dmean2": 0.235237404704, "dmean": 0.149351924658, "var": 0.284292340279, "dvar": 0.0273929368705, "mean": 7.51694011688}, "spectral_rolloff": {"min": 21.533203125, "max": 19875.1464844, "dvar2": 1171446.25, "median": 301.46484375, "dmean2": 544.625183105, "dmean": 322.567108154, "var": 6973991, "dvar": 477605.15625, "mean": 1113.82727051}, "barkbands": {"min": [2.7138418105e-23, 2.13246362958e-23, 4.63977455534e-24, 3.17236942047e-24, 4.45827264941e-23, 8.18815373742e-24, 2.92035044935e-23, 2.25428315932e-23, 1.74715020022e-23, 8.73202000457e-23, 5.72726648707e-23, 9.3310134495e-23, 3.13669145053e-23, 1.24352183458e-22, 1.18956311757e-22, 7.13783498258e-23, 1.33073337377e-22, 1.49202740855e-22, 2.24482904003e-22, 2.7690388498e-22, 4.68361638367e-22, 5.96098792415e-22, 4.61306066431e-22, 7.88917450771e-22, 1.26369620123e-21, 1.39689732146e-21, 2.52577620949e-21], "max": [0.0152476448566, 0.388023912907, 0.165075331926, 0.0601844862103, 0.0840495601296, 0.0254424326122, 0.0209009572864, 0.0273618996143, 0.0248942356557, 0.00850450433791, 0.0135129075497, 0.0195024572313, 0.0231075584888, 0.0134172495455, 0.00758016342297, 0.00818532612175, 0.00618036463857, 0.00760622462258, 0.00670329388231, 0.00379141769372, 0.00544604659081, 0.0202586092055, 0.0188854113221, 0.027703884989, 0.0165855120867, 0.0102579500526, 0.00358672207221], "dvar2": [1.65761605331e-06, 0.00209658849053, 0.000424069381552, 7.11532120476e-05, 5.58761057619e-05, 2.74483272733e-06, 1.80083679879e-06, 1.11301335437e-06, 1.95364350475e-06, 2.26993222441e-07, 5.91432183228e-07, 6.75082276302e-07, 6.38705103029e-07, 6.80409186771e-07, 2.89961690214e-07, 5.9582475842e-07, 3.65927633084e-07, 1.85800502095e-07, 1.81663224907e-07, 9.08384478748e-08, 5.91657496329e-08, 1.71770182078e-07, 3.30131967985e-07, 3.97953073161e-07, 1.45511663163e-07, 8.74263790251e-08, 2.14366995266e-08], "median": [0.000656164018437, 0.0183885097504, 0.00676693534479, 0.00199385429733, 0.00147384847514, 0.000769226578996, 0.000453807297163, 0.000341348175425, 0.000515558000188, 0.000263135414571, 0.000151761865709, 0.00023403330124, 0.000131863067509, 0.000140418327646, 0.000133310852107, 0.000248862023, 0.000202346622245, 0.000120629221783, 8.05892486824e-05, 3.76098687411e-05, 3.21477164107e-05, 3.81294084946e-05, 4.56418347312e-05, 2.66038805421e-05, 2.61297172983e-05, 1.21623488667e-05, 2.75823254015e-06], "dmean2": [0.000766615034081, 0.0282350573689, 0.012133423239, 0.0046291667968, 0.00308441487141, 0.00111368100625, 0.000682193844113, 0.000549786782358, 0.000743482087273, 0.000321195140714, 0.000336973025696, 0.00040106268716, 0.000358309131116, 0.000392487476347, 0.000298531376757, 0.000448095262982, 0.000353108567651, 0.000241121553699, 0.00023368348775, 0.000150075808051, 0.000104284299596, 0.000111367735371, 0.000141649958096, 0.000119862561405, 9.0006084065e-05, 7.10980675649e-05, 3.41400555044e-05], "dmean": [0.00054800050566, 0.018071718514, 0.00683669187129, 0.00262759299949, 0.00177194073331, 0.000654859584756, 0.000416547816712, 0.00033942234586, 0.000472083891509, 0.000203705421882, 0.000213021106902, 0.000244464579737, 0.000219269015361, 0.000235394152696, 0.000178046015208, 0.000266838032985, 0.000211356469663, 0.000145469035488, 0.000138019138831, 9.06525237951e-05, 6.39991631033e-05, 7.02219695086e-05, 8.82767126313e-05, 7.80509508331e-05, 5.9497087932e-05, 4.3698335503e-05, 1.92758452613e-05], "var": [1.68838062109e-06, 0.00125522282906, 0.000123821941088, 2.03699819394e-05, 1.75382301677e-05, 2.95321660815e-06, 1.37451968385e-06, 2.39321479967e-06, 4.57726582681e-06, 3.18248623898e-07, 6.21208755547e-07, 7.59514875881e-07, 1.63403740316e-06, 6.19730769813e-07, 3.02255244833e-07, 6.44807528261e-07, 4.00013476565e-07, 2.36508427065e-07, 2.3478418143e-07, 1.3761356854e-07, 7.59837845976e-08, 1.98394886297e-07, 2.39687835801e-07, 4.43701622999e-07, 3.60856290627e-07, 6.20932496531e-08, 5.05049113642e-09], "dvar": [8.81965718236e-07, 0.000889640476089, 0.000147782207932, 2.532691542e-05, 1.99744954443e-05, 9.88187252915e-07, 7.27429892322e-07, 4.50632398952e-07, 7.56425890813e-07, 9.73978018237e-08, 2.52285417446e-07, 2.57729681152e-07, 2.59911502098e-07, 2.39243235001e-07, 1.04054876715e-07, 2.11196720556e-07, 1.31059891828e-07, 6.82842795641e-08, 6.45309015113e-08, 3.34982459549e-08, 2.23244178699e-08, 7.08775544922e-08, 1.24545266544e-07, 1.89684456586e-07, 7.74930200009e-08, 3.56574076932e-08, 7.6071220434e-09], "mean": [0.00113008997869, 0.0291625037789, 0.00961278937757, 0.00322413328104, 0.00257243751548, 0.00131329416763, 0.000800958659966, 0.000769800972193, 0.00124711776152, 0.000452092499472, 0.000400368619012, 0.000536616425961, 0.000511539867148, 0.00048401587992, 0.000384083308745, 0.00062128296122, 0.000479530164739, 0.000360566365998, 0.000350845017238, 0.000244715047302, 0.000180021728738, 0.000195867571165, 0.000210061436519, 0.000187910380191, 0.000167301244801, 6.78544311086e-05, 1.82868279808e-05]}, "melbands_flatness_db": {"min": 0.0057435836643, "max": 0.92085236311, "dvar2": 0.00175894284621, "median": 0.264359354973, "dmean2": 0.0454942211509, "dmean": 0.0293645914644, "var": 0.0100330337882, "dvar": 0.000770598941017, "mean": 0.26190841198}, "melbands_skewness": {"min": -1.42363035679, "max": 639.719848633, "dvar2": 132.788619995, "median": 4.27483320236, "dmean2": 1.75366163254, "dmean": 1.09214377403, "var": 26.1252441406, "dvar": 44.3904838562, "mean": 4.5013961792}, "barkbands_skewness": {"min": -7.9432425499, "max": 68.0738449097, "dvar2": 3.9215991497, "median": 2.79785251617, "dmean2": 1.26278591156, "dmean": 0.812254548073, "var": 5.90316581726, "dvar": 1.51757240295, "mean": 3.06608319283}, "silence_rate_60dB": {"min": 0, "max": 1, "dvar2": 0.00467403931543, "median": 0, "dmean2": 0.00353982299566, "dmean": 0.00176981941331, "var": 0.033018540591, "dvar": 0.00176714360714, "mean": 0.0341973751783}, "spectral_energyband_low": {"min": 5.54569153261e-23, "max": 0.427791804075, "dvar2": 0.00255267322063, "median": 0.0297798886895, "dmean2": 0.033326625824, "dmean": 0.0213753320277, "var": 0.00173742580228, "dvar": 0.00111370859668, "mean": 0.0417862161994}, "spectral_energyband_middle_low": {"min": 1.94955183988e-22, "max": 0.156541645527, "dvar2": 0.0002509005717, "median": 0.00821802765131, "dmean2": 0.00781242689118, "dmean": 0.00453026918694, "var": 0.000101279001683, "dvar": 9.14350748644e-05, "mean": 0.0101930461824}, "melbands_kurtosis": {"min": -1.68283569813, "max": 547561.125, "dvar2": 93766496, "median": 24.864440918, "dmean2": 145.596618652, "dmean": 76.2706680298, "var": 15629195, "dvar": 31254664, "mean": 67.4628067017}, "spectral_decrease": {"min": -1.15655524269e-07, "max": 2.24749445823e-16, "dvar2": 1.87091181552e-16, "median": -1.12735625279e-08, "dmean2": 9.3228011977e-09, "dmean": 5.9726823487e-09, "var": 1.39592339962e-16, "dvar": 8.19577234537e-17, "mean": -1.41865372782e-08}, "erbbands_kurtosis": {"min": -1.76020109653, "max": 79.0145874023, "dvar2": 3.12470054626, "median": -0.0386093854904, "dmean2": 0.96937417984, "dmean": 0.58961379528, "var": 2.24197268486, "dvar": 1.10002171993, "mean": 0.39323374629}, "melbands_crest": {"min": 1.61177587509, "max": 39.9996948242, "dvar2": 20.1514110565, "median": 18.5992469788, "dmean2": 5.45625686646, "dmean": 3.40610766411, "var": 30.3948345184, "dvar": 8.22556781769, "mean": 18.6169548035}, "melbands_spread": {"min": 0.000634359195828, "max": 176.0730896, "dvar2": 112.78339386, "median": 8.41138267517, "dmean2": 7.41811466217, "dmean": 4.60208702087, "var": 370.896728516, "dvar": 45.7590408325, "mean": 15.3608179092}, "spectral_energy": {"min": 1.06996983534e-20, "max": 0.442193031311, "dvar2": 0.00272071384825, "median": 0.0449266135693, "dmean2": 0.0356081314385, "dmean": 0.0228153448552, "var": 0.00207813526504, "dvar": 0.0011921080295, "mean": 0.0556862130761}, "mfcc": {"mean": [-649.306030273, 127.301582336, 20.8828201294, 25.4058094025, 17.9560813904, 12.8283967972, 2.37027406693, 16.4052791595, 8.03094291687, 6.5972943306, 4.40909051895, 5.17575740814, 2.0095281601], "icov": [[0.000101599027403, -3.35007389367e-05, 0.000122784273117, -0.000115792296128, -0.000133922774694, -0.000196387598407, -2.64556201728e-05, 1.72828349605e-05, 0.00030543259345, -9.58592354436e-05, -3.63600520359e-05, 6.0630380176e-05, -1.27712701214e-06], [-3.35007389367e-05, 0.000999554176815, -0.000637495249975, -0.000361206097296, -0.000451431784313, 0.000329692236846, 8.9130437118e-05, -0.00108543783426, -0.000387020147173, 0.000384212296922, -8.302826609e-05, -0.000208831363125, -0.000172571017174], [0.000122784273117, -0.000637495249975, 0.0027224640362, 0.000906394503545, 0.000842213630676, -0.00246617710218, 0.00113441294525, -0.000164632088854, -0.000885986315552, 0.00154257775284, -0.000402163394028, -0.000394036091166, -4.21570730396e-05], [-0.000115792296128, -0.000361206097296, 0.000906394503545, 0.00828275550157, -0.00180884241126, -0.00105415622238, -0.000302130618365, -0.000990534899756, -0.000168487938936, -0.00165495323017, 0.00164079363458, -0.000175470355316, 8.32719088066e-05], [-0.000133922774694, -0.000451431784313, 0.000842213630676, -0.00180884241126, 0.00869224686176, -0.000710839522071, 0.00115829089191, 0.000981801189482, -0.00264619570225, 0.000187175523024, 0.000186115707038, 0.000350733316736, -0.0012284842087], [-0.000196387598407, 0.000329692236846, -0.00246617710218, -0.00105415622238, -0.000710839522071, 0.0125464759767, -0.00244437204674, 0.00150346593, -0.000668156542815, -0.00236714445055, -0.000378068943974, -0.00178522523493, 0.000674360897392], [-2.64556201728e-05, 8.9130437118e-05, 0.00113441294525, -0.000302130618365, 0.00115829089191, -0.00244437204674, 0.0136359464377, -0.00343437120318, 0.00268757459708, -0.00262065557763, -0.00140371394809, -0.0018285731785, 0.000943498627748], [1.72828349605e-05, -0.00108543783426, -0.000164632088854, -0.000990534899756, 0.000981801189482, 0.00150346593, -0.00343437120318, 0.0136139709502, -0.00362175819464, 0.00164444337133, -0.001709099859, -0.00161550124176, -0.00158185290638], [0.00030543259345, -0.000387020147173, -0.000885986315552, -0.000168487938936, -0.00264619570225, -0.000668156542815, 0.00268757459708, -0.00362175819464, 0.0180293638259, -0.00517587596551, 0.00100491661578, -0.00111651944462, -0.00216752989218], [-9.58592354436e-05, 0.000384212296922, 0.00154257775284, -0.00165495323017, 0.000187175523024, -0.00236714445055, -0.00262065557763, 0.00164444337133, -0.00517587596551, 0.0200686454773, -0.00442098593339, -0.000703441735823, 0.00012772824266], [-3.63600520359e-05, -8.302826609e-05, -0.000402163394028, 0.00164079363458, 0.000186115707038, -0.000378068943974, -0.00140371394809, -0.001709099859, 0.00100491661578, -0.00442098593339, 0.0214908830822, -0.00503709353507, 0.00261507136747], [6.0630380176e-05, -0.000208831363125, -0.000394036091166, -0.000175470355316, 0.000350733316736, -0.00178522523493, -0.0018285731785, -0.00161550124176, -0.00111651944462, -0.000703441735823, -0.00503709353507, 0.0255491435528, -0.005802531261], [-1.27712701214e-06, -0.000172571017174, -4.21570730396e-05, 8.32719088066e-05, -0.0012284842087, 0.000674360897392, 0.000943498627748, -0.00158185290638, -0.00216752989218, 0.00012772824266, 0.00261507136747, -0.005802531261, 0.0236970037222]], "cov": [[12916.5419922, -278.998077393, -995.539001465, 369.706298828, 278.839660645, 117.571563721, 162.233139038, -106.54460144, -234.710403442, 155.933288574, 12.2909765244, -49.7260894775, -42.7093734741], [-278.998077393, 1589.0423584, 471.248962402, 41.1057472229, 66.9403991699, 28.2194252014, -33.9423828125, 165.806396484, 105.561485291, -48.5811042786, 12.5127925873, 46.8010559082, 47.33411026], [-995.539001465, 471.248962402, 726.419494629, -80.2926940918, -48.2339553833, 84.9290466309, -53.7109069824, 53.5421104431, 63.7784538269, -56.9176712036, 12.8693675995, 30.8547611237, 18.0233707428], [369.706298828, 41.1057472229, -80.2926940918, 156.001617432, 48.2392807007, 10.286438942, 13.0516376495, 10.7730226517, 7.00460338593, 21.8585929871, -7.12868261337, 1.29801940918, 3.66318321228], [278.839660645, 66.9403991699, -48.2339553833, 48.2392807007, 147.828933716, 5.90655899048, -10.4685230255, -0.842173457146, 22.612455368, 10.1459159851, -6.16193199158, -0.467473566532, 10.6825122833], [117.571563721, 28.2194252014, 84.9290466309, 10.286438942, 5.90655899048, 106.896011353, 14.9719028473, -1.1767936945, 9.42340660095, 13.8202352524, 9.1343755722, 12.2409515381, -0.306887716055], [162.233139038, -33.9423828125, -53.7109069824, 13.0516376495, -10.4685230255, 14.9719028473, 95.7782287598, 17.1293640137, -12.901927948, 19.5958995819, 13.4853506088, 9.33774471283, -4.50604009628], [-106.54460144, 165.806396484, 53.5421104431, 10.7730226517, -0.842173457146, -1.1767936945, 17.1293640137, 105.258659363, 27.5000782013, -3.56123566628, 10.363492012, 16.419216156, 13.0047006607], [-234.710403442, 105.561485291, 63.7784538269, 7.00460338593, 22.612455368, 9.42340660095, -12.901927948, 27.5000782013, 81.4976806641, 11.0968608856, 1.30986070633, 10.9253158569, 14.023765564], [155.933288574, -48.5811042786, -56.9176712036, 21.8585929871, 10.1459159851, 13.8202352524, 19.5958995819, -3.56123566628, 11.0968608856, 68.0567474365, 13.3276891708, 5.28221511841, -0.93786740303], [12.2909765244, 12.5127925873, 12.8693675995, -7.12868261337, -6.16193199158, 9.1343755722, 13.4853506088, 10.363492012, 1.30986070633, 13.3276891708, 55.4624557495, 13.215839386, -3.12126016617], [-49.7260894775, 46.8010559082, 30.8547611237, 1.29801940918, -0.467473566532, 12.2409515381, 9.33774471283, 16.419216156, 10.9253158569, 5.28221511841, 13.215839386, 48.6871910095, 12.1742839813], [-42.7093734741, 47.33411026, 18.0233707428, 3.66318321228, 10.6825122833, -0.306887716055, -4.50604009628, 13.0047006607, 14.023765564, -0.93786740303, -3.12126016617, 12.1742839813, 48.7843399048]]}, "spectral_contrast_valleys": {"min": [-26.7095127106, -27.1878814697, -27.0192146301, -27.2507095337, -27.2424068451, -27.2887191772], "max": [-4.6972079277, -4.72787427902, -5.52163887024, -5.68742990494, -5.51417636871, -7.22789239883], "dvar2": [0.248889610171, 0.188597276807, 0.163450106978, 0.121428787708, 0.0929396674037, 0.236212670803], "median": [-6.33141756058, -6.6106967926, -7.39940452576, -7.64495658875, -7.94400310516, -10.0636043549], "dmean2": [0.600358903408, 0.520555257797, 0.466873735189, 0.388258159161, 0.293077677488, 0.362764239311], "dmean": [0.357897281647, 0.309032201767, 0.283142417669, 0.242059469223, 0.193210497499, 0.245508104563], "var": [3.10807800293, 2.25601887703, 2.13038301468, 2.43942689896, 2.53259134293, 1.9549369812], "dvar": [0.0941957309842, 0.0753194689751, 0.0683747008443, 0.0562468357384, 0.0493907183409, 0.107353024185], "mean": [-6.65176200867, -6.87031459808, -7.62211370468, -7.8078789711, -7.93073511124, -10.1398544312]}, "barkbands_flatness_db": {"min": 0.0157996453345, "max": 0.915623605251, "dvar2": 0.00139891216531, "median": 0.159218788147, "dmean2": 0.0379288904369, "dmean": 0.0243784785271, "var": 0.00530428579077, "dvar": 0.000594192242716, "mean": 0.162281394005}, "dynamic_complexity": 3.15944099426, "spectral_skewness": {"min": -0.181446582079, "max": 3.80193209648, "dvar2": 0.0993935242295, "median": 1.70236539841, "dmean2": 0.282834261656, "dmean": 0.181693464518, "var": 0.297833204269, "dvar": 0.0418693013489, "mean": 1.81670308113}, "erbbands_flatness_db": {"min": 0.0206328239292, "max": 0.249386489391, "dvar2": 0.00036596719292, "median": 0.115690380335, "dmean2": 0.0188767760992, "dmean": 0.0123400837183, "var": 0.0007