{"lowlevel": {"spectral_complexity": {"min": 0, "max": 55, "dvar2": 18.1184997559, "median": 26, "dmean2": 4.89838600159, "dmean": 3.03384375572, "var": 109.743988037, "dvar": 7.4407324791, "mean": 24.5094871521}, "silence_rate_20dB": {"min": 1, "max": 1, "dvar2": 0, "median": 1, "dmean2": 0, "dmean": 0, "var": 0, "dvar": 0, "mean": 1}, "average_loudness": 0.702215969563, "erbbands_spread": {"min": 2.22895407677, "max": 124.634925842, "dvar2": 102.384750366, "median": 26.7069377899, "dmean2": 9.44997787476, "dmean": 5.98479747772, "var": 176.417098999, "dvar": 44.2677383423, "mean": 29.7064781189}, "spectral_kurtosis": {"min": -1.26024436951, "max": 195.206100464, "dvar2": 32.1590576172, "median": 4.43432235718, "dmean2": 3.90941381454, "dmean": 2.23781585693, "var": 85.5970230103, "dvar": 10.9727306366, "mean": 5.84224700928}, "barkbands_kurtosis": {"min": -1.83040380478, "max": 11678.5878906, "dvar2": 54804.2226563, "median": -0.494308263063, "dmean2": 7.84897089005, "dmean": 4.60185146332, "var": 14277.4453125, "dvar": 20408.4121094, "mean": 2.54093766212}, "spectral_strongpeak": {"min": 0, "max": 17.3736381531, "dvar2": 4.01026916504, "median": 0.45246091485, "dmean2": 1.3470941782, "dmean": 0.798660337925, "var": 3.02958059311, "dvar": 1.60371172428, "mean": 1.27231800556}, "spectral_spread": {"min": 514005.84375, "max": 43169180, "dvar2": 2155364745220.0, "median": 3222985, "dmean2": 641765.9375, "dmean": 411027.5625, "var": 21318164545500.0, "dvar": 1179087142910.0, "mean": 3922206}, "spectral_rms": {"min": 3.08243274655e-12, "max": 0.011172358878, "dvar2": 2.49405729846e-06, "median": 0.00397081673145, "dmean2": 0.00128254049923, "dmean": 0.000817582011223, "var": 3.45552507497e-06, "dvar": 1.05529409211e-06, "mean": 0.00411235261708}, "erbbands": {"min": [5.01919345824e-23, 3.19084138742e-22, 1.75501735226e-21, 5.04272525477e-21, 1.26025958487e-20, 1.60338072686e-20, 3.35340021993e-20, 7.32016455759e-20, 1.03972221526e-19, 1.4286147179e-19, 2.03714370646e-19, 3.18122005511e-19, 1.96764954901e-19, 6.05353054444e-19, 7.39836750517e-19, 1.36164930328e-18, 1.35928222256e-18, 1.25737439828e-18, 1.76938999506e-18, 1.74244520699e-18, 3.24362974665e-18, 4.35029669701e-18, 4.39830377822e-18, 4.4363243079e-18, 7.23029639882e-18, 7.76411078969e-18, 6.70366772593e-18, 9.92019758816e-18, 1.00628026986e-17, 1.11661168791e-17, 1.14939136666e-17, 1.03528147029e-17, 9.39081274947e-18, 8.26311245729e-18, 6.03218980162e-18, 3.95856836073e-18, 2.31931166041e-18, 9.66164739845e-19, 2.41242081622e-19, 2.62865429401e-20], "max": [1.40615105629, 18.6752338409, 61.4692230225, 50.9539718628, 203.075073242, 165.623901367, 197.942184448, 344.567932129, 529.269042969, 902.856689453, 956.348571777, 1435.67150879, 1816.99145508, 1735.36523438, 1350.77770996, 2416.58618164, 1684.09094238, 3332.80664063, 2507.79150391, 1770.4230957, 1891.7088623, 1313.32763672, 1322.56054688, 1968.78405762, 873.206298828, 565.471374512, 219.942687988, 80.482093811, 80.3736495972, 75.8118515015, 29.8909358978, 25.265827179, 19.6771888733, 10.4937677383, 3.55192160606, 2.30728173256, 2.56163144112, 0.690680325031, 0.0817170143127, 0.00315838283859], "dvar2": [0.0178609993309, 8.70892524719, 116.263038635, 53.7421684265, 441.597106934, 166.785568237, 87.5462188721, 338.276519775, 363.731811523, 1034.64660645, 896.264953613, 3912.72167969, 13124.7822266, 3126.06616211, 2958.75976563, 8812.0390625, 9767.72460938, 36752.6132813, 10871.0615234, 5566.06689453, 3112.72827148, 3396.73974609, 2023.49938965, 3014.14428711, 1273.35839844, 290.281280518, 87.9552993774, 33.5433921814, 18.7647380829, 12.6009569168, 5.19863033295, 2.74192738533, 1.28496992588, 0.640666604042, 0.0801941230893, 0.0112654278055, 0.00844816025347, 0.000758627487812, 1.20965751194e-05, 1.11863913688e-08], "median": [0.00941946357489, 0.212574273348, 0.953283071518, 2.0514588356, 2.50586891174, 2.50220870972, 2.17064380646, 3.26116275787, 4.63418722153, 5.90077495575, 8.37469100952, 16.7387866974, 18.8895606995, 7.6678814888, 8.88650226593, 10.9242649078, 15.6325597763, 23.7867355347, 20.9219245911, 27.2573337555, 36.8614654541, 30.8334388733, 22.9422454834, 15.0687294006, 9.66679668427, 5.78803777695, 3.41853070259, 2.34092330933, 1.59552907944, 0.951858639717, 0.513225376606, 0.32115983963, 0.210968315601, 0.123479865491, 0.0320459902287, 0.00587161490694, 0.000984034733847, 0.000117924355436, 1.74837241502e-05, 2.14206338569e-05], "dmean2": [0.0775461569428, 1.64507722855, 5.96269702911, 4.67493391037, 8.2290763855, 5.60442113876, 4.3545665741, 7.34758090973, 8.32796669006, 11.7660617828, 10.6950902939, 25.9320907593, 44.0735015869, 17.2687072754, 17.5600090027, 27.2572364807, 34.7293777466, 59.3744087219, 35.3540763855, 34.8283119202, 33.876033783, 31.3687171936, 22.6206150055, 18.8561992645, 13.8445663452, 7.42224979401, 4.65212869644, 3.12159132957, 2.43870663643, 1.84761214256, 1.06915080547, 0.819306910038, 0.536345303059, 0.342803418636, 0.102795928717, 0.0267784204334, 0.0108152022585, 0.00267221988179, 0.000324191380059, 2.31981357501e-05], "dmean": [0.0456263720989, 0.90756726265, 3.22875213623, 2.75981450081, 5.17653846741, 3.27616238594, 2.63719534874, 4.75309991837, 5.34620857239, 7.30959320068, 7.01221179962, 17.5957183838, 28.7585067749, 12.1302785873, 11.5212831497, 17.7242450714, 22.0149765015, 37.0759086609, 23.1328868866, 22.2331542969, 20.8755512238, 19.3087730408, 13.8661699295, 11.8523864746, 8.85301494598, 4.72033214569, 2.98308038712, 1.94596755505, 1.49055922031, 1.11539888382, 0.652939856052, 0.504389703274, 0.34392374754, 0.223005071282, 0.0679409354925, 0.0172412469983, 0.0063191303052, 0.0014827119885, 0.000174331376911, 1.38945615618e-05], "var": [0.00749621866271, 2.30326986313, 27.1386890411, 23.7211360931, 245.58984375, 60.2028160095, 53.7542724609, 309.162841797, 524.482299805, 666.673461914, 631.491027832, 4287.35742188, 15703.3857422, 7996.85693359, 2631.77587891, 7233.28564453, 6928.07373047, 31273.421875, 9189.91503906, 6408.1875, 3380.44946289, 3379.5378418, 1559.94750977, 2601.39672852, 1522.07958984, 539.727783203, 120.876861572, 30.615398407, 19.4392776489, 11.471704483, 4.04652500153, 2.84630250931, 1.45416712761, 0.584548294544, 0.0615308918059, 0.00527585670352, 0.00170816062018, 0.000139658121043, 2.19168987314e-06, 2.45929432374e-09], "dvar": [0.00695251626894, 3.20809030533, 41.6855010986, 21.0173244476, 195.066619873, 60.2589111328, 34.2121963501, 162.903030396, 175.103561401, 421.658203125, 371.734222412, 1755.77722168, 5437.71679688, 1748.91345215, 1375.08679199, 3678.48803711, 4080.50976563, 13615.0507813, 4783.75927734, 2558.01757813, 1316.51220703, 1335.16589355, 785.37322998, 1283.34362793, 585.752685547, 134.324966431, 42.681060791, 13.5849151611, 7.81660318375, 5.11654043198, 2.05048632622, 1.09567439556, 0.542254388332, 0.273791670799, 0.0352681055665, 0.00448479922488, 0.00290080159903, 0.000257771549514, 4.10988286603e-06, 3.84141785048e-09], "mean": [0.0453203469515, 0.734589576721, 2.63529968262, 3.60246276855, 6.6814084053, 4.82816743851, 4.11392593384, 7.94212293625, 10.7461338043, 12.4850196838, 14.5827112198, 34.6031684875, 56.5812835693, 25.6135826111, 20.2271003723, 31.08893013, 38.9959945679, 69.3497695923, 45.3003234863, 47.531036377, 50.2964477539, 46.8965988159, 32.7848434448, 26.4867515564, 20.158039093, 11.6961269379, 6.76863908768, 4.23124170303, 3.10723567009, 2.16771006584, 1.30372273922, 1.02060413361, 0.726946294308, 0.449652671814, 0.123488403857, 0.0275070797652, 0.0070096780546, 0.00126550614368, 0.000126376296976, 2.89784220513e-05]}, "zerocrossingrate": {"min": 0, "max": 0.53369140625, "dvar2": 0.000418477487983, "median": 0.06591796875, "dmean2": 0.0107780136168, "dmean": 0.00802130997181, "var": 0.00321419374086, "dvar": 0.000215175183257, "mean": 0.0737731456757}, "spectral_contrast_coeffs": {"min": [-0.996261358261, -0.996620833874, -0.996266782284, -0.993312597275, -0.995546162128, -0.968167901039], "max": [-0.267448157072, -0.366873115301, -0.455331355333, -0.530314087868, -0.506892085075, -0.557012856007], "dvar2": [0.00505148572847, 0.00291313091293, 0.00241753016599, 0.0014948444441, 0.00077270262409, 0.00055040087318], "median": [-0.66671872139, -0.772518754005, -0.76518279314, -0.781536877155, -0.773193717003, -0.754421591759], "dmean2": [0.0855884253979, 0.067598618567, 0.0609696097672, 0.0475740171969, 0.0342788882554, 0.0268283896148], "dmean": [0.0511547029018, 0.041282620281, 0.0379222147167, 0.0289313029498, 0.0209416095167, 0.0165726542473], "var": [0.00640629604459, 0.00472296634689, 0.00506316265091, 0.00298233143985, 0.00233049620874, 0.00188234820962], "dvar": [0.00185842334758, 0.00111011078116, 0.00096948503051, 0.000581086846069, 0.000308965623844, 0.000231657293625], "mean": [-0.667698800564, -0.766726851463, -0.758775830269, -0.778758645058, -0.774646341801, -0.757012784481]}, "dissonance": {"min": 0.193091005087, "max": 0.500000119209, "dvar2": 0.000532080593985, "median": 0.483014822006, "dmean2": 0.0207485929132, "dmean": 0.0121907815337, "var": 0.000359423254849, "dvar": 0.000191553481272, "mean": 0.478566259146}, "spectral_energyband_high": {"min": 7.10024453614e-21, "max": 0.0102065689862, "dvar2": 2.108432966e-07, "median": 0.000257884530583, "dmean2": 0.00025176408235, "dmean": 0.000165036282851, "var": 2.9944982316e-07, "dvar": 9.33290564831e-08, "mean": 0.000443312805146}, "gfcc": {"mean": [-33.0070343018, 106.036201477, -151.881973267, 38.2495651245, -48.3344459534, 11.737370491, -36.2839889526, 10.7486438751, -17.2313995361, -5.00042009354, -15.2216720581, -11.9454126358, -8.28203010559], "icov": [[0.000296217796858, -0.000652985472698, 0.000724895682652, -0.000648706860375, 0.000493096013088, -0.000775288383011, 0.000686105107889, -0.000700168428011, 0.000848131254315, -0.000811895588413, 0.00119601236656, -0.00075557443779, 0.000725306454115], [-0.000652985472698, 0.00298352190293, -0.00135290040635, 0.00137028738391, -0.00143732712604, 0.00192585599143, -0.00142368092202, 0.0018990059616, -0.00223431224003, 0.00300553673878, -0.00398125592619, 0.00280596339144, -0.00270946533419], [0.000724895682652, -0.00135290040635, 0.00291938241571, -0.0015476224944, 0.000505044532474, -0.00259236502461, 0.00166459765751, -0.000978455296718, 0.0019945029635, -0.00253876531497, 0.00374742597342, -0.003607862629, 0.0020330355037], [-0.000648706860375, 0.00137028738391, -0.0015476224944, 0.00694124400616, -0.000778426707257, -0.00109213299584, 0.000178396468982, 0.000903700245544, -0.00275397952646, 0.00145556218922, -0.00332914548926, 0.00261336821131, -0.00207547005266], [0.000493096013088, -0.00143732712604, 0.000505044532474, -0.000778426707257, 0.00768248969689, -0.000819841981865, -0.00195381883532, -0.00260401936248, -0.000243428381509, -0.000428755942266, -0.000183398937224, -1.4040493852e-06, 0.0016311511863], [-0.000775288383011, 0.00192585599143, -0.00259236502461, -0.00109213299584, -0.000819841981865, 0.00898192729801, -0.00342966825701, -0.000139596028021, 0.000892119191121, 0.00126381835435, -0.00150143122301, 0.00220576766878, -0.00202103634365], [0.000686105107889, -0.00142368092202, 0.00166459765751, 0.000178396468982, -0.00195381883532, -0.00342966825701, 0.0105446903035, -0.00104162609205, 0.000105476385215, -0.00170881708618, 5.49016003788e-05, -0.000680307799485, -0.000522829941474], [-0.000700168428011, 0.0018990059616, -0.000978455296718, 0.000903700245544, -0.00260401936248, -0.000139596028021, -0.00104162609205, 0.0144418654963, -0.00744768418372, 0.00172713026404, 0.0012257413473, -0.00190119142644, 0.000956482777838], [0.000848131254315, -0.00223431224003, 0.0019945029635, -0.00275397952646, -0.000243428381509, 0.000892119191121, 0.000105476385215, -0.00744768418372, 0.0157462339848, -0.00416810205206, 0.00283360737376, 0.00153471354861, -0.000588252732996], [-0.000811895588413, 0.00300553673878, -0.00253876531497, 0.00145556218922, -0.000428755942266, 0.00126381835435, -0.00170881708618, 0.00172713026404, -0.00416810205206, 0.017347721383, -0.0102721052244, 0.000789254321717, 0.000958014978096], [0.00119601236656, -0.00398125592619, 0.00374742597342, -0.00332914548926, -0.000183398937224, -0.00150143122301, 5.49016003788e-05, 0.0012257413473, 0.00283360737376, -0.0102721052244, 0.0245099011809, -0.0102640623227, 0.00432462850586], [-0.00075557443779, 0.00280596339144, -0.003607862629, 0.00261336821131, -1.4040493852e-06, 0.00220576766878, -0.000680307799485, -0.00190119142644, 0.00153471354861, 0.000789254321717, -0.0102640623227, 0.0219795554876, -0.00686511490494], [0.000725306454115, -0.00270946533419, 0.0020330355037, -0.00207547005266, 0.0016311511863, -0.00202103634365, -0.000522829941474, 0.000956482777838, -0.000588252732996, 0.000958014978096, 0.00432462850586, -0.00686511490494, 0.0197728052735]], "cov": [[25606.4316406, 1096.84069824, -2940.87890625, 1096.79016113, -1198.21887207, 737.530944824, -1058.20361328, 338.541900635, -483.086151123, -125.167747498, -498.672027588, -212.120407104, -214.503311157], [1096.84069824, 1098.2220459, -510.180664063, -75.4346084595, 128.743804932, -188.931427002, 94.4513092041, -48.1639289856, 109.811973572, -111.174217224, 65.359703064, -105.382461548, 87.4584503174], [-2940.87890625, -510.180664063, 1452.46618652, 57.2288208008, 36.4912948608, 229.842376709, 0.469962626696, -7.28598594666, -89.5799942017, 111.188056946, -9.21809959412, 158.869354248, -35.3970947266], [1096.79016113, -75.4346084595, 57.2288208008, 261.797302246, -50.5382995605, 126.043357849, -58.204574585, 30.9013175964, -16.6097373962, 14.6000032425, -22.9223766327, 0.302361428738, -11.0382566452], [-1198.21887207, 128.743804932, 36.4912948608, -50.5382995605, 255.446090698, -48.7793502808, 121.996459961, 18.1756324768, 76.698600769, -3.66983866692, 45.4067115784, -14.2639074326, 16.4018211365], [737.530944824, -188.931427002, 229.842376709, 126.043357849, -48.7793502808, 269.273193359, -24.2280635834, 32.1672058105, -64.0060501099, 26.7245121002, -36.5258483887, 27.537530899, -19.6441497803], [-1058.20361328, 94.4513092041, 0.469962626696, -58.204574585, 121.996459961, -24.2280635834, 192.054092407, -2.84078192711, 54.9820137024, 1.2162643671, 44.0964279175, -8.02449131012, 27.4232139587], [338.541900635, -48.1639289856, -7.28598594666, 30.9013175964, 18.1756324768, 32.1672058105, -2.84078192711, 115.513496399, 38.6270179749, 3.2980120182, -22.6248531342, 2.42677736282, -12.1196069717], [-483.086151123, 109.811973572, -89.5799942017, -16.6097373962, 76.698600769, -64.0060501099, 54.9820137024, 38.6270179749, 136.131668091, -3.16111540794, 15.2697343826, -28.553686142, 17.9006519318], [-125.167747498, -111.174217224, 111.188056946, 14.6000032425, -3.66983866692, 26.7245121002, 1.2162643671, 3.2980120182, -3.16111540794, 103.064224243, 34.2391166687, 30.4169025421, -19.6511821747], [-498.672027588, 65.359703064, -9.21809959412, -22.9223766327, 45.4067115784, -36.5258483887, 44.0964279175, -22.6248531342, 15.2697343826, 34.2391166687, 94.0098800659, 22.4712543488, 6.60739040375], [-212.120407104, -105.382461548, 158.869354248, 0.302361428738, -14.2639074326, 27.537530899, -8.02449131012, 2.42677736282, -28.553686142, 30.4169025421, 22.4712543488, 87.4912185669, 3.83798789978], [-214.503311157, 87.4584503174, -35.3970947266, -11.0382566452, 16.4018211365, -19.6441497803, 27.4232139587, -12.1196069717, 17.9006519318, -19.6511821747, 6.60739040375, 3.83798789978, 72.230758667]]}, "spectral_flux": {"min": 6.37848315832e-11, "max": 0.294223040342, "dvar2": 0.00189433537889, "median": 0.0723513439298, "dmean2": 0.0411624014378, "dmean": 0.0263585969806, "var": 0.00256655714475, "dvar": 0.00100545526948, "mean": 0.0835759788752}, "silence_rate_30dB": {"min": 1, "max": 1, "dvar2": 0, "median": 1, "dmean2": 0, "dmean": 0, "var": 0, "dvar": 0, "mean": 1}, "spectral_energyband_middle_high": {"min": 1.02742859883e-21, "max": 0.0776516124606, "dvar2": 3.45535117958e-05, "median": 0.00554979685694, "dmean2": 0.00340557331219, "dmean": 0.00225612591021, "var": 7.3950002843e-05, "dvar": 1.53784130816e-05, "mean": 0.00815613847226}, "barkbands_spread": {"min": 0.00306133227423, "max": 116.859230042, "dvar2": 61.9810333252, "median": 25.6855831146, "dmean2": 8.02263069153, "dmean": 4.92941236496, "var": 82.515586853, "dvar": 23.8883342743, "mean": 25.8555259705}, "spectral_centroid": {"min": 99.305229187, "max": 11848.8662109, "dvar2": 233815.125, "median": 1751.82421875, "dmean2": 352.119567871, "dmean": 222.999252319, "var": 1471981.75, "dvar": 120390.609375, "mean": 1863.16357422}, "pitch_salience": {"min": 0.000568681978621, "max": 0.996022582054, "dvar2": 0.0164783950895, "median": 0.592328846455, "dmean2": 0.132160604, "dmean": 0.0788732990623, "var": 0.0111705586314, "dvar": 0.00597362173721, "mean": 0.58348429203}, "erbbands_skewness": {"min": -3.91289615631, "max": 16.4092140198, "dvar2": 0.478335231543, "median": -0.276668310165, "dmean2": 0.47490477562, "dmean": 0.29899674654, "var": 0.388632595539, "dvar": 0.178416237235, "mean": -0.257418334484}, "erbbands_crest": {"min": 2.34816098213, "max": 35.7262115479, "dvar2": 14.6063833237, "median": 7.22930812836, "dmean2": 3.74602031708, "dmean": 2.3213429451, "var": 19.5692539215, "dvar": 6.03437852859, "mean": 8.56083965302}, "melbands": {"min": [8.93538803039e-25, 1.03341281483e-24, 1.38111085159e-24, 1.3208569654e-24, 1.06648255423e-24, 1.56643804266e-24, 1.45861170236e-24, 1.90450349613e-24, 1.68230603103e-24, 1.6261251323e-24, 5.406277762e-25, 2.15094758722e-24, 2.20504924582e-24, 2.42569226051e-24, 1.82590829806e-24, 2.63024507652e-24, 2.1178684801e-24, 2.0328148778e-24, 1.27995590797e-24, 3.21627761567e-24, 3.21226389138e-24, 3.76650592769e-24, 2.8141760824e-24, 3.80732947954e-24, 2.93055515402e-24, 3.7188520237e-24, 4.36723652322e-24, 4.25004571372e-24, 3.06207069148e-24, 4.8741194923e-24, 4.82299223374e-24, 4.56316314524e-24, 5.23375013494e-24, 4.6952330547e-24, 5.77172921204e-24, 5.73734789278e-24, 4.87872959543e-24, 5.03214608099e-24, 6.78037859837e-24, 6.05854207667e-24], "max": [0.0140646677464, 0.027681523934, 0.0132656563073, 0.012264710851, 0.00550391292199, 0.00684215407819, 0.00694610225037, 0.00988115184009, 0.00824776198715, 0.00951672438532, 0.00922704767436, 0.00774499308318, 0.00485842162743, 0.0067244162783, 0.0064380094409, 0.00531737273559, 0.00762257585302, 0.00409297877923, 0.00496396608651, 0.00155210308731, 0.00199862127192, 0.00204996112734, 0.000740882474929, 0.00103350402787, 0.00200099381618, 0.000935485761147, 0.000536222360097, 0.000339750375133, 0.000198236200958, 0.000113305308332, 5.33447309863e-05, 4.46833728347e-05, 5.45912516827e-05, 3.72623580915e-05, 1.65017336258e-05, 2.63311558228e-05, 1.30141715999e-05, 1.70700950548e-05, 9.99974145088e-06, 8.29911732581e-06], "dvar2": [4.14529222326e-06, 2.60887936747e-05, 2.53188659372e-06, 1.6495298496e-06, 9.92826372226e-08, 1.51071475329e-07, 8.04818682809e-08, 1.07876537925e-07, 5.74648773011e-08, 1.85104298112e-07, 3.39271622352e-07, 6.33081143064e-08, 3.17746042811e-08, 6.01666911848e-08, 5.36221342884e-08, 7.01755382693e-08, 1.69746343204e-07, 3.62125724962e-08, 2.43855104998e-08, 7.25863369411e-09, 6.2346541263e-09, 6.31276542151e-09, 2.31497820913e-09, 1.59448021453e-09, 3.0631892578e-09, 1.0932528216e-09, 4.55366133689e-10, 1.27746285772e-10, 6.5776599445e-11, 2.27461799396e-11, 1.18206798516e-11, 7.61315663289e-12, 5.91326076646e-12, 4.03034246602e-12, 1.89262559618e-12, 2.23762718424e-12, 9.34066300869e-13, 7.41073543677e-13, 6.83486850016e-13, 5.2128402506e-13], "median": [0.000150177249452, 0.000460687617306, 0.000381045974791, 0.000195892062038, 8.47752962727e-05, 7.50662002247e-05, 6.99610027368e-05, 6.71863235766e-05, 6.20634164079e-05, 0.00010397969163, 8.57520935824e-05, 2.48888718488e-05, 2.41697998717e-05, 2.8624846891e-05, 2.40014196606e-05, 3.42990206263e-05, 4.0529135731e-05, 2.97494698316e-05, 2.98539125652e-05, 3.77457763534e-05, 4.11269138567e-05, 3.13833515975e-05, 2.4426739401e-05, 1.52639095177e-05, 1.08598451334e-05, 6.94318441674e-06, 5.30178112967e-06, 3.06460492538e-06, 2.1021548946e-06, 1.6142981849e-06, 1.16710793918e-06, 8.98103735381e-07, 6.61925014356e-07, 4.37830465216e-07, 3.03698811877e-07, 2.13215429312e-07, 1.76540766006e-07, 1.44285991155e-07, 1.27538527295e-07, 9.65200257497e-08], "dmean2": [0.00116029009223, 0.0028364637401, 0.000931904243771, 0.000503745512106, 0.000155165907927, 0.000164046999998, 0.000125855905935, 0.000127117935335, 8.97895879461e-05, 0.000178742513526, 0.000221266120207, 7.49022583477e-05, 5.50839868083e-05, 7.21108008293e-05, 6.26332257525e-05, 9.85444639809e-05, 0.000123137710034, 6.31682632957e-05, 5.95055862505e-05, 4.82456489408e-05, 4.53613320133e-05, 3.86234314647e-05, 2.90746993414e-05, 1.78460468305e-05, 1.73858443304e-05, 1.1342792277e-05, 9.55010364123e-06, 4.85787040816e-06, 3.58196007255e-06, 2.52656150224e-06, 1.81503094154e-06, 1.54035285505e-06, 1.31333410991e-06, 1.02889305253e-06, 6.82789732309e-07, 5.93413176375e-07, 5.00531598391e-07, 4.00649639687e-07, 3.74815414261e-07, 3.05759300545e-07], "dmean": [0.000660265504848, 0.00154538999777, 0.000569531752262, 0.000307768728817, 9.35770658543e-05, 0.000106408020656, 8.05278905318e-05, 7.96372041805e-05, 5.92489013798e-05, 0.000122268174891, 0.000144695179188, 5.26372605236e-05, 3.61259262718e-05, 4.72830361105e-05, 4.07548941439e-05, 6.28236157354e-05, 7.62807176216e-05, 4.12590088672e-05, 3.85664352507e-05, 3.02691223624e-05, 2.77643775917e-05, 2.36839296122e-05, 1.76963931153e-05, 1.1027628716e-05, 1.08785570774e-05, 7.15079931979e-06, 5.97912776357e-06, 3.08085031975e-06, 2.28364842769e-06, 1.55816394454e-06, 1.12357668058e-06, 9.29134728267e-07, 8.00028260528e-07, 6.11905932146e-07, 4.13126059584e-07, 3.60143161515e-07, 3.05318707206e-07, 2.50685985748e-07, 2.41104345378e-07, 1.94891811134e-07], "var": [1.32844058953e-06, 6.34072830508e-06, 1.45726801293e-06, 7.29669409338e-07, 5.63600792702e-08, 1.44217125353e-07, 1.14885473579e-07, 7.45945811786e-08, 4.68038479084e-08, 2.09681843444e-07, 4.06722506341e-07, 1.52765423422e-07, 3.10914565205e-08, 4.89568208195e-08, 3.11121084451e-08, 5.45255538498e-08, 1.40768193546e-07, 3.14249888334e-08, 2.30659811251e-08, 7.41636840829e-09, 5.83236881013e-09, 5.50450485193e-09, 2.00674521444e-09, 1.23113719219e-09, 2.28496288557e-09, 9.65302282552e-10, 7.21611270738e-10, 1.83601522874e-10, 7.2616204716e-11, 2.01342189449e-11, 9.24000806424e-12, 6.816091528e-12, 5.686934864e-12, 3.10225738327e-12, 1.41046408494e-12, 1.48095348918e-12, 8.99580160797e-13, 7.66380123425e-13, 6.10114335355e-13, 4.25536125434e-13], "dvar": [1.56849887389e-06, 9.45668216445e-06, 1.10470068648e-06, 6.57809096083e-07, 3.80488671681e-08, 7.23862285668e-08, 3.76400599578e-08, 4.50451800305e-08, 2.476677885e-08, 8.48202645898e-08, 1.41092343142e-07, 3.56028380111e-08, 1.56941553087e-08, 2.66579238684e-08, 2.12565289814e-08, 3.00856655144e-08, 6.16523792019e-08, 1.66335603069e-08, 1.17314673531e-08, 3.29154858925e-09, 2.47288545197e-09, 2.47910958429e-09, 9.09314623598e-10, 6.26380503022e-10, 1.29657984349e-09, 4.74096983893e-10, 2.05325687008e-10, 6.02078942258e-11, 3.06429152885e-11, 9.51179413011e-12, 4.68001332132e-12, 3.05670809844e-12, 2.50474944605e-12, 1.5781010396e-12, 7.48832799154e-13, 8.54196162588e-13, 3.69857275232e-13, 3.07352965778e-13, 2.83669409577e-13, 2.18135256494e-13], "mean": [0.000588630558923, 0.00128384050913, 0.000755146320444, 0.000429510721005, 0.000150806110469, 0.000181939962204, 0.000160923053045, 0.000138851813972, 0.00011875731434, 0.000232332298765, 0.000278693682048, 0.00010253131768, 5.99197264819e-05, 7.87395547377e-05, 6.78026699461e-05, 0.000101910583908, 0.000135251306347, 7.1497852332e-05, 6.75605770084e-05, 6.07321089774e-05, 5.98526603426e-05, 5.15501269547e-05, 3.71196656488e-05, 2.40749650402e-05, 2.14588380913e-05, 1.43978550113e-05, 1.28025321828e-05, 6.48913464829e-06, 4.5435795073e-06, 3.06585047838e-06, 2.22138760364e-06, 1.8111531972e-06, 1.46341824347e-06, 1.10382757157e-06, 7.65501567912e-07, 6.68738039167e-07, 5.80397795602e-07, 5.00313035445e-07, 4.6355009431e-07, 3.63221602129e-07]}, "spectral_entropy": {"min": 4.55707550049, "max": 9.8249540329, "dvar2": 0.0387792363763, "median": 7.67950391769, "dmean2": 0.166691973805, "dmean": 0.103509165347, "var": 0.170910134912, "dvar": 0.0165169537067, "mean": 7.68665075302}, "spectral_rolloff": {"min": 21.533203125, "max": 19595.2148438, "dvar2": 1101894, "median": 2067.1875, "dmean2": 741.283203125, "dmean": 442.486724854, "var": 4834546.5, "dvar": 521069.84375, "mean": 2196.04492188}, "barkbands": {"min": [4.62540210129e-25, 1.50407484101e-24, 2.22852194997e-25, 6.50518121753e-25, 5.42967241822e-24, 4.4320169919e-24, 8.68533174521e-24, 6.59029546351e-24, 1.1634609724e-23, 9.28255309301e-24, 1.59374278657e-23, 2.46578355222e-23, 2.79831303623e-23, 2.48596513853e-23, 1.52133261299e-23, 4.24555378196e-23, 7.62393296565e-23, 7.57887259965e-23, 1.09594135778e-22, 1.47920217106e-22, 2.37418758722e-22, 3.13056357902e-22, 4.14972794479e-22, 5.30709114861e-22, 8.45742799954e-22, 1.18439652041e-21, 1.92791728538e-21], "max": [0.0178184136748, 0.064896017313, 0.0587408691645, 0.0272164195776, 0.0476747378707, 0.0293220803142, 0.0310244802386, 0.046302754432, 0.0486124679446, 0.0518589653075, 0.0313172638416, 0.0496586002409, 0.0448723360896, 0.0702386572957, 0.04420235008, 0.0308804400265, 0.0307772904634, 0.0199031997472, 0.030635042116, 0.0112285204232, 0.00361648737453, 0.00222648750059, 0.00107061432209, 0.00123027979862, 0.000746536417864, 0.00100067688618, 0.000391535344534], "dvar2": [1.31742623921e-07, 0.000106515297375, 8.27296971693e-05, 7.90001467976e-06, 2.52791305684e-05, 3.48636558556e-06, 2.18029799726e-06, 1.97675922209e-06, 7.14768066246e-06, 1.13315927592e-05, 1.63990023339e-06, 4.50644029115e-06, 5.7552506405e-06, 1.40611318784e-05, 4.25364669354e-06, 1.34450897349e-06, 1.47278854001e-06, 6.09986386735e-07, 9.90931425804e-07, 1.59756282869e-07, 3.57385800953e-08, 1.37601077199e-08, 7.56492735121e-09, 4.45449588327e-09, 2.84842238685e-09, 1.66157487769e-09, 2.91280888298e-10], "median": [5.38960102858e-06, 0.000774909625761, 0.000905863067601, 0.000624156033155, 0.000854811863974, 0.000384636747185, 0.000290073105134, 0.000384859420592, 0.000626421300694, 0.000404851249186, 0.000160839495948, 0.000225528667215, 0.000303016830003, 0.000421266566264, 0.000383656646591, 0.00060368940467, 0.000541580317076, 0.000373770541046, 0.000222232454689, 0.000124697602587, 7.0854977821e-05, 4.16724287788e-05, 1.92785555555e-05, 1.39414341902e-05, 7.43989630791e-06, 7.37008235774e-07, 2.12620960838e-08], "dmean2": [3.89178385376e-05, 0.00578727992252, 0.00508447457105, 0.00158114195801, 0.00201378529891, 0.000815423962194, 0.000619793194346, 0.000547789561097, 0.00112902792171, 0.00122509268112, 0.000406290841056, 0.000643474573735, 0.00083272496704, 0.00116640212946, 0.000770656683017, 0.00068326946348, 0.000642452330794, 0.000411588145653, 0.000333157426212, 0.000185773722478, 9.75317670964e-05, 6.51305381325e-05, 4.18653035013e-05, 3.33141360898e-05, 2.15764066525e-05, 5.89313094679e-06, 1.61653940722e-06], "dmean": [2.51685341937e-05, 0.00323037314229, 0.00276978546754, 0.000979506061412, 0.00122581003234, 0.00052454858087, 0.000387525506085, 0.000352254603058, 0.000766437791754, 0.000819757056888, 0.000269262614893, 0.000418404466473, 0.000525127048604, 0.00072293006815, 0.000495304411743, 0.000419547635829, 0.000393522583181, 0.000253031117609, 0.000212650775211, 0.000115827489935, 6.11729483353e-05, 4.00337485189e-05, 2.53980651905e-05, 2.13183357118e-05, 1.42335047713e-05, 3.54790108759e-06, 8.72565692589e-07], "var": [8.56053503639e-08, 2.99824096146e-05, 1.96364289877e-05, 5.46649107491e-06, 1.10690534711e-05, 2.94121332445e-06, 2.4984456104e-06, 1.38331472499e-06, 8.12986490928e-06, 1.5082151549e-05, 1.9405877083e-06, 3.78778895538e-06, 3.91082721762e-06, 1.22794708659e-05, 3.34204969477e-06, 1.21254981877e-06, 1.370169457e-06, 5.13062957452e-07, 7.70581436882e-07, 2.61325652673e-07, 3.79979958609e-08, 1.47764955827e-08, 5.71340086353e-09, 5.93394311466e-09, 2.45456921455e-09, 3.80491221863e-10, 5.29768000301e-11], "dvar": [5.8037439743e-08, 3.95440365537e-05, 2.95650261251e-05, 3.61932802662e-06, 1.00744318843e-05, 1.59262845045e-06, 9.76487285698e-07, 8.44388694077e-07, 3.39833650287e-06, 5.2154309742e-06, 8.6724077164e-07, 1.91057984011e-06, 2.36200071413e-06, 5.19878312844e-06, 1.88242984223e-06, 5.72333078708e-07, 5.90129673128e-07, 2.42361920755e-07, 4.1501442638e-07, 6.78371492313e-08, 1.58753294954e-08, 5.83515724628e-09, 2.96816460299e-09, 1.89180915378e-09, 1.24338128682e-09, 5.80002934569e-10, 9.89951176589e-11], "mean": [4.06961116823e-05, 0.00272251921706, 0.00232689641416, 0.00135275255889, 0.00175447692163, 0.000880496925674, 0.000677031115629, 0.000674832495861, 0.00142158183735, 0.00153053388931, 0.000436985428678, 0.000701464363374, 0.00084792933194, 0.00129361369181, 0.000857164501213, 0.000878627586644, 0.000873631273862, 0.000560345768463, 0.000437098409748, 0.000262370012933, 0.000133164838189, 8.31132056192e-05, 4.93484185426e-05, 4.6853281674e-05, 2.75246293313e-05, 4.46214971817e-06, 5.97886128162e-07]}, "melbands_flatness_db": {"min": -2.93373716431e-07, "max": 1, "dvar2": 0.0028845036868, "median": 0.158532217145, "dmean2": 0.0455161593854, "dmean": 0.0271081868559, "var": 0.0035873115994, "dvar": 0.00111846067011, "mean": 0.163953706622}, "melbands_skewness": {"min": -2.18149614334, "max": 1621.77905273, "dvar2": 1398.34533691, "median": 1.27841031551, "dmean2": 2.01265239716, "dmean": 1.15773880482, "var": 273.702728271, "dvar": 485.364624023, "mean": 1.81621432304}, "barkbands_skewness": {"min": -3.45957350731, "max": 53.5052757263, "dvar2": 3.06754088402, "median": 0.447972178459, "dmean2": 0.865309178829, "dmean": 0.536913096905, "var": 1.76809680462, "dvar": 1.19194817543, "mean": 0.58874386549}, "silence_rate_60dB": {"min": 0, "max": 1, "dvar2": 0.0190375894308, "median": 0, "dmean2": 0.0155409444124, "dmean": 0.00776989152655, "var": 0.0812230035663, "dvar": 0.00771015975624, "mean": 0.0891976729035}, "spectral_energyband_low": {"min": 1.10375461483e-23, "max": 0.100893504918, "dvar2": 0.000328958354658, "median": 0.00245338771492, "dmean2": 0.0104328440502, "dmean": 0.00586789194494, "var": 9.30556416279e-05, "dvar": 0.000122229437693, "mean": 0.0056705866009}, "spectral_energyband_middle_low": {"min": 1.79801519408e-22, "max": 0.0737010985613, "dvar2": 7.81291164458e-05, "median": 0.00540920160711, "dmean2": 0.00487435376272, "dmean": 0.00315460609272, "var": 6.25688771834e-05, "dvar": 3.32939998771e-05, "mean": 0.00764009961858}, "melbands_kurtosis": {"min": -1.80383968353, "max": 6673611, "dvar2": 21174925312, "median": 1.23746943474, "dmean2": 2614.48364258, "dmean": 1336.44641113, "var": 3599618560, "dvar": 7093447168, "mean": 699.098632813}, "spectral_decrease": {"min": -3.28879643519e-08, "max": 2.56745666118e-20, "dvar2": 2.81326905656e-17, "median": -3.84310183676e-09, "dmean2": 3.60979668379e-09, "dmean": 2.22219020962e-09, "var": 1.8521086767e-17, "dvar": 1.13307340928e-17, "mean": -5.0323003542e-09}, "erbbands_kurtosis": {"min": -1.85072946548, "max": 311.714202881, "dvar2": 113.12928772, "median": -0.163124978542, "dmean2": 1.39415383339, "dmean": 0.843176186085, "var": 24.7130355835, "dvar": 38.9412498474, "mean": 0.328367203474}, "melbands_crest": {"min": 1.00226175785, "max": 39.9996948242, "dvar2": 37.1848983765, "median": 11.1208114624, "dmean2": 6.64843559265, "dmean": 3.93019175529, "var": 23.0114345551, "dvar": 13.7772111893, "mean": 11.8696784973}, "melbands_spread": {"min": 3.84639424738e-05, "max": 157.986724854, "dvar2": 196.826889038, "median": 34.6192855835, "dmean2": 14.2943372726, "dmean": 8.8476524353, "var": 346.050842285, "dvar": 80.8760147095, "mean": 36.2514457703}, "spectral_energy": {"min": 9.73892645637e-21, "max": 0.127942144871, "dvar2": 0.000414124486269, "median": 0.0161615721881, "dmean2": 0.0140684461221, "dmean": 0.00871040206403, "var": 0.000302663916955, "dvar": 0.000167925769347, "mean": 0.0208761002868}, "mfcc": {"mean": [-649.018737793, 122.642288208, -32.1005516052, 24.5912418365, 9.07553100586, 1.49787890911, -1.43063259125, 4.38257598877, 4.54383134842, 4.25824928284, 1.65227723122, -1.1718916893, -4.7064743042], "icov": [[0.000129410051159, -2.60344804701e-05, 6.5477557655e-05, -1.79930193553e-05, -0.00017954732175, -0.000273170880973, 0.00025923238718, -0.00014666194329, 9.01418388821e-05, 6.9010668085e-05, -3.94872695324e-05, 0.000196738401428, 0.000194769905647], [-2.60344804701e-05, 0.00125967164058, 0.000545115151908, -0.000785562384408, -8.14899321995e-05, 0.000203945848625, -0.000484241114464, 0.00019288015028, -0.000690326676704, 0.000810977711808, -0.000418867362896, 0.000573738012463, -0.000496753258631], [6.5477557655e-05, 0.000545115151908, 0.00173468608409, 2.02755381906e-05, -0.00115929730237, -0.00151017936878, -0.000117777461128, 0.000349126872607, -0.000506184471305, 0.00185549003072, -3.26903682435e-05, 7.24293495296e-05, -0.000176221117727], [-1.79930193553e-05, -0.000785562384408, 2.02755381906e-05, 0.00824009999633, -0.00218066317029, 5.36001025466e-05, 0.000308839225909, 0.000153854023665, 0.000732293876354, -0.0027707926929, 0.00200579408556, -0.00313650211319, 0.000197219342226], [-0.00017954732175, -8.14899321995e-05, -0.00115929730237, -0.00218066317029, 0.00978501141071, -0.000258694693912, 0.000194253370864, -0.00162123737391, -0.00246646348387, 0.00191168952733, -0.00458927033469, 0.00128817337099, 3.07932095893e-05], [-0.000273170880973, 0.000203945848625, -0.00151017936878, 5.36001025466e-05, -0.000258694693912, 0.0112433852628, -0.00597228948027, 0.000381087127607, 0.000354067306034, -0.00263155810535, 0.00213922839612, -0.00119748909492, 0.000254020938883], [0.00025923238718, -0.000484241114464, -0.000117777461128, 0.000308839225909, 0.000194253370864, -0.00597228948027, 0.0127358231694, -0.00313174445182, 0.00238108867779, -0.000748742721044, -0.00101219431963, 0.00115356920287, -0.00183077529073], [-0.00014666194329, 0.00019288015028, 0.000349126872607, 0.000153854023665, -0.00162123737391, 0.000381087127607, -0.00313174445182, 0.0142549816519, -0.00703440885991, 0.00180455902591, -0.00167651358061, 0.000903859385289, -0.000398232921725], [9.01418388821e-05, -0.000690326676704, -0.000506184471305, 0.000732293876354, -0.00246646348387, 0.000354067306034, 0.00238108867779, -0.00703440885991, 0.0183417703956, -0.0097822425887, 0.00527816778049, -0.00194623798598, 0.00196213880554], [6.9010668085e-05, 0.000810977711808, 0.00185549003072, -0.0027707926929, 0.00191168952733, -0.00263155810535, -0.000748742721044, 0.00180455902591, -0.0097822425887, 0.0216879788786, -0.00887016020715, 0.00174205855001, 0.00109565642197], [-3.94872695324e-05, -0.000418867362896, -3.26903682435e-05, 0.00200579408556, -0.00458927033469, 0.00213922839612, -0.00101219431963, -0.00167651358061, 0.00527816778049, -0.00887016020715, 0.0214436482638, -0.00865670200437, 0.00171837827656], [0.000196738401428, 0.000573738012463, 7.24293495296e-05, -0.00313650211319, 0.00128817337099, -0.00119748909492, 0.00115356920287, 0.000903859385289, -0.00194623798598, 0.00174205855001, -0.00865670200437, 0.0221834424883, -0.0100904423743], [0.000194769905647, -0.000496753258631, -0.000176221117727, 0.000197219342226, 3.07932095893e-05, 0.000254020938883, -0.00183077529073, -0.000398232921725, 0.00196213880554, 0.00109565642197, 0.00171837827656, -0.0100904423743, 0.0211460050195]], "cov": [[9296.15332031, 282.287445068, -241.649658203, 47.0498466492, 211.394699097, 111.931640625, -122.87853241, 121.470619202, 54.128036499, 11.4003982544, -5.62129259109, -165.246429443, -175.457550049], [282.287445068, 1074.42736816, -426.644256592, 101.743209839, 0.699945926666, -73.1976623535, -3.7424800396, 16.8612155914, 36.4545593262, 21.0397338867, 16.218832016, -6.52764415741, 10.1017589569], [-241.649658203, -426.644256592, 1026.85900879, -37.3033638, 107.851112366, 168.596832275, 76.0067367554, -0.280879378319, -22.8803119659, -82.571395874, -20.6945419312, 7.69923257828, 17.2583656311], [47.0498466492, 101.743209839, -37.3033638, 152.988754272, 33.2292556763, -1.82480502129, -2.62163424492, 5.91269731522, 14.894194603, 23.7236194611, 10.4111795425, 23.6801013947, 7.91930389404], [211.394699097, 0.699945926666, 107.851112366, 33.2292556763, 150.72819519, 21.8368492126, 8.53516101837, 33.5275764465, 27.6549053192, 4.85913896561, 27.82188797, 4.41258764267, -3.42638659477], [111.931640625, -73.1976623535, 168.596832275, -1.82480502129, 21.8368492126, 156.324920654, 72.5817184448, 10.7640666962, -0.902225613594, 3.4352543354, -4.98363304138, 3.03323340416, 5.0066280365], [-122.87853241, -3.7424800396, 76.0067367554, -2.62163424492, 8.53516101837, 72.5817184448, 124.074264526, 20.031332016, -7.48779630661, 2.14844346046, 5.48100566864, 4.50547552109, 14.2247228622], [121.470619202, 16.8612155914, -0.280879378319, 5.91269731522, 33.5275764465, 10.7640666962, 20.031332016, 100.882034302, 45.8882141113, 15.3223819733, 9.19910335541, -2.81340646744, -4.46614027023], [54.128036499, 36.4545593262, -22.8803119659, 14.894194603, 27.6549053192, -0.902225613594, -7.48779630661, 45.8882141113, 99.832359314, 42.2162857056, 1.76489424706, -1.81519901752, -12.245721817], [11.4003982544, 21.0397338867, -82.571395874, 23.7236194611, 4.85913896561, 3.4352543354, 2.14844346046, 15.3223819733, 42.2162857056, 84.4772033691, 27.9528694153, 6.73742246628, -7.44479990005], [-5.62129259109, 16.218832016, -20.6945419312, 10.4111795425, 27.82188797, -4.98363304138, 5.48100566864, 9.19910335541, 1.76489424706, 27.9528694153, 75.7855834961, 29.3791484833, 7.07884073257], [-165.246429443, -6.52764415741, 7.69923257828, 23.6801013947, 4.41258764267, 3.03323340416, 4.50547552109, -2.81340646744, -1.81519901752, 6.73742246628, 29.3791484833, 76.7830886841, 35.5774688721], [-175.457550049, 10.1017589569, 17.2583656311, 7.91930389404, -3.42638659477, 5.0066280365, 14.2247228622, -4.46614027023, -12.245721817, -7.44479990005, 7.07884073257, 35.5774688721, 68.2295227051]]}, "spectral_contrast_valleys": {"min": [-28.4860992432, -28.1411647797, -28.1642551422, -27.7380943298, -27.5829563141, -27.4167842865], "max": [-5.42671108246, -5.1032128334, -5.47147750854, -5.21122121811, -5.68312883377, -8.18985939026], "dvar2": [0.544657349586, 0.395852029324, 0.346373260021, 0.305772870779, 0.280508965254, 0.439605623484], "median": [-7.34832763672, -6.71493911743, -7.04583930969, -7.01371765137, -7.09593009949, -10.3567085266], "dmean2": [0.76303756237, 0.552584588528, 0.47564598918, 0.371310174465, 0.300867319107, 0.404737263918], "dmean": [0.489475160837, 0.34036052227, 0.296537846327, 0.230908244848, 0.192267462611, 0.271011710167], "var": [6.58934593201, 6.71177434921, 6.55363178253, 6.71418523788, 6.636531353, 5.41704940796], "dvar": [0.315961807966, 0.251644283533, 0.226761072874, 0.207336544991, 0.200627416372, 0.259618341923], "mean": [-7.74221038818, -7.11138677597, -7.47897529602, -7.47541618347, -7.55033636093, -10.748087883]}, "barkbands_flatness_db": {"min": 0.0103004062548, "max": 1, "dvar2": 0.00186497648247, "median": 0.117760136724, "dmean2": 0.0335238352418, "dmean": 0.0199565719813, "var": 0.00235398230143, "dvar": 0.00074322684668, "mean": 0.122858650982}, "dynamic_complexity": 3.55699944496, "spectral_skewness": {"min": -0.0928329229355, "max": 11.8759813309, "dvar2": 0.177008882165, "median": 1.39604568481, "dmean2": 0.38666036725, "dmean": 0.225045368075, "var": 0.434663444757, "dvar": 0.0613003224134, "mean": 1.43770539761}, "erbbands_flatness_db": {"min": 0.0249052699655, "max": 0.437211185694, "dvar2": 0.00073060428258, "median": 0.182022094727, "dmean2": 0.0255107861012, "dmean": 0.0172139648348, "var": 0.00309887016192, "dvar": 0.000349077366991, "mean": 0.184049889445}, "hfc": {"min": 1.0708188534e-16, "max": 136.932006836, "dvar2": 101