{"lowlevel": {"spectral_complexity": {"min": 0, "max": 34, "dvar2": 5.65056562424, "median": 12, "dmean2": 2.54898571968, "dmean": 1.55277836323, "var": 22.874130249, "dvar": 2.42430663109, "mean": 11.9083919525}, "silence_rate_20dB": {"min": 1, "max": 1, "dvar2": 0, "median": 1, "dmean2": 0, "dmean": 0, "var": 0, "dvar": 0, "mean": 1}, "average_loudness": 0.575451314449, "erbbands_spread": {"min": 0.424952715635, "max": 115.527175903, "dvar2": 82.1606063843, "median": 13.6478891373, "dmean2": 5.72665643692, "dmean": 3.94303202629, "var": 260.216583252, "dvar": 39.7773590088, "mean": 18.3791294098}, "spectral_kurtosis": {"min": -1.20469629765, "max": 71.3813171387, "dvar2": 31.2616634369, "median": 6.26941108704, "dmean2": 4.84284210205, "dmean": 2.78916859627, "var": 55.377696991, "dvar": 10.496424675, "mean": 8.45589542389}, "barkbands_kurtosis": {"min": -1.819693923, "max": 353.867218018, "dvar2": 117.983406067, "median": 3.73119902611, "dmean2": 4.18324279785, "dmean": 2.72853040695, "var": 190.761352539, "dvar": 50.8153495789, "mean": 6.96396923065}, "spectral_strongpeak": {"min": 0, "max": 18.9748840332, "dvar2": 5.4812669754, "median": 1.228733778, "dmean2": 1.23467803001, "dmean": 0.761773824692, "var": 14.1324644089, "dvar": 2.48448348045, "mean": 3.34924769402}, "spectral_spread": {"min": 1281753.625, "max": 40262640, "dvar2": 403814383616, "median": 3556231.25, "dmean2": 510254.6875, "dmean": 335835.03125, "var": 1005461307390.0, "dvar": 235504500736, "mean": 3631216.75}, "spectral_rms": {"min": 3.2083296523e-12, "max": 0.0165127459913, "dvar2": 1.27921100557e-06, "median": 0.00552339246497, "dmean2": 0.000664351915475, "dmean": 0.000456267414847, "var": 6.01668853051e-06, "dvar": 5.92478215822e-07, "mean": 0.00528160249814}, "erbbands": {"min": [1.34290518199e-22, 4.26046240741e-21, 3.12299519953e-20, 5.63379273525e-20, 6.64864318045e-20, 1.21660509573e-19, 1.09764631313e-19, 3.93854164602e-19, 6.33355599721e-19, 9.16594080481e-19, 1.50868231153e-18, 1.09762627985e-18, 2.03832874608e-18, 2.17716563522e-18, 2.18868867475e-18, 3.02059393616e-18, 3.59556180328e-18, 7.05714102683e-18, 4.369360315e-18, 6.51257949186e-18, 4.38416023052e-18, 6.28933378429e-18, 8.55817853514e-18, 1.01508577291e-17, 1.49178946362e-17, 1.45305888211e-17, 1.68055538813e-17, 1.62033994826e-17, 1.68029929301e-17, 1.98134721017e-17, 2.10006135927e-17, 1.76033662734e-17, 1.50773800214e-17, 1.28646247335e-17, 7.63153441701e-18, 6.76868701721e-18, 3.59659040237e-18, 1.49647705479e-18, 3.58401281096e-19, 3.7998829109e-20], "max": [6.43879795074, 58.0232620239, 90.5296783447, 107.792068481, 138.245849609, 63.0651664734, 75.0618667603, 81.4733200073, 173.391403198, 226.126037598, 507.027313232, 719.186889648, 682.86505127, 1679.04833984, 2753.4777832, 4158.12353516, 5201.02587891, 4575.29638672, 812.293457031, 317.472442627, 312.842071533, 146.99571228, 63.0909194946, 93.2565307617, 257.676177979, 140.338729858, 83.1433258057, 168.051132202, 81.4616165161, 193.074493408, 145.002044678, 49.1852340698, 32.1296386719, 15.7127437592, 5.82657003403, 3.78272032738, 2.15930533409, 0.757600784302, 0.0278288349509, 0.000621213868726], "dvar2": [0.232426896691, 13.5407819748, 38.3450012207, 75.0227432251, 60.4876213074, 10.8433828354, 9.27441978455, 8.61694145203, 103.569610596, 34.7226791382, 327.222106934, 271.97567749, 1054.29553223, 11220.3056641, 28344.0410156, 51590.7109375, 24108.7363281, 22939.6445313, 858.158325195, 276.451385498, 312.740631104, 37.852596283, 9.67085933685, 31.7383899689, 200.5753479, 89.2876663208, 51.1954917908, 90.879737854, 60.6263656616, 117.774467468, 74.1407165527, 10.9792118073, 3.22844004631, 1.08966565132, 0.129213690758, 0.0505252666771, 0.0179666709155, 0.00222384021617, 3.20799108522e-06, 1.96936889019e-09], "median": [0.00210466003045, 0.107432216406, 1.34736287594, 3.31777429581, 2.15497994423, 1.77003884315, 3.6996076107, 2.69728541374, 6.38890028, 3.59688234329, 10.001455307, 7.41224193573, 6.50098323822, 12.5569448471, 11.099240303, 16.951335907, 6.66288280487, 4.24380207062, 6.08990764618, 3.74597787857, 3.50938296318, 2.19593405724, 1.67376863956, 2.30048537254, 3.08174777031, 4.10507440567, 2.4787671566, 1.05603861809, 0.874524593353, 0.689327001572, 0.438274025917, 0.219239875674, 0.0702008903027, 0.0284883286804, 0.0156076084822, 0.007721030619, 0.00472197961062, 0.0025025960058, 0.000125062870211, 3.9339538489e-05], "dmean2": [0.0753386318684, 0.810234963894, 2.28338170052, 3.838129282, 3.41635727882, 1.75470411777, 1.98823952675, 1.62509274483, 5.57080936432, 2.81695222855, 9.91259288788, 7.88738822937, 14.5181007385, 46.1059799194, 51.3284797668, 86.189666748, 45.3328475952, 29.8045501709, 12.2737283707, 7.54723405838, 7.59386920929, 2.83202290535, 1.8739964962, 2.76766347885, 6.1699552536, 4.93112421036, 3.34829425812, 2.35828757286, 2.13168811798, 2.26916193962, 1.72135341167, 0.715435385704, 0.32313811779, 0.153202623129, 0.0545523427427, 0.03008322604, 0.0159456431866, 0.00580093124881, 0.000266455666861, 1.39165540531e-05], "dmean": [0.0443901158869, 0.489630281925, 1.42667090893, 2.36472201347, 2.11328339577, 1.10844910145, 1.45144307613, 1.19833123684, 3.71694970131, 2.22789764404, 8.50828266144, 6.26216173172, 10.3611516953, 32.9233131409, 34.8684425354, 64.2981185913, 33.8333930969, 22.062253952, 8.41910743713, 4.90012836456, 4.66902494431, 1.7741587162, 1.14788687229, 1.73989117146, 3.82248306274, 2.94318008423, 2.08320856094, 1.45447492599, 1.32859015465, 1.39838838577, 1.04714608192, 0.441813319921, 0.204025194049, 0.0964372307062, 0.0347644016147, 0.0191842652857, 0.0100147733465, 0.00355191179551, 0.00016016747395, 9.27293694986e-06], "var": [0.0854464024305, 8.48276424408, 59.8320083618, 183.98550415, 51.2290802002, 13.8334093094, 60.5468139648, 32.0036582947, 177.194061279, 176.283081055, 1933.89038086, 1791.23291016, 6133.56933594, 42365.4960938, 96508.484375, 337543.0625, 188724.375, 146899.625, 1396.67456055, 262.688903809, 221.342330933, 33.9892654419, 8.26656627655, 29.1876926422, 173.082244873, 64.7946777344, 44.9940834045, 32.1511383057, 23.8302173615, 38.6709289551, 23.6984462738, 3.85661435127, 1.12322151661, 0.369107753038, 0.0495751611888, 0.0196113064885, 0.00635225698352, 0.000700342352502, 9.82784058579e-07, 1.6909244005e-09], "dvar": [0.0828003659844, 5.00546836853, 14.8783330917, 26.976140976, 25.346862793, 4.47193241119, 5.00835514069, 4.57404947281, 38.1632041931, 27.7200145721, 262.998199463, 202.976593018, 608.31237793, 6657.79638672, 15939.9375, 32136.0566406, 15077.2763672, 12798.296875, 461.122619629, 127.66292572, 127.217658997, 15.5422410965, 3.65970635414, 12.2763023376, 76.4029922485, 30.60820961, 19.8433170319, 35.1209068298, 23.9480075836, 45.3586578369, 28.4906005859, 4.34074926376, 1.29124927521, 0.436939150095, 0.0539830327034, 0.0213958919048, 0.00737797422335, 0.00087778037414, 1.25791905248e-06, 8.16830436623e-10], "mean": [0.134731605649, 1.65096533298, 5.07582950592, 9.27459526062, 4.77378749847, 2.98656272888, 6.40027570724, 4.42011165619, 10.8126726151, 7.19572257996, 26.1913356781, 23.0353546143, 40.8274307251, 107.775245667, 128.682891846, 280.524261475, 145.284240723, 87.2886734009, 16.7990550995, 8.86516189575, 7.85363054276, 3.60673952103, 2.512819767, 3.80386400223, 7.76599693298, 6.35896873474, 4.57664775848, 2.27944922447, 2.0379242897, 1.78501057625, 1.30250787735, 0.581364810467, 0.241473287344, 0.10934010148, 0.0459067672491, 0.024421222508, 0.0128777874634, 0.00560768321157, 0.000230813209782, 4.46107660537e-05]}, "zerocrossingrate": {"min": 0.00634765625, "max": 0.505859375, "dvar2": 4.45637961093e-05, "median": 0.04052734375, "dmean2": 0.00450081611052, "dmean": 0.00357982167043, "var": 0.00025732832728, "dvar": 3.11525691359e-05, "mean": 0.0414410121739}, "spectral_contrast_coeffs": {"min": [-0.972120344639, -0.978339612484, -0.984567642212, -0.977746188641, -0.970825135708, -0.959225714207], "max": [-0.345820963383, -0.410700112581, -0.32524934411, -0.418090701103, -0.558009684086, -0.555343210697], "dvar2": [0.00311141135171, 0.00203768000938, 0.00272879865952, 0.00147174193989, 0.000913664640393, 0.000600684958044], "median": [-0.60883128643, -0.681355595589, -0.633257031441, -0.707114875317, -0.723642408848, -0.731490254402], "dmean2": [0.0662838369608, 0.0535663552582, 0.0568185374141, 0.0457461290061, 0.0370673425496, 0.0293312333524], "dmean": [0.0399468243122, 0.033555906266, 0.0358301065862, 0.0284122899175, 0.0229166280478, 0.0184576362371], "var": [0.00556019833311, 0.00555284880102, 0.0105995396152, 0.00519569916651, 0.00178642605897, 0.00219369959086], "dvar": [0.00114804238547, 0.00079322361853, 0.0012358649401, 0.000597348494921, 0.000371791073121, 0.000253321399214], "mean": [-0.604280591011, -0.676499068737, -0.623608350754, -0.695520043373, -0.724541544914, -0.733786344528]}, "dissonance": {"min": 0.0898365154862, "max": 0.499864190817, "dvar2": 0.00582536077127, "median": 0.422846376896, "dmean2": 0.0729445666075, "dmean": 0.0419113226235, "var": 0.00341530516744, "dvar": 0.00205855863169, "mean": 0.411996543407}, "spectral_energyband_high": {"min": 8.12156460001e-21, "max": 0.0132809896022, "dvar2": 9.01914688711e-07, "median": 0.000157371789101, "dmean2": 0.000242644950049, "dmean": 0.000153370710905, "var": 3.78240343935e-07, "dvar": 3.63282737226e-07, "mean": 0.00028515359736}, "gfcc": {"mean": [-42.6479415894, 108.127990723, -117.638442993, 12.7431764603, -53.2945709229, 8.72367572784, -15.2087469101, -6.2995095253, -29.031255722, -2.67792844772, -15.8701715469, -4.05382633209, -18.9072093964], "icov": [[0.000327501475113, -0.000294475059491, 0.000449121755082, -0.000413818663219, 0.000126565399114, -0.00102224864531, 0.000380713929189, -5.34339160367e-05, 5.54106918571e-05, -0.00036527190241, 0.000506832438987, -0.000410223990912, -2.91224769171e-05], [-0.000294475059491, 0.00617842795327, -0.00240630912594, 0.000884029606823, -0.00334990723059, 0.00468739401549, -0.00252474658191, 0.00104137870949, -0.00384318479337, 0.00308052334003, -0.00277190981433, 0.00287362327799, -0.00136458128691], [0.000449121755082, -0.00240630912594, 0.00421761348844, -0.00137851678301, -2.78601874015e-05, -0.00239086477086, 0.00214319396764, -0.00201788009144, 0.000212425511563, -2.62256671704e-05, 0.000952935020905, -0.00110012525693, 0.00140686915256], [-0.000413818663219, 0.000884029606823, -0.00137851678301, 0.00375822070055, -0.000438356044469, 9.81792891253e-06, -0.00033866186277, -2.49585973506e-05, -0.00162024772726, -0.000202950948733, -0.000834443490021, 0.000723988516256, -9.72475972958e-05], [0.000126565399114, -0.00334990723059, -2.78601874015e-05, -0.000438356044469, 0.00800521764904, -0.00446882098913, -0.000284443725832, 0.00194074306637, 0.00114725378808, -0.000787945755292, -0.000331079325406, 0.000551790813915, 0.000652500428259], [-0.00102224864531, 0.00468739401549, -0.00239086477086, 9.81792891253e-06, -0.00446882098913, 0.0101522700861, -0.00438323058188, 4.42304408352e-05, -0.00050389545504, 2.96599091598e-06, -0.00107947946526, 1.80366478162e-05, -8.89241855475e-05], [0.000380713929189, -0.00252474658191, 0.00214319396764, -0.00033866186277, -0.000284443725832, -0.00438323058188, 0.00950614921749, -0.0045900857076, 0.0007346898783, 0.00249551027082, -0.00192856788635, -0.00115854421165, 8.76068152138e-05], [-5.34339160367e-05, 0.00104137870949, -0.00201788009144, -2.49585973506e-05, 0.00194074306637, 4.42304408352e-05, -0.0045900857076, 0.0115558775142, -0.00511782616377, 0.000831241894048, 0.000458721886389, 0.0024684665259, -0.00326230726205], [5.54106918571e-05, -0.00384318479337, 0.000212425511563, -0.00162024772726, 0.00114725378808, -0.00050389545504, 0.0007346898783, -0.00511782616377, 0.0135552939028, -0.00869065150619, 0.00598312076181, -0.00247211195529, 0.00014477930381], [-0.00036527190241, 0.00308052334003, -2.62256671704e-05, -0.000202950948733, -0.000787945755292, 2.96599091598e-06, 0.00249551027082, 0.000831241894048, -0.00869065150619, 0.0184408072382, -0.0112111531198, 0.00832266453654, 0.000589602044784], [0.000506832438987, -0.00277190981433, 0.000952935020905, -0.000834443490021, -0.000331079325406, -0.00107947946526, -0.00192856788635, 0.000458721886389, 0.00598312076181, -0.0112111531198, 0.0181559212506, -0.0109388167039, 0.00695016048849], [-0.000410223990912, 0.00287362327799, -0.00110012525693, 0.000723988516256, 0.000551790813915, 1.80366478162e-05, -0.00115854421165, 0.0024684665259, -0.00247211195529, 0.00832266453654, -0.0109388167039, 0.0183165762573, -0.00874965265393], [-2.91224769171e-05, -0.00136458128691, 0.00140686915256, -9.72475972958e-05, 0.000652500428259, -8.89241855475e-05, 8.76068152138e-05, -0.00326230726205, 0.00014477930381, 0.000589602044784, 0.00695016048849, -0.00874965265393, 0.0153602464125]], "cov": [[8970.93652344, -773.885864258, -170.572097778, 1247.22961426, 416.140899658, 1506.49914551, 209.827270508, 121.655380249, 178.390975952, 342.117248535, 48.6899414063, 164.524246216, 44.3353652954], [-773.885864258, 622.115478516, 300.510437012, -20.5180950165, 101.493896484, -225.749008179, 46.3740882874, 98.0259475708, 174.935317993, -24.8621025085, -42.774143219, -97.934173584, 3.95652079582], [-170.572097778, 300.510437012, 575.807128906, 226.33656311, 119.531806946, 43.5395469666, 14.9169492722, 143.104446411, 179.877975464, 51.0507278442, -29.1075000763, -80.7928009033, -35.9564208984], [1247.22961426, -20.5180950165, 226.33656311, 602.953857422, 131.990936279, 275.262451172, 45.5319061279, 105.348937988, 168.912185669, 142.161407471, 19.813791275, -43.191822052, -38.8872261047], [416.140899658, 101.493896484, 119.531806946, 131.990936279, 298.725860596, 194.153320313, 72.9780654907, -24.8660964966, 10.3463115692, 56.2107162476, 75.2652435303, -14.8347883224, -62.3314743042], [1506.49914551, -225.749008179, 43.5395469666, 275.262451172, 194.153320313, 517.500549316, 139.738204956, 25.6763153076, -6.76127958298, 76.331237793, 76.0042495728, 58.1631774902, -24.1643810272], [209.827270508, 46.3740882874, 14.9169492722, 45.5319061279, 72.9780654907, 139.738204956, 236.042175293, 87.0137634277, 8.89430904388, -41.9983711243, 20.6680736542, 48.0982933044, 37.8574485779], [121.655380249, 98.0259475708, 143.104446411, 105.348937988, -24.8660964966, 25.6763153076, 87.0137634277, 240.071090698, 155.864242554, -2.21608233452, -83.4330444336, -29.8643951416, 67.5513076782], [178.390975952, 174.935317993, 179.877975464, 168.912185669, 10.3463115692, -6.76127958298, 8.89430904388, 155.864242554, 270.63684082, 88.489151001, -70.8918380737, -79.4348449707, 13.9283056259], [342.117248535, -24.8621025085, 51.0507278442, 142.161407471, 56.2107162476, 76.331237793, -41.9983711243, -2.21608233452, 88.489151001, 198.659759521, 77.4919891357, -70.8081588745, -91.3702850342], [48.6899414063, -42.774143219, -29.1075000763, 19.813791275, 75.2652435303, 76.0042495728, 20.6680736542, -83.4330444336, -70.8918380737, 77.4919891357, 189.7081604, 43.4317436218, -84.9163284302], [164.524246216, -97.934173584, -80.7928009033, -43.191822052, -14.8347883224, 58.1631774902, 48.0982933044, -29.8643951416, -79.4348449707, -70.8081588745, 43.4317436218, 157.046524048, 66.3610534668], [44.3353652954, 3.95652079582, -35.9564208984, -38.8872261047, -62.3314743042, -24.1643810272, 37.8574485779, 67.5513076782, 13.9283056259, -91.3702850342, -84.9163284302, 66.3610534668, 164.824661255]]}, "spectral_flux": {"min": 1.02716668504e-10, "max": 0.448670595884, "dvar2": 0.00238676695153, "median": 0.0359895415604, "dmean2": 0.0299355611205, "dmean": 0.0187438186258, "var": 0.00178269273601, "dvar": 0.00103787786793, "mean": 0.0458154045045}, "silence_rate_30dB": {"min": 0, "max": 1, "dvar2": 0.025512252003, "median": 1, "dmean2": 0.0211518127471, "dmean": 0.0105748893693, "var": 0.0114959748462, "dvar": 0.0104633653536, "mean": 0.988368749619}, "spectral_energyband_middle_high": {"min": 1.22271622774e-21, "max": 0.104671180248, "dvar2": 6.48152054055e-05, "median": 0.00795038416982, "dmean2": 0.00450930232182, "dmean": 0.00325270346366, "var": 0.000325803935993, "dvar": 3.48465800926e-05, "mean": 0.0157709885389}, "barkbands_spread": {"min": 0.193336740136, "max": 88.1062927246, "dvar2": 27.0253543854, "median": 10.5893096924, "dmean2": 3.14921569824, "dmean": 2.09383916855, "var": 60.8031044006, "dvar": 11.5282812119, "mean": 12.1006536484}, "spectral_centroid": {"min": 243.456344604, "max": 11222.4658203, "dvar2": 43781.9882813, "median": 993.939331055, "dmean2": 145.095901489, "dmean": 94.3404541016, "var": 119133.992188, "dvar": 21601.9472656, "mean": 1000.98925781}, "pitch_salience": {"min": 0.0496264174581, "max": 0.973136305809, "dvar2": 0.0069471038878, "median": 0.408198356628, "dmean2": 0.0664043948054, "dmean": 0.0419578887522, "var": 0.0154926329851, "dvar": 0.00287361862138, "mean": 0.402382701635}, "erbbands_skewness": {"min": -5.01151609421, "max": 7.21102762222, "dvar2": 0.67139840126, "median": 0.702267765999, "dmean2": 0.617390751839, "dmean": 0.405864298344, "var": 1.76227462292, "dvar": 0.277810037136, "mean": 0.757397770882}, "erbbands_crest": {"min": 2.76800560951, "max": 34.370475769, "dvar2": 16.8940811157, "median": 20.1259098053, "dmean2": 3.09376740456, "dmean": 2.08800578117, "var": 72.0664215088, "dvar": 7.99471473694, "mean": 19.8972930908}, "melbands": {"min": [2.60850998643e-24, 1.29217120215e-23, 1.03629052025e-23, 6.02409449309e-24, 4.48561654053e-24, 7.99686758968e-24, 9.8485205606e-24, 1.33487808052e-23, 1.11971421758e-23, 6.21756223567e-24, 1.02065024839e-23, 8.64021836776e-24, 9.09006866555e-24, 7.5222707253e-24, 6.6352345027e-24, 9.55255257073e-24, 1.39427725564e-23, 7.77331150889e-24, 5.85512798137e-24, 8.50970606416e-24, 4.72214543891e-24, 7.55360664703e-24, 3.25074906229e-24, 1.10320959084e-23, 7.35045997558e-24, 1.24543119351e-23, 7.59820647603e-24, 1.13481404083e-23, 1.21753044547e-23, 9.77748284722e-24, 8.90456486824e-24, 9.18913776233e-24, 8.82632012164e-24, 1.19853617371e-23, 1.20358788118e-23, 1.22516772344e-23, 1.04968514176e-23, 1.13294743815e-23, 1.00857870439e-23, 1.06151474212e-23], "max": [0.0619266182184, 0.0504447296262, 0.0164478439838, 0.00564945861697, 0.00205369992182, 0.00213525444269, 0.00259648240171, 0.00212432653643, 0.00374015024863, 0.00386171462014, 0.00341527210549, 0.00736997136846, 0.0134495049715, 0.0155905606225, 0.00945657119155, 0.00710291275755, 0.00768361985683, 0.000958039076068, 0.000682889483869, 0.000314151111525, 0.000366190681234, 0.000246592069743, 8.4333049017e-05, 4.85301643494e-05, 8.91608797247e-05, 0.000231935118791, 0.000202993280254, 0.000133227236802, 6.98191070114e-05, 9.84917860478e-05, 8.57292761793e-05, 4.64065014967e-05, 6.94428890711e-05, 0.000116320537927, 9.15798154892e-05, 5.22265690961e-05, 2.3232325475e-05, 2.36106843658e-05, 2.08847995964e-05, 1.23186318888e-05], "dvar2": [2.06362874451e-05, 1.20459835671e-05, 1.82719111308e-06, 1.42263189673e-07, 8.81600037417e-09, 4.54946880168e-09, 2.08735162488e-08, 5.00754904209e-09, 1.8030604565e-08, 1.49241117242e-08, 2.75643916581e-08, 2.11526270277e-07, 3.59733832056e-07, 7.46006378449e-07, 1.26846302351e-07, 1.24738548379e-07, 6.67947333e-08, 1.77747194741e-09, 8.31725965877e-10, 3.28755467294e-10, 4.59931148722e-10, 7.86222822957e-11, 2.69173537626e-11, 1.48519998383e-11, 2.77616870464e-11, 1.24125598688e-10, 1.0782863491e-10, 6.08879058284e-11, 3.06771795466e-11, 2.49689956211e-11, 3.19451617936e-11, 1.75025254706e-11, 2.63133195788e-11, 4.31634485099e-11, 2.96302878067e-11, 1.13461722656e-11, 2.58531130531e-12, 1.76337330154e-12, 1.31255238883e-12, 6.58637857795e-13], "median": [4.23714373028e-05, 0.00052369578043, 0.000574777368456, 0.00012708970462, 0.000122095196275, 6.58556018607e-05, 9.52339105424e-05, 3.90500899812e-05, 8.4799445176e-05, 3.00487135974e-05, 2.06187687581e-05, 3.80650999432e-05, 1.40577340062e-05, 2.99843140965e-05, 1.96339933609e-05, 6.38892333882e-06, 4.36897562395e-06, 7.64602646086e-06, 6.14669716015e-06, 3.9402020775e-06, 3.48736648448e-06, 1.76164371624e-06, 1.40295105666e-06, 1.24454300021e-06, 1.2377964822e-06, 2.30484647545e-06, 2.00270255846e-06, 2.417254791e-06, 1.73484602328e-06, 6.56647159758e-07, 5.02858654272e-07, 4.58449534335e-07, 4.33967329627e-07, 2.94993867556e-07, 2.66927287385e-07, 1.72253720621e-07, 1.00733203112e-07, 4.56390480963e-08, 3.18032071789e-08, 1.9002285967e-08], "dmean2": [0.000779818394221, 0.00112735806033, 0.000622322666459, 0.000180481481948, 6.31241127849e-05, 3.82215730497e-05, 8.04867886472e-05, 3.53990581061e-05, 7.86524542491e-05, 5.2829109336e-05, 7.57962334319e-05, 0.000196935070562, 0.000160014227731, 0.000277434301097, 0.000131271808641, 9.00406375877e-05, 5.04685958731e-05, 1.80192382686e-05, 1.2524153135e-05, 8.88446993486e-06, 9.15783766686e-06, 3.25764358422e-06, 2.777118425e-06, 2.10590633287e-06, 2.2608855943e-06, 5.30645183972e-06, 3.34055380335e-06, 3.61060256182e-06, 2.69818701781e-06, 1.42021337979e-06, 1.46812715229e-06, 1.14791225769e-06, 1.33758601351e-06, 1.35472225793e-06, 1.14075180591e-06, 6.54561858937e-07, 3.66045100009e-07, 2.40018977138e-07, 1.84842050999e-07, 1.16099819536e-07], "dmean": [0.000468017678941, 0.000701303477399, 0.000386285362765, 0.000113327077997, 4.48790851806e-05, 2.83957833744e-05, 5.46682385902e-05, 2.86728718493e-05, 6.75615519867e-05, 4.04064921895e-05, 5.39612919965e-05, 0.000140458825626, 0.000111812376417, 0.000199649293791, 9.8526950751e-05, 6.61066369503e-05, 3.69091430912e-05, 1.21860939544e-05, 8.39861331769e-06, 5.62720651942e-06, 5.60624903301e-06, 2.0474296889e-06, 1.71600493104e-06, 1.26536417611e-06, 1.41817804433e-06, 3.30315242536e-06, 2.00472368306e-06, 2.15089812627e-06, 1.66382733369e-06, 8.88806368948e-07, 9.00596376141e-07, 7.10611345767e-07, 8.27912913337e-07, 8.22698439151e-07, 6.88395402904e-07, 4.00351382268e-07, 2.24197577836e-07, 1.49312370468e-07, 1.16733261279e-07, 7.21433792705e-08], "var": [9.11873758014e-06, 1.41277560033e-05, 3.83462429454e-06, 1.28560131429e-07, 4.74197285882e-08, 1.81921109288e-08, 4.01827300323e-08, 2.37102799616e-08, 1.13976639682e-07, 7.29466549387e-08, 1.59519558451e-07, 7.87100134403e-07, 1.25649376059e-06, 3.59044361176e-06, 8.96880465007e-07, 6.48773038847e-07, 4.24545930855e-07, 2.21020890478e-09, 9.93785498338e-10, 2.96743518646e-10, 3.29842431146e-10, 6.50444489936e-11, 1.99835634151e-11, 1.08440478819e-11, 2.28951423792e-11, 1.20467080755e-10, 5.91664009453e-11, 3.83740331178e-11, 3.00031388623e-11, 1.01293487487e-11, 1.1330060154e-11, 6.55738744554e-12, 9.80043129983e-12, 1.35836472279e-11, 9.18975052305e-12, 3.67727853376e-12, 9.01228039678e-13, 5.8813815363e-13, 4.54895669744e-13, 2.17023149668e-13], "dvar": [7.45326497054e-06, 4.65363336843e-06, 6.80281800669e-07, 5.95327662722e-08, 4.44794912013e-09, 2.47145082177e-09, 7.98864085994e-09, 3.70905683944e-09, 1.48422651947e-08, 1.01071195857e-08, 1.58570685471e-08, 1.25867231304e-07, 2.16826407495e-07, 4.3725907517e-07, 7.957546444e-08, 6.73915963034e-08, 3.67253143452e-08, 9.40077793388e-10, 4.29850904871e-10, 1.50727902382e-10, 1.87411433594e-10, 3.26927512839e-11, 1.0317602675e-11, 5.50593078075e-12, 1.06467126781e-11, 4.87287710182e-11, 3.76004678782e-11, 2.03673484328e-11, 1.17418366696e-11, 9.53731017772e-12, 1.24017766542e-11, 6.82387176279e-12, 1.02792089077e-11, 1.64684099691e-11, 1.12755143764e-11, 4.37256654495e-12, 1.02242270639e-12, 6.94473558521e-13, 5.29947017259e-13, 2.61584292638e-13], "mean": [0.0015432597138, 0.00257251085714, 0.00142937689088, 0.000249991338933, 0.000193567742826, 0.000106543608126, 0.000162399795954, 8.93639735295e-05, 0.000215328880586, 0.000138190400321, 0.000208098354051, 0.000444598786999, 0.000358512537787, 0.000822588044684, 0.000426956044976, 0.000265244947514, 0.000139610769111, 2.05647666007e-05, 1.50847936311e-05, 9.35481693887e-06, 8.90276533028e-06, 3.70219368051e-06, 2.91808260044e-06, 2.34963522416e-06, 2.6734523999e-06, 6.43230123387e-06, 3.81994914278e-06, 4.21169352194e-06, 3.42842326972e-06, 1.47375055803e-06, 1.2617296079e-06, 1.05273807094e-06, 1.16906653602e-06, 9.689831586e-07, 8.18208206965e-07, 5.18728825227e-07, 2.76648762565e-07, 1.68786471022e-07, 1.30115168417e-07, 7.99023283093e-08]}, "spectral_entropy": {"min": 4.21813774109, "max": 9.78950977325, "dvar2": 0.0605400204659, "median": 6.76216125488, "dmean2": 0.197218567133, "dmean": 0.13962648809, "var": 0.307224661112, "dvar": 0.0289586149156, "mean": 6.68370389938}, "spectral_rolloff": {"min": 86.1328125, "max": 18776.953125, "dvar2": 218289.3125, "median": 904.39453125, "dmean2": 144.472457886, "dmean": 82.7972259521, "var": 256128.328125, "dvar": 91580.5546875, "mean": 922.208862305}, "barkbands": {"min": [3.0509980426e-24, 1.35815247489e-23, 3.01536054123e-23, 2.02166559109e-23, 2.75061219501e-23, 3.84643686448e-23, 3.83909951143e-23, 7.96555454491e-23, 4.27169663236e-23, 6.00144613873e-23, 7.49079722622e-23, 7.00755807507e-23, 7.58794954877e-23, 1.40196562024e-22, 7.58697136125e-23, 1.05646682119e-22, 9.83968105861e-23, 1.78783535431e-22, 2.6141954253e-22, 3.75120854212e-22, 3.70304157877e-22, 5.02977763656e-22, 7.56181111599e-22, 8.1396768464e-22, 1.12142426607e-21, 1.83924841086e-21, 2.70953793686e-21], "max": [0.0082197971642, 0.241440042853, 0.084045663476, 0.0382692031562, 0.0203181914985, 0.0100307557732, 0.0110201109201, 0.0185866653919, 0.0262506380677, 0.0440507754683, 0.0914997905493, 0.104628659785, 0.103446617723, 0.065892547369, 0.0121926218271, 0.00458911340684, 0.00565743353218, 0.000930861628149, 0.00395028619096, 0.00339118088596, 0.00328029599041, 0.00314159854315, 0.00445172097534, 0.00182804523502, 0.00105343444739, 0.000983183039352, 0.000289202522254], "dvar2": [2.74243745935e-07, 0.000269336625934, 2.73724053841e-05, 1.12507714221e-05, 1.93721552932e-06, 1.30318696279e-07, 3.80232080488e-07, 5.03070168634e-07, 1.03069123725e-06, 7.32406897441e-06, 1.67083944689e-05, 4.47175734735e-05, 1.419063301e-05, 4.29944248026e-06, 2.7411297765e-07, 7.331195917e-08, 2.73449494159e-08, 3.61357521683e-09, 3.88315761768e-08, 4.80435602412e-08, 4.38559304428e-08, 5.33301829364e-08, 9.57520001066e-08, 1.42166740602e-08, 5.03241803784e-09, 4.68410732424e-09, 2.98611413374e-10], "median": [1.66813606484e-06, 0.000266603688942, 0.00147211004514, 0.000864373520017, 0.000695059483405, 0.000450866908068, 0.000377594289603, 0.000245105766226, 0.000187524754438, 0.000223435898079, 3.47456589225e-05, 0.000231652331422, 5.67764691368e-05, 4.49791150459e-05, 0.0001130286837, 4.65408229502e-05, 4.57527385151e-05, 2.3557620807e-05, 5.35231738468e-05, 6.79411605233e-05, 4.19742646045e-05, 2.42198348133e-05, 1.75484437932e-05, 6.47453998681e-06, 2.32824777413e-06, 2.43787849286e-06, 1.2152133877e-06], "dmean2": [9.56450385274e-05, 0.00323237921111, 0.00206215144135, 0.00147055007983, 0.000678301090375, 0.00022113508021, 0.000347970461007, 0.000373793765903, 0.000404016900575, 0.00115660682786, 0.000959410681389, 0.00222425977699, 0.00102537497878, 0.000424269586802, 0.000225654046517, 0.000122201687191, 7.18570663594e-05, 3.43143947248e-05, 9.88753308775e-05, 9.85268270597e-05, 7.47180383769e-05, 5.98052247369e-05, 6.27760600764e-05, 2.45881419687e-05, 1.03028969534e-05, 8.15759995021e-06, 2.52770246334e-06], "dmean": [5.50796357857e-05, 0.0019494520966, 0.00131411384791, 0.000890779367182, 0.000426367041655, 0.00016717032122, 0.000240367051447, 0.000318337057251, 0.000304336717818, 0.000833926489577, 0.000658214150462, 0.00159863068257, 0.000746842066292, 0.000320557679515, 0.000153040600708, 7.5413750892e-05, 4.50168263342e-05, 2.07915600186e-05, 6.17872428847e-05, 5.84701228945e-05, 4.65272023575e-05, 3.75451381842e-05, 3.8310259697e-05, 1.53611199494e-05, 6.53905362924e-06, 5.18130536875e-06, 1.51779931912e-06], "var": [9.24282659298e-08, 0.000141779106343, 4.86421340611e-05, 2.13919374801e-05, 1.73615376298e-06, 6.19251068201e-07, 8.39357369387e-07, 2.82627092929e-06, 4.33133436673e-06, 2.84591042146e-05, 5.34263817826e-05, 0.000220975547563, 8.58006387716e-05, 2.94426827168e-05, 3.41961367667e-07, 5.49017364904e-08, 2.35379928881e-08, 2.79246825663e-09, 3.91384666898e-08, 2.9671630486e-08, 2.3941804983e-08, 2.06125658764e-08, 3.08570555774e-08, 5.08544939493e-09, 1.80080106382e-09, 1.70056713156e-09, 9.0161919597e-11], "dvar": [1.03474853574e-07, 9.86046507023e-05, 1.07302648757e-05, 4.03716740038e-06, 8.00834811798e-07, 6.93908859262e-08, 1.59661055932e-07, 3.91961918922e-07, 6.79229060552e-07, 4.49056688012e-06, 9.79917422228e-06, 2.60682081716e-05, 8.08863842394e-06, 2.43348972617e-06, 1.45453370237e-07, 3.03231040277e-08, 1.16215490564e-08, 1.34031941101e-09, 1.52603334413e-08, 1.67150240316e-08, 1.70300715752e-08, 2.11417212626e-08, 3.67661527889e-08, 5.69605163037e-09, 2.05563766009e-09, 1.94380600504e-09, 1.1572755948e-10], "mean": [7.9926699982e-05, 0.00646257679909, 0.0046797953546, 0.00288071413524, 0.00107988156378, 0.00069502950646, 0.000693512964062, 0.000930882233661, 0.000976827112027, 0.00270531792194, 0.00182936736383, 0.00666306400672, 0.00294213695452, 0.00115001609083, 0.000274037302006, 0.000121938050142, 8.21403227746e-05, 4.10261891375e-05, 0.000126805432956, 0.000114515758469, 8.96348210517e-05, 5.57408748136e-05, 4.87693760078e-05, 1.90633199963e-05, 7.92683385953e-06, 6.60726755086e-06, 2.48895980803e-06]}, "melbands_flatness_db": {"min": 0.00144999811891, "max": 0.490532726049, "dvar2": 0.000750750943553, "median": 0.268826663494, "dmean2": 0.0227241329849, "dmean": 0.0155906099826, "var": 0.00306494673714, "dvar": 0.000342202576576, "mean": 0.269931942225}, "melbands_skewness": {"min": -8.06235408783, "max": 11.263677597, "dvar2": 0.77828758955, "median": 1.15956604481, "dmean2": 0.670352101326, "dmean": 0.457426309586, "var": 3.84304857254, "dvar": 0.372087299824, "mean": 1.11187803745}, "barkbands_skewness": {"min": -8.83072757721, "max": 9.05183410645, "dvar2": 0.61322581768, "median": 0.964516818523, "dmean2": 0.591318190098, "dmean": 0.396773248911, "var": 2.5215742588, "dvar": 0.282124310732, "mean": 0.778506696224}, "silence_rate_60dB": {"min": 0, "max": 1, "dvar2": 0.0215333607048, "median": 0, "dmean2": 0.0196134988219, "dmean": 0.00980580691248, "var": 0.0776081979275, "dvar": 0.00971173215657, "mean": 0.0847832337022}, "spectral_energyband_low": {"min": 5.80158791285e-23, "max": 0.268925368786, "dvar2": 0.000339680991601, "median": 0.0031172640156, "dmean2": 0.00522278761491, "dmean": 0.00320983491838, "var": 0.000355949014192, "dvar": 0.000132080662297, "mean": 0.0134141491726}, "spectral_energyband_middle_low": {"min": 2.70436916875e-22, "max": 0.0565429739654, "dvar2": 1.63244330906e-05, "median": 0.00582136353478, "dmean2": 0.00233440683223, "dmean": 0.00157140719239, "var": 4.32527776866e-05, "dvar": 6.64480603518e-06, "mean": 0.00769743509591}, "melbands_kurtosis": {"min": -1.87447047234, "max": 230.518844604, "dvar2": 126.251396179, "median": 4.30494308472, "dmean2": 5.13344287872, "dmean": 3.38022542, "var": 156.049057007, "dvar": 53.0450630188, "mean": 8.29819202423}, "spectral_decrease": {"min": -7.33774427886e-08, "max": 9.05054726364e-29, "dvar2": 2.60090267656e-17, "median": -7.68132135676e-09, "dmean2": 2.19152807013e-09, "dmean": 1.4647117963e-09, "var": 4.67166033545e-17, "dvar": 1.07069100436e-17, "mean": -8.62300897353e-09}, "erbbands_kurtosis": {"min": -1.5807570219, "max": 96.9766693115, "dvar2": 64.5620880127, "median": 4.42740154266, "dmean2": 4.57009983063, "dmean": 3.03667378426, "var": 208.709838867, "dvar": 28.3721160889, "mean": 10.3508996964}, "melbands_crest": {"min": 1.49009180069, "max": 34.0991477966, "dvar2": 13.5946826935, "median": 16.0892162323, "dmean2": 2.88700675964, "dmean": 1.87123966217, "var": 32.8987846375, "dvar": 5.59660339355, "mean": 17.0672931671}, "melbands_spread": {"min": 0.656989693642, "max": 166.788375854, "dvar2": 36.1281013489, "median": 14.0054597855, "dmean2": 4.23757123947, "dmean": 2.78412723541, "var": 114.836624146, "dvar": 15.5776519775, "mean": 16.696647644}, "spectral_energy": {"min": 1.05507137547e-20, "max": 0.279487520456, "dvar2": 0.000387281412259, "median": 0.0312705636024, "dmean2": 0.00873213727027, "dmean": 0.00587347522378, "var": 0.000749058381189, "dvar": 0.000161260235473, "mean": 0.0347597151995}, "mfcc": {"mean": [-694.085510254, 143.227035522, -3.42438936234, 19.0004310608, -14.5789890289, 12.4932575226, 6.91328239441, 3.41365695, -6.16484594345, 4.97910785675, -8.13088512421, -0.944818139076, 4.04667949677], "icov": [[0.000327578542056, 4.03317244491e-05, 0.000219192370423, -0.000294462661259, 0.000263646652456, -0.000953278853558, 0.000208609300898, -0.000409016996855, 4.8384310503e-05, -0.000358815130312, 1.05802191683e-05, -5.96473182668e-05, 3.15794495691e-05], [4.03317244491e-05, 0.00179741519969, 8.21968496894e-05, -0.000121255492559, -0.000843790185172, 0.00136177078821, -0.000628133595455, 0.000340493541444, -0.00047360768076, -0.000309628696414, 0.000186870369362, 9.8810698546e-05, -0.000270241231192], [0.000219192370423, 8.21968496894e-05, 0.00376838259399, -0.0010631250916, -0.00134816509672, 0.000208843383007, 0.000222972303163, -0.000915845157579, -0.00142629432958, 0.000820433429908, -0.00219697784632, 0.000286800670438, -0.000173498570803], [-0.000294462661259, -0.000121255492559, -0.0010631250916, 0.00608912715688, -0.00174935290124, 0.000552326499019, 0.000675488088746, -0.000272324774414, 0.000496332882904, -0.00189577660058, 0.00123728904873, -0.00131125422195, -0.000263706693659], [0.000263646652456, -0.000843790185172, -0.00134816509672, -0.00174935290124, 0.00798370782286, -0.00421002041548, 0.000405171973398, 0.00126897147857, -0.000816759362351, 0.000757090514526, -0.0021182927303, 0.000670941371936, -0.00031452710391], [-0.000953278853558, 0.00136177078821, 0.000208843383007, 0.000552326499019, -0.00421002041548, 0.0094159943983, -0.00303308502771, -0.000390171655454, 0.000468851765618, -0.000236467443756, 0.000804723589681, -0.00176443695091, -0.000246275332756], [0.000208609300898, -0.000628133595455, 0.000222972303163, 0.000675488088746, 0.000405171973398, -0.00303308502771, 0.00776512734592, -0.00454799830914, 0.00280228536576, -0.000181140145287, -0.00115673732944, -2.61947971012e-05, -0.000487103796331], [-0.000409016996855, 0.000340493541444, -0.000915845157579, -0.000272324774414, 0.00126897147857, -0.000390171655454, -0.00454799830914, 0.0128664737567, -0.00831823889166, 0.00292128557339, 0.000530230114236, 0.00170644873288, -0.00277455593459], [4.8384310503e-05, -0.00047360768076, -0.00142629432958, 0.000496332882904, -0.000816759362351, 0.000468851765618, 0.00280228536576, -0.00831823889166, 0.0133702317253, -0.00736689940095, 0.00468754721805, -0.00106605235487, 0.0025775663089], [-0.000358815130312, -0.000309628696414, 0.000820433429908, -0.00189577660058, 0.000757090514526, -0.000236467443756, -0.000181140145287, 0.00292128557339, -0.00736689940095, 0.012310160324, -0.00816041231155, 0.00280408514664, -1.03025413409e-05], [1.05802191683e-05, 0.000186870369362, -0.00219697784632, 0.00123728904873, -0.0021182927303, 0.000804723589681, -0.00115673732944, 0.000530230114236, 0.00468754721805, -0.00816041231155, 0.0151753118262, -0.00772427394986, 0.00399566721171], [-5.96473182668e-05, 9.8810698546e-05, 0.000286800670438, -0.00131125422195, 0.000670941371936, -0.00176443695091, -2.61947971012e-05, 0.00170644873288, -0.00106605235487, 0.00280408514664, -0.00772427394986, 0.0123470211402, -0.00554245710373], [3.15794495691e-05, -0.000270241231192, -0.000173498570803, -0.000263706693659, -0.00031452710391, -0.000246275332756, -0.000487103796331, -0.00277455593459, 0.0025775663089, -1.03025413409e-05, 0.00399566721171, -0.00554245710373, 0.00998031441122]], "cov": [[7334.30859375, -698.852478027, -66.1094818115, 418.022674561, 290.092437744, 1133.31115723, 370.256072998, 452.004669189, 226.271606445, 350.417297363, 177.948471069, 308.23348999, 190.458480835], [-698.852478027, 744.825744629, 53.019618988, 13.3030290604, 17.8759860992, -203.608779907, -48.8378486633, -33.3102645874, 62.3348388672, 45.8248672485, -7.04843950272, -62.2188262939, -40.2346801758], [-66.1094818115, 53.019618988, 451.422851563, 127.615974426, 150.944747925, 30.4064369202, -6.44876003265, 41.1726722717, 101.448654175, 103.77142334, 125.933990479, 47.4700698853, -20.6468009949], [418.022674561, 13.3030290604, 127.615974426, 260.183013916, 115.566490173, 78.0832748413, -6.02526283264, 17.998758316, 52.214881897, 100.860748291, 74.638381958, 61.4048080444, 9.24669361115], [290.092437744, 17.8759860992, 150.944747925, 115.566490173, 269.641296387, 155.955734253, 37.2023391724, -9.44172668457, 11.0144071579, 72.5615386963, 119.579780579, 84.0842590332, 12.8318805695], [1133.31115723, -203.608779907, 30.4064369202, 78.0832748413, 155.955734253, 389.937530518, 158.304428101, 80.5744400024, -11.9724416733, 31.9703025818, 73.2960586548, 125.290031433, 81.5148849487], [370.256072998, -48.8378486633, -6.44876003265, -6.02526283264, 37.2023391724, 158.304428101, 249.900482178, 97.4163208008, -30.9657669067, -31.9464588165, 13.4996271133, 56.2172431946, 75.3716506958], [452.004669189, -33.3102645874, 41.1726722717, 17.998758316, -9.44172668457, 80.5744400024, 97.4163208008, 244.761032104, 144.947433472, 2.66147732735, -73.8762359619, -30.7646751404, 48.4084510803], [226.271606445, 62.3348388672, 101.448654175, 52.214881897, 11.0144071579, -11.9724416733, -30.9657669067, 144.947433472, 269.990203857, 131.393814087, -28.5817337036, -66.4135742188, -52.0812988281], [350.417297363, 45.8248672485, 103.77142334, 100.860748291, 72.5615386963, 31.9703025818, -31.9464588165, 2.66147732735, 131.393814087, 265.105407715, 141.718154907, 16.1348056793, -74.5806427002], [177.948471069, -7.04843950272, 125.933990479, 74.638381958, 119.579780579, 73.2960586548, 13.4996271133, -73.8762359619, -28.5817337036, 141.718154907, 254.149993896, 129.596328735, -33.1466026306], [308.23348999, -62.2188262939, 47.4700698853, 61.4048080444, 84.0842590332, 125.290031433, 56.2172431946, -30.7646751404, -66.4135742188, 16.1348056793, 129.596328735, 215.88899231, 84.8963470459], [190.458480835, -40.2346801758, -20.6468009949, 9.24669361115, 12.8318805695, 81.5148849487, 75.3716506958, 48.4084510803, -52.0812988281, -74.5806427002, -33.1466026306, 84.8963470459, 191.733169556]]}, "spectral_contrast_valleys": {"min": [-27.2252883911, -27.1890239716, -27.0650672913, -27.4366836548, -27.2229251862, -27.2654075623], "max": [-5.0848274231, -5.46140432358, -5.40005016327, -6.63354921341, -6.64428472519, -7.81199407578], "dvar2": [0.327162414789, 0.149396687746, 0.200171366334, 0.116075284779, 0.109500825405, 0.188701227307], "median": [-7.84564495087, -7.26982212067, -7.97100830078, -8.7203168869, -8.73975563049, -11.3958349228], "dmean2": [0.639322936535, 0.460039943457, 0.506092429161, 0.403896152973, 0.351566284895, 0.40101608634], "dmean": [0.397294491529, 0.282950520515, 0.309517592192, 0.251989245415, 0.227158084512, 0.275489240885], "var": [1.90743875504, 1.05915999413, 0.944849073887, 1.13293015957, 1.05994045734, 1.4403039217], "dvar": [0.135648682714, 0.0649263784289, 0.0828366428614, 0.0557919479907, 0.0557899065316, 0.0912337899208], "mean": [-7.87782669067, -7.49072170258, -8.11641216278, -8.96447849274, -8.94316005707, -11.5400524139]}, "barkbands_flatness_db": {"min": 0.052106693387, "max": 0.466718405485, "dvar2": 0.000630196591374, "median": 0.193222492933, "dmean2": 0.0215407162905, "dmean": 0.0146876526996, "var": 0.00291051808745, "dvar": 0.000300820567645, "mean": 0.200617089868}, "dynamic_complexity": 4.14487123489, "spectral_skewness": {"min": -0.0215377546847, "max": 7.0329656601, "dvar2": 0.208520412445, "median": 1.88951051235, "dmean2": 0.480524152517, "dmean": 0.285600572824, "var": 0.610573649406, "dvar": 0.0746875479817, "mean": 2.06099653244}, "erbbands_flatness_db": {"min": 0.0664346218109, "max": 0.478431642056, "dvar2": 0.000707985484041, "median": 0.227125570178, "dmean2": 0.0212619155645, "dmean": 0.01527