{"lowlevel": {"spectral_complexity": {"min": 0, "max": 57, "dvar2": 31.0213050842, "median": 18, "dmean2": 5.79604721069, "dmean": 3.84246706963, "var": 87.7019958496, "dvar": 15.1616802216, "mean": 19.1533164978}, "silence_rate_20dB": {"min": 1, "max": 1, "dvar2": 0, "median": 1, "dmean2": 0, "dmean": 0, "var": 0, "dvar": 0, "mean": 1}, "average_loudness": 0.95207464695, "erbbands_spread": {"min": 2.20193576813, "max": 199.41583252, "dvar2": 233.729522705, "median": 45.3712615967, "dmean2": 15.380862236, "dmean": 9.87814903259, "var": 506.57699585, "dvar": 100.858352661, "mean": 47.5311889648}, "spectral_kurtosis": {"min": -1.20582318306, "max": 17.3098506927, "dvar2": 5.02434062958, "median": 2.67759752274, "dmean2": 2.0865547657, "dmean": 1.25599348545, "var": 4.1502199173, "dvar": 1.72020697594, "mean": 3.06745553017}, "barkbands_kurtosis": {"min": -1.93053257465, "max": 38773.3710938, "dvar2": 199365.390625, "median": 0.933968782425, "dmean2": 31.1505622864, "dmean": 21.5578727722, "var": 1874150.375, "dvar": 109276.84375, "mean": 87.4994659424}, "spectral_strongpeak": {"min": 0, "max": 21.0751209259, "dvar2": 5.88103151321, "median": 0.502863705158, "dmean2": 1.11831450462, "dmean": 0.646388828754, "var": 3.33605575562, "dvar": 2.37641191483, "mean": 1.00459802151}, "spectral_spread": {"min": 1524533.375, "max": 39994120, "dvar2": 558434680832, "median": 4225404, "dmean2": 720581.1875, "dmean": 508640.90625, "var": 1901797834750.0, "dvar": 315503804416, "mean": 4475633}, "spectral_rms": {"min": 3.23623029416e-12, "max": 0.0110480422154, "dvar2": 1.0730801705e-06, "median": 0.00528132915497, "dmean2": 0.00108718208503, "dmean": 0.000688347499818, "var": 2.15661748371e-06, "dvar": 4.32003986361e-07, "mean": 0.00514667015523}, "erbbands": {"min": [3.27340016188e-22, 2.42076910424e-21, 6.13399660648e-21, 3.62544990676e-20, 1.29282255134e-19, 1.52666935395e-19, 1.40263194088e-19, 2.66561330539e-19, 2.62481985951e-19, 3.01307233116e-19, 7.79780164924e-19, 2.94207360972e-18, 4.16854360974e-18, 2.19127278698e-18, 2.48186195656e-18, 2.59376150226e-18, 3.89298865459e-18, 1.9093619828e-18, 3.00865627236e-18, 6.38382179848e-18, 7.16760355301e-18, 7.70789228653e-18, 1.53213222015e-17, 1.4933400964e-17, 1.26365941997e-17, 1.84935548875e-17, 2.72073765539e-17, 1.48238342744e-17, 1.29498987829e-17, 2.45900794885e-17, 1.55536011349e-17, 1.92585861119e-17, 1.2135746265e-17, 1.29644207657e-17, 9.01648043506e-18, 6.82550026323e-18, 3.67141757417e-18, 1.55899371113e-18, 3.05182108996e-19, 3.32033496741e-20], "max": [2.41063094139, 14.0397624969, 57.8390808105, 179.127792358, 151.408416748, 255.885604858, 252.513916016, 373.557159424, 451.933349609, 1300.04345703, 724.202819824, 615.465637207, 479.830810547, 693.034729004, 518.333862305, 583.093139648, 1119.14709473, 875.420898438, 1045.10949707, 1230.36340332, 2209.83789062, 2282.50390625, 1211.29052734, 2493.67822266, 566.371520996, 337.805938721, 584.141723633, 330.4793396, 483.406524658, 562.974365234, 394.980560303, 234.576980591, 106.71534729, 51.6383018494, 22.4768180847, 1.90745842457, 0.210208415985, 0.015739845112, 0.000444547884399, 0.000149968182086], "dvar2": [0.0435681119561, 2.51740050316, 69.2725906372, 169.173309326, 220.882034302, 332.733001709, 250.118301392, 428.649963379, 472.196166992, 1895.41931152, 1325.0982666, 638.094116211, 476.408416748, 345.224334717, 860.945495605, 1514.32202148, 1963.26245117, 3499.30297852, 2567.05712891, 4196.62451172, 8033.68896484, 8411.26367188, 3497.64160156, 12772.5976562, 1242.19885254, 816.084594727, 336.531799316, 233.775787354, 207.000595093, 674.025756836, 227.505752563, 39.3594703674, 62.8138198853, 7.69650363922, 1.91182148457, 0.0208417288959, 0.000138853662065, 1.24768655496e-06, 1.45873446655e-09, 2.23400228871e-10], "median": [0.0681020393968, 0.983475267887, 3.97335791588, 5.01451969147, 5.13175725937, 5.55518341064, 3.5738222599, 4.10792064667, 3.87170505524, 3.49208712578, 2.84813427925, 2.67472481728, 2.27694392204, 2.18893933296, 3.12848234177, 4.47806453705, 5.55725193024, 10.2857313156, 15.4829854965, 16.3210544586, 16.7245693207, 17.8739547729, 17.8300991058, 24.3008308411, 16.9152088165, 12.9366664886, 7.25530815125, 5.1104426384, 3.99000668526, 3.79892611504, 1.90888547897, 0.932957291603, 0.751426696777, 0.349036037922, 0.129089906812, 0.0178744755685, 0.00203878083266, 0.000143104829476, 2.56999610428e-05, 3.74085684598e-05], "dmean2": [0.11131195724, 1.1131592989, 5.97086429596, 9.11679840088, 9.76802825928, 11.156996727, 6.82086372375, 9.05831050873, 8.36096286774, 13.3420152664, 11.8765974045, 7.81013917923, 6.88556051254, 5.44534015656, 9.73264884949, 14.1202611923, 14.7586355209, 25.7587966919, 25.5086421967, 31.4373188019, 40.7706451416, 41.8066596985, 30.1785087585, 47.7127952576, 20.2600803375, 16.839258194, 8.28959465027, 7.30207872391, 6.4242143631, 10.2223138809, 5.99607086182, 2.21213412285, 2.86919593811, 1.10374772549, 0.482878088951, 0.0563083514571, 0.00515727931634, 0.000419386051362, 1.86322286027e-05, 1.47003447637e-05], "dmean": [0.0728405863047, 0.680195093155, 3.59552645683, 5.3087348938, 5.72162818909, 6.85002374649, 4.31032276154, 5.79456663132, 5.51932573318, 8.88851165771, 7.92772960663, 5.13858222961, 4.50193119049, 3.71513319016, 6.27966737747, 9.00416088104, 9.81226921082, 16.5017719269, 16.1625175476, 20.0222530365, 25.8212985992, 27.2497196198, 19.3239707947, 30.4673290253, 12.9239501953, 10.6296653748, 5.31210899353, 4.75980377197, 4.24012613297, 6.53688812256, 3.87474107742, 1.48998868465, 1.92811536789, 0.725534856319, 0.31200376153, 0.0364189185202, 0.00353748351336, 0.000279623753158, 1.28733199745e-05, 9.47904663917e-06], "var": [0.0348702259362, 2.21952915192, 76.9923706055, 149.438262939, 143.467514038, 336.576019287, 317.274261475, 736.570678711, 609.715454102, 1995.6998291, 1566.36120605, 592.93737793, 452.785919189, 654.725952148, 797.31463623, 1360.38830566, 2024.0760498, 3800.4375, 2701.421875, 4318.34619141, 8696.6015625, 10792.2226562, 4299.58203125, 13033.1796875, 1154.08312988, 730.065368652, 193.119338989, 161.573394775, 180.362564087, 438.632232666, 144.211456299, 24.5141639709, 36.4791183472, 4.88609218597, 0.890921652317, 0.0110312253237, 0.000122274228488, 7.83335167398e-07, 1.18558274309e-09, 3.36627614672e-10], "dvar": [0.0206618867815, 0.982417881489, 28.2936859131, 62.8434524536, 78.4628295898, 131.716079712, 105.96232605, 191.047088623, 222.487304688, 871.814880371, 597.35760498, 307.925720215, 209.936508179, 197.675750732, 381.413513184, 671.355285645, 924.693237305, 1522.06445312, 1130.60400391, 1734.8302002, 3395.66625977, 3989.03466797, 1554.66918945, 5367.01416016, 523.588745117, 337.995056152, 133.058044434, 100.084526062, 98.6348953247, 287.94909668, 96.997718811, 16.5604724884, 26.3099994659, 3.08919239044, 0.725394546986, 0.0080677382648, 6.06148387305e-05, 5.09256551595e-07, 6.08312122896e-10, 9.18230144697e-11], "mean": [0.128961965442, 1.41300463676, 7.47173023224, 9.30587291718, 8.9788351059, 11.8332509995, 8.73563575745, 12.4708366394, 11.1691112518, 16.0184612274, 14.6372585297, 9.21108913422, 7.81706094742, 6.72974872589, 10.6156730652, 15.3403100967, 16.9126110077, 29.433965683, 31.0981349945, 39.0373802185, 50.064617157, 51.1997032166, 39.0253677368, 57.0841827393, 26.9510555267, 21.6981868744, 10.9240732193, 8.79388523102, 7.60838699341, 9.64428806305, 5.56743907928, 2.49485683441, 2.81240272522, 1.16079771519, 0.457994818687, 0.0552412159741, 0.00594212813303, 0.000430274783866, 3.43862520822e-05, 3.81836325687e-05]}, "zerocrossingrate": {"min": 0, "max": 0.49951171875, "dvar2": 0.000226294680033, "median": 0.0615234375, "dmean2": 0.0130463829264, "dmean": 0.0110742039979, "var": 0.00111323210876, "dvar": 0.000156769820023, "mean": 0.065111450851}, "spectral_contrast_coeffs": {"min": [-0.969942808151, -0.995986580849, -0.989218294621, -0.995409667492, -0.958536505699, -0.958860039711], "max": [-0.257368206978, -0.431349992752, -0.493684619665, -0.511835694313, -0.549899935722, -0.483049631119], "dvar2": [0.00475788908079, 0.00369936972857, 0.0024283202365, 0.0018670600839, 0.00109886180144, 0.000970868219156], "median": [-0.629966020584, -0.736085176468, -0.797273099422, -0.755119919777, -0.758467555046, -0.746921300888], "dmean2": [0.0869592577219, 0.0765389055014, 0.0610673800111, 0.0537335090339, 0.0408871546388, 0.0358250923455], "dmean": [0.053219050169, 0.0469447597861, 0.0376880839467, 0.0331288687885, 0.0259076785296, 0.0242178291082], "var": [0.00915965437889, 0.00767559185624, 0.00414168322459, 0.00405367370695, 0.00272897770628, 0.00288997218013], "dvar": [0.00184358435217, 0.00145097798668, 0.000988758751191, 0.000747706682887, 0.000458000373328, 0.000484700314701], "mean": [-0.625784695148, -0.728243231773, -0.787436485291, -0.749388813972, -0.755920410156, -0.739694237709]}, "dissonance": {"min": 0.318240880966, "max": 0.500000119209, "dvar2": 0.000375373812858, "median": 0.482896000147, "dmean2": 0.0182603150606, "dmean": 0.0109484512359, "var": 0.000357101700502, "dvar": 0.000138837160193, "mean": 0.477444142103}, "spectral_energyband_high": {"min": 8.02631604495e-21, "max": 0.0352524928749, "dvar2": 2.12516169995e-06, "median": 0.000697456882335, "dmean2": 0.000767706835177, "dmean": 0.000526757503394, "var": 2.15884324462e-06, "dvar": 9.72396492216e-07, "mean": 0.0011309547117}, "gfcc": {"mean": [-10.8451480865, 90.2825317383, -123.931266785, 72.4147338867, -47.301399231, 16.8770503998, -44.5305862427, 6.49958992004, -20.494758606, -1.43608999252, -11.0608654022, -9.23613357544, -10.2162771225], "icov": [[0.000528618809767, -0.0015959298471, 0.00129548367113, -0.00194902520161, 0.00145612005144, -0.00138941698242, 0.00159906863701, -0.0013357354328, 0.0012735510245, -0.000957773590926, 0.00113449851051, -0.000991316628642, 0.00122518732678], [-0.0015959298471, 0.00690313847736, -0.00375270983204, 0.00630652019754, -0.00453503383324, 0.0056817587465, -0.00577367190272, 0.00505367806181, -0.0047817598097, 0.00359143596143, -0.00518760830164, 0.00437751226127, -0.0044370549731], [0.00129548367113, -0.00375270983204, 0.00475590722635, -0.00465878751129, 0.00348884030245, -0.00384450075217, 0.0037643762771, -0.00303010223433, 0.0028307987377, -0.00279556587338, 0.0026128042955, -0.00258577754721, 0.00272275856696], [-0.00194902520161, 0.00630652019754, -0.00465878751129, 0.011316026561, -0.00654730014503, 0.00434312224388, -0.00538448709995, 0.00588031392545, -0.00530846882612, 0.00374467833899, -0.00344285531901, 0.00458892714232, -0.00522449426353], [0.00145612005144, -0.00453503383324, 0.00348884030245, -0.00654730014503, 0.00792772881687, -0.00339828757569, 0.00297011621296, -0.00442262273282, 0.00337462336756, -0.00211429339834, 0.00268200249411, -0.00218372023664, 0.00144319410902], [-0.00138941698242, 0.0056817587465, -0.00384450075217, 0.00434312224388, -0.00339828757569, 0.00916124973446, -0.00524544669315, 0.00223359302618, -0.00317629938945, 0.00323076359928, -0.0039209886454, 0.00257739122026, -0.00324259302579], [0.00159906863701, -0.00577367190272, 0.0037643762771, -0.00538448709995, 0.00297011621296, -0.00524544669315, 0.0107898451388, -0.00394442304969, 0.00260085682385, -0.00293892878108, 0.00374694680795, -0.00419454835355, 0.00495664682239], [-0.0013357354328, 0.00505367806181, -0.00303010223433, 0.00588031392545, -0.00442262273282, 0.00223359302618, -0.00394442304969, 0.0100068338215, -0.00448433635756, 0.00285739195533, -0.00321330688894, 0.00344333634712, -0.00379484519362], [0.0012735510245, -0.0047817598097, 0.0028307987377, -0.00530846882612, 0.00337462336756, -0.00317629938945, 0.00260085682385, -0.00448433635756, 0.0130851427093, -0.00551337655634, 0.00211077230051, -0.00310742272995, 0.0045651588589], [-0.000957773590926, 0.00359143596143, -0.00279556587338, 0.00374467833899, -0.00211429339834, 0.00323076359928, -0.00293892878108, 0.00285739195533, -0.00551337655634, 0.0132842818275, -0.00634024199098, 0.00340207433328, -0.00359635357745], [0.00113449851051, -0.00518760830164, 0.0026128042955, -0.00344285531901, 0.00268200249411, -0.0039209886454, 0.00374694680795, -0.00321330688894, 0.00211077230051, -0.00634024199098, 0.0158134307712, -0.00749033549801, 0.0049633574672], [-0.000991316628642, 0.00437751226127, -0.00258577754721, 0.00458892714232, -0.00218372023664, 0.00257739122026, -0.00419454835355, 0.00344333634712, -0.00310742272995, 0.00340207433328, -0.00749033549801, 0.0156134525314, -0.0080476263538], [0.00122518732678, -0.0044370549731, 0.00272275856696, -0.00522449426353, 0.00144319410902, -0.00324259302579, 0.00495664682239, -0.00379484519362, 0.0045651588589, -0.00359635357745, 0.0049633574672, -0.0080476263538, 0.0171698089689]], "cov": [[17907.28125, 557.100036621, -1923.11035156, 766.384643555, -855.408935547, 221.272979736, -765.046142578, 155.983108521, -329.316864014, -127.759735107, -254.372039795, -219.398269653, -195.163482666], [557.100036621, 1046.71252441, -98.9577941895, -125.649719238, 68.5592956543, -310.746154785, 151.720977783, -165.247894287, 110.183273315, 37.2256355286, 122.160636902, -31.1591415405, -7.98761081696], [-1923.11035156, -98.9577941895, 695.994445801, -1.96444392204, 15.9293413162, 86.9893875122, 29.3981494904, 9.37214279175, 29.128162384, 42.425868988, 27.5127391815, 34.6137008667, 18.7735977173], [766.384643555, -125.649719238, -1.96444392204, 309.343353271, 82.8606338501, 61.3827438354, -24.1127529144, -1.54972791672, -9.90546703339, -19.8159275055, -44.7569046021, -20.7345981598, 20.2308387756], [-855.408935547, 68.5592956543, 15.9293413162, 82.8606338501, 341.40814209, -10.7456645966, 79.1106872559, 20.989862442, 19.9507904053, -7.81483840942, 5.40741300583, 2.443754673, 45.1596298218], [221.272979736, -310.746154785, 86.9893875122, 61.3827438354, -10.7456645966, 300.300506592, -5.13136529922, 85.9724197388, -23.6648330688, -16.2942142487, -20.26445961, 17.1262569427, 3.65352368355], [-765.046142578, 151.720977783, 29.3981494904, -24.1127529144, 79.1106872559, -5.13136529922, 226.42930603, -8.7277765274, 50.1591682434, 13.2782201767, 31.977230072, 14.8801870346, -5.93828201294], [155.983108521, -165.247894287, 9.37214279175, -1.54972791672, 20.989862442, 85.9724197388, -8.7277765274, 196.142440796, 3.56232881546, -6.19746494293, -12.1200752258, 0.821404933929, 6.19403648376], [-329.316864014, 110.183273315, 29.128162384, -9.90546703339, 19.9507904053, -23.6648330688, 50.1591682434, 3.56232881546, 136.811813354, 45.3779411316, 38.3126564026, 5.42161846161, -10.9044780731], [-127.759735107, 37.2256355286, 42.425868988, -19.8159275055, -7.81483840942, -16.2942142487, 13.2782201767, -6.19746494293, 45.3779411316, 117.114509583, 47.0707588196, 7.23986339569, 0.607435047626], [-254.372039795, 122.160636902, 27.5127391815, -44.7569046021, 5.40741300583, -20.26445961, 31.977230072, -12.1200752258, 38.3126564026, 47.0707588196, 123.955940247, 38.0871582031, -2.7612156868], [-219.398269653, -31.1591415405, 34.6137008667, -20.7345981598, 2.443754673, 17.1262569427, 14.8801870346, 0.821404933929, 5.42161846161, 7.23986339569, 38.0871582031, 107.364387512, 34.107509613], [-195.163482666, -7.98761081696, 18.7735977173, 20.2308387756, 45.1596298218, 3.65352368355, -5.93828201294, 6.19403648376, -10.9044780731, 0.607435047626, -2.7612156868, 34.107509613, 93.0713348389]]}, "spectral_flux": {"min": 1.03609919255e-10, "max": 0.262161940336, "dvar2": 0.00108481361531, "median": 0.0828625559807, "dmean2": 0.0361898206174, "dmean": 0.0227978471667, "var": 0.00119605951477, "dvar": 0.000454916385934, "mean": 0.0849444791675}, "silence_rate_30dB": {"min": 0, "max": 1, "dvar2": 0.000381815218134, "median": 1, "dmean2": 0.000381934485631, "dmean": 0.000190949023818, "var": 0.000190883860341, "dvar": 0.000190902079339, "mean": 0.999809086323}, "spectral_energyband_middle_high": {"min": 1.31226478945e-21, "max": 0.0549561753869, "dvar2": 1.59853825608e-05, "median": 0.00424534967169, "dmean2": 0.00283019873314, "dmean": 0.00188800564501, "var": 3.59346740879e-05, "dvar": 7.27929136701e-06, "mean": 0.00604349700734}, "barkbands_spread": {"min": 0.010160212405, "max": 92.1512756348, "dvar2": 126.491394043, "median": 29.4902076721, "dmean2": 11.1782474518, "dmean": 7.18331623077, "var": 247.343505859, "dvar": 55.496307373, "mean": 29.85338974}, "spectral_centroid": {"min": 164.085876465, "max": 10716.9423828, "dvar2": 197573.015625, "median": 1773.8112793, "dmean2": 460.705627441, "dmean": 296.617889404, "var": 501479.5, "dvar": 92861.7265625, "mean": 1736.1784668}, "pitch_salience": {"min": 0.000608211790677, "max": 0.995539844036, "dvar2": 0.0109479902312, "median": 0.485358089209, "dmean2": 0.119612157345, "dmean": 0.0735835134983, "var": 0.0148549200967, "dvar": 0.00438162963837, "mean": 0.478320449591}, "erbbands_skewness": {"min": -6.14102840424, "max": 5.25311470032, "dvar2": 0.272947251797, "median": -0.462701678276, "dmean2": 0.565637171268, "dmean": 0.369991779327, "var": 0.860311090946, "dvar": 0.124232240021, "mean": -0.464819729328}, "erbbands_crest": {"min": 1.60949981213, "max": 32.1321907043, "dvar2": 14.3004703522, "median": 8.19025707245, "dmean2": 4.13136291504, "dmean": 2.56083273888, "var": 18.4675331116, "dvar": 5.8247051239, "mean": 9.19691562653}, "melbands": {"min": [3.22421533131e-24, 3.53360933935e-24, 7.60811378014e-24, 1.17166954343e-23, 5.38733740888e-24, 5.43604996421e-24, 4.05252204281e-24, 3.50858588258e-24, 9.17226718301e-24, 1.99623665981e-23, 2.01553819289e-23, 8.13915206457e-24, 8.62755005049e-24, 5.98164983209e-24, 8.13557142492e-24, 9.24436591431e-24, 2.87232420301e-24, 4.50212661042e-24, 7.40934923102e-24, 9.87775732347e-24, 8.26897805919e-24, 7.40756877195e-24, 9.48272102568e-24, 1.67455070003e-23, 1.14975049098e-23, 8.82891389629e-24, 8.60294311227e-24, 1.29876749926e-23, 2.03080091591e-23, 1.16950916896e-23, 7.04221494345e-24, 6.30356779586e-24, 1.07176662067e-23, 1.46668380046e-23, 7.91338007349e-24, 9.62916516413e-24, 1.32905202719e-23, 8.03207681846e-24, 1.03450659019e-23, 1.05275002415e-23], "max": [0.017617970705, 0.0221890732646, 0.0249122586101, 0.0109202312306, 0.0112252393737, 0.00716770766303, 0.00580978300422, 0.0138495378196, 0.00599758187309, 0.0040491130203, 0.00235049426556, 0.00296843866818, 0.0020027901046, 0.00189098645933, 0.00252403155901, 0.00383193627931, 0.00196289713494, 0.00145018193871, 0.00268434779719, 0.00292057939805, 0.00226362119429, 0.0032340104226, 0.00158435909543, 0.00146915973164, 0.00262993550859, 0.000471730978461, 0.000705180398654, 0.000192660780158, 0.000317219819408, 0.000258377316641, 0.000261226232396, 0.00025607450516, 0.000283426692476, 0.000287332368316, 0.000210310390685, 0.000239781074924, 0.000100689081592, 0.000106918043457, 2.86996455543e-05, 5.65504269616e-05], "dvar2": [2.81731013274e-06, 1.0961526641e-05, 4.02979139835e-06, 1.20496542877e-06, 3.29127601617e-07, 1.94642879592e-07, 9.46854541439e-08, 2.33980770759e-07, 8.33699971281e-08, 2.42553124252e-08, 1.17455272175e-08, 5.56464918589e-09, 8.47423109462e-09, 1.00635517697e-08, 9.71740554689e-09, 1.5355402283e-08, 1.63525282204e-08, 6.8464927061e-09, 1.35778472909e-08, 2.50501308585e-08, 1.09625375444e-08, 1.25848806931e-08, 8.45035419417e-09, 3.99131394602e-09, 1.21763044092e-08, 7.82124975895e-10, 1.30205413118e-09, 3.373582802e-10, 1.50941051325e-10, 1.02448612094e-10, 9.86501852429e-11, 8.06020805655e-11, 8.77508621322e-11, 3.46157963405e-10, 1.30092603357e-10, 2.43424603391e-11, 1.5162806774e-11, 5.58637060222e-11, 4.66400355836e-12, 9.2686058481e-12], "median": [0.000943024933804, 0.00197699037381, 0.000985268503428, 0.000420335883973, 0.00015359945246, 9.4317154435e-05, 5.60150547244e-05, 3.19182727253e-05, 2.09604422707e-05, 1.43616334753e-05, 9.7424363048e-06, 7.17638658898e-06, 9.38058019528e-06, 1.02662352219e-05, 1.09389657155e-05, 9.19437661651e-06, 1.78690752364e-05, 2.11434526136e-05, 2.05554024433e-05, 1.52725424414e-05, 1.70018065546e-05, 1.64675493579e-05, 1.26285676743e-05, 1.44741943586e-05, 1.87270561582e-05, 1.09092834464e-05, 1.01439918581e-05, 7.58847454563e-06, 4.63044807475e-06, 2.99648763757e-06, 2.68380267698e-06, 2.23905294661e-06, 1.80858512522e-06, 2.05566811928e-06, 1.17750346362e-06, 5.50776405817e-07, 5.38029951258e-07, 5.90010927226e-07, 2.89317910074e-07, 2.75253569271e-07], "dmean2": [0.00105451839045, 0.00245224870741, 0.00148474529851, 0.000751089013647, 0.000275035592495, 0.000201140181161, 0.00012588914251, 0.000149909508764, 9.46386571741e-05, 4.80363705719e-05, 3.43316460203e-05, 2.12819577428e-05, 3.04746918118e-05, 3.58968572982e-05, 3.75971067115e-05, 3.76701282221e-05, 5.47086747247e-05, 4.07872066717e-05, 4.46823287348e-05, 6.44598912913e-05, 4.65645171062e-05, 4.92416220368e-05, 3.58376310032e-05, 2.90790285362e-05, 4.51719242847e-05, 1.59376086231e-05, 1.77329475264e-05, 1.11165172711e-05, 6.34272282696e-06, 4.6932927944e-06, 4.63274272988e-06, 4.03459080189e-06, 3.52340225618e-06, 7.36587799111e-06, 4.47244110546e-06, 1.41903592521e-06, 1.49369805058e-06, 2.64023128693e-06, 8.75575381087e-07, 1.14330543965e-06], "dmean": [0.000667498796247, 0.00148089369759, 0.000869171635713, 0.000452078325907, 0.000173813823494, 0.000128618252347, 8.32746736705e-05, 0.000100580429717, 6.30101203569e-05, 3.17739904858e-05, 2.23542592721e-05, 1.44229552461e-05, 1.99155238079e-05, 2.29409906751e-05, 2.44338643824e-05, 2.47912157647e-05, 3.48114481312e-05, 2.57717310888e-05, 2.83871850115e-05, 4.05371720262e-05, 2.93996381515e-05, 3.21373881889e-05, 2.27605432883e-05, 1.88148733287e-05, 2.87456095975e-05, 1.00647730505e-05, 1.09695738502e-05, 6.92973981131e-06, 3.9897604438e-06, 2.98580062008e-06, 2.95702284347e-06, 2.6124487249e-06, 2.28257158597e-06, 4.6469008339e-06, 2.84172506326e-06, 9.23198456348e-07, 9.870161648e-07, 1.75874606612e-06, 5.81760616569e-07, 7.29187320303e-07], "var": [2.23350343731e-06, 1.20127133414e-05, 3.46223828274e-06, 9.19181672998e-07, 4.58056547359e-07, 3.33682834253e-07, 1.28271764765e-07, 2.59541167225e-07, 1.04931416445e-07, 2.23128093779e-08, 1.11055422636e-08, 1.01336183889e-08, 7.77710340572e-09, 9.26842069759e-09, 1.16371552394e-08, 1.40286546824e-08, 1.66365339282e-08, 6.59955068372e-09, 1.25938814932e-08, 2.68010875715e-08, 1.09883160349e-08, 1.58400226269e-08, 8.48710346446e-09, 4.54285808971e-09, 1.2233067892e-08, 5.79402525958e-10, 9.54856971269e-10, 2.79104767076e-10, 9.42538755377e-11, 5.76291167564e-11, 6.19910858757e-11, 6.01069610751e-11, 8.66875182748e-11, 1.89445528709e-10, 7.22399084996e-11, 1.45998473727e-11, 8.91167955402e-12, 3.06721176235e-11, 2.98157570681e-12, 5.05793063682e-12], "dvar": [1.22154767723e-06, 4.44747320216e-06, 1.48249762333e-06, 4.50086787396e-07, 1.41091916817e-07, 8.3922707006e-08, 4.54248763049e-08, 1.07553027817e-07, 3.72961252992e-08, 1.16263194627e-08, 5.16765563674e-09, 3.18705950519e-09, 3.80751696838e-09, 4.52520643179e-09, 4.8877493164e-09, 7.01914926182e-09, 7.03764513332e-09, 3.06774516901e-09, 5.57601564921e-09, 1.04820134794e-08, 4.55842075198e-09, 6.13704376207e-09, 3.49839313074e-09, 1.80881665202e-09, 5.16672526985e-09, 3.25749732744e-10, 5.41520273067e-10, 1.3607977245e-10, 5.96624832871e-11, 4.12292491814e-11, 4.15697649914e-11, 3.63195307163e-11, 4.39810098063e-11, 1.40946171401e-10, 5.37603503381e-11, 1.05239645123e-11, 6.22984736715e-12, 2.32039006065e-11, 1.91070423372e-12, 3.64645987017e-12], "mean": [0.00131092930678, 0.00327629619278, 0.00162475695834, 0.000766264973208, 0.000353105308022, 0.000282413820969, 0.000167208781932, 0.000180029528565, 0.000115712522529, 5.46944575035e-05, 3.73843540729e-05, 2.46676136157e-05, 3.26358240272e-05, 3.68195032934e-05, 4.00636854465e-05, 3.91381181544e-05, 5.75925914745e-05, 4.51637824881e-05, 5.0027272664e-05, 7.28156082914e-05, 5.29007302248e-05, 5.59653235541e-05, 4.01997094741e-05, 3.42837083736e-05, 5.05617936142e-05, 1.82939365914e-05, 1.92959541891e-05, 1.31443730425e-05, 7.45340366848e-06, 5.16972795594e-06, 5.02633292854e-06, 4.41203746959e-06, 3.82127836929e-06, 6.31601915302e-06, 3.82444613933e-06, 1.45837327636e-06, 1.54887777626e-06, 2.45761202677e-06, 9.10719393232e-07, 1.07229732293e-06]}, "spectral_entropy": {"min": 5.58315753937, "max": 9.79762458801, "dvar2": 0.0356241166592, "median": 7.62334728241, "dmean2": 0.215188875794, "dmean": 0.14837937057, "var": 0.135053411126, "dvar": 0.0175094082952, "mean": 7.59556102753}, "spectral_rolloff": {"min": 21.533203125, "max": 18647.7539062, "dvar2": 1947354.875, "median": 1593.45703125, "dmean2": 1030.68017578, "dmean": 610.976013184, "var": 1951878.875, "dvar": 857887.3125, "mean": 1688.05554199}, "barkbands": {"min": [2.31404517102e-24, 1.12351889373e-23, 7.57964852324e-24, 1.08956624148e-23, 5.50069743094e-23, 2.52034211905e-23, 1.72290992455e-23, 1.96370182726e-23, 1.47116399398e-22, 8.97905842347e-23, 6.27783775637e-23, 5.48522376651e-23, 9.92101324903e-23, 3.65681899978e-23, 8.21037216259e-23, 1.39981461744e-22, 1.37610549759e-22, 2.77652684373e-22, 2.58403392813e-22, 3.86672453681e-22, 5.50507781777e-22, 4.46543184611e-22, 6.5038640762e-22, 7.94527274171e-22, 1.19818575854e-21, 2.132002695e-21, 2.20606504623e-21], "max": [0.0042488607578, 0.0539532415569, 0.0849594995379, 0.0532499030232, 0.0515098460019, 0.0306493639946, 0.0245816055685, 0.0437673777342, 0.0220900215209, 0.0175837371498, 0.0168430972844, 0.0146467871964, 0.0310039110482, 0.0152637306601, 0.0238981880248, 0.0446361303329, 0.0454585105181, 0.0225629489869, 0.0343926250935, 0.0113298371434, 0.0113735673949, 0.011547238566, 0.014932689257, 0.0050768586807, 0.00314831617288, 0.000204039592063, 2.83635199594e-06], "dvar2": [1.32081225956e-07, 4.03810154239e-05, 7.72439743741e-05, 2.08520505112e-05, 1.95794236788e-05, 4.60367391497e-06, 2.52252175414e-06, 4.4427465582e-06, 1.10017958832e-06, 3.86376996175e-07, 4.65028875851e-07, 7.73020929046e-07, 1.29283228034e-06, 1.30986859403e-06, 1.66304050708e-06, 3.7817728753e-06, 3.69418762602e-06, 1.65194126112e-06, 2.298679874e-06, 4.85757425395e-07, 1.57370322995e-07, 1.68889371821e-07, 4.75799396327e-07, 1.33128366997e-07, 4.47618226929e-08, 2.15784126678e-10, 4.67836049577e-14], "median": [2.87467028102e-05, 0.00397399906069, 0.0037476294674, 0.00123824027833, 0.00171800213866, 0.000479748472571, 0.000242464680923, 0.000109907698061, 0.00010501457291, 4.93502120662e-05, 6.85787235852e-05, 9.1699846962e-05, 9.67422893154e-05, 0.000188282559975, 0.000276533159195, 0.000225909883738, 0.00028711927007, 0.000283959176159, 0.000403610931244, 0.00028066613595, 0.000137279042974, 0.000112395035103, 8.21751527837e-05, 4.6310320613e-05, 2.37180593103e-05, 1.63002630416e-06, 1.0412328777e-08], "dmean2": [0.000166637692018, 0.00436807097867, 0.00619465159252, 0.00307702808641, 0.00300334324129, 0.00102295377292, 0.000636770157143, 0.000679574382957, 0.000367875822121, 0.000195978936972, 0.000233342856518, 0.000333002681145, 0.000379661563784, 0.000529634067789, 0.000573622295633, 0.000832446326967, 0.000852443045005, 0.000618665362708, 0.000695994705893, 0.000386936211726, 0.000181612107554, 0.000179100548849, 0.000276874372503, 0.000139499170473, 8.09372140793e-05, 5.70688780499e-06, 6.45747491035e-08], "dmean": [0.000116267117846, 0.00272069149651, 0.00373002886772, 0.00175360881258, 0.00182215170935, 0.000650282599963, 0.000424589699833, 0.000453729444416, 0.000244833616307, 0.000127516701468, 0.000153765970026, 0.000211108228541, 0.000248487427598, 0.000332089839503, 0.000364744890248, 0.000522047863342, 0.000548221694771, 0.000391242705518, 0.000442523043603, 0.000242374837399, 0.000118145428132, 0.000117738796689, 0.000176937828655, 9.4983013696e-05, 5.26266449015e-05, 3.67701727555e-06, 3.74960080762e-08], "var": [1.09396459891e-07, 3.49748443114e-05, 8.62782180775e-05, 1.17662229968e-05, 1.86849101738e-05, 7.42264728615e-06, 3.27433667735e-06, 5.141436759e-06, 1.28840611069e-06, 3.66366833759e-07, 5.48277853341e-07, 7.14288091785e-07, 1.2688450397e-06, 1.30657394948e-06, 1.64688151472e-06, 4.1551893446e-06, 4.54556538898e-06, 1.70570990576e-06, 2.1475423182e-06, 4.16550449245e-07, 9.63627044825e-08, 1.65858608625e-07, 2.76794480669e-07, 8.4848018389e-08, 2.58428229927e-08, 1.14579734589e-10, 1.45371690759e-14], "dvar": [7.07417058265e-08, 1.64120647241e-05, 3.1600749935e-05, 7.15355326975e-06, 7.58318947192e-06, 1.94229528461e-06, 1.27925761717e-06, 2.07873904401e-06, 5.47430374809e-07, 1.81734975513e-07, 2.26926673008e-07, 3.47972189729e-07, 6.215365147e-07, 5.65246978113e-07, 6.99519375758e-07, 1.62504352375e-06, 1.64916048107e-06, 7.12592282071e-07, 9.76315504886e-07, 2.02789593118e-07, 6.49486153748e-08, 8.37216731497e-08, 1.96452489831e-07, 5.65599336255e-08, 1.77095760279e-08, 8.36913316427e-11, 1.72894162908e-14], "mean": [0.000146670427057, 0.0055139712058, 0.00745012005791, 0.00243770331144, 0.003210444469, 0.00141082133632, 0.000764612166677, 0.000790360034443, 0.000425078585977, 0.000198579393327, 0.000247283140197, 0.000338590849424, 0.000386581144994, 0.0005474689533, 0.000654379429761, 0.000933603791054, 0.000990995205939, 0.000687469786499, 0.000820123881567, 0.000483933865326, 0.000224102448556, 0.000214752246393, 0.000248687632848, 0.000147882616147, 8.1584250438e-05, 5.41232066098e-06, 3.49456037441e-08]}, "melbands_flatness_db": {"min": 0.00791635084897, "max": 0.792165756226, "dvar2": 0.00146582664456, "median": 0.200845241547, "dmean2": 0.0426266267896, "dmean": 0.0281527973711, "var": 0.00518566509709, "dvar": 0.000661012192722, "mean": 0.208539605141}, "melbands_skewness": {"min": -1.49099481106, "max": 343.372283936, "dvar2": 20.5888175964, "median": 3.05930924416, "dmean2": 1.71835803986, "dmean": 1.10833323002, "var": 113.830703735, "dvar": 8.45439338684, "mean": 4.16543626785}, "barkbands_skewness": {"min": -3.21572232246, "max": 166.004302979, "dvar2": 4.56852197647, "median": 1.42742443085, "dmean2": 1.08439302444, "dmean": 0.709073841572, "var": 63.1323699951, "dvar": 2.54041576385, "mean": 2.23410844803}, "silence_rate_60dB": {"min": 0, "max": 1, "dvar2": 0.00400112243369, "median": 0, "dmean2": 0.00305547588505, "dmean": 0.00152759219054, "var": 0.0261965431273, "dvar": 0.00152519659605, "mean": 0.0269212406129}, "spectral_energyband_low": {"min": 2.98120002414e-23, "max": 0.120713725686, "dvar2": 0.000149021667312, "median": 0.0109634622931, "dmean2": 0.0100633641705, "dmean": 0.00608574040234, "var": 0.000156274996698, "dvar": 5.92961550865e-05, "mean": 0.0146180856973}, "spectral_energyband_middle_low": {"min": 3.30638666463e-22, "max": 0.0674749985337, "dvar2": 4.72975443699e-05, "median": 0.00719346757978, "dmean2": 0.00581619655713, "dmean": 0.00355626037344, "var": 5.46904811927e-05, "dvar": 1.78623431566e-05, "mean": 0.00914878211915}, "melbands_kurtosis": {"min": -1.88635575771, "max": 126697.453125, "dvar2": 2687071.75, "median": 10.5419712067, "dmean2": 91.5275650024, "dmean": 61.7192344666, "var": 7953345.5, "dvar": 1066709.375, "mean": 158.324905396}, "spectral_decrease": {"min": -3.27100764252e-08, "max": 2.06578038433e-28, "dvar2": 1.05001231623e-17, "median": -6.90250789859e-09, "dmean2": 3.11735282033e-09, "dmean": 1.93547911032e-09, "var": 1.27055802356e-17, "dvar": 4.07511852263e-18, "mean": -7.18636439245e-09}, "erbbands_kurtosis": {"min": -1.88089215755, "max": 56.5544624329, "dvar2": 7.54311513901, "median": -0.223793029785, "dmean2": 1.76648664474, "dmean": 1.12408614159, "var": 10.9040546417, "dvar": 3.30298233032, "mean": 0.860054433346}, "melbands_crest": {"min": 2.08762407303, "max": 39.9994544983, "dvar2": 24.6306819916, "median": 15.964632988, "dmean2": 5.67352724075, "dmean": 3.44813132286, "var": 36.0597457886, "dvar": 9.84235572815, "mean": 16.7368755341}, "melbands_spread": {"min": 0.00698097702116, "max": 202.019851685, "dvar2": 326.748565674, "median": 23.254737854, "dmean2": 15.4977998734, "dmean": 9.83619213104, "var": 530.292297363, "dvar": 140.443771362, "mean": 29.5101337433}, "spectral_energy": {"min": 1.0735015896e-20, "max": 0.125110715628, "dvar2": 0.000154482098878, "median": 0.0285897515714, "dmean2": 0.0121078472584, "dmean": 0.00758094247431, "var": 0.000198815352633, "dvar": 6.03045518801e-05, "mean": 0.0293611679226}, "mfcc": {"mean": [-636.23260498, 97.6045379639, -2.38306093216, 48.730342865, 21.1750526428, 12.7848854065, -0.500080764294, 2.73293280602, -3.8578543663, 3.42937541008, 1.62086439133, -3.02317667007, 0.0600286796689], "icov": [[0.000147327125887, -4.37295739175e-06, 4.80967937619e-05, -5.72257922613e-05, -8.78638020367e-05, -1.30154385261e-05, 7.53505592002e-05, -0.000112661989988, 6.93005858921e-05, 2.03449985747e-06, 1.81400610018e-05, 4.73129404099e-07, 6.32569935988e-05], [-4.37295739175e-06, 0.00115677446593, 0.000149964922457, -0.000837233732454, 0.000367458764231, 0.000212987462874, -3.26665358443e-05, 0.000330650655087, 0.000475417240523, 0.000135431895615, -0.000832816236652, -0.000152447697474, 0.000232771897572], [4.80967937619e-05, 0.000149964922457, 0.00207967683673, 0.000591386400629, -0.000415576039813, -0.000528314325493, 0.000234632170759, -6.30498325336e-05, 0.000502413604409, -0.000581616244745, 1.65687779372e-05, 9.49974128162e-05, 3.33589523507e-05], [-5.72257922613e-05, -0.000837233732454, 0.000591386400629, 0.00430497899652, -0.00101417163387, -0.00138432532549, 0.000318466452882, 0.000343285966665, -0.000378231750801, -0.00097819394432, 0.000556074432097, 0.00128695915919, -0.000778235436883], [-8.78638020367e-05, 0.000367458764231, -0.000415576039813, -0.00101417163387, 0.0048096687533, 0.000411189364968, -0.000982522498816, -9.13264593692e-05, -0.00106484862044, 0.00033171515679, 0.00021152482077, 0.000108515181637, -0.00113321247045], [-1.30154385261e-05, 0.000212987462874, -0.000528314325493, -0.00138432532549, 0.000411189364968, 0.00595475267619, -0.000895013276022, -0.000670073146466, 0.000681970093865, -0.000782870221883, 0.000536015897524, -0.000485096446937, -0.000403887650464], [7.53505592002e-05, -3.26665358443e-05, 0.000234632170759, 0.000318466452882, -0.000982522498816, -0.000895013276022, 0.00796232838184, -0.00200045853853, -0.00119119358715, 8.96810452105e-05, -3.89557935705e-05, 0.000106629064248, -0.000454057182651], [-0.000112661989988, 0.000330650655087, -6.30498325336e-05, 0.000343285966665, -9.13264593692e-05, -0.000670073146466, -0.00200045853853, 0.00814566016197, -0.00242153904401, 0.00117874855641, -0.000528026896063, -0.0014389923308, 0.000550841446966], [6.93005858921e-05, 0.000475417240523, 0.000502413604409, -0.000378231750801, -0.00106484862044, 0.000681970093865, -0.00119119358715, -0.00242153904401, 0.0101745305583, -0.0021265510004, 0.000866416317876, 0.000886967289262, -0.00173039699439], [2.03449985747e-06, 0.000135431895615, -0.000581616244745, -0.00097819394432, 0.00033171515679, -0.000782870221883, 8.96810452105e-05, 0.00117874855641, -0.0021265510004, 0.0108193606138, -0.00349051482044, 0.000121416705952, 0.000164378230693], [1.81400610018e-05, -0.000832816236652, 1.65687779372e-05, 0.000556074432097, 0.00021152482077, 0.000536015897524, -3.89557935705e-05, -0.000528026896063, 0.000866416317876, -0.00349051482044, 0.0120126800612, -0.00588915450498, 0.00221265223809], [4.73129404099e-07, -0.000152447697474, 9.49974128162e-05, 0.00128695915919, 0.000108515181637, -0.000485096446937, 0.000106629064248, -0.0014389923308, 0.000886967289262, 0.000121416705952, -0.00588915450498, 0.0150658413768, -0.00431913696229], [6.32569935988e-05, 0.000232771897572, 3.33589523507e-05, -0.000778235436883, -0.00113321247045, -0.000403887650464, -0.000454057182651, 0.000550841446966, -0.00173039699439, 0.000164378230693, 0.00221265223809, -0.00431913696229, 0.0114232059568]], "cov": [[7092.37109375, 105.949958801, -181.028274536, 174.120101929, 126.806434631, 28.9155254364, -34.3972167969, 74.6068572998, -17.1118679047, -15.3095283508, -19.462097168, -19.5398521423, -26.3956279755], [105.949958801, 1222.85083008, -143.378845215, 207.456390381, -111.468971252, -16.0882511139, -56.079410553, -92.6860275269, -96.2301483154, 24.5670967102, 106.770324707, 20.7997207642, -48.086479187], [-181.028274536, -143.378845215, 545.217956543, -86.1285476685, 26.5171489716, 36.0530700684, -5.70041847229, 5.87263536453, -17.4569015503, 21.8018627167, 2.21821188927, 5.33095645905, -1.51242077351], [174.120101929, 207.456390381, -86.1285476685, 343.536315918, 54.7562828064, 61.152507782, -0.480385392904, -22.61469841, 15.5894031525, 26.1987667084, -18.2308712006, -29.3708286285, 21.5404071808], [126.806434631, -111.468971252, 26.5171489716, 54.7562828064, 266.356994629, 9.92150878906, 47.6871109009, 30.2006835938, 55.1794433594, -3.09064936638, -30.9027805328, -7.74791002274, 43.8949012756], [28.9155254364, -16.0882511139, 36.0530700684, 61.152507782, 9.92150878906, 195.032775879, 24.9418735504, 18.3659095764, 2.88906741142, 16.726600647, -8.81253814697, 2.76911091805, 15.1652679443], [-34.3972167969, -56.079410553, -5.70041847229, -0.480385392904, 47.6871109009, 24.9418735504, 155.203079224, 53.6944923401, 40.7823791504, -1.27571499348, -7.77252912521, 4.25329065323, 19.819393158], [74.6068572998, -92.6860275269, 5.87263536453, -22.61469841, 30.2006835938, 18.3659095764, 53.6944923401, 161.419799805, 47.8829154968, -8.95964336395, 0.653789520264, 17.2237987518, 11.6814498901], [-17.1118679047, -96.2301483154, -17.4569015503, 15.5894031525, 55.1794433594, 2.88906741142, 40.7823791504, 47.8829154968, 136.491867065, 14.5809993744, -20.1143379211, -5.53620815277, 30.3258075714], [-15.3095283508, 24.5670967102, 21.8018627167, 26.1987667084, -3.09064936638, 16.726600647, -1.27571499348, -8.95964336395, 14.5809993744, 112.278556824, 35.8152008057, 9.61279678345, -0.738146841526], [-19.462097168, 106.770324707, 2.21821188927, -18.2308712006, -30.9027805328, -8.81253814697, -7.77252912521, 0.653789520264, -20.1143379211, 35.8152008057, 132.141769409, 50.3070640564, -17.1708049774], [-19.5398521423, 20.7997207642, 5.33095645905, -29.3708286285, -7.74791002274, 2.76911091805, 4.25329065323, 17.2237987518, -5.53620815277, 9.61279678345, 50.3070640564, 97.1403503418, 22.3432617188], [-26.3956279755, -48.086479187, -1.51242077351, 21.5404071808, 43.8949012756, 15.1652679443, 19.819393158, 11.6814498901, 30.3258075714, -0.738146841526, -17.1708049774, 22.3432617188, 111.632614136]]}, "spectral_contrast_valleys": {"min": [-27.2975330353, -27.4131412506, -27.2673244476, -27.1572437286, -27.2971668243, -27.279417038], "max": [-5.55840396881, -5.16678714752, -5.8830575943, -5.90810346603, -5.36142349243, -7.70029401779], "dvar2": [0.300056219101, 0.238118112087, 0.183305218816, 0.128299623728, 0.114065587521, 0.11486902833], "median": [-6.85031414032, -7.05871915817, -7.83996105194, -7.60104227066, -7.17022609711, -9.88522624969], "dmean2": [0.643373072147, 0.594520747662, 0.528321504593, 0.427411228418, 0.374935418367, 0.360162556171], "dmean": [0.394733935595, 0.366169244051, 0.330297291279, 0.269857525826, 0.256954520941, 0.28648597002], "var": [1.91949880123, 1.81330549717, 1.65592479706, 1.76642787457, 1.9060639143, 1.96305382252], "dvar": [0.132540792227, 0.108423575759, 0.0893383026123, 0.0656127780676, 0.0699599310756, 0.0749237462878], "mean": [-7.13394021988, -7.22971820831, -7.98193693161, -7.77840566635, -7.40080022812, -10.1380977631]}, "barkbands_flatness_db": {"min": 0.0373217575252, "max": 0.804815590382, "dvar2": 0.000882920459844, "median": 0.148809105158, "dmean2": 0.0324807986617, "dmean": 0.0212276130915, "var": 0.00351795204915, "dvar": 0.000382910657208, "mean": 0.15705730021}, "dynamic_complexity": 2.95802521706, "spectral_skewness": {"min": -0.693875133991, "max": 3.25415444374, "dvar2": 0.080504976213, "median": 1.1443836689, "dmean2": 0.306067794561, "dmean": 0.193167358637, "var": 0.118496909738, "dvar": 0.0324031040072, "mean": 1.15251123905}, "erbbands_flatness_db": {"min": 0.0220681391656, "max": 0.328936368227, "dvar2": 0.000400122517021, "median": 0.159262254834, "dmean2": 0.0220877677202, "dmean": 0.0152768744156, "var": 0.00144803780131, "dvar": 0.000188