{"lowlevel": {"spectral_complexity": {"min": 0, "max": 59, "dvar2": 48.4765815735, "median": 11, "dmean2": 5.25322151184, "dmean": 3.61852312088, "var": 116.963813782, "dvar": 27.4745502472, "mean": 14.0509710312}, "silence_rate_20dB": {"min": 1, "max": 1, "dvar2": 0, "median": 1, "dmean2": 0, "dmean": 0, "var": 0, "dvar": 0, "mean": 1}, "average_loudness": 0.326815187931, "erbbands_spread": {"min": 3.2150323391, "max": 182.216567993, "dvar2": 516.961547852, "median": 57.0266571045, "dmean2": 19.283241272, "dmean": 13.3001527786, "var": 960.506652832, "dvar": 236.64175415, "mean": 61.1080284119}, "spectral_kurtosis": {"min": -1.32408618927, "max": 61.5114974976, "dvar2": 9.05595588684, "median": 2.98321056366, "dmean2": 1.86091089249, "dmean": 1.27243101597, "var": 9.60766220093, "dvar": 4.04273891449, "mean": 3.68829798698}, "barkbands_kurtosis": {"min": -1.941447258, "max": 1423.70776367, "dvar2": 836.362548828, "median": 3.54307389259, "dmean2": 9.06182193756, "dmean": 5.99005174637, "var": 6729.75732422, "dvar": 481.550415039, "mean": 16.9457473755}, "spectral_strongpeak": {"min": 0, "max": 12.433465004, "dvar2": 1.58473730087, "median": 0.433119535446, "dmean2": 0.651280641556, "dmean": 0.382815927267, "var": 1.09384143353, "dvar": 0.636992037296, "mean": 0.729517638683}, "spectral_spread": {"min": 1373526.125, "max": 17823012, "dvar2": 2457701711870.0, "median": 6014703, "dmean2": 1279114.375, "dmean": 1009567.0625, "var": 6155213996030.0, "dvar": 1327843639300.0, "mean": 6465039}, "spectral_rms": {"min": 4.94169626108e-06, "max": 0.0148887131363, "dvar2": 2.52164659287e-06, "median": 0.00425196392462, "dmean2": 0.00108178996015, "dmean": 0.000750089006033, "var": 4.64576260129e-06, "dvar": 1.14982719879e-06, "mean": 0.00432034023106}, "erbbands": {"min": [4.12515674952e-07, 1.49264087668e-06, 2.56133807852e-06, 3.06737024403e-06, 2.62303069576e-06, 2.25276858146e-06, 4.30462932854e-06, 1.4769129848e-06, 4.20452550998e-07, 3.96859462626e-07, 3.60804847332e-07, 1.27185876408e-06, 1.045527938e-06, 9.83299742074e-07, 1.49324068843e-06, 2.22675748773e-06, 1.99427017833e-06, 2.80969175037e-06, 2.32074626183e-06, 2.21476966544e-06, 1.87240686955e-06, 1.668999289e-06, 1.84283044291e-06, 1.43339082115e-06, 1.31803767545e-06, 9.7340080174e-07, 1.20102549772e-06, 9.83226868811e-07, 1.08019264644e-06, 7.96467816144e-07, 4.52035067156e-07, 3.13307850774e-07, 2.5945928428e-07, 1.51281014382e-07, 1.27578701381e-07, 8.28349087101e-08, 4.52094965908e-08, 1.29158408413e-08, 3.84624332384e-09, 3.20038884283e-10], "max": [0.661867499352, 10.093378067, 68.3889312744, 174.91305542, 641.201171875, 674.080200195, 347.574768066, 640.015441895, 592.666442871, 546.755432129, 790.364624023, 786.448974609, 1398.26708984, 1101.7097168, 1162.78259277, 515.536437988, 735.515869141, 627.250244141, 1192.13598633, 457.720245361, 632.217956543, 1586.30786133, 504.115356445, 356.783172607, 311.450561523, 170.765686035, 110.892433167, 149.744430542, 185.169830322, 205.493652344, 242.397445679, 245.528991699, 173.584533691, 145.195480347, 42.0312080383, 29.1858444214, 13.6255617142, 3.40082550049, 0.288716614246, 0.00965480785817], "dvar2": [0.00751986820251, 1.45249044895, 24.0579319, 440.330078125, 4705.00341797, 756.725280762, 208.985137939, 392.343048096, 1130.30163574, 1090.30310059, 857.668334961, 639.959716797, 2143.15209961, 1035.00891113, 1473.94287109, 461.712127686, 574.969787598, 1781.90380859, 2668.57470703, 923.690490723, 1317.92272949, 3874.60498047, 885.632568359, 437.312408447, 429.762756348, 222.040618896, 196.279251099, 243.802520752, 440.177459717, 354.549194336, 300.780944824, 180.037796021, 43.5794258118, 23.1938705444, 13.8371276855, 14.341173172, 3.09049630165, 0.194229111075, 0.00102919049095, 1.21499590477e-06], "median": [0.0122362468392, 0.212767705321, 1.82534325123, 7.55673646927, 10.3522787094, 6.54370880127, 5.24660682678, 4.00804805756, 4.81914615631, 3.06896066666, 2.3222990036, 3.91608715057, 3.22829437256, 1.93223118782, 2.14306592941, 2.92597007751, 2.35217118263, 2.51434469223, 3.47958040237, 4.58518695831, 4.69897460938, 6.65205860138, 5.87428760529, 4.12853622437, 4.23807573318, 3.64629483223, 2.87565398216, 2.36750912666, 1.61383664608, 1.63771748543, 1.38174724579, 1.2694568634, 0.682855367661, 0.467105597258, 0.260215073824, 0.154823094606, 0.0545872971416, 0.0126459524035, 0.00099583726842, 5.91043353779e-05], "dmean2": [0.0375012233853, 0.56793397665, 2.45427918434, 10.1187419891, 24.9834823608, 12.5770235062, 7.12849903107, 7.57475805283, 10.7808275223, 11.7005825043, 7.69627666473, 9.78679656982, 10.5165662766, 8.94180870056, 11.2968521118, 8.07732009888, 9.18022060394, 15.8931303024, 15.9087495804, 12.9751186371, 14.8143539429, 21.3357143402, 12.9968547821, 9.20081806183, 9.82868099213, 7.92448377609, 6.74931049347, 7.38423252106, 9.04068946838, 8.70460605621, 7.53033542633, 6.20743083954, 2.8411822319, 1.81212902069, 1.42728471756, 1.28945064545, 0.58202791214, 0.149431034923, 0.012492608279, 0.000426523794886], "dmean": [0.0225273557007, 0.337449878454, 1.52649617195, 6.18513917923, 15.3545598984, 7.81769895554, 4.78386116028, 4.86252260208, 7.00010490417, 7.58127307892, 5.08099365234, 6.33220386505, 6.81206464767, 5.75327444077, 7.46154594421, 5.17075920105, 5.91258859634, 10.3394203186, 10.1160154343, 8.18925380707, 9.54236507416, 13.4574794769, 8.25069046021, 5.9269733429, 6.28721570969, 5.1320567131, 4.49756765366, 4.96646022797, 5.99958086014, 5.96472215652, 5.19814634323, 4.42360544205, 2.16784667969, 1.3783210516, 1.02642822266, 0.913353323936, 0.401733934879, 0.101680226624, 0.00886845588684, 0.000309088500217], "var": [0.00316251581535, 0.706116616726, 18.7178936005, 214.446807861, 2300.33935547, 1058.01171875, 297.414337158, 411.226196289, 944.577575684, 1401.22363281, 871.775085449, 501.495880127, 2278.72827148, 926.922607422, 1970.46936035, 524.948669434, 660.583679199, 2484.59863281, 2755.19799805, 781.100891113, 2379.58398438, 2974.79956055, 856.379577637, 401.154998779, 431.458190918, 209.921585083, 168.006072998, 212.29019165, 269.970581055, 276.985656738, 222.226669312, 183.674850464, 58.8522377014, 21.8895874023, 9.22358989716, 8.39682674408, 1.5448321104, 0.0920932367444, 0.000694663263857, 8.54844302012e-07], "dvar": [0.00294200284407, 0.538814604282, 8.92997455597, 163.298858643, 1793.51147461, 314.160827637, 94.3987426758, 161.364242554, 444.230743408, 463.404785156, 393.153106689, 290.234771729, 887.102539062, 432.121887207, 666.67791748, 187.814544678, 246.829940796, 797.59387207, 1044.00622559, 388.732910156, 544.149780273, 1520.42370605, 362.617950439, 176.743270874, 176.062042236, 96.0813140869, 87.7353668213, 112.58681488, 198.477172852, 169.401580811, 140.654968262, 88.1234588623, 24.5273017883, 11.6963586807, 6.09956979752, 6.19990968704, 1.28781998158, 0.0797692164779, 0.000452503503766, 5.39659993137e-07], "mean": [0.0283818151802, 0.485800862312, 3.15111923218, 11.7706670761, 24.5586090088, 14.5031957626, 10.6628580093, 9.19335269928, 12.2514104843, 13.839512825, 8.62471485138, 9.70196723938, 11.8518915176, 9.56264686584, 13.8153877258, 9.86131763458, 11.4786987305, 20.2893409729, 19.4964580536, 14.6548643112, 21.1403217316, 25.9995994568, 16.187543869, 10.8387050629, 11.785782814, 9.25230026245, 7.81379365921, 8.27189731598, 8.07882404327, 8.71155548096, 7.35377073288, 6.99031305313, 3.54885482788, 2.19173789024, 1.49266803265, 1.2321754694, 0.50984287262, 0.126495331526, 0.0127309653908, 0.000469772552606]}, "zerocrossingrate": {"min": 0, "max": 0.4375, "dvar2": 0.000527111871634, "median": 0.06787109375, "dmean2": 0.0193265005946, "dmean": 0.0178080648184, "var": 0.00284433411434, "dvar": 0.000446665653726, "mean": 0.0789653137326}, "spectral_contrast_coeffs": {"min": [-0.934208929539, -0.967536628246, -0.961691617966, -0.966398954391, -0.952256500721, -0.90795481205], "max": [-0.277051270008, -0.384842216969, -0.381283670664, -0.467923015356, -0.568464338779, -0.652473628521], "dvar2": [0.00573666673154, 0.00351946614683, 0.00217242632061, 0.00143090332858, 0.000819593784399, 0.000719077594113], "median": [-0.585556983948, -0.750280618668, -0.801230728626, -0.803148150444, -0.804307281971, -0.787474632263], "dmean2": [0.0863327607512, 0.0680145919323, 0.0568712763488, 0.0454471483827, 0.0341038405895, 0.0293302256614], "dmean": [0.0536238439381, 0.0428468063474, 0.0359290465713, 0.0289111733437, 0.0215784758329, 0.020033672452], "var": [0.00717791263014, 0.00601916620508, 0.00503218313679, 0.00390677852556, 0.00218222010881, 0.00221735727973], "dvar": [0.00226035155356, 0.00140422920231, 0.000910398550332, 0.000618185673375, 0.000362913822755, 0.000340908358339], "mean": [-0.585128307343, -0.739200294018, -0.788597166538, -0.789786100388, -0.797266542912, -0.783614218235]}, "dissonance": {"min": 0.162750691175, "max": 0.500000119209, "dvar2": 0.000779596157372, "median": 0.477643489838, "dmean2": 0.0243933647871, "dmean": 0.0149232810363, "var": 0.000903638196178, "dvar": 0.000306497211568, "mean": 0.468890249729}, "spectral_energyband_high": {"min": 1.60250965275e-10, "max": 0.0222425945103, "dvar2": 6.75938372297e-06, "median": 0.000438241579104, "dmean2": 0.00119609176181, "dmean": 0.000922366511077, "var": 7.69424514147e-06, "dvar": 3.65183268514e-06, "mean": 0.0016337466659}, "gfcc": {"mean": [-17.4186439514, 61.1889190674, -79.6629486084, 34.7987823486, -46.5041122437, 5.83484363556, -45.2508735657, 0.0398352332413, -30.4208011627, -4.43402862549, -23.7331752777, -2.08267474174, -18.4094638824], "icov": [[9.4598675787e-05, 8.38777123136e-05, 9.60149991442e-05, -3.62063146895e-05, 0.000145335114212, 2.49336062552e-05, 5.26766198163e-05, -0.000107872729131, 7.2920731327e-05, 3.26582958223e-05, 0.000368594424799, -5.19426293977e-06, 0.000208757352084], [8.38777123136e-05, 0.0011846589623, 0.000458356487798, 0.000168793601915, -0.000293406716082, 0.00101773312781, -0.000521489593666, 0.000196978333406, -0.000144036763231, 0.000913579016924, -0.000946303014643, 0.00122676161118, -0.000702071702108], [9.60149991442e-05, 0.000458356487798, 0.00131001812406, -0.000215454449062, 0.000105932951556, -0.000253577687545, -0.00035611705971, -2.11680289794e-05, 0.000696658389643, -0.000612752104644, 0.000873103912454, -0.000731203530449, 0.000643148145173], [-3.62063146895e-05, 0.000168793601915, -0.000215454449062, 0.00267125829123, 0.000128238782054, 0.00041539745871, -0.000375209667254, 0.00123231869657, -0.00102957314812, 0.000827624869999, -0.00111015117727, 0.00199756585062, -0.00207639369182], [0.000145335114212, -0.000293406716082, 0.000105932951556, 0.000128238782054, 0.00355719588697, 0.000235551065998, 0.000108168904262, -0.00073316693306, 0.000414594280301, -0.00224030669779, 0.00201282673515, -0.000245782808634, -0.00103303871583], [2.49336062552e-05, 0.00101773312781, -0.000253577687545, 0.00041539745871, 0.000235551065998, 0.00836004596204, -0.00234677712433, 0.000547072559129, -0.000760365277529, 0.000615035300143, -0.00282769859768, 0.00277793826535, -0.000854699173942], [5.26766198163e-05, -0.000521489593666, -0.00035611705971, -0.000375209667254, 0.000108168904262, -0.00234677712433, 0.00927137210965, -0.00341861904599, 0.000258773681708, 0.00180692400318, -0.000290972762741, -0.00080930464901, -0.000160385054187], [-0.000107872729131, 0.000196978333406, -2.11680289794e-05, 0.00123231869657, -0.00073316693306, 0.000547072559129, -0.00341861904599, 0.0117843793705, -0.00272323354147, -0.00100481940899, 0.000839320302475, -0.00166975043248, 0.000953237875365], [7.2920731327e-05, -0.000144036763231, 0.000696658389643, -0.00102957314812, 0.000414594280301, -0.000760365277529, 0.000258773681708, -0.00272323354147, 0.00983021780849, -0.00132258026861, -0.00126724760048, 0.00173625571188, -0.000253962469287], [3.26582958223e-05, 0.000913579016924, -0.000612752104644, 0.000827624869999, -0.00224030669779, 0.000615035300143, 0.00180692400318, -0.00100481940899, -0.00132258026861, 0.0137105332687, -0.00401950674132, 0.00160625518765, 0.00058701634407], [0.000368594424799, -0.000946303014643, 0.000873103912454, -0.00111015117727, 0.00201282673515, -0.00282769859768, -0.000290972762741, 0.000839320302475, -0.00126724760048, -0.00401950674132, 0.0183754432946, -0.00725998310372, 0.00267408392392], [-5.19426293977e-06, 0.00122676161118, -0.000731203530449, 0.00199756585062, -0.000245782808634, 0.00277793826535, -0.00080930464901, -0.00166975043248, 0.00173625571188, 0.00160625518765, -0.00725998310372, 0.020913111046, -0.0058908383362], [0.000208757352084, -0.000702071702108, 0.000643148145173, -0.00207639369182, -0.00103303871583, -0.000854699173942, -0.000160385054187, 0.000953237875365, -0.000253962469287, 0.00058701634407, 0.00267408392392, -0.0058908383362, 0.0180411431938]], "cov": [[15331.9931641, -1414.31420898, -326.262329102, -12.6988649368, -664.989135742, -18.0066223145, -143.623413086, 76.2487716675, -111.421607971, -127.906051636, -339.283599854, -96.0329360962, -244.988510132], [-1414.31420898, 1616.15612793, -676.752746582, 50.9897003174, 133.797119141, -144.669342041, 39.3043136597, -31.2145252228, 69.2200927734, -89.0441513062, 62.1558113098, -56.3191871643, 88.3277206421], [-326.262329102, -676.752746582, 1201.25744629, -26.9123802185, -15.4013948441, 80.0925369263, 26.4098815918, 14.9187707901, -91.0129852295, 68.9857406616, -37.1742134094, 51.6150093079, -47.2849235535], [-12.6988649368, 50.9897003174, -26.9123802185, 500.909912109, -51.7988357544, 5.7536482811, 6.64908504486, -57.8432350159, 47.0199546814, -36.7182579041, 16.4045352936, -39.4668579102, 47.7016296387], [-664.989135742, 133.797119141, -15.4013948441, -51.7988357544, 385.063873291, -36.8826522827, -6.44174003601, 23.999546051, -5.43014717102, 53.4093399048, -22.4882793427, 4.30773448944, 29.3905715942], [-18.0066223145, -144.669342041, 80.0925369263, 5.7536482811, -36.8826522827, 158.58215332, 36.410785675, 3.74827980995, 10.3682966232, 2.55912137032, 18.31772995, -5.60669851303, -6.57101249695], [-143.623413086, 39.3043136597, 26.4098815918, 6.64908504486, -6.44174003601, 36.410785675, 138.758453369, 35.6837387085, 7.63502550125, -17.322807312, 9.57155227661, 6.72899580002, 5.16901874542], [76.2487716675, -31.2145252228, 14.9187707901, -57.8432350159, 23.999546051, 3.74827980995, 35.6837387085, 112.286552429, 20.3439903259, 13.2396144867, -3.81163239479, 11.4047937393, -9.20551490784], [-111.421607971, 69.2200927734, -91.0129852295, 47.0199546814, -5.43014717102, 10.3682966232, 7.63502550125, 20.3439903259, 127.368370056, 6.89645051956, 18.0673160553, -14.4269475937, 5.99222230911], [-127.906051636, -89.0441513062, 68.9857406616, -36.7182579041, 53.4093399048, 2.55912137032, -17.322807312, 13.2396144867, 6.89645051956, 100.33846283, 11.9240789413, 4.92090559006, -9.67277336121], [-339.283599854, 62.1558113098, -37.1742134094, 16.4045352936, -22.4882793427, 18.31772995, 9.57155227661, -3.81163239479, 18.0673160553, 11.9240789413, 83.385597229, 18.1037864685, 2.842679739], [-96.0329360962, -56.3191871643, 51.6150093079, -39.4668579102, 4.30773448944, -5.60669851303, 6.72899580002, 11.4047937393, -14.4269475937, 4.92090559006, 18.1037864685, 68.9667663574, 11.4481039047], [-244.988510132, 88.3277206421, -47.2849235535, 47.7016296387, 29.3905715942, -6.57101249695, 5.16901874542, -9.20551490784, 5.99222230911, -9.67277336121, 2.842679739, 11.4481039047, 74.4964294434]]}, "spectral_flux": {"min": 6.33030285826e-05, "max": 0.381704568863, "dvar2": 0.0019205029821, "median": 0.0575211085379, "dmean2": 0.033168386668, "dmean": 0.022031199187, "var": 0.00247997348197, "dvar": 0.00094592559617, "mean": 0.0685076117516}, "silence_rate_30dB": {"min": 0, "max": 1, "dvar2": 0.028814310208, "median": 1, "dmean2": 0.0224089641124, "dmean": 0.0112034361809, "var": 0.0106198936701, "dvar": 0.0110769392923, "mean": 0.989264369011}, "spectral_energyband_middle_high": {"min": 5.63386448604e-10, "max": 0.0594044849277, "dvar2": 6.27541066933e-06, "median": 0.00121935165953, "dmean2": 0.00141539226752, "dmean": 0.000952203001361, "var": 1.52032980623e-05, "dvar": 2.8512802146e-06, "mean": 0.00316158169881}, "barkbands_spread": {"min": 0.351401388645, "max": 117.868583679, "dvar2": 315.618591309, "median": 24.4215297699, "dmean2": 12.9868059158, "dmean": 8.74666595459, "var": 403.143310547, "dvar": 140.373779297, "mean": 27.9858169556}, "spectral_centroid": {"min": 171.544265747, "max": 8437.87890625, "dvar2": 305731.84375, "median": 1061.67431641, "dmean2": 425.885437012, "dmean": 277.835510254, "var": 504397.15625, "dvar": 135988.265625, "mean": 1192.79187012}, "pitch_salience": {"min": 0.0373269096017, "max": 0.818797111511, "dvar2": 0.0125723592937, "median": 0.559545755386, "dmean2": 0.115723967552, "dmean": 0.0715765878558, "var": 0.0161126069725, "dvar": 0.00462571997195, "mean": 0.544724225998}, "erbbands_skewness": {"min": -5.43211746216, "max": 7.61275863647, "dvar2": 0.44733607769, "median": 0.146871432662, "dmean2": 0.59761762619, "dmean": 0.401684731245, "var": 1.04085743427, "dvar": 0.209617078304, "mean": 0.192802920938}, "erbbands_crest": {"min": 2.16911053658, "max": 30.5899963379, "dvar2": 16.3513259888, "median": 7.91634464264, "dmean2": 3.93302512169, "dmean": 2.4892680645, "var": 22.2390060425, "dvar": 6.578520298, "mean": 9.12969875336}, "melbands": {"min": [3.5574547752e-09, 1.57617452423e-09, 5.62790092307e-10, 1.40803008142e-10, 1.32301392064e-10, 5.03619299042e-11, 4.85443803211e-12, 2.63110366827e-12, 4.16782667406e-12, 6.93486630968e-12, 4.28999977903e-12, 3.90984467025e-12, 3.91077144626e-12, 5.78357023731e-12, 3.35165445745e-12, 3.11605168751e-12, 4.97035442318e-12, 3.72874734561e-12, 3.16357248557e-12, 2.86252532095e-12, 2.02044696078e-12, 1.68374212142e-12, 1.78754754054e-12, 1.44422332166e-12, 1.1154403139e-12, 1.10559651711e-12, 7.24364361895e-13, 6.04862243191e-13, 7.14659451409e-13, 6.87689217637e-13, 5.63105660191e-13, 6.24723905419e-13, 5.2920889242e-13, 4.29493625994e-13, 2.56935043987e-13, 2.2484200916e-13, 1.91305711507e-13, 2.10673058859e-13, 1.25465176443e-13, 1.26262973059e-13], "max": [0.00798955280334, 0.0287705752999, 0.0406791195273, 0.0336260348558, 0.0171341579407, 0.0125308008865, 0.00834335014224, 0.00573650887236, 0.00643042940646, 0.00432494655252, 0.0070087723434, 0.00410747295246, 0.00670936750248, 0.000976825132966, 0.00154479045887, 0.000881856831256, 0.00134456297383, 0.00158016348723, 0.00129583163653, 0.000596265716013, 0.000670514069498, 0.00146414164919, 0.000978617928922, 0.000563863664865, 0.000370004301658, 0.000214890271309, 0.000251301622484, 0.000113846959721, 7.94773950474e-05, 9.15233540582e-05, 0.000114897411549, 0.000110825400043, 0.000171461477294, 0.000146919846884, 0.000123014775454, 0.000244384165853, 0.000153370987391, 0.000115596310934, 0.000215290507185, 9.27255459828e-05], "dvar2": [1.06345783024e-06, 4.35154970546e-06, 2.52560403169e-05, 1.27578996398e-05, 3.22659559515e-07, 1.73766494527e-07, 2.45815584776e-07, 1.02759628362e-07, 5.2825871677e-08, 2.8056902579e-08, 5.24740713104e-08, 1.73728764707e-08, 2.89016774957e-08, 2.98075475413e-09, 4.66352156892e-09, 2.95898483493e-09, 7.91885579332e-09, 7.67997399009e-09, 2.54970622393e-09, 1.68670843959e-09, 2.48988696328e-09, 4.66305127844e-09, 3.24561266751e-09, 4.17525292118e-10, 3.76461084528e-10, 1.98572644439e-10, 2.43448039505e-10, 1.13051838724e-10, 9.16967543563e-11, 7.3344649798e-11, 1.08165247592e-10, 1.57661703137e-10, 1.43514686246e-10, 1.31964897343e-10, 1.05039622833e-10, 1.45524370332e-10, 5.8460208896e-11, 2.57117747232e-11, 2.58918927964e-11, 1.72890261135e-11], "median": [0.000146602833411, 0.000740618503187, 0.00153149757534, 0.000643755076453, 0.000189615035197, 9.64938662946e-05, 7.27083461243e-05, 2.95672507491e-05, 1.63261829584e-05, 2.3883429094e-05, 1.44595687743e-05, 7.00205237081e-06, 6.54091127217e-06, 6.73148952046e-06, 6.61505691824e-06, 3.97133908336e-06, 3.91811954614e-06, 4.80972630612e-06, 5.23103426531e-06, 4.98237659485e-06, 4.93733750773e-06, 6.34682510281e-06, 5.34754963155e-06, 4.03265266868e-06, 2.82632777271e-06, 2.92175741379e-06, 2.68725943897e-06, 2.14389638131e-06, 1.71416650119e-06, 1.56759790571e-06, 1.1661084045e-06, 8.45185240905e-07, 8.06978505352e-07, 9.26009079194e-07, 7.40260475141e-07, 8.41667940676e-07, 6.5848291797e-07, 4.40609596808e-07, 4.54017822449e-07, 3.50705533947e-07], "dmean2": [0.000457674002973, 0.00107929401565, 0.0021377003286, 0.00144370214548, 0.000266734743491, 0.000169931998244, 0.000166354395333, 0.000116176401207, 6.12241856288e-05, 6.41717124381e-05, 5.2884392062e-05, 3.59961231879e-05, 4.39977957285e-05, 2.15288200707e-05, 2.38212687691e-05, 2.25060848607e-05, 3.23989879689e-05, 2.78533316305e-05, 1.9274861188e-05, 1.72602285602e-05, 1.92286297533e-05, 2.34251965594e-05, 1.98923844437e-05, 9.0236790129e-06, 8.22346919449e-06, 7.0117789619e-06, 7.14322368367e-06, 5.58281954e-06, 4.58451995655e-06, 4.2438091441e-06, 4.71970997751e-06, 5.2371547099e-06, 5.03487081005e-06, 5.323825917e-06, 4.42267173639e-06, 4.80084781884e-06, 3.49197512151e-06, 2.12492227547e-06, 1.8230381329e-06, 1.61950288202e-06], "dmean": [0.000273738667602, 0.000665724510327, 0.00131376401987, 0.000885738700163, 0.000176066605491, 0.000109825188702, 0.000108259228, 7.53966669436e-05, 4.03843441745e-05, 4.14346286561e-05, 3.41126833519e-05, 2.30894620472e-05, 2.88348473987e-05, 1.39258381751e-05, 1.50442083395e-05, 1.46137599586e-05, 2.08741566894e-05, 1.76400244527e-05, 1.22721057778e-05, 1.08325148176e-05, 1.2369065189e-05, 1.48300914589e-05, 1.25385558931e-05, 5.77106402488e-06, 5.21819401911e-06, 4.42907457909e-06, 4.53101529274e-06, 3.56980058314e-06, 2.98916029351e-06, 2.82806536234e-06, 3.12198835672e-06, 3.42400494446e-06, 3.3392620935e-06, 3.59605814992e-06, 2.98797840514e-06, 3.26977783516e-06, 2.47604248216e-06, 1.56280236752e-06, 1.36641551762e-06, 1.18186153486e-06], "var": [4.43040590881e-07, 3.29436556967e-06, 1.05870194602e-05, 7.77218519943e-06, 6.23090954832e-07, 1.88079255281e-07, 2.19055792172e-07, 1.37364438046e-07, 5.50026904023e-08, 2.17755342646e-08, 5.72952494338e-08, 1.50380863317e-08, 3.55322598011e-08, 3.41056094477e-09, 5.25498222714e-09, 3.69702801706e-09, 1.0575135434e-08, 8.53340953455e-09, 2.1345085699e-09, 1.77934389445e-09, 3.76275632874e-09, 3.88032095344e-09, 2.63855048921e-09, 3.78557907244e-10, 3.24172272359e-10, 1.96849564427e-10, 2.12973569336e-10, 8.99274266164e-11, 6.4916821918e-11, 6.93394092144e-11, 7.87524490065e-11, 8.82166076299e-11, 8.2382808908e-11, 9.95625526468e-11, 6.99284935513e-11, 9.62380314329e-11, 5.95063859299e-11, 2.86993085546e-11, 2.72918701527e-11, 1.36889171873e-11], "dvar": [4.07387574342e-07, 1.61710408975e-06, 9.3876833489e-06, 4.95184349347e-06, 1.49198697841e-07, 7.1774131527e-08, 9.72972955537e-08, 4.42305037041e-08, 2.48530707125e-08, 1.23638432825e-08, 2.18979021582e-08, 7.21630932787e-09, 1.29552120143e-08, 1.31301047812e-09, 1.96916216666e-09, 1.28875288219e-09, 3.53163298605e-09, 3.03880876018e-09, 1.06532915822e-09, 6.78261502518e-10, 1.03943453844e-09, 1.85233783867e-09, 1.31637345469e-09, 1.73235231715e-10, 1.50689447032e-10, 8.12396122596e-11, 1.00704430905e-10, 4.77964369472e-11, 3.94017318772e-11, 3.24928278728e-11, 4.79011691423e-11, 6.9637080824e-11, 6.3231017644e-11, 6.12701625546e-11, 4.79671059816e-11, 6.32230032216e-11, 2.827087002e-11, 1.32256696914e-11, 1.38290455476e-11, 8.18482434606e-12], "mean": [0.000355704396497, 0.0013148249127, 0.00238555157557, 0.00150228652637, 0.000386046245694, 0.000213657316635, 0.000192186053027, 0.000137232957059, 6.51964510325e-05, 6.26951587037e-05, 5.80815612921e-05, 3.61134989362e-05, 5.05458738189e-05, 2.55127797573e-05, 2.60577107838e-05, 2.6869976864e-05, 3.86221072404e-05, 3.24723769154e-05, 1.99211372092e-05, 2.01330822165e-05, 2.51678666245e-05, 2.73563709925e-05, 2.17187807721e-05, 1.03095962913e-05, 8.46275088406e-06, 8.05032414064e-06, 7.81357539381e-06, 5.8638606788e-06, 4.78962556372e-06, 4.82575342176e-06, 4.73062527817e-06, 4.42765758635e-06, 4.370640454e-06, 5.1769966376e-06, 3.98687370762e-06, 4.72318697575e-06, 3.89580918636e-06, 2.42091982727e-06, 2.16713078771e-06, 1.75303580363e-06]}, "spectral_entropy": {"min": 4.73273801804, "max": 9.0275850296, "dvar2": 0.0987281650305, "median": 7.67189502716, "dmean2": 0.275039494038, "dmean": 0.207700848579, "var": 0.252985924482, "dvar": 0.055733256042, "mean": 7.6437587738}, "spectral_rolloff": {"min": 21.533203125, "max": 14814.84375, "dvar2": 9096285, "median": 775.1953125, "dmean2": 1591.75744629, "dmean": 926.640380859, "var": 5330319, "dvar": 3657980.75, "mean": 1769.203125}, "barkbands": {"min": [9.77069802843e-09, 8.97446028603e-09, 7.16385173405e-10, 8.90235773987e-10, 4.56165966112e-10, 5.32367150363e-10, 2.33762315061e-11, 7.19246710801e-12, 5.15175679894e-11, 1.69798255317e-11, 2.62155575026e-11, 4.88179496827e-11, 3.52203891052e-11, 5.14081902048e-11, 4.15511826335e-11, 3.75747072345e-11, 2.8938282326e-11, 3.20287477096e-11, 2.83839115406e-11, 1.99641431858e-11, 2.69916970719e-11, 2.94565795367e-11, 1.9407121743e-11, 1.49424448509e-11, 1.50461431508e-11, 2.48796816482e-11, 2.08986387223e-11], "max": [0.00072629598435, 0.0366132482886, 0.0701938718557, 0.10276837647, 0.131150901318, 0.0528176724911, 0.0356552712619, 0.0288792401552, 0.0262721478939, 0.0367616638541, 0.0576030537486, 0.0118607897311, 0.0154169686139, 0.0114274695516, 0.022712437436, 0.00997448340058, 0.0255512129515, 0.00950745213777, 0.00636034971103, 0.0035576033406, 0.00305992038921, 0.00514301285148, 0.00832638703287, 0.0097626671195, 0.00870475359261, 0.00655377376825, 0.00173784093931], "dvar2": [4.3093546509e-09, 2.05347096198e-05, 2.94615492749e-05, 0.000133378620376, 0.000185962286196, 3.80510027753e-06, 5.56143913855e-06, 1.64951006809e-06, 1.29615102651e-06, 1.45505180171e-06, 1.58727107191e-06, 2.98179827496e-07, 3.24237191762e-07, 7.82276288191e-07, 7.75543242071e-07, 3.76240194555e-07, 1.36420987928e-06, 2.25145143418e-07, 1.61368618024e-07, 1.05949986562e-07, 1.17883445228e-07, 3.1766140296e-07, 3.74311099449e-07, 2.20835218556e-07, 2.12928881638e-07, 7.728818332e-07, 4.88410272226e-08], "median": [2.04397802008e-05, 0.000693639798556, 0.00186334073078, 0.00263424403965, 0.00273278472014, 0.000614891876467, 0.000282689987216, 8.80080478964e-05, 0.000145289624925, 7.42341217119e-05, 4.16043767473e-05, 6.55836629448e-05, 4.36587506556e-05, 4.18221970904e-05, 7.58492824389e-05, 6.47357228445e-05, 0.000104935912532, 8.82556341821e-05, 7.93437284301e-05, 7.8121869592e-05, 6.59941288177e-05, 4.20349279011e-05, 5.17458065588e-05, 5.23995986441e-05, 4.01167235395e-05, 3.2439314964e-05, 6.22676634521e-06], "dmean2": [3.60562080459e-05, 0.00209620199166, 0.00269383005798, 0.00486357696354, 0.00560421869159, 0.000889397284482, 0.000824182352517, 0.00039118717541, 0.000425554870162, 0.000296914018691, 0.00031769881025, 0.000208935234696, 0.000222980830586, 0.000335700955475, 0.00030820487882, 0.000254315760685, 0.000412299239542, 0.000212887869566, 0.000192236635485, 0.000170890867594, 0.000167576319654, 0.000242269583396, 0.000278751394944, 0.000217527151108, 0.000184194344911, 0.000295496400213, 8.02957947599e-05], "dmean": [2.6339028409e-05, 0.00125110242516, 0.00168620818295, 0.00294522475451, 0.00346799334511, 0.000582054664847, 0.000533549289685, 0.000256943312706, 0.000273414276307, 0.000189212107216, 0.000209139019717, 0.000133146299049, 0.000141527154483, 0.00021422120335, 0.000196140914341, 0.000161758216564, 0.000259905471466, 0.000135207403218, 0.000123181074741, 0.000111016146548, 0.000113652327855, 0.000162257885677, 0.000193294719793, 0.00016257223615, 0.00013547213166, 0.000211597929592, 5.6077948102e-05], "var": [5.58272494899e-09, 9.42147926253e-06, 2.12470531551e-05, 4.85381569888e-05, 0.000131213877467, 4.30963018516e-06, 5.5155364862e-06, 1.89865841094e-06, 1.1061999885e-06, 1.65649771589e-06, 1.93826008399e-06, 3.14927063982e-07, 3.53662500174e-07, 9.87559133137e-07, 7.14046393568e-07, 5.8722656604e-07, 1.14877263968e-06, 1.89066156508e-07, 1.6710367845e-07, 9.57474313168e-08, 1.11224409238e-07, 1.98976394472e-07, 2.99787416225e-07, 2.85397192101e-07, 1.70917061837e-07, 4.28737450875e-07, 2.78149556721e-08], "dvar": [2.59720467355e-09, 7.69878170104e-06, 1.11810904855e-05, 4.85565215058e-05, 7.31916734367e-05, 1.57875717832e-06, 2.23208667194e-06, 7.51954246425e-07, 5.83057499171e-07, 6.1096676518e-07, 7.34311470296e-07, 1.22421567994e-07, 1.40104617685e-07, 3.38856722237e-07, 3.15172371756e-07, 1.53099179556e-07, 5.45102807337e-07, 9.30222512352e-08, 6.58648389162e-08, 4.57895055206e-08, 5.47835128373e-08, 1.45017324371e-07, 1.77763922693e-07, 1.18749063915e-07, 9.99742013619e-08, 3.29779936692e-07, 2.07090185e-08], "mean": [4.5480675908e-05, 0.00170736783184, 0.0033152976539, 0.00467552803457, 0.00627194205299, 0.0012407223694, 0.000924602383748, 0.000425978243584, 0.000422313431045, 0.000312282209052, 0.000352365052095, 0.000231818281463, 0.000247583608143, 0.000392804446165, 0.000334460462909, 0.0003176346072, 0.000484289339511, 0.000235628307564, 0.000230477467994, 0.000196800756385, 0.000197688263142, 0.00021734413167, 0.000281820743112, 0.000270429067314, 0.000207480654353, 0.000277643615846, 7.60570183047e-05]}, "melbands_flatness_db": {"min": 0.0511840097606, "max": 0.539546966553, "dvar2": 0.00191020336933, "median": 0.207494735718, "dmean2": 0.0419886186719, "dmean": 0.0285713076591, "var": 0.0046722679399, "dvar": 0.00085849739844, "mean": 0.213323369622}, "melbands_skewness": {"min": -2.5433754921, "max": 36.0845336914, "dvar2": 3.61866617203, "median": 4.06178808212, "dmean2": 1.61427021027, "dmean": 1.0452311039, "var": 9.18616867065, "dvar": 1.53064572811, "mean": 4.47572612762}, "barkbands_skewness": {"min": -6.93820905685, "max": 36.2501716614, "dvar2": 1.57364070415, "median": 2.02022314072, "dmean2": 1.04285335541, "dmean": 0.695683419704, "var": 8.8249797821, "dvar": 0.773654222488, "mean": 2.50912451744}, "silence_rate_60dB": {"min": 0, "max": 1, "dvar2": 0.0477004721761, "median": 0, "dmean2": 0.0444444455206, "dmean": 0.0222201477736, "var": 0.09147901088, "dvar": 0.021724248305, "mean": 0.101848393679}, "spectral_energyband_low": {"min": 1.63486806315e-08, "max": 0.108998477459, "dvar2": 0.000100211567769, "median": 0.00536591000855, "dmean2": 0.00572453811765, "dmean": 0.00354467728175, "var": 7.47446611058e-05, "dvar": 3.83457518183e-05, "mean": 0.00777814351022}, "spectral_energyband_middle_low": {"min": 2.77557044015e-09, "max": 0.212113946676, "dvar2": 0.000536552455742, "median": 0.00960151292384, "dmean2": 0.0101684201509, "dmean": 0.00641249492764, "var": 0.000311875774059, "dvar": 0.000208844503504, "mean": 0.0141105353832}, "melbands_kurtosis": {"min": -1.92234694958, "max": 1583.23059082, "dvar2": 2102.50927734, "median": 21.1573181152, "dmean2": 25.2759838104, "dmean": 16.0567646027, "var": 6664.63085938, "dvar": 996.311523438, "mean": 40.0835151672}, "spectral_decrease": {"min": -5.72578713331e-08, "max": -6.52657054716e-15, "dvar2": 4.24169946311e-17, "median": -4.47042491913e-09, "dmean2": 3.27751159546e-09, "dmean": 2.10825601421e-09, "var": 3.15914668877e-17, "dvar": 1.69685233512e-17, "mean": -5.74630787398e-09}, "erbbands_kurtosis": {"min": -1.93155360222, "max": 75.2500915527, "dvar2": 11.9362716675, "median": -0.441164374352, "dmean2": 1.65677595139, "dmean": 1.06016349792, "var": 9.82841491699, "dvar": 4.89485311508, "mean": 0.456639319658}, "melbands_crest": {"min": 4.05630016327, "max": 38.7999687195, "dvar2": 22.4052391052, "median": 15.6888923645, "dmean2": 4.98544311523, "dmean": 3.05347442627, "var": 28.4166412354, "dvar": 8.25563049316, "mean": 16.2738552094}, "melbands_spread": {"min": 0.415924787521, "max": 321.528442383, "dvar2": 438.20993042, "median": 15.0502223969, "dmean2": 12.3278131485, "dmean": 7.86381053925, "var": 609.921203613, "dvar": 205.866821289, "mean": 21.7965641022}, "spectral_energy": {"min": 2.5030868045e-08, "max": 0.227215632796, "dvar2": 0.000658520730212, "median": 0.0185311753303, "dmean2": 0.0129605848342, "dmean": 0.00856364052743, "var": 0.000533130136319, "dvar": 0.000272692268481, "mean": 0.0238938741386}, "mfcc": {"mean": [-673.426818848, 101.03830719, 22.2941322327, 31.3300857544, 16.1084461212, 6.56481933594, -1.97293817997, 0.942635416985, -5.11699151993, -3.7993221283, -6.98765134811, -3.31259632111, -5.83953905106], "icov": [[0.000105501909275, 6.6269072704e-05, 5.28717173438e-05, -3.09451133944e-05, 0.000147225960973, 0.000139188778121, 0.00017901037063, -4.44980396423e-05, 7.33288616175e-05, -0.000118939060485, 0.000286584720016, -9.88765823422e-05, 0.000319644255796], [6.6269072704e-05, 0.00108070659917, 0.000520850531757, -0.000158827446285, -5.85106645303e-05, 0.000656798481941, -0.000146335674799, 4.44130928372e-05, -0.00015486155462, 0.000766246404964, -0.000217964028707, 0.000185643453733, 0.000384642247809], [5.28717173438e-05, 0.000520850531757, 0.0015175481094, -0.000123886828078, 0.000176227884367, -0.000285687332507, -0.00052636617329, -0.000226852280321, 0.000570351956412, 5.16306645295e-05, -0.000104308048321, 0.000728316314053, -0.00043071503751], [-3.09451133944e-05, -0.000158827446285, -0.000123886828078, 0.00321419211105, -0.000624519598205, -0.000786121352576, 0.000437220936874, 0.000200912734726, -0.000657150521874, 6.213720917e-05, 0.00106534000952, 0.000172217100044, -0.000230388061027], [0.000147225960973, -5.85106645303e-05, 0.000176227884367, -0.000624519598205, 0.00596554297954, -0.00100636924617, -0.000135995840537, 0.00233455817215, -0.00181944889482, 1.30387779791e-05, -3.35434087901e-05, -0.000504918512888, 0.00022893321875], [0.000139188778121, 0.000656798481941, -0.000285687332507, -0.000786121352576, -0.00100636924617, 0.00968759413809, -0.00147428829223, 6.29256319371e-05, 0.00113527185749, -0.00193560915068, 0.00197418802418, -0.00152665039059, 0.00147756352089], [0.00017901037063, -0.000146335674799, -0.00052636617329, 0.000437220936874, -0.000135995840537, -0.00147428829223, 0.00853419490159, -0.00103476515505, -0.00176387722604, 0.00155781721696, 0.000161320902407, -0.00123182311654, 0.000222327653319], [-4.44980396423e-05, 4.44130928372e-05, -0.000226852280321, 0.000200912734726, 0.00233455817215, 6.29256319371e-05, -0.00103476515505, 0.0100136809051, -0.00274850637652, 0.000587451620959, -0.00193796458188, 0.000681021891069, -0.000309800816467], [7.33288616175e-05, -0.00015486155462, 0.000570351956412, -0.000657150521874, -0.00181944889482, 0.00113527185749, -0.00176387722604, -0.00274850637652, 0.0141594260931, -0.00620814133435, 0.00401089433581, -0.00202991534024, -0.000269072508672], [-0.000118939060485, 0.000766246404964, 5.16306645295e-05, 6.213720917e-05, 1.30387779791e-05, -0.00193560915068, 0.00155781721696, 0.000587451620959, -0.00620814133435, 0.0168857239187, -0.00701332418248, 0.00178418308496, 0.000635075615719], [0.000286584720016, -0.000217964028707, -0.000104308048321, 0.00106534000952, -3.35434087901e-05, 0.00197418802418, 0.000161320902407, -0.00193796458188, 0.00401089433581, -0.00701332418248, 0.0179916378111, -0.00741483503953, 0.00363969476894], [-9.88765823422e-05, 0.000185643453733, 0.000728316314053, 0.000172217100044, -0.000504918512888, -0.00152665039059, -0.00123182311654, 0.000681021891069, -0.00202991534024, 0.00178418308496, -0.00741483503953, 0.0192080289125, -0.00735338451341], [0.000319644255796, 0.000384642247809, -0.00043071503751, -0.000230388061027, 0.00022893321875, 0.00147756352089, 0.000222327653319, -0.000309800816467, -0.000269072508672, 0.000635075615719, 0.00363969476894, -0.00735338451341, 0.0173554308712]], "cov": [[12494.1201172, -538.826965332, -340.159088135, 28.5080757141, -387.187286377, -180.865524292, -361.273925781, 50.8610954285, -82.3509674072, 54.6401062012, -147.344619751, -124.230964661, -225.202758789], [-538.826965332, 1305.96203613, -461.720672607, 27.7457237244, 38.7961044312, -100.685134888, -0.333100497723, -19.1910190582, 16.2390785217, -63.9678077698, 3.43825268745, -3.97470283508, -22.2008399963], [-340.159088135, -461.720672607, 900.091003418, 6.15908575058, -33.1917991638, 67.1059265137, 56.7829208374, 24.9816799164, -36.7530212402, 3.17776703835, -4.70889139175, -20.7282772064, 24.879693985], [28.5080757141, 27.7457237244, 6.15908575058, 352.895874023, 56.0162315369, 33.2841758728, -8.99233341217, -21.0317993164, 23.6667156219, -3.30764007568, -38.0481758118, -9.4553565979, 4.32572603226], [-387.187286377, 38.7961044312, -33.1917991638, 56.0162315369, 218.644454956, 31.4712123871, 13.9180822372, -47.1396713257, 30.9088497162, 6.70470190048, -5.69352817535, 11.9877290726, 6.11489677429], [-180.865524292, -100.685134888, 67.1059265137, 33.2841758728, 31.4712123871, 129.44581604, 25.8586502075, -6.92030954361, 2.96967697144, 12.70195961, -8.18574333191, 6.05594396591, -0.356798499823], [-361.273925781, -0.333100497723, 56.7829208374, -8.99233341217, 13.9180822372, 25.8586502075, 142.35345459, 16.1142501831, 18.0950164795, -8.36959934235, 0.611841857433, 13.9583501816, 10.4025173187], [50.8610954285, -19.1910190582, 24.9816799164, -21.0317993164, -47.1396713257, -6.92030954361, 16.1142501831, 120.504180908, 16.656671524, 6.09137678146, 12.8096218109, 1.10715186596, 0.803032815456], [-82.3509674072, 16.2390785217, -36.7530212402, 23.6667156219, 30.9088497162, 2.96967697144, 18.0950164795, 16.656671524, 99.2424926758, 29.2435398102, -6.67614841461, 9.68600082397, 5.93636083603], [54.6401062012, -63.9678077698, 3.17776703835, -3.30764007568, 6.70470190048, 12.70195961, -8.36959934235, 6.09137678146, 29.2435398102, 86.9702606201, 28.6407260895, 4.50158023834, -7.3357257843], [-147.344619751, 3.43825268745, -4.70889139175, -38.0481758118, -5.69352817535, -8.18574333191, 0.611841857433, 12.8096218109, -6.67614841461, 28.6407260895, 87.2090835571, 26.8815441132, -5.04265117645], [-124.230964661, -3.97470283508, -20.7282772064, -9.4553565979, 11.9877290726, 6.05594396591, 13.9583501816, 1.10715186596, 9.68600082397, 4.50158023834, 26.8815441132, 75.3739852905, 27.186882019], [-225.202758789, -22.2008399963, 24.879693985, 4.32572603226, 6.11489677429, -0.356798499823, 10.4025173187, 0.803032815456, 5.93636083603, -7.3357257843, -5.04265117645, 27.186882019, 75.7011108398]]}, "spectral_contrast_valleys": {"min": [-15.7972612381, -15.479259491, -16.665555954, -16.8045425415, -16.1976623535, -17.9739303589], "max": [-5.33164310455, -4.91766357422, -5.3851275444, -5.95887041092, -5.63671922684, -7.22127628326], "dvar2": [0.290475547314, 0.242431983352, 0.212442874908, 0.183950692415, 0.170795187354, 0.330989032984], "median": [-7.21622562408, -6.96199703217, -7.76163578033, -8.02531814575, -7.58692359924, -9.8632774353], "dmean2": [0.658642530441, 0.532060563564, 0.518150985241, 0.473561197519, 0.391229003668, 0.465150177479], "dmean": [0.40435987711, 0.344329357147, 0.349712669849, 0.329603344202, 0.290672063828, 0.431512832642], "var": [1.37939190865, 1.46818864346, 1.48698031902, 1.52061057091, 1.6104542017, 2.09089255333], "dvar": [0.115541063249, 0.109670639038, 0.108501031995, 0.101719990373, 0.108105100691, 0.231152966619], "mean": [-7.46775245667, -7.25652456284, -8.00337600708, -8.22732925415, -7.86849355698, -10.0065422058]}, "barkbands_flatness_db": {"min": 0.0164432935417, "max": 0.472708284855, "dvar2": 0.00118832744192, "median": 0.12313105166, "dmean2": 0.0337549336255, "dmean": 0.0234451498836, "var": 0.00356358033605, "dvar": 0.000547548523173, "mean": 0.132351055741}, "dynamic_complexity": 4.69372081757, "spectral_skewness": {"min": -0.492286294699, "max": 6.32415914536, "dvar2": 0.136326804757, "median": 1.4536741972, "dmean2": 0.305586278439, "dmean": 0.218233779073, "var": 0.277970045805, "dvar": 0.0668544471264, "mean": 1.48802852631}, "erbbands_flatness_db": {"min": 0.0306343063712, "max": 0.362470924854, "dvar2": 0.000759112183005, "median": 0.114832490683, "dmean2": 0.0253193695098, "dmean": 0.0193746481091, "var": 0.00224557961337, "dvar": 0.000