{"lowlevel": {"spectral_complexity": {"min": 0, "max": 48, "dvar2": 8.06335163116, "median": 6, "dmean2": 1.9859251976, "dmean": 1.18854773045, "var": 14.8481836319, "dvar": 3.45451331139, "mean": 6.20936822891}, "silence_rate_20dB": {"min": 0, "max": 1, "dvar2": 0.00618800148368, "median": 1, "dmean2": 0.00469159660861, "dmean": 0.00234563648701, "var": 0.00165257020853, "dvar": 0.00233996566385, "mean": 0.998344361782}, "average_loudness": 0.415976315737, "erbbands_spread": {"min": 0.175408661366, "max": 195.37487793, "dvar2": 345.712005615, "median": 16.5052680969, "dmean2": 11.1861753464, "dmean": 7.17183256149, "var": 529.961486816, "dvar": 149.047058105, "mean": 23.75730896}, "spectral_kurtosis": {"min": -1.4762108326, "max": 828.563476562, "dvar2": 1669.07971191, "median": 12.0722885132, "dmean2": 16.9329490662, "dmean": 10.6338205338, "var": 3174.86010742, "dvar": 643.894104004, "mean": 31.1259651184}, "barkbands_kurtosis": {"min": -1.95771062374, "max": 1510.71838379, "dvar2": 3992.93920898, "median": 13.4848203659, "dmean2": 24.4230594635, "dmean": 15.1760005951, "var": 3134.47509766, "dvar": 1503.37866211, "mean": 29.136592865}, "spectral_strongpeak": {"min": 0, "max": 10.7977638245, "dvar2": 0.603591680527, "median": 0.417393654585, "dmean2": 0.464006900787, "dmean": 0.279506027699, "var": 0.588221788406, "dvar": 0.233828410506, "mean": 0.701790511608}, "spectral_spread": {"min": 163051.390625, "max": 41633280, "dvar2": 3281480056830.0, "median": 3551735.25, "dmean2": 1223642.5, "dmean": 790679.0625, "var": 6618268827650.0, "dvar": 1447674380290.0, "mean": 4060004}, "spectral_rms": {"min": 3.27637613221e-12, "max": 0.0266581308097, "dvar2": 2.6509012514e-06, "median": 0.00533489370719, "dmean2": 0.00130429316778, "dmean": 0.000901075778529, "var": 9.39458277571e-06, "dvar": 1.30695457301e-06, "mean": 0.00535210268572}, "erbbands": {"min": [1.87046478546e-21, 1.50657652294e-20, 2.03607696658e-20, 6.8114471884e-20, 9.97633843973e-20, 6.08451440374e-20, 2.10895319414e-19, 1.34794767682e-19, 1.74774655584e-19, 2.52979309225e-19, 1.07915823191e-18, 4.02448721093e-18, 4.37810402766e-18, 2.27547667141e-18, 4.85454641201e-18, 4.71901535019e-18, 3.77214749326e-18, 8.37229202634e-18, 6.00501360978e-18, 3.03819902794e-18, 5.37865507916e-18, 1.08880319921e-17, 2.01833028992e-17, 1.55856692729e-17, 1.33217313575e-17, 1.56333992486e-17, 1.49835860117e-17, 1.44358683691e-17, 2.17790914652e-17, 1.47902457784e-17, 1.58159993688e-17, 2.41062483133e-17, 1.61404262225e-17, 1.08525343633e-17, 9.18482078871e-18, 5.92108869201e-18, 3.53601679329e-18, 1.30296404415e-18, 3.48268034249e-19, 3.82322265199e-20], "max": [23.9026889801, 86.8144836426, 242.309295654, 258.679351807, 913.613342285, 1089.23986816, 804.146789551, 1366.54577637, 978.909912109, 941.74432373, 2373.30859375, 1351.85900879, 1537.32836914, 906.600708008, 654.534118652, 1048.5612793, 396.80380249, 292.227905273, 347.78894043, 475.176330566, 164.327072144, 143.61100769, 131.250335693, 314.907562256, 859.812255859, 890.596618652, 958.360107422, 428.128143311, 845.320739746, 331.884918213, 551.425231934, 558.33013916, 327.913452148, 178.895584106, 56.3726501465, 83.4780731201, 12.570391655, 4.77075147629, 0.630194962025, 0.013806018047], "dvar2": [1.2809458971, 20.6379070282, 179.347122192, 322.588623047, 1371.07946777, 2124.5144043, 1564.4029541, 2587.15307617, 1569.65795898, 819.990966797, 2331.19360352, 1249.76867676, 3506.37060547, 709.962280273, 1056.2298584, 2889.75219727, 429.820373535, 124.132286072, 312.113342285, 675.991210938, 92.5957565308, 16.955904007, 19.8099765778, 56.279094696, 149.88760376, 249.615127563, 202.325180054, 127.282661438, 267.514404297, 102.159843445, 288.50579834, 224.213058472, 46.8536682129, 14.5585069656, 2.87194705009, 4.06432580948, 0.120757162571, 0.0187265891582, 0.000813940423541, 5.58684291718e-07], "median": [0.221423208714, 1.89360070229, 3.33952450752, 3.76086759567, 4.56381320953, 4.47716140747, 4.04945278168, 3.8406894207, 5.39787101746, 2.92751789093, 2.87952232361, 2.03155398369, 2.17521858215, 1.60358560085, 0.744547605515, 0.443585515022, 0.239115774632, 0.194452598691, 0.191883146763, 0.136256292462, 0.103178173304, 0.0863271653652, 0.0764559283853, 0.114373840392, 0.16443914175, 0.0953460037708, 0.0801313892007, 0.0599797815084, 0.0297366026789, 0.0313160978258, 0.040691614151, 0.0329311788082, 0.0239121466875, 0.0161787606776, 0.00822729989886, 0.0049907406792, 0.00139766256325, 0.000219555338845, 2.64290720224e-05, 3.5752353142e-05], "dmean2": [0.270118445158, 1.88001954556, 5.95622158051, 8.98141670227, 14.6088428497, 17.1607933044, 13.7788934708, 16.97473526, 15.6136817932, 9.48515892029, 9.53574848175, 10.445104599, 13.0299415588, 7.7835149765, 6.49983310699, 8.93236732483, 3.62750029564, 2.44120717049, 2.87041664124, 3.63858032227, 1.76215147972, 0.94637298584, 0.978163599968, 1.60084629059, 1.43642961979, 1.51284039021, 1.64797842503, 1.27557229996, 1.60093426704, 1.21751153469, 1.82998526096, 1.74214839935, 0.952399373055, 0.562360882759, 0.306753188372, 0.202074274421, 0.0596188828349, 0.0191786251962, 0.00439444277436, 0.00012826937018], "dmean": [0.177121073008, 1.20923149586, 3.95377016068, 5.96464061737, 9.7798871994, 11.7706708908, 9.15197372437, 11.1598005295, 10.3893728256, 6.08715581894, 6.5967373848, 7.21515369415, 8.51501274109, 4.93437623978, 3.8099296093, 5.13396978378, 2.04302740097, 1.45868647099, 1.61321187019, 2.00799942017, 1.02132999897, 0.58219152689, 0.606406450272, 1.01491856575, 0.985450088978, 1.02177357674, 1.12785184383, 0.921795010567, 1.13791120052, 0.891105771065, 1.33743643761, 1.24369013309, 0.699915289879, 0.406199276447, 0.214060768485, 0.128603219986, 0.0363169722259, 0.0107537601143, 0.0023437156342, 7.1658687375e-05], "var": [1.04294252396, 15.5917720795, 167.688415527, 344.049072266, 2148.53515625, 3223.59082031, 1925.13256836, 3820.6184082, 2787.68676758, 1129.98828125, 4004.8828125, 2232.23486328, 4278.71972656, 970.925170898, 467.468933105, 1022.21014404, 107.484535217, 64.225730896, 68.4844284058, 152.593429565, 30.0875263214, 14.2905054092, 21.7250366211, 63.8694267273, 171.249771118, 275.48828125, 242.954925537, 205.019821167, 349.305267334, 196.002090454, 472.63269043, 371.190643311, 97.9134750366, 28.8236255646, 5.70811033249, 1.79334867001, 0.0678679347038, 0.00503616547212, 0.000155825196998, 1.13484091457e-07], "dvar": [0.599406599998, 8.48036384583, 79.9518966675, 144.668426514, 600.819152832, 1043.38952637, 666.139343262, 1095.50378418, 727.852111816, 353.570709229, 1229.17114258, 635.155456543, 1462.69470215, 302.515563965, 379.368530273, 1022.39703369, 150.53717041, 49.2263832092, 107.69442749, 232.805603027, 33.5622062683, 7.0637087822, 8.45609664917, 25.153011322, 79.3553009033, 137.125839233, 112.536903381, 70.2130203247, 131.427154541, 60.3863143921, 157.26335144, 112.595611572, 27.953119278, 8.55230617523, 1.56293177605, 1.54326510429, 0.0472901239991, 0.00655625388026, 0.000275962956948, 1.89991013144e-07], "mean": [0.475966095924, 2.85928487778, 7.4875330925, 10.7888250351, 19.0735111237, 23.0743980408, 17.9748439789, 25.2490081787, 25.2051296234, 14.1079568863, 13.9970760345, 15.9750995636, 17.4036540985, 10.0249786377, 5.45221757889, 6.1132478714, 2.14313197136, 1.91776049137, 1.68990504742, 1.85332810879, 1.19274520874, 0.934210836887, 1.10225570202, 1.86784315109, 1.77199959755, 1.61102151871, 1.77288448811, 1.60910737514, 1.88433206081, 1.64458525181, 2.47204113007, 2.27563524246, 1.29561972618, 0.718083143234, 0.367547422647, 0.175644949079, 0.0460337623954, 0.00969928782433, 0.00154694530647, 8.38119231048e-05]}, "zerocrossingrate": {"min": 0.001953125, "max": 0.681640625, "dvar2": 0.0001435380982, "median": 0.01611328125, "dmean2": 0.00679352367297, "dmean": 0.00559076154605, "var": 0.00547575112432, "dvar": 0.000133501773234, "mean": 0.0313201285899}, "spectral_contrast_coeffs": {"min": [-0.968254446983, -0.982166051865, -0.982352912426, -0.959128677845, -0.961928546429, -0.961327493191], "max": [-0.24904859066, -0.254538118839, -0.375917047262, -0.542632520199, -0.505551099777, -0.579545497894], "dvar2": [0.0036743581295, 0.00336384121329, 0.00232936558314, 0.00125223526265, 0.000757700414397, 0.000990372267552], "median": [-0.642713427544, -0.66183835268, -0.747337460518, -0.827608764172, -0.829835653305, -0.817937791348], "dmean2": [0.0735453888774, 0.0691792592406, 0.0582095384598, 0.0420980155468, 0.0314775779843, 0.0305148288608], "dmean": [0.0459127426147, 0.0430291108787, 0.0358920395374, 0.02555186674, 0.0196097549051, 0.0186481121927], "var": [0.0137398615479, 0.013221077621, 0.0110973091796, 0.0044430475682, 0.00414481479675, 0.00201183673926], "dvar": [0.00145488337148, 0.00133880693465, 0.000955648138188, 0.000477502151625, 0.00033730402356, 0.000369180750567], "mean": [-0.640924870968, -0.663521647453, -0.736073553562, -0.81214004755, -0.814003229141, -0.817806243896]}, "dissonance": {"min": 0.0616927146912, "max": 0.5, "dvar2": 0.00438459124416, "median": 0.392133653164, "dmean2": 0.0669446215034, "dmean": 0.0402198210359, "var": 0.00672628404573, "dvar": 0.0016166602727, "mean": 0.378326147795}, "spectral_energyband_high": {"min": 7.89642849394e-21, "max": 0.0422122851014, "dvar2": 2.01681314138e-06, "median": 1.35903492264e-05, "dmean2": 0.00024314528855, "dmean": 0.000186637160368, "var": 6.16725310465e-06, "dvar": 1.44450439166e-06, "mean": 0.000377645541448}, "gfcc": {"mean": [-152.804428101, 133.145019531, -51.4203262329, 13.643737793, -51.0986595154, 5.09755134583, -24.081287384, 11.8618831635, -20.6742706299, 1.01963615417, -10.5972766876, -4.3574552536, -4.65481328964], "icov": [[8.87542701093e-05, -0.000146690828842, 3.17820486089e-05, -0.000168766157003, 0.000236684805714, -0.000177475361852, 0.000229017678066, -0.000119653479487, 0.000245718343649, -0.00015307769354, 9.89827603917e-05, -0.000101291356259, -3.7122539652e-05], [-0.000146690828842, 0.000805783725809, -0.000359194527846, 0.00052270013839, -0.000610778224654, 0.000598662474658, -0.000687072111759, 0.000542139459867, -0.000486258562887, 0.000650989240967, -0.000669576693326, 0.000784796546213, -0.000522893096786], [3.17820486089e-05, -0.000359194527846, 0.00102334411349, -0.000767827033997, 0.000265285518253, -0.000452693551779, -0.000189859449165, 0.00029898097273, 0.000140500182169, 5.84310510021e-05, 0.000472015497508, -0.000488952617161, 0.000551276316401], [-0.000168766157003, 0.00052270013839, -0.000767827033997, 0.00176425511017, -0.00109649077058, 0.000439217401436, 0.000124025784316, -0.000112626243208, 0.000189070706256, 0.000180736707989, -0.000742011703551, 0.000656319025438, 0.000147267463035], [0.000236684805714, -0.000610778224654, 0.000265285518253, -0.00109649077058, 0.00278112804517, -0.00112079596147, -1.19424439617e-05, -0.000176634915988, -0.000301810796373, 6.52187009109e-05, 0.000641842605546, -0.000241966845351, -0.000596787431277], [-0.000177475361852, 0.000598662474658, -0.000452693551779, 0.000439217401436, -0.00112079596147, 0.00344525557011, -0.0017794824671, 6.25214743195e-05, 0.00107133842539, -0.000967619824223, 0.000981118180789, -0.00019292406796, 0.000115526738227], [0.000229017678066, -0.000687072111759, -0.000189859449165, 0.000124025784316, -1.19424439617e-05, -0.0017794824671, 0.0049589346163, -0.000956259900704, -0.000836862542201, -0.000130603599246, -3.45367516275e-05, 0.000794671999756, -0.000969210814219], [-0.000119653479487, 0.000542139459867, 0.00029898097273, -0.000112626243208, -0.000176634915988, 6.25214743195e-05, -0.000956259900704, 0.00483673857525, -0.00196518050507, 0.000660801597405, 0.000100149365608, -0.000306942587486, 0.000696557108313], [0.000245718343649, -0.000486258562887, 0.000140500182169, 0.000189070706256, -0.000301810796373, 0.00107133842539, -0.000836862542201, -0.00196518050507, 0.00717707397416, -0.00304461084306, 0.000382781145163, 0.000374421622837, -0.000708498235326], [-0.00015307769354, 0.000650989240967, 5.84310510021e-05, 0.000180736707989, 6.52187009109e-05, -0.000967619824223, -0.000130603599246, 0.000660801597405, -0.00304461084306, 0.00807889085263, -0.00255620060489, 0.00051263300702, 0.0017390869325], [9.89827603917e-05, -0.000669576693326, 0.000472015497508, -0.000742011703551, 0.000641842605546, 0.000981118180789, -3.45367516275e-05, 0.000100149365608, 0.000382781145163, -0.00255620060489, 0.00849104858935, -0.004031220451, 0.000381165184081], [-0.000101291356259, 0.000784796546213, -0.000488952617161, 0.000656319025438, -0.000241966845351, -0.00019292406796, 0.000794671999756, -0.000306942587486, 0.000374421622837, 0.00051263300702, -0.004031220451, 0.00809504278004, -0.00298431422561], [-3.7122539652e-05, -0.000522893096786, 0.000551276316401, 0.000147267463035, -0.000596787431277, 0.000115526738227, -0.000969210814219, 0.000696557108313, -0.000708498235326, 0.0017390869325, 0.000381165184081, -0.00298431422561, 0.0103968000039]], "cov": [[30166.3222656, 728.361206055, 2357.42895508, 2770.46679688, -1547.04504395, 595.153747559, -1504.65332031, -366.005462646, -1585.1763916, -9.45927810669, 119.601318359, 373.341247559, -234.721176147], [728.361206055, 3842.84887695, 784.644958496, -320.792022705, 553.99395752, -176.946380615, 534.635925293, -277.869445801, 193.753067017, -255.13609314, -6.39316511154, -245.79649353, 246.59413147], [2357.42895508, 784.644958496, 2209.38037109, 1041.32165527, 294.083312988, 368.387878418, 114.020233154, -180.679595947, -215.687149048, -97.0009536743, -102.385665894, -54.600643158, -58.8895988464], [2770.46679688, -320.792022705, 1041.32165527, 1506.79907227, 228.686065674, 214.391738892, -159.567108154, -32.430355072, -241.22215271, -13.3728408813, -14.0357904434, 1.78848016262, -97.9309844971], [-1547.04504395, 553.99395752, 294.083312988, 228.686065674, 796.063476562, 201.115783691, 272.450958252, 4.97968626022, 108.237670898, -53.687210083, -84.3585281372, -91.3736038208, 65.2518386841], [595.153747559, -176.946380615, 368.387878418, 214.391738892, 201.115783691, 579.804199219, 152.098709106, 12.0851173401, -85.4518814087, 29.8646736145, -101.07611084, -22.4529514313, -24.4314022064], [-1504.65332031, 534.635925293, 114.020233154, -159.567108154, 272.450958252, 152.098709106, 469.099273682, 43.2632446289, 151.992340088, -16.5460853577, -57.388343811, -95.8317642212, 60.2331123352], [-366.005462646, -277.869445801, -180.679595947, -32.430355072, 4.97968626022, 12.0851173401, 43.2632446289, 283.460693359, 91.146812439, 32.1076316833, -6.6674118042, 4.97940397263, -17.5343914032], [-1585.1763916, 193.753067017, -215.687149048, -241.22215271, 108.237670898, -85.4518814087, 151.992340088, 91.146812439, 307.593017578, 59.3282470703, 7.09506130219, -45.000541687, 32.0229568481], [-9.45927810669, -255.13609314, -97.0009536743, -13.3728408813, -53.687210083, 29.8646736145, -16.5460853577, 32.1076316833, 59.3282470703, 191.65171814, 49.1359634399, 16.7634296417, -39.6443557739], [119.601318359, -6.39316511154, -102.385665894, -14.0357904434, -84.3585281372, -101.07611084, -57.388343811, -6.6674118042, 7.09506130219, 49.1359634399, 197.975952148, 96.2641143799, 9.74900436401], [373.341247559, -245.79649353, -54.600643158, 1.78848016262, -91.3736038208, -22.4529514313, -95.8317642212, 4.97940397263, -45.000541687, 16.7634296417, 96.2641143799, 214.886566162, 29.8596763611], [-234.721176147, 246.59413147, -58.8895988464, -97.9309844971, 65.2518386841, -24.4314022064, 60.2331123352, -17.5343914032, 32.0229568481, -39.6443557739, 9.74900436401, 29.8596763611, 140.091140747]]}, "spectral_flux": {"min": 1.04895217512e-10, "max": 0.757585525513, "dvar2": 0.00271451356821, "median": 0.0528823398054, "dmean2": 0.0424456894398, "dmean": 0.0257979668677, "var": 0.00280665489845, "dvar": 0.00110774522182, "mean": 0.0642447546124}, "silence_rate_30dB": {"min": 0, "max": 1, "dvar2": 0.0837130472064, "median": 1, "dmean2": 0.0764454230666, "dmean": 0.0382200740278, "var": 0.0540441609919, "dvar": 0.0367615781724, "mean": 0.94267386198}, "spectral_energyband_middle_high": {"min": 1.64268840612e-21, "max": 0.0552628561854, "dvar2": 1.10813534775e-05, "median": 0.0002140582219, "dmean2": 0.000754310749471, "dmean": 0.000452525942819, "var": 4.65498987978e-06, "dvar": 3.97004760089e-06, "mean": 0.000830686185509}, "barkbands_spread": {"min": 0.0626233518124, "max": 123.769477844, "dvar2": 96.1778335571, "median": 3.74557542801, "dmean2": 3.98246383667, "dmean": 2.54743146896, "var": 127.727531433, "dvar": 42.2475318909, "mean": 6.49876689911}, "spectral_centroid": {"min": 91.3847045898, "max": 10831.1064453, "dvar2": 92417.15625, "median": 361.377502441, "dmean2": 149.35055542, "dmean": 99.8695983887, "var": 354525.0625, "dvar": 50356.2070312, "mean": 526.861022949}, "pitch_salience": {"min": 0.0242616944015, "max": 0.955860078335, "dvar2": 0.00981145165861, "median": 0.432322800159, "dmean2": 0.10691010952, "dmean": 0.0671222805977, "var": 0.0189918279648, "dvar": 0.00393928680569, "mean": 0.419169008732}, "erbbands_skewness": {"min": -5.64255952835, "max": 14.6489009857, "dvar2": 0.903596937656, "median": 1.44762897491, "dmean2": 0.904192686081, "dmean": 0.60044002533, "var": 2.91971588135, "dvar": 0.39866322279, "mean": 1.52294123173}, "erbbands_crest": {"min": 2.44065880775, "max": 34.6970100403, "dvar2": 16.4532661438, "median": 13.1373052597, "dmean2": 4.4824757576, "dmean": 2.85373783112, "var": 36.9756469727, "dvar": 6.89491319656, "mean": 14.1308326721}, "melbands": {"min": [1.83645872102e-23, 1.50527945134e-23, 1.40242098231e-23, 4.58778862169e-24, 6.69378612567e-24, 2.80353750423e-24, 2.99632071275e-24, 2.39809573667e-24, 1.05807033875e-23, 2.88728865773e-23, 2.10579665999e-23, 8.39334829178e-24, 1.58645355403e-23, 1.39187406978e-23, 8.07679497659e-24, 1.21539286908e-23, 1.53423601081e-23, 9.72986246982e-24, 6.02784592113e-24, 2.52260638651e-24, 7.22739215234e-24, 9.37147507196e-24, 1.99252712028e-23, 1.54486023171e-23, 1.22817596562e-23, 1.21573949456e-23, 8.29327970823e-24, 1.17350877263e-23, 1.06959330888e-23, 7.81455789018e-24, 8.50194209513e-24, 1.31296352457e-23, 7.85302826994e-24, 8.78850607415e-24, 8.00374645677e-24, 1.2970159914e-23, 1.55091473916e-23, 1.23771668606e-23, 7.42974838517e-24, 9.87426661396e-24], "max": [0.172043055296, 0.115544520319, 0.0444391667843, 0.0540835112333, 0.0246423669159, 0.0270991902798, 0.0125588150695, 0.00937528442591, 0.0178521294147, 0.00912210531533, 0.00790469255298, 0.00400833971798, 0.00152232928667, 0.00353831029497, 0.00142598396633, 0.000566010770854, 0.000498759793118, 0.000487297656946, 0.000648548826575, 0.000633622694295, 0.000290325289825, 0.000167503807461, 8.43258603709e-05, 0.000215925378143, 0.000266514514806, 0.000408123538364, 0.000834781909361, 0.000526099756826, 0.000676398572978, 0.000294569385005, 0.000355379859684, 0.000516287691426, 0.000309165654471, 0.000192123639863, 0.000330130074872, 0.000376689567929, 0.00033804771374, 0.000251143064816, 0.000201608127099, 0.000141372191138], "dvar2": [5.94427474425e-05, 3.75424388039e-05, 1.05683557194e-05, 9.17742545425e-06, 1.62378955793e-06, 1.21320624658e-06, 3.5334187487e-07, 8.10789870798e-08, 1.92053548176e-07, 4.64087008822e-08, 8.61127773533e-08, 1.17433174296e-08, 8.0094881838e-09, 3.32630776256e-08, 5.24407139935e-09, 1.0613964152e-09, 4.30166263721e-10, 5.97869864727e-10, 1.31880018017e-09, 1.0310577947e-09, 7.97781909978e-11, 2.178742603e-11, 1.02854209524e-11, 5.80133753536e-11, 4.17518554452e-11, 9.63745541704e-11, 8.85737386214e-11, 1.57102886256e-10, 1.1132983424e-10, 4.22515321341e-11, 8.03462782417e-11, 1.18278553618e-10, 7.30406291005e-11, 3.43763940924e-11, 9.21400941656e-11, 1.67479030644e-10, 7.21448734087e-11, 2.64423066776e-11, 2.25599053327e-11, 9.91243979259e-12], "median": [0.00237137125805, 0.00233330251649, 0.000752544321585, 0.00035019707866, 0.000152598659042, 7.78071553214e-05, 7.86576711107e-05, 2.43648064497e-05, 1.67587713804e-05, 1.10431037683e-05, 9.00530540093e-06, 5.30006172994e-06, 1.94691574507e-06, 1.25674239371e-06, 6.33616650703e-07, 3.37405225537e-07, 2.94849769489e-07, 2.58793079411e-07, 2.29933817764e-07, 1.12309535893e-07, 9.87300623478e-08, 8.03737165711e-08, 6.64453949639e-08, 5.79683003821e-08, 8.32364648318e-08, 1.16025219654e-07, 9.08779469455e-08, 4.72483634439e-08, 3.87014935654e-08, 4.20229255838e-08, 2.6784100271e-08, 1.55733168583e-08, 1.01189989721e-08, 1.6341669351e-08, 2.38044819412e-08, 1.51685881633e-08, 1.72296719114e-08, 1.57282773472e-08, 1.21133680864e-08, 1.18807808036e-08], "dmean2": [0.00230890559033, 0.00280390284024, 0.0016434249701, 0.00120170030277, 0.000507438613568, 0.000385070277844, 0.000241644913331, 9.45057545323e-05, 8.52420416777e-05, 6.76515337545e-05, 6.41677324893e-05, 3.1199069781e-05, 1.96588480321e-05, 2.97476035485e-05, 1.28398160086e-05, 5.80373034609e-06, 4.60657975054e-06, 4.16445436713e-06, 5.3581843531e-06, 4.37310472989e-06, 1.73467560671e-06, 1.04435423509e-06, 8.01764201697e-07, 1.32461673275e-06, 1.36289918373e-06, 1.29084287437e-06, 9.00994109543e-07, 1.15455452487e-06, 1.18988305076e-06, 7.78090850417e-07, 8.86025759428e-07, 1.02517424239e-06, 8.21881371849e-07, 7.2012653618e-07, 1.0230951375e-06, 1.39832991408e-06, 1.01048055967e-06, 7.05234526777e-07, 6.22888194357e-07, 4.78133586057e-07], "dmean": [0.00151924649253, 0.00185524532571, 0.00109596434049, 0.000811140111182, 0.000341444014339, 0.000253237667494, 0.000159229792189, 6.08531190665e-05, 5.91792668274e-05, 4.6684192057e-05, 4.18616946263e-05, 1.98535090021e-05, 1.17083054647e-05, 1.72926520463e-05, 7.27915130483e-06, 3.32961985805e-06, 2.77349658973e-06, 2.36529103859e-06, 3.00385795526e-06, 2.36351206695e-06, 1.0462638329e-06, 6.44928604743e-07, 4.91560172122e-07, 8.17740101411e-07, 8.68357687978e-07, 8.56185408793e-07, 6.40104872218e-07, 7.42494250972e-07, 8.0329954244e-07, 5.25435666532e-07, 6.21779634002e-07, 6.97959649187e-07, 5.83629628181e-07, 5.06632090946e-07, 7.37604580081e-07, 9.73063265519e-07, 7.10159554274e-07, 5.19005709521e-07, 4.34848089981e-07, 3.31311326818e-07], "var": [5.15996616741e-05, 3.24157663272e-05, 1.24632342704e-05, 1.38266259455e-05, 2.15028057937e-06, 1.86420095361e-06, 6.02502211677e-07, 1.13668313872e-07, 3.01215692389e-07, 9.16886335744e-08, 1.04981538129e-07, 1.74216499005e-08, 3.82116960296e-09, 1.49313272857e-08, 1.32430988398e-09, 2.9162453008e-10, 2.40629238757e-10, 1.36057276556e-10, 3.1727048766e-10, 2.04211175747e-10, 4.49235267042e-11, 1.86842676747e-11, 9.4699066297e-12, 5.56151756592e-11, 4.55219542617e-11, 7.45709258232e-11, 1.76199138613e-10, 1.18789089676e-10, 1.20054022279e-10, 4.56283517913e-11, 1.02352112896e-10, 1.37874600625e-10, 7.86842882516e-11, 6.07107836226e-11, 1.36832128961e-10, 2.30931329614e-10, 1.13711824679e-10, 5.08640768393e-11, 3.84882924143e-11, 1.66493815262e-11], "dvar": [2.78873321804e-05, 1.61392745213e-05, 4.65385755888e-06, 4.12386634707e-06, 7.17014017937e-07, 5.15975841608e-07, 1.5706797285e-07, 3.61560097417e-08, 9.85284742683e-08, 2.42188189503e-08, 3.59292684493e-08, 5.15434495085e-09, 2.93651014616e-09, 1.193446586e-08, 1.82234405344e-09, 3.77958914166e-10, 1.73181538554e-10, 2.07658015783e-10, 4.56812671024e-10, 3.51989215552e-10, 3.23568220828e-11, 9.39176774545e-12, 4.16181065305e-12, 2.48533520153e-11, 1.88395358341e-11, 3.88132477547e-11, 6.81307857353e-11, 7.53637985351e-11, 6.02440944353e-11, 2.08807571928e-11, 4.11386202881e-11, 5.57900635412e-11, 3.63560466454e-11, 1.85673854763e-11, 4.90894269678e-11, 8.18984741136e-11, 3.55891184578e-11, 1.52880902382e-11, 1.29135001303e-11, 5.27213255691e-12], "mean": [0.00400970038027, 0.00392050715163, 0.00209536706097, 0.00163307215553, 0.000667381915264, 0.000578686303925, 0.000384527695132, 0.000134761154186, 0.00012293101463, 0.000101523961348, 8.40497086756e-05, 3.92451838707e-05, 1.70969906321e-05, 2.14095325646e-05, 7.72350085754e-06, 3.43096007782e-06, 3.62683499588e-06, 2.42977080234e-06, 2.94386313726e-06, 1.91423987417e-06, 1.34859635637e-06, 9.59983822213e-07, 8.17582701984e-07, 1.33391927193e-06, 1.51178994656e-06, 1.46619208863e-06, 1.08291908418e-06, 1.05367371361e-06, 1.1835653595e-06, 8.30556928122e-07, 1.00869078778e-06, 1.10628604943e-06, 9.21322396152e-07, 8.9414862714e-07, 1.30879448079e-06, 1.68565054537e-06, 1.26568431824e-06, 9.17016961921e-07, 7.62093748108e-07, 5.48327420802e-07]}, "spectral_entropy": {"min": 2.59097456932, "max": 9.80021476746, "dvar2": 0.183059573174, "median": 6.13320350647, "dmean2": 0.401883691549, "dmean": 0.27199947834, "var": 0.899904370308, "dvar": 0.0895112156868, "mean": 6.15104961395}, "spectral_rolloff": {"min": 21.533203125, "max": 19573.6816406, "dvar2": 1496305.875, "median": 279.931640625, "dmean2": 272.805664062, "dmean": 156.259796143, "var": 5379984, "dvar": 615463.4375, "mean": 736.684143066}, "barkbands": {"min": [1.11756709597e-23, 7.01687105138e-23, 9.11580367486e-24, 3.9296354998e-23, 2.699491484e-23, 1.66625282994e-23, 1.65474177161e-23, 2.0218271498e-23, 2.02008420896e-22, 8.61251136396e-23, 8.67141150568e-23, 1.24689942143e-22, 9.84095459565e-23, 1.44643882129e-22, 9.37555190512e-23, 6.3387744214e-23, 2.09677019797e-22, 3.43772556824e-22, 2.94889863132e-22, 3.77334662969e-22, 3.4605798153e-22, 4.88734394074e-22, 5.63918669601e-22, 1.08557792167e-21, 1.13831846073e-21, 1.67897267561e-21, 2.60032000569e-21], "max": [0.0937617197633, 0.520548760891, 0.21410433948, 0.0938203930855, 0.200532793999, 0.118272431195, 0.0471405945718, 0.0867168605328, 0.0727849006653, 0.0439951345325, 0.0133921923116, 0.0267235785723, 0.00758697604761, 0.00517533207312, 0.00847959332168, 0.00600863061845, 0.00429430883378, 0.00419075926766, 0.00969716813415, 0.0198731515557, 0.015402325429, 0.0175516754389, 0.0160540416837, 0.0187484491616, 0.00949824694544, 0.0117499213666, 0.0022796317935], "dvar2": [1.51715239554e-05, 0.000537299958523, 0.000165671634022, 5.5682099628e-05, 0.000134723668452, 3.15267898259e-05, 5.95418578087e-06, 2.58410841525e-06, 3.55360771209e-06, 2.16558896682e-06, 4.9076356845e-07, 1.82964856776e-06, 1.73923410784e-07, 4.0013610203e-08, 2.19069605123e-07, 9.3237410681e-08, 7.24246440598e-09, 1.84671673509e-08, 3.24326272505e-08, 1.00239205381e-07, 7.56244489253e-08, 1.57714808324e-07, 2.64928615934e-07, 2.40472985524e-07, 6.21549247626e-08, 9.55468593133e-08, 1.72927325792e-08], "median": [3.29102877004e-05, 0.00886544957757, 0.00227918545716, 0.000929447356611, 0.00157604261767, 0.000449871673482, 0.000243668211624, 8.02943250164e-05, 7.30426545488e-05, 4.40413568867e-05, 1.33505172926e-05, 9.71705958364e-06, 3.43859846907e-06, 2.9222410376e-06, 3.22147161569e-06, 1.51938502313e-06, 1.44613181874e-06, 1.28519150167e-06, 3.08777680402e-06, 2.01760076379e-06, 1.71880969901e-06, 7.65352524468e-07, 1.40935605941e-06, 1.5002588043e-06, 1.33069374897e-06, 9.66427478488e-07, 2.86027752594e-08], "dmean2": [0.000606326619163, 0.00837085116655, 0.00573268579319, 0.00336334388703, 0.00488378899172, 0.00210146326572, 0.000924181484152, 0.000355280237272, 0.000533485144842, 0.000342344545061, 0.000155447676661, 0.000224663250265, 7.20062380424e-05, 4.40595213149e-05, 7.06403370714e-05, 4.61679082946e-05, 1.84531600098e-05, 2.47164061875e-05, 3.02078005916e-05, 3.25061591866e-05, 3.36615084962e-05, 4.23282872362e-05, 5.63759458601e-05, 6.39101708657e-05, 4.45624064014e-05, 3.84552331525e-05, 2.04632851819e-05], "dmean": [0.000413795962231, 0.00545960571617, 0.0038357321173, 0.0021857500542, 0.00330787943676, 0.00138072844129, 0.000603934109677, 0.000243567905272, 0.000364187988453, 0.000223372728215, 9.3222304713e-05, 0.000130201631691, 4.06603503507e-05, 2.6436533517e-05, 3.95887291234e-05, 2.55834074778e-05, 1.14457743621e-05, 1.55059242388e-05, 2.00478170882e-05, 2.21604423132e-05, 2.38391858147e-05, 3.0911196518e-05, 4.19865937147e-05, 4.7530655138e-05, 3.18253878504e-05, 2.40784429479e-05, 1.09167140181e-05], "var": [1.13442911243e-05, 0.000483045878354, 0.000169647595612, 5.11527396156e-05, 0.00021134223789, 4.76498680655e-05, 9.320290701e-06, 4.82436689708e-06, 5.3022404245e-06, 2.75299589703e-06, 2.86111315972e-07, 7.59737872613e-07, 4.54126727334e-08, 2.04233021606e-08, 5.09556521422e-08, 1.91198648025e-08, 6.95484514424e-09, 1.80087003088e-08, 3.29207097138e-08, 1.2821031703e-07, 1.19973563528e-07, 2.39754371023e-07, 4.63277729068e-07, 5.0791936701e-07, 1.49156562657e-07, 4.4944915345e-08, 3.3445728409e-09], "dvar": [7.51002289689e-06, 0.000246353854891, 7.67604578868e-05, 2.32283473451e-05, 6.09215676377e-05, 1.32950963234e-05, 2.52114182331e-06, 1.40077213473e-06, 1.72402292264e-06, 9.28073461637e-07, 1.83991474501e-07, 6.50352490084e-07, 6.14370421204e-08, 1.60623727652e-08, 7.57144675845e-08, 3.20078683558e-08, 3.32110672296e-09, 8.01684052476e-09, 1.50922563336e-08, 5.93024154227e-08, 4.52752999536e-08, 8.43373939574e-08, 1.46288599012e-07, 1.34934367679e-07, 3.85708496253e-08, 3.65733434649e-08, 5.85927217855e-09], "mean": [0.000791584723629, 0.0140086775646, 0.0067384429276, 0.00362336426042, 0.00670471508056, 0.00309782335535, 0.00142553495243, 0.000477475405205, 0.00076929613715, 0.000444215082098, 0.000141246549902, 0.000160478448379, 3.99900018238e-05, 3.40482292813e-05, 3.90603127016e-05, 2.28685494221e-05, 1.7586407921e-05, 2.5501836717e-05, 3.60891972377e-05, 3.43552528648e-05, 4.0661157982e-05, 5.17314329045e-05, 7.95916057541e-05, 9.08350921236e-05, 5.73027318751e-05, 3.10407376674e-05, 7.20488014849e-06]}, "melbands_flatness_db": {"min": 0.00612699473277, "max": 0.899693131447, "dvar2": 0.00286103738472, "median": 0.415954768658, "dmean2": 0.0485429689288, "dmean": 0.0330465435982, "var": 0.0152597902343, "dvar": 0.00133289117366, "mean": 0.423273891211}, "melbands_skewness": {"min": -8.97767066956, "max": 28.6676864624, "dvar2": 4.26925992966, "median": 2.84252595901, "dmean2": 1.63066411018, "dmean": 1.04897928238, "var": 7.83188915253, "dvar": 1.72542440891, "mean": 3.47857761383}, "barkbands_skewness": {"min": -19.2213363647, "max": 36.3350105286, "dvar2": 4.19436264038, "median": 2.57893276215, "dmean2": 1.5621342659, "dmean": 1.00754475594, "var": 7.41874980927, "dvar": 1.68913590908, "mean": 3.07653665543}, "silence_rate_60dB": {"min": 0, "max": 1, "dvar2": 0.0339160859585, "median": 0, "dmean2": 0.0292534846812, "dmean": 0.014625732787, "var": 0.112058848143, "dvar": 0.014411537908, "mean": 0.128587201238}, "spectral_energyband_low": {"min": 1.04527831231e-22, "max": 0.658664643764, "dvar2": 0.000921786588151, "median": 0.0165462121367, "dmean2": 0.013794108294, "dmean": 0.00925424601883, "var": 0.00104461645242, "dvar": 0.000453405780718, "mean": 0.0234817098826}, "spectral_energyband_middle_low": {"min": 3.57299236807e-22, "max": 0.24574097991, "dvar2": 0.000253176258411, "median": 0.00917021371424, "dmean2": 0.00929210707545, "dmean": 0.00629264675081, "var": 0.000450741441455, "dvar": 0.000113155547297, "mean": 0.0163576770574}, "melbands_kurtosis": {"min": -1.94635331631, "max": 1466.81018066, "dvar2": 4919.10986328, "median": 18.0242500305, "dmean2": 32.0209007263, "dmean": 19.905626297, "var": 5075.21630859, "dvar": 1867.76818848, "mean": 42.1536445618}, "spectral_decrease": {"min": -1.91430743257e-07, "max": 2.46370118751e-10, "dvar2": 8.20985228288e-17, "median": -7.51157713808e-09, "dmean2": 4.98831154161e-09, "dmean": 3.39918404535e-09, "var": 1.22247910998e-16, "dvar": 4.10489934079e-17, "mean": -1.00772403755e-08}, "erbbands_kurtosis": {"min": -1.93012750149, "max": 422.499237061, "dvar2": 203.550170898, "median": 4.04207134247, "dmean2": 6.73371744156, "dmean": 4.36749076843, "var": 305.352233887, "dvar": 88.6224441528, "mean": 8.37624263763}, "melbands_crest": {"min": 1.67971467972, "max": 39.0008277893, "dvar2": 18.159620285, "median": 18.2913246155, "dmean2": 4.47810554504, "dmean": 2.84030151367, "var": 38.8622817993, "dvar": 7.20490312576, "mean": 19.0136375427}, "melbands_spread": {"min": 0.157105520368, "max": 264.269348145, "dvar2": 123.419151306, "median": 3.41470623016, "dmean2": 3.75220608711, "dmean": 2.44790267944, "var": 335.379943848, "dvar": 61.1222610474, "mean": 7.29282522202}, "spectral_energy": {"min": 1.10030070664e-20, "max": 0.728422343731, "dvar2": 0.00119692482986, "median": 0.0291726179421, "dmean2": 0.0191704984754, "dmean": 0.0130754075944, "var": 0.0017975732917, "dvar": 0.000597186328378, "mean": 0.0389904379845}, "mfcc": {"mean": [-805.847290039, 162.411437988, 54.1741523743, 24.0310878754, 4.9845161438, -1.12724912167, 8.30568790436, 3.41440796852, 2.19717478752, 7.75183391571, -2.30227994919, -2.01399493217, -0.691243171692], "icov": [[9.03003165149e-05, -2.07690900424e-05, -4.26804253948e-05, -3.12150186801e-05, -2.61564346147e-05, 5.12257065566e-05, -0.000113855174277, 0.000101884455944, 0.000163068034453, -4.44163088105e-05, 0.000172758649569, -1.2718135622e-05, 1.17552792744e-06], [-2.07690900424e-05, 0.000346675486071, -0.000185130658792, 2.83090685116e-05, -6.68701750328e-06, 0.000103314239823, -0.000142815973959, 9.9695083918e-05, -0.000191166720469, 6.9733003329e-05, 6.83620382915e-05, 0.000226347940043, -0.000405778933782], [-4.26804253948e-05, -0.000185130658792, 0.00121488398872, -0.000597491452936, 0.000373247108655, -0.000602814368904, -0.000139485346153, -0.000200942915399, -0.000164663419127, 0.000288709707092, 0.000124724436319, -7.5794843724e-05, 0.000350898510078], [-3.12150186801e-05, 2.83090685116e-05, -0.000597491452936, 0.00217501353472, -0.00166201719549, 0.000406986684538, -0.000135282272822, -2.2297290343e-05, 0.000463714968646, 0.000145188547322, -0.000309676368488, -0.000427644932643, 0.000120505748782], [-2.61564346147e-05, -6.68701750328e-06, 0.000373247108655, -0.00166201719549, 0.00400840165094, -0.00124037766363, -0.000320423248922, -0.000490886915941, -0.00051561841974, 0.000302692002151, 0.000675106770359, -0.000974195776507, 0.000508737692144], [5.12257065566e-05, 0.000103314239823, -0.000602814368904, 0.000406986684538, -0.00124037766363, 0.00387513963506, -0.00221385178156, 0.000907543930225, -0.00112658157013, 0.000476018612972, -0.000725150865037, 0.00145330664236, -0.00134335190523], [-0.000113855174277, -0.000142815973959, -0.000139485346153, -0.000135282272822, -0.000320423248922, -0.00221385178156, 0.00574821140617, -0.00162902206648, 6.08399641351e-05, -0.000541781308129, 0.000307357433485, -0.000665581028443, 0.0006186812534], [0.000101884455944, 9.9695083918e-05, -0.000200942915399, -2.2297290343e-05, -0.000490886915941, 0.000907543930225, -0.00162902206648, 0.00669733481482, -0.00219364906661, 0.000635943491943, 3.41596314684e-05, -0.000127979947138, -9.09098253032e-06], [0.000163068034453, -0.000191166720469, -0.000164663419127, 0.000463714968646, -0.00051561841974, -0.00112658157013, 6.08399641351e-05, -0.00219364906661, 0.00526125123724, -0.00127856957261, -0.000760680472013, -0.000110075437988, 0.000983341597021], [-4.44163088105e-05, 6.9733003329e-05, 0.000288709707092, 0.000145188547322, 0.000302692002151, 0.000476018612972, -0.000541781308129, 0.000635943491943, -0.00127856957261, 0.00623404048383, -0.00300804595463, 0.00102740211878, 0.000436508329585], [0.000172758649569, 6.83620382915e-05, 0.000124724436319, -0.000309676368488, 0.000675106770359, -0.000725150865037, 0.000307357433485, 3.41596314684e-05, -0.000760680472013, -0.00300804595463, 0.00903492420912, -0.00345134595409, 0.000321909203194], [-1.2718135622e-05, 0.000226347940043, -7.5794843724e-05, -0.000427644932643, -0.000974195776507, 0.00145330664236, -0.000665581028443, -0.000127979947138, -0.000110075437988, 0.00102740211878, -0.00345134595409, 0.0107811763883, -0.00443837419152], [1.17552792744e-06, -0.000405778933782, 0.000350898510078, 0.000120505748782, 0.000508737692144, -0.00134335190523, 0.0006186812534, -9.09098253032e-06, 0.000983341597021, 0.000436508329585, 0.000321909203194, -0.00443837419152, 0.00819475576282]], "cov": [[15228.0136719, 1481.30236816, 1021.49481201, 844.636413574, 309.041809082, -79.0366668701, 267.017242432, -337.409759521, -759.955871582, -329.935852051, -513.278137207, -31.4725646973, 74.2124023438], [1481.30236816, 3714.71875, 864.28894043, 256.960906982, 157.628265381, 251.173538208, 237.065750122, 28.6624011993, 99.7926940918, -122.733665466, -107.843452454, -28.9599266052, 139.578369141], [1021.49481201, 864.28894043, 1469.88793945, 547.525817871, 290.438934326, 399.450561523, 280.695098877, 102.198562622, 115.982421875, -116.403274536, -57.3400230408, -3.97408461571, -9.58635425568], [844.636413574, 256.960906982, 547.525817871, 964.831481934, 458.318359375, 177.124664307, 170.358337402, 63.1801528931, -4.69270038605, -97.1742858887, -24.4803256989, 71.2072372437, 8.02869510651], [309.041809082, 157.628265381, 290.438934326, 458.318359375, 554.033081055, 266.776824951, 186.737594604, 91.1389541626, 95.9082336426, -59.9469909668, -16.4945297241, 45.8482246399, 1.08942937851], [-79.0366668701, 251.173538208, 399.450561523, 177.124664307, 266.776824951, 593.436584473, 275.076782227, 78.1108016968, 184.679931641, -19.638004303, 21.3462123871, -13.1684417725, 23.6923942566], [267.017242432, 237.065750122, 280.695098877, 170.358337402, 186.737594604, 275.076782227, 338.850128174, 95.9253997803, 106.691917419, -6.72611522675, 0.559838414192, 6.22613382339, -3.89405632019], [-337.409759521, 28.6624011993, 102.198562622, 63.1801528931, 91.1389541626, 78.1108016968, 95.9253997803, 219.638092041, 131.366912842, 1.83842337132, 18.0458164215, 9.08919429779, -15.3369569778], [-759.955871582, 99.7926940918, 115.982421875, -4.69270038605, 95.9082336426, 184.679931641, 106.691917419, 131.366912842, 359.270294189, 76.4917449951, 69.9179000854, -6.97574663162, -37.1462402344], [-329.935852051, -122.733665466, -116.403274536, -97.1742858887, -59.9469909668, -19.638004303, -6.72611522675, 1.83842337132, 76.4917449951, 233.572418213, 89.895866394, -10.45997715, -29.4214916229], [-513.278137207, -107.843452454, -57.3400230408, -24.4803256989, -16.4945297241, 21.3462123871, 0.559838414192, 18.0458164215, 69.9179000854, 89.895866394, 178.28666687, 48.8041419983, 8.30083560944], [-31.4725646973, -28.9599266052, -3.97408461571, 71.2072372437, 45.8482246399, -13.1684417725, 6.22613382339, 9.08919429779, -6.97574663162, -10.45997715, 48.8041419983, 148.857070923, 72.3284072876], [74.2124023438, 139.578369141, -9.58635425568, 8.02869510651, 1.08942937851, 23.6923942566, -3.89405632019, -15.3369569778, -37.1462402344, -29.4214916229, 8.30083560944, 72.3284072876, 178.188156128]]}, "spectral_contrast_valleys": {"min": [-26.7462997437, -27.0688781738, -27.1938934326, -27.2825374603, -27.2375793457, -27.1899452209], "max": [-4.38145589828, -4.7634062767, -4.95495176315, -5.2677116394, -5.95299291611, -6.91386699677], "dvar2": [0.275349348783, 0.251096785069, 0.301388412714, 0.337147593498, 0.233586221933, 0.490827620029], "median": [-6.88550901413, -7.6241440773, -8.70972442627, -9.67684364319, -9.62048339844, -11.766907692], "dmean2": [0.613617002964, 0.573734521866, 0.556298017502, 0.49732080102, 0.404318869114, 0.532165944576], "dmean": [0.381502747536, 0.35141441226, 0.34491160512, 0.31536513567, 0.266854047775, 0.36415579915], "var": [5.4292974472, 3.1860537529, 2.75287127495, 2.38123869896, 2.75292468071, 3.57433748245], "dvar": [0.120358161628, 0.107136204839, 0.135943219066, 0.155933350325, 0.115617766976, 0.220835417509], "mean": [-7.73509597778, -8.06323337555, -9.02993965149, -9.90637683868, -9.96076488495, -12.0669574738]}, "barkbands_flatness_db": {"min": 0.0430068001151, "max": 0.726021528244, "dvar2": 0.0022938742768, "median": 0.305214464664, "dmean2": 0.0453698150814, "dmean": 0.0308513287455, "var": 0.0103199034929, "dvar": 0.00107777689118, "mean": 0.315024912357}, "dynamic_complexity": 5.82650184631, "spectral_skewness": {"min": -0.353665113449, "max": 23.1307754517, "dvar2": 1.92266833782, "median": 2.9480881691, "dmean2": 0.97157651186, "dmean": 0.620665788651, "var": 7.12091445923, "dvar": 0.796373605728, "mean": 3.74828052521}, "erbbands_flatness_db": {"min": 0.0274036005139, "max": 