{"lowlevel": {"spectral_complexity": {"min": 0, "max": 52, "dvar2": 16.8308353424, "median": 25, "dmean2": 4.84474372864, "dmean": 3.08422040939, "var": 71.3305206299, "dvar": 7.2933921814, "mean": 23.4346542358}, "silence_rate_20dB": {"min": 1, "max": 1, "dvar2": 0, "median": 1, "dmean2": 0, "dmean": 0, "var": 0, "dvar": 0, "mean": 1}, "average_loudness": 0.854053974152, "erbbands_spread": {"min": 1.9876049757, "max": 80.3388137817, "dvar2": 35.7562179565, "median": 20.2427177429, "dmean2": 6.52462673187, "dmean": 4.19169378281, "var": 76.1159744263, "dvar": 15.2807006836, "mean": 20.9314670563}, "spectral_kurtosis": {"min": -1.25670921803, "max": 24.1926689148, "dvar2": 7.68543958664, "median": 4.69485521317, "dmean2": 2.9729385376, "dmean": 1.73725771904, "var": 7.00704479218, "dvar": 2.65040159225, "mean": 5.14247751236}, "barkbands_kurtosis": {"min": -1.73978281021, "max": 16.3779182434, "dvar2": 2.91683220863, "median": 0.0598418153822, "dmean2": 1.45633983612, "dmean": 0.929320037365, "var": 2.70730566978, "dvar": 1.25849533081, "mean": 0.49225705862}, "spectral_strongpeak": {"min": 0, "max": 16.5963935852, "dvar2": 4.6222987175, "median": 1.40211486816, "dmean2": 1.72806441784, "dmean": 1.036272645, "var": 3.84493041039, "dvar": 1.8759251833, "mean": 1.89797329903}, "spectral_spread": {"min": 1750138.5, "max": 42954572, "dvar2": 455552466944, "median": 3202924.5, "dmean2": 462849.96875, "dmean": 306378.5, "var": 3318458875900.0, "dvar": 359106183168, "mean": 3471152.75}, "spectral_rms": {"min": 3.14122230831e-12, "max": 0.0122913112864, "dvar2": 8.28965028177e-07, "median": 0.00448070652783, "dmean2": 0.000939407444093, "dmean": 0.000670308014378, "var": 3.67876214113e-06, "dvar": 4.24781831043e-07, "mean": 0.00447786552832}, "erbbands": {"min": [1.54901673982e-22, 7.92326491085e-22, 5.13371310267e-21, 9.87630548492e-21, 3.69392269002e-20, 6.17411292748e-20, 9.94791961581e-20, 7.88120368546e-20, 1.64792162404e-19, 2.30462134632e-19, 2.6117390321e-19, 6.20018759909e-19, 8.89350887007e-19, 1.48590971907e-18, 2.308611252e-18, 1.86071259585e-18, 1.66891402042e-18, 3.32310298516e-18, 3.70502799041e-18, 3.05340446875e-18, 5.1632593156e-18, 7.44780850397e-18, 8.34084427382e-18, 7.85921670779e-18, 1.13432112852e-17, 9.08025606029e-18, 1.36187636436e-17, 1.24051854602e-17, 1.49102878833e-17, 1.11618279476e-17, 1.22849613757e-17, 1.45622003554e-17, 1.19255373374e-17, 9.57911214411e-18, 7.55523858603e-18, 4.75960179412e-18, 2.88636506342e-18, 1.0761975457e-18, 2.52890542405e-19, 2.55181293096e-20], "max": [1.0777053833, 9.16834545135, 17.2231712341, 24.1546516418, 29.6989498138, 53.0830726624, 242.264312744, 308.241149902, 514.858581543, 708.368591309, 2598.41845703, 1435.64172363, 3195.13232422, 1632.38684082, 2656.35449219, 3895.55249023, 3826.21826172, 1746.35058594, 1880.14477539, 3567.97241211, 585.375854492, 770.414672852, 1414.26391602, 244.403747559, 268.25958252, 106.116401672, 200.784835815, 256.582611084, 228.444580078, 256.836853027, 577.084411621, 803.120544434, 358.018585205, 113.197143555, 17.0776901245, 2.11923909187, 0.701124787331, 0.192983329296, 0.00663694459945, 0.000377296702936], "dvar2": [0.0350711159408, 2.30073881149, 5.54459476471, 10.0034990311, 10.2276659012, 13.2344779968, 97.1000671387, 531.886291504, 1452.51123047, 2207.96948242, 15545.9462891, 8521.36425781, 14142.7294922, 14600.1386719, 23184.1464844, 59741.8164063, 59423.515625, 25160.453125, 16859.9472656, 25849.1933594, 2408.37817383, 2091.2800293, 2612.00073242, 285.155059814, 234.605239868, 77.5493850708, 116.300537109, 87.0629196167, 78.5603103638, 45.8684806824, 124.546600342, 269.362121582, 35.119140625, 4.26732444763, 0.204869940877, 0.00393301760778, 0.000264019879978, 1.03179645521e-05, 2.95694455588e-08, 2.70352212839e-10], "median": [0.00419308943674, 0.0628258883953, 0.211492806673, 0.583749294281, 0.759454965591, 1.28504037857, 3.01105475426, 4.07185745239, 7.44112825394, 12.5336990356, 20.8198184967, 19.4238395691, 18.265953064, 24.1730937958, 38.1828079224, 53.8524780273, 45.3099746704, 37.554107666, 33.7911224365, 22.9159545898, 24.9318237305, 23.9412612915, 18.3261528015, 10.7072649002, 7.81626605988, 5.51155471802, 5.09496498108, 3.71244287491, 2.3213968277, 1.36755776405, 0.841464400291, 0.505652844906, 0.297007918358, 0.118367150426, 0.0348900407553, 0.00899168103933, 0.001463580993, 0.000175827328349, 1.96857636183e-05, 2.73103723885e-05], "dmean2": [0.0872018709779, 0.671884298325, 0.987797141075, 1.6466947794, 1.69759988785, 2.098279953, 4.60016679764, 9.63711547852, 16.6355075836, 24.7230682373, 53.451133728, 42.3033027649, 40.5241012573, 53.9947090149, 74.4966659546, 111.286331177, 97.447227478, 73.479675293, 62.7032203674, 40.8863372803, 29.4583263397, 28.468296051, 24.26836586, 11.4653272629, 9.41503715515, 5.59758377075, 5.39208316803, 4.17216396332, 3.28227543831, 2.13031578064, 2.10532212257, 1.94406938553, 0.88437718153, 0.29652389884, 0.0955631881952, 0.0190548282117, 0.00338583742268, 0.00057128246408, 2.99330440612e-05, 1.28678948386e-05], "dmean": [0.0663842260838, 0.506197571754, 0.62597489357, 1.02950906754, 1.02349662781, 1.3084821701, 3.00382256508, 6.12524414063, 10.7091989517, 15.8192043304, 33.6928482056, 26.9486045837, 26.4488048553, 34.4885215759, 46.6689109802, 68.290473938, 61.5590400696, 45.8284797668, 39.100189209, 25.710231781, 18.3854389191, 18.0017089844, 15.0754785538, 6.99415397644, 5.78945875168, 3.45675301552, 3.43419313431, 2.72746014595, 2.16523432732, 1.4611479044, 1.53350687027, 1.41292691231, 0.662487745285, 0.220667794347, 0.0703680664301, 0.0146262245253, 0.00274794804864, 0.000505683885422, 2.31183857977e-05, 8.98414327821e-06], "var": [0.0328245200217, 1.8779501915, 1.85632300377, 3.54410028458, 3.90208506584, 7.55258846283, 77.3794631958, 493.629180908, 1657.0736084, 1909.19311523, 11226.8056641, 6998.41503906, 15640.1982422, 15935.8535156, 19939.2773438, 41579.5351563, 51741.015625, 20094.0273438, 12067.5107422, 10790.7705078, 1879.51477051, 2243.40966797, 1951.26965332, 209.291976929, 208.66506958, 75.1025848389, 118.990821838, 82.6074981689, 94.022644043, 106.48135376, 343.377807617, 467.462097168, 90.8788757324, 6.2853679657, 0.402970790863, 0.0125015638769, 0.000755929562729, 3.77416545234e-05, 6.27716403301e-08, 6.37957742189e-10], "dvar": [0.0211612489074, 1.26715934277, 2.13841557503, 3.74469637871, 3.86764264107, 5.23280334473, 42.7665939331, 229.477371216, 608.437072754, 944.729614258, 6279.98583984, 3559.39111328, 6654.87548828, 5923.07421875, 9171.78808594, 21478.8417969, 23407.1484375, 9774.80078125, 7206.91992188, 9518.48046875, 953.039916992, 923.799865723, 1051.22875977, 114.235832214, 97.373840332, 31.5496101379, 55.4320793152, 41.2963752747, 42.5492210388, 29.6425704956, 93.5961227417, 160.716384888, 26.7104625702, 2.42912769318, 0.12020688504, 0.00268369237892, 0.000195305896341, 9.61221667239e-06, 1.95545464265e-08, 1.3444563518e-10], "mean": [0.073306016624, 0.578383207321, 0.644429624081, 1.22797107697, 1.34358501434, 2.14377236366, 5.29028511047, 10.791182518, 20.3801631927, 26.8577899933, 55.1844825745, 45.9605941772, 46.6228561401, 64.178352356, 82.587020874, 114.827026367, 109.483215332, 79.0467376709, 63.7889976501, 43.5576171875, 36.2475090027, 36.765335083, 28.7341995239, 14.03079319, 11.4319162369, 7.69811105728, 7.55963230133, 5.80852079391, 4.42525339127, 3.1386089325, 2.93906784058, 2.60410690308, 1.36029040813, 0.446607500315, 0.154008284211, 0.0352775417268, 0.00616598222405, 0.0010348452488, 5.37311534572e-05, 3.19593782478e-05]}, "zerocrossingrate": {"min": 0.0185546875, "max": 0.51025390625, "dvar2": 0.000130480533699, "median": 0.06396484375, "dmean2": 0.00870963465422, "dmean": 0.00767208868638, "var": 0.000960225181188, "dvar": 0.000105756793346, "mean": 0.0678768828511}, "spectral_contrast_coeffs": {"min": [-0.982149481773, -0.965655863285, -0.971418440342, -0.965041577816, -0.962758898735, -0.963183999062], "max": [-0.437229186296, -0.450690507889, -0.46730440855, -0.513255417347, -0.595171689987, -0.543931603432], "dvar2": [0.00297451787628, 0.00389250623994, 0.0026536770165, 0.00176957726944, 0.000810600758996, 0.000531673140358], "median": [-0.683280110359, -0.734954714775, -0.744449973106, -0.755733847618, -0.77567243576, -0.724672079086], "dmean2": [0.0682120025158, 0.079925686121, 0.0659885108471, 0.0532684065402, 0.0358504317701, 0.028064256534], "dmean": [0.0431746579707, 0.0485105998814, 0.0404929295182, 0.0324693955481, 0.0218017268926, 0.0176095049828], "var": [0.00508049828932, 0.00569121586159, 0.00420159380883, 0.00332612171769, 0.0020126211457, 0.00263172737323], "dvar": [0.00121475139167, 0.00144887354691, 0.00100452383049, 0.000688854895998, 0.000313283933792, 0.000216915519559], "mean": [-0.686848342419, -0.730085372925, -0.741339504719, -0.751883208752, -0.77291738987, -0.726352453232]}, "dissonance": {"min": 0.158577740192, "max": 0.500000059605, "dvar2": 0.000870555290021, "median": 0.475227475166, "dmean2": 0.0305736958981, "dmean": 0.0178903024644, "var": 0.000526987423655, "dvar": 0.000313236261718, "mean": 0.470301419497}, "spectral_energyband_high": {"min": 7.37509064273e-21, "max": 0.0494038723409, "dvar2": 8.42828228542e-07, "median": 0.000348482688423, "dmean2": 0.000309860653942, "dmean": 0.000226100950385, "var": 2.89821127808e-06, "dvar": 6.93097888416e-07, "mean": 0.00061364407884}, "gfcc": {"mean": [-21.326631546, 96.0783538818, -166.859283447, 18.7537631989, -63.2723846436, 19.3468284607, -33.3393363953, 5.97796964645, -16.73711586, 1.60663056374, -8.69655704498, -2.82229781151, -9.79085063934], "icov": [[0.000207831064472, -0.000636246113572, 0.000463579781353, -0.000433689623605, 0.000769963255152, -0.000887395523023, 0.000738643924706, -0.000610460527241, 0.0004623241839, -0.000308475428028, 0.000470255385153, -0.000319818209391, 0.000103406120616], [-0.000636246113572, 0.00504588987678, -0.000860274711158, 0.00159610505216, -0.0037978773471, 0.00315380655229, -0.00330076389946, 0.00298767909408, -0.003315678332, 0.00284204306081, -0.00387024623342, 0.00378256011754, -0.00259621161968], [0.000463579781353, -0.000860274711158, 0.00437753926963, -0.000968960172031, 0.00015670346329, -0.00293851620518, 0.00226720911451, -0.00173858215567, 0.000315313634928, -0.00116939400323, 0.00155679171439, -0.00180908315815, 0.000620442500804], [-0.000433689623605, 0.00159610505216, -0.000968960172031, 0.00486180465668, -0.00144150690176, 0.00209670001641, -0.0023761766497, 0.00234010349959, -0.00322993053123, 0.00166240613908, -0.00254826247692, 0.00148646719754, -0.00230740592815], [0.000769963255152, -0.0037978773471, 0.00015670346329, -0.00144150690176, 0.00987517740577, -0.00388140883297, 0.000745106954128, -0.00169955566525, 0.00151729828212, -0.00337767717429, 0.00312856654637, -0.0025719164405, 0.000456460227724], [-0.000887395523023, 0.00315380655229, -0.00293851620518, 0.00209670001641, -0.00388140883297, 0.0109997093678, -0.00429621292278, -0.00044867026736, -0.000686799932737, 0.00211097835563, -0.00291160540655, 0.000964381848462, -0.00176119233947], [0.000738643924706, -0.00330076389946, 0.00226720911451, -0.0023761766497, 0.000745106954128, -0.00429621292278, 0.00947434455156, -0.00381627120078, 0.00176492449827, 0.000172922140337, 0.000145689729834, -0.00156974082347, 0.00251373602077], [-0.000610460527241, 0.00298767909408, -0.00173858215567, 0.00234010349959, -0.00169955566525, -0.00044867026736, -0.00381627120078, 0.0164085440338, -0.00808008946478, -0.00171488081105, 0.00116908829659, -0.000728900195099, -0.000952420465183], [0.0004623241839, -0.003315678332, 0.000315313634928, -0.00322993053123, 0.00151729828212, -0.000686799932737, 0.00176492449827, -0.00808008946478, 0.0185961835086, -0.00632875598967, -0.00117862666957, 0.00339147099294, -0.00258893007413], [-0.000308475428028, 0.00284204306081, -0.00116939400323, 0.00166240613908, -0.00337767717429, 0.00211097835563, 0.000172922140337, -0.00171488081105, -0.00632875598967, 0.0212223082781, -0.00828964449465, -0.000944308238104, 0.00288295350038], [0.000470255385153, -0.00387024623342, 0.00155679171439, -0.00254826247692, 0.00312856654637, -0.00291160540655, 0.000145689729834, 0.00116908829659, -0.00117862666957, -0.00828964449465, 0.023542124778, -0.0107237324119, 0.000695553724654], [-0.000319818209391, 0.00378256011754, -0.00180908315815, 0.00148646719754, -0.0025719164405, 0.000964381848462, -0.00156974082347, -0.000728900195099, 0.00339147099294, -0.000944308238104, -0.0107237324119, 0.0253649167717, -0.00989201571792], [0.000103406120616, -0.00259621161968, 0.000620442500804, -0.00230740592815, 0.000456460227724, -0.00176119233947, 0.00251373602077, -0.000952420465183, -0.00258893007413, 0.00288295350038, 0.000695553724654, -0.00989201571792, 0.020864252001]], "cov": [[16450.8886719, 839.919799805, -1038.42834473, 513.428466797, -755.297485352, 349.439483643, -413.98059082, 100.77684021, -7.76200723648, -153.158416748, -16.5252056122, -68.4471817017, 199.438735962], [839.919799805, 668.074035645, -115.145523071, 120.870681763, 118.375221252, -38.7310028076, 141.70085144, -37.5939674377, 90.1832962036, -32.8081054688, 65.2677688599, -43.9670410156, 63.814414978], [-1038.42834473, -115.145523071, 422.571594238, -23.0586414337, 95.1845169067, 89.9288101196, -7.42829608917, 60.2031478882, 25.3359508514, 47.8197250366, 5.25936460495, 44.6091270447, 2.36496067047], [513.428466797, 120.870681763, -23.0586414337, 342.122619629, 19.9739780426, -10.0423212051, 58.6465682983, -6.07655954361, 67.1725311279, -2.04364609718, 46.8267250061, 3.23836636543, 50.9811477661], [-755.297485352, 118.375221252, 95.1845169067, 19.9739780426, 221.683700562, 43.1347007751, 84.5061721802, 22.5356483459, 37.0523033142, 27.9775238037, 23.8367996216, 17.4446334839, 15.6980323792], [349.439483643, -38.7310028076, 89.9288101196, -10.0423212051, 43.1347007751, 190.084838867, 39.7711753845, 56.7732391357, 8.19925308228, 14.9583778381, 12.8308811188, 29.1168956757, 14.8930444717], [-413.98059082, 141.70085144, -7.42829608917, 58.6465682983, 84.5061721802, 39.7711753845, 216.898666382, 25.0643386841, 33.9479789734, 2.00020313263, 33.1974372864, 3.30198693275, 7.30607175827], [100.77684021, -37.5939674377, 60.2031478882, -6.07655954361, 22.5356483459, 56.7732391357, 25.0643386841, 115.871986389, 46.8641891479, 33.9778518677, 7.5306096077, 17.9587936401, 8.31285190582], [-7.76200723648, 90.1832962036, 25.3359508514, 67.1725311279, 37.0523033142, 8.19925308228, 33.9479789734, 46.8641891479, 113.048690796, 35.3270187378, 31.5812492371, 0.137969523668, 24.0250835419], [-153.158416748, -32.8081054688, 47.8197250366, -2.04364609718, 27.9775238037, 14.9583778381, 2.00020313263, 33.9778518677, 35.3270187378, 81.315322876, 30.5588779449, 20.6596565247, -1.08682608604], [-16.5252056122, 65.2677688599, 5.25936460495, 46.8267250061, 23.8367996216, 12.8308811188, 33.1974372864, 7.5306096077, 31.5812492371, 30.5588779449, 82.5686416626, 32.4767570496, 22.4726085663], [-68.4471817017, -43.9670410156, 44.6091270447, 3.23836636543, 17.4446334839, 29.1168956757, 3.30198693275, 17.9587936401, 0.137969523668, 20.6596565247, 32.4767570496, 74.8860549927, 27.9822006226], [199.438735962, 63.814414978, 2.36496067047, 50.9811477661, 15.6980323792, 14.8930444717, 7.30607175827, 8.31285190582, 24.0250835419, -1.08682608604, 22.4726085663, 27.9822006226, 76.510635376]]}, "spectral_flux": {"min": 6.45613423833e-11, "max": 0.270516037941, "dvar2": 0.000897154677659, "median": 0.0790840834379, "dmean2": 0.0299442466348, "dmean": 0.0192592069507, "var": 0.00155343837105, "dvar": 0.000380758254323, "mean": 0.0817143693566}, "silence_rate_30dB": {"min": 0, "max": 1, "dvar2": 0.00430152518675, "median": 1, "dmean2": 0.00323450146243, "dmean": 0.00161703280173, "var": 0.00121143285651, "dvar": 0.00161456596106, "mean": 0.998787403107}, "spectral_energyband_middle_high": {"min": 1.37914060522e-21, "max": 0.131105929613, "dvar2": 9.49585883063e-05, "median": 0.00912871584296, "dmean2": 0.00654677115381, "dmean": 0.00419788993895, "var": 0.000148727063788, "dvar": 3.77674004994e-05, "mean": 0.0125495297834}, "barkbands_spread": {"min": 2.53060245514, "max": 100.544113159, "dvar2": 30.6031265259, "median": 18.0381889343, "dmean2": 5.98328018188, "dmean": 4.07144355774, "var": 72.3246765137, "dvar": 15.314458847, "mean": 19.1916370392}, "spectral_centroid": {"min": 611.35760498, "max": 11513.8369141, "dvar2": 86211.734375, "median": 1569.42456055, "dmean2": 293.50088501, "dmean": 194.267028809, "var": 312467.53125, "dvar": 45742.3867188, "mean": 1622.2355957}, "pitch_salience": {"min": 0.221497282386, "max": 0.83331412077, "dvar2": 0.00724650314078, "median": 0.587867558002, "dmean2": 0.10519836098, "dmean": 0.06866864115, "var": 0.00971200317144, "dvar": 0.00346765900031, "mean": 0.577560424805}, "erbbands_skewness": {"min": -2.74207925797, "max": 2.89247918129, "dvar2": 0.184301167727, "median": 0.276368677616, "dmean2": 0.511663913727, "dmean": 0.326119989157, "var": 0.303695142269, "dvar": 0.0764101296663, "mean": 0.296695500612}, "erbbands_crest": {"min": 2.40327692032, "max": 28.8326091766, "dvar2": 20.8577766418, "median": 9.32531642914, "dmean2": 5.17919683456, "dmean": 3.12782096863, "var": 19.8901119232, "dvar": 7.95713186264, "mean": 10.3547868729}, "melbands": {"min": [1.96135374334e-24, 1.52086397044e-24, 2.99493823402e-24, 4.27697308629e-24, 3.75658955168e-24, 1.60450058134e-24, 3.02093198971e-24, 2.11110715328e-24, 2.47615372046e-24, 3.76497553753e-24, 4.8071239022e-24, 5.20664092993e-24, 6.45231185827e-24, 5.51611185191e-24, 2.15533187892e-24, 3.69008344978e-24, 4.94851459769e-24, 4.85555049545e-24, 3.9030825995e-24, 3.87600258235e-24, 5.27290445711e-24, 7.352584378e-24, 6.15714850653e-24, 7.21734364213e-24, 5.43502562832e-24, 7.96936474308e-24, 4.75619228115e-24, 5.50688415147e-24, 7.10962389666e-24, 6.60754509049e-24, 6.84877441658e-24, 7.42470677512e-24, 5.54598246452e-24, 6.20971109751e-24, 6.12391143001e-24, 7.4873825629e-24, 8.31313612608e-24, 7.75176219554e-24, 7.39523887601e-24, 6.87490227862e-24], "max": [0.0100863836706, 0.00848307739943, 0.00377280521207, 0.0034953635186, 0.00634812703356, 0.00618339935318, 0.00748049281538, 0.00885125622153, 0.0199941080064, 0.00967784877867, 0.0159501377493, 0.00653462810442, 0.00729749491438, 0.00768790440634, 0.00551068875939, 0.0127324592322, 0.00389345991425, 0.00322913448326, 0.00608863309026, 0.00287996907718, 0.000948930566665, 0.0011004654225, 0.00158873922192, 0.000818541157059, 0.000233143553487, 0.000247463380219, 0.000159670438734, 0.000100607219792, 0.000115109294711, 0.000185830198461, 0.000125098842545, 0.000201531525818, 0.000119751908642, 0.000187050492968, 0.000397900352255, 0.000439945666585, 0.000607687106822, 0.000258659012616, 0.00015974289272, 7.02868128428e-05], "dvar2": [3.06162587549e-06, 1.52061716108e-06, 2.78148405641e-07, 5.17079463691e-08, 7.94500962797e-08, 2.36324439129e-07, 3.37815237117e-07, 3.43015102544e-07, 1.02471506125e-06, 3.37750293511e-07, 3.61553588846e-07, 2.66136197524e-07, 1.84095299005e-07, 3.13771806759e-07, 1.71396763449e-07, 6.35796595816e-07, 9.1037584582e-08, 4.10606482149e-08, 8.37359479533e-08, 1.83501303042e-08, 4.070837889e-09, 3.6721365948e-09, 3.36252248267e-09, 8.81512196571e-10, 2.39661901436e-10, 1.9039116117e-10, 5.9208409009e-11, 4.19845928856e-11, 4.06312171408e-11, 8.06794353547e-11, 3.68868581513e-11, 5.27843532772e-11, 1.22909390998e-11, 2.0324939648e-11, 5.79388377553e-11, 4.60381385792e-11, 1.62535748749e-10, 2.46299161621e-11, 6.74955707644e-12, 2.32525153646e-12], "median": [5.35932704224e-05, 0.000114383830805, 0.000111554094474, 6.99384399923e-05, 0.000103196900454, 9.40607205848e-05, 0.000111130939331, 0.000153545901412, 0.000159297604114, 0.000106251070974, 8.24331364129e-05, 8.24797243695e-05, 9.46835571085e-05, 0.00014922664559, 0.000114691152703, 7.88707402535e-05, 5.78735052841e-05, 5.07167096657e-05, 3.39445323334e-05, 2.99875027849e-05, 2.69442825811e-05, 2.48983342317e-05, 1.94767508219e-05, 1.10899127321e-05, 7.40652558306e-06, 5.36483503311e-06, 4.23673100158e-06, 3.37433493769e-06, 3.31907540385e-06, 2.52094741882e-06, 1.80621373147e-06, 1.30070156956e-06, 9.04746059405e-07, 6.3149457219e-07, 5.02408056491e-07, 3.12655032531e-07, 2.73983886245e-07, 2.02384555337e-07, 1.43503314121e-07, 7.10160250605e-08], "dmean2": [0.000816005107481, 0.000557785562705, 0.0002772572916, 0.00012523602345, 0.000145800077007, 0.00021148887754, 0.000255885184743, 0.000309227732942, 0.000430399231846, 0.000257848529145, 0.000203504881938, 0.000224071161938, 0.000213702354813, 0.00028214440681, 0.000214216954191, 0.000249418138992, 0.000137155700941, 9.88562824205e-05, 7.85980882938e-05, 5.46166484128e-05, 3.63523540727e-05, 3.5663266317e-05, 3.01249001495e-05, 1.52754746523e-05, 9.97345887299e-06, 7.99484223535e-06, 5.15271131007e-06, 4.05633636547e-06, 3.63121625924e-06, 3.75780996364e-06, 2.47364619099e-06, 2.34081949202e-06, 1.3745278693e-06, 1.24251471334e-06, 1.41509053719e-06, 1.03735601442e-06, 1.37108168019e-06, 7.56240581268e-07, 4.03426980711e-07, 2.3375584135e-07], "dmean": [0.000625641841907, 0.000414703186834, 0.000171991312527, 7.67668461776e-05, 9.51450128923e-05, 0.000135118461912, 0.00016516695905, 0.000197426765226, 0.000271336029982, 0.000164117314853, 0.000132440036396, 0.000143061508425, 0.000134169924422, 0.000174267988768, 0.000133921028464, 0.000156356851221, 8.55863036122e-05, 6.17965342826e-05, 4.90761995025e-05, 3.36605880875e-05, 2.26343545364e-05, 2.24130017159e-05, 1.86971064977e-05, 9.43084341998e-06, 6.02450381848e-06, 4.89324929731e-06, 3.17171543429e-06, 2.49845606959e-06, 2.25408894039e-06, 2.41406291934e-06, 1.61049831604e-06, 1.53267455971e-06, 9.08089532459e-07, 8.57839552282e-07, 1.00403622127e-06, 8.1848594391e-07, 9.82422648121e-07, 5.46397700418e-07, 3.0280287433e-07, 1.67763218428e-07], "var": [2.98226882478e-06, 1.05507274384e-06, 9.44423916849e-08, 2.30902248433e-08, 6.28354470678e-08, 2.40483927882e-07, 3.88494981962e-07, 2.82156918274e-07, 7.28930842797e-07, 2.76387936538e-07, 3.94093461864e-07, 2.83403181811e-07, 1.66067195551e-07, 2.46952453153e-07, 1.406463781e-07, 4.95906874676e-07, 7.18546218081e-08, 2.95181816767e-08, 3.69326720318e-08, 1.01115924522e-08, 2.86639023628e-09, 3.59038776487e-09, 2.73222067193e-09, 6.5645455738e-10, 1.57646520837e-10, 1.63893801308e-10, 5.11609296594e-11, 3.78840361859e-11, 3.55052029444e-11, 8.09441541572e-11, 3.75322828372e-11, 5.68796641731e-11, 1.57281913188e-11, 4.76853036224e-11, 1.18400594884e-10, 1.4911503976e-10, 2.02044755926e-10, 5.50318506043e-11, 1.24887010455e-11, 2.81699967172e-12], "dvar": [1.87139278296e-06, 7.48443483189e-07, 1.0372892234e-07, 1.97677323399e-08, 3.443751595e-08, 1.0335050149e-07, 1.42674991821e-07, 1.46622213038e-07, 4.14852820541e-07, 1.41888065741e-07, 1.6944534309e-07, 1.07520882864e-07, 7.34904901378e-08, 1.155607805e-07, 6.76233824493e-08, 2.45271678523e-07, 3.57660248085e-08, 1.74803016506e-08, 3.23794502322e-08, 7.18248172049e-09, 1.60127922033e-09, 1.58882329515e-09, 1.45745215896e-09, 3.47808892798e-10, 9.48532224987e-11, 7.81603878841e-11, 2.5011579613e-11, 1.72311158397e-11, 1.74592319768e-11, 4.06913253093e-11, 1.80123520266e-11, 2.81971217209e-11, 6.36008520155e-12, 1.41572725765e-11, 3.80067921579e-11, 3.76565618965e-11, 8.83399950413e-11, 1.68323931182e-11, 4.30246897137e-12, 1.22189346315e-12], "mean": [0.000715816742741, 0.0005004904815, 0.000210858532228, 0.000115561946586, 0.000170299230376, 0.000242084395722, 0.000312562653562, 0.000327863934217, 0.000439889117843, 0.000272817997029, 0.000226192511036, 0.000254749989836, 0.000230575213209, 0.000297135382425, 0.000229153389228, 0.000253213918768, 0.000132916364237, 9.78427269729e-05, 7.2270835517e-05, 5.36580701009e-05, 4.14492787968e-05, 4.1410450649e-05, 3.3462059946e-05, 1.74077540578e-05, 1.06256184154e-05, 8.86385168997e-06, 6.04523393122e-06, 4.98156441608e-06, 4.75390470456e-06, 4.4347812036e-06, 3.11464327751e-06, 2.78212564808e-06, 1.79884250429e-06, 1.67569123732e-06, 1.80998142696e-06, 1.45604212776e-06, 1.65134906638e-06, 1.05694596186e-06, 5.63710955248e-07, 3.15978326171e-07]}, "spectral_entropy": {"min": 6.47876882553, "max": 9.81906700134, "dvar2": 0.0238248668611, "median": 7.62723970413, "dmean2": 0.176588818431, "dmean": 0.114907480776, "var": 0.066186606884, "dvar": 0.0109685529023, "mean": 7.60677289963}, "spectral_rolloff": {"min": 129.19921875, "max": 19401.4160156, "dvar2": 541240, "median": 1744.18945313, "dmean2": 538.231445313, "dmean": 345.807312012, "var": 1284389, "dvar": 287722.21875, "mean": 1912.20947266}, "barkbands": {"min": [1.7396207201e-24, 4.10976573439e-24, 3.06700363594e-24, 2.00996473282e-24, 2.57257796384e-23, 6.20827221522e-24, 2.37927627649e-23, 4.91788943963e-24, 3.55690440188e-23, 3.46584934304e-23, 3.98371033713e-23, 3.42516431517e-23, 3.12397501274e-23, 5.55632222217e-23, 9.06211033066e-23, 8.50128954939e-23, 1.08733040457e-22, 1.53833707778e-22, 1.64544343656e-22, 1.85934881392e-22, 3.27297985679e-22, 4.07349343665e-22, 3.79937424329e-22, 7.26928887056e-22, 1.04992019706e-21, 1.50554000263e-21, 1.87517624144e-21], "max": [0.000367136759451, 0.0375216379762, 0.0163472592831, 0.00890256091952, 0.0127098672092, 0.0273562371731, 0.0347918197513, 0.0947509631515, 0.0495372414589, 0.0837358012795, 0.0535529628396, 0.0767966583371, 0.0959574356675, 0.0311873517931, 0.0568538606167, 0.017313323915, 0.0136630311608, 0.0201017614454, 0.00410908088088, 0.00275569595397, 0.00556915253401, 0.00433646049351, 0.0188736449927, 0.0313519537449, 0.00507906964049, 0.000395443697926, 3.51244889316e-05], "dvar2": [5.07425079732e-09, 3.9323054807e-05, 4.79565187561e-06, 1.14337706236e-06, 1.04378625565e-06, 4.86057933813e-06, 7.20529487808e-06, 2.38143747993e-05, 1.23242352856e-05, 1.71597021108e-05, 9.98453469947e-06, 2.49321292358e-05, 3.98643460358e-05, 5.88458124184e-06, 1.21700204545e-05, 1.34772130878e-06, 1.16883290957e-06, 5.76148238451e-07, 1.00282548487e-07, 3.41056036746e-08, 6.53147438356e-08, 4.32787388149e-08, 1.12129271201e-07, 3.29835899038e-07, 1.02500772314e-08, 8.72717037526e-11, 9.36918294683e-13], "median": [5.93167726493e-07, 0.000229737022892, 0.000178086134838, 0.000200095775654, 0.000410463719163, 0.000504143012222, 0.000496759312227, 0.000966493331362, 0.00067053292878, 0.000686287588906, 0.00063073617639, 0.00112942862324, 0.000809492485132, 0.000523170572706, 0.000544094364159, 0.000391305104131, 0.000457993824966, 0.00027481385041, 0.000174053711817, 0.000122427270981, 0.000108143038233, 6.11490249867e-05, 3.09040988213e-05, 2.12811555684e-05, 7.17711463949e-06, 1.1436954992e-06, 2.38979183109e-08], "dmean2": [3.1011786632e-05, 0.00289508374408, 0.000926777021959, 0.000582011474762, 0.000617210869677, 0.000997218536213, 0.00122866325546, 0.00236023985781, 0.00164702755865, 0.00173682847526, 0.00159969285596, 0.00240037636831, 0.00226029683836, 0.00116287323181, 0.00124719960149, 0.000600428087637, 0.000655725249089, 0.000375124014681, 0.000210644997424, 0.000126020779135, 0.000122323530377, 8.81692176335e-05, 6.67663189233e-05, 7.2069124144e-05, 1.78808732016e-05, 2.59798162006e-06, 1.52851256985e-07], "dmean": [2.13916137e-05, 0.00221009994857, 0.000544437847566, 0.000354688323569, 0.000386865751352, 0.000644165789708, 0.00078639946878, 0.00148953380994, 0.00104531820398, 0.00112813722808, 0.00100799871143, 0.00147032621317, 0.00141864910256, 0.000721503689419, 0.000780532544013, 0.000369803485228, 0.000410738808569, 0.000231601807172, 0.000128822459374, 7.79417532613e-05, 7.87980898167e-05, 5.7880562963e-05, 5.00774222019e-05, 5.41916269867e-05, 1.35247310027e-05, 2.08594860851e-06, 1.09398492043e-07], "var": [3.08176106856e-09, 3.75071649614e-05, 1.28106489683e-06, 4.02452741355e-07, 5.71682562622e-07, 4.80937251268e-06, 7.95207051851e-06, 1.7763224605e-05, 9.92756213236e-06, 1.83840056707e-05, 9.75082002697e-06, 1.79766902875e-05, 3.21490661008e-05, 4.79792515762e-06, 6.27420149613e-06, 8.4205390749e-07, 1.05258527583e-06, 4.19229905901e-07, 7.91503396158e-08, 3.12263104263e-08, 6.97795172755e-08, 5.48969438796e-08, 3.536918598e-07, 6.61295871396e-07, 1.79337469319e-08, 3.39282740791e-10, 1.53945291844e-12], "dvar": [2.54644039188e-09, 2.36033702095e-05, 1.74603417236e-06, 4.26495375905e-07, 4.09281426528e-07, 2.12120903598e-06, 3.04944296659e-06, 9.83698191703e-06, 5.19332434123e-06, 7.55154133003e-06, 4.12022700402e-06, 9.03796808416e-06, 1.53749933816e-05, 2.35518541558e-06, 4.77376443087e-06, 5.38202755251e-07, 4.89922399538e-07, 2.31690052033e-07, 4.05899953648e-08, 1.40571749796e-08, 3.20619513161e-08, 2.27127880947e-08, 9.29368084712e-08, 2.15014821947e-07, 6.18279738518e-09, 7.27123708466e-11, 5.38738975306e-13], "mean": [2.04115713132e-05, 0.00257916050032, 0.000523364753462, 0.000415251415689, 0.000642371422146, 0.0011636223644, 0.00143205223139, 0.00237098825164, 0.0017058266094, 0.00196581846103, 0.00168966595083, 0.00242492230609, 0.0023508623708, 0.00113768933807, 0.00115591369104, 0.000623932632152, 0.000755165528972, 0.000429415580584, 0.0002468075254, 0.00016540530487, 0.000169664854184, 0.000118011681479, 9.81114717433e-05, 0.000105278035335, 2.85151872959e-05, 4.87803572469e-06, 1.89443710497e-07]}, "melbands_flatness_db": {"min": 0.00344996876083, "max": 0.318245738745, "dvar2": 0.000615216733422, "median": 0.145123571157, "dmean2": 0.0303794443607, "dmean": 0.0217924993485, "var": 0.00163948035333, "dvar": 0.000362463993952, "mean": 0.150308862329}, "melbands_skewness": {"min": -2.53307509422, "max": 4.68664264679, "dvar2": 0.320742547512, "median": 0.774619102478, "dmean2": 0.665964543819, "dmean": 0.458217889071, "var": 0.634283959866, "dvar": 0.165500730276, "mean": 0.847822904587}, "barkbands_skewness": {"min": -3.37504172325, "max": 3.18466329575, "dvar2": 0.230761617422, "median": 0.356110394001, "dmean2": 0.573482394218, "dmean": 0.383294343948, "var": 0.377983272076, "dvar": 0.106449060142, "mean": 0.394277960062}, "silence_rate_60dB": {"min": 0, "max": 1, "dvar2": 0.00697275064886, "median": 0, "dmean2": 0.00592991895974, "dmean": 0.00296455994248, "var": 0.0800198689103, "dvar": 0.00295585463755, "mean": 0.0877122059464}, "spectral_energyband_low": {"min": 2.10972581839e-23, "max": 0.040865086019, "dvar2": 3.19631035381e-05, "median": 0.000718508730642, "dmean2": 0.00313776382245, "dmean": 0.00251279678196, "var": 4.36683621956e-05, "dvar": 2.22120652325e-05, "mean": 0.00338822463527}, "spectral_energyband_middle_low": {"min": 1.2620540074e-22, "max": 0.111966513097, "dvar2": 5.91583557252e-05, "median": 0.00624062865973, "dmean2": 0.005429034587, "dmean": 0.00353087298572, "var": 6.52107046335e-05, "dvar": 2.56497933151e-05, "mean": 0.00839942321181}, "melbands_kurtosis": {"min": -1.80513143539, "max": 25.1395168304, "dvar2": 8.91313552856, "median": 0.99834895134, "dmean2": 2.45378303528, "dmean": 1.60399270058, "var": 7.62638044357, "dvar": 4.26912641525, "mean": 1.76311945915}, "spectral_decrease": {"min": -3.84826144284e-08, "max": 1.65235243838e-28, "dvar2": 8.99986154938e-18, "median": -4.84343321006e-09, "dmean2": 2.506731267e-09, "dmean": 1.76078240877e-09, "var": 1.83684388568e-17, "dvar": 4.26641437904e-18, "mean": -5.8026961014e-09}, "erbbands_kurtosis": {"min": -1.53542482853, "max": 26.8186035156, "dvar2": 4.57351016998, "median": 0.499640643597, "dmean2": 1.61041641235, "dmean": 1.00217473507, "var": 4.35618877411, "dvar": 1.76264894009, "mean": 1.04521250725}, "melbands_crest": {"min": 1.79089701176, "max": 31.3770484924, "dvar2": 21.0440406799, "median": 10.1261520386, "dmean2": 5.56207704544, "dmean": 3.66137742996, "var": 25.876335144, "dvar": 9.845911026, "mean": 11.3605041504}, "melbands_spread": {"min": 3.96349143982, "max": 188.960144043, "dvar2": 91.1414031982, "median": 28.7340087891, "dmean2": 10.2807779312, "dmean": 6.89286327362, "var": 207.932632446, "dvar": 47.543586731, "mean": 30.5337238312}, "spectral_energy": {"min": 1.01139591601e-20, "max": 0.154853254557, "dvar2": 0.000154094683239, "median": 0.0205786526203, "dmean2": 0.0102825565264, "dmean": 0.0071814795956, "var": 0.000314106262522, "dvar": 7.13557819836e-05, "mean": 0.0243232659996}, "mfcc": {"mean": [-641.454406738, 117.740089417, -37.8427734375, 1.56938147545, -7.91673088074, 6.4131231308, -3.79960179329, 3.22496604919, -1.2275326252, 0.043814457953, 1.72753763199, 8.56028556824, 0.228358522058], "icov": [[0.000123567471746, -0.000201399467187, 4.10989850934e-05, 5.33930324309e-05, 8.30183853395e-05, -0.000127318693558, 0.000389296736103, -0.000280946813291, 8.8351618615e-05, 2.67172545136e-05, 9.11637107492e-05, -2.23216229642e-05, 0.000169570674188], [-0.000201399467187, 0.00194993824698, 0.00106497912202, -0.000132726054289, -0.000447816652013, -0.000438542745542, -0.000593804870732, 0.000229186567594, -0.00057567935437, -0.000181448762305, -0.000225607858738, -0.000179902883247, -0.000431724212831], [4.10989850934e-05, 0.00106497912202, 0.00460915407166, 0.000771547900513, -0.001854946604, -0.00052223727107, 0.000362705381121, -0.00108713086229, 0.000154788911459, -0.000927403219976, 0.00048925896408, -0.000733290624339, -0.000628834590316], [5.33930324309e-05, -0.000132726054289, 0.000771547900513, 0.00453458540142, 0.000245556555456, -0.00174382259138, 0.000907394220121, -0.000479130452732, 0.000767430872656, -0.00265195732936, 0.00282587832771, -0.00309951789677, 0.000319758342812], [8.30183853395e-05, -0.000447816652013, -0.001854946604, 0.000245556555456, 0.00756981549785, -0.00210590218194, 0.00151199253742, 0.00083272147458, -0.00213458482176, 5.47941344848e-05, 0.000268743548077, -0.000267863564659, -0.000628260371741], [-0.000127318693558, -0.000438542745542, -0.00052223727107, -0.00174382259138, -0.00210590218194, 0.0132121508941, -0.00617373222485, -0.00115888216533, 0.000875108176842, -0.000667597691063, 9.75665243459e-05, 0.000510682759341, 6.12787771388e-05], [0.000389296736103, -0.000593804870732, 0.000362705381121, 0.000907394220121, 0.00151199253742, -0.00617373222485, 0.0148759912699, -0.00684790918604, 0.00041613067151, 0.00139752379619, -0.00245372252539, 0.000525837298483, -0.000529909739271], [-0.000280946813291, 0.000229186567594, -0.00108713086229, -0.000479130452732, 0.00083272147458, -0.00115888216533, -0.00684790918604, 0.0180808212608, -0.00699100643396, 0.000626227643806, 0.000115580362035, -0.00104478991125, -0.000167334073922], [8.8351618615e-05, -0.00057567935437, 0.000154788911459, 0.000767430872656, -0.00213458482176, 0.000875108176842, 0.00041613067151, -0.00699100643396, 0.0184377487749, -0.00742206722498, -0.00034866281203, 0.00134443095885, -0.00186701212078], [2.67172545136e-05, -0.000181448762305, -0.000927403219976, -0.00265195732936, 5.47941344848e-05, -0.000667597691063, 0.00139752379619, 0.000626227643806, -0.00742206722498, 0.0187978316098, -0.00493797939271, -0.00130940275267, 0.00311143393628], [9.11637107492e-05, -0.000225607858738, 0.00048925896408, 0.00282587832771, 0.000268743548077, 9.75665243459e-05, -0.00245372252539, 0.000115580362035, -0.00034866281203, -0.00493797939271, 0.0172801930457, -0.0061869523488, -0.00142432493158], [-2.23216229642e-05, -0.000179902883247, -0.000733290624339, -0.00309951789677, -0.000267863564659, 0.000510682759341, 0.000525837298483, -0.00104478991125, 0.00134443095885, -0.00130940275267, -0.0061869523488, 0.0196470078081, -0.00706845009699], [0.000169570674188, -0.000431724212831, -0.000628834590316, 0.000319758342812, -0.000628260371741, 6.12787771388e-05, -0.000529909739271, -0.000167334073922, -0.00186701212078, 0.00311143393628, -0.00142432493158, -0.00706845009699, 0.0178492907435]], "cov": [[11501.4619141, 1291.27709961, -454.723754883, 80.1618499756, -134.725006104, 36.6449699402, -208.138977051, 53.360710144, -26.7224903107, -20.4835453033, -110.240409851, -57.2598609924, -136.732711792], [1291.27709961, 792.351928711, -188.967727661, 67.513130188, -0.0189415421337, 57.8159294128, 36.2496833801, 31.5514984131, 34.5408821106, 22.3341369629, 17.1644592285, 19.2649421692, 8.92189216614], [-454.723754883, -188.967727661, 316.244354248, -44.7981262207, 79.8233642578, 11.4716959, 4.89642286301, 19.7026615143, 18.5982437134, 14.4990873337, 8.78550338745, 14.0183591843, 20.4638938904], [80.1618499756, 67.513130188, -44.7981262207, 316.076477051, -3.25863981247, 41.3642654419, -4.83928108215, 9.99012470245, 4.36665391922, 43.0443534851, -22.2851810455, 44.8011512756, 2.24080753326], [-134.725006104, -0.0189415421337, 79.8233642578, -3.25863981247, 169.502853394, 26.0950469971, -2.77264928818, 6.37893724442, 27.7790756226, 14.7876977921, 5.57225799561, 10.5822582245, 14.9673013687], [36.6449699402, 57.8159294128, 11.4716959, 41.3642654419, 26.0950469971, 119.99760437, 63.1366348267, 38.3111114502, 15.8175878525, 13.3882827759, 9.75916099548, 10.8106117249, 7.83402872086], [-208.138977051, 36.2496833801, 4.89642286301, -4.83928108215, -2.77264928818, 63.1366348267, 131.588516235, 59.1976776123, 21.5195999146, 4.46047592163, 26.7284355164, 10.0442380905, 14.8443746567], [53.360710144, 31.5514984131, 19.7026615143, 9.99012470245, 6.37893724442, 38.3111114502, 59.1976776123, 98.2007446289, 42.0133781433, 16.169424057, 16.4160137177, 12.9147644043, 11.5426797867], [-26.7224903107, 34.5408821106, 18.5982437134, 4.36665391922, 27.7790756226, 15.8175878525, 21.5195999146, 42.0133781433, 89.2697296143, 38.3423881531, 18.8687496185, 9.89251613617, 11.699467659], [-20.4835453033, 22.3341369629, 14.4990873337, 43.0443534851, 14.7876977921, 13.3882827759, 4.46047592163, 16.169424057, 38.3423881531, 82.5713119507, 24.2451095581, 18.6881103516, 0.1853402704], [-110.240409851, 17.1644592285, 8.78550338745, -22.2851810455, 5.57225799561, 9.75916099548, 26.7284355164, 16.4160137177, 18.8687496185, 24.2451095581, 85.8885726929, 31.522359848, 20.3653106689], [-57.2598609924, 19.2649421692, 14.0183591843, 44.8011512756, 10.5822582245, 10.8106117249, 10.0442380905, 12.9147644043, 9.89251613617, 18.6881103516, 31.522359848, 81.6371536255, 34.077255249], [-136.732711792, 8.92189216614, 20.4638938904, 2.24080753326, 14.9673013687, 7.83402872086, 14.8443746567, 11.5426797867, 11.699467659, 0.1853402704, 20.3653106689, 34.077255249, 75.5804290771]]}, "spectral_contrast_valleys": {"min": [-27.8617649078, -27.5711898804, -27.6141529083, -27.59582901, -27.4474563599, -27.3643379211], "max": [-5.78174304962, -4.83017921448, -5.21106338501, -5.75032806396, -6.00309944153, -7.00632286072], "dvar2": [0.286784559488, 0.21481949091, 0.140285149217, 0.107244767249, 0.0980519428849, 0.121807172894], "median": [-7.85162448883, -6.50043392181, -6.70258665085, -6.98985099792, -7.25095748901, -10.4883708954], "dmean2": [0.608081758022, 0.561187326908, 0.449203163385, 0.382608264685, 0.33064827323, 0.352247297764], "dmean": [0.397325843573, 0.340470045805, 0.27774566412, 0.251951903105, 0.216857299209, 0.238844916224], "var": [2.13867044449, 2.08586549759, 2.08846926689, 2.03984904289, 2.03035354614, 1.84478390217], "dvar": [0.144634127617, 0.104593060911, 0.0798275992274, 0.0690425857902, 0.0662543997169, 0.0727994740009], "mean": [-8.06593227386, -6.77636384964, -6.97424077988, -7.28023958206, -7.5904083252, -10.6989955902]}, "barkbands_flatness_db": {"min": 0.0213718228042, "max": 0.259644955397, "dvar2": 0.000455435307231, "median": 0.1242011711, "dmean2": 0.0259308665991, "dmean": 0.0172342993319, "var": 0.000928053865209, "dvar": 0.000207381977816, "mean": 0.126799598336}, "dynamic_complexity": 4.42099142075, "spectral_skewness": {"min": -0.0734014287591, "max": 3.97711443901, "dvar2": 0.0858799293637, "median": 1.55139183998, "dmean2": 0.341583460569, "dmean": 0.209777653217, "var": 0.199771687388, "dvar": 0.0329009406269, "mean": 1.58685576916}, "erbbands_flatness_db": {"min": 0.0535059571266, "max": 0.343450993299, "dvar2": 0.000440107804025, "median": 0.201004505157, "dmean2": 0.0242526903749, "dmean": 0.0158482845873, "var": 0.00113052071538, "dvar": 0.0001893250