{"lowlevel": {"spectral_complexity": {"min": 0, "max": 58, "dvar2": 93.0274124146, "median": 15, "dmean2": 8.37716579437, "dmean": 5.71315765381, "var": 141.316955566, "dvar": 51.1427993774, "mean": 17.2836761475}, "silence_rate_20dB": {"min": 1, "max": 1, "dvar2": 0, "median": 1, "dmean2": 0, "dmean": 0, "var": 0, "dvar": 0, "mean": 1}, "average_loudness": 0.878395020962, "erbbands_spread": {"min": 5.02266645432, "max": 179.130722046, "dvar2": 212.393966675, "median": 60.9862480164, "dmean2": 16.1353530884, "dmean": 10.7462005615, "var": 463.224578857, "dvar": 93.0385665894, "mean": 61.262386322}, "spectral_kurtosis": {"min": -1.23729765415, "max": 41.3203239441, "dvar2": 3.33680868149, "median": 1.56653881073, "dmean2": 0.966479063034, "dmean": 0.613567888737, "var": 6.5403637886, "dvar": 1.15154051781, "mean": 1.87902891636}, "barkbands_kurtosis": {"min": -1.8500431776, "max": 399.490783691, "dvar2": 728.329833984, "median": 0.788729012012, "dmean2": 10.9159984589, "dmean": 8.59932327271, "var": 1209.03112793, "dvar": 474.551025391, "mean": 12.7479934692}, "spectral_strongpeak": {"min": 0, "max": 8.75059700012, "dvar2": 0.971450924873, "median": 0.339884072542, "dmean2": 0.510759353638, "dmean": 0.322543680668, "var": 0.562849581242, "dvar": 0.415976762772, "mean": 0.577791392803}, "spectral_spread": {"min": 1520488.25, "max": 42660428, "dvar2": 807069155328, "median": 6791774, "dmean2": 773525.3125, "dmean": 504262.65625, "var": 5240683233280.0, "dvar": 428985188352, "mean": 6833262.5}, "spectral_rms": {"min": 3.15521133526e-12, "max": 0.0153180034831, "dvar2": 2.89835543299e-06, "median": 0.00450345873833, "dmean2": 0.00148375029676, "dmean": 0.00116232619621, "var": 1.06584420791e-05, "dvar": 1.69671909589e-06, "mean": 0.00516216643155}, "erbbands": {"min": [1.69317886144e-22, 9.53685326053e-22, 2.59169620352e-21, 1.02402350661e-20, 1.34456592983e-20, 2.65589987856e-20, 5.49468163573e-20, 8.32070025455e-20, 1.2930315437e-19, 2.95752482658e-19, 1.8754642764e-19, 4.08937622126e-19, 5.41679430926e-19, 7.53893857847e-19, 1.10922707435e-18, 1.44671004343e-18, 1.76912943317e-18, 2.99538726136e-18, 2.35387209358e-18, 3.78236276024e-18, 4.23096059081e-18, 3.51976310784e-18, 6.03314809036e-18, 5.1998111861e-18, 6.79303673291e-18, 8.33639817802e-18, 9.69116533861e-18, 1.12171166998e-17, 1.15497136164e-17, 1.28132667436e-17, 1.23981602153e-17, 1.19928930004e-17, 1.08071850134e-17, 9.22203729883e-18, 6.03584345839e-18, 3.89950352909e-18, 2.47902782898e-18, 1.06515633888e-18, 2.50311108912e-19, 2.87101627479e-20], "max": [5.51928853989, 49.1218299866, 133.166137695, 259.672576904, 264.026489258, 293.966552734, 132.148208618, 111.755004883, 283.187988281, 409.439941406, 931.880310059, 654.821166992, 238.94317627, 283.09777832, 218.119308472, 439.589141846, 329.108764648, 210.361999512, 397.595794678, 302.821655273, 662.274841309, 411.707702637, 225.68069458, 156.332321167, 121.539428711, 151.414474487, 146.243988037, 186.969329834, 213.350265503, 168.719665527, 181.727493286, 118.537071228, 86.307434082, 54.9719314575, 29.3455448151, 12.7974472046, 4.67243146896, 1.58102178574, 0.0604516193271, 0.00109770440031], "dvar2": [0.40690022707, 71.1720046997, 685.446166992, 1752.44641113, 3316.34790039, 2973.95727539, 433.758911133, 196.604797363, 416.761871338, 1561.22375488, 6187.12451172, 1473.05578613, 408.575622559, 300.808624268, 304.814147949, 681.163696289, 756.962036133, 595.851623535, 1494.7142334, 1120.58361816, 1452.22851563, 790.731201172, 415.937347412, 364.717559814, 262.132446289, 315.549468994, 252.107147217, 421.007324219, 708.775024414, 461.665863037, 706.756774902, 215.689971924, 125.357635498, 87.6180725098, 18.2796573639, 2.15871572495, 0.257065743208, 0.00965035054833, 1.95073134819e-05, 1.02184980477e-08], "median": [0.162830844522, 1.54222154617, 0.991780102253, 0.827548921108, 1.16271555424, 1.24150085449, 1.77218925953, 3.76296019554, 3.85143351555, 3.34468197823, 4.51459646225, 3.65826177597, 2.29336929321, 3.00097584724, 4.4909081459, 6.25490760803, 5.92909860611, 6.28808116913, 8.41010951996, 6.34097337723, 9.69487667084, 9.76141643524, 8.28625106812, 8.47834777832, 7.73790502548, 8.04184341431, 8.56175994873, 8.558385849, 7.56755447388, 7.35356330872, 7.77041196823, 5.87602519989, 3.36718940735, 1.80600273609, 0.780968308449, 0.276061266661, 0.0942260697484, 0.0191064961255, 0.000548382522538, 5.14314451721e-05], "dmean2": [0.39617100358, 4.18060350418, 9.77399158478, 14.2698965073, 20.4931850433, 19.3628864288, 9.82493400574, 9.00496578217, 8.90678882599, 14.3085746765, 25.2802505493, 13.6788339615, 8.87018966675, 9.12553787231, 10.9666452408, 15.731554985, 15.2681007385, 14.8312511444, 21.5754871368, 17.7854423523, 21.1544704437, 18.7676353455, 13.4041967392, 13.0731754303, 10.9678211212, 11.3526287079, 11.7946157455, 14.05397892, 15.3719778061, 14.5100440979, 14.8701658249, 9.14882278442, 6.91363668442, 5.04128170013, 1.99743700027, 0.647544741631, 0.223468065262, 0.0469304956496, 0.00187782675494, 5.92744581809e-05], "dmean": [0.308171629906, 3.01912117004, 6.27766084671, 8.25591564178, 11.3493032455, 10.4169788361, 5.52043151855, 5.58923816681, 5.64634609222, 9.09511470795, 16.1940574646, 8.51225662231, 5.27262020111, 5.55019950867, 6.61055421829, 9.74231433868, 9.46747016907, 9.27374076843, 13.5068407059, 11.1913862228, 13.9948606491, 11.9243764877, 8.51014232635, 8.3612203598, 7.03552484512, 7.3888964653, 7.75929832458, 9.41328811646, 10.6116580963, 10.1401529312, 10.381649971, 6.38670063019, 4.78901100159, 3.41109275818, 1.36556649208, 0.44244658947, 0.153581574559, 0.0312836766243, 0.00120342208538, 4.27916638728e-05], "var": [0.757262587547, 68.0920944214, 289.24508667, 460.710632324, 773.52722168, 596.28704834, 107.750457764, 140.137695313, 305.345825195, 1154.8729248, 4466.66699219, 954.889282227, 181.321853638, 174.089202881, 167.098526001, 442.794677734, 578.522155762, 383.319122314, 1038.89782715, 807.614807129, 2083.94775391, 688.833129883, 328.05758667, 322.012145996, 202.882095337, 234.521942139, 218.163803101, 341.241241455, 506.698150635, 462.938781738, 532.348999023, 216.456222534, 116.518669128, 59.5857429504, 11.8806352615, 1.51643788815, 0.188002496958, 0.00791635829955, 1.0972947166e-05, 9.72887814754e-09], "dvar": [0.250574558973, 37.0666160583, 295.596069336, 658.81262207, 1200.85742188, 1021.17852783, 146.407516479, 82.415435791, 207.049591064, 814.160644531, 3227.62084961, 666.80480957, 152.539031982, 118.256278992, 121.828117371, 282.980743408, 360.049346924, 267.970062256, 691.285949707, 514.768066406, 828.200927734, 372.273864746, 201.032897949, 186.361129761, 117.476661682, 144.482696533, 114.924163818, 201.818725586, 331.683441162, 251.997238159, 351.244354248, 116.994277954, 66.8631591797, 41.1213378906, 8.31378078461, 0.965317666531, 0.115706697106, 0.00458968384191, 8.21714547783e-06, 4.82807482882e-09], "mean": [0.562656104565, 4.56124401093, 6.23155593872, 6.35569858551, 8.38851833344, 7.84593963623, 5.40516757965, 8.17894744873, 8.36076641083, 11.4664268494, 19.6085186005, 10.91127491, 6.35387182236, 7.03344678879, 8.91809749603, 13.3781776428, 13.13194561, 13.1978769302, 19.0231056213, 15.6985216141, 22.4303073883, 19.1997585297, 13.7719516754, 14.000787735, 12.4300966263, 13.0190887451, 13.692481041, 15.2031583786, 16.2145042419, 16.1898860931, 15.8444957733, 11.093539238, 7.6525812149, 4.95547008514, 2.07241344452, 0.715603768826, 0.245231315494, 0.0495689772069, 0.00164345651865, 8.83018219611e-05]}, "zerocrossingrate": {"min": 0.00244140625, "max": 0.5166015625, "dvar2": 0.000533503305633, "median": 0.09619140625, "dmean2": 0.0225201044232, "dmean": 0.0210688840598, "var": 0.00403961725533, "dvar": 0.000439059309429, "mean": 0.0976366624236}, "spectral_contrast_coeffs": {"min": [-0.990063965321, -0.977568686008, -0.974602878094, -0.974227488041, -0.965286433697, -0.963311553001], "max": [-0.341150403023, -0.388794362545, -0.526455283165, -0.583293378353, -0.577039659023, -0.585440099239], "dvar2": [0.00653425231576, 0.00550356740132, 0.00360996020027, 0.00203158264048, 0.00123027723748, 0.000637001998257], "median": [-0.689642131329, -0.738138377666, -0.794678211212, -0.78498673439, -0.791391253471, -0.783477544785], "dmean2": [0.0902041941881, 0.0883485749364, 0.0724431276321, 0.0567317679524, 0.0423642545938, 0.0286040566862], "dmean": [0.0593825355172, 0.0548142939806, 0.0442877262831, 0.0348886847496, 0.0258571729064, 0.0177369602025], "var": [0.0112996576354, 0.00657978001982, 0.00449951319024, 0.00287066795863, 0.00208548852243, 0.00141588842962], "dvar": [0.00305811665021, 0.00219306861982, 0.00144996179733, 0.000796892272774, 0.000469392340165, 0.000276957638562], "mean": [-0.677347540855, -0.735810816288, -0.787865161896, -0.779054105282, -0.784916818142, -0.779401361942]}, "dissonance": {"min": 0.332765579224, "max": 0.500000059605, "dvar2": 0.000392046786146, "median": 0.480440318584, "dmean2": 0.0211454648525, "dmean": 0.0125318961218, "var": 0.00022834140691, "dvar": 0.000140113188536, "mean": 0.477607250214}, "spectral_energyband_high": {"min": 7.3080914365e-21, "max": 0.0215381421149, "dvar2": 1.08599724626e-05, "median": 0.00137784157414, "dmean2": 0.00194295635447, "dmean": 0.00140825030394, "var": 1.03076845335e-05, "dvar": 5.74332716496e-06, "mean": 0.00252253352664}, "gfcc": {"mean": [-0.494722753763, 35.5364341736, -97.7137298584, 45.5018615723, -55.3673477173, 28.7624607086, -36.992931366, 16.715259552, -16.9404735565, 13.8890008926, -11.4707460403, 8.40155982971, -13.4720029831], "icov": [[0.000112358924525, -0.000197707777261, 6.41907172394e-05, -0.000113204361696, 0.000400368619012, -0.000390628032619, 0.000383762235288, -0.00025253687636, 0.000155402332894, -0.000660498160869, 0.000800983398221, -0.000262579735136, -2.73155546893e-05], [-0.000197707777261, 0.00218118657358, -0.000806028954685, -0.000150416817633, -0.00185805198271, 0.00172255525831, -0.00132201425731, 0.00160673528444, -0.000942986051086, 0.00252711167559, -0.0027854880318, 0.00288706924766, -0.0015461940784], [6.41907172394e-05, -0.000806028954685, 0.00254252948798, -0.00105950410943, -0.000305737863528, -0.000377529853722, -0.000574658683036, -0.000638928730041, 0.00205285963602, -0.00320576690137, 0.00268582301214, 0.000359215540811, -0.00156790483743], [-0.000113204361696, -0.000150416817633, -0.00105950410943, 0.00551187573001, -0.000699178897776, -0.0054608671926, 0.00236832886003, -0.000114353468234, -0.00167083623819, 0.00535599095747, -0.0034940415062, 0.000479997281218, 0.000766537152231], [0.000400368619012, -0.00185805198271, -0.000305737863528, -0.000699178897776, 0.00843275617808, -0.00364530831575, -0.00225078454241, 0.000232382706599, -0.0009978559101, -0.000772891391534, 0.00262591708452, -0.00268156267703, 0.00319845811464], [-0.000390628032619, 0.00172255525831, -0.000377529853722, -0.0054608671926, -0.00364530831575, 0.016246650368, -0.00561966001987, -0.00192003580742, 0.00347892963327, -0.00227919779718, -0.00314667331986, 0.00428584683686, -0.00217861216515], [0.000383762235288, -0.00132201425731, -0.000574658683036, 0.00236832886003, -0.00225078454241, -0.00561966001987, 0.0141940666363, -0.00522774970159, -0.00130749004893, 0.00182950613089, -0.000732097250875, -0.00383360451087, 0.00264942809008], [-0.00025253687636, 0.00160673528444, -0.000638928730041, -0.000114353468234, 0.000232382706599, -0.00192003580742, -0.00522774970159, 0.0196449887007, -0.0127601083368, -0.000925695872866, 0.00316278450191, -0.00188041932415, 0.00118228117935], [0.000155402332894, -0.000942986051086, 0.00205285963602, -0.00167083623819, -0.0009978559101, 0.00347892963327, -0.00130749004893, -0.0127601083368, 0.0234261136502, -0.0125328674912, -0.0016231755726, 0.0104103311896, -0.00675408774987], [-0.000660498160869, 0.00252711167559, -0.00320576690137, 0.00535599095747, -0.000772891391534, -0.00227919779718, 0.00182950613089, -0.000925695872866, -0.0125328674912, 0.0327077172697, -0.0166428145021, -0.00492755929008, 0.00710231252015], [0.000800983398221, -0.0027854880318, 0.00268582301214, -0.0034940415062, 0.00262591708452, -0.00314667331986, -0.000732097250875, 0.00316278450191, -0.0016231755726, -0.0166428145021, 0.0319525375962, -0.0142631130293, -0.00477345706895], [-0.000262579735136, 0.00288706924766, 0.000359215540811, 0.000479997281218, -0.00268156267703, 0.00428584683686, -0.00383360451087, -0.00188041932415, 0.0104103311896, -0.00492755929008, -0.0142631130293, 0.031456772238, -0.0123798539862], [-2.73155546893e-05, -0.0015461940784, -0.00156790483743, 0.000766537152231, 0.00319845811464, -0.00217861216515, 0.00264942809008, 0.00118228117935, -0.00675408774987, 0.00710231252015, -0.00477345706895, -0.0123798539862, 0.0223403517157]], "cov": [[18743.7246094, -216.635253906, -27.8824996948, 282.753051758, -988.434020996, 102.967926025, -722.869262695, 135.606262207, -9.84428596497, 154.612625122, -375.717254639, -143.024215698, 14.7065258026], [-216.635253906, 1508.47387695, 668.494445801, 494.973358154, 485.010986328, 205.178833008, 202.451370239, -60.9391670227, -11.4481678009, -164.822128296, -17.3167934418, -138.081726074, 32.5771331787], [-27.8824996948, 668.494445801, 910.625366211, 444.283294678, 347.536987305, 251.018783569, 173.989990234, 32.3705101013, -9.39528179169, -51.9737434387, -30.4434661865, -73.6726760864, 13.6264448166], [282.753051758, 494.973358154, 444.283294678, 670.059448242, 298.735198975, 308.024383545, 117.164253235, 31.4416732788, 5.66118907928, -83.5396270752, 3.38489246368, -70.3599014282, 4.50630760193], [-988.434020996, 485.010986328, 347.536987305, 298.735198975, 445.502685547, 208.838897705, 208.044219971, 47.4163818359, 35.3806190491, -39.5234298706, 12.1337213516, -45.1283035278, -23.251914978], [102.967926025, 205.178833008, 251.018783569, 308.024383545, 208.838897705, 255.812713623, 133.33039856, 69.6812133789, 35.617565155, -0.529195964336, 22.8956069946, -23.8458957672, -0.463389605284], [-722.869262695, 202.451370239, 173.989990234, 117.164253235, 208.044219971, 133.33039856, 221.052032471, 87.8867340088, 66.4271697998, 17.9286117554, 38.7320327759, 0.40228292346, -3.44913816452], [135.606262207, -60.9391670227, 32.3705101013, 31.4416732788, 47.4163818359, 69.6812133789, 87.8867340088, 167.742828369, 122.485115051, 71.52784729, 24.9244441986, 2.72947144508, -1.02318668365], [-9.84428596497, -11.4481678009, -9.39528179169, 5.66118907928, 35.3806190491, 35.617565155, 66.4271697998, 122.485115051, 162.108535767, 83.4476547241, 44.314250946, -0.345839738846, 14.1475782394], [154.612625122, -164.822128296, -51.9737434387, -83.5396270752, -39.5234298706, -0.529195964336, 17.9286117554, 71.52784729, 83.4476547241, 126.121917725, 68.4211883545, 50.7387657166, 15.5645179749], [-375.717254639, -17.3167934418, -30.4434661865, 3.38489246368, 12.1337213516, 22.8956069946, 38.7320327759, 24.9244441986, 44.314250946, 68.4211883545, 118.520980835, 71.2021026611, 47.0986747742], [-143.024215698, -138.081726074, -73.6726760864, -70.3599014282, -45.1283035278, -23.8458957672, 0.40228292346, 2.72947144508, -0.345839738846, 50.7387657166, 71.2021026611, 104.077804565, 48.1084976196], [14.7065258026, 32.5771331787, 13.6264448166, 4.50630760193, -23.251914978, -0.463389605284, -3.44913816452, -1.02318668365, 14.1475782394, 15.5645179749, 47.0986747742, 48.1084976196, 87.6352005005]]}, "spectral_flux": {"min": 6.45602182825e-11, "max": 0.480742394924, "dvar2": 0.00340480660088, "median": 0.0745830088854, "dmean2": 0.0507555902004, "dmean": 0.0379869192839, "var": 0.0075930422172, "dvar": 0.0020458442159, "mean": 0.103146620095}, "silence_rate_30dB": {"min": 0, "max": 1, "dvar2": 0.114538513124, "median": 1, "dmean2": 0.127098113298, "dmean": 0.0635433495045, "var": 0.0937702134252, "dvar": 0.059500336647, "mean": 0.895270586014}, "spectral_energyband_middle_high": {"min": 1.14006945426e-21, "max": 0.030887555331, "dvar2": 1.05174949567e-05, "median": 0.00190562813077, "dmean2": 0.00215004803613, "dmean": 0.00141871522646, "var": 1.07913074316e-05, "dvar": 5.29651288161e-06, "mean": 0.00296772527508}, "barkbands_spread": {"min": 0.598845124245, "max": 118.248390198, "dvar2": 247.772033691, "median": 36.5898475647, "dmean2": 15.4368143082, "dmean": 10.8140087128, "var": 534.235412598, "dvar": 136.870193481, "mean": 36.9780883789}, "spectral_centroid": {"min": 140.717163086, "max": 11881.0087891, "dvar2": 260960.1875, "median": 2103.37963867, "dmean2": 560.129943848, "dmean": 387.603210449, "var": 882203.8125, "dvar": 148566.1875, "mean": 2029.62219238}, "pitch_salience": {"min": 0.0312305819243, "max": 0.930760979652, "dvar2": 0.0170876961201, "median": 0.491891622543, "dmean2": 0.134037613869, "dmean": 0.0915666297078, "var": 0.0323488563299, "dvar": 0.00806940253824, "mean": 0.44890755415}, "erbbands_skewness": {"min": -2.67868542671, "max": 2.69920635223, "dvar2": 0.19837090373, "median": -0.172134056687, "dmean2": 0.501942932606, "dmean": 0.340527206659, "var": 0.302168369293, "dvar": 0.0915706381202, "mean": -0.184948801994}, "erbbands_crest": {"min": 2.06784439087, "max": 29.3349113464, "dvar2": 11.0506277084, "median": 5.17845106125, "dmean2": 3.34747838974, "dmean": 2.14243149757, "var": 13.4724712372, "dvar": 4.81582307816, "mean": 6.44937467575}, "melbands": {"min": [1.93399999145e-24, 2.38666474773e-24, 1.76239040126e-24, 1.2276511759e-24, 2.89483178515e-24, 1.96587983278e-24, 2.00435021254e-24, 2.45083108819e-24, 1.35442496907e-24, 2.57300966797e-24, 1.8206955052e-24, 2.74989279331e-24, 3.44639484982e-24, 1.27106682607e-24, 2.53897978624e-24, 3.18404318136e-24, 4.34363262165e-24, 3.16516376774e-24, 4.50292533208e-24, 4.58584999601e-24, 3.80929374319e-24, 3.33889992971e-24, 4.92423385346e-24, 4.13860175592e-24, 3.66709683186e-24, 4.9309009114e-24, 4.95032582233e-24, 5.25822848883e-24, 5.25205170794e-24, 4.97246362591e-24, 5.61792066262e-24, 5.35905280112e-24, 5.38450145393e-24, 6.39357958616e-24, 6.27169071554e-24, 6.75660548613e-24, 5.9821176266e-24, 6.66958939512e-24, 7.02650162308e-24, 7.02472274174e-24], "max": [0.0560406781733, 0.0560345165431, 0.0409051552415, 0.0200999677181, 0.00603603757918, 0.00232127564959, 0.00558421527967, 0.0063085090369, 0.0100429691374, 0.00349585851654, 0.00136204855517, 0.00106280029286, 0.00054632127285, 0.00130371691193, 0.00186335167382, 0.00093484017998, 0.000500757538248, 0.000849835807458, 0.000957651587669, 0.000433184992289, 0.000982542987913, 0.000609926064499, 0.000247720774496, 0.000199314556085, 0.000136283575557, 7.67659148551e-05, 0.00015187835379, 9.02759347809e-05, 8.62179949763e-05, 8.57660415932e-05, 0.000119667085528, 0.000125338076032, 0.000116766663268, 0.000137709546834, 0.000120280172268, 9.49295426835e-05, 7.36563670216e-05, 7.28528466425e-05, 5.71444616071e-05, 5.48453244846e-05], "dvar2": [4.83683907078e-05, 0.000101862962765, 4.056707985e-05, 1.93367213797e-05, 8.86150701263e-07, 8.67718057407e-08, 1.47321813415e-07, 2.94095741538e-07, 4.34792269743e-07, 4.90703015998e-08, 1.08358380047e-08, 5.05647879123e-09, 2.7153166382e-09, 5.84279380433e-09, 6.91062052027e-09, 5.03705299693e-09, 2.64611488277e-09, 5.21420373545e-09, 8.16156209282e-09, 1.19613630112e-09, 3.05346370411e-09, 1.39071842931e-09, 5.02408947778e-10, 4.07634093147e-10, 2.82111528582e-10, 1.06134066813e-10, 3.08107400704e-10, 1.27891572332e-10, 1.04923042477e-10, 1.19610724103e-10, 1.8243238864e-10, 2.73869982248e-10, 1.95683524939e-10, 1.86701668015e-10, 3.2552943674e-10, 1.31652494462e-10, 6.67838007118e-11, 7.17155917984e-11, 5.69231606296e-11, 7.43957742633e-11], "median": [0.00170965259895, 0.00119315250777, 0.000152245978825, 9.78570751613e-05, 6.42924715066e-05, 8.78877617652e-05, 5.97205216764e-05, 3.6386296415e-05, 3.59798868885e-05, 2.14366536966e-05, 1.02256453829e-05, 1.11412891783e-05, 1.33421062856e-05, 1.74483211595e-05, 1.2656241779e-05, 1.1739157344e-05, 1.0310248399e-05, 1.22379879031e-05, 1.03601605588e-05, 7.17332432032e-06, 1.04075124909e-05, 1.01647028714e-05, 6.29303531241e-06, 6.70018289384e-06, 6.63993387207e-06, 4.94532741868e-06, 5.97568214289e-06, 4.87796978632e-06, 5.53311792828e-06, 4.66662459075e-06, 4.52865060652e-06, 4.42031432613e-06, 3.77149240194e-06, 4.13342604588e-06, 4.38111874246e-06, 4.12610779676e-06, 3.25388668898e-06, 2.45432761403e-06, 1.74274919118e-06, 1.41897362482e-06], "dmean2": [0.00402480922639, 0.00449648825452, 0.002336259, 0.00154778477736, 0.000407090759836, 0.000194790714886, 0.00014806544641, 0.000183131400263, 0.000204021504032, 8.41840010253e-05, 4.44621364295e-05, 3.67158281733e-05, 3.35875665769e-05, 4.3717736844e-05, 4.33264467574e-05, 3.65665619029e-05, 2.92315744446e-05, 3.67050379282e-05, 4.04903803428e-05, 1.80555507541e-05, 2.83665594907e-05, 2.30529531109e-05, 1.29346226458e-05, 1.27800949485e-05, 1.14071235657e-05, 7.35115690986e-06, 1.09544507723e-05, 7.57319503464e-06, 7.90296780906e-06, 7.88985744293e-06, 8.8831402536e-06, 9.37046206673e-06, 8.68634197104e-06, 8.85759891389e-06, 9.792785022e-06, 6.99928796166e-06, 5.3450435189e-06, 5.11574990014e-06, 4.65845914732e-06, 4.41537758888e-06], "dmean": [0.00302419718355, 0.00322798546404, 0.00140891352203, 0.000841546396259, 0.000223620445468, 0.00012062938913, 9.42915285123e-05, 0.000116263712698, 0.000131630673422, 5.18874549016e-05, 2.63436886598e-05, 2.225832759e-05, 2.02793689823e-05, 2.66962215392e-05, 2.68186213361e-05, 2.24429495574e-05, 1.81394934771e-05, 2.29165980272e-05, 2.51069595834e-05, 1.12571933641e-05, 1.88422691281e-05, 1.44843997987e-05, 8.20136574475e-06, 8.04601313575e-06, 7.23994753571e-06, 4.61597119283e-06, 6.93412721375e-06, 4.81997176394e-06, 5.12272299602e-06, 5.22555865246e-06, 5.79904326514e-06, 6.25426628176e-06, 5.9595699895e-06, 6.1059104155e-06, 6.68987922836e-06, 4.85124655825e-06, 3.64449465451e-06, 3.50957611772e-06, 3.13103601002e-06, 2.93834455078e-06], "var": [7.29456151021e-05, 8.19666311145e-05, 1.32095001391e-05, 4.08524738305e-06, 1.9368467008e-07, 6.02085563628e-08, 1.11774298261e-07, 2.19042675553e-07, 3.0976019616e-07, 3.0527971262e-08, 4.70721550627e-09, 2.81645240463e-09, 1.53535339997e-09, 3.35129191065e-09, 4.51634463161e-09, 3.77356945691e-09, 1.60732582799e-09, 3.41071593191e-09, 5.40233147106e-09, 7.98348720465e-10, 4.35654001762e-09, 1.10279285703e-09, 3.7035738365e-10, 2.63026461722e-10, 2.37265512792e-10, 7.46814970976e-11, 2.09557954323e-10, 9.19548048817e-11, 8.93891072273e-11, 1.00697866712e-10, 1.28812918665e-10, 1.69669653327e-10, 1.58644319903e-10, 1.7128802543e-10, 2.18132706342e-10, 1.16294217312e-10, 6.73543651408e-11, 6.09319331102e-11, 4.90655988061e-11, 4.33567799718e-11], "dvar": [2.76938899333e-05, 5.26910298504e-05, 1.63330587384e-05, 6.78375226926e-06, 2.99752912269e-07, 3.56073783792e-08, 7.73208981286e-08, 1.56585571176e-07, 2.22104844738e-07, 2.15879705223e-08, 4.02659638965e-09, 1.95715710305e-09, 1.10083842042e-09, 2.31512231608e-09, 2.95593949318e-09, 2.45529907517e-09, 1.19662568743e-09, 2.47964981881e-09, 3.71271768884e-09, 4.96768071123e-10, 1.77949732727e-09, 6.3339966605e-10, 2.44771647395e-10, 1.77312331484e-10, 1.42317171936e-10, 4.46864455161e-11, 1.39213959804e-10, 5.73770579659e-11, 4.71310004913e-11, 5.67267205431e-11, 8.38713751228e-11, 1.20725276997e-10, 9.68437968707e-11, 9.92298465619e-11, 1.56043178379e-10, 6.80013892418e-11, 3.56595551698e-11, 3.69784133869e-11, 2.8346538658e-11, 3.33408613218e-11], "mean": [0.00546356057748, 0.00440917583182, 0.00116843392607, 0.000622632913291, 0.000203774965485, 0.000179626207682, 0.000136436603498, 0.000141504438943, 0.000159332557814, 6.48360219202e-05, 3.05848334392e-05, 2.74885223916e-05, 2.67436571448e-05, 3.54434778274e-05, 3.47349596268e-05, 2.88471637759e-05, 2.39620567299e-05, 2.99451294268e-05, 3.14852550218e-05, 1.57323938765e-05, 2.8272257623e-05, 2.17818906094e-05, 1.20725671877e-05, 1.20614558909e-05, 1.14173781185e-05, 7.80430400482e-06, 1.07679425128e-05, 8.04172486824e-06, 8.7041498773e-06, 8.4396042439e-06, 8.73843237059e-06, 9.21054197534e-06, 8.77401998878e-06, 9.36422839004e-06, 9.58003874985e-06, 7.9065139289e-06, 6.24084759693e-06, 5.44390968571e-06, 4.74466105516e-06, 4.01388069804e-06]}, "spectral_entropy": {"min": 5.64426755905, "max": 9.81862354279, "dvar2": 0.0407332666218, "median": 8.13817024231, "dmean2": 0.207997947931, "dmean": 0.145449444652, "var": 0.214277625084, "dvar": 0.0229328852147, "mean": 8.05163764954}, "spectral_rolloff": {"min": 64.599609375, "max": 19272.2167969, "dvar2": 5223945, "median": 2217.91992188, "dmean2": 1915.24707031, "dmean": 1224.81860352, "var": 8049989.5, "dvar": 2791115.25, "mean": 2838.34741211}, "barkbands": {"min": [9.26570775724e-25, 4.65513959362e-24, 7.62826621804e-25, 6.56670940991e-25, 8.96119561491e-24, 1.45904021161e-23, 1.97292124466e-23, 5.46317691859e-24, 1.6134568939e-23, 9.54782571619e-24, 2.8313303361e-23, 2.08906807564e-23, 3.7251886278e-23, 5.12160180323e-23, 4.79843231164e-23, 8.24518995859e-23, 4.87330089134e-23, 9.97308879728e-23, 1.42064786596e-22, 1.67610526088e-22, 2.23374156845e-22, 3.78295230495e-22, 4.88578186993e-22, 6.19306600619e-22, 8.52173139669e-22, 1.36903995445e-21, 2.0992914984e-21], "max": [0.00933357793838, 0.208578452468, 0.125857651234, 0.0973250642419, 0.0774012207985, 0.0100206304342, 0.0329377353191, 0.045634213835, 0.0443761460483, 0.0107492422685, 0.00733700441197, 0.0107177468017, 0.008036961779, 0.00911970436573, 0.0101878317073, 0.0114006968215, 0.00791860837489, 0.00391980214044, 0.00242705270648, 0.00349000119604, 0.00364824850112, 0.00525242090225, 0.00618406385183, 0.00529369246215, 0.00415904307738, 0.00218154699542, 0.000791949802078], "dvar2": [9.60791567195e-07, 0.000982754398137, 0.000736695888918, 0.000269082025625, 0.000311907497235, 2.56091516349e-06, 5.25129689777e-06, 1.26607410493e-05, 5.02056036567e-06, 3.39778921443e-07, 1.91946028849e-07, 5.57295720682e-07, 3.61922360526e-07, 6.38201413494e-07, 8.36989386244e-07, 3.82183571901e-07, 2.67534375098e-07, 1.82506951774e-07, 7.99009640673e-08, 1.58277629225e-07, 1.97267780777e-07, 4.30553114938e-07, 7.39070230793e-07, 4.58098014633e-07, 4.60443715156e-07, 7.77898421234e-08, 1.61399060783e-09], "median": [0.000106929859612, 0.00689864996821, 0.000383841397706, 0.000201227143407, 0.000388051674236, 0.000440554402303, 0.000235129729845, 0.00016161496751, 0.000171228602994, 5.50359545741e-05, 8.44476307975e-05, 0.000184010859812, 0.000112645713671, 0.000130769840325, 0.000132852743263, 0.000144480000017, 0.000147349463077, 0.000152364154928, 0.000144883364555, 0.000191346349311, 0.000211953942198, 0.000213754625292, 0.000271268887445, 0.000242554888246, 0.000131375069031, 5.50693112018e-05, 4.71476005259e-06], "dmean2": [0.00057692284463, 0.0163657758385, 0.00948337465525, 0.00536967767403, 0.00621011620387, 0.00105672632344, 0.000771249644458, 0.00106980581768, 0.000707289960701, 0.000237779386225, 0.000260247819824, 0.000451039726613, 0.000332234456437, 0.000401061173761, 0.00044698259444, 0.000342086073942, 0.000322483072523, 0.000277229497442, 0.00021078674763, 0.000271282711765, 0.000325663888361, 0.000407303887187, 0.000511990045197, 0.000411710352637, 0.000347860041074, 0.000123694961076, 1.82159474207e-05], "dmean": [0.000384812476113, 0.0119978003204, 0.00565377529711, 0.00292971218005, 0.00333915255032, 0.000645438150968, 0.000492555554956, 0.000673120899592, 0.000447383150458, 0.000141453419928, 0.000156866415637, 0.000276434409898, 0.000202987983357, 0.000249368807999, 0.00027584109921, 0.000230717560044, 0.000203076866455, 0.000175661407411, 0.000132653818582, 0.000174333137693, 0.000216798682231, 0.000284270965494, 0.000359164143447, 0.000289356015855, 0.0002385610278, 8.50992000778e-05, 1.17153267638e-05], "var": [6.26622693289e-07, 0.00112113298383, 0.00022644623823, 5.68544237467e-05, 6.30404319963e-05, 1.4718023067e-06, 3.98365136789e-06, 9.08464244276e-06, 3.36475523e-06, 1.31229398903e-07, 1.16212262924e-07, 3.35921157557e-07, 2.70845106343e-07, 4.07426995253e-07, 5.54411485609e-07, 5.64413142001e-07, 2.00470068989e-07, 1.40727451026e-07, 5.76225538396e-08, 1.25145788843e-07, 1.75863860363e-07, 3.59150959639e-07, 6.03315186254e-07, 4.5433341711e-07, 3.24449274558e-07, 5.84640815759e-08, 1.03850350541e-09], "dvar": [4.021811435e-07, 0.00051434308989, 0.000291748001473, 9.52132395469e-05, 0.000108148793515, 9.76309138423e-07, 2.81985626316e-06, 6.7087462412e-06, 2.40596432377e-06, 1.23331275859e-07, 7.96689292315e-08, 2.2142053524e-07, 1.72918447561e-07, 3.06619256207e-07, 3.70319384047e-07, 2.24765557277e-07, 1.21534583286e-07, 8.87389930426e-08, 3.47907231912e-08, 7.45789492385e-08, 9.48569649495e-08, 2.12757782947e-07, 3.79858647648e-07, 2.48263091862e-07, 2.18428411358e-07, 3.53904319184e-08, 7.23781534706e-10], "mean": [0.000497445638757, 0.0204264055938, 0.00440765917301, 0.00206122244708, 0.0024264100939, 0.000921338563785, 0.000656062387861, 0.000784520932939, 0.000554431695491, 0.000159385628649, 0.00019520681235, 0.000371115136659, 0.000265055336058, 0.000314902776154, 0.000360277248546, 0.000356399948942, 0.000306099158479, 0.000271347817034, 0.000223944429308, 0.000302775064483, 0.000364984560292, 0.000447938218713, 0.000555115519091, 0.000493098632433, 0.000359489989933, 0.000140878706588, 1.54931149154e-05]}, "melbands_flatness_db": {"min": 0.00260438304394, "max": 0.499856442213, "dvar2": 0.00221685855649, "median": 0.161503359675, "dmean2": 0.048273101449, "dmean": 0.0361734703183, "var": 0.00970170646906, "dvar": 0.00124166661408, "mean": 0.184265181422}, "melbands_skewness": {"min": -1.3996758461, "max": 20.6056289673, "dvar2": 4.03233337402, "median": 3.56273245811, "dmean2": 1.86406803131, "dmean": 1.37227773666, "var": 13.4684705734, "dvar": 2.33601164818, "mean": 4.66752719879}, "barkbands_skewness": {"min": -3.84883093834, "max": 18.9956016541, "dvar2": 1.82395470142, "median": 1.37637829781, "dmean2": 1.19766008854, "dmean": 0.940754711628, "var": 7.24314498901, "dvar": 1.24273514748, "mean": 2.25073122978}, "silence_rate_60dB": {"min": 0, "max": 1, "dvar2": 0.0521853752434, "median": 0, "dmean2": 0.0488286502659, "dmean": 0.0244121346623, "var": 0.112873084843, "dvar": 0.0238202214241, "mean": 0.129677817225}, "spectral_energyband_low": {"min": 1.81639278172e-23, "max": 0.221016183496, "dvar2": 0.000751169805881, "median": 0.00892437249422, "dmean2": 0.0164853967726, "dmean": 0.0134303169325, "var": 0.00165141082834, "dvar": 0.000502733513713, "mean": 0.0264553464949}, "spectral_energyband_middle_low": {"min": 1.97928798326e-22, "max": 0.112742751837, "dvar2": 0.000606975983828, "median": 0.00279783387668, "dmean2": 0.0110580390319, "dmean": 0.00663546333089, "var": 0.000218739485717, "dvar": 0.000245648436248, "mean": 0.00744080543518}, "melbands_kurtosis": {"min": -1.73079788685, "max": 735.138916016, "dvar2": 3505.66259766, "median": 14.4811115265, "dmean2": 34.0877990723, "dmean": 25.3027420044, "var": 7077.17041016, "dvar": 2154.49731445, "mean": 47.7167549133}, "spectral_decrease": {"min": -6.15027246909e-08, "max": 1.81547617689e-28, "dvar2": 4.71932446758e-17, "median": -4.71818628611e-09, "dmean2": 4.90034635092e-09, "dmean": 3.98679356195e-09, "var": 1.30755351102e-16, "dvar": 2.96103924817e-17, "mean": -9.43082856253e-09}, "erbbands_kurtosis": {"min": -1.77890145779, "max": 20.6998786926, "dvar2": 1.6326084137, "median": -0.700335264206, "dmean2": 0.925693511963, "dmean": 0.584114551544, "var": 1.2488669157, "dvar": 0.641248822212, "mean": -0.388424068689}, "melbands_crest": {"min": 1.52039992809, "max": 33.9775276184, "dvar2": 29.4464111328, "median": 18.0084819794, "dmean2": 5.82398176193, "dmean": 3.79687643051, "var": 53.3213500977, "dvar": 11.8251895905, "mean": 18.0325984955}, "melbands_spread": {"min": 0.443971127272, "max": 252.722442627, "dvar2": 583.557556152, "median": 28.5982074738, "dmean2": 19.3755073547, "dmean": 12.8601379395, "var": 810.819946289, "dvar": 260.959960938, "mean": 33.7722854614}, "spectral_energy": {"min": 1.02042422081e-20, "max": 0.240507259965, "dvar2": 0.000713278481271, "median": 0.020788166672, "dmean2": 0.0198077689856, "dmean": 0.0160106420517, "var": 0.00193639518693, "dvar": 0.000439809402451, "mean": 0.0382389016449}, "mfcc": {"mean": [-642.924255371, 66.207359314, 18.6180667877, 20.8016815186, 11.5332632065, 12.7687320709, 1.81233346462, 6.1454205513, 2.01520848274, 5.75147724152, 5.39631652832, 9.65412425995, 6.38623189926], "icov": [[0.000117277326353, 2.34242634178e-05, -0.00010521011427, -8.53440069477e-05, 5.86982023378e-05, -0.000190433085663, 0.000453023152659, 7.73730644141e-05, 1.41764230648e-05, -0.00036102742888, 2.32390539168e-05, 0.000229665951338, 0.000150021034642], [2.34242634178e-05, 0.00144541740883, -9.19799276744e-05, -0.000620838662144, -0.000591611897107, 0.000418796640588, -0.00105607754085, 0.000285407702904, 1.02201074696e-05, -0.000119801676192, 0.00011809712305, 0.000759510439821, 2.47803404818e-06], [-0.00010521011427, -9.19799276744e-05, 0.00369013170712, -0.00252256006934, -0.000180496354005, -0.000365005660569, -0.00179751077667, 0.00116919248831, -0.000543767295312, 6.70938388794e-05, -0.000392490124796, 0.00114078866318, 0.000315840850817], [-8.53440069477e-05, -0.000620838662144, -0.00252256006934, 0.0126008810475, -0.00585479894653, -0.00276130158454, 0.00140728335828, -0.00323990965262, 0.00129835179541, -0.000957050244324, 0.00318335718475, -0.00447394791991, 0.00307765323669], [5.86982023378e-05, -0.000591611897107, -0.000180496354005, -0.00585479894653, 0.0133480858058, -0.00581253878772, 0.000539778848179, 0.000964833248872, -0.00260264053941, -1.06635297925e-05, -0.00124904036056, 9.16520002647e-06, 0.00086588121485], [-0.000190433085663, 0.000418796640588, -0.000365005660569, -0.00276130158454, -0.00581253878772, 0.0179224405438, -0.00951225031167, -0.00145151512697, 0.00270302966237, 7.99446133897e-05, -0.000520645873621, 0.0032873544842, -0.00334494421259], [0.000453023152659, -0.00105607754085, -0.00179751077667, 0.00140728335828, 0.000539778848179, -0.00951225031167, 0.0221308488399, -0.0108658121899, 4.20992946601e-05, 0.00271363230422, -0.00349046196789, 0.00219583045691, -0.00125538895372], [7.73730644141e-05, 0.000285407702904, 0.00116919248831, -0.00323990965262, 0.000964833248872, -0.00145151512697, -0.0108658121899, 0.0270028654486, -0.0125827705488, -0.000471205305075, 0.00311352661811, -0.00420113094151, 0.00080719095422], [1.41764230648e-05, 1.02201074696e-05, -0.000543767295312, 0.00129835179541, -0.00260264053941, 0.00270302966237, 4.20992946601e-05, -0.0125827705488, 0.0267053488642, -0.012853577733, 0.00103122810833, -0.0034933523275, 0.00282722455449], [-0.00036102742888, -0.000119801676192, 6.70938388794e-05, -0.000957050244324, -1.06635297925e-05, 7.99446133897e-05, 0.00271363230422, -0.000471205305075, -0.012853577733, 0.0276814885437, -0.0181784424931, 0.00557418493554, -0.00197242712602], [2.32390539168e-05, 0.00011809712305, -0.000392490124796, 0.00318335718475, -0.00124904036056, -0.000520645873621, -0.00349046196789, 0.00311352661811, 0.00103122810833, -0.0181784424931, 0.0328295044601, -0.0136005347595, 2.67720542979e-06], [0.000229665951338, 0.000759510439821, 0.00114078866318, -0.00447394791991, 9.16520002647e-06, 0.0032873544842, 0.00219583045691, -0.00420113094151, -0.0034933523275, 0.00557418493554, -0.0136005347595, 0.0253698565066, -0.011568794027], [0.000150021034642, 2.47803404818e-06, 0.000315840850817, 0.00307765323669, 0.00086588121485, -0.00334494421259, -0.00125538895372, 0.00080719095422, 0.00282722455449, -0.00197242712602, 2.67720542979e-06, -0.011568794027, 0.0204829126596]], "cov": [[12159.1230469, -127.287719727, 438.102722168, 147.16607666, 35.0319137573, -42.0198326111, -378.651824951, -229.597015381, -20.4736289978, 189.442733765, -57.4959907532, -309.123046875, -293.927978516], [-127.287719727, 1070.77734375, 375.673126221, 321.955505371, 297.557952881, 244.701034546, 222.969665527, 131.291793823, 67.3208084106, 20.9037532806, -13.7545967102, -46.3121185303, -50.9262886047], [438.102722168, 375.673126221, 659.61932373, 352.603302002, 293.739837646, 261.153289795, 203.01159668, 126.711418152, 78.0561218262, 40.3260345459, 2.01325583458, -35.6939620972, -55.777557373], [147.16607666, 321.955505371, 352.603302002, 367.289428711, 281.964019775, 230.650894165, 169.734741211, 134.417938232, 79.5123596191, 39.4734916687, 9.46224689484, 7.42841625214, -33.8677825928], [35.0319137573, 297.557952881, 293.739837646, 281.964019775, 318.646362305, 226.865661621, 166.144592285, 124.725540161, 84.0468292236, 47.6498374939, 23.9753551483, 8.68120384216, -20.4551029205], [-42.0198326111, 244.701034546, 261.153289795, 230.650894165, 226.865661621, 261.894927979, 183.72668457, 120.402259827, 59.3878555298, 27.9219932556, 14.2775268555, -0.300849527121, -4.39147472382], [-378.651824951, 222.969665527, 203.01159668, 169.734741211, 166.144592285, 183.72668457, 206.722946167, 129.203323364, 68.0207138062, 27.8256168365, 24.8180065155, 17.2656726837, 7.709836483], [-229.597015381, 131.291793823, 126.711418152, 134.417938232, 124.725540161, 120.402259827, 129.203323364, 146.174362183, 91.6824035645, 50.4898071289, 35.9484863281, 39.0366439819, 10.3134307861], [-20.4736289978, 67.3208084106, 78.0561218262, 79.5123596191, 84.0468292236, 59.3878555298, 68.0207138062, 91.6824035645, 122.698036194, 82.6103286743, 55.1997413635, 42.5788192749, 8.75302028656], [189.442733765, 20.9037532806, 40.3260345459, 39.4734916687, 47.6498374939, 27.9219932556, 27.8256168365, 50.4898071289, 82.6103286743, 120.26650238, 76.9447631836, 38.8043289185, 16.4035835266], [-57.4959907532, -13.7545967102, 2.01325583458, 9.46224689484, 23.9753551483, 14.2775268555, 24.8180065155, 35.9484863281, 55.1997413635, 76.9447631836, 97.3537368774, 63.8688926697, 36.2433929443], [-309.123046875, -46.3121185303, -35.6939620972, 7.42841625214, 8.68120384216, -0.300849527121, 17.2656726837, 39.0366439819, 42.5788192749, 38.8043289185, 63.8688926697, 111.102134705, 61.4096565247], [-293.927978516, -50.9262886047, -55.777557373, -33.8677825928, -20.4551029205, -4.39147472382, 7.709836483, 10.3134307861, 8.75302028656, 16.4035835266, 36.2433929443, 61.4096565247, 92.1936645508]]}, "spectral_contrast_valleys": {"min": [-28.0911769867, -27.869934082, -27.6054039001, -27.6357421875, -27.4762649536, -27.3795375824], "max": [-5.01538705826, -4.81251716614, -5.3405752182, -5.79976892471, -5.73924064636, -7.29220294952], "dvar2": [0.388834387064, 0.56349337101, 0.512048065662, 0.346749067307, 0.257144272327, 0.211079210043], "median": [-7.25209093094, -7.16510152817, -7.84185409546, -7.80566453934, -7.35472679138, -8.99981689453], "dmean2": [0.733976721764, 0.819660604, 0.756621539593, 0.618564546108, 0.487074911594, 0.445730119944], "dmean": [0.46222832799, 0.511156260967, 0.483275413513, 0.401586830616, 0.325995773077, 0.315393596888], "var": [3.43208289146, 2.91155791283, 2.7419924736, 2.75946426392, 3.08511400223, 3.56590986252], "dvar": [0.187983080745, 0.241321116686, 0.230696558952, 0.173912972212, 0.13763256371, 0.138265997171], "mean": [-7.77655315399, -7.37753820419, -8.02378845215, -8.02769565582, -7.66258716583, -9.34794902802]}, "barkbands_flatness_db": {"min": 0.0186651870608, "max": 0.376532971859, "dvar2": 0.00132645759732, "median": 0.100633367896, "dmean2": 0.0376574471593, "dmean": 0.0279257204384, "var": 0.00505295582116, "dvar": 0.000746186997276, "mean": 0.12279509753}, "dynamic_complexity": 4.35544061661, "spectral_skewness": {"min": -0.0913253128529, "max": 4.75838756561, "dvar2": 0.0429450534284, "median": 1.11235547066, "dmean2": 0.207077473402, "dmean": 0.1423201859, "var": 0.148518815637, "dvar": 0.0203281491995, "mean": 1.11856842041}, "erbbands_flatness_db": {"min": 0.0364895612001, "max": 0.34933552146, "dvar2": 0.00025565145188, "median": 0.0965265929699, "dmean2": 0.017206883058, "dmean": 0.0115486495197, "var": 0.00142191292252, "dvar": 0.000116801493277, "mean": 0.107614561915}, "hfc": {"min": 1.08342601237e-16, "max": 233.518234253, "dvar2": 10