{"lowlevel": {"spectral_complexity": {"min": 0, "max": 55, "dvar2": 10.5647439957, "median": 7, "dmean2": 2.42300248146, "dmean": 1.52353310585, "var": 43.6538391113, "dvar": 4.97376680374, "mean": 8.7084312439}, "silence_rate_20dB": {"min": 1, "max": 1, "dvar2": 0, "median": 1, "dmean2": 0, "dmean": 0, "var": 0, "dvar": 0, "mean": 1}, "average_loudness": 0.0973688811064, "erbbands_spread": {"min": 0.482970744371, "max": 116.551933289, "dvar2": 88.8961868286, "median": 16.8848018646, "dmean2": 6.56699037552, "dmean": 4.45292425156, "var": 204.422393799, "dvar": 45.1489143372, "mean": 20.8283023834}, "spectral_kurtosis": {"min": 0.363079547882, "max": 121.611930847, "dvar2": 156.100753784, "median": 12.0037059784, "dmean2": 11.4472055435, "dmean": 6.71714162827, "var": 204.250045776, "dvar": 56.397857666, "mean": 16.0943622589}, "barkbands_kurtosis": {"min": -1.82338726521, "max": 297.647003174, "dvar2": 122.46307373, "median": 1.53104162216, "dmean2": 5.08650112152, "dmean": 3.32816052437, "var": 157.145690918, "dvar": 57.4965782166, "mean": 5.88836240768}, "spectral_strongpeak": {"min": 0, "max": 18.0717086792, "dvar2": 1.67522263527, "median": 0.492648243904, "dmean2": 0.706882596016, "dmean": 0.450092852116, "var": 3.74344658852, "dvar": 0.789042055607, "mean": 1.24568545818}, "spectral_spread": {"min": 676349.9375, "max": 14404596, "dvar2": 187778023424, "median": 2179051, "dmean2": 438478.65625, "dmean": 287796.75, "var": 890976665600, "dvar": 102381584384, "mean": 2444578.5}, "spectral_rms": {"min": 3.00670344586e-05, "max": 0.0175033845007, "dvar2": 1.12432064725e-06, "median": 0.00262730289251, "dmean2": 0.000674995710142, "dmean": 0.000512836908456, "var": 4.87294073537e-06, "dvar": 6.50361130283e-07, "mean": 0.00319883436896}, "erbbands": {"min": [1.25471194679e-06, 1.77417568921e-05, 0.000107053208922, 0.000264303584117, 0.000408752297517, 0.000291053002002, 0.000386896310374, 0.000267394847469, 0.000176761925104, 0.00031901957118, 0.000196826964384, 0.000258663319983, 0.00018891794025, 0.000150970736286, 0.000202771872864, 0.00027558938018, 0.00026785643422, 0.000176700792508, 0.000304924789816, 0.000242120222538, 0.00030473494553, 0.000319555139868, 0.000405632599723, 0.00043445097981, 0.000416102091549, 0.000390871311538, 0.000367266009562, 0.000215508087422, 0.000105873477878, 0.000152366876137, 8.68013958097e-05, 4.27838058386e-05, 2.13206494664e-05, 4.12576355302e-06, 7.4912367154e-07, 2.47386560659e-06, 3.88428316e-06, 2.88367573376e-06, 8.30997521462e-07, 1.04236548282e-07], "max": [3.20598053932, 45.279094696, 206.25390625, 308.721679688, 274.581054688, 296.984222412, 415.564422607, 456.871154785, 690.225463867, 2220.6706543, 1424.62756348, 5032.46582031, 1849.625, 1214.34753418, 2005.77905273, 3995.20703125, 4818.66113281, 1635.86584473, 1683.96081543, 2037.37036133, 1440.36657715, 1054.63769531, 903.780578613, 795.77532959, 434.769744873, 232.477661133, 146.027191162, 117.645202637, 82.3087921143, 69.8095855713, 48.4682273865, 27.3869724274, 7.70859718323, 1.01039385796, 0.11240580678, 0.207820028067, 0.156896799803, 0.0526575855911, 0.0140723912045, 0.000881376850884], "dvar2": [0.0192086026073, 6.86046028137, 50.7688980103, 86.8784637451, 109.31728363, 131.861923218, 159.06048584, 152.306152344, 148.10975647, 633.08416748, 808.618286133, 6565.51464844, 1801.50183105, 955.674255371, 2456.9074707, 8589.56152344, 6506.67382812, 3123.68652344, 3454.40893555, 2590.39624023, 2017.18383789, 1190.43212891, 1229.21789551, 553.202880859, 310.504425049, 85.1992874146, 37.5699958801, 13.8975172043, 6.44001197815, 7.45929336548, 1.62120723724, 0.62708824873, 0.0809018015862, 0.001563174068, 8.97629342944e-06, 2.98877457681e-05, 1.83474148798e-05, 3.3902033465e-06, 2.119979996e-07, 1.11775055878e-09], "median": [0.00647445954382, 0.0812634378672, 0.240004718304, 0.514670491219, 0.712122440338, 1.07333147526, 1.88264918327, 1.99281096458, 1.67797219753, 1.84745287895, 2.39587163925, 1.85024797916, 1.60571455956, 1.20399463177, 2.00611019135, 2.97288656235, 2.24584627151, 2.33586931229, 1.99241554737, 1.76369547844, 1.04957222939, 0.757808446884, 0.46211373806, 0.283216834068, 0.167779654264, 0.103620737791, 0.0627426952124, 0.0367761850357, 0.0192778985947, 0.00975481793284, 0.00541349034756, 0.00307286018506, 0.00109796808101, 0.000149970292114, 2.28658755077e-05, 5.12516780873e-05, 7.55628207116e-05, 5.43725327589e-05, 2.25582516578e-05, 1.00846382338e-05], "dmean2": [0.0378520525992, 0.703206062317, 1.93571174145, 1.83007955551, 2.40838503838, 3.52562308311, 4.67599630356, 4.48056221008, 4.24477815628, 5.26392316818, 8.05492210388, 12.2213459015, 7.36796760559, 7.08420753479, 10.7355194092, 20.3356666565, 17.5632305145, 15.1158161163, 14.7518968582, 14.8561668396, 11.0600719452, 10.3825378418, 8.18632602692, 6.65628147125, 4.83400917053, 2.38655161858, 1.64871788025, 0.929774820805, 0.613172769547, 0.477677613497, 0.270961344242, 0.150103792548, 0.0543091148138, 0.0069849989377, 0.000476539658848, 0.000783904397395, 0.000667545478791, 0.000299932580674, 7.5058589573e-05, 1.01925006675e-05], "dmean": [0.0255767963827, 0.489531457424, 1.45529437065, 1.18346381187, 1.43403983116, 2.387185812, 3.12076950073, 3.03099179268, 2.82115936279, 4.07905960083, 6.55756855011, 9.97358131409, 5.49277067184, 5.15268611908, 7.49805259705, 14.9803285599, 12.7680950165, 10.490146637, 10.146522522, 10.3326721191, 7.38600826263, 7.22758102417, 5.70648336411, 4.62103796005, 3.35768842697, 1.67408621311, 1.13452935219, 0.659235060215, 0.422825396061, 0.305222421885, 0.17641313374, 0.0973583087325, 0.0357776619494, 0.00461420509964, 0.000330379843945, 0.000527172640432, 0.000444341159891, 0.000202718874789, 4.87969664391e-05, 7.25592281015e-06], "var": [0.020830668509, 7.30563783646, 75.5238189697, 44.8077926636, 41.4637947083, 196.728942871, 283.501464844, 237.780014038, 337.008666992, 1898.11376953, 2905.29492188, 17296.5449219, 2830.32543945, 4520.34375, 6531.8828125, 37609, 47413.3203125, 8011.15332031, 9015.90917969, 8272.53808594, 4626.38525391, 4240.53857422, 2582.73095703, 1337.00354004, 690.333251953, 172.482376099, 71.5727081299, 27.1002006531, 11.2800970078, 5.94556045532, 2.7611413002, 1.0609266758, 0.127181813121, 0.00216576084495, 1.42015214806e-05, 3.24022985296e-05, 2.06324202736e-05, 3.64768925465e-06, 1.77246576527e-07, 1.31647692747e-09], "dvar": [0.00896219257265, 3.29505801201, 30.1222438812, 31.7486286163, 38.5303230286, 61.9763069153, 72.1984710693, 74.4537658691, 81.0492553711, 518.501953125, 586.173278809, 4704.66064453, 904.467346191, 581.285522461, 1338.44592285, 5473.56494141, 4376.09277344, 1586.14709473, 1851.45214844, 1340.71032715, 906.449707031, 634.811096191, 632.711425781, 295.772399902, 167.498138428, 47.0189971924, 19.610086441, 7.58839845657, 3.2671482563, 2.88134837151, 0.750793397427, 0.286345273256, 0.0384416021407, 0.000722759810742, 4.69554288429e-06, 1.43829347508e-05, 8.98325470189e-06, 1.58901491432e-06, 9.64602122622e-08, 4.83527662354e-10], "mean": [0.0483391731977, 0.862854242325, 2.42890119553, 2.18327713013, 2.36591410637, 4.98826551437, 7.13790178299, 7.08026885986, 6.73359680176, 9.4866104126, 18.2767887115, 25.5003433228, 12.9756212234, 14.7661933899, 20.5572357178, 51.8221549988, 44.962097168, 27.7209262848, 27.2806072235, 29.1627063751, 18.6816043854, 20.5959911346, 14.1900959015, 11.6816644669, 8.01563644409, 3.93434047699, 2.58095312119, 1.52497398853, 0.959898173809, 0.66731607914, 0.44303548336, 0.249718770385, 0.0855274200439, 0.0111501039937, 0.000870462972671, 0.00120472663548, 0.00101869739592, 0.000449643237516, 0.000104711674794, 2.29674333241e-05]}, "zerocrossingrate": {"min": 0.00244140625, "max": 0.1767578125, "dvar2": 3.03571941913e-05, "median": 0.02978515625, "dmean2": 0.00514777610078, "dmean": 0.00437583541498, "var": 0.000461441930383, "dvar": 2.482772652e-05, "mean": 0.0346714444458}, "spectral_contrast_coeffs": {"min": [-0.906632661819, -0.928920149803, -0.938252687454, -0.932286739349, -0.921480715275, -0.865906894207], "max": [-0.284442961216, -0.354390859604, -0.331820338964, -0.392041563988, -0.506415426731, -0.532730817795], "dvar2": [0.00320988008752, 0.00275793322362, 0.00232953811064, 0.00189832400065, 0.000965151644778, 0.000461237650597], "median": [-0.673101246357, -0.69312107563, -0.727364599705, -0.728572010994, -0.806923627853, -0.748818397522], "dmean2": [0.0673543289304, 0.0623950697482, 0.0543189719319, 0.047832377255, 0.032669197768, 0.0236778445542], "dmean": [0.0407299026847, 0.0393799208105, 0.0358709618449, 0.031689748168, 0.0217375475913, 0.0147897275165], "var": [0.0058316080831, 0.00920889340341, 0.0108867147937, 0.011290974915, 0.00707974843681, 0.00228995317593], "dvar": [0.00119310116861, 0.0011454615742, 0.00118149537593, 0.00101172132418, 0.000531141238753, 0.000206032738788], "mean": [-0.667490959167, -0.687583982944, -0.711081326008, -0.719377458096, -0.787404298782, -0.736371934414]}, "dissonance": {"min": 0.176151737571, "max": 0.5, "dvar2": 0.00234641949646, "median": 0.434964478016, "dmean2": 0.0512600503862, "dmean": 0.0303254257888, "var": 0.00247469451278, "dvar": 0.000869738170877, "mean": 0.427408576012}, "spectral_energyband_high": {"min": 3.93966175238e-08, "max": 0.00644059246406, "dvar2": 8.14261369442e-08, "median": 3.19197874887e-06, "dmean2": 7.30798565201e-05, "dmean": 5.237420919e-05, "var": 1.93718378227e-07, "dvar": 4.52510526827e-08, "mean": 0.000140997595736}, "gfcc": {"mean": [-137.038360596, 155.083465576, -128.4269104, 14.1474237442, -29.8095588684, -11.9269418716, -13.6734685898, -17.2358989716, -3.78022742271, -8.244597435, -5.38349485397, -2.40096640587, -13.4118499756], "icov": [[0.000623758591246, -0.000947084568907, 0.00111253466457, -0.00128897465765, 0.00094413786428, -0.00127686641645, 0.00159765174612, -0.00193323451094, 0.00143449206371, -0.000534519960638, -0.000139961673995, 0.000517139909789, -0.000408792780945], [-0.000947084568907, 0.004989604, -0.00340868043713, 0.00453481450677, -0.00443673646078, 0.00430694455281, -0.00452060624957, 0.0060339407064, -0.00549817178398, 0.00546910380945, -0.00519279344007, 0.00393263762817, -0.00152162625454], [0.00111253466457, -0.00340868043713, 0.00333652296104, -0.00374478008598, 0.00342176365666, -0.00335784070194, 0.00331473932602, -0.00472282199189, 0.00461316667497, -0.00384967401624, 0.0034773000516, -0.00185374973807, 0.000380069919629], [-0.00128897465765, 0.00453481450677, -0.00374478008598, 0.00628910399973, -0.00392800429836, 0.00357810361311, -0.00446363165975, 0.004536670167, -0.00459483917803, 0.00571147166193, -0.00566636119038, 0.00453525595367, -0.00113462435547], [0.00094413786428, -0.00443673646078, 0.00342176365666, -0.00392800429836, 0.00677929306403, -0.00460917456076, 0.00258710538037, -0.00367877492681, 0.00348314642906, -0.00433951010928, 0.00502128433436, -0.0052505787462, 0.0029869095888], [-0.00127686641645, 0.00430694455281, -0.00335784070194, 0.00357810361311, -0.00460917456076, 0.0103868320584, -0.00557594001293, 0.00574157014489, -0.00446609500796, 0.0041846325621, -0.00283540855162, 0.00243508792482, -0.00117561803199], [0.00159765174612, -0.00452060624957, 0.00331473932602, -0.00446363165975, 0.00258710538037, -0.00557594001293, 0.015498034656, -0.0118308356032, 0.00618817377836, -0.0040002274327, 0.000875467958394, 0.00261070276611, -0.00180761853699], [-0.00193323451094, 0.0060339407064, -0.00472282199189, 0.004536670167, -0.00367877492681, 0.00574157014489, -0.0118308356032, 0.0233739726245, -0.0168886631727, 0.0100846346468, -0.000398319069063, -0.00354702677578, 0.00427935039625], [0.00143449206371, -0.00549817178398, 0.00461316667497, -0.00459483917803, 0.00348314642906, -0.00446609500796, 0.00618817377836, -0.0168886631727, 0.0273656081408, -0.0175092257559, 0.00554759474471, 0.00449844123796, -0.00243061804213], [-0.000534519960638, 0.00546910380945, -0.00384967401624, 0.00571147166193, -0.00433951010928, 0.0041846325621, -0.0040002274327, 0.0100846346468, -0.0175092257559, 0.0319261476398, -0.020022649318, 0.0066285119392, -0.000274561694823], [-0.000139961673995, -0.00519279344007, 0.0034773000516, -0.00566636119038, 0.00502128433436, -0.00283540855162, 0.000875467958394, -0.000398319069063, 0.00554759474471, -0.020022649318, 0.035912938416, -0.0220548957586, 0.00792550388724], [0.000517139909789, 0.00393263762817, -0.00185374973807, 0.00453525595367, -0.0052505787462, 0.00243508792482, 0.00261070276611, -0.00354702677578, 0.00449844123796, 0.0066285119392, -0.0220548957586, 0.0323762781918, -0.0157317873091], [-0.000408792780945, -0.00152162625454, 0.000380069919629, -0.00113462435547, 0.0029869095888, -0.00117561803199, -0.00180761853699, 0.00427935039625, -0.00243061804213, -0.000274561694823, 0.00792550388724, -0.0157317873091, 0.0180243514478]], "cov": [[7432.75292969, -1591.02893066, -2307.29858398, 1084.28210449, -164.886398315, 297.784118652, -119.559074402, 267.638305664, 54.3183021545, -126.691673279, 65.5785446167, -188.391357422, -65.4889297485], [-1591.02893066, 1738.05285645, 607.866088867, -688.343566895, 411.359436035, -156.607269287, 75.5793151855, -185.551361084, 28.1497154236, 47.8811912537, 33.470287323, 26.4066028595, 40.6005439758], [-2307.29858398, 607.866088867, 2511.88037109, 350.371612549, -293.893249512, 25.1841316223, 108.597084045, 51.7595100403, -74.0436782837, -53.9900817871, -118.559959412, -45.0651435852, 19.0147838593], [1084.28210449, -688.343566895, 350.371612549, 957.746887207, -162.282913208, 122.688461304, 81.9776992798, 169.98677063, 9.45404911041, -76.8811950684, -51.4133033752, -121.798828125, -61.4553833008], [-164.886398315, 411.359436035, -293.893249512, -162.282913208, 492.180419922, 31.3799629211, 37.9408226013, -41.6762809753, 27.5565090179, 26.4074058533, 24.5633506775, 23.9288444519, -24.6433525085], [297.784118652, -156.607269287, 25.1841316223, 122.688461304, 31.3799629211, 188.604751587, 38.122756958, 30.4648017883, 1.22568881512, -17.4564037323, -16.134552002, -21.4513053894, -7.31226634979], [-119.559074402, 75.5793151855, 108.597084045, 81.9776992798, 37.9408226013, 38.122756958, 157.685119629, 81.2388763428, 38.3027420044, -7.95264482498, -25.6639003754, -46.3008499146, -24.8183689117], [267.638305664, -185.551361084, 51.7595100403, 169.98677063, -41.6762809753, 30.4648017883, 81.2388763428, 174.98638916, 69.1857070923, -19.3021640778, -40.5548973083, -54.083065033, -44.8256950378], [54.3183021545, 28.1497154236, -74.0436782837, 9.45404911041, 27.5565090179, 1.22568881512, 38.3027420044, 69.1857070923, 116.137283325, 40.02368927, -7.95741319656, -46.2261962891, -31.8831977844], [-126.691673279, 47.8811912537, -53.9900817871, -76.8811950684, 26.4074058533, -17.4564037323, -7.95264482498, -19.3021640778, 40.02368927, 87.6033096313, 46.5307502747, 12.9659843445, -6.67344808578], [65.5785446167, 33.470287323, -118.559959412, -51.4133033752, 24.5633506775, -16.134552002, -25.6639003754, -40.5548973083, -7.95741319656, 46.5307502747, 92.9186859131, 61.8976287842, 18.3114566803], [-188.391357422, 26.4066028595, -45.0651435852, -121.798828125, 23.9288444519, -21.4513053894, -46.3008499146, -54.083065033, -46.2261962891, 12.9659843445, 61.8976287842, 130.868545532, 75.0419311523], [-65.4889297485, 40.6005439758, 19.0147838593, -61.4553833008, -24.6433525085, -7.31226634979, -24.8183689117, -44.8256950378, -31.8831977844, -6.67344808578, 18.3114566803, 75.0419311523, 117.957832336]]}, "spectral_flux": {"min": 0.000989678199403, "max": 0.47163939476, "dvar2": 0.00155946332961, "median": 0.0264058299363, "dmean2": 0.0256409812719, "dmean": 0.0160818621516, "var": 0.0014877114445, "dvar": 0.000648861168884, "mean": 0.0398184284568}, "silence_rate_30dB": {"min": 0, "max": 1, "dvar2": 0.0177143216133, "median": 1, "dmean2": 0.0160353891551, "dmean": 0.00801714044064, "var": 0.0121512152255, "dvar": 0.00795196276158, "mean": 0.987698674202}, "spectral_energyband_middle_high": {"min": 1.01289643339e-07, "max": 0.127507597208, "dvar2": 2.75405491266e-05, "median": 0.000757277943194, "dmean2": 0.00181528693065, "dmean": 0.0013133311877, "var": 0.000135606518597, "dvar": 1.54783174366e-05, "mean": 0.00511429738253}, "barkbands_spread": {"min": 0.221904039383, "max": 67.5172348022, "dvar2": 31.3068466187, "median": 9.58178329468, "dmean2": 3.92831993103, "dmean": 2.59222483635, "var": 83.240272522, "dvar": 14.1195354462, "mean": 11.7336044312}, "spectral_centroid": {"min": 112.044158936, "max": 3413.25756836, "dvar2": 77095.2421875, "median": 713.590637207, "dmean2": 187.023666382, "dmean": 129.787368774, "var": 400374.09375, "dvar": 37947.5195312, "mean": 932.183349609}, "pitch_salience": {"min": 0.0595101974905, "max": 0.927425861359, "dvar2": 0.00840013287961, "median": 0.515599429607, "dmean2": 0.0935680866241, "dmean": 0.0601182803512, "var": 0.0196153912693, "dvar": 0.00366736366414, "mean": 0.520527601242}, "erbbands_skewness": {"min": -7.77479410172, "max": 9.4675245285, "dvar2": 0.352182865143, "median": 0.232459232211, "dmean2": 0.521386146545, "dmean": 0.357159823179, "var": 1.2846082449, "dvar": 0.175995156169, "mean": 0.449918329716}, "erbbands_crest": {"min": 2.78726291656, "max": 34.1685295105, "dvar2": 12.6728963852, "median": 11.1876325607, "dmean2": 3.50653576851, "dmean": 2.28048944473, "var": 26.854095459, "dvar": 5.66024923325, "mean": 12.297460556}, "melbands": {"min": [1.4738634313e-08, 4.57263809039e-08, 5.38629123525e-08, 2.62954014119e-08, 1.16241638537e-08, 5.25690335706e-09, 2.16492668237e-09, 3.30302452056e-09, 1.19918308616e-09, 1.73130176861e-09, 7.5693223911e-10, 5.27404397932e-10, 4.73742045592e-10, 6.8548239307e-10, 4.79980444279e-10, 5.59486068585e-10, 2.73640110571e-10, 4.5261960846e-10, 2.71951156039e-10, 2.34970098933e-10, 3.14232057042e-10, 3.04150316044e-10, 3.15899723047e-10, 1.72474118321e-10, 2.88224000222e-10, 2.27896049254e-10, 2.75789835413e-10, 2.35331559795e-10, 2.51140552798e-10, 1.86845441896e-10, 5.66085997522e-11, 3.88516406546e-11, 9.68526994716e-11, 6.65286159496e-11, 4.51545294211e-11, 4.70604284708e-11, 1.92286030848e-11, 1.91148312456e-11, 6.44915934891e-12, 2.1410581641e-12], "max": [0.040790963918, 0.0938479453325, 0.052871286869, 0.0189698711038, 0.0176721327007, 0.0117666870356, 0.00936453044415, 0.0280053205788, 0.0104969842359, 0.0342966504395, 0.00919986795634, 0.00446174945682, 0.00441514933482, 0.00995669607073, 0.00507556134835, 0.0122375646606, 0.00294921942987, 0.00286801857874, 0.00590332178399, 0.00493483152241, 0.00109091517515, 0.00153741857503, 0.000706407125108, 0.000948532600887, 0.000702154240571, 0.000526000570972, 0.000315140176099, 0.000213781342609, 0.000131651526317, 7.90218109614e-05, 0.000100924167782, 6.13769443589e-05, 2.7817017326e-05, 4.27694903919e-05, 2.93672073894e-05, 2.33918708545e-05, 1.59373485076e-05, 6.538708476e-06, 2.48033870776e-06, 4.71192521445e-07], "dvar2": [4.06897697758e-06, 1.26516715682e-05, 2.53428083852e-06, 5.30716931735e-07, 2.07360884019e-07, 7.62532863519e-08, 2.98084970041e-08, 9.40715025877e-08, 6.44223305812e-08, 2.97201040667e-07, 4.36076348365e-08, 1.51234313961e-08, 2.04052117425e-08, 6.98916053921e-08, 2.94265767309e-08, 5.08517956632e-08, 1.35270754598e-08, 1.08130517873e-08, 8.94729446088e-09, 8.19252843343e-09, 2.86582046982e-09, 1.85991544388e-09, 1.11452147511e-09, 8.3865420164e-10, 4.37374525486e-10, 2.57192211972e-10, 1.10822059862e-10, 4.45370303137e-11, 1.8333562099e-11, 1.02081563688e-11, 5.48829124508e-12, 2.89515937266e-12, 2.03566460563e-12, 2.38726182919e-12, 6.03398244998e-13, 4.67333745487e-13, 2.0694417588e-13, 6.49022868326e-14, 8.58047170777e-15, 2.4244539346e-16], "median": [7.55451183068e-05, 0.000132729343022, 0.000102652084024, 6.43402163405e-05, 6.95430062478e-05, 4.72137908218e-05, 2.33243554248e-05, 1.61785192176e-05, 1.6844840502e-05, 9.11225106393e-06, 4.49074286735e-06, 2.6369709758e-06, 2.62286857833e-06, 5.56350460101e-06, 4.03020749218e-06, 1.44789282785e-06, 1.95152074411e-06, 1.79227072294e-06, 1.77378342414e-06, 1.0310293419e-06, 7.14456859896e-07, 7.10047345365e-07, 4.01880242862e-07, 2.86578796249e-07, 1.79697991598e-07, 1.13943869451e-07, 9.08848249992e-08, 5.6582770469e-08, 4.11890894725e-08, 2.67972595225e-08, 1.8597233975e-08, 1.15382592369e-08, 7.02972657862e-09, 4.58281945726e-09, 3.10649084234e-09, 2.41673614454e-09, 1.62801172543e-09, 8.96394236616e-10, 2.79860967733e-10, 5.10040620849e-11], "dmean2": [0.000539889268111, 0.000986433355138, 0.000320984399877, 0.000204884054256, 0.00016160189989, 0.000103890728496, 6.10397546552e-05, 6.18588819634e-05, 6.89519220032e-05, 7.88126708358e-05, 3.56947712135e-05, 2.767814658e-05, 3.28534733853e-05, 4.83482835989e-05, 4.90860729769e-05, 3.92343208659e-05, 2.85167407128e-05, 2.34851268033e-05, 2.56773728324e-05, 1.97030713025e-05, 1.22427736642e-05, 1.23741911011e-05, 8.34699312691e-06, 7.07342906026e-06, 5.60313128517e-06, 3.938572263e-06, 2.75243519354e-06, 1.56727048761e-06, 1.15281409307e-06, 8.35326432025e-07, 5.0120229389e-07, 3.99198114565e-07, 2.92391007406e-07, 2.62038270193e-07, 1.70378669395e-07, 1.35034881055e-07, 8.70368452865e-08, 4.9479755404e-08, 1.66883111774e-08, 2.82659673445e-09], "dmean": [0.000369107612642, 0.000733290507924, 0.000206651719054, 0.000130461499793, 0.000110484994366, 6.99581505614e-05, 4.04747370339e-05, 4.82408322569e-05, 5.63671201235e-05, 6.41929727863e-05, 2.6246165362e-05, 1.99971400434e-05, 2.33108530665e-05, 3.48391658918e-05, 3.64404440916e-05, 2.79276337096e-05, 1.97233603103e-05, 1.60576310009e-05, 1.80014340003e-05, 1.34330211949e-05, 8.07586638985e-06, 8.67111157277e-06, 5.73524721403e-06, 5.01608474224e-06, 3.85950806958e-06, 2.75959519058e-06, 1.88823287317e-06, 1.09383120162e-06, 7.9033060274e-07, 5.72348994865e-07, 3.49101867414e-07, 2.770101446e-07, 1.86829950621e-07, 1.65357491255e-07, 1.09566371975e-07, 8.72059473522e-08, 5.60104602698e-08, 3.19068398369e-08, 1.05577493414e-08, 1.86421966752e-09], "var": [4.19850994149e-06, 1.75144232344e-05, 1.23166273625e-06, 3.9245452399e-07, 4.13404933397e-07, 1.27988940335e-07, 6.65197745775e-08, 2.87209871885e-07, 2.3426227358e-07, 7.79646825322e-07, 6.75921967286e-08, 6.81942537994e-08, 5.76963934407e-08, 2.20498336034e-07, 1.82875126598e-07, 4.02996931825e-07, 2.51472158652e-08, 2.26070042686e-08, 3.72949600091e-08, 3.19836921392e-08, 4.41670389151e-09, 6.45200959326e-09, 2.38259278973e-09, 1.797939575e-09, 1.01749231263e-09, 6.33353092194e-10, 2.49928050478e-10, 8.63362992209e-11, 3.74006936532e-11, 1.83536848913e-11, 8.86285315971e-12, 5.44167618952e-12, 1.83563060585e-12, 1.77396975148e-12, 9.3739089841e-13, 7.31011876465e-13, 3.1705812021e-13, 8.96411715473e-14, 9.56562269444e-15, 3.19870636995e-16], "dvar": [1.87677380836e-06, 7.10179847374e-06, 9.15506916499e-07, 2.12822882872e-07, 1.02865769236e-07, 3.80522209298e-08, 1.61868296544e-08, 7.93314640646e-08, 4.5255887926e-08, 2.13908663227e-07, 2.12780513209e-08, 9.07815245199e-09, 1.13944462754e-08, 3.87358660703e-08, 1.86443944727e-08, 3.29265787968e-08, 6.65953647783e-09, 5.66846347638e-09, 5.54771961703e-09, 4.07625799781e-09, 1.21731891234e-09, 1.00595887176e-09, 5.76374892258e-10, 4.64632776698e-10, 2.35387181968e-10, 1.49969009433e-10, 6.08867053997e-11, 2.51551158376e-11, 9.91680002005e-12, 5.41738095355e-12, 2.94516234317e-12, 1.57052918847e-12, 8.18757767748e-13, 9.1846625791e-13, 2.77500461845e-13, 2.12323106145e-13, 9.25989021789e-14, 3.03556991013e-14, 3.64647175573e-15, 1.18669554138e-16], "mean": [0.000677247240674, 0.00127541203983, 0.000391369510908, 0.000247168878559, 0.000259203981841, 0.000165056262631, 9.74885333562e-05, 0.000109538705146, 0.000160830051755, 0.000159850140335, 5.92599280935e-05, 5.54213984287e-05, 6.09349663137e-05, 0.000106587314804, 0.000126367900521, 9.84492435236e-05, 4.41047595814e-05, 3.70795023628e-05, 5.1536339015e-05, 3.46767083101e-05, 1.79794897122e-05, 2.38024240389e-05, 1.34534539029e-05, 1.15793436635e-05, 9.1575730039e-06, 6.28348743703e-06, 4.19324396717e-06, 2.34434310187e-06, 1.73603689291e-06, 1.22354197174e-06, 7.42965767131e-07, 5.93826314343e-07, 3.83414203498e-07, 3.46170963894e-07, 2.58711793322e-07, 2.08171641702e-07, 1.32566356115e-07, 6.99325326536e-08, 2.29510703775e-08, 4.0688252767e-09]}, "spectral_entropy": {"min": 4.52051687241, "max": 8.30518817902, "dvar2": 0.076643936336, "median": 6.3812084198, "dmean2": 0.250531941652, "dmean": 0.178474649787, "var": 0.411034524441, "dvar": 0.0416269600391, "mean": 6.50075674057}, "spectral_rolloff": {"min": 86.1328125, "max": 5835.49804688, "dvar2": 260624.59375, "median": 796.728515625, "dmean2": 315.261199951, "dmean": 188.809585571, "var": 636496.3125, "dvar": 122220.0625, "mean": 1048.25195312}, "barkbands": {"min": [1.33345556819e-09, 6.43700772684e-08, 1.04496695741e-08, 2.94127460165e-08, 1.02651561917e-07, 4.05411562099e-08, 1.17640936992e-08, 1.21190470992e-08, 1.02788240142e-08, 4.20946744129e-09, 3.29443272662e-09, 6.19494366916e-09, 5.3106115061e-09, 3.07157832502e-09, 4.81542938857e-09, 4.97603780403e-09, 4.79708894829e-09, 4.30055413503e-09, 7.35964089671e-09, 8.07913291823e-09, 6.90177648366e-09, 3.25858140471e-09, 2.94747737328e-09, 1.47329315414e-09, 1.95406121839e-10, 2.16093232197e-09, 6.53909948412e-09], "max": [0.000715032219887, 0.16848962009, 0.147788226604, 0.126177608967, 0.0750717148185, 0.0518199950457, 0.024494625628, 0.120865210891, 0.175918802619, 0.044502876699, 0.0378732383251, 0.0809950530529, 0.0959498658776, 0.0239314734936, 0.0522856861353, 0.0506959296763, 0.0167891979218, 0.0128753297031, 0.00746928807348, 0.0058458968997, 0.00316324434243, 0.00207741279155, 0.00131181487814, 0.000857397506479, 5.17355074408e-05, 7.29241946829e-05, 6.56082556816e-05], "dvar2": [8.01685495766e-10, 9.27867731662e-05, 3.28211972374e-05, 1.3144966033e-05, 9.52816571953e-06, 2.22045787268e-06, 5.45230079751e-07, 2.20233027903e-06, 8.57734085002e-06, 1.02463184248e-06, 1.10841517653e-06, 5.08541506861e-06, 3.09977326651e-06, 1.38375651204e-06, 1.44866044138e-06, 1.07370078695e-06, 4.62300533854e-07, 3.86216896686e-07, 1.44707996697e-07, 4.30614228719e-08, 1.43866367708e-08, 4.96026508756e-09, 2.39016006987e-09, 6.75841438369e-10, 2.42734738559e-12, 4.028855808e-12, 5.79789298169e-12], "median": [2.71842145594e-06, 0.000320297782309, 0.000190453254618, 0.00018695750623, 0.000329640926793, 0.000277544488199, 9.10909875529e-05, 8.68337301654e-05, 6.10595088801e-05, 2.5011402613e-05, 1.77736837941e-05, 4.06573090004e-05, 1.48724775499e-05, 1.34396241265e-05, 2.32311940636e-05, 7.45292163629e-06, 1.28049086925e-05, 6.78474816596e-06, 3.58900888386e-06, 2.20276297114e-06, 1.16854039334e-06, 4.86405042466e-07, 2.02889623324e-07, 9.85485186789e-08, 5.15427878156e-09, 3.27588196569e-08, 1.11695314331e-07], "dmean2": [1.0240220945e-05, 0.00258179497905, 0.0015338222729, 0.000681066769175, 0.000940866535529, 0.000586386653595, 0.000268826232059, 0.000357014476322, 0.000519019260537, 0.000199117013835, 0.000253817503108, 0.000501827918924, 0.000360751408152, 0.000284134875983, 0.000333702831995, 0.000229068595218, 0.000199734015041, 0.000164849931025, 0.000105500417703, 5.51432822249e-05, 3.11284784402e-05, 1.61897314683e-05, 1.01023033494e-05, 4.93617289976e-06, 2.75171288422e-07, 3.06061991751e-07, 3.79585458177e-07], "dmean": [6.31090779279e-06, 0.00178247515578, 0.00113267358392, 0.000410043401644, 0.000623363244813, 0.000388550979551, 0.000176281566382, 0.000284233596176, 0.000423912948463, 0.000140859061503, 0.000185130862519, 0.000366677559214, 0.000263018067926, 0.000193253887119, 0.00023124764266, 0.000153324348503, 0.000140220130561, 0.000115307280794, 7.2651571827e-05, 3.94576854887e-05, 2.13871626329e-05, 1.08940430437e-05, 6.55114035908e-06, 3.19910282087e-06, 1.76872219981e-07, 2.04101723966e-07, 2.47884429427e-07], "var": [4.84912665577e-10, 9.57310621743e-05, 4.52708045486e-05, 4.7113594519e-06, 1.10712844617e-05, 3.43028909811e-06, 9.64073819887e-07, 7.12013616067e-06, 2.32554775721e-05, 2.28242333833e-06, 4.37744711235e-06, 1.96292548935e-05, 2.27056807489e-05, 2.16017019739e-06, 4.81922961626e-06, 3.63113122148e-06, 1.28618580675e-06, 7.88664976881e-07, 2.77617800748e-07, 1.10022348565e-07, 2.61318930939e-08, 7.12091674515e-09, 3.69474517647e-09, 1.13365816734e-09, 2.70818979221e-12, 4.54020068069e-12, 4.81615572076e-12], "dvar": [3.24583637745e-10, 4.36328155047e-05, 1.8340857423e-05, 4.48903620054e-06, 4.19065781898e-06, 1.02900753518e-06, 2.5776472512e-07, 1.82083715572e-06, 6.13318979958e-06, 5.2361554026e-07, 6.67952747335e-07, 2.94266806122e-06, 1.98613201974e-06, 6.55666553939e-07, 8.16751764887e-07, 5.16527904892e-07, 2.38908654637e-07, 2.04643171742e-07, 7.30062197363e-08, 2.48697578087e-08, 7.62878116234e-09, 2.3273818428e-09, 1.07260755833e-09, 3.15846765409e-10, 1.09998880664e-12, 1.96158562484e-12, 2.60306511589e-12], "mean": [9.64436912909e-06, 0.00318094249815, 0.00187697540969, 0.000715790432878, 0.00128020870034, 0.000913625059184, 0.000408546446124, 0.000689160835464, 0.00109184207395, 0.000314820063068, 0.000510383863002, 0.00120767590124, 0.000863057444803, 0.000411691638874, 0.000645974534564, 0.000372384587536, 0.000370383699192, 0.000263888330664, 0.000166265410371, 9.1211310064e-05, 4.84913980472e-05, 2.44159818976e-05, 1.62935521075e-05, 8.0373019955e-06, 3.77807026553e-07, 4.76562519225e-07, 5.31028661044e-07]}, "melbands_flatness_db": {"min": 0.0576334111392, "max": 0.672129094601, "dvar2": 0.00140414282214, "median": 0.315798848867, "dmean2": 0.0324363932014, "dmean": 0.0233910437673, "var": 0.00879548862576, "dvar": 0.00081318046432, "mean": 0.315780997276}, "melbands_skewness": {"min": -3.74827766418, "max": 16.4977588654, "dvar2": 1.22238743305, "median": 1.45891284943, "dmean2": 0.853415548801, "dmean": 0.584647357464, "var": 3.06044435501, "dvar": 0.629125952721, "mean": 1.76376414299}, "barkbands_skewness": {"min": -3.95110225677, "max": 13.1420574188, "dvar2": 0.790103495121, "median": 0.978807806969, "dmean2": 0.72180968523, "dmean": 0.491747051477, "var": 2.18631696701, "dvar": 0.39707544446, "mean": 1.19419622421}, "silence_rate_60dB": {"min": 0, "max": 1, "dvar2": 0.108696751297, "median": 0, "dmean2": 0.110035941005, "dmean": 0.055014166981, "var": 0.20534016192, "dvar": 0.0519957318902, "mean": 0.288735300303}, "spectral_energyband_low": {"min": 2.40389084638e-07, "max": 0.295916974545, "dvar2": 0.000186286953976, "median": 0.000772230676375, "dmean2": 0.00391334621236, "dmean": 0.00286293611862, "var": 0.000245746254222, "dvar": 9.7385403933e-05, "mean": 0.00547696324065}, "spectral_energyband_middle_low": {"min": 4.67806756888e-07, "max": 0.178919434547, "dvar2": 4.93580591865e-05, "median": 0.00273655820638, "dmean2": 0.00249955896288, "dmean": 0.00176819670014, "var": 6.87261708663e-05, "dvar": 2.32473739743e-05, "mean": 0.00522121088579}, "melbands_kurtosis": {"min": -1.83969330788, "max": 402.997741699, "dvar2": 396.737426758, "median": 3.19570446014, "dmean2": 8.6646270752, "dmean": 5.73092460632, "var": 486.170593262, "dvar": 191.825149536, "mean": 10.5253067017}, "spectral_decrease": {"min": -8.19800121121e-08, "max": -2.20363278406e-13, "dvar2": 1.62564118337e-17, "median": -1.77797998546e-09, "dmean2": 1.64903102284e-09, "dmean": 1.23256660434e-09, "var": 3.3230875996e-17, "dvar": 8.53954050158e-18, "mean": -3.82114295761e-09}, "erbbands_kurtosis": {"min": -1.78549838066, "max": 174.802825928, "dvar2": 19.4952507019, "median": 0.560929775238, "dmean2": 2.07175850868, "dmean": 1.39146435261, "var": 38.5793457031, "dvar": 10.4939603806, "mean": 2.1399948597}, "melbands_crest": {"min": 3.40731310844, "max": 35.7009963989, "dvar2": 15.0660047531, "median": 14.000957489, "dmean2": 3.91964411736, "dmean": 2.53552007675, "var": 29.5974655151, "dvar": 6.64103412628, "mean": 14.7485046387}, "melbands_spread": {"min": 0.326907426119, "max": 132.510009766, "dvar2": 72.130065918, "median": 13.3321819305, "dmean2": 5.77363777161, "dmean": 3.86674928665, "var": 195.993255615, "dvar": 32.9084701538, "mean": 16.7747917175}, "spectral_energy": {"min": 9.26627194531e-07, "max": 0.314027696848, "dvar2": 0.000243372080149, "median": 0.007075288333, "dmean2": 0.00652532605454, "dmean": 0.00488050282001, "var": 0.000534919206984, "dvar": 0.000128401021357, "mean": 0.0154830925167}, "mfcc": {"mean": [-781.323974609, 176.768188477, -14.751250267, 29.1266498566, 4.87911605835, 6.87827205658, -2.64078044891, 0.248882889748, -3.6237616539, 1.08102142811, -0.76037478447, 3.28969955444, -0.891013681889], "icov": [[0.000504708266817, -0.000270740798442, 0.000631739967503, -0.000614352233242, 0.000397479627281, -0.000351271446561, 0.000601726467721, -0.00121696956921, 0.00161752884742, -0.00135169434361, 0.00120864121709, -0.000665642903186, 0.00058073119726], [-0.000270740798442, 0.00144738634117, -0.000588378519751, 0.000998549978249, -0.000933044822887, 0.000648448301945, -0.00127042701934, 0.00211054063402, -0.00244892737828, 0.00189835473429, -0.00178813608363, 0.00101290887687, -0.000769702252001], [0.000631739967503, -0.000588378519751, 0.0014950534096, -0.00111700722482, 0.00059841881739, -0.000170873085153, -6.57512064208e-05, -0.0012348430464, 0.00203722948208, -0.0026359197218, 0.00249669491313, -0.000840536260512, 0.00105606543366], [-0.000614352233242, 0.000998549978249, -0.00111700722482, 0.00321591063403, -0.000641144462861, 0.000118383519293, -0.00147790380288, 0.000913122494239, -0.0021277051419, 0.00141669902951, -0.00233570090495, 0.000545992923435, -0.000977162388153], [0.000397479627281, -0.000933044822887, 0.00059841881739, -0.000641144462861, 0.00544326473027, -0.00262879789807, 0.000309738592478, -0.00170733768027, 0.000525638461113, 0.000554562022444, -0.00017227094213, 0.000505502976011, -0.000764680677094], [-0.000351271446561, 0.000648448301945, -0.000170873085153, 0.000118383519293, -0.00262879789807, 0.00923069380224, -0.00461138179526, 0.0020628136117, -0.000101166398963, -0.00207339297049, 0.00323852756992, -0.00249267695472, 0.00110746466089], [0.000601726467721, -0.00127042701934, -6.57512064208e-05, -0.00147790380288, 0.000309738592478, -0.00461138179526, 0.0149551909417, -0.006995071657, 0.000712205423042, 0.00307030323893, -0.00334697216749, 0.0029258178547, -0.00121333054267], [-0.00121696956921, 0.00211054063402, -0.0012348430464, 0.000913122494239, -0.00170733768027, 0.0020628136117, -0.006995071657, 0.0152733698487, -0.00773675367236, 0.000490570790134, 0.000282478809822, -0.00161944259889, 0.00126508332323], [0.00161752884742, -0.00244892737828, 0.00203722948208, -0.0021277051419, 0.000525638461113, -0.000101166398963, 0.000712205423042, -0.00773675367236, 0.0203343424946, -0.0115248663351, 0.00432761432603, -0.00188715651166, 0.00134882843122], [-0.00135169434361, 0.00189835473429, -0.0026359197218, 0.00141669902951, 0.000554562022444, -0.00207339297049, 0.00307030323893, 0.000490570790134, -0.0115248663351, 0.0210003741086, -0.0122985187918, 0.00558183016255, -0.00073088920908], [0.00120864121709, -0.00178813608363, 0.00249669491313, -0.00233570090495, -0.00017227094213, 0.00323852756992, -0.00334697216749, 0.000282478809822, 0.00432761432603, -0.0122985187918, 0.0235778614879, -0.0158601198345, 0.00690939370543], [-0.000665642903186, 0.00101290887687, -0.000840536260512, 0.000545992923435, 0.000505502976011, -0.00249267695472, 0.0029258178547, -0.00161944259889, -0.00188715651166, 0.00558183016255, -0.0158601198345, 0.0225989613682, -0.0105348303914], [0.00058073119726, -0.000769702252001, 0.00105606543366, -0.000977162388153, -0.000764680677094, 0.00110746466089, -0.00121333054267, 0.00126508332323, 0.00134882843122, -0.00073088920908, 0.00690939370543, -0.0105348303914, 0.015309185721]], "cov": [[8212.44238281, -2023.34399414, -2188.11938477, 754.226013184, -426.210418701, 176.292022705, -266.603973389, 415.677642822, -247.331176758, 258.683746338, 3.09968662262, 173.110870361, -151.826477051], [-2023.34399414, 2001.94006348, 359.702667236, -502.549102783, 299.024108887, -82.274230957, 113.479789734, -246.091247559, 89.7190856934, -178.16394043, 22.7481555939, -54.8874931335, 106.284111023], [-2188.11938477, 359.702667236, 2073.36865234, 228.980560303, 13.8913011551, 21.4336147308, 155.787689209, 48.2880210876, 112.212028503, 102.791290283, -64.4483413696, -122.045974731, -79.69921875], [754.226013184, -502.549102783, 228.980560303, 665.806213379, -34.3326568604, 70.4524536133, 59.3126182556, 145.372619629, 40.1598777771, 114.160705566, 55.107006073, 47.5907058716, -31.5091323853], [-426.210418701, 299.024108887, 13.8913011551, -34.3326568604, 292.108947754, 63.411239624, 59.4244880676, -10.8836164474, 23.0453987122, -44.5193443298, 3.27062249184, 0.47386932373, 38.3586845398], [176.292022705, -82.274230957, 21.4336147308, 70.4524536133, 63.411239624, 166.700485229, 50.8532295227, 33.8207130432, 4.53384637833, 16.3498840332, -13.4201135635, 5.15176534653, -5.47868156433], [-266.603973389, 113.479789734, 155.787689209, 59.3126182556, 59.4244880676, 50.8532295227, 134.160354614, 49.6752510071, 34.0457687378, -1.99007415771, 12.0867185593, -5.05685663223, 2.64583873749], [415.677642822, -246.091247559, 48.2880210876, 145.372619629, -10.8836164474, 33.8207130432, 49.6752510071, 173.280044556, 52.8409843445, 71.3911514282, 16.4755172729, 13.5925540924, -34.8947715759], [-247.331176758, 89.7190856934, 112.212028503, 40.1598777771, 23.0453987122, 4.53384637833, 34.0457687378, 52.8409843445, 122.736244202, 66.4418487549, 32.5016822815, 1.73335540295, -13.2471847534], [258.683746338, -178.16394043, 102.791290283, 114.160705566, -44.5193443298, 16.3498840332, -1.99007415771, 71.3911514282, 66.4418487549, 153.41506958, 60.2818908691, 14.3355484009, -43.9094581604], [3.09968662262, 22.7481555939, -64.4483413696, 55.107006073, 3.27062249184, -13.4201135635, 12.0867185593, 16.4755172729, 32.5016822815, 60.2818908691, 137.400604248, 78.4570465088, 1.71151912212], [173.110870361, -54.8874931335, -122.045974731, 47.5907058716, 0.47386932373, 5.15176534653, -5.05685663223, 13.5925540924, 1.73335540295, 14.3355484009, 78.4570465088, 123.426322937, 50.3138809204], [-151.826477051, 106.284111023, -79.69921875, -31.5091323853, 38.3586845398, -5.47868156433, 2.64583873749, -34.8947715759, -13.2471847534, -43.9094581604, 1.71151912212, 50.3138809204, 118.236732483]]}, "spectral_contrast_valleys": {"min": [-11.0757551193, -11.4344701767, -12.138630867, -12.4866800308, -11.8347396851, -15.0545721054], "max": [-4.92471075058, -5.02066707611, -5.45704507828, -5.12874078751, -5.56098842621, -8.85238838196], "dvar2": [0.244707301259, 0.20012165606, 0.236979812384, 0.207581415772, 0.113331638277, 0.126001954079], "median": [-7.98123073578, -7.7547545433, -8.86004734039, -9.36869716644, -9.45817375183, -13.2194194794], "dmean2": [0.59203094244, 0.526484191418, 0.528769910336, 0.482670605183, 0.331307560205, 0.316836118698], "dmean": [0.363835394382, 0.32711789012, 0.331775277853, 0.301814675331, 0.219727694988, 0.218669459224], "var": [0.88394767046, 0.718511521816, 0.836470067501, 0.989542603493, 1.10145199299, 1.26129424572], "dvar": [0.103892430663, 0.0846388861537, 0.103835366666, 0.0912045910954, 0.0583569817245, 0.0698774978518], "mean": [-7.96287155151, -7.76073217392, -8.7933177948, -9.24491882324, -9.22445869446, -12.9168672562]}, "barkbands_flatness_db": {"min": 0.0388168208301, "max": 0.523478448391, "dvar2": 0.00101434171665, "median": 0.235064804554, "dmean2": 0.028406733647, "dmean": 0.0199785865843, "var": 0.00484348507598, "dvar": 0.000559278007131, "mean": 0.23505038023}, "dynamic_complexity": 5.47338056564, "spectral_skewness": {"min": 0.323579341173, "max": 8.85343265533, "dvar2": 0.773966550827, "median": 2.32205080986, "dmean2": 0.895132660866, "dmean": 0.537111639977, "var": 1.5028437376, "dvar": 0.281784594059, "mean": 2.4898827076}, "erbbands_flatness_db": {"min": 0.0517759136856, "max": 0.476142823696, "dvar2": 0.000632231240161, "median": 0.260494679213, "dmean2": 0.023193070665, "dmean": 0.0169126614928, "var": 0.00410881312