{"lowlevel": {"spectral_complexity": {"min": 0, "max": 64, "dvar2": 25.5594139099, "median": 23, "dmean2": 4.95728492737, "dmean": 3.35876441002, "var": 89.3384017944, "dvar": 14.0761470795, "mean": 23.3025627136}, "silence_rate_20dB": {"min": 1, "max": 1, "dvar2": 0, "median": 1, "dmean2": 0, "dmean": 0, "var": 0, "dvar": 0, "mean": 1}, "average_loudness": 0.965528130531, "erbbands_spread": {"min": 3.94769692421, "max": 140.201278687, "dvar2": 124.204216003, "median": 40.2671203613, "dmean2": 9.92171955109, "dmean": 6.549305439, "var": 200.85786438, "dvar": 54.9718437195, "mean": 42.1699905396}, "spectral_kurtosis": {"min": -1.27148127556, "max": 35.1622047424, "dvar2": 6.12281227112, "median": 1.85430467129, "dmean2": 1.90091788769, "dmean": 1.13050711155, "var": 5.28055143356, "dvar": 2.77482628822, "mean": 2.31123566628}, "barkbands_kurtosis": {"min": -1.83839309216, "max": 267.50088501, "dvar2": 134.697158813, "median": 1.24246704578, "dmean2": 3.07070159912, "dmean": 1.87676560879, "var": 361.923339844, "dvar": 46.4610404968, "mean": 4.42488098145}, "spectral_strongpeak": {"min": 0, "max": 12.9177732468, "dvar2": 1.39056921005, "median": 0.897600710392, "dmean2": 0.885931611061, "dmean": 0.533863008022, "var": 1.25704491138, "dvar": 0.603663921356, "mean": 1.28083026409}, "spectral_spread": {"min": 1738497.125, "max": 42714408, "dvar2": 1120974929920.0, "median": 4490710, "dmean2": 730143.25, "dmean": 487334.9375, "var": 15880347975700.0, "dvar": 587134992384, "mean": 5019140.5}, "spectral_rms": {"min": 3.13261981459e-12, "max": 0.00985389668494, "dvar2": 8.60484590248e-07, "median": 0.00521040288731, "dmean2": 0.000749029684812, "dmean": 0.00053899519844, "var": 2.65656353804e-06, "dvar": 4.11446080761e-07, "mean": 0.00493668019772}, "erbbands": {"min": [1.08924702103e-22, 2.33295502678e-22, 2.3964387659e-21, 9.00971020086e-21, 1.17981974381e-20, 1.24841692728e-20, 3.59172420222e-20, 5.11203305424e-20, 1.13581914744e-19, 1.79753752959e-19, 2.41185212955e-19, 2.86350282526e-19, 4.76291992575e-19, 5.16315798598e-19, 6.6496201583e-19, 1.483531885e-18, 1.1318079677e-18, 1.08883366013e-18, 2.45954028093e-18, 3.63199828208e-18, 3.28434047448e-18, 3.80952613078e-18, 5.4815803356e-18, 6.14527738548e-18, 8.00077460756e-18, 8.77442339959e-18, 9.13151065259e-18, 8.33332602923e-18, 1.04502954565e-17, 9.26320276919e-18, 1.12289230487e-17, 1.10920618804e-17, 1.07753790916e-17, 7.46462922173e-18, 6.36479292208e-18, 4.12287000503e-18, 2.31346307989e-18, 9.91751504143e-19, 2.50355285527e-19, 2.81424842031e-20], "max": [0.547678649426, 7.57007980347, 25.5880298615, 48.077205658, 163.977294922, 149.681015015, 216.520645142, 319.81628418, 389.247344971, 595.220153809, 1613.24621582, 746.580688477, 715.424743652, 1413.94360352, 865.741149902, 573.628417969, 603.823852539, 639.786071777, 629.484313965, 446.047912598, 394.145172119, 203.212158203, 180.630126953, 252.133560181, 252.319107056, 276.499633789, 397.760192871, 259.773162842, 279.247894287, 199.695251465, 115.430076599, 105.711914063, 38.4570579529, 16.6302261353, 5.09503793716, 1.77470231056, 1.09988689423, 0.0710489526391, 0.00263241515495, 0.000185316443094], "dvar2": [0.00510185398161, 0.894791185856, 4.4413690567, 22.2725219727, 316.421783447, 330.047088623, 458.730621338, 549.839172363, 1361.3894043, 2996.43408203, 10984.8378906, 2496.75, 1647.87878418, 3777.69189453, 1596.08898926, 1727.03796387, 1499.39465332, 2099.11572266, 2100.29345703, 1194.02636719, 1369.8572998, 368.464630127, 301.840332031, 503.6534729, 630.821411133, 1077.1003418, 973.494628906, 419.854705811, 176.16847229, 183.222915649, 72.4711608887, 14.1556243896, 10.2002248764, 1.48965728283, 0.0850629732013, 0.00696977367625, 0.00311615178362, 1.9202425392e-05, 3.88424155062e-08, 2.97019991935e-10], "median": [0.00794706773013, 0.186280220747, 0.741113126278, 2.68748211861, 7.55835199356, 10.9564037323, 9.03300094604, 12.1382389069, 24.9594650269, 23.1886882782, 44.8087272644, 26.9061832428, 20.1171913147, 30.1841392517, 16.0666694641, 22.1668663025, 20.1629047394, 15.1375265121, 18.3543014526, 17.4432010651, 15.7197027206, 14.3057594299, 12.1539611816, 15.710978508, 15.9919424057, 11.2960767746, 13.8699331284, 10.3095331192, 9.2650642395, 9.6648607254, 4.7674536705, 1.87676334381, 1.12293457985, 0.424537539482, 0.0588825829327, 0.00839993357658, 0.00194156635553, 0.000242375477683, 2.89075433102e-05, 3.6423894926e-05], "dmean2": [0.0299794860184, 0.431093871593, 1.0692397356, 2.91917538643, 9.27387523651, 10.911608696, 10.9954071045, 13.0998191833, 23.344827652, 29.3145961761, 54.1887741089, 27.7353477478, 23.6197547913, 33.1373825073, 19.3528404236, 24.6207847595, 24.6599769592, 23.1540927887, 26.1061592102, 19.7682666779, 20.4243583679, 13.142996788, 12.1244564056, 15.5742940903, 17.1087322235, 16.7859535217, 15.4047708511, 11.0003318787, 8.61720657349, 9.958319664, 5.85309362411, 1.7700971365, 1.86428582668, 0.615193128586, 0.0901320427656, 0.0278285499662, 0.0145316664129, 0.00135432020761, 6.24118620181e-05, 1.19822570923e-05], "dmean": [0.0185065791011, 0.26458543539, 0.649791121483, 1.79174888134, 5.73013401031, 6.61702489853, 6.77440595627, 8.64409160614, 15.9193973541, 18.5511398315, 36.615070343, 19.6875610352, 16.9171943665, 24.8974571228, 13.1725482941, 16.1613922119, 16.6654624939, 15.5960664749, 17.1512069702, 11.9292879105, 13.1242351532, 8.19268417358, 7.64273405075, 9.38700008392, 10.2547683716, 10.1717538834, 9.45033740997, 6.90804100037, 5.53952693939, 6.41618967056, 3.67408013344, 1.13031721115, 1.18926334381, 0.403766065836, 0.0615583471954, 0.0181071776897, 0.00873832218349, 0.000841196160764, 3.8658570702e-05, 8.5896881501e-06], "var": [0.00244588055648, 0.415251672268, 3.11059904099, 21.0817184448, 164.37461853, 239.428314209, 252.381835938, 689.631713867, 2307.97900391, 2556.58276367, 14238.9511719, 4103.76904297, 4603.54638672, 7386.87597656, 3778.76831055, 1665.43225098, 2250.39575195, 3888.92041016, 2223.73364258, 615.406555176, 1098.62646484, 300.53817749, 287.30456543, 422.793762207, 438.997497559, 874.357177734, 579.752441406, 326.586578369, 223.666397095, 198.504348755, 70.1700134277, 13.7442874908, 5.46412944794, 1.06266915798, 0.0581107996404, 0.00355667620897, 0.000821814057417, 6.04359047429e-06, 1.3398524068e-08, 4.22874013584e-10], "dvar": [0.00210108351894, 0.356849074364, 1.80516791344, 8.51600074768, 124.006072998, 122.458000183, 171.397613525, 253.376663208, 547.230773926, 1154.14941406, 4828.27783203, 1287.13427734, 913.365722656, 2124.27880859, 809.201965332, 711.765625, 738.893920898, 1073.46044922, 920.417053223, 426.647766113, 579.024719238, 147.505584717, 120.090530396, 184.333389282, 229.449737549, 399.236846924, 386.834869385, 169.34262085, 73.6602325439, 79.0277481079, 29.136838913, 6.11190748215, 4.15645742416, 0.641584992409, 0.0372192673385, 0.00292464951053, 0.00114055979066, 7.25734435036e-06, 1.4881538668e-08, 1.38936556704e-10], "mean": [0.0244908481836, 0.391758471727, 1.2753136158, 4.21189403534, 10.9353590012, 15.3218355179, 13.4456911087, 20.0737991333, 40.6247406006, 39.7341041565, 87.80493927, 48.6466331482, 43.5951004028, 57.8328208923, 31.4689693451, 34.0192298889, 34.3968772888, 32.3857917786, 34.7814102173, 23.343372345, 24.8082675934, 18.3334465027, 16.7698154449, 21.3440151215, 21.8540802002, 21.0477142334, 19.8346366882, 15.2274580002, 13.2366409302, 13.3732786179, 7.42597532272, 2.85391497612, 1.84137237072, 0.717622637749, 0.117850720882, 0.025220669806, 0.00798785779625, 0.000870764662977, 5.5966880609e-05, 3.71019705199e-05]}, "zerocrossingrate": {"min": 0.0029296875, "max": 0.53125, "dvar2": 0.000188045145478, "median": 0.068359375, "dmean2": 0.0110928695649, "dmean": 0.00889144930989, "var": 0.00288644991815, "dvar": 0.000121788514662, "mean": 0.0754754170775}, "spectral_contrast_coeffs": {"min": [-0.981501638889, -0.995231509209, -0.996668457985, -0.988941073418, -0.989695131779, -0.964397072792], "max": [-0.313614040613, -0.318355500698, -0.420428514481, -0.54334539175, -0.594808638096, -0.569612920284], "dvar2": [0.00485972268507, 0.00288732605986, 0.00218027969822, 0.00161254114937, 0.0008656316204, 0.00056674645748], "median": [-0.591837644577, -0.722394704819, -0.731502652168, -0.737563669682, -0.761427879333, -0.703268229961], "dmean2": [0.0795990005136, 0.0638309121132, 0.0556137561798, 0.0499545000494, 0.0368379950523, 0.028166109696], "dmean": [0.0485382899642, 0.0393729247153, 0.0356446877122, 0.0317609980702, 0.0230164658278, 0.0176767706871], "var": [0.00793068483472, 0.00594660453498, 0.00521457009017, 0.00368494610302, 0.00208827294409, 0.00264144572429], "dvar": [0.00186273723375, 0.00114937615581, 0.000919261656236, 0.000670260516927, 0.000378102326067, 0.000239951506956], "mean": [-0.600063085556, -0.718002736568, -0.732263565063, -0.742618203163, -0.763615250587, -0.707832455635]}, "dissonance": {"min": 0.234446272254, "max": 0.500000178814, "dvar2": 0.000563124660403, "median": 0.467732846737, "dmean2": 0.0276760924608, "dmean": 0.016615588218, "var": 0.000898648810107, "dvar": 0.000215491367271, "mean": 0.461796849966}, "spectral_energyband_high": {"min": 7.24235885058e-21, "max": 0.0136018637568, "dvar2": 1.59878948125e-06, "median": 0.00122657686006, "dmean2": 0.000827033480164, "dmean": 0.000546262017451, "var": 2.14498959394e-06, "dvar": 7.04357603354e-07, "mean": 0.00156486034393}, "gfcc": {"mean": [1.63765633106, 96.1378860474, -139.660171509, 39.9010887146, -85.7453231812, 10.6093349457, -37.2408905029, -1.17262637615, -17.1661300659, -6.57635641098, -12.5708084106, -9.25075149536, -9.51708698273], "icov": [[0.000485249707708, -0.00127242179587, 0.00138436118141, -0.00105387193616, 0.00140199495945, -0.00102789071389, 0.000995935639367, -0.000909995054826, 0.00126733072102, -0.00181787845213, 0.00207978463732, -0.00162768643349, 0.00147122540511], [-0.00127242179587, 0.0056626223959, -0.00306161120534, 0.00190760905389, -0.00450010877103, 0.00370734836906, -0.00298991193995, 0.00276623968966, -0.00425925338641, 0.00602599652484, -0.00651716860011, 0.00580864399672, -0.00497694779187], [0.00138436118141, -0.00306161120534, 0.00674390699714, -0.0034686983563, 0.00150622788351, -0.00280659878626, 0.0024368641898, -0.0035209688358, 0.00283940928057, -0.00541526218876, 0.00650052260607, -0.00708702253178, 0.00570816919208], [-0.00105387193616, 0.00190760905389, -0.0034686983563, 0.0066340835765, -0.00273084128276, 2.68398835033e-05, -0.00289904791862, 0.00227040960453, -0.00182526442222, 0.00378529634327, -0.00389284011908, 0.00525634596124, -0.0022933264263], [0.00140199495945, -0.00450010877103, 0.00150622788351, -0.00273084128276, 0.0109854266047, -0.00322644575499, -0.000391347071854, -0.00198228401132, 0.00338615151122, -0.00642616441473, 0.00723878946155, -0.00297493860126, 0.00192435109057], [-0.00102789071389, 0.00370734836906, -0.00280659878626, 2.68398835033e-05, -0.00322644575499, 0.010311929509, -0.00224365992472, 0.000557736086193, -0.00252784276381, 0.00411894684657, -0.00344642950222, 0.00234284601174, -0.00267070042901], [0.000995935639367, -0.00298991193995, 0.0024368641898, -0.00289904791862, -0.000391347071854, -0.00224365992472, 0.0149892438203, -0.00536118680611, 0.00199403427541, -0.00242642150261, 0.00132056779694, -0.00268207467161, 0.00238689174876], [-0.000909995054826, 0.00276623968966, -0.0035209688358, 0.00227040960453, -0.00198228401132, 0.000557736086193, -0.00536118680611, 0.0177311971784, -0.00571184977889, -0.000971909321379, -0.000383428559871, 0.00200575497001, -0.00216369586997], [0.00126733072102, -0.00425925338641, 0.00283940928057, -0.00182526442222, 0.00338615151122, -0.00252784276381, 0.00199403427541, -0.00571184977889, 0.0198279302567, -0.00828064326197, 0.00138913979754, -0.00210871105082, 0.00225927052088], [-0.00181787845213, 0.00602599652484, -0.00541526218876, 0.00378529634327, -0.00642616441473, 0.00411894684657, -0.00242642150261, -0.000971909321379, -0.00828064326197, 0.0267053749412, -0.0126558262855, 0.0056316559203, -0.00417533889413], [0.00207978463732, -0.00651716860011, 0.00650052260607, -0.00389284011908, 0.00723878946155, -0.00344642950222, 0.00132056779694, -0.000383428559871, 0.00138913979754, -0.0126558262855, 0.0300343520939, -0.0137838497758, 0.00328995659947], [-0.00162768643349, 0.00580864399672, -0.00708702253178, 0.00525634596124, -0.00297493860126, 0.00234284601174, -0.00268207467161, 0.00200575497001, -0.00210871105082, 0.0056316559203, -0.0137838497758, 0.0254864040762, -0.0105858407915], [0.00147122540511, -0.00497694779187, 0.00570816919208, -0.0022933264263, 0.00192435109057, -0.00267070042901, 0.00238689174876, -0.00216369586997, 0.00225927052088, -0.00417533889413, 0.00328995659947, -0.0105858407915, 0.02709300071]], "cov": [[24951.9257813, 1272.78100586, -3184.34692383, 937.847045898, -1764.98632813, 312.857849121, -764.096862793, -284.349060059, -515.359924316, -210.995040894, -352.682312012, -362.290893555, -258.32019043], [1272.78100586, 699.518371582, -173.140686035, 96.9237823486, 59.164390564, -78.787902832, 39.7778053284, -47.7633361816, 30.068277359, -47.1391677856, 25.2420654297, -80.8705215454, 40.3450393677], [-3184.34692383, -173.140686035, 833.09765625, 35.766784668, 317.576599121, 57.1160469055, 123.471679688, 107.855491638, 60.3164215088, 67.1376419067, -3.38234853745, 79.2634811401, -13.8760604858], [937.847045898, 96.9237823486, 35.766784668, 325.831542969, 30.6428871155, 77.2132949829, 25.9565849304, 2.48592400551, -17.2346553802, -13.9972019196, -32.957572937, -46.8778114319, -24.7655410767], [-1764.98632813, 59.164390564, 317.576599121, 30.6428871155, 321.685699463, 13.186466217, 106.324165344, 43.5950241089, 41.617767334, 27.9515743256, 0.164761841297, 4.52345323563, 17.5466308594], [312.857849121, -78.787902832, 57.1160469055, 77.2132949829, 13.186466217, 161.18598938, 8.93434429169, 23.609998703, -8.32795524597, 4.3462934494, -19.6612052917, 5.12112474442, -15.1566286087], [-764.096862793, 39.7778053284, 123.471679688, 25.9565849304, 106.324165344, 8.93434429169, 123.353263855, 34.8186264038, 26.1071224213, 12.1051263809, 13.0488986969, 3.51927471161, 9.70385360718], [-284.349060059, -47.7633361816, 107.855491638, 2.48592400551, 43.5950241089, 23.609998703, 34.8186264038, 92.762008667, 25.686580658, 28.7540302277, -4.44784975052, 13.0470304489, -4.34780025482], [-515.359924316, 30.068277359, 60.3164215088, -17.2346553802, 41.617767334, -8.32795524597, 26.1071224213, 25.686580658, 84.3848266602, 25.1619873047, 23.1425819397, 5.64670848846, 11.5535726547], [-210.995040894, -47.1391677856, 67.1376419067, -13.9972019196, 27.9515743256, 4.3462934494, 12.1051263809, 28.7540302277, 25.1619873047, 70.245475769, 17.8650035858, 17.0741157532, 0.370537519455], [-352.682312012, 25.2420654297, -3.38234853745, -32.957572937, 0.164761841297, -19.6612052917, 13.0488986969, -4.44784975052, 23.1425819397, 17.8650035858, 73.5427703857, 27.5592327118, 20.9177284241], [-362.290893555, -80.8705215454, 79.2634811401, -46.8778114319, 4.52345323563, 5.12112474442, 3.51927471161, 13.0470304489, 5.64670848846, 17.0741157532, 27.5592327118, 84.2096099854, 16.781578064], [-258.32019043, 40.3450393677, -13.8760604858, -24.7655410767, 17.5466308594, -15.1566286087, 9.70385360718, -4.34780025482, 11.5535726547, 0.370537519455, 20.9177284241, 16.781578064, 58.3439598083]]}, "spectral_flux": {"min": 6.35349620137e-11, "max": 0.266527593136, "dvar2": 0.000936695258133, "median": 0.0637522861362, "dmean2": 0.0265509802848, "dmean": 0.0183147005737, "var": 0.00136360363103, "dvar": 0.000474703934742, "mean": 0.0691973716021}, "silence_rate_30dB": {"min": 1, "max": 1, "dvar2": 0, "median": 1, "dmean2": 0, "dmean": 0, "var": 0, "dvar": 0, "mean": 1}, "spectral_energyband_middle_high": {"min": 1.22830626019e-21, "max": 0.0428935065866, "dvar2": 8.04770752438e-06, "median": 0.00562017317861, "dmean2": 0.00224560778588, "dmean": 0.00164508109447, "var": 2.28377848543e-05, "dvar": 4.40118128608e-06, "mean": 0.00654081627727}, "barkbands_spread": {"min": 0.906013309956, "max": 75.4504470825, "dvar2": 60.8735580444, "median": 22.5216274261, "dmean2": 6.80359268188, "dmean": 4.40152025223, "var": 108.706085205, "dvar": 26.7275714874, "mean": 23.7564811707}, "spectral_centroid": {"min": 191.705673218, "max": 11995.2509766, "dvar2": 173757.625, "median": 1386.70410156, "dmean2": 345.533874512, "dmean": 218.01385498, "var": 1317306, "dvar": 74852.1640625, "mean": 1562.1418457}, "pitch_salience": {"min": 0.0620749332011, "max": 0.995954394341, "dvar2": 0.00470365490764, "median": 0.600307583809, "dmean2": 0.0762735232711, "dmean": 0.0488835163414, "var": 0.0121002011001, "dvar": 0.00191115390044, "mean": 0.588343203068}, "erbbands_skewness": {"min": -6.29595565796, "max": 3.95132780075, "dvar2": 0.17322024703, "median": 0.528463363647, "dmean2": 0.38550388813, "dmean": 0.249867811799, "var": 0.336132407188, "dvar": 0.0720128118992, "mean": 0.53954410553}, "erbbands_crest": {"min": 2.6467256546, "max": 27.7564620972, "dvar2": 8.22107982635, "median": 8.02609825134, "dmean2": 3.00693964958, "dmean": 1.99082124233, "var": 16.8491764069, "dvar": 3.64244365692, "mean": 8.91319465637}, "melbands": {"min": [1.32560886627e-24, 9.97806098756e-25, 1.77838120346e-24, 8.64030967841e-25, 1.4144928813e-24, 1.27809261851e-24, 1.56723242559e-24, 1.75324947553e-24, 2.18930515988e-24, 1.741443186e-24, 2.1637713101e-24, 1.95410470326e-24, 1.66819192893e-24, 2.6718953546e-24, 3.34636176501e-24, 2.02994125474e-24, 1.66827495654e-24, 3.57720770943e-24, 2.25743868183e-24, 3.06985379039e-24, 3.77521179664e-24, 2.91415434137e-24, 4.6868036815e-24, 3.81053659355e-24, 3.88551348385e-24, 5.44302783335e-24, 4.62036108289e-24, 5.23892506248e-24, 4.22221154554e-24, 3.93157546654e-24, 4.12872482296e-24, 5.67649752913e-24, 4.40244811859e-24, 5.12417064989e-24, 5.56109191186e-24, 5.90702240716e-24, 6.76474021979e-24, 5.56773333183e-24, 6.11329770096e-24, 5.81270264746e-24], "max": [0.00688280910254, 0.00927561242133, 0.00897598918527, 0.0109653454274, 0.00638110889122, 0.00698599498719, 0.00621424335986, 0.00588907441124, 0.012533750385, 0.00409864075482, 0.0036151513923, 0.00596692506224, 0.00365775614046, 0.00126298901159, 0.00104778283276, 0.000882522726897, 0.00153115415014, 0.000866131682415, 0.000566704664379, 0.000484734104248, 0.000573683704715, 0.000268405419774, 0.000392027635826, 0.000246176350629, 0.000259864784312, 0.000186081641004, 0.000153124085045, 0.00019419027376, 0.000292885641102, 0.00019525634707, 0.000132146800752, 0.000230731733609, 0.000122631870909, 9.52838963713e-05, 8.39473214e-05, 5.62692184758e-05, 5.98609440203e-05, 3.86720457755e-05, 2.69705724349e-05, 2.23960123549e-05], "dvar2": [7.41213511901e-07, 1.2186535514e-06, 1.15601005746e-06, 1.89113222859e-06, 4.44360210849e-07, 2.79162122752e-07, 3.25770344034e-07, 4.16916293489e-07, 6.20491221071e-07, 8.14907039626e-08, 4.11505389764e-08, 6.78810678778e-08, 3.03546734415e-08, 1.03192236978e-08, 5.90674620327e-09, 4.51047821315e-09, 8.04509880936e-09, 4.48985204571e-09, 2.42447084631e-09, 1.58418889118e-09, 2.69884248283e-09, 6.32981889126e-10, 5.49500334124e-10, 7.46832873322e-10, 4.52731074851e-10, 2.97061875099e-10, 2.46487830147e-10, 5.67499491844e-10, 5.51634848911e-10, 2.84693602026e-10, 1.44286291248e-10, 9.6319188736e-11, 1.11024543725e-10, 6.80924691632e-11, 5.11925328517e-11, 3.91638240935e-12, 5.56165270088e-12, 8.7928197709e-12, 2.50084545086e-12, 1.66307028912e-12], "median": [0.000128668383695, 0.000369493180187, 0.000636562064756, 0.000805782619864, 0.000346424523741, 0.000278334511677, 0.000388611777453, 0.000279041967588, 0.000372216483811, 0.000121873701573, 8.46404509502e-05, 0.000115842005471, 4.31620428571e-05, 5.49682881683e-05, 5.08173288836e-05, 3.63847320841e-05, 2.34578692471e-05, 2.62251032837e-05, 2.81474749499e-05, 1.65755864145e-05, 1.87573750736e-05, 1.27108123706e-05, 1.11919744086e-05, 9.64014361671e-06, 1.2142385458e-05, 1.10715891424e-05, 9.00054601516e-06, 6.67856693326e-06, 7.31834506951e-06, 6.77199750498e-06, 4.89758940603e-06, 3.88825628761e-06, 6.90581100571e-06, 4.19799926021e-06, 3.02017656395e-06, 1.28269698507e-06, 8.75376201748e-07, 7.90339754531e-07, 5.35303001925e-07, 2.59975081462e-07], "dmean2": [0.000372264883481, 0.000562421802897, 0.000650629051961, 0.00077391701052, 0.000367461529095, 0.000297615391901, 0.000358188757673, 0.000340963684721, 0.000413330737501, 0.000161201387527, 0.000116695737233, 0.000139039140777, 7.49243845348e-05, 6.26688342891e-05, 5.39937464055e-05, 4.5860051614e-05, 4.42779128207e-05, 3.86584433727e-05, 3.29447502736e-05, 2.31700269069e-05, 2.83372319245e-05, 1.52832708409e-05, 1.54257704708e-05, 1.51772210302e-05, 1.38719087772e-05, 1.20983395391e-05, 1.05075250758e-05, 1.2126335605e-05, 1.03695838334e-05, 9.13793155632e-06, 6.43491875962e-06, 5.00165151607e-06, 7.9908677435e-06, 5.79081597607e-06, 4.74470607514e-06, 1.23961706322e-06, 1.03263948859e-06, 1.65387541529e-06, 8.95899120223e-07, 4.55388715181e-07], "dmean": [0.000231165657169, 0.000343490799423, 0.000400818680646, 0.000475573469885, 0.000226378571824, 0.000197187808226, 0.000243953123572, 0.000214830564801, 0.000283032510197, 0.000114366797789, 8.32470614114e-05, 0.000104678605567, 5.08860102855e-05, 4.0548373363e-05, 3.59356708941e-05, 3.12298980134e-05, 2.96454672934e-05, 2.54690075963e-05, 2.0677498469e-05, 1.39435614983e-05, 1.80760689545e-05, 9.43451050262e-06, 9.47755779634e-06, 9.33458613872e-06, 8.28794600238e-06, 7.2110074143e-06, 6.3207344283e-06, 7.33950173526e-06, 6.3383890847e-06, 5.64769652556e-06, 4.03623153034e-06, 3.11890494231e-06, 4.99226689499e-06, 3.64913739759e-06, 2.92416689263e-06, 7.8766754541e-07, 6.49556909593e-07, 1.03622448933e-06, 5.69868177536e-07, 2.93368287885e-07], "var": [3.6131024217e-07, 6.90826027494e-07, 7.55907819894e-07, 1.08538120003e-06, 2.64358959612e-07, 3.51333255821e-07, 5.46834144188e-07, 2.99480547028e-07, 8.75289572377e-07, 1.3763617801e-07, 1.15056231209e-07, 1.35299202952e-07, 6.87892409701e-08, 9.7074330796e-09, 7.638680799e-09, 7.85330733777e-09, 1.39052298564e-08, 4.96519181326e-09, 2.23996288184e-09, 8.01425315e-10, 2.13802220372e-09, 4.37852198942e-10, 5.25444132649e-10, 5.32418220622e-10, 3.41399963855e-10, 2.06746744724e-10, 1.94931432107e-10, 4.57059501358e-10, 2.71089151127e-10, 2.16248796647e-10, 1.17042209258e-10, 9.51387302273e-11, 1.0143674789e-10, 6.70114172485e-11, 3.28171968766e-11, 9.63252221042e-12, 4.40210888575e-12, 4.05650946861e-12, 1.51065314771e-12, 9.33739305493e-13], "dvar": [3.05234550524e-07, 4.82406107949e-07, 4.38928680069e-07, 7.13691576948e-07, 1.66267085433e-07, 1.26325502947e-07, 1.32081268589e-07, 1.6049634155e-07, 2.79324666508e-07, 4.20798969003e-08, 2.27950724963e-08, 3.84624847527e-08, 1.51970791507e-08, 4.13124068288e-09, 2.65538724342e-09, 2.20661089401e-09, 4.18626600052e-09, 2.07906003524e-09, 9.84313075492e-10, 5.60681889805e-10, 1.15162557268e-09, 2.48930653868e-10, 2.29574539934e-10, 2.83579409954e-10, 1.62637195378e-10, 1.09139135229e-10, 9.17068226913e-11, 2.10636938447e-10, 2.17198231622e-10, 1.11045492246e-10, 5.70958419432e-11, 3.87205857655e-11, 4.52225062952e-11, 2.84098890246e-11, 2.00833846081e-11, 1.80883216391e-12, 2.346984369e-12, 3.50682113556e-12, 1.0304502477e-12, 7.01756632405e-13], "mean": [0.000325954490108, 0.000624987471383, 0.000874127203133, 0.00104697211646, 0.000481855124235, 0.000458560039988, 0.000628103909548, 0.000445083307568, 0.000701025943272, 0.000266299088253, 0.000207171135116, 0.000236050153035, 0.000111120585643, 8.40047505335e-05, 7.63578427723e-05, 6.53243914712e-05, 5.72341996303e-05, 4.9739574024e-05, 4.20258038503e-05, 2.42869900831e-05, 3.21105726471e-05, 1.85562475963e-05, 1.74890683411e-05, 1.69164886756e-05, 1.7563585061e-05, 1.49325642269e-05, 1.2993989003e-05, 1.40005295179e-05, 1.16818582683e-05, 1.13144251372e-05, 8.3094009824e-06, 6.79662889524e-06, 9.68364020082e-06, 6.784397101e-06, 4.87340912514e-06, 2.24559471462e-06, 1.41478608384e-06, 1.43275758546e-06, 9.07940659545e-07, 4.94705773235e-07]}, "spectral_entropy": {"min": 4.61637210846, "max": 9.82671737671, "dvar2": 0.0495783537626, "median": 7.63794374466, "dmean2": 0.183206930757, "dmean": 0.130928277969, "var": 0.194896772504, "dvar": 0.0279745012522, "mean": 7.6107339859}, "spectral_rolloff": {"min": 86.1328125, "max": 19789.0136719, "dvar2": 1478363.5, "median": 1356.59179688, "dmean2": 829.006896973, "dmean": 496.967071533, "var": 4802618, "dvar": 640848, "mean": 1918.23217773}, "barkbands": {"min": [4.1996655804e-26, 3.22777013576e-24, 1.78238822243e-24, 1.25129787318e-24, 5.21056866838e-24, 8.17311962629e-24, 7.90792825578e-24, 1.01645311395e-23, 1.36700933182e-23, 1.10038901867e-23, 1.0758078762e-23, 3.12607843146e-23, 1.74026659996e-23, 3.9059665172e-23, 2.84925830458e-23, 4.49967522516e-23, 7.55880713367e-23, 8.53165059682e-23, 1.50386032212e-22, 1.75630704517e-22, 1.92336658032e-22, 2.87562266712e-22, 4.06566162559e-22, 6.08845825388e-22, 8.88523143362e-22, 1.32417348416e-21, 1.99313106588e-21], "max": [0.000786521821283, 0.0296752341092, 0.0298665203154, 0.0206936541945, 0.0417439937592, 0.0354498848319, 0.0280529726297, 0.0586753413081, 0.025780947879, 0.0319384522736, 0.0220812316984, 0.0119015956298, 0.0110555747524, 0.0165864229202, 0.0112594896927, 0.00590030150488, 0.00415564887226, 0.00368189997971, 0.0036648423411, 0.00579284317791, 0.00797128491104, 0.00606468552724, 0.00364839634858, 0.00324403191917, 0.00119551783428, 0.000396072689909, 8.22216952656e-06], "dvar2": [7.51046247416e-09, 1.37111564982e-05, 4.1200855776e-06, 6.04129900239e-06, 2.89195577352e-05, 8.27206895337e-06, 8.08246386441e-06, 1.859988879e-05, 3.7315442114e-06, 2.55982899944e-06, 1.34296169563e-06, 8.17251532226e-07, 5.34699779564e-07, 8.90605406312e-07, 7.14451289241e-07, 3.8124665025e-07, 1.73607148213e-07, 1.95360911448e-07, 1.80163169716e-07, 3.61885724942e-07, 3.84907224316e-07, 1.69862303778e-07, 1.04600196948e-07, 2.61642352228e-08, 6.4807643696e-09, 4.98590890796e-10, 8.34181573643e-13], "median": [4.64036056655e-05, 0.000639697362203, 0.000638494326267, 0.00112469308078, 0.00338815408759, 0.00154465273954, 0.00172546284739, 0.00185808539391, 0.000809180899523, 0.000954916351475, 0.000237008775002, 0.000440223229816, 0.000316449557431, 0.000248737109359, 0.000374856812414, 0.000270294112852, 0.000259121414274, 0.000233598955674, 0.000350906630047, 0.00019518789486, 0.000304822431644, 0.000315724464599, 0.000185116237844, 7.9816163634e-05, 2.11445785681e-05, 1.20376228097e-06, 4.94625105318e-08], "dmean2": [5.45282600797e-05, 0.00164868542925, 0.000949650246184, 0.00148397078738, 0.00313884112984, 0.00155997311231, 0.00173777842429, 0.0023171515204, 0.0011406717822, 0.00100479333196, 0.000519464898389, 0.000547778850887, 0.000459711969597, 0.000458022288512, 0.000515735533554, 0.0003896576236, 0.00028861235478, 0.000289135903586, 0.000327996502165, 0.000298113154713, 0.000324101682054, 0.000302056025248, 0.000226661082706, 9.44993298617e-05, 3.22650666931e-05, 6.59292209093e-06, 3.00778367546e-07], "dmean": [3.3121999877e-05, 0.00101342308335, 0.000584724766668, 0.000891559757292, 0.00194133142941, 0.00102256413084, 0.00116514507681, 0.00153576524463, 0.000809436955024, 0.00074585020775, 0.000345990498317, 0.000355917291017, 0.000307560694637, 0.000308424321702, 0.0003305983264, 0.000241595887928, 0.000178108457476, 0.000178581147338, 0.000195321816136, 0.00018333956541, 0.000201458024094, 0.000192730614799, 0.000142381744809, 6.04523884249e-05, 2.11121714528e-05, 4.10099437431e-06, 1.85522807783e-07], "var": [3.71373620744e-09, 6.33479839962e-06, 2.90652269541e-06, 4.45162504548e-06, 1.68775040947e-05, 8.41503515403e-06, 1.16256396723e-05, 2.088005931e-05, 6.80020229993e-06, 5.57432167625e-06, 2.71135195362e-06, 7.8360221778e-07, 7.74681609528e-07, 1.57300780756e-06, 7.16642148291e-07, 2.76588849601e-07, 1.33639048272e-07, 1.60704459518e-07, 1.37619664997e-07, 2.78686485444e-07, 2.5950168947e-07, 2.125491676e-07, 9.74797771391e-08, 2.00363796665e-08, 4.17695522614e-09, 1.71916758607e-10, 3.11563573335e-13], "dvar": [2.80690803933e-09, 5.48599518879e-06, 1.72858926817e-06, 2.19710295823e-06, 1.10626688183e-05, 3.57423687092e-06, 3.20857998304e-06, 7.9436103988e-06, 1.96038172362e-06, 1.43242027661e-06, 6.52892708786e-07, 3.30478371779e-07, 2.60105821326e-07, 4.75296985769e-07, 3.02052541201e-07, 1.53838271899e-07, 6.8805050546e-08, 7.4512037429e-08, 6.6040975355e-08, 1.39706244795e-07, 1.53199152919e-07, 7.20287545164e-08, 4.23025667828e-08, 1.11512630241e-08, 2.76550471412e-09, 1.92753230044e-10, 3.27486600121e-13], "mean": [6.05981585977e-05, 0.00144827109762, 0.00112867320422, 0.00185864511877, 0.00429907161742, 0.00237856735475, 0.00288541917689, 0.00348859908991, 0.00185329362284, 0.00178179563954, 0.000698587857187, 0.000713014160283, 0.000590780342463, 0.000601089617703, 0.000651562237181, 0.0004180050164, 0.000362677936209, 0.000356509583071, 0.000437204900663, 0.000369591172785, 0.000434641726315, 0.000439820956672, 0.00028424183256, 0.000119552219985, 3.81851496059e-05, 4.45483283329e-06, 1.97888269327e-07]}, "melbands_flatness_db": {"min": 2.84746221269e-07, "max": 0.462167561054, "dvar2": 0.000617932353634, "median": 0.14519302547, "dmean2": 0.0246534477919, "dmean": 0.0163783635944, "var": 0.00390224880539, "dvar": 0.000299923936836, "mean": 0.155150547624}, "melbands_skewness": {"min": -0.402796208858, "max": 16.7074775696, "dvar2": 0.425318092108, "median": 2.11239528656, "dmean2": 0.593291342258, "dmean": 0.394010394812, "var": 1.90505051613, "dvar": 0.18038713932, "mean": 2.32254362106}, "barkbands_skewness": {"min": -2.56422662735, "max": 14.4103212357, "dvar2": 0.406751215458, "median": 1.28101110458, "dmean2": 0.496834993362, "dmean": 0.319811344147, "var": 2.00332355499, "dvar": 0.158653631806, "mean": 1.45544970036}, "silence_rate_60dB": {"min": 0, "max": 1, "dvar2": 0.00651758164167, "median": 0, "dmean2": 0.00608543027192, "dmean": 0.00304235890508, "var": 0.0646749585867, "dvar": 0.00303337583318, "mean": 0.0694980695844}, "spectral_energyband_low": {"min": 1.12127971205e-23, "max": 0.0394490361214, "dvar2": 2.36941905314e-05, "median": 0.00246227672324, "dmean2": 0.00265433592722, "dmean": 0.00167220667936, "var": 1.60364415933e-05, "dvar": 9.76529827312e-06, "mean": 0.00355487898923}, "spectral_energyband_middle_low": {"min": 1.53650818266e-22, "max": 0.0854954347014, "dvar2": 0.000118026880955, "median": 0.0164677593857, "dmean2": 0.00697361072525, "dmean": 0.00468976702541, "var": 0.000110640889034, "dvar": 4.85283781018e-05, "mean": 0.0172532144934}, "melbands_kurtosis": {"min": -1.96137416363, "max": 481.202209473, "dvar2": 232.417434692, "median": 6.41507768631, "dmean2": 5.51360177994, "dmean": 3.48622131348, "var": 901.212890625, "dvar": 88.3294677734, "mean": 11.4827632904}, "spectral_decrease": {"min": -2.49548186559e-08, "max": 2.80373438704e-28, "dvar2": 9.32486163923e-18, "median": -6.70898003818e-09, "dmean2": 2.17261098001e-09, "dmean": 1.50710799396e-09, "var": 1.21709725785e-17, "dvar": 4.08782939352e-18, "mean": -6.69708200007e-09}, "erbbands_kurtosis": {"min": -1.81263422966, "max": 72.1124572754, "dvar2": 5.10101509094, "median": -0.360529154539, "dmean2": 0.843914985657, "dmean": 0.535447895527, "var": 2.79499816895, "dvar": 1.77912282944, "mean": -0.0561801493168}, "melbands_crest": {"min": 1.01273858547, "max": 32.0614356995, "dvar2": 9.89673805237, "median": 10.1991796494, "dmean2": 3.28490209579, "dmean": 2.07252311707, "var": 19.427614212, "dvar": 4.03062963486, "mean": 11.0885000229}, "melbands_spread": {"min": 0.648045778275, "max": 265.073242188, "dvar2": 223.577590942, "median": 24.0724620819, "dmean2": 8.90193653107, "dmean": 5.69609451294, "var": 325.393768311, "dvar": 90.3712005615, "mean": 27.40883255}, "spectral_energy": {"min": 1.00586390333e-20, "max": 0.0995267629623, "dvar2": 0.00014291642583, "median": 0.0278270058334, "dmean2": 0.00860727578402, "dmean": 0.00603755842894, "var": 0.000203039031476, "dvar": 6.39897043584e-05, "mean": 0.0277029797435}, "mfcc": {"mean": [-615.280090332, 105.925453186, 0.2262596488, 18.0467014313, -15.4739542007, 2.83245515823, -11.3955898285, 0.18085809052, -5.30958938599, 0.66514647007, -1.06088042259, -3.63803792, -1.14015054703], "icov": [[0.000133032226586, -9.36192300287e-05, 3.44467953255e-05, -5.4518419347e-05, 0.000435611902503, -0.000468919519335, 0.000307308364427, -8.32754994917e-06, 0.000125487247715, -0.000113134490675, 0.000233419952565, -1.90344253497e-05, 0.000199280271772], [-9.36192300287e-05, 0.00167217361741, 0.000562182744034, -0.000957725627813, -0.000583648739848, 0.000679905817378, -4.50787993032e-05, 0.000311726209475, -0.000520065659657, 0.000384113373002, -0.000402776873671, 0.000266749440925, -0.000336290657287], [3.44467953255e-05, 0.000562182744034, 0.00451436126605, -0.00125208031386, -0.00152212847024, -0.000475685723359, 0.000157877817401, -0.00180764868855, -0.000129418782308, 0.000764828408137, -0.0020454255864, 0.00118625920732, -0.00187420193106], [-5.4518419347e-05, -0.000957725627813, -0.00125208031386, 0.00585391605273, -0.00057280191686, -0.001077821129, -0.00108148844447, -0.000220221889322, -0.000155836969498, -0.00175871467218, 0.00159461074509, -0.00214131223038, 0.00175620359369], [0.000435611902503, -0.000583648739848, -0.00152212847024, -0.00057280191686, 0.0113757997751, -0.00377082754858, -0.000542407797184, 0.000960618839599, -0.00309312390164, -0.000254794023931, -0.00122251629364, 0.000869652605616, -0.000842429115437], [-0.000468919519335, 0.000679905817378, -0.000475685723359, -0.001077821129, -0.00377082754858, 0.013245373033, -0.0043898881413, -0.00105924764648, 0.000888693495654, -0.00133141793776, 0.00039951337385, 0.0013553048484, -0.000358137913281], [0.000307308364427, -4.50787993032e-05, 0.000157877817401, -0.00108148844447, -0.000542407797184, -0.0043898881413, 0.0166554749012, -0.00566047569737, -0.00071059120819, -0.00174246053211, 0.00268527213484, -0.00389223685488, 0.00201433990151], [-8.32754994917e-06, 0.000311726209475, -0.00180764868855, -0.000220221889322, 0.000960618839599, -0.00105924764648, -0.00566047569737, 0.0179849285632, -0.00411573797464, 0.00151439302135, -0.00252300710417, 0.00313211139292, -0.00111024314538], [0.000125487247715, -0.000520065659657, -0.000129418782308, -0.000155836969498, -0.00309312390164, 0.000888693495654, -0.00071059120819, -0.00411573797464, 0.0206572841853, -0.00739013869315, 0.00191860622726, -0.00249108346179, 0.000919523416087], [-0.000113134490675, 0.000384113373002, 0.000764828408137, -0.00175871467218, -0.000254794023931, -0.00133141793776, -0.00174246053211, 0.00151439302135, -0.00739013869315, 0.0184418745339, -0.00550938630477, 0.00262253987603, -0.000755629385822], [0.000233419952565, -0.000402776873671, -0.0020454255864, 0.00159461074509, -0.00122251629364, 0.00039951337385, 0.00268527213484, -0.00252300710417, 0.00191860622726, -0.00550938630477, 0.0197547376156, -0.00613100174814, 0.00383990793489], [-1.90344253497e-05, 0.000266749440925, 0.00118625920732, -0.00214131223038, 0.000869652605616, 0.0013553048484, -0.00389223685488, 0.00313211139292, -0.00249108346179, 0.00262253987603, -0.00613100174814, 0.0189411919564, -0.00557207455859], [0.000199280271772, -0.000336290657287, -0.00187420193106, 0.00175620359369, -0.000842429115437, -0.000358137913281, 0.00201433990151, -0.00111024314538, 0.000919523416087, -0.000755629385822, 0.00383990793489, -0.00557207455859, 0.0156601257622]], "cov": [[11372.7226563, 510.851501465, -444.4425354, 97.9437103271, -475.089141846, 178.878463745, -190.046081543, -127.024971008, -166.110855103, -30.6643047333, -188.4974823, -98.8181381226, -184.619384766], [510.851501465, 732.308105469, -76.9995956421, 115.405509949, 13.9969301224, -13.2934675217, -3.87352728844, -20.5560760498, 18.5521945953, 7.11302137375, -4.73852682114, 7.89665842056, -10.2170200348], [-444.4425354, -76.9995956421, 338.638641357, 69.9597702026, 89.7487869263, 48.7471923828, 38.6093330383, 58.4525146484, 29.8310241699, 19.1339569092, 36.1984329224, 0.482695966959, 32.2728042603], [97.9437103271, 115.405509949, 69.9597702026, 251.789749146, 48.93542099, 51.7082138062, 48.4664077759, 24.33568573, 31.9690799713, 36.5460662842, 2.01905655861, 18.4052810669, -13.3861131668], [-475.089141846, 13.9969301224, 89.7487869263, 48.93542099, 149.970550537, 46.0093040466, 37.1527633667, 24.9819736481, 38.2106552124, 25.7931690216, 19.9857273102, 4.42358589172, 13.3858690262], [178.878463745, -13.2934675217, 48.7471923828, 51.7082138062, 46.0093040466, 119.844146729, 43.8468894958, 26.5501880646, 15.3086709976, 22.264333725, 0.109548032284, -4.70518016815, -2.59397172928], [-190.046081543, -3.87352728844, 38.6093330383, 48.4664077759, 37.1527633667, 43.8468894958, 97.9672470093, 37.9379768372, 25.0535354614, 20.7695426941, 2.88954544067, 12.6904373169, -2.05166363716], [-127.024971008, -20.5560760498, 58.4525146484, 24.33568573, 24.9819736481, 26.5501880646, 37.9379768372, 80.939453125, 23.5648498535, 12.0069084167, 10.650472641, -3.43590450287, 3.61256361008], [-166.110855103, 18.5521945953, 29.8310241699, 31.9690799713, 38.2106552124, 15.3086709976, 25.0535354614, 23.5648498535, 72.9114685059, 33.2749290466, 8.92619609833, 7.98084449768, 1.32625079155], [-30.6643047333, 7.11302137375, 19.1339569092, 36.5460662842, 25.7931690216, 22.264333725, 20.7695426941, 12.0069084167, 33.2749290466, 78.2453460693, 18.9854412079, 0.906810343266, -3.70012617111], [-188.4974823, -4.73852682114, 36.1984329224, 2.01905655861, 19.9857273102, 0.109548032284, 2.88954544067, 10.650472641, 8.92619609833, 18.9854412079, 68.3698120117, 15.5453977585, -2.97750329971], [-98.8181381226, 7.89665842056, 0.482695966959, 18.4052810669, 4.42358589172, -4.70518016815, 12.6904373169, -3.43590450287, 7.98084449768, 0.906810343266, 15.5453977585, 69.2150115967, 18.0661506653], [-184.619384766, -10.2170200348, 32.2728042603, -13.3861131668, 13.3858690262, -2.59397172928, -2.05166363716, 3.61256361008, 1.32625079155, -3.70012617111, -2.97750329971, 18.0661506653, 79.4326095581]]}, "spectral_contrast_valleys": {"min": [-28.2231464386, -28.0681495667, -27.7914619446, -27.7181129456, -27.5846691132, -27.4090099335], "max": [-5.55371141434, -4.22121095657, -5.31212186813, -6.03939580917, -5.64369869232, -8.26332759857], "dvar2": [0.329415529966, 0.219758182764, 0.182068243623, 0.151531487703, 0.110446110368, 0.2306407094], "median": [-7.35976552963, -6.02990579605, -6.94473075867, -7.65206766129, -7.23952865601, -9.9244184494], "dmean2": [0.661705255508, 0.512235343456, 0.47325950861, 0.439094245434, 0.328535199165, 0.429644972086], "dmean": [0.411606162786, 0.329818159342, 0.31270378828, 0.303910791874, 0.235108926892, 0.332496017218], "var": [5.59898948669, 6.57665586472, 6.04709768295, 5.63776922226, 5.81285953522, 4.40667438507], "dvar": [0.142608135939, 0.112726554275, 0.0969676226377, 0.087854065001, 0.0679364278913, 0.130203068256], "mean": [-7.79392147064, -6.54358196259, -7.42030954361, -8.1026506424, -7.70119524002, -10.2979707718]}, "barkbands_flatness_db": {"min": 0.0382521860301, "max": 0.436571776867, "dvar2": 0.000392918620491, "median": 0.106115192175, "dmean2": 0.0194964166731, "dmean": 0.0132036730647, "var": 0.00250644329935, "dvar": 0.000198437584913, "mean": 0.116548396647}, "dynamic_complexity": 2.47273635864, "spectral_skewness": {"min": -0.15720538795, "max": 4.43609666824, "dvar2": 0.0883953794837, "median": 1.11335647106, "dmean2": 0.276869535446, "dmean": 0.1713013798, "var": 0.156940251589, "dvar": 0.0434294566512, "mean": 1.14668607712}, "erbbands_flatness_db": {"min": 0.0284309126437, "max": 0.390808045864, "dvar2": 0.000347043882357, "median": 0.159661725163, "dmean2": 0.0183554850519, "dmean": 0.0130617534742, "var": 0.00117282103747, "dvar": 0.000187019948498, "mean": 0.163399606943}, "hfc": {"min": 1.09376113782e-16, "max": 108.240409851, "dvar2": 88.6349868774, "median": 25.59433