{"lowlevel": {"spectral_complexity": {"min": 0, "max": 60, "dvar2": 11.7065010071, "median": 14, "dmean2": 3.16815662384, "dmean": 2.00792789459, "var": 79.0336380005, "dvar": 5.35695028305, "mean": 14.4804677963}, "silence_rate_20dB": {"min": 1, "max": 1, "dvar2": 0, "median": 1, "dmean2": 0, "dmean": 0, "var": 0, "dvar": 0, "mean": 1}, "average_loudness": 0.394254922867, "erbbands_spread": {"min": 1.00994050503, "max": 198.182128906, "dvar2": 328.40234375, "median": 32.1057701111, "dmean2": 12.2204704285, "dmean": 7.98228693008, "var": 455.45602417, "dvar": 151.884796143, "mean": 35.9125862122}, "spectral_kurtosis": {"min": -1.27131819725, "max": 426.010559082, "dvar2": 130.042434692, "median": 4.83882665634, "dmean2": 3.75050139427, "dmean": 2.32667970657, "var": 602.452392578, "dvar": 45.8212509155, "mean": 8.36981010437}, "barkbands_kurtosis": {"min": -1.94901156425, "max": 12519.3847656, "dvar2": 89485.7734375, "median": 2.13567113876, "dmean2": 27.5510787964, "dmean": 15.1591682434, "var": 280298.09375, "dvar": 25753.8066406, "mean": 48.5298690796}, "spectral_strongpeak": {"min": 0, "max": 23.6546268463, "dvar2": 3.34399557114, "median": 0.321782678366, "dmean2": 0.800297498703, "dmean": 0.462374031544, "var": 2.86287879944, "dvar": 1.38323795795, "mean": 0.841360509396}, "spectral_spread": {"min": 220642.921875, "max": 43005476, "dvar2": 1816709693440.0, "median": 4347046, "dmean2": 965909.875, "dmean": 701920.0625, "var": 10882820079600.0, "dvar": 1015617224700.0, "mean": 4941966}, "spectral_rms": {"min": 3.1218166073e-12, "max": 0.0163953490555, "dvar2": 1.73390708369e-06, "median": 0.0046617994085, "dmean2": 0.000881836924236, "dmean": 0.000564298883546, "var": 4.97381779496e-06, "dvar": 6.80939706399e-07, "mean": 0.0044285254553}, "erbbands": {"min": [3.19064890536e-23, 2.06709022149e-22, 8.17506375821e-22, 1.45767005488e-21, 8.42209773425e-21, 1.34020723731e-20, 3.65180207162e-20, 4.79039098164e-20, 1.1062426584e-19, 1.32230960148e-19, 2.63777066447e-19, 3.47964381416e-19, 3.83548528145e-19, 5.63349908613e-19, 6.46135074896e-19, 1.13527106273e-18, 1.31812481721e-18, 2.02722053763e-18, 2.07917244319e-18, 2.16791444725e-18, 3.40334198612e-18, 4.00375889196e-18, 4.49333483648e-18, 5.20762556135e-18, 6.98087331999e-18, 7.14599345951e-18, 8.94904536281e-18, 9.40261082655e-18, 9.87840842361e-18, 1.08237972816e-17, 1.01241306964e-17, 9.46932046141e-18, 8.08469208071e-18, 7.50896692974e-18, 6.19759407768e-18, 3.82540634418e-18, 2.32188605327e-18, 9.44170110755e-19, 2.57433495878e-19, 2.74161614642e-20], "max": [9.59944152832, 41.9435844421, 92.9381637573, 120.94947052, 188.434371948, 322.85067749, 260.697723389, 1188.98376465, 431.898193359, 460.162445068, 765.042175293, 1246.6427002, 728.059326172, 1482.24572754, 2327.31079102, 2814.00439453, 1731.03125, 3052.06835938, 1693.68444824, 5561.65820312, 3134.50219727, 1516.90710449, 1139.93554688, 1175.71386719, 586.981750488, 336.97467041, 249.118347168, 244.895721436, 318.969146729, 338.665740967, 230.63243103, 105.103431702, 93.0289764404, 39.1912536621, 15.4343338013, 9.21008491516, 4.88839817047, 2.2640440464, 0.0446642711759, 0.00106825807597], "dvar2": [0.398163020611, 10.2500228882, 31.510761261, 70.3115310669, 118.772041321, 144.025360107, 148.466201782, 455.018066406, 367.44241333, 279.214416504, 481.546234131, 996.913879395, 1077.28881836, 3187.39599609, 4575.07714844, 2691.6862793, 4364.24072266, 7664.26367188, 4859.94824219, 7841.671875, 10598.4951172, 2458.06860352, 1782.4251709, 1450.37902832, 317.817443848, 185.565765381, 104.346595764, 72.6634521484, 56.0030326843, 70.3262405396, 32.8084754944, 8.24098300934, 3.59664654732, 0.883054018021, 0.307262539864, 0.147700428963, 0.0387398675084, 0.00521936034784, 2.12858503801e-06, 1.66468294704e-09], "median": [0.0956119224429, 0.758119165897, 2.01966357231, 2.92725920677, 3.13478350639, 4.39956998825, 4.75282049179, 5.41726446152, 6.76920747757, 6.19148159027, 6.2911067009, 7.06514644623, 5.98881626129, 5.56402015686, 7.09548807144, 6.36680221558, 8.40044403076, 8.78754520416, 7.28937578201, 7.00744581223, 6.84805202484, 5.32368326187, 5.04268503189, 4.44561719894, 2.73319268227, 2.01170015335, 1.49836325645, 1.06969773769, 0.848540723324, 0.766200125217, 0.612366914749, 0.431340545416, 0.277073353529, 0.164540633559, 0.0773396119475, 0.0355939753354, 0.0188310146332, 0.004230087623, 9.8962787888e-05, 3.13965538226e-05], "dmean2": [0.22037217021, 1.14435839653, 2.38699793816, 3.92447304726, 5.0983300209, 5.78571081161, 6.14049386978, 9.03892803192, 10.0290842056, 8.65602684021, 9.31258964539, 12.672618866, 13.182305336, 17.2400760651, 21.1008262634, 18.5324573517, 26.9646110535, 31.131565094, 28.1342258453, 32.7596282959, 32.6949005127, 19.8941936493, 16.2669868469, 12.9971828461, 6.95608282089, 5.52611923218, 4.58387184143, 3.00895476341, 2.62625145912, 2.7848713398, 2.14126324654, 1.0705960989, 0.725234746933, 0.39946320653, 0.224999800324, 0.150776863098, 0.0829442441463, 0.0251406114548, 0.000502433569636, 2.07583343581e-05], "dmean": [0.130079388618, 0.673280894756, 1.43337094784, 2.4128177166, 3.151293993, 3.72144579887, 3.97727108002, 5.75502300262, 6.25630187988, 5.65034866333, 6.62667608261, 8.78128528595, 8.92366409302, 11.5857524872, 14.153637886, 12.2929229736, 17.3249568939, 19.9902935028, 17.6614208221, 20.8572502136, 20.8550891876, 12.8266601562, 10.1880664825, 7.96637153625, 4.31580734253, 3.51140475273, 2.95077180862, 1.92788600922, 1.69208204746, 1.83520436287, 1.43285834789, 0.711660206318, 0.478346168995, 0.267865628004, 0.149810582399, 0.0970934927464, 0.0543915368617, 0.0159599687904, 0.000318374339258, 1.35465870699e-05], "var": [0.206955641508, 4.00905847549, 18.8812675476, 54.5217781067, 116.816734314, 256.230621338, 259.676147461, 1023.65423584, 361.880371094, 406.710357666, 874.643920898, 1448.86547852, 1507.32470703, 5091.80419922, 6803.859375, 3652.39257812, 5014.58789062, 8386.92773438, 5656.62597656, 12855.5380859, 14192.8359375, 3464.89233398, 1753.66430664, 1042.92102051, 333.86138916, 223.331176758, 161.704544067, 87.7026367188, 70.7821960449, 92.7997665405, 55.8534011841, 12.682349205, 6.67828226089, 1.43891203403, 0.394747108221, 0.119529701769, 0.0255942586809, 0.00222937576473, 8.9223459554e-07, 1.66182123618e-09], "dvar": [0.133359253407, 3.5277402401, 11.35409832, 26.6034526825, 46.6264762878, 58.5579071045, 60.158290863, 199.734848022, 139.133453369, 124.725708008, 253.967605591, 493.945007324, 512.309875488, 1575.62072754, 2236.44824219, 1391.32800293, 1835.72033691, 3346.58447266, 1996.66223145, 3682.36206055, 4693.81640625, 1153.50524902, 700.399414062, 543.114440918, 122.321052551, 75.685836792, 47.2090492249, 30.3611545563, 24.3049221039, 30.6576137543, 15.8390035629, 3.73459291458, 1.65754389763, 0.444894522429, 0.161038115621, 0.0679902136326, 0.017484722659, 0.00213625351898, 8.63208754254e-07, 7.14259262846e-10], "mean": [0.223683252931, 1.34984600544, 3.31110858917, 5.27495861053, 7.13169765472, 9.944480896, 10.4434518814, 13.9724378586, 13.1602535248, 12.1358413696, 15.0799512863, 18.1126651764, 18.3087062836, 23.445098877, 27.1457099915, 23.5618038177, 32.9861526489, 37.359336853, 33.3439559937, 40.6729621887, 41.9813308716, 26.4391956329, 21.0102081299, 15.5863256454, 9.345662117, 7.78494644165, 6.70257043839, 4.343521595, 3.64219641685, 4.06715202332, 3.25538039207, 1.48319268227, 0.947860896587, 0.499715596437, 0.239602535963, 0.125175893307, 0.0672623515129, 0.0175379551947, 0.000361685815733, 3.95666829718e-05]}, "zerocrossingrate": {"min": 0.00146484375, "max": 0.52587890625, "dvar2": 0.000222546135774, "median": 0.04833984375, "dmean2": 0.0108712827787, "dmean": 0.00904013123363, "var": 0.0021918262355, "dvar": 0.000183289739653, "mean": 0.0543987564743}, "spectral_contrast_coeffs": {"min": [-0.978684842587, -0.980887055397, -0.977472245693, -0.970237910748, -0.968165457249, -0.966053903103], "max": [-0.283116817474, -0.323978602886, -0.461606562138, -0.443048536777, -0.532059669495, -0.515208184719], "dvar2": [0.00335004925728, 0.00278337695636, 0.00214162864722, 0.00180300103966, 0.00104669097345, 0.00068026833469], "median": [-0.67013335228, -0.731761097908, -0.740071058273, -0.736147403717, -0.763633847237, -0.783952474594], "dmean2": [0.0656442269683, 0.0648781359196, 0.0569556951523, 0.0514683127403, 0.0388413704932, 0.0286099985242], "dmean": [0.0399401597679, 0.0393704883754, 0.0359749086201, 0.0324254445732, 0.0246084649116, 0.0189019534737], "var": [0.00773774227127, 0.00465626176447, 0.0058400365524, 0.00661426782608, 0.00451106438413, 0.00332470657304], "dvar": [0.00129863596521, 0.00102939188946, 0.000884684268385, 0.0007698169793, 0.000472020619782, 0.000333768868586], "mean": [-0.664603352547, -0.730183124542, -0.739133238792, -0.734181642532, -0.761677503586, -0.782087206841]}, "dissonance": {"min": 0.150738254189, "max": 0.500000119209, "dvar2": 0.00107861426659, "median": 0.460874915123, "dmean2": 0.0338564142585, "dmean": 0.0200615692884, "var": 0.00119377893861, "dvar": 0.000390875997255, "mean": 0.45326846838}, "spectral_energyband_high": {"min": 6.97139903883e-21, "max": 0.0321389585733, "dvar2": 5.18290562468e-07, "median": 0.000177430789336, "dmean2": 0.000310369941872, "dmean": 0.000216348067624, "var": 1.25726285205e-06, "dvar": 2.76817388567e-07, "mean": 0.000581620028242}, "gfcc": {"mean": [-42.1215744019, 97.2447280884, -97.2988815308, 30.0753593445, -43.4213981628, 15.6849956512, -36.0808067322, 8.89098548889, -21.7377967834, 4.57743358612, -16.2775554657, 3.91969609261, -13.1339578629], "icov": [[0.000171590116224, -0.000339665682986, 0.00028572769952, -0.000490973936394, 0.000308909045998, -0.000485290249344, 0.000585609406698, -0.000269771349849, 0.000252152793109, -0.000486596109113, 0.000698633259162, -0.000904267420992, 0.000762469542678], [-0.000339665682986, 0.00209549581632, -0.000611352385022, 0.00182708923239, -0.0013487606775, 0.00137847382575, -0.00138058571611, 0.00044152000919, -0.000784340838436, 0.0018840021221, -0.00310925603844, 0.00364492507651, -0.00243484787643], [0.00028572769952, -0.000611352385022, 0.00107092631515, -0.000994530622847, 0.000146478472743, -0.00116285996046, 0.000535640690941, -0.000580181076657, 0.000841209839564, -0.0014744058717, 0.00138026487548, -0.00148916430771, 0.000805802294053], [-0.000490973936394, 0.00182708923239, -0.000994530622847, 0.00484736124054, -0.00213232683018, 0.000648505985737, -0.000898260856047, 0.00150806515012, -0.00185023795348, 0.00238495646045, -0.00360736437142, 0.00372069561854, -0.00231251330115], [0.000308909045998, -0.0013487606775, 0.000146478472743, -0.00213232683018, 0.00677823228762, -0.00205323658884, -0.000549423333723, 0.00112688762601, -0.00112920813262, -0.000811138830613, 0.00102770724334, -0.00246180803515, 0.000736614398193], [-0.000485290249344, 0.00137847382575, -0.00116285996046, 0.000648505985737, -0.00205323658884, 0.0103926267475, -0.0065735806711, 0.000967372208834, -0.000762024254072, 9.78085299721e-05, 0.00244871038012, -0.00143894983921, 0.00022937056201], [0.000585609406698, -0.00138058571611, 0.000535640690941, -0.000898260856047, -0.000549423333723, -0.0065735806711, 0.0160051155835, -0.0076351147145, 0.000128327927087, 0.00247890967876, -0.00277450797148, 0.00157721084543, -0.000675036804751], [-0.000269771349849, 0.00044152000919, -0.000580181076657, 0.00150806515012, 0.00112688762601, 0.000967372208834, -0.0076351147145, 0.0157374907285, -0.00352233531885, -0.00414178986102, 0.0044719283469, -0.00199878634885, 0.00162046658807], [0.000252152793109, -0.000784340838436, 0.000841209839564, -0.00185023795348, -0.00112920813262, -0.000762024254072, 0.000128327927087, -0.00352233531885, 0.0123731875792, -0.00437426520512, -5.29534772795e-05, 0.00142439128831, -0.0011955096852], [-0.000486596109113, 0.0018840021221, -0.0014744058717, 0.00238495646045, -0.000811138830613, 9.78085299721e-05, 0.00247890967876, -0.00414178986102, -0.00437426520512, 0.0205197501928, -0.0086918650195, 0.00141231110319, 0.00176546315197], [0.000698633259162, -0.00310925603844, 0.00138026487548, -0.00360736437142, 0.00102770724334, 0.00244871038012, -0.00277450797148, 0.0044719283469, -5.29534772795e-05, -0.0086918650195, 0.0213382784277, -0.0103238625452, 0.0028462423943], [-0.000904267420992, 0.00364492507651, -0.00148916430771, 0.00372069561854, -0.00246180803515, -0.00143894983921, 0.00157721084543, -0.00199878634885, 0.00142439128831, 0.00141231110319, -0.0103238625452, 0.0236487649381, -0.0102972630411], [0.000762469542678, -0.00243484787643, 0.000805802294053, -0.00231251330115, 0.000736614398193, 0.00022937056201, -0.000675036804751, 0.00162046658807, -0.0011955096852, 0.00176546315197, 0.0028462423943, -0.0102972630411, 0.019816422835]], "cov": [[23780.2050781, -1184.75378418, -3797.98364258, 305.204284668, -945.110351562, 197.406707764, -888.719238281, 128.821151733, -298.977020264, 251.409454346, -435.28137207, 295.434692383, -702.857910156], [-1184.75378418, 1454.10986328, 64.6932373047, -183.201934814, 178.840881348, -158.192367554, 123.449630737, -60.0137519836, 71.1473999023, -81.3854598999, 145.525238037, -118.576042175, 133.56350708], [-3797.98364258, 64.6932373047, 2373.90014648, 188.919708252, 295.878112793, 270.028259277, 234.984527588, 96.9427871704, 40.7199707031, 56.4615707397, 7.35552549362, 37.0497779846, 81.1736984253], [305.204284668, -183.201934814, 188.919708252, 420.973754883, 107.428459167, 62.0261878967, 9.42506694794, -26.3458404541, 38.9403114319, 1.79260098934, 20.1094970703, 7.56338262558, 8.18647098541], [-945.110351562, 178.840881348, 295.878112793, 107.428459167, 278.242980957, 63.572429657, 87.6535263062, -7.76040506363, 54.993183136, -7.66918992996, 38.7892227173, 0.165301695466, 49.9014015198], [197.406707764, -158.192367554, 270.028259277, 62.0261878967, 63.572429657, 228.349639893, 83.9080810547, 59.8422012329, 14.295633316, 19.2220344543, -41.9973335266, 31.7890415192, -16.1154594421], [-888.719238281, 123.449630737, 234.984527588, 9.42506694794, 87.6535263062, 83.9080810547, 169.454452515, 57.1360015869, 40.4704475403, -9.18538761139, 15.4057064056, -13.1767292023, 31.9786128998], [128.821151733, -60.0137519836, 96.9427871704, -26.3458404541, -7.76040506363, 59.8422012329, 57.1360015869, 124.197891235, 28.6774253845, 31.104511261, -29.0477027893, 8.87616443634, -20.2175922394], [-298.977020264, 71.1473999023, 40.7199707031, 38.9403114319, 54.993183136, 14.295633316, 40.4704475403, 28.6774253845, 118.568893433, 20.89453125, 19.7043571472, -12.4932403564, 15.9274129868], [251.409454346, -81.3854598999, 56.4615707397, 1.79260098934, -7.66918992996, 19.2220344543, -9.18538761139, 31.104511261, 20.89453125, 83.7697372437, 13.2204027176, 18.5260601044, -23.0284881592], [-435.28137207, 145.525238037, 7.35552549362, 20.1094970703, 38.7892227173, -41.9973335266, 15.4057064056, -29.0477027893, 19.7043571472, 13.2204027176, 103.871604919, 12.8204402924, 30.3745937347], [295.434692383, -118.576042175, 37.0497779846, 7.56338262558, 0.165301695466, 31.7890415192, -13.1767292023, 8.87616443634, -12.4932403564, 18.5260601044, 12.8204402924, 87.5439376831, 13.1355447769], [-702.857910156, 133.56350708, 81.1736984253, 8.18647098541, 49.9014015198, -16.1154594421, 31.9786128998, -20.2175922394, 15.9274129868, -23.0284881592, 30.3745937347, 13.1355447769, 98.1219940186]]}, "spectral_flux": {"min": 6.41868433404e-11, "max": 0.460814744234, "dvar2": 0.00135757296812, "median": 0.0537434257567, "dmean2": 0.0273056086153, "dmean": 0.0169599261135, "var": 0.00189327087719, "dvar": 0.000583384709898, "mean": 0.0600632503629}, "silence_rate_30dB": {"min": 0, "max": 1, "dvar2": 0.0116505296901, "median": 1, "dmean2": 0.00995106436312, "dmean": 0.00497539620847, "var": 0.00595191679895, "dvar": 0.00494932569563, "mean": 0.994013309479}, "spectral_energyband_middle_high": {"min": 1.10913964443e-21, "max": 0.0860704109073, "dvar2": 2.45101346081e-05, "median": 0.00212211115286, "dmean2": 0.0026879736688, "dmean": 0.00180122687016, "var": 6.49877110845e-05, "dvar": 1.19203114082e-05, "mean": 0.00579484039918}, "barkbands_spread": {"min": 0.0100332330912, "max": 129.316696167, "dvar2": 106.639884949, "median": 18.2112751007, "dmean2": 6.97805976868, "dmean": 4.55022621155, "var": 190.207946777, "dvar": 50.568561554, "mean": 20.1731929779}, "spectral_centroid": {"min": 68.4775390625, "max": 11848.9667969, "dvar2": 121736.40625, "median": 1068.81323242, "dmean2": 272.797851562, "dmean": 180.723419189, "var": 937369.3125, "dvar": 60917.640625, "mean": 1198.04199219}, "pitch_salience": {"min": 0.0121957371011, "max": 0.944822490215, "dvar2": 0.00776175316423, "median": 0.51785326004, "dmean2": 0.0912639200687, "dmean": 0.0561180002987, "var": 0.0148507421836, "dvar": 0.0028891551774, "mean": 0.5074249506}, "erbbands_skewness": {"min": -4.12528944016, "max": 12.8865699768, "dvar2": 0.275766700506, "median": 0.16103617847, "dmean2": 0.498356729746, "dmean": 0.328518331051, "var": 1.50791883469, "dvar": 0.129340723157, "mean": 0.34520599246}, "erbbands_crest": {"min": 2.2717757225, "max": 34.2868766785, "dvar2": 12.2780122757, "median": 8.04956054688, "dmean2": 3.63433766365, "dmean": 2.26977086067, "var": 24.0594711304, "dvar": 5.19321298599, "mean": 9.40753364563}, "melbands": {"min": [3.12894356441e-25, 6.20273736989e-25, 3.33417558966e-25, 5.67033613103e-25, 1.83975024315e-24, 1.02693863338e-24, 1.6678081481e-24, 1.26523172056e-24, 2.20990586799e-24, 2.11910797779e-24, 1.57587015668e-24, 1.66263992588e-24, 1.76683287145e-24, 1.61532049891e-24, 1.37131753788e-24, 3.12821450902e-24, 2.89423875896e-24, 2.34601356199e-24, 3.08783015548e-24, 2.09313887401e-24, 3.08548822467e-24, 3.26647697659e-24, 2.38902620285e-24, 4.59442451962e-24, 3.77248273234e-24, 2.76524875969e-24, 3.55499851393e-24, 4.0393961862e-24, 3.83022064528e-24, 3.921069417e-24, 5.30337539286e-24, 5.28555423615e-24, 5.69436759522e-24, 4.58137676025e-24, 5.10283827329e-24, 4.22466253638e-24, 5.24786009552e-24, 4.47509984137e-24, 5.72935830953e-24, 6.04496380834e-24], "max": [0.0707663819194, 0.0488489642739, 0.0215782895684, 0.0146725056693, 0.0122849829495, 0.0229075383395, 0.00562808848917, 0.00512113096192, 0.00502904877067, 0.00865326728672, 0.00354094128124, 0.00665633333847, 0.0106378020719, 0.00372616015375, 0.00765485595912, 0.0045291618444, 0.00635915854946, 0.00420780945569, 0.00438166828826, 0.00610343320295, 0.00419683009386, 0.00173004285898, 0.000901448307559, 0.000593181932345, 0.0010904117953, 0.000607028487138, 0.0002699768811, 0.000319401471643, 0.000127088307636, 0.000193565530935, 0.000211036982364, 0.000243984148256, 0.000131958833663, 0.000202610259294, 0.000137025606818, 0.000129546009703, 6.79935110384e-05, 7.50229519326e-05, 6.90546294209e-05, 2.50189732469e-05], "dvar2": [2.40428453253e-05, 1.01745017673e-05, 1.86233944532e-06, 6.18996239155e-07, 2.05175879842e-07, 1.92165742874e-07, 7.40030472457e-08, 3.65553702864e-08, 3.06910692416e-08, 4.24489172701e-08, 2.95186506349e-08, 6.05430798828e-08, 4.45928804993e-08, 1.79475545536e-08, 1.98802574403e-08, 2.25998366687e-08, 3.33875149749e-08, 1.40294327267e-08, 1.64902740352e-08, 3.53828824018e-08, 1.45615874914e-08, 4.07338118791e-09, 2.62189825406e-09, 8.66449134662e-10, 1.29373234348e-09, 3.08152725559e-10, 1.20798537839e-10, 1.13948468716e-10, 4.6211170307e-11, 4.82140924407e-11, 3.85724299723e-11, 3.04733807632e-11, 2.07310609651e-11, 2.15798160591e-11, 1.67932924511e-11, 6.00152306324e-12, 3.37037581004e-12, 2.91498335886e-12, 1.51346014714e-12, 6.2201930889e-13], "median": [0.000980411889032, 0.00120950187556, 0.000604793895036, 0.000310029950924, 0.000184456555871, 0.000124397090985, 9.72216294031e-05, 6.60082951072e-05, 4.94707310281e-05, 3.96008836105e-05, 2.6426227123e-05, 1.77943402377e-05, 1.81169034477e-05, 1.56841269927e-05, 1.45853009599e-05, 1.3506054529e-05, 1.22184965221e-05, 9.50687717705e-06, 6.8473873398e-06, 7.75768876338e-06, 6.33101399217e-06, 4.74155285701e-06, 4.19077559854e-06, 3.4996071463e-06, 3.20466619996e-06, 1.9936139779e-06, 1.48606920902e-06, 1.16983574117e-06, 9.43124007335e-07, 6.74556360991e-07, 5.59499426345e-07, 4.73305789228e-07, 4.04866113968e-07, 4.15647292584e-07, 3.63448862117e-07, 2.75701950159e-07, 2.26729312658e-07, 1.93522353698e-07, 1.57641466103e-07, 1.27022119045e-07], "dmean2": [0.00172435119748, 0.00127291621175, 0.000665922183543, 0.000385082588764, 0.000223672046559, 0.000195553220692, 0.000144907127833, 9.80648255791e-05, 7.68138270359e-05, 8.14634840935e-05, 6.79143558955e-05, 7.25254139979e-05, 6.57861382933e-05, 5.21717083757e-05, 5.59484360565e-05, 5.8135807194e-05, 6.33720919723e-05, 4.63751275674e-05, 3.89050364902e-05, 5.98281621933e-05, 3.61145466741e-05, 2.31416179304e-05, 2.01863076654e-05, 1.24062071336e-05, 1.16827523016e-05, 6.51286700304e-06, 4.30328009315e-06, 4.01113129556e-06, 3.03227307086e-06, 2.65496964857e-06, 1.94739823201e-06, 1.74941089881e-06, 1.57657746058e-06, 1.64899313404e-06, 1.52276879817e-06, 8.64312085014e-07, 6.7106429924e-07, 5.99792826961e-07, 4.43582422349e-07, 3.3386402265e-07], "dmean": [0.0010151786264, 0.000758655020036, 0.000411009124946, 0.000240692432271, 0.000147322789417, 0.000124439931824, 9.08007277758e-05, 6.50460933684e-05, 5.45772818441e-05, 5.6421788031e-05, 4.59652619611e-05, 4.87034849357e-05, 4.4288852223e-05, 3.46091546817e-05, 3.66270396626e-05, 3.72943031834e-05, 4.05915125157e-05, 2.90874613711e-05, 2.4572636903e-05, 3.79463635909e-05, 2.3173435693e-05, 1.48805720528e-05, 1.2702256754e-05, 7.74196450948e-06, 7.12265409675e-06, 4.00710086979e-06, 2.66540700977e-06, 2.52604058915e-06, 1.92097786567e-06, 1.68766439401e-06, 1.22495293908e-06, 1.10500843675e-06, 1.00915553958e-06, 1.07364053292e-06, 1.00403156011e-06, 5.62430614082e-07, 4.34331724364e-07, 3.85032336681e-07, 2.89575098122e-07, 2.19341202978e-07], "var": [1.13822106869e-05, 5.03613409819e-06, 1.54139013375e-06, 8.16200042664e-07, 4.47925742719e-07, 4.22072361062e-07, 7.81348816759e-08, 5.68579601179e-08, 5.49340981593e-08, 6.61586483375e-08, 4.096974493e-08, 9.58817167884e-08, 6.67567832124e-08, 2.41390321065e-08, 2.51432616949e-08, 2.66681077221e-08, 3.6363221767e-08, 1.81062222993e-08, 1.57790545074e-08, 5.20736413989e-08, 1.88965820769e-08, 5.20380005753e-09, 3.03523917111e-09, 8.9899876432e-10, 8.6037538205e-10, 2.70268168956e-10, 1.25949708996e-10, 1.19680584887e-10, 5.9800817076e-11, 5.95701821204e-11, 3.65917643408e-11, 3.13716379263e-11, 2.32426786151e-11, 2.83020221842e-11, 2.53445719273e-11, 7.73779304519e-12, 4.41030415313e-12, 4.43445584072e-12, 2.1350202422e-12, 7.96169120215e-13], "dvar": [8.01677833806e-06, 3.61481306754e-06, 7.14043437711e-07, 2.41851012106e-07, 8.65716174303e-08, 8.28099331329e-08, 2.85093548769e-08, 1.71056662168e-08, 1.59060871141e-08, 2.17410107695e-08, 1.39813112199e-08, 2.99027185235e-08, 2.27016894172e-08, 8.70434835321e-09, 9.35642407995e-09, 9.89352511027e-09, 1.44119178813e-08, 5.87766635363e-09, 6.73333433454e-09, 1.60302704444e-08, 6.61660237711e-09, 1.92155602541e-09, 1.08711295521e-09, 3.47010281621e-10, 4.83538986629e-10, 1.17966553193e-10, 4.80419592996e-11, 4.51749505859e-11, 1.9583019234e-11, 2.14206274246e-11, 1.54028300531e-11, 1.27783634368e-11, 8.81082012905e-12, 9.25490847153e-12, 8.02394695826e-12, 2.56543462689e-12, 1.44645536868e-12, 1.24192539933e-12, 6.71339015195e-13, 3.01291598007e-13], "mean": [0.00192469218746, 0.00179927179124, 0.000963104423136, 0.000620397215243, 0.000412807334214, 0.00030455988599, 0.000191345941857, 0.000137680646731, 0.00012139636965, 0.000113523914479, 9.14704432944e-05, 9.52204572968e-05, 8.26135074021e-05, 6.39927748125e-05, 6.58231656416e-05, 6.90508022672e-05, 7.09021187504e-05, 5.24056449649e-05, 4.32356864621e-05, 7.09539672243e-05, 4.36342888861e-05, 2.78327242995e-05, 2.42583992076e-05, 1.48090502989e-05, 1.25388442029e-05, 7.57246471039e-06, 5.33101547262e-06, 5.07142749484e-06, 4.1141706788e-06, 3.43456304108e-06, 2.42021360464e-06, 2.13305361285e-06, 2.03425338441e-06, 2.26423753702e-06, 2.14808142118e-06, 1.12968496069e-06, 8.18472699393e-07, 7.2223542702e-07, 5.21836625467e-07, 3.83847520879e-07]}, "spectral_entropy": {"min": 3.73911833763, "max": 9.82855606079, "dvar2": 0.0792234390974, "median": 7.34819316864, "dmean2": 0.239063188434, "dmean": 0.169484466314, "var": 0.451378017664, "dvar": 0.0432052053511, "mean": 7.26864433289}, "spectral_rolloff": {"min": 21.533203125, "max": 19745.9472656, "dvar2": 1732161.125, "median": 882.861328125, "dmean2": 571.373535156, "dmean": 343.641662598, "var": 3387943.75, "dvar": 806839.6875, "mean": 1301.50756836}, "barkbands": {"min": [1.27698153258e-25, 8.41918605022e-25, 2.36803594536e-25, 4.94660160999e-25, 4.36004290063e-24, 4.82294411323e-24, 5.91495716458e-24, 8.09334370066e-24, 1.67622971158e-23, 8.94170049536e-24, 1.51902850806e-23, 1.45121423811e-23, 2.42060927471e-23, 2.35256939054e-23, 4.97803669155e-23, 6.22289706531e-23, 6.70558275164e-23, 8.59788272734e-23, 1.08846989837e-22, 1.59292435915e-22, 2.04944725268e-22, 2.75986004296e-22, 2.86362440829e-22, 4.60181567299e-22, 7.79926102525e-22, 1.23773977444e-21, 2.03332505624e-21], "max": [0.0351336374879, 0.210883304477, 0.0788287892938, 0.0465961769223, 0.0748985856771, 0.0938450545073, 0.0274051651359, 0.0399517714977, 0.0451439023018, 0.0453564636409, 0.0702104717493, 0.0669382959604, 0.0356981083751, 0.0538637340069, 0.0580938123167, 0.0579848885536, 0.022054458037, 0.0166665557772, 0.0117167467251, 0.00567963905632, 0.00628545694053, 0.0109400562942, 0.0099192885682, 0.00507766613737, 0.00251963059418, 0.00203549303114, 0.000701427750755], "dvar2": [2.17620072362e-06, 0.000259554566583, 2.57141182374e-05, 9.92507193587e-06, 1.08421099867e-05, 4.03325157095e-06, 1.455806796e-06, 1.08722485948e-06, 1.84695670669e-06, 2.54467909144e-06, 2.51889218816e-06, 1.3219594166e-06, 2.05599326364e-06, 3.07042705572e-06, 2.45371961682e-06, 5.05733441969e-06, 1.20841741591e-06, 4.51618035413e-07, 2.77846908148e-07, 7.60982246106e-08, 5.34083746118e-08, 5.64721460705e-08, 3.65736845254e-08, 1.50617989192e-08, 6.10449069072e-09, 1.01547525944e-08, 4.3189174459e-10], "median": [0.000146519916598, 0.00365426857024, 0.00165116111748, 0.000641828519292, 0.00147950998507, 0.000631495495327, 0.000396120507503, 0.000282104709186, 0.000257677893387, 0.000169747669133, 0.00011504811846, 0.000102344580228, 0.000140816904604, 0.000113247842819, 9.95671289274e-05, 0.000102340083686, 9.2657021014e-05, 7.42475167499e-05, 6.96419301676e-05, 4.24347963417e-05, 3.11970870825e-05, 2.39987639361e-05, 2.21604277613e-05, 1.79450253199e-05, 1.28246101667e-05, 1.0025552001e-05, 5.93874631249e-07], "dmean2": [0.000539719767403, 0.00574333639815, 0.00225339620374, 0.00143368821591, 0.00166618626099, 0.000944838742726, 0.000640896614641, 0.000485901226057, 0.000548024370801, 0.000537705142051, 0.000501171976794, 0.00040887115756, 0.000590833369642, 0.000624898821115, 0.00058401277056, 0.00071976572508, 0.00046353993821, 0.000262460263912, 0.000208164841752, 0.000115887269203, 9.63794154814e-05, 7.90580452303e-05, 7.27892766008e-05, 4.57559253846e-05, 3.23817657772e-05, 4.34657740698e-05, 6.06641833656e-06], "dmean": [0.000335584423738, 0.00337722175755, 0.00137169647496, 0.000871387775987, 0.00106307573151, 0.000603833352216, 0.000402639969252, 0.000338822690537, 0.000379309582058, 0.000360253936378, 0.000339885998983, 0.000270019198069, 0.000380623532692, 0.000398809235776, 0.000367693050066, 0.00045591883827, 0.000294747558655, 0.000163548771525, 0.00012744491687, 7.28575323592e-05, 6.18904814473e-05, 5.15288993483e-05, 4.88758996653e-05, 3.05118028336e-05, 2.18773075176e-05, 2.84059242404e-05, 3.64631750926e-06], "var": [2.51138953899e-06, 0.00011071524932, 1.76105677383e-05, 7.86388227425e-06, 1.82611511264e-05, 8.64105822984e-06, 1.58771388215e-06, 1.89198431144e-06, 3.00217607219e-06, 3.77478136215e-06, 3.82495682061e-06, 1.69374243342e-06, 2.41171073867e-06, 3.81318568543e-06, 2.67571840595e-06, 7.02467150404e-06, 1.52986899593e-06, 4.1580932475e-07, 2.28019843007e-07, 8.79704202816e-08, 7.71197932181e-08, 7.95577577151e-08, 6.23697431479e-08, 2.68685429461e-08, 9.2650784822e-09, 6.74658728883e-09, 1.32483954363e-10], "dvar": [9.21136575016e-07, 8.67465569172e-05, 9.46126419876e-06, 3.7789397993e-06, 4.33479681305e-06, 1.70628129581e-06, 5.77813807467e-07, 5.60903231417e-07, 9.46679847402e-07, 1.22982737594e-06, 1.28259955545e-06, 6.76196634686e-07, 8.87934163529e-07, 1.32946775011e-06, 1.0324156392e-06, 2.24682207772e-06, 5.40489963896e-07, 1.78711999865e-07, 1.05017491592e-07, 3.06218552737e-08, 2.39486404041e-08, 2.57230805545e-08, 1.67877729496e-08, 7.08581993081e-09, 3.21430992933e-09, 4.54616433387e-09, 1.61844274094e-10], "mean": [0.000632197479717, 0.00661561824381, 0.00308361765929, 0.00168192689307, 0.00294065708295, 0.00149409286678, 0.000812347687315, 0.000714446709026, 0.000765677017625, 0.000695005292073, 0.000622584775556, 0.000475093576824, 0.000692236411851, 0.000703932193574, 0.000637379358523, 0.000857983832248, 0.00055461761076, 0.000310850417009, 0.000247855146881, 0.000156935711857, 0.000139308962389, 0.000112723413622, 0.000113055000838, 6.26364781056e-05, 3.87205145671e-05, 3.52694441972e-05, 3.45845796801e-06]}, "melbands_flatness_db": {"min": 0.00349932094105, "max": 0.926958441734, "dvar2": 0.00135592638981, "median": 0.211218580604, "dmean2": 0.0331748574972, "dmean": 0.0226796232164, "var": 0.0161458682269, "dvar": 0.000652358925436, "mean": 0.240248501301}, "melbands_skewness": {"min": -2.37463450432, "max": 29.2542629242, "dvar2": 2.65351223946, "median": 2.39783716202, "dmean2": 1.09894609451, "dmean": 0.715143203735, "var": 5.46973991394, "dvar": 1.18461382389, "mean": 2.89182567596}, "barkbands_skewness": {"min": -4.37293863297, "max": 90.2933120728, "dvar2": 3.66519927979, "median": 1.51524507999, "dmean2": 0.959535121918, "dmean": 0.61254131794, "var": 20.2255687714, "dvar": 1.23865556717, "mean": 2.21198010445}, "silence_rate_60dB": {"min": 0, "max": 1, "dvar2": 0.0373129248619, "median": 0, "dmean2": 0.0329150594771, "dmean": 0.0164570808411, "var": 0.138047680259, "dvar": 0.0161839891225, "mean": 0.165441080928}, "spectral_energyband_low": {"min": 6.56327461092e-24, "max": 0.248352989554, "dvar2": 0.000383979437174, "median": 0.0078859841451, "dmean2": 0.00771267106757, "dmean": 0.0046016825363, "var": 0.000213262988837, "dvar": 0.000132403452881, "mean": 0.0112616401166}, "spectral_energyband_middle_low": {"min": 1.48845771829e-22, "max": 0.0998396575451, "dvar2": 3.24923385051e-05, "median": 0.006741640158, "dmean2": 0.00352566177025, "dmean": 0.00228329980746, "var": 7.12282926543e-05, "dvar": 1.37096694743e-05, "mean": 0.00858591217548}, "melbands_kurtosis": {"min": -1.85137689114, "max": 1389.21813965, "dvar2": 3450.57910156, "median": 7.46460533142, "dmean2": 16.9226989746, "dmean": 10.8009214401, "var": 3531.06225586, "dvar": 1418.42810059, "mean": 22.0636558533}, "spectral_decrease": {"min": -7.23518240875e-08, "max": 2.70575896039e-28, "dvar2": 2.97498220457e-17, "median": -5.58463053579e-09, "dmean2": 2.67888466965e-09, "dmean": 1.66174007887e-09, "var": 2.95871884111e-17, "dvar": 1.07105091064e-17, "mean": -6.25146068245e-09}, "erbbands_kurtosis": {"min": -1.86668086052, "max": 247.202377319, "dvar2": 10.5675001144, "median": 0.151741743088, "dmean2": 1.64943945408, "dmean": 1.06839132309, "var": 250.079681396, "dvar": 4.72139167786, "mean": 2.36855983734}, "melbands_crest": {"min": 1.59096992016, "max": 37.380695343, "dvar2": 18.6497745514, "median": 13.4133749008, "dmean2": 4.06214809418, "dmean": 2.49846625328, "var": 36.0960617065, "dvar": 6.80878973007, "mean": 14.5721921921}, "melbands_spread": {"min": 0.142735749483, "max": 281.10836792, "dvar2": 156.719512939, "median": 17.0556964874, "dmean2": 7.95214033127, "dmean": 5.17878007889, "var": 387.131378174, "dvar": 73.0330581665, "mean": 21.8395957947}, "spectral_energy": {"min": 9.9893828518e-21, "max": 0.275527656078, "dvar2": 0.000438111339463, "median": 0.0222756806761, "dmean2": 0.0105256661773, "dmean": 0.00656508840621, "var": 0.000475681765238, "dvar": 0.000159449060448, "mean": 0.0252003148198}, "mfcc": {"mean": [-686.921875, 129.270523071, 9.1238079071, 24.5056838989, 13.2826147079, 9.43291568756, 1.45893275738, 5.32024240494, -0.160787373781, 2.60755872726, -0.332578271627, 0.85735887289, -0.035663921386], "icov": [[0.000110134547867, -5.96449763179e-06, 0.000125990467495, -1.94355561689e-06, 0.000129668507725, -0.000345795735484, 0.000471543258755, -0.000272217846941, 0.000325742905261, -0.000205800752155, 8.59007268446e-05, -0.000239101515035, 0.000168826169102], [-5.96449763179e-06, 0.000903247972019, 5.59528889426e-05, 0.000158851922606, -0.000386652391171, 0.000999197014607, -0.000950525747612, 0.000442771503003, -0.00026544436696, 5.88388211327e-05, -7.09221931174e-05, -1.31997685457e-05, -0.000222801507334], [0.000125990467495, 5.59528889426e-05, 0.00128350907471, -0.000272029923508, -0.000685111852363, -0.000341358303558, -0.000692014233209, 0.000313135096803, -0.000962916761637, 0.000319637329085, -5.46142764506e-05, -0.000510488403961, 0.00047468880075], [-1.94355561689e-06, 0.000158851922606, -0.000272029923508, 0.00518170883879, -0.00297993863933, -0.000308143557049, 0.000121913457406, -0.000152985478053, 0.00133561680559, -0.000724561046809, -6.24000404059e-06, -0.000180759743671, -5.89226010561e-06], [0.000129668507725, -0.000386652391171, -0.000685111852363, -0.00297993863933, 0.0101327393204, -0.00479713687673, 0.000614963180851, 7.99351037131e-05, 0.000574101926759, -0.000925374333747, 0.00053430913249, 0.000199792615604, -0.00115953653585], [-0.000345795735484, 0.000999197014607, -0.000341358303558, -0.000308143557049, -0.00479713687673, 0.0122652398422, -0.00438048271462, -0.00129222974647, -0.00159416999668, 0.000765926321037, -0.000179950569873, -0.000157907415996, -0.000720768177416], [0.000471543258755, -0.000950525747612, -0.000692014233209, 0.000121913457406, 0.000614963180851, -0.00438048271462, 0.0134319821373, -0.00567787559703, 0.00222512078471, -0.000567347218748, -0.000512543716468, -0.000461793155409, 0.00155064871069], [-0.000272217846941, 0.000442771503003, 0.000313135096803, -0.000152985478053, 7.99351037131e-05, -0.00129222974647, -0.00567787559703, 0.0174354743212, -0.00991789996624, 0.00354651524685, -0.00251398049295, 0.00177826138679, -0.00260641239583], [0.000325742905261, -0.00026544436696, -0.000962916761637, 0.00133561680559, 0.000574101926759, -0.00159416999668, 0.00222512078471, -0.00991789996624, 0.0191295482218, -0.0109894312918, 0.00533279031515, -0.00310755171813, 0.00141898437869], [-0.000205800752155, 5.88388211327e-05, 0.000319637329085, -0.000724561046809, -0.000925374333747, 0.000765926321037, -0.000567347218748, 0.00354651524685, -0.0109894312918, 0.0237097255886, -0.013736044988, 0.00676611810923, -0.00108901783824], [8.59007268446e-05, -7.09221931174e-05, -5.46142764506e-05, -6.24000404059e-06, 0.00053430913249, -0.000179950569873, -0.000512543716468, -0.00251398049295, 0.00533279031515, -0.013736044988, 0.0245390385389, -0.0142471026629, 0.00632008770481], [-0.000239101515035, -1.31997685457e-05, -0.000510488403961, -0.000180759743671, 0.000199792615604, -0.000157907415996, -0.000461793155409, 0.00177826138679, -0.00310755171813, 0.00676611810923, -0.0142471026629, 0.0246009919792, -0.011147887446], [0.000168826169102, -0.000222801507334, 0.00047468880075, -5.89226010561e-06, -0.00115953653585, -0.000720768177416, 0.00155064871069, -0.00260641239583, 0.00141898437869, -0.00108901783824, 0.00632008770481, -0.011147887446, 0.0167693756521]], "cov": [[16238.90625, -623.218200684, -2488.44360352, -256.236877441, -449.56161499, -72.2523269653, -738.480957031, -154.779083252, -389.165008545, -24.6822128296, 30.7368164062, 67.9169616699, -26.4841556549], [-623.218200684, 1316.39916992, -3.96955227852, -58.2471961975, -14.6829805374, -110.423248291, 67.3846588135, -28.0584430695, 0.673389136791, 0.399355143309, 3.43144488335, 2.29627346992, 7.70490694046], [-2488.44360352, -3.96955227852, 1480.88903809, 201.164810181, 260.562591553, 194.374481201, 237.053146362, 112.132278442, 161.635620117, 40.2302017212, 28.7932949066, 31.3011112213, 3.92260122299], [-256.236877441, -58.2471961975, 201.164810181, 288.824523926, 136.534301758, 80.3704528809, 38.722568512, 16.8902111053, 4.4113650322, 10.0153570175, 9.65378761292, 11.8103046417, 12.642701149], [-449.56161499, -14.6829805374, 260.562591553, 136.534301758, 212.395523071, 113.273513794, 62.8245506287, 35.7928733826, 31.6887435913, 12.8815135956, 5.75675153732, 12.8706378937, 20.8535385132], [-72.2523269653, -110.423248291, 194.374481201, 80.3704528809, 113.273513794, 179.981826782, 75.6933746338, 61.300983429, 44.833366394, 13.5680646896, 10.2352561951, 16.1195545197, 15.8290224075], [-738.480957031, 67.3846588135, 237.053146362, 38.722568512, 62.8245506287, 75.6933746338, 160.053710938, 66.1636657715, 47.8364677429, 13.4051618576, 13.4621219635, 6.88249349594, 1.03881013393], [-154.779083252, -28.0584430695, 112.132278442, 16.8902111053, 35.7928733826, 61.300983429, 66.1636657715, 120.536865234, 74.1708450317, 19.3452968597, 11.3176355362, 10.1506299973, 13.206199646], [-389.165008545, 0.673389136791, 161.635620117, 4.4113650322, 31.6887435913, 44.833366394, 47.8364677429, 74.1708450317, 128.17477417, 49.645904541, 12.9237213135, 6.18799448013, 2.19703507423], [-24.6822128296, 0.399355143309, 40.2302017212, 10.0153570175, 12.8815135956, 13.5680646896, 13.4051618576, 19.3452968597, 49.645904541, 86.6910018921, 44.3619613647, 2.52492523193, -11.2522554398], [30.7368164062, 3.43144488335, 28.7932949066, 9.65378761292, 5.75675153732, 10.2352561951, 13.4621219635, 11.3176355362, 12.9237213135, 44.3619613647, 87.6998596191, 38.0689506531, -5.68117809296], [67.9169616699, 2.29627346992, 31.3011112213, 11.8103046417, 12.8706378937, 16.1195545197, 6.88249349594, 10.1506299973, 6.18799448013, 2.52492523193, 38.0689506531, 82.0862045288, 40.850730896], [-26.4841556549, 7.70490694046, 3.92260122299, 12.642701149, 20.8535385132, 15.8290224075, 1.03881013393, 13.206199646, 2.19703507423, -11.2522554398, -5.68117809296, 40.850730896, 92.354850769]]}, "spectral_contrast_valleys": {"min": [-28.2406578064, -28.231710434, -27.9129257202, -27.9206047058, -27.603685379, -27.4601745605], "max": [-4.75221538544, -5.02222156525, -5.35722303391, -5.44648885727, -5.63458299637, -7.52471446991], "dvar2": [0.245644032955, 0.18271869421, 0.16305591166, 0.149292230606, 0.143937811255, 0.217155247927], "median": [-6.91663837433, -6.80109071732, -7.64309453964, -8.08219337463, -8.0699596405, -10.3496456146], "dmean2": [0.555536329746, 0.513530194759, 0.471404463053, 0.427948623896, 0.362128078938, 0.420613378286], "dmean": [0.334638267756, 0.310962855816, 0.291085630655, 0.2715754807, 0.237453997135, 0.325343936682], "var": [3.46677994728, 3.98566269875, 3.68597865105, 3.97971630096, 4.02783632278, 3.43204116821], "dvar": [0.100160107017, 0.0732568725944, 0.0698195770383, 0.0675681307912, 0.0728277787566, 0.128969684243], "mean": [-7.3307352066, -7.32344341278, -8.11723232269, -8.61315536499, -8.59900283813, -10.7912969589]}, "barkbands_flatness_db": {"min": 0.0227476023138, "max": 0.77997225523, "dvar2": 0.00086615170585, "median": 0.130743801594, "dmean2": 0.0276042465121, "dmean": 0.0189519766718, "var": 0.0106801819056, "dvar": 0.000414070382249, "mean": 0.156790137291}, "dynamic_complexity": 5.02886676788, "spectral_skewness": {"min": -0.0922249928117, "max": 17.746799469, "dvar2": 0.245949104428, "median": 1.72257208824, "dmean2": 0.378115981817, "dmean": 0.247396335006, "var": 1.77521443367, "dvar": 0.10699018836, "mean": 1.94701552391}, "erbbands_flatness_db": {"min": 0.0245794728398, "max": 0.482546418905, "dvar2": 0.00049543712521, "median": 0.144181832671, "dmean2": 0.0233059134334, "dmean": 0.0166329182684, "var": 0.00328338425606, "dvar": 0.000269692973234, "mean": 0.1533112