{"lowlevel": {"spectral_complexity": {"min": 0, "max": 52, "dvar2": 11.1286058426, "median": 11, "dmean2": 3.00772047043, "dmean": 1.85942578316, "var": 81.9404525757, "dvar": 4.86119747162, "mean": 13.1559915543}, "silence_rate_20dB": {"min": 1, "max": 1, "dvar2": 0, "median": 1, "dmean2": 0, "dmean": 0, "var": 0, "dvar": 0, "mean": 1}, "average_loudness": 0.593946516514, "erbbands_spread": {"min": 0.869872331619, "max": 149.728149414, "dvar2": 132.51133728, "median": 15.7724351883, "dmean2": 7.63297700882, "dmean": 4.81652402878, "var": 136.077880859, "dvar": 54.1421737671, "mean": 18.2226390839}, "spectral_kurtosis": {"min": -1.27703499794, "max": 222.204299927, "dvar2": 244.739868164, "median": 12.1074438095, "dmean2": 12.1107330322, "dmean": 7.69218587875, "var": 525.736694336, "dvar": 108.108192444, "mean": 19.7394447327}, "barkbands_kurtosis": {"min": -1.90971124172, "max": 176.333190918, "dvar2": 117.751014709, "median": 1.96282064915, "dmean2": 5.68697309494, "dmean": 3.61117815971, "var": 139.823104858, "dvar": 50.7509803772, "mean": 5.73440694809}, "spectral_strongpeak": {"min": 0, "max": 12.0284872055, "dvar2": 1.98389565945, "median": 0.852592349052, "dmean2": 0.967412531376, "dmean": 0.583559155464, "var": 2.09168171883, "dvar": 0.796672165394, "mean": 1.35107052326}, "spectral_spread": {"min": 434461.21875, "max": 43600524, "dvar2": 1770272849920.0, "median": 2624783.25, "dmean2": 889314.4375, "dmean": 576398.1875, "var": 25580214943700.0, "dvar": 845072433152, "mean": 3539351.75}, "spectral_rms": {"min": 3.11214465656e-12, "max": 0.0122548555955, "dvar2": 7.80252094046e-07, "median": 0.00397066911682, "dmean2": 0.000827366951853, "dmean": 0.000585085770581, "var": 3.66097674487e-06, "dvar": 3.85296573313e-07, "mean": 0.00399735290557}, "erbbands": {"min": [6.83763554282e-23, 5.28405842966e-22, 1.79409113488e-21, 3.73218682115e-21, 6.40625009962e-21, 2.19672351948e-20, 4.33070538949e-20, 3.69197299947e-20, 9.94681972409e-20, 1.03311439925e-19, 2.13558996082e-19, 2.77388659469e-19, 3.48440914997e-19, 7.47162313721e-19, 1.14234407736e-18, 1.17019193986e-18, 1.32202538739e-18, 2.43783878397e-18, 2.15864237297e-18, 3.0752769853e-18, 3.39323135749e-18, 3.95907418168e-18, 4.95260701927e-18, 6.75117684442e-18, 6.72278014758e-18, 6.80652143125e-18, 8.04309151334e-18, 9.19607871684e-18, 1.13651439791e-17, 1.07573043681e-17, 1.14696714844e-17, 9.78993980274e-18, 9.351153575e-18, 8.00336864596e-18, 6.17528418938e-18, 3.94264926984e-18, 2.43239986465e-18, 8.85479578343e-19, 2.40092610763e-19, 2.15109109932e-20], "max": [0.256491929293, 8.22746562958, 40.3127479553, 50.4813766479, 101.148696899, 231.063247681, 381.096069336, 456.81427002, 1854.96203613, 1500.03759766, 647.234985352, 903.324523926, 980.271179199, 761.13079834, 1326.92724609, 1426.50598145, 1712.10742188, 684.00390625, 1169.81970215, 883.671569824, 711.753112793, 488.530853271, 735.697021484, 287.022705078, 164.864547729, 172.191116333, 96.8035507202, 61.4005851746, 84.3847122192, 46.6284675598, 55.7264213562, 77.9620895386, 31.7815322876, 9.63625144958, 14.4592370987, 2.74800157547, 0.564556658268, 0.0815922915936, 0.0145425237715, 0.000461095856735], "dvar2": [0.000267500523478, 0.210592970252, 6.21514606476, 15.6498470306, 97.9223632813, 384.896789551, 619.861999512, 1255.5637207, 2687.89331055, 4254.50195313, 1455.98657227, 1771.02758789, 3564.83203125, 5238.95703125, 8487.69042969, 5883.64453125, 18773.2792969, 3149.00341797, 4394.04931641, 2034.08935547, 1113.90881348, 725.446594238, 1142.78845215, 365.283782959, 138.859619141, 119.502304077, 48.0036849976, 25.982793808, 23.4089736938, 9.57347583771, 7.31222295761, 7.70382499695, 3.43864870071, 0.336212337017, 0.191668853164, 0.0139525476843, 0.00121630879585, 5.09086166858e-05, 1.18084039968e-06, 9.72209535099e-10], "median": [0.00106546317693, 0.0241764709353, 0.20086145401, 0.863776445389, 2.18696832657, 2.61406970024, 5.21370697021, 10.5491142273, 15.1265392303, 15.3676366806, 12.0691127777, 12.5290603638, 11.6094121933, 9.45393657684, 7.44463634491, 7.75263118744, 5.4922451973, 5.13425111771, 3.05815958977, 2.30871200562, 1.20585846901, 1.70973956585, 0.725815713406, 0.458201676607, 0.292995154858, 0.193474665284, 0.199126720428, 0.10214689374, 0.0797429159284, 0.0523454509676, 0.0654855370522, 0.0261994805187, 0.0302535947412, 0.00845997501165, 0.00292452168651, 0.00140161812305, 0.000444169010734, 5.54799771635e-05, 1.25142851175e-05, 1.97029694391e-05], "dmean2": [0.00700010033324, 0.194707944989, 1.00689721107, 2.0202960968, 5.06967020035, 8.88667106628, 12.3884916306, 17.6795215607, 24.9562454224, 29.2100353241, 18.3292999268, 21.8324108124, 27.4927520752, 29.3055744171, 31.5488185883, 23.6926345825, 41.4850578308, 20.9207954407, 24.0733203888, 16.2586231232, 10.0710020065, 10.2541837692, 9.09059619904, 6.39421272278, 4.16091823578, 3.66537570953, 2.38034510612, 1.68318533897, 1.49109506607, 1.08565664291, 0.921486496925, 0.786883115768, 0.541038691998, 0.200210824609, 0.0967970564961, 0.0362201482058, 0.0113553395495, 0.00207295501605, 0.00028133802698, 1.44524929055e-05], "dmean": [0.00518100010231, 0.157206490636, 0.781574308872, 1.27796769142, 3.07447314262, 5.63029289246, 8.07025909424, 11.8049879074, 17.0401878357, 20.6585769653, 12.6823587418, 14.541015625, 18.6391334534, 18.5600910187, 20.4070968628, 15.3222103119, 26.3457565308, 13.2060852051, 14.9497613907, 10.2888050079, 6.47321128845, 6.5697851181, 5.74248600006, 3.99614429474, 2.60258245468, 2.30896115303, 1.49693346024, 1.03120470047, 0.903136670589, 0.652777850628, 0.574606895447, 0.483238428831, 0.341699033976, 0.125000327826, 0.0594552606344, 0.022833224386, 0.00693357922137, 0.00127257301938, 0.000171377469087, 9.75428611127e-06], "var": [0.000475425942568, 0.604872643948, 14.3996944427, 16.109577179, 85.2263946533, 467.090148926, 761.97442627, 1354.28625488, 6364.81005859, 10496.8720703, 2382.50732422, 2530.4206543, 4454.12695313, 3792.72167969, 9616.17773438, 5257.76074219, 18091.0039063, 2578.21606445, 4857.22753906, 2194.27319336, 1421.52294922, 1232.11328125, 1293.78955078, 488.207641602, 191.185546875, 185.821762085, 66.0999145508, 30.787109375, 22.272808075, 11.4586687088, 10.1848516464, 9.70296478271, 3.49575805664, 0.519160032272, 0.112966291606, 0.0123276347294, 0.00084500410594, 3.69518675143e-05, 9.03472141545e-07, 1.46380429999e-09], "dvar": [0.000148789025843, 0.166000559926, 4.38869524002, 6.16466665268, 35.9314346313, 164.186843872, 291.453796387, 548.686767578, 1283.24133301, 2251.95996094, 708.368347168, 825.608642578, 1640.56176758, 2079.55859375, 3531.93041992, 2513.50439453, 7273.21728516, 1269.64489746, 1769.73522949, 852.766967773, 456.765899658, 308.093811035, 460.578216553, 147.769668579, 54.1909713745, 47.304649353, 18.8168201447, 9.34011363983, 8.17646884918, 3.69894790649, 3.00465703011, 3.14869093895, 1.3931312561, 0.136160105467, 0.0740326717496, 0.00564962951466, 0.000471941049909, 1.97721965378e-05, 4.67411013005e-07, 4.08913208849e-10], "mean": [0.0102608576417, 0.295636683702, 1.38346147537, 2.5530424118, 5.75404167175, 10.4286518097, 14.9101324081, 22.8351993561, 38.0097236633, 42.5400505066, 27.1870002747, 29.2043819427, 36.8515396118, 32.6650123596, 38.5928344727, 30.4608631134, 49.0191345215, 25.3774223328, 27.8368206024, 20.6748332977, 13.9430704117, 14.9238605499, 12.4524564743, 8.66789913177, 5.83289766312, 5.24395608902, 3.26925253868, 2.14752006531, 1.73454773426, 1.28217566013, 1.15204274654, 0.95035392046, 0.644443750381, 0.255524158478, 0.0985145941377, 0.0349996089935, 0.00992398243397, 0.00200037844479, 0.000276568083791, 3.03837150568e-05]}, "zerocrossingrate": {"min": 0.00439453125, "max": 0.53271484375, "dvar2": 0.000112253444968, "median": 0.0322265625, "dmean2": 0.00668157637119, "dmean": 0.00524055911228, "var": 0.00439844699576, "dvar": 6.04714150541e-05, "mean": 0.048553802073}, "spectral_contrast_coeffs": {"min": [-0.980571448803, -0.977078974247, -0.976838469505, -0.971510708332, -0.967904210091, -0.96561139822], "max": [-0.27217400074, -0.346138983965, -0.368475794792, -0.485067546368, -0.565533459187, -0.603234410286], "dvar2": [0.0040113562718, 0.00383352767676, 0.00274829776026, 0.00160384178162, 0.000697553681675, 0.00041457611951], "median": [-0.567280828953, -0.702262759209, -0.736189007759, -0.766433894634, -0.8032143116, -0.797687709332], "dmean2": [0.0748992338777, 0.0740492120385, 0.0604538992047, 0.0462751574814, 0.0302924476564, 0.0234025325626], "dmean": [0.0455857515335, 0.0471084788442, 0.0375159010291, 0.0286273956299, 0.0191567707807, 0.0142221963033], "var": [0.0115916216746, 0.00869278423488, 0.0064507802017, 0.00778410909697, 0.00535544892773, 0.0030874919612], "dvar": [0.00152807810809, 0.00155407260172, 0.00109748763498, 0.000649531546514, 0.000293789838906, 0.000160521740327], "mean": [-0.572336196899, -0.696197867393, -0.738220274448, -0.76018935442, -0.790578126907, -0.789729654789]}, "dissonance": {"min": 0.057603571564, "max": 0.499993085861, "dvar2": 0.00349223683588, "median": 0.433630138636, "dmean2": 0.0588349476457, "dmean": 0.0358702540398, "var": 0.00535653391853, "dvar": 0.00136277510319, "mean": 0.413086026907}, "spectral_energyband_high": {"min": 6.98189712402e-21, "max": 0.00600066641346, "dvar2": 1.6048336704e-07, "median": 1.64676948771e-05, "dmean2": 0.000153560336912, "dmean": 0.00010000923794, "var": 4.56729168263e-07, "dvar": 6.77497666857e-08, "mean": 0.000276290404145}, "gfcc": {"mean": [-105.545150757, 126.65537262, -118.650215149, -7.31777238846, -68.6290817261, -5.43214511871, -43.0516738892, -4.3336558342, -20.8386077881, -5.19863414764, -12.5706424713, -4.8062286377, -11.0947265625], "icov": [[0.000153349843458, -0.000334977463353, 0.000380403682357, -0.000407481886214, 0.000541104236618, -0.000455623812741, 0.000309459283017, -0.000390447210521, 0.000376832555048, -0.000373252725694, 0.000376213953132, -0.000374507391825, 0.000189876649529], [-0.000334977463353, 0.00137466727756, -0.00105939246714, 0.00123935588636, -0.00131724402308, 0.00106788985431, -0.000504181836732, 0.00121090840548, -0.00129107153043, 0.00170073867775, -0.00136376591399, 0.00145985744894, -0.000511707970873], [0.000380403682357, -0.00105939246714, 0.00140575144906, -0.00133010558784, 0.00121718854643, -0.00122603564523, 0.000865811191034, -0.000830088800285, 0.000828153453767, -0.00100646761712, 0.00184730370529, -0.00169896287844, 0.000662754348014], [-0.000407481886214, 0.00123935588636, -0.00133010558784, 0.00348167656921, -0.00185723707546, 0.000133708206704, 0.00026513330522, 0.000410196837038, -0.00257460470311, 0.00154233910143, -0.00129460578319, 0.00149161461741, 2.44832190219e-05], [0.000541104236618, -0.00131724402308, 0.00121718854643, -0.00185723707546, 0.00578930601478, -0.00163299473934, -0.00128588627558, -0.000860961445142, 0.000936964992434, -0.00222342740744, 0.00120535562746, -0.00223783333786, 0.000799228146207], [-0.000455623812741, 0.00106788985431, -0.00122603564523, 0.000133708206704, -0.00163299473934, 0.00583236664534, -0.00271054427139, -0.00057469366584, 0.00166010670364, -0.000730589730665, -0.00078889366705, 0.00116228719708, -0.0011825892143], [0.000309459283017, -0.000504181836732, 0.000865811191034, 0.00026513330522, -0.00128588627558, -0.00271054427139, 0.00972217600793, -0.00289847888052, -0.00140698184259, 0.00109580298886, -0.00225218525156, 0.00150324299466, -0.00113233341835], [-0.000390447210521, 0.00121090840548, -0.000830088800285, 0.000410196837038, -0.000860961445142, -0.00057469366584, -0.00289847888052, 0.0123544530943, -0.00528089795262, 2.8816075428e-05, 0.0029452459421, -0.00329666677862, 0.000833840633277], [0.000376832555048, -0.00129107153043, 0.000828153453767, -0.00257460470311, 0.000936964992434, 0.00166010670364, -0.00140698184259, -0.00528089795262, 0.0145764239132, -0.00401865830645, -0.00244750315323, 0.00230403011665, -0.00165331794415], [-0.000373252725694, 0.00170073867775, -0.00100646761712, 0.00154233910143, -0.00222342740744, -0.000730589730665, 0.00109580298886, 2.8816075428e-05, -0.00401865830645, 0.0153042897582, -0.00460623763502, 0.00104721926618, 0.00312887295149], [0.000376213953132, -0.00136376591399, 0.00184730370529, -0.00129460578319, 0.00120535562746, -0.00078889366705, -0.00225218525156, 0.0029452459421, -0.00244750315323, -0.00460623763502, 0.0163141731173, -0.0059827757068, 0.000521855079569], [-0.000374507391825, 0.00145985744894, -0.00169896287844, 0.00149161461741, -0.00223783333786, 0.00116228719708, 0.00150324299466, -0.00329666677862, 0.00230403011665, 0.00104721926618, -0.0059827757068, 0.0175478439778, -0.00613392703235], [0.000189876649529, -0.000511707970873, 0.000662754348014, 2.44832190219e-05, 0.000799228146207, -0.0011825892143, -0.00113233341835, 0.000833840633277, -0.00165331794415, 0.00312887295149, 0.000521855079569, -0.00613392703235, 0.014457478188]], "cov": [[31773.3925781, 398.941864014, -4672.05761719, 710.432312012, -1345.63293457, 888.614990234, -532.712402344, 334.263000488, -330.741119385, 155.949157715, -130.432998657, -70.4058914185, -200.865570068], [398.941864014, 2593.83154297, 819.189819336, -363.560272217, 22.4609622955, -298.690216064, -36.0434265137, -211.479934692, 32.5499725342, -182.718261719, 25.2307090759, -81.4416427612, 41.1313781738], [-4672.05761719, 819.189819336, 3477.71435547, 464.672546387, 115.071472168, 133.271896362, -119.824172974, 45.1560592651, -1.69754076004, -50.0328674316, -190.330657959, 83.7822875977, -24.2548122406], [710.432312012, -363.560272217, 464.672546387, 706.048034668, 82.5262069702, 208.948638916, -7.13390445709, 121.178787231, 64.9328155518, 53.5798110962, -30.4277191162, 15.7203922272, -36.1157836914], [-1345.63293457, 22.4609622955, 115.071472168, 82.5262069702, 356.239532471, 63.1517219543, 116.637039185, 32.6038360596, 50.7260894775, 30.8633823395, 36.2314186096, 18.8173713684, 11.5774126053], [888.614990234, -298.690216064, 133.271896362, 208.948638916, 63.1517219543, 380.534301758, 66.2641067505, 101.095405579, -16.918132782, 54.3880233765, -16.3712654114, 27.3952713013, -3.20202493668], [-532.712402344, -36.0434265137, -119.824172974, -7.13390445709, 116.637039185, 66.2641067505, 195.339080811, 44.5478858948, 49.8102073669, 11.7836608887, 45.6419487, -0.456126779318, 24.232963562], [334.263000488, -211.479934692, 45.1560592651, 121.178787231, 32.6038360596, 101.095405579, 44.5478858948, 157.477035522, 41.1875801086, 33.6639099121, -14.4182567596, 28.5752124786, -3.20814061165], [-330.741119385, 32.5499725342, -1.69754076004, 64.9328155518, 50.7260894775, -16.918132782, 49.8102073669, 41.1875801086, 125.122703552, 26.8094749451, 33.4875907898, -8.77210235596, 6.37742090225], [155.949157715, -182.718261719, -50.0328674316, 53.5798110962, 30.8633823395, 54.3880233765, 11.7836608887, 33.6639099121, 26.8094749451, 105.359207153, 23.2168540955, 4.80369710922, -23.1242675781], [-130.432998657, 25.2307090759, -190.330657959, -30.4277191162, 36.2314186096, -16.3712654114, 45.6419487, -14.4182567596, 33.4875907898, 23.2168540955, 107.181434631, 13.741071701, 13.2130765915], [-70.4058914185, -81.4416427612, 83.7822875977, 15.7203922272, 18.8173713684, 27.3952713013, -0.456126779318, 28.5752124786, -8.77210235596, 4.80369710922, 13.741071701, 90.9779510498, 29.7523860931], [-200.865570068, 41.1313781738, -24.2548122406, -36.1157836914, 11.5774126053, -3.20202493668, 24.232963562, -3.20814061165, 6.37742090225, -23.1242675781, 13.2130765915, 29.7523860931, 93.4963760376]]}, "spectral_flux": {"min": 6.3448808707e-11, "max": 0.219891279936, "dvar2": 0.000985906342976, "median": 0.0513931326568, "dmean2": 0.0277388039976, "dmean": 0.0166153907776, "var": 0.00122620968614, "dvar": 0.000363736471627, "mean": 0.0569589361548}, "silence_rate_30dB": {"min": 0, "max": 1, "dvar2": 0.00486204726622, "median": 1, "dmean2": 0.00379249616526, "dmean": 0.00189599138685, "var": 0.00189225806389, "dvar": 0.00189250917174, "mean": 0.998104274273}, "spectral_energyband_middle_high": {"min": 1.10760463471e-21, "max": 0.0590444095433, "dvar2": 2.60779524979e-05, "median": 0.001978777349, "dmean2": 0.00279861246236, "dmean": 0.00178836879786, "var": 5.99193554081e-05, "dvar": 1.06107700049e-05, "mean": 0.00538914790377}, "barkbands_spread": {"min": 0.279072076082, "max": 93.478843689, "dvar2": 32.8681716919, "median": 7.92645311356, "dmean2": 3.89829850197, "dmean": 2.48210716248, "var": 72.9388427734, "dvar": 12.962351799, "mean": 10.2126159668}, "spectral_centroid": {"min": 155.701705933, "max": 11692.4492188, "dvar2": 86734.4296875, "median": 626.372131348, "dmean2": 190.380722046, "dmean": 120.619247437, "var": 2039550.375, "dvar": 40151.0234375, "mean": 1026.30578613}, "pitch_salience": {"min": 0.119936056435, "max": 0.897261440754, "dvar2": 0.00768834818155, "median": 0.565596282482, "dmean2": 0.0997017100453, "dmean": 0.0625109300017, "var": 0.0117099145427, "dvar": 0.0030640270561, "mean": 0.562911808491}, "erbbands_skewness": {"min": -3.28263258934, "max": 7.63827943802, "dvar2": 0.586060166359, "median": 0.562917530537, "dmean2": 0.698330402374, "dmean": 0.450299650431, "var": 1.03601551056, "dvar": 0.246431127191, "mean": 0.702884972095}, "erbbands_crest": {"min": 2.07316565514, "max": 30.1715946198, "dvar2": 19.0729923248, "median": 10.9757757187, "dmean2": 4.707239151, "dmean": 2.95344567299, "var": 26.5925693512, "dvar": 7.83062744141, "mean": 11.952911377}, "melbands": {"min": [1.23655731691e-24, 1.15555550144e-24, 9.15056759166e-25, 1.00578039782e-24, 1.36271836237e-24, 9.53173038992e-25, 1.96225205869e-24, 1.0127885395e-24, 1.64696368197e-24, 1.03255423834e-24, 1.22529455255e-24, 2.58050128278e-24, 3.13687225745e-24, 2.58920991274e-24, 2.86462432893e-24, 2.8689163239e-24, 3.8932194716e-24, 2.31281080092e-24, 3.65365148659e-24, 4.31458636868e-24, 3.57844385447e-24, 3.57974784154e-24, 4.12895280376e-24, 4.30873578178e-24, 4.54670040701e-24, 4.4745989147e-24, 4.09296733585e-24, 4.02575007583e-24, 4.60521495351e-24, 4.74586333089e-24, 4.23030762501e-24, 5.90241388175e-24, 4.96288922111e-24, 5.87483057134e-24, 5.48957417663e-24, 5.62067575933e-24, 5.49005498735e-24, 5.50633234327e-24, 5.65966718172e-24, 6.52365801626e-24], "max": [0.00387102225795, 0.0179089456797, 0.00891886651516, 0.00825444422662, 0.0115516716614, 0.0110520813614, 0.029657183215, 0.0163024775684, 0.00427198922262, 0.00609459867701, 0.00488639669493, 0.00316203408875, 0.00336471013725, 0.00372015428729, 0.00354129518382, 0.00451819971204, 0.00127738737501, 0.00161715142895, 0.00292891892605, 0.00160944089293, 0.000693270354532, 0.000480099028209, 0.000536135165021, 0.000416975992266, 0.000290332827717, 0.000174112385139, 0.000277641287539, 0.000156628579134, 7.99792833277e-05, 5.78574872634e-05, 5.10701393068e-05, 6.19991551503e-05, 2.60454999079e-05, 2.52913305303e-05, 4.5137541747e-05, 3.42084313161e-05, 4.18228046328e-05, 2.07650882658e-05, 1.62712749443e-05, 8.01676924311e-06], "dvar2": [7.72547821271e-08, 1.06532661448e-06, 6.30552449365e-07, 7.81411131356e-07, 7.41849646602e-07, 5.86465660035e-07, 6.72203270824e-07, 4.56170567986e-07, 9.11462336717e-08, 7.33199172487e-08, 9.04724188899e-08, 9.52738119508e-08, 7.81665505656e-08, 4.14874214982e-08, 5.70167877356e-08, 6.82694718535e-08, 1.29379396085e-08, 1.02885646669e-08, 1.16943397188e-08, 5.72284042377e-09, 1.49818668582e-09, 1.09179798535e-09, 1.22867516161e-09, 5.67065394641e-10, 3.32209482146e-10, 1.12109890815e-10, 8.57045476255e-11, 7.95295912459e-11, 3.43443572193e-11, 1.38841559777e-11, 1.35790345981e-11, 1.27143946413e-11, 3.50041263336e-12, 3.20234008581e-12, 3.81406625033e-12, 2.73658287871e-12, 3.47743622092e-12, 2.11377053014e-12, 1.0394532457e-12, 2.17549827979e-13], "median": [1.45508638525e-05, 8.28651463962e-05, 0.000204369745916, 0.000199974834686, 0.000179728551302, 0.000239196306211, 0.000236321269767, 0.000160700496053, 9.06995483092e-05, 7.01743338141e-05, 5.31445330125e-05, 3.16105797538e-05, 2.28244734899e-05, 1.70694238477e-05, 1.40235024446e-05, 8.0257841546e-06, 6.33905483483e-06, 4.11738483308e-06, 2.83391545963e-06, 1.84431212347e-06, 1.0189734212e-06, 1.61168861723e-06, 1.22673225178e-06, 3.78662065259e-07, 3.2537340644e-07, 2.28395009572e-07, 1.39514057196e-07, 1.1142936529e-07, 1.28378800923e-07, 7.50660689164e-08, 4.91760765442e-08, 4.95244698584e-08, 2.60934580609e-08, 2.2312486081e-08, 4.33598117411e-08, 1.60695581286e-08, 1.2270552574e-08, 1.87375412963e-08, 1.76590013723e-08, 2.86294365992e-09], "dmean2": [0.00011982020078, 0.000428422586992, 0.000425223115599, 0.00047963540419, 0.000431326159742, 0.00039485792513, 0.000391812121961, 0.000298110215226, 0.000148038583575, 0.000136910864967, 0.000138663934194, 0.000120828939544, 0.000102926329419, 6.71403322485e-05, 8.09557968751e-05, 7.30838655727e-05, 4.02830046369e-05, 3.89265405829e-05, 3.00090378005e-05, 2.24209215958e-05, 1.08937811092e-05, 1.13021496873e-05, 1.20305148812e-05, 6.33881518297e-06, 5.79683637625e-06, 3.51265134668e-06, 2.67091377282e-06, 2.69699330602e-06, 1.78697598585e-06, 1.26468523831e-06, 1.09059953957e-06, 1.00752799881e-06, 6.51729862966e-07, 6.20525383965e-07, 6.01927467869e-07, 5.19087052453e-07, 5.26173153048e-07, 4.32565030906e-07, 3.26767889192e-07, 1.44144607361e-07], "dmean": [9.3381095212e-05, 0.000339590216754, 0.000266715185717, 0.000295715377433, 0.000284413836198, 0.000264066038653, 0.00026799319312, 0.000211228529224, 0.000101647041447, 9.09496739041e-05, 9.41609687288e-05, 7.65460645198e-05, 6.65793704684e-05, 4.29018582508e-05, 5.16966974828e-05, 4.67280660814e-05, 2.52042991633e-05, 2.39249893639e-05, 1.88708745554e-05, 1.45213552969e-05, 6.90067554387e-06, 7.21077731214e-06, 7.58660416977e-06, 3.99627697334e-06, 3.60804096999e-06, 2.19441631089e-06, 1.70925534348e-06, 1.67752045854e-06, 1.11303086214e-06, 7.87167721228e-07, 6.49713911116e-07, 6.09426365372e-07, 3.85627828337e-07, 3.70024537233e-07, 3.7558768895e-07, 3.17413366702e-07, 3.18801994581e-07, 2.70327120688e-07, 2.00965416752e-07, 8.89271660753e-08], "var": [1.67143866747e-07, 2.79738060271e-06, 6.58658109387e-07, 7.49873834138e-07, 1.0281263485e-06, 6.32882972695e-07, 1.61701143497e-06, 1.13024202619e-06, 1.3677225752e-07, 1.06352302964e-07, 1.14778323734e-07, 6.99761528722e-08, 8.57329851556e-08, 4.13493062013e-08, 5.13419422532e-08, 6.03302723334e-08, 1.00079970977e-08, 1.03557580289e-08, 9.04791086498e-09, 6.93970836352e-09, 1.5283205812e-09, 1.59086588347e-09, 1.56695822984e-09, 5.63868729486e-10, 3.95676713616e-10, 1.2642137337e-10, 1.49655884907e-10, 1.00601110775e-10, 3.92708990327e-11, 1.78103538861e-11, 1.11287706481e-11, 1.02922627018e-11, 3.55104140537e-12, 3.52186379018e-12, 4.53028370026e-12, 2.92596350794e-12, 3.96651808621e-12, 1.96625593411e-12, 1.16375474795e-12, 2.5687408472e-13], "dvar": [5.01821411092e-08, 8.06641878626e-07, 2.49303155897e-07, 2.93467763868e-07, 3.50207187694e-07, 2.54001463418e-07, 3.20350693528e-07, 2.45200084237e-07, 4.33421547541e-08, 3.45498243348e-08, 4.17370920047e-08, 3.81689986284e-08, 3.26627365155e-08, 1.71402820826e-08, 2.2944153244e-08, 2.72852958005e-08, 5.16506881709e-09, 4.02805166999e-09, 4.91466822794e-09, 2.41799602563e-09, 5.77962622206e-10, 4.45255415871e-10, 5.03156072362e-10, 2.2132640165e-10, 1.33815500347e-10, 4.39185285361e-11, 3.56124574274e-11, 3.01684857651e-11, 1.3102100134e-11, 5.53551518859e-12, 4.67196116863e-12, 4.34630022944e-12, 1.31273204113e-12, 1.22385977221e-12, 1.55576094542e-12, 1.09363917662e-12, 1.37340995781e-12, 8.46960630969e-13, 4.09514029675e-13, 8.46109478054e-14], "mean": [0.000180712740985, 0.000617894052994, 0.000544579292182, 0.000562836998142, 0.000543930567801, 0.000514646351803, 0.000592720753048, 0.000433904875536, 0.000212457263842, 0.000176768080564, 0.000182298928848, 0.000129884865601, 0.000122439814731, 8.30899080029e-05, 9.45993087953e-05, 8.608346252e-05, 4.43989883934e-05, 4.21021977672e-05, 3.3265692764e-05, 2.83144636342e-05, 1.34912552312e-05, 1.52579523274e-05, 1.57674094226e-05, 7.76517390477e-06, 7.11401298759e-06, 4.34483490608e-06, 3.72956446881e-06, 3.48123535332e-06, 2.22087942348e-06, 1.57213719376e-06, 1.16692194752e-06, 1.09413815608e-06, 6.98720839409e-07, 6.80453410951e-07, 7.09483003902e-07, 5.56535894702e-07, 5.93512254454e-07, 4.67716944286e-07, 3.65963245486e-07, 1.66007794178e-07]}, "spectral_entropy": {"min": 3.98476934433, "max": 9.82285404205, "dvar2": 0.238821938634, "median": 6.60866498947, "dmean2": 0.375025749207, "dmean": 0.25137847662, "var": 0.83263272047, "dvar": 0.110846824944, "mean": 6.63974380493}, "spectral_rolloff": {"min": 107.666015625, "max": 19444.4824219, "dvar2": 381690.5, "median": 796.728515625, "dmean2": 347.305084229, "dmean": 203.119018555, "var": 6226069, "dvar": 157942.3125, "mean": 1389.34875488}, "barkbands": {"min": [9.05876291774e-25, 3.10219550978e-24, 1.14972108619e-24, 6.54523217873e-25, 4.91618155577e-24, 8.59032843754e-24, 1.06907976043e-23, 6.12753387929e-24, 7.9670802019e-24, 1.55578122209e-23, 2.20807642066e-23, 1.69754915086e-23, 2.43195262121e-23, 4.79186204693e-23, 5.1234196543e-23, 6.02998333975e-23, 7.44089451644e-23, 8.73690147585e-23, 1.31983459772e-22, 1.31205251644e-22, 2.29738282732e-22, 2.922490345e-22, 3.75548883828e-22, 5.20194469897e-22, 8.41693179341e-22, 1.30207235314e-21, 1.74611647689e-21], "max": [0.000320539809763, 0.0264281928539, 0.0295952446759, 0.0235537104309, 0.0509220436215, 0.049349732697, 0.134192302823, 0.0765288770199, 0.0308944601566, 0.0257059819996, 0.0243805237114, 0.029897203669, 0.0350566953421, 0.0103232227266, 0.0280774924904, 0.0191795118153, 0.0105735063553, 0.0107046766207, 0.00417505856603, 0.00475150858983, 0.00173092877958, 0.00157952215523, 0.00185256113764, 0.00259867077693, 0.000992313725874, 0.000361929880455, 6.86109779053e-05], "dvar2": [5.78193160017e-10, 2.37911626755e-06, 4.74591297461e-06, 4.23998926635e-06, 1.89776510524e-05, 1.39883877637e-05, 1.75130262505e-05, 5.94102675677e-06, 3.24254801853e-06, 4.81437518829e-06, 4.37533117292e-06, 2.7124033295e-06, 7.70413407736e-06, 1.17561523894e-06, 1.85035332834e-06, 6.72466171636e-07, 4.33379483411e-07, 2.62742986479e-07, 8.83968809262e-08, 6.29538376984e-08, 1.67891833769e-08, 1.25214114632e-08, 7.55588125401e-09, 1.25704548992e-08, 2.09620831804e-09, 4.17730378066e-10, 2.84180214083e-11], "median": [5.32615956672e-07, 7.04732156009e-05, 0.000166741461726, 0.0002558134438, 0.000917154189665, 0.00123089225963, 0.00104267080314, 0.000494814594276, 0.000430887535913, 0.000380085839424, 0.000162012904184, 0.000111216584628, 8.47053161124e-05, 5.79686748097e-05, 4.08325904573e-05, 1.84079272003e-05, 3.27471316268e-05, 8.44479018269e-06, 7.16476461093e-06, 3.76309503736e-06, 3.78612935492e-06, 1.98993438971e-06, 2.10595885619e-06, 1.72597367509e-06, 4.7370684797e-07, 2.69712870704e-07, 1.01663513163e-08], "dmean2": [7.72184557718e-06, 0.000656592543237, 0.000918481557164, 0.000990852247924, 0.00231530354358, 0.00197737663984, 0.00196117837913, 0.00103238737211, 0.000919547746889, 0.00102410989348, 0.000797057582531, 0.000484884512844, 0.000852987170219, 0.000417252595071, 0.000441799056716, 0.000226047879551, 0.000233084399952, 0.000131639710162, 0.00010826127982, 8.06487223599e-05, 4.68621874461e-05, 3.93997070205e-05, 3.13282253046e-05, 3.46400338458e-05, 1.41758537211e-05, 6.58628005112e-06, 1.37588278903e-06], "dmean": [4.70123313789e-06, 0.000528230622876, 0.000678234675433, 0.000621674756985, 0.00146317854524, 0.00131849048194, 0.00134355120827, 0.000721818068996, 0.000610365474131, 0.000678764074109, 0.000515493797138, 0.000313493277645, 0.000539558124729, 0.000257682841038, 0.000280460168142, 0.000145336787682, 0.00014848637511, 8.31011420814e-05, 6.7866894824e-05, 5.1173785323e-05, 2.91383312288e-05, 2.389115798e-05, 1.92927000171e-05, 2.17128163058e-05, 8.87258192961e-06, 4.07716015616e-06, 8.39814163101e-07], "var": [3.0641952864e-10, 6.48039804219e-06, 8.41161636345e-06, 4.22025550506e-06, 2.37100848608e-05, 1.46261645568e-05, 4.17228293372e-05, 1.34109905048e-05, 4.49182834927e-06, 5.04467971041e-06, 4.67257996206e-06, 2.39445193984e-06, 6.99923248249e-06, 8.45825923079e-07, 1.90047921933e-06, 8.37945037802e-07, 5.63313506063e-07, 2.75204911304e-07, 1.26480358631e-07, 9.86571109252e-08, 2.37807462611e-08, 1.45786192007e-08, 1.09665192483e-08, 1.73549903337e-08, 2.63337374129e-09, 3.28689103712e-10, 2.11496202496e-11], "dvar": [2.38998459912e-10, 1.80146253115e-06, 2.86651970782e-06, 1.69758675383e-06, 7.97997017798e-06, 6.0578618104e-06, 8.3894974523e-06, 3.28693090523e-06, 1.51613141952e-06, 2.09189670386e-06, 1.80042104603e-06, 1.16338492262e-06, 2.97981455333e-06, 4.52486574432e-07, 7.71238944708e-07, 2.84148967467e-07, 1.73208945853e-07, 1.04466892026e-07, 3.5066559434e-08, 2.49222491533e-08, 6.59390275715e-09, 4.55055726434e-09, 3.0817264296e-09, 5.22814636028e-09, 8.43411562812e-10, 1.64152275106e-10, 1.12382221584e-11], "mean": [5.28379268872e-06, 0.00100052228663, 0.00115855690092, 0.00114638509694, 0.00286463624798, 0.00258024735376, 0.00284028495662, 0.00144492450636, 0.00117420894094, 0.00123048888054, 0.000928657129407, 0.000597334816121, 0.000966891762801, 0.000433201232227, 0.000509584147949, 0.00029172305949, 0.000316873076372, 0.000164317985764, 0.00014766586537, 0.000112933426863, 6.2097038608e-05, 4.70380655315e-05, 3.89349224861e-05, 4.30923537351e-05, 1.75411769305e-05, 6.07215088166e-06, 1.31692945615e-06]}, "melbands_flatness_db": {"min": 0.00343523686752, "max": 0.665199816227, "dvar2": 0.0026384498924, "median": 0.285327732563, "dmean2": 0.0429648943245, "dmean": 0.0293138697743, "var": 0.014266715385, "dvar": 0.00122931785882, "mean": 0.27993902564}, "melbands_skewness": {"min": -1.09095704556, "max": 13.5355892181, "dvar2": 1.09475028515, "median": 1.2541629076, "dmean2": 0.867602586746, "dmean": 0.557033836842, "var": 1.4317599535, "dvar": 0.461558938026, "mean": 1.44011855125}, "barkbands_skewness": {"min": -2.25868797302, "max": 10.1102809906, "dvar2": 0.955131649971, "median": 1.04302740097, "dmean2": 0.832127928734, "dmean": 0.535093069077, "var": 1.53868114948, "dvar": 0.397636294365, "mean": 1.19904100895}, "silence_rate_60dB": {"min": 0, "max": 1, "dvar2": 0.0574936196208, "median": 0, "dmean2": 0.0514695905149, "dmean": 0.0257313102484, "var": 0.102989591658, "dvar": 0.0250689946115, "mean": 0.116587676108}, "spectral_energyband_low": {"min": 1.66350033647e-23, "max": 0.0573133006692, "dvar2": 1.2233200323e-05, "median": 0.000715495261829, "dmean2": 0.00173613405786, "dmean": 0.00132775912061, "var": 3.04881668853e-05, "dvar": 8.46871716931e-06, "mean": 0.00267876125872}, "spectral_energyband_middle_low": {"min": 1.41994268742e-22, "max": 0.136391729116, "dvar2": 6.70230292599e-05, "median": 0.00952371861786, "dmean2": 0.00599093269557, "dmean": 0.00419585267082, "var": 0.000142406817758, "dvar": 3.24672037095e-05, "mean": 0.0126011287794}, "melbands_kurtosis": {"min": -1.81647467613, "max": 250.946548462, "dvar2": 245.731613159, "median": 2.82197642326, "dmean2": 7.11107254028, "dmean": 4.43592691422, "var": 235.04649353, "dvar": 105.54006958, "mean": 6.8436923027}, "spectral_decrease": {"min": -3.88010583663e-08, "max": 1.89370083084e-28, "dvar2": 6.34994957958e-18, "median": -4.03446742681e-09, "dmean2": 1.97601579544e-09, "dmean": 1.3907547336e-09, "var": 1.76333846578e-17, "dvar": 3.11744251703e-18, "mean": -4.9791792911e-09}, "erbbands_kurtosis": {"min": -1.76551401615, "max": 152.25328064, "dvar2": 32.6973152161, "median": 0.858437240124, "dmean2": 3.14137649536, "dmean": 2.01056551933, "var": 60.3782501221, "dvar": 14.5645847321, "mean": 2.9871301651}, "melbands_crest": {"min": 1.70236349106, "max": 30.8070068359, "dvar2": 16.7365512848, "median": 11.81245327, "dmean2": 4.43285226822, "dmean": 2.79479551315, "var": 26.3127727509, "dvar": 6.64631605148, "mean": 12.7249917984}, "melbands_spread": {"min": 0.567165434361, "max": 155.951156616, "dvar2": 48.92760849, "median": 11.1267471313, "dmean2": 5.3123049736, "dmean": 3.4426882267, "var": 352.92791748, "dvar": 20.576002121, "mean": 16.1938114166}, "spectral_energy": {"min": 9.92758098938e-21, "max": 0.153936028481, "dvar2": 0.000100758566987, "median": 0.0161603670567, "dmean2": 0.00788768846542, "dmean": 0.00553552852944, "var": 0.000290394178592, "dvar": 4.91312785016e-05, "mean": 0.0201307907701}, "mfcc": {"mean": [-738.87713623, 163.749938965, -2.02342271805, 0.0111146867275, -10.3531284332, -9.35192203522, -14.3982543945, -7.45492553711, -9.60436344147, -5.61769723892, -6.25076818466, 0.0197694711387, -6.23641824722], "icov": [[9.99388139462e-05, -9.26569282456e-06, 9.43212435232e-05, -1.19114292829e-05, 0.000114912567369, -0.000222744929488, 3.55206502718e-05, -0.000187879806617, 0.000111996138003, -0.000328917289153, 0.000272192119155, -0.000211603444768, 7.90590129327e-05], [-9.26569282456e-06, 0.000401062046876, -0.000132473011035, 9.84565995168e-05, -5.44943031855e-05, 0.00020172582299, 6.269889127e-05, 1.68824899447e-05, 1.37245187943e-05, 0.000375210540369, -7.15900969226e-05, -0.000156114125275, 0.00024377781665], [9.43212435232e-05, -0.000132473011035, 0.000879461294971, -0.000573132710997, -0.000473290274385, -0.000643824983854, 0.000380138866603, -6.37004777673e-05, -0.000546648807358, 0.00085806439165, 0.000101529396488, 0.000179260823643, 0.000547201314475], [-1.19114292829e-05, 9.84565995168e-05, -0.000573132710997, 0.00406691804528, -0.00233532348648, -3.8962571125e-05, 0.00157577381469, -0.000442116172053, 0.000450672960142, -0.00117692991626, -0.000123646052089, -0.000916714488994, -0.000744584714994], [0.000114912567369, -5.44943031855e-05, -0.000473290274385, -0.00233532348648, 0.00817430205643, -0.00302218575962, -0.000940661877394, 2.48298183578e-05, -0.00205025682226, 0.001521976199, -0.000390727975173, -0.000473891093861, 0.000437596463598], [-0.000222744929488, 0.00020172582299, -0.000643824983854, -3.8962571125e-05, -0.00302218575962, 0.0103778196499, -0.00545689789578, 0.000276869075606, 0.00129402207676, -0.003157510655, 0.000999477575533, -0.00146370532457, 0.00138766062446], [3.55206502718e-05, 6.269889127e-05, 0.000380138866603, 0.00157577381469, -0.000940661877394, -0.00545689789578, 0.0135027747601, -0.00572015158832, 6.52259914204e-05, 0.00140350742731, -0.00352356396616, 0.00274772499688, -0.00229714810848], [-0.000187879806617, 1.68824899447e-05, -6.37004777673e-05, -0.000442116172053, 2.48298183578e-05, 0.000276869075606, -0.00572015158832, 0.0154004711658, -0.00765739195049, 0.000253040372627, 0.00335700111464, -0.00255065620877, 0.000121980927361], [0.000111996138003, 1.37245187943e-05, -0.000546648807358, 0.000450672960142, -0.00205025682226, 0.00129402207676, 6.52259914204e-05, -0.00765739195049, 0.0178678464144, -0.00950598623604, 0.00383053836413, -0.00224449275993, -8.50865217217e-06], [-0.000328917289153, 0.000375210540369, 0.00085806439165, -0.00117692991626, 0.001521976199, -0.003157510655, 0.00140350742731, 0.000253040372627, -0.00950598623604, 0.0226330365986, -0.0141966408119, 0.00786352343857, -0.00161741871852], [0.000272192119155, -7.15900969226e-05, 0.000101529396488, -0.000123646052089, -0.000390727975173, 0.000999477575533, -0.00352356396616, 0.00335700111464, 0.00383053836413, -0.0141966408119, 0.0254662949592, -0.0137248244137, 0.00519997579977], [-0.000211603444768, -0.000156114125275, 0.000179260823643, -0.000916714488994, -0.000473891093861, -0.00146370532457, 0.00274772499688, -0.00255065620877, -0.00224449275993, 0.00786352343857, -0.0137248244137, 0.0180010627955, -0.0078599890694], [7.90590129327e-05, 0.00024377781665, 0.000547201314475, -0.000744584714994, 0.000437596463598, 0.00138766062446, -0.00229714810848, 0.000121980927361, -8.50865217217e-06, -0.00161741871852, 0.00519997579977, -0.0078599890694, 0.0142043521628]], "cov": [[15350.7089844, -1145.47106934, -2612.04052734, -405.96182251, -359.077423096, 360.523284912, 328.793487549, 356.046356201, 161.073425293, 461.620727539, 110.830619812, 160.134307861, 140.218505859], [-1145.47106934, 3003.36743164, 791.463134766, 45.4722137451, 59.4264450073, -103.949951172, -117.661827087, -74.9365539551, -70.1309356689, -172.416824341, -54.3092803955, -4.82848644257, -85.800567627], [-2612.04052734, 791.463134766, 2486.96948242, 524.364562988, 432.382415771, 156.957473755, -42.8535881042, 18.150976181, 64.0443115234, -133.322219849, -51.6544151306, -6.82759809494, -103.116203308], [-405.96182251, 45.4722137451, 524.364562988, 462.362243652, 210.649230957, 81.3151016235, -11.180973053, 31.0865478516, 46.7225799561, 12.7882490158, 28.8962688446, 60.2802314758, 13.2688083649], [-359.077423096, 59.4264450073, 432.382415771, 210.649230957, 281.893005371, 125.043441772, 51.6568374634, 51.4643669128, 59.4185218811, 6.43546199799, 18.2281742096, 36.8330497742, -3.14723062515], [360.523284912, -103.949951172, 156.957473755, 81.3151016235, 125.043441772, 216.848953247, 106.312866211, 64.939666748, 50.4640159607, 50.7105484009, 30.4882202148, 26.7866210938, -0.942351460457], [328.793487549, -117.661827087, -42.8535881042, -11.180973053, 51.6568374634, 106.312866211, 158.759216309, 80.3524932861, 46.5006713867, 38.5159568787, 22.5569553375, 13.9485712051, 18.1357536316], [356.046356201, -74.9365539551, 18.150976181, 31.0865478516, 51.4643669128, 64.939666748, 80.3524932861, 141.567398071, 80.2417907715, 34.9823303223, 4.15574741364, 26.5544815063, 21.2881031036], [161.073425293, -70.1309356689, 64.0443115234, 46.7225799561, 59.4185218811, 50.4640159607, 46.5006713867, 80.2417907715, 123.231109619, 57.6810264587, 14.4981050491, 19.6839599609, 12.5860977173], [461.620727539, -172.416824341, -133.322219849, 12.7882490158, 6.43546199799, 50.7105484009, 38.5159568787, 34.9823303223, 57.6810264587, 119.903121948, 55.9797859192, 9.0306892395, 5.16381120682], [110.830619812, -54.3092803955, -51.6544151306, 28.8962688446, 18.2281742096, 30.4882202148, 22.5569553375, 4.15574741364, 14.4981050491, 55.9797859192, 99.3578872681, 58.8560333252, 6.46981048584], [160.134307861, -4.82848644257, -6.82759809494, 60.2802314758, 36.8330497742, 26.7866210938, 13.9485712051, 26.5544815063, 19.6839599609, 9.0306892395, 58.8560333252, 132.031646729, 53.4443321228], [140.218505859, -85.800567627, -103.116203308, 13.2688083649, -3.14723062515, -0.942351460457, 18.1357536316, 21.2881031036, 12.5860977173, 5.16381120682, 6.46981048584, 53.4443321228, 106.500640869]]}, "spectral_contrast_valleys": {"min": [-28.3901100159, -28.1087932587, -28.0227851868, -27.5880851746, -27.5172901154, -27.4710330963], "max": [-5.52897453308, -4.64850091934, -5.11245965958, -5.65906143188, -6.08819437027, -8.22885513306], "dvar2": [0.347250074148, 0.242388173938, 0.273268997669, 0.343431919813, 0.349750906229, 0.469024538994], "median": [-8.35422229767, -6.55298900604, -7.50350046158, -8.54177188873, -9.12886714935, -11.8855838776], "dmean2": [0.66498786211, 0.531231880188, 0.520713567734, 0.536780416965, 0.483500480652, 0.480927437544], "dmean": [0.408959418535, 0.322264790535, 0.322079747915, 0.337141245604, 0.316490441561, 0.34077629447], "var": [7.89090394974, 8.25196361542, 8.02168178558, 7.57518291473, 7.3329167366, 5.78080797195], "dvar": [0.156975716352, 0.106985718012, 0.1276473701, 0.16560614109, 0.175623625517, 0.227130904794], "mean": [-8.91288566589, -7.14061355591, -8.04852676392, -8.92341995239, -9.36251068115, -11.9065465927]}, "barkbands_flatness_db": {"min": 0.0155173745006, "max": 0.548677563667, "dvar2": 0.00192748254631, "median": 0.221304953098, "dmean2": 0.0388275384903, "dmean": 0.026484945789, "var": 0.0085120908916, "dvar": 0.000920489081182, "mean": 0.218044087291}, "dynamic_complexity": 3.93217039108, "spectral_skewness": {"min": -0.113132216036, "max": 12.4894218445, "dvar2": 1.02195119858, "median": 2.66433215141, "dmean2": 0.922929227352, "dmean": 0.591404855251, "var": 2.97009015083, "dvar": 0.449963539839, "mean": 3.08186149597}, "erbbands_flatness_db": {"min": 0.0409494899213, "max": 0.517206847668, "dvar2": 0.00167459761724, "median": 0.247