{"lowlevel": {"spectral_complexity": {"min": 0, "max": 56, "dvar2": 10.0488405228, "median": 13, "dmean2": 3.39272761345, "dmean": 2.16530275345, "var": 122.350593567, "dvar": 4.65281677246, "mean": 15.541554451}, "silence_rate_20dB": {"min": 1, "max": 1, "dvar2": 0, "median": 1, "dmean2": 0, "dmean": 0, "var": 0, "dvar": 0, "mean": 1}, "average_loudness": 0.544947564602, "erbbands_spread": {"min": 2.54573154449, "max": 87.5562744141, "dvar2": 26.449546814, "median": 22.2948131561, "dmean2": 5.80723237991, "dmean": 3.72092080116, "var": 82.6762084961, "dvar": 10.8110284805, "mean": 23.0453510284}, "spectral_kurtosis": {"min": -1.25182640553, "max": 65.9000549316, "dvar2": 25.8774261475, "median": 5.33092594147, "dmean2": 5.09456300735, "dmean": 2.9121389389, "var": 41.9096755981, "dvar": 8.68883132935, "mean": 7.41846227646}, "barkbands_kurtosis": {"min": -1.7329429388, "max": 185.54675293, "dvar2": 42.9552993774, "median": 0.351945638657, "dmean2": 2.39640164375, "dmean": 1.59204304218, "var": 74.6377258301, "dvar": 20.4117183685, "mean": 2.3857319355}, "spectral_strongpeak": {"min": 0, "max": 20.3783302307, "dvar2": 1.79083693027, "median": 0.665987432003, "dmean2": 0.895171701908, "dmean": 0.54827195406, "var": 1.75280940533, "dvar": 0.687350153923, "mean": 1.1513428688}, "spectral_spread": {"min": 1381515.375, "max": 42752312, "dvar2": 536221614080, "median": 2697700, "dmean2": 325237.15625, "dmean": 194795.46875, "var": 16994579513300.0, "dvar": 260632690688, "mean": 3186184.5}, "spectral_rms": {"min": 3.1449617216e-12, "max": 0.010346817784, "dvar2": 2.64192266286e-07, "median": 0.00254329573363, "dmean2": 0.000502673559822, "dmean": 0.000365452724509, "var": 3.40008796229e-06, "dvar": 1.45093210335e-07, "mean": 0.0029311880935}, "erbbands": {"min": [7.24952001628e-23, 5.51822162885e-22, 6.89680112046e-22, 3.08735510502e-21, 1.35403205875e-20, 1.57064117671e-20, 3.49607853584e-20, 7.55880422561e-20, 5.48611450028e-20, 1.62020137999e-19, 2.21315714256e-19, 3.77554906674e-19, 3.27693389927e-19, 6.86670905717e-19, 8.18910874379e-19, 9.46473601966e-19, 1.41674232381e-18, 1.72615843432e-18, 2.1726655659e-18, 3.37916887349e-18, 4.35678386096e-18, 4.63862911108e-18, 5.53637319297e-18, 6.31433904061e-18, 8.17284968167e-18, 7.36631549721e-18, 8.55571022819e-18, 9.47374422332e-18, 8.90345447617e-18, 1.05006566938e-17, 1.05438148422e-17, 9.32263900492e-18, 9.23167726168e-18, 8.5907214748e-18, 6.30143626383e-18, 3.51302696253e-18, 2.27759797609e-18, 9.77715903509e-19, 2.63851900443e-19, 2.70670605495e-20], "max": [0.0689956843853, 1.92703080177, 9.04112052917, 39.7294235229, 72.1562652588, 279.559814453, 115.707572937, 420.593414307, 595.805969238, 1547.70837402, 1136.34301758, 775.443481445, 1550.98986816, 1425.52746582, 1221.38098145, 962.131347656, 1571.57421875, 1051.60314941, 1459.3203125, 1405.19030762, 646.336242676, 2613.58520508, 764.872680664, 554.961914062, 614.218994141, 535.357543945, 244.598922729, 173.584487915, 119.333000183, 69.039276123, 52.5006103516, 20.4100227356, 4.41835546494, 0.894706845284, 0.326789110899, 0.0245168935508, 0.000865011068527, 0.000148924154928, 8.51656295708e-05, 0.000141638840432], "dvar2": [9.35744355957e-06, 0.00533242477104, 0.108404710889, 5.58572816849, 21.037935257, 41.778842926, 54.5640029907, 230.071746826, 576.828979492, 2790.80371094, 1492.81335449, 1420.83032227, 2426.79101562, 3028.93896484, 4412.15283203, 2084.51318359, 8003.28125, 3520.99389648, 2548.30859375, 4952.93310547, 1772.60095215, 1831.49353027, 771.592468262, 1546.0246582, 463.533294678, 720.62902832, 165.507827759, 54.9588241577, 30.1587753296, 7.89798069, 6.52043628693, 0.542404472828, 0.0219222698361, 0.00096659961855, 4.85230775666e-05, 7.50706249164e-07, 3.66363983595e-09, 1.79793610555e-10, 1.01895835519e-11, 4.26867777237e-11], "median": [0.000329624512233, 0.00501279206946, 0.0319395065308, 0.137824654579, 0.485815316439, 0.815923273563, 1.61974191666, 3.00248646736, 4.62556028366, 6.16396760941, 6.11385726929, 5.72832727432, 6.75195550919, 8.77409076691, 8.03991317749, 6.61897659302, 7.04676485062, 5.81941699982, 6.81365537643, 7.15852689743, 7.78329563141, 5.78497076035, 4.30262422562, 4.97488164902, 4.27862262726, 2.71930241585, 1.21575021744, 0.618795275688, 0.338357001543, 0.190886646509, 0.117422625422, 0.0361933261156, 0.0113648353145, 0.00513906450942, 0.0017911826726, 0.000362436752766, 5.83273576922e-05, 1.02209532997e-05, 4.45475143351e-06, 8.06556454336e-06], "dmean2": [0.00128599524032, 0.0279889553785, 0.137339398265, 0.840906322002, 1.89633607864, 2.53149557114, 3.37358546257, 7.05702495575, 11.1604375839, 20.7265510559, 15.501909256, 15.6726770401, 19.1993503571, 21.6257972717, 25.6610679626, 17.8466072083, 31.2979545593, 22.6438121796, 19.8231372833, 24.9909687042, 18.9779777527, 15.973077774, 10.8005123138, 15.2431964874, 9.10760879517, 8.45767974854, 3.81611561775, 2.24564409256, 1.56994473934, 0.911770641804, 0.718704223633, 0.196299508214, 0.03846918419, 0.00958509091288, 0.00226545962505, 0.000370294292225, 4.90225284011e-05, 1.0206150364e-05, 2.5176800591e-06, 4.68020061817e-06], "dmean": [0.000832755467854, 0.0190207827836, 0.0902866795659, 0.596513152122, 1.29892849922, 1.62323629856, 2.11073279381, 4.48220920563, 7.34631729126, 13.6257371902, 10.1662979126, 10.1096448898, 12.9843387604, 14.1826477051, 16.1273078918, 11.2582197189, 19.8506069183, 14.6014976501, 12.4737472534, 15.4617433548, 11.7629480362, 10.3559761047, 6.80043411255, 9.4820766449, 5.77467298508, 5.35149288177, 2.40490484238, 1.48134064674, 1.03886330128, 0.61502468586, 0.467931300402, 0.132649764419, 0.0262731611729, 0.0065038157627, 0.00145639805123, 0.000220824353164, 2.89502495434e-05, 6.12513576925e-06, 1.78458196842e-06, 3.37515143656e-06], "var": [1.28310475702e-05, 0.00945606734604, 0.198823720217, 9.04012966156, 26.6635169983, 59.0730476379, 54.3706817627, 306.065093994, 1047.80383301, 5956.55029297, 2103.49560547, 1822.73339844, 4214.62841797, 3500.12158203, 4359.39941406, 2343.6340332, 10064.1435547, 5541.33300781, 3155.5480957, 4291.10791016, 2066.88354492, 3733.64013672, 1007.39239502, 1828.93408203, 625.172607422, 673.514221191, 159.027984619, 70.3039779663, 44.2708816528, 14.953669548, 9.93544960022, 1.01568448544, 0.0464673340321, 0.00252789026126, 8.62582019181e-05, 5.63238813811e-07, 3.43521389112e-09, 1.86734794294e-10, 9.00099300649e-11, 3.28667149052e-10], "dvar": [3.9184360503e-06, 0.0025373515673, 0.0504283234477, 2.70430707932, 9.93903064728, 21.3021087646, 21.6439552307, 108.857978821, 295.514038086, 1333.05053711, 670.894042969, 583.297973633, 1175.51904297, 1294.72412109, 1750.53125, 877.497680664, 3217.05810547, 1476.23364258, 1119.94897461, 1922.40600586, 704.236450195, 941.524353027, 326.131591797, 631.446594238, 204.243637085, 284.338653564, 63.1091537476, 22.4404010773, 12.8946905136, 3.53056669235, 2.82704997063, 0.23623265326, 0.0100798914209, 0.000481763796415, 2.23017359531e-05, 2.98341575444e-07, 1.34596578327e-09, 6.50797818413e-11, 5.98462945867e-12, 2.31706372839e-11], "mean": [0.00176242587622, 0.0423020198941, 0.200211957097, 1.1988915205, 2.36363697052, 2.84901976585, 4.08926343918, 8.56336212158, 14.743555069, 29.9414386749, 20.7663917542, 20.9987812042, 26.8326301575, 28.0937194824, 32.399974823, 24.1011829376, 42.0634346008, 32.3769874573, 25.9323577881, 30.466047287, 24.6867752075, 21.7870025635, 15.5390815735, 20.0788192749, 12.7078580856, 10.9490842819, 5.4912815094, 3.42503046989, 2.39639282227, 1.51603984833, 1.09327280521, 0.33008646965, 0.0710269138217, 0.0191776640713, 0.00391790037975, 0.000473148538731, 7.20045281923e-05, 1.53609762492e-05, 8.24011294753e-06, 1.53645378305e-05]}, "zerocrossingrate": {"min": 0.00732421875, "max": 0.5263671875, "dvar2": 4.95864842378e-05, "median": 0.05810546875, "dmean2": 0.00654238648713, "dmean": 0.00517455954105, "var": 0.00327249104157, "dvar": 3.42197963619e-05, "mean": 0.065936230123}, "spectral_contrast_coeffs": {"min": [-0.979717195034, -0.97942340374, -0.975833773613, -0.970764219761, -0.967463493347, -0.964779913425], "max": [-0.29608809948, -0.411448150873, -0.439123600721, -0.499062657356, -0.598015606403, -0.59956330061], "dvar2": [0.00378605653532, 0.00300064939074, 0.00191659328993, 0.00126768730115, 0.000672118680086, 0.000320678518619], "median": [-0.631424605846, -0.758228421211, -0.765827894211, -0.772765636444, -0.783830344677, -0.723363637924], "dmean2": [0.0768732950091, 0.0699047744274, 0.0551590025425, 0.0449765436351, 0.0320917516947, 0.0223784539849], "dmean": [0.0470526106656, 0.0423168763518, 0.0338086783886, 0.0272114612162, 0.0196604710072, 0.0141262011603], "var": [0.010739213787, 0.00694140978158, 0.00471564847976, 0.00436830567196, 0.0034677523654, 0.00516225211322], "dvar": [0.00139938096981, 0.00112217885908, 0.000715521164238, 0.000475032924442, 0.000261851819232, 0.000139991811011], "mean": [-0.640440225601, -0.748797357082, -0.760121285915, -0.767915189266, -0.780433952808, -0.739587366581]}, "dissonance": {"min": 0.237551599741, "max": 0.500000119209, "dvar2": 0.000930147303734, "median": 0.473279863596, "dmean2": 0.0313843712211, "dmean": 0.0185733959079, "var": 0.000961543177254, "dvar": 0.000335379911121, "mean": 0.464327722788}, "spectral_energyband_high": {"min": 6.85535303059e-21, "max": 0.0115371588618, "dvar2": 1.95195283936e-07, "median": 6.45580148557e-05, "dmean2": 0.000158835493494, "dmean": 0.00010844078497, "var": 4.96879181355e-07, "dvar": 9.1354003473e-08, "mean": 0.000316899066092}, "gfcc": {"mean": [-115.749588013, 113.810195923, -179.29826355, 15.2077894211, -70.5229492188, -5.4876832962, -33.3355102539, -4.50488519669, -16.0788154602, -9.18043136597, -5.84333753586, -10.0374984741, -4.10627031326], "icov": [[0.00046744645806, -0.00121206580661, 0.00106006313581, -0.000692017376423, 0.00107520609163, -0.00111491221469, 0.00085133954417, -0.00044031397556, 0.000503636605572, -0.000117113624583, 7.1734910307e-05, 8.26331088319e-05, 0.000279759755358], [-0.00121206580661, 0.00423714565113, -0.00320720369928, 0.0018831823254, -0.00296469079331, 0.00338508933783, -0.0013541028602, 0.000566423404962, -0.000567296345253, 0.000982113182545, -0.00123872910626, 0.00195607449859, -0.00115368713159], [0.00106006313581, -0.00320720369928, 0.0033695618622, -0.00161529227626, 0.00158504175488, -0.00233533931896, 0.00165254878812, -0.000457666290458, 0.000678444979712, -0.000869633804541, 0.00181479530875, -0.00122441467829, 0.00167298712768], [-0.000692017376423, 0.0018831823254, -0.00161529227626, 0.00356185785495, -0.00168622354977, 0.000759008515161, -0.00165748922154, 0.000410000502598, -0.00091616314603, 0.00175658194348, -0.00121102889534, 0.00124790717382, -0.00131973729003], [0.00107520609163, -0.00296469079331, 0.00158504175488, -0.00168622354977, 0.00787318777293, -0.00466886581853, 0.000177387846634, -0.00136007519905, 0.00339618325233, -0.00176130037289, 0.000447586673545, 0.000283470901195, 0.00121555558871], [-0.00111491221469, 0.00338508933783, -0.00233533931896, 0.000759008515161, -0.00466886581853, 0.0111337220296, -0.00670956261456, 0.00326009909622, -0.00228649796918, 0.00143598602153, 0.00152542709839, -0.00301649281755, 0.00300511554815], [0.00085133954417, -0.0013541028602, 0.00165254878812, -0.00165748922154, 0.000177387846634, -0.00670956261456, 0.0176342390478, -0.00969460140914, 0.000521622016095, 0.00296216201968, -0.00464199809358, 0.00656577199697, -0.005240900442], [-0.00044031397556, 0.000566423404962, -0.000457666290458, 0.000410000502598, -0.00136007519905, 0.00326009909622, -0.00969460140914, 0.0181282367557, -0.0052574602887, -0.00627985550091, 0.010106138885, -0.00917116273195, 0.00407507549971], [0.000503636605572, -0.000567296345253, 0.000678444979712, -0.00091616314603, 0.00339618325233, -0.00228649796918, 0.000521622016095, -0.0052574602887, 0.0161217432469, -0.00194652494974, -0.00893666874617, 0.00855050049722, -0.00340063427575], [-0.000117113624583, 0.000982113182545, -0.000869633804541, 0.00175658194348, -0.00176130037289, 0.00143598602153, 0.00296216201968, -0.00627985550091, -0.00194652494974, 0.0173680074513, -0.00588380545378, -0.00401466758922, 0.00424034381285], [7.1734910307e-05, -0.00123872910626, 0.00181479530875, -0.00121102889534, 0.000447586673545, 0.00152542709839, -0.00464199809358, 0.010106138885, -0.00893666874617, -0.00588380545378, 0.0217396337539, -0.0101585490629, 0.00154971377924], [8.26331088319e-05, 0.00195607449859, -0.00122441467829, 0.00124790717382, 0.000283470901195, -0.00301649281755, 0.00656577199697, -0.00917116273195, 0.00855050049722, -0.00401466758922, -0.0101585490629, 0.0250030979514, -0.0109499879181], [0.000279759755358, -0.00115368713159, 0.00167298712768, -0.00131973729003, 0.00121555558871, 0.00300511554815, -0.005240900442, 0.00407507549971, -0.00340063427575, 0.00424034381285, 0.00154971377924, -0.0109499879181, 0.0206786524504]], "cov": [[22533.7714844, 1990.68786621, -4805.80419922, 1253.94152832, -1718.87255859, -295.185943604, -286.33203125, -684.387268066, 299.427459717, -713.981262207, 440.989807129, -619.701904297, 315.730865479], [1990.68786621, 1823.7956543, 1019.34326172, -89.1655654907, 165.568832397, -149.029022217, -146.155639648, -73.0825576782, -135.171096802, -73.3542098999, -130.022918701, -170.513793945, -111.790306091], [-4805.80419922, 1019.34326172, 2821.03466797, -284.312194824, 683.141296387, 72.2700271606, -59.3170318604, 163.609451294, -257.871856689, 146.96484375, -315.462524414, 38.8282661438, -250.767471313], [1253.94152832, -89.1655654907, -284.312194824, 586.91986084, -34.8907585144, 99.1136932373, 96.5166778564, -48.2284355164, 64.3975753784, -113.192878723, 43.1763076782, -70.304725647, 53.4712791443], [-1718.87255859, 165.568832397, 683.141296387, -34.8907585144, 441.835968018, 132.856338501, 57.7059936523, 85.1479492188, -96.6847000122, 51.1155815125, -100.234352112, 20.284072876, -80.5670013428], [-295.185943604, -149.029022217, 72.2700271606, 99.1136932373, 132.856338501, 230.223098755, 98.0495910645, 32.2898483276, -1.29491150379, -11.8279304504, -21.107339859, 4.63840436935, -20.3717060089], [-286.33203125, -146.155639648, -59.3170318604, 96.5166778564, 57.7059936523, 98.0495910645, 153.919219971, 56.000957489, 38.0157470703, -14.0522146225, 9.26397228241, -5.71715259552, 22.4229393005], [-684.387268066, -73.0825576782, 163.609451294, -48.2284355164, 85.1479492188, 32.2898483276, 56.000957489, 149.649215698, -0.0159372184426, 66.2954788208, -38.457950592, 46.9014129639, -22.0077228546], [299.427459717, -135.171096802, -257.871856689, 64.3975753784, -96.6847000122, -1.29491150379, 38.0157470703, -0.0159372184426, 139.132781982, 1.9401113987, 74.1611938477, -16.1163883209, 37.280960083], [-713.981262207, -73.3542098999, 146.96484375, -113.192878723, 51.1155815125, -11.8279304504, -14.0522146225, 66.2954788208, 1.9401113987, 133.64276123, 13.0382375717, 61.1522865295, -27.1399211884], [440.989807129, -130.022918701, -315.462524414, 43.1763076782, -100.234352112, -21.107339859, 9.26397228241, -38.457950592, 74.1611938477, 13.0382375717, 130.842559814, 23.168806076, 45.9289245605], [-619.701904297, -170.513793945, 38.8282661438, -70.304725647, 20.284072876, 4.63840436935, -5.71715259552, 46.9014129639, -16.1163883209, 61.1522865295, 23.168806076, 114.33946991, 22.3040657043], [315.730865479, -111.790306091, -250.767471313, 53.4712791443, -80.5670013428, -20.3717060089, 22.4229393005, -22.0077228546, 37.280960083, -27.1399211884, 45.9289245605, 22.3040657043, 99.3326568604]]}, "spectral_flux": {"min": 6.31125915418e-11, "max": 0.230913102627, "dvar2": 0.000242692796746, "median": 0.0409369654953, "dmean2": 0.0143686272204, "dmean": 0.00882301200181, "var": 0.000955159717705, "dvar": 9.25100102904e-05, "mean": 0.0472688302398}, "silence_rate_30dB": {"min": 0, "max": 1, "dvar2": 0.0014021700481, "median": 1, "dmean2": 0.000935344316531, "dmean": 0.000467617501272, "var": 0.00023370712006, "dvar": 0.000467405974632, "mean": 0.999766230583}, "spectral_energyband_middle_high": {"min": 1.05153093744e-21, "max": 0.0781951919198, "dvar2": 1.41648088174e-05, "median": 0.00210392544977, "dmean2": 0.00211291783489, "dmean": 0.00144847959746, "var": 6.86904750182e-05, "dvar": 6.62119146e-06, "mean": 0.00570871913806}, "barkbands_spread": {"min": 0.386758059263, "max": 78.6655960083, "dvar2": 15.8311262131, "median": 14.2797031403, "dmean2": 3.98566102982, "dmean": 2.55604743958, "var": 56.1230430603, "dvar": 6.70392656326, "mean": 14.601565361}, "spectral_centroid": {"min": 176.158569336, "max": 11794.8095703, "dvar2": 88288.234375, "median": 1434.63342285, "dmean2": 258.606201172, "dmean": 165.660049438, "var": 1624862.75, "dvar": 39256.5859375, "mean": 1588.29553223}, "pitch_salience": {"min": 0.112768813968, "max": 0.917337656021, "dvar2": 0.00557871954516, "median": 0.590798437595, "dmean2": 0.0896414592862, "dmean": 0.0555813200772, "var": 0.0102984393016, "dvar": 0.00224891025573, "mean": 0.590242505074}, "erbbands_skewness": {"min": -3.60697031021, "max": 5.51316356659, "dvar2": 0.172941192985, "median": 0.277880936861, "dmean2": 0.476628124714, "dmean": 0.3022582829, "var": 0.493938684464, "dvar": 0.0712131336331, "mean": 0.332830280066}, "erbbands_crest": {"min": 2.75701642036, "max": 31.0801086426, "dvar2": 12.5121431351, "median": 8.1654291153, "dmean2": 3.94113135338, "dmean": 2.43655824661, "var": 17.6773986816, "dvar": 5.19667100906, "mean": 9.19540882111}, "melbands": {"min": [9.47096147617e-25, 6.42769141081e-25, 7.73579190373e-25, 1.128893975e-24, 1.16170891233e-24, 1.85512750878e-24, 7.71211621581e-25, 1.57508859274e-24, 1.83551110186e-24, 2.15676819741e-24, 1.45874797808e-24, 2.46365816372e-24, 2.07438469206e-24, 2.10852008394e-24, 1.7318610898e-24, 2.45418059159e-24, 3.04929331419e-24, 2.96923773737e-24, 3.67966851367e-24, 3.68021243327e-24, 4.77362334614e-24, 3.45143054341e-24, 4.29274833225e-24, 3.38570699152e-24, 4.50374771958e-24, 4.87708955361e-24, 4.56308583687e-24, 4.42564930667e-24, 4.72455501455e-24, 4.06995231894e-24, 4.76546849653e-24, 3.62104155449e-24, 5.51084778309e-24, 5.36350828752e-24, 5.40446239584e-24, 5.44287913307e-24, 5.57984353001e-24, 6.16605001299e-24, 6.26476096692e-24, 6.65304855966e-24], "max": [0.00127144728322, 0.0034814667888, 0.00866174697876, 0.0093927886337, 0.00754140876234, 0.00806566514075, 0.00943269208074, 0.0147480815649, 0.00868327077478, 0.0047821556218, 0.0077451299876, 0.00622762646526, 0.00323123345152, 0.00484100962058, 0.00276726135053, 0.00246651680209, 0.00225391541608, 0.0026158678811, 0.00195783260278, 0.00194336217828, 0.000801492598839, 0.00240211561322, 0.00245412904769, 0.000443711702246, 0.000576947582886, 0.000452558364486, 0.000315077515552, 0.000371777132386, 0.000183228723472, 0.000161246061907, 0.000136244329042, 7.76877204771e-05, 3.4200384107e-05, 3.19652099279e-05, 3.34257056238e-05, 1.73638181877e-05, 8.40358552523e-06, 4.20857850258e-06, 1.11534279768e-06, 6.5615239464e-07], "dvar2": [2.52163112613e-09, 1.91978823949e-08, 2.27216304438e-07, 1.03199681689e-07, 6.60403358665e-08, 1.00226657196e-07, 1.48272221168e-07, 3.13283294417e-07, 1.01408716091e-07, 5.09062267895e-08, 6.29489065318e-08, 5.58559349884e-08, 4.76544634864e-08, 3.16477546392e-08, 2.28300152116e-08, 2.53350798118e-08, 1.65450160239e-08, 7.61276375272e-09, 8.41735925405e-09, 9.94695525947e-09, 2.82407297547e-09, 2.58458232594e-09, 2.74087774699e-09, 6.50458964468e-10, 1.4775133339e-09, 3.96953692139e-10, 3.25289711833e-10, 3.35310779143e-10, 8.15995881975e-11, 6.10147626867e-11, 2.16507436979e-11, 1.85229175748e-11, 3.19484347831e-12, 2.93201422343e-12, 3.5210224493e-12, 7.32789534347e-13, 1.34334424552e-13, 1.87300821147e-14, 2.80745555181e-15, 4.66370358588e-16], "median": [3.79729453925e-06, 1.42975604831e-05, 3.2974214264e-05, 5.02160874021e-05, 5.70882475586e-05, 6.5234315116e-05, 7.43238342693e-05, 6.8622015533e-05, 4.43710014224e-05, 3.35174845532e-05, 3.2076419302e-05, 3.35816985171e-05, 2.49201675615e-05, 1.66826393979e-05, 1.60663748829e-05, 1.30784828798e-05, 9.2174141173e-06, 9.31317208597e-06, 8.91727358976e-06, 9.24733285501e-06, 7.56037479732e-06, 5.38922449778e-06, 4.00755698138e-06, 3.09842175739e-06, 3.66996573575e-06, 3.04090713144e-06, 2.18381023842e-06, 1.38738346322e-06, 7.66540381392e-07, 3.88500808413e-07, 2.96707270309e-07, 1.83497590456e-07, 1.15983198157e-07, 8.40990210804e-08, 7.09673955157e-08, 3.52122242475e-08, 1.41055149783e-08, 7.83788944858e-09, 5.57551604885e-09, 3.78284870095e-09], "dmean2": [1.97231383936e-05, 5.77593782509e-05, 0.00017543535796, 0.000146331149153, 0.000117771807709, 0.000152913678903, 0.000179348891834, 0.000223122900934, 0.000124911413877, 9.76208975771e-05, 9.84736470855e-05, 9.07870125957e-05, 8.85468398337e-05, 6.03369735472e-05, 5.87985305174e-05, 6.20895661996e-05, 4.63803044113e-05, 3.40911865351e-05, 3.2478114008e-05, 3.64933002857e-05, 2.27734890359e-05, 1.9288252588e-05, 1.48188710227e-05, 1.02549965959e-05, 1.42741619129e-05, 7.94557672634e-06, 6.37013226878e-06, 5.85538100495e-06, 2.88353908218e-06, 2.18917125494e-06, 1.38885559409e-06, 1.16747014545e-06, 6.03848718583e-07, 5.49257777038e-07, 5.11417283633e-07, 2.5645772439e-07, 9.17110085652e-08, 3.44622286264e-08, 1.55978838734e-08, 6.94460444706e-09], "dmean": [1.32678214868e-05, 3.83682090614e-05, 0.00012463121675, 9.62772974162e-05, 7.5314026617e-05, 9.69137690845e-05, 0.000119427793834, 0.000146786143887, 8.15743187559e-05, 6.34147945675e-05, 6.64815815981e-05, 5.95122328377e-05, 5.59657564736e-05, 3.74819283024e-05, 3.70410925825e-05, 3.93515329051e-05, 2.97688202409e-05, 2.14829979086e-05, 2.01644961635e-05, 2.21927675739e-05, 1.41857099152e-05, 1.24505313579e-05, 9.21511582419e-06, 6.44244346404e-06, 8.82340100361e-06, 5.00225814903e-06, 4.0010218072e-06, 3.66816539099e-06, 1.77686649749e-06, 1.38349537337e-06, 8.96842891507e-07, 7.5447223935e-07, 3.91366114627e-07, 3.59220905466e-07, 3.23854862927e-07, 1.6890680854e-07, 5.99000458124e-08, 2.25979022161e-08, 1.03503650095e-08, 4.4797814347e-09], "var": [4.23901669322e-09, 3.62919436725e-08, 3.68383638261e-07, 1.44854638506e-07, 8.50663468555e-08, 1.31448132379e-07, 2.91908634154e-07, 7.47909382426e-07, 1.25703905951e-07, 6.85236969389e-08, 1.0684154006e-07, 5.85110413454e-08, 5.3516384213e-08, 2.57307846141e-08, 2.52487701857e-08, 3.72993724795e-08, 2.22564278118e-08, 9.52296019818e-09, 7.68820385133e-09, 7.98252486334e-09, 3.03308045346e-09, 4.66410288169e-09, 2.63071919804e-09, 6.39667818714e-10, 1.61254920528e-09, 4.35204788873e-10, 3.10861392183e-10, 2.99647306967e-10, 7.22179122059e-11, 5.69381972126e-11, 2.18880243791e-11, 2.12562432933e-11, 4.79150530017e-12, 4.30846374203e-12, 4.23173562164e-12, 1.18255134417e-12, 1.87534178724e-13, 2.73073884604e-14, 5.60103670394e-15, 8.85291625537e-16], "dvar": [1.1728629179e-09, 8.89215812094e-09, 1.12683139264e-07, 4.70531347219e-08, 3.0488166658e-08, 4.62510030275e-08, 7.64456586921e-08, 1.4745491228e-07, 4.4763670104e-08, 2.11641104642e-08, 3.02920142303e-08, 2.3784295422e-08, 1.91380635783e-08, 1.22373897682e-08, 9.2349434766e-09, 1.02643307187e-08, 6.83537404456e-09, 3.29439520108e-09, 3.41418870953e-09, 3.83337717125e-09, 1.11084685894e-09, 1.24911403443e-09, 1.31627908573e-09, 2.60408861141e-10, 6.04786776215e-10, 1.6760565158e-10, 1.30108715468e-10, 1.31271452042e-10, 3.15981060761e-11, 2.43588049037e-11, 8.77863927384e-12, 7.60125642985e-12, 1.37511519099e-12, 1.2433774713e-12, 1.46472851209e-12, 3.11949630624e-13, 5.51882283904e-14, 8.04615824245e-15, 1.31803493494e-15, 2.09117704245e-16], "mean": [2.88458959403e-05, 8.7794236606e-05, 0.000252038735198, 0.000183245370863, 0.00014677317813, 0.000185340279131, 0.000244692753768, 0.000325082539348, 0.000160432857228, 0.00012944372429, 0.000132992543513, 0.000110991306428, 0.000111536057375, 7.21936667105e-05, 7.1302318247e-05, 8.48472627695e-05, 5.85131856496e-05, 4.15225185861e-05, 3.74059309252e-05, 4.05724422308e-05, 2.71246390184e-05, 2.36566993408e-05, 1.7577487597e-05, 1.25744072648e-05, 1.72498148459e-05, 9.85081805993e-06, 7.88925990491e-06, 6.98066878613e-06, 3.55227439286e-06, 2.67019936473e-06, 1.81106815944e-06, 1.54373981331e-06, 8.77000559285e-07, 7.84674853094e-07, 6.90612921517e-07, 3.71458639847e-07, 1.31162281036e-07, 5.15560714121e-08, 2.60947174979e-08, 1.19250742614e-08]}, "spectral_entropy": {"min": 5.14752674103, "max": 9.82097053528, "dvar2": 0.0208463165909, "median": 7.39466142654, "dmean2": 0.151739656925, "dmean": 0.0988689437509, "var": 0.249617189169, "dvar": 0.0092985779047, "mean": 7.31693029404}, "spectral_rolloff": {"min": 172.265625, "max": 19616.7480469, "dvar2": 297910.46875, "median": 1679.58984375, "dmean2": 436.320892334, "dmean": 262.650787354, "var": 4480161, "dvar": 141394.171875, "mean": 1969.27990723}, "barkbands": {"min": [1.79089519982e-25, 2.58513741832e-24, 4.85726557767e-25, 4.19461502171e-25, 5.63766782323e-24, 8.22436166411e-24, 3.09756548791e-24, 3.16982199139e-24, 1.40942953814e-23, 9.17242337747e-24, 1.047310276e-23, 1.62384871638e-23, 2.23922948444e-23, 2.01728331098e-23, 3.98650069593e-23, 5.21791540887e-23, 6.58707375557e-23, 1.00470795326e-22, 1.22082788406e-22, 1.78056256163e-22, 2.44652221948e-22, 2.48881248463e-22, 3.97911563257e-22, 6.07385688029e-22, 8.68475221644e-22, 1.25219150428e-21, 2.00400719847e-21], "max": [5.07460681547e-05, 0.00678584631532, 0.0127637209371, 0.0247957482934, 0.050731357187, 0.0323454961181, 0.0598167665303, 0.0628128871322, 0.0298650600016, 0.0405069664121, 0.0276848450303, 0.033342987299, 0.0286063998938, 0.025859227404, 0.0269661061466, 0.0187028832734, 0.0525060519576, 0.00995690841228, 0.00892412103713, 0.00831251218915, 0.00431515322998, 0.00296834832989, 0.00139959517401, 0.000564897723962, 5.75730919081e-05, 1.41090833949e-06, 6.89758081762e-08], "dvar2": [4.06561980262e-12, 6.80632723515e-08, 1.66529858348e-07, 1.7999038846e-06, 2.09469931178e-06, 2.14748524741e-06, 5.04807030666e-06, 4.72644433103e-06, 2.40969052356e-06, 3.24441361954e-06, 2.51111350735e-06, 1.73513114987e-06, 3.1651397876e-06, 1.61131049481e-06, 1.27713190068e-06, 1.19994524539e-06, 9.07335163447e-07, 2.58430389977e-07, 3.71658074982e-07, 2.23956320156e-07, 5.68006157664e-08, 1.81146901923e-08, 5.04879515972e-09, 4.03125033355e-10, 3.46451795204e-12, 6.82627155621e-15, 6.16187815591e-17], "median": [2.26093646916e-07, 1.68558435689e-05, 2.53745420196e-05, 4.79884402012e-05, 0.00027055843384, 0.000331014540279, 0.000333057949319, 0.000271569704637, 0.000227134005399, 0.000237822765484, 0.000167677775607, 0.000135666952701, 0.000140784119139, 0.000103160680737, 0.000124169469927, 0.000129507345264, 0.000105705061287, 6.56535994494e-05, 9.43833219935e-05, 5.31476725882e-05, 2.05002779694e-05, 9.40119844017e-06, 4.27253417001e-06, 9.47307853494e-07, 3.45475683616e-07, 4.18139656233e-08, 8.65937876959e-10], "dmean2": [8.55146652157e-07, 0.000100092671346, 0.000153511107783, 0.00046104969806, 0.000663330603857, 0.000717887538485, 0.00100449880119, 0.000891195726581, 0.000661153579131, 0.000730392348487, 0.000648704764899, 0.000468209997052, 0.000659031444229, 0.000466556171887, 0.000447671191068, 0.000435388792539, 0.000351112568751, 0.000212582803215, 0.000257017760305, 0.000168918733834, 7.14801062713e-05, 4.24807149102e-05, 2.2554777388e-05, 5.01844351675e-06, 5.51300900042e-07, 4.15124929987e-08, 5.64804825132e-09], "dmean": [5.0711281574e-07, 6.78635769873e-05, 0.00010084243695, 0.000327083485899, 0.000435496069258, 0.000453340413515, 0.000669970875606, 0.000581534462981, 0.000435040070442, 0.000483352661831, 0.000410768581787, 0.000290767493425, 0.000415191374486, 0.00030094225076, 0.000277743820334, 0.000266868446488, 0.000223028691835, 0.000133879468194, 0.000161427320563, 0.000105323175376, 4.57821661257e-05, 2.81448756141e-05, 1.48546687342e-05, 3.3676124076e-06, 3.63803479786e-07, 2.39151223269e-08, 3.25000448775e-09], "var": [1.82492454308e-12, 1.16373058745e-07, 2.57945231397e-07, 2.75321099252e-06, 3.1647882679e-06, 2.57432725448e-06, 1.00188171928e-05, 1.15658203867e-05, 3.25565224557e-06, 4.22879975304e-06, 3.21575430462e-06, 1.46011689139e-06, 4.14503665525e-06, 2.08897495213e-06, 1.20072229493e-06, 1.04426635517e-06, 1.45901776705e-06, 2.79554882354e-07, 4.52965196018e-07, 2.33150345252e-07, 6.15143562754e-08, 2.8049470302e-08, 1.05186721555e-08, 7.04243774408e-10, 7.31663514497e-12, 2.80250464423e-15, 3.98919927241e-17], "dvar": [1.59594624842e-12, 3.25311901861e-08, 8.0257528623e-08, 8.84219446107e-07, 1.02846877326e-06, 9.37958645864e-07, 2.58313843915e-06, 2.15900263356e-06, 1.01148805243e-06, 1.44378441291e-06, 1.02607305053e-06, 6.79607296661e-07, 1.27163127672e-06, 6.66362552693e-07, 5.35113429123e-07, 4.67482180966e-07, 4.31572061643e-07, 1.07026160379e-07, 1.53889416765e-07, 8.92928042617e-08, 2.24690293038e-08, 7.89698884063e-09, 2.30813301805e-09, 1.74499290018e-10, 1.6230270166e-12, 2.46460668443e-15, 2.25505498829e-17], "mean": [5.95584594976e-07, 0.000145520330989, 0.000197602959815, 0.000619524740614, 0.000832370191347, 0.000869486539159, 0.00137194129638, 0.00119924498722, 0.000887132191565, 0.000900162791368, 0.000804014562164, 0.000546412484255, 0.000874151475728, 0.000581745931413, 0.000495537940878, 0.000501695845742, 0.000430868007243, 0.000264285918092, 0.00033695352613, 0.000218083281652, 0.000102149635495, 6.53270835755e-05, 3.79060365958e-05, 7.96320637164e-06, 1.04405239654e-06, 4.56251854075e-08, 4.45914460911e-09]}, "melbands_flatness_db": {"min": 0.00351003953256, "max": 0.50303453207, "dvar2": 0.000471061473945, "median": 0.180399090052, "dmean2": 0.023964272812, "dmean": 0.015964820981, "var": 0.00598284276202, "dvar": 0.000211894861422, "mean": 0.192256093025}, "melbands_skewness": {"min": -1.58395028114, "max": 9.805519104, "dvar2": 0.346878647804, "median": 1.18320822716, "dmean2": 0.617734134197, "dmean": 0.400633305311, "var": 1.16204667091, "dvar": 0.147554159164, "mean": 1.34809434414}, "barkbands_skewness": {"min": -2.68676042557, "max": 10.6077289581, "dvar2": 0.287957280874, "median": 0.718749403954, "dmean2": 0.550868570805, "dmean": 0.359632819891, "var": 1.20352697372, "dvar": 0.123392947018, "mean": 0.839418768883}, "silence_rate_60dB": {"min": 0, "max": 1, "dvar2": 0.101842612028, "median": 0, "dmean2": 0.0972758084536, "dmean": 0.0486322194338, "var": 0.21104387939, "dvar": 0.0462627597153, "mean": 0.302630037069}, "spectral_energyband_low": {"min": 6.49929325834e-24, "max": 0.0198554489762, "dvar2": 7.76588592544e-07, "median": 0.000106611150841, "dmean2": 0.000356919306796, "dmean": 0.000248919357546, "var": 1.63991728641e-06, "dvar": 3.7915805251e-07, "mean": 0.00060788274277}, "spectral_energyband_middle_low": {"min": 1.55467142101e-22, "max": 0.0730025544763, "dvar2": 1.94345375348e-05, "median": 0.00337555119768, "dmean2": 0.00274194264784, "dmean": 0.00189622968901, "var": 6.31866714684e-05, "dvar": 9.42145106819e-06, "mean": 0.00613054446876}, "melbands_kurtosis": {"min": -1.87296926975, "max": 188.398925781, "dvar2": 61.8323020935, "median": 1.89516830444, "dmean2": 3.55463433266, "dmean": 2.31339335442, "var": 98.4841690063, "dvar": 27.1522541046, "mean": 4.40419340134}, "spectral_decrease": {"min": -2.61804018464e-08, "max": 1.86737469258e-28, "dvar2": 1.70670945357e-18, "median": -1.60374213909e-09, "dmean2": 9.4175300891e-10, "dmean": 6.72461697437e-10, "var": 1.1202892502e-17, "dvar": 8.92997512737e-19, "mean": -2.92421109549e-09}, "erbbands_kurtosis": {"min": -1.61630392075, "max": 36.4124565125, "dvar2": 3.57604122162, "median": -0.118980169296, "dmean2": 1.20052719116, "dmean": 0.763544797897, "var": 5.01606655121, "dvar": 1.57302474976, "mean": 0.481045663357}, "melbands_crest": {"min": 1.63107204437, "max": 34.0327339172, "dvar2": 16.078994751, "median": 9.96329593658, "dmean2": 4.41901254654, "dmean": 2.76404929161, "var": 29.4563846588, "dvar": 6.55198287964, "mean": 11.2970867157}, "melbands_spread": {"min": 0.399394184351, "max": 161.926376343, "dvar2": 58.6958465576, "median": 22.1353473663, "dmean2": 7.41453695297, "dmean": 4.74691438675, "var": 332.795837402, "dvar": 24.0797939301, "mean": 24.8058128357}, "spectral_energy": {"min": 1.01380532188e-20, "max": 0.109733052552, "dvar2": 2.88732771878e-05, "median": 0.00663006165996, "dmean2": 0.00387495197356, "dmean": 0.00277483649552, "var": 0.000201589791686, "dvar": 1.5261273802e-05, "mean": 0.012291746214}, "mfcc": {"mean": [-725.956420898, 133.557952881, -49.024017334, 10.8695287704, -20.6318893433, -5.77056074142, -12.2495985031, -1.88521015644, -9.78203582764, 0.235725268722, -6.73342609406, -2.81582593918, -0.13380010426], "icov": [[0.000525843759533, -0.000683840713464, 0.000806152820587, -0.000968851498328, 0.00141850160435, -0.00167193938978, 0.00169948278926, -0.00140912877396, 0.00147608784027, -0.00126885657664, 0.00114252604544, -0.000959543511271, 0.000913242518436], [-0.000683840713464, 0.00162810599431, -0.00137198681477, 0.00108626764268, -0.00240336265415, 0.00286840111949, -0.0026021504309, 0.00254963408224, -0.00181267852895, 0.00172064488288, -0.00140126119368, 0.00105182931293, -0.0007401528419], [0.000806152820587, -0.00137198681477, 0.00279231136665, -0.00177484750748, 0.00077536603203, -0.00243762251921, 0.00265177688561, -0.00158383068629, 0.00138862943277, -0.00183828594163, 0.00191092235036, -0.00123623257969, 0.00123750511557], [-0.000968851498328, 0.00108626764268, -0.00177484750748, 0.00559997884557, -0.00350933312438, 0.00247627287172, -0.00257485918701, 0.00126961176284, -0.00167578249238, 0.000222608490731, -0.000373475224478, 0.00276259612292, -0.00263647688553], [0.00141850160435, -0.00240336265415, 0.00077536603203, -0.00350933312438, 0.0125993266702, -0.00765059283003, 0.00116654671729, -0.00194862426724, 0.00161472393665, 0.000475847104099, -0.000310080504278, -0.00243544904515, 0.00313117261976], [-0.00167193938978, 0.00286840111949, -0.00243762251921, 0.00247627287172, -0.00765059283003, 0.015431271866, -0.00815544184297, 0.000746327976231, -0.000975377159193, 0.00145778153092, -0.00159275368787, 0.0011531986529, -0.000945022562519], [0.00169948278926, -0.0026021504309, 0.00265177688561, -0.00257485918701, 0.00116654671729, -0.00815544184297, 0.0176655128598, -0.00873122643679, 0.00254443800077, -0.00372710893862, 0.00195495318621, -0.000267842435278, 0.000567141221836], [-0.00140912877396, 0.00254963408224, -0.00158383068629, 0.00126961176284, -0.00194862426724, 0.000746327976231, -0.00873122643679, 0.019889395684, -0.0116200018674, 0.00504265911877, -0.00300463289022, 0.0019636512734, -0.00282790162601], [0.00147608784027, -0.00181267852895, 0.00138862943277, -0.00167578249238, 0.00161472393665, -0.000975377159193, 0.00254443800077, -0.0116200018674, 0.022894738242, -0.01371290721, 0.0066771642305, -0.00273053045385, 0.00352154253051], [-0.00126885657664, 0.00172064488288, -0.00183828594163, 0.000222608490731, 0.000475847104099, 0.00145778153092, -0.00372710893862, 0.00504265911877, -0.01371290721, 0.0276801362634, -0.015648804605, 0.0069762901403, -0.00368367345072], [0.00114252604544, -0.00140126119368, 0.00191092235036, -0.000373475224478, -0.000310080504278, -0.00159275368787, 0.00195495318621, -0.00300463289022, 0.0066771642305, -0.015648804605, 0.0276919193566, -0.0149048389867, 0.00655989255756], [-0.000959543511271, 0.00105182931293, -0.00123623257969, 0.00276259612292, -0.00243544904515, 0.0011531986529, -0.000267842435278, 0.0019636512734, -0.00273053045385, 0.0069762901403, -0.0149048389867, 0.0254663247615, -0.0133562432602], [0.000913242518436, -0.0007401528419, 0.00123750511557, -0.00263647688553, 0.00313117261976, -0.000945022562519, 0.000567141221836, -0.00282790162601, 0.00352154253051, -0.00368367345072, 0.00655989255756, -0.0133562432602, 0.0180220231414]], "cov": [[12976.6796875, -321.557617188, -2180.33691406, 394.837341309, -1062.93579102, 125.395240784, -654.59588623, 71.1089630127, -414.954864502, 50.8933448792, -183.600189209, 40.8435440063, -51.7120857239], [-321.557617188, 2477.44921875, 990.718139648, 155.211898804, 413.79788208, -87.9261932373, 109.410995483, -164.15071106, 15.7818565369, -48.1859359741, 8.04469585419, -52.0858802795, -87.4482879639], [-2180.33691406, 990.718139648, 1304.11010742, 184.600784302, 405.790924072, 46.6288299561, 151.955734253, -31.47032547, 90.1819381714, -5.82110881805, 5.21969175339, -48.9464569092, -46.1326332092], [394.837341309, 155.211898804, 184.600784302, 345.985290527, 98.4650726318, 62.0611839294, 52.9192886353, 41.5301132202, 27.7487869263, 21.248008728, -23.4772930145, -34.0060768127, -2.43192434311], [-1062.93579102, 413.79788208, 405.790924072, 98.4650726318, 326.787200928, 96.3592910767, 139.043701172, 20.1657543182, 52.4077987671, -5.03864955902, 22.3635807037, -14.8523111343, -25.9550457001], [125.395240784, -87.9261932373, 46.6288299561, 62.0611839294, 96.3592910767, 184.707229614, 90.9286804199, 71.4943389893, 22.4780292511, 14.8995418549, 4.18723344803, -3.28173923492, -8.09026432037], [-654.59588623, 109.410995483, 151.955734253, 52.9192886353, 139.043701172, 90.9286804199, 183.257766724, 73.9767150879, 62.7584114075, 18.5370960236, 12.936208725, -14.0692634583, -2.18669223785], [71.1089630127, -164.15071106, -31.47032547, 41.5301132202, 20.1657543182, 71.4943389893, 73.9767150879, 134.586334229, 62.7984580994, 25.9727973938, 1.20572757721, -3.53676342964, 6.9051656723], [-414.954864502, 15.7818565369, 90.1819381714, 27.7487869263, 52.4077987671, 22.4780292511, 62.7584114075, 62.7984580994, 114.003944397, 44.2785682678, 7.9793844223, -14.0337295532, -7.03642082214], [50.8933448792, -48.1859359741, -5.82110881805, 21.248008728, -5.03864955902, 14.8995418549, 18.5370960236, 25.9727973938, 44.2785682678, 77.9209518433, 32.1255493164, 0.641943514347, 0.156116992235], [-183.600189209, 8.04469585419, 5.21969175339, -23.4772930145, 22.3635807037, 4.18723344803, 12.936208725, 1.20572757721, 7.9793844223, 32.1255493164, 78.9959564209, 39.920463562, 7.79588508606], [40.8435440063, -52.0858802795, -48.9464569092, -34.0060768127, -14.8523111343, -3.28173923492, -14.0692634583, -3.53676342964, -14.0337295532, 0.641943514347, 39.920463562, 92.9868774414, 53.7293510437], [-51.7120857239, -87.4482879639, -46.1326332092, -2.43192434311, -25.9550457001, -8.09026432037, -2.18669223785, 6.9051656723, -7.03642082214, 0.156116992235, 7.79588508606, 53.7293510437, 100.954589844]]}, "spectral_contrast_valleys": {"min": [-28.3285770416, -28.0351600647, -27.9632797241, -27.9070396423, -27.6885299683, -27.4373073578], "max": [-6.12063121796, -4.82740068436, -5.10097789764, -5.29555606842, -5.56388282776, -9.08322048187], "dvar2": [0.313900262117, 0.173743739724, 0.1241787076, 0.0908222272992, 0.0674705952406, 0.0463479682803], "median": [-9.01015377045, -6.94120073318, -7.48963117599, -7.9254488945, -7.9736790657, -11.7162084579], "dmean2": [0.679624855518, 0.504492759705, 0.4194650352, 0.34458065033, 0.254149675369, 0.199719831347], "dmean": [0.407239407301, 0.305498808622, 0.256417572498, 0.213353946805, 0.166172429919, 0.132751509547], "var": [5.53012466431, 6.02772569656, 5.65586233139, 5.60004472733, 5.75788164139, 3.52640104294], "dvar": [0.12066898495, 0.0741912871599, 0.0564254559577, 0.044607013464, 0.0390706807375, 0.0284264534712], "mean": [-9.29770088196, -7.36547803879, -7.79975366592, -8.25417041779, -8.39390182495, -11.8662815094]}, "barkbands_flatness_db": {"min": 0.0153965624049, "max": 0.388952165842, "dvar2": 0.000440214789705, "median": 0.170976579189, "dmean2": 0.0249737557024, "dmean": 0.0159179810435, "var": 0.00206112489104, "dvar": 0.000184827033081, "mean": 0.176567345858}, "dynamic_complexity": 5.82972669601, "spectral_skewness": {"min": -0.0856175050139, "max": 6.51867961884, "dvar2": 0.167984336615, "median": 1.38502514362, "dmean2": 0.469572037458, "dmean": 0.27402600646, "var": 0.767217576504, "dvar": 0.0589309222996, "mean": 1.66690158844}, "erbbands_flatness_db": {"min": 0.0490220598876, "max": 0.389986306429, "dvar2": 0.00026460