{"lowlevel": {"spectral_complexity": {"min": 0, "max": 28, "dvar2": 4.73139667511, "median": 10, "dmean2": 2.23418712616, "dmean": 1.39736056328, "var": 21.4898605347, "dvar": 2.29124855995, "mean": 10.0380191803}, "silence_rate_20dB": {"min": 1, "max": 1, "dvar2": 0, "median": 1, "dmean2": 0, "dmean": 0, "var": 0, "dvar": 0, "mean": 1}, "average_loudness": 0.695414423943, "erbbands_spread": {"min": 1.33434414864, "max": 151.225036621, "dvar2": 54.617931366, "median": 12.7846031189, "dmean2": 4.88591432571, "dmean": 3.23616790771, "var": 202.384231567, "dvar": 27.9736938477, "mean": 16.2856254578}, "spectral_kurtosis": {"min": -1.25389492512, "max": 173.757949829, "dvar2": 386.490142822, "median": 18.4888057709, "dmean2": 15.4635429382, "dmean": 9.26034259796, "var": 668.729736328, "dvar": 150.726379395, "mean": 27.4821872711}, "barkbands_kurtosis": {"min": -1.84399855137, "max": 126.382141113, "dvar2": 39.8601837158, "median": 2.32033777237, "dmean2": 3.19926190376, "dmean": 2.01474332809, "var": 39.0644683838, "dvar": 16.0124988556, "mean": 4.02472925186}, "spectral_strongpeak": {"min": 0, "max": 9.60577011108, "dvar2": 0.955763697624, "median": 0.482875347137, "dmean2": 0.697987556458, "dmean": 0.420128941536, "var": 1.85437297821, "dvar": 0.419743806124, "mean": 1.12094736099}, "spectral_spread": {"min": 532169.1875, "max": 43165176, "dvar2": 1115989213180.0, "median": 2366705.25, "dmean2": 641998.875, "dmean": 411577.15625, "var": 13008119005200.0, "dvar": 560543498240, "mean": 2974306}, "spectral_rms": {"min": 3.11790220378e-12, "max": 0.012411898002, "dvar2": 7.31949000965e-07, "median": 0.00409736298025, "dmean2": 0.000731648469809, "dmean": 0.000503818795551, "var": 4.62764546683e-06, "dvar": 3.7470383063e-07, "mean": 0.00417569745332}, "erbbands": {"min": [6.71784291229e-23, 6.02678725402e-22, 2.19996277168e-21, 5.09903896771e-21, 1.41504123335e-20, 2.14666422902e-20, 5.07918332105e-20, 7.89363336664e-20, 9.78173062969e-20, 1.47367564026e-19, 2.17621654887e-19, 3.6301498436e-19, 5.62265629926e-19, 9.02536352766e-19, 7.58127988607e-19, 1.3503849645e-18, 1.54658465777e-18, 1.66195629409e-18, 3.19563817508e-18, 3.39755110145e-18, 4.27226833624e-18, 4.89608907674e-18, 5.60400637498e-18, 7.21267910613e-18, 8.00221803773e-18, 8.45255997862e-18, 8.76093870125e-18, 9.90723070487e-18, 1.18446390735e-17, 1.29582136024e-17, 1.32761338534e-17, 1.00053194363e-17, 1.09688955144e-17, 9.20927059325e-18, 6.32726663282e-18, 3.67697374634e-18, 2.27146877455e-18, 1.05819127133e-18, 2.30538803935e-19, 2.73896432169e-20], "max": [1.30490779877, 14.0572633743, 37.0284500122, 40.3584976196, 139.567428589, 152.733810425, 132.07043457, 468.617797852, 1253.03833008, 1454.05236816, 1783.72045898, 3096.93994141, 1866.89074707, 1791.46716309, 2391.46459961, 2412.87890625, 836.585754395, 725.36517334, 1029.83154297, 271.526489258, 183.032989502, 291.404449463, 177.419952393, 58.328163147, 62.315284729, 29.9961986542, 55.6603813171, 22.9986400604, 16.0973548889, 17.4902973175, 16.7753582001, 35.6416473389, 48.4814147949, 15.0695886612, 5.14798021317, 0.680773317814, 0.118460066617, 0.0184812117368, 0.00272996979766, 0.000183562500752], "dvar2": [0.0103707900271, 1.55667793751, 11.8737983704, 6.19153690338, 94.7378387451, 80.255859375, 159.143325806, 835.372192383, 6184.1171875, 12455.2763672, 2348.99291992, 7448.37744141, 6121.39208984, 2379.7421875, 5096.56835938, 2399.1706543, 1071.42260742, 698.555236816, 680.555664062, 113.181365967, 24.915599823, 39.758228302, 12.0422935486, 8.52006816864, 4.35716724396, 2.11946487427, 3.53935170174, 0.853033006191, 0.288196861744, 0.36116823554, 0.30854216218, 0.869545817375, 0.978867650032, 0.153625801206, 0.0201550349593, 0.000592565571424, 2.5991063012e-05, 9.0142185627e-07, 8.3216509239e-09, 1.68746905338e-10], "median": [0.0214990824461, 0.627771019936, 1.40954208374, 1.08424711227, 2.55606365204, 3.63258910179, 5.42548131943, 13.5873413086, 19.9958877563, 21.9277496338, 11.3818359375, 6.63040733337, 8.1016254425, 6.62087059021, 5.87098121643, 3.54897642136, 1.96730303764, 1.81948208809, 1.67395019531, 0.84698086977, 0.585829496384, 0.430809855461, 0.290294647217, 0.222652822733, 0.201676905155, 0.11415117979, 0.0688491463661, 0.0302701797336, 0.0158955249935, 0.0160918105394, 0.0225207861513, 0.0206959042698, 0.0125491861254, 0.00809708423913, 0.00228368118405, 0.000569635420106, 0.000197528715944, 3.56584387191e-05, 1.30613243527e-05, 1.97035114979e-05], "dmean2": [0.0330261439085, 0.536237835884, 1.79454803467, 1.34782505035, 4.96955299377, 5.41235256195, 7.32716941833, 17.6545829773, 34.4385566711, 46.8983383179, 18.6262741089, 20.5514659882, 24.87849617, 19.5239543915, 23.7215156555, 12.7697601318, 7.78377914429, 6.39296674728, 5.73482847214, 2.85359096527, 1.45523333549, 1.30078673363, 0.837297320366, 0.955546379089, 0.740644931793, 0.529772698879, 0.424083381891, 0.192577317357, 0.11831228435, 0.119512453675, 0.122445032001, 0.145006373525, 0.116464905441, 0.0643855184317, 0.0222535841167, 0.00574669521302, 0.00145451445132, 0.000272858829703, 2.4609544198e-05, 8.97952213563e-06], "dmean": [0.0197884850204, 0.319423049688, 1.07185196877, 0.815500855446, 2.95577526093, 3.38457298279, 4.7543759346, 11.1556615829, 23.5339794159, 30.8528556824, 12.7435598373, 14.9605150223, 17.815404892, 14.2624988556, 18.1221637726, 9.23757266998, 5.5866651535, 4.70359182358, 4.04945659637, 1.93734383583, 0.995203793049, 0.88411283493, 0.567578077316, 0.644309401512, 0.501061320305, 0.355459481478, 0.273142725229, 0.120188951492, 0.0760864317417, 0.080146946013, 0.0811216086149, 0.0998022332788, 0.0795369446278, 0.0438978336751, 0.0153787704185, 0.00373505218886, 0.000951376452576, 0.000180203132913, 1.58893417392e-05, 6.13397241978e-06], "var": [0.00466968258843, 0.898594737053, 9.75244617462, 4.32040548325, 55.4454994202, 72.8177261353, 188.83013916, 1175.35827637, 9317.18652344, 17558.4492188, 7467.20556641, 19983.6152344, 18079.796875, 9607.35449219, 22271.4316406, 8535.40625, 2238.22363281, 1442.5625, 1356.94921875, 166.800918579, 44.8591041565, 81.3160476685, 26.7700710297, 16.945854187, 10.4671068192, 4.0715341568, 1.92477357388, 0.449598491192, 0.23181219399, 0.311740338802, 0.388249576092, 0.904649674892, 0.871140241623, 0.150035336614, 0.0174480602145, 0.000446912337793, 1.82803105417e-05, 7.13738472768e-07, 8.61905835592e-09, 5.4537985239e-10], "dvar": [0.00391795160249, 0.566001832485, 4.26897621155, 2.29383349419, 36.3103904724, 31.4394130707, 64.574256897, 327.145294189, 2787.58569336, 5274.09912109, 1331.61547852, 4322.85839844, 3304.328125, 1353.78540039, 3395.03955078, 1304.72424316, 561.114318848, 384.811157227, 327.202270508, 58.552482605, 13.6197719574, 22.0858821869, 6.36367034912, 4.1753077507, 2.1513197422, 1.00452148914, 1.3383384943, 0.336217820644, 0.135744541883, 0.173597797751, 0.162430211902, 0.415870517492, 0.51444786787, 0.0787375122309, 0.0100885173306, 0.000272894510999, 1.17802837849e-05, 4.18791955781e-07, 4.06314271117e-09, 8.17563516886e-11], "mean": [0.0418870598078, 0.8477845788, 2.45683503151, 1.68738400936, 4.90785455704, 6.54981422424, 10.4884128571, 25.7042102814, 55.1140975952, 72.310333252, 35.7239303589, 39.1928215027, 47.9317703247, 41.1227989197, 47.7649803162, 23.5327129364, 12.6993103027, 11.2700395584, 9.39661598206, 4.06609153748, 2.23651361465, 2.00045347214, 1.31499874592, 1.41249525547, 1.1876938343, 0.799300014973, 0.489236205816, 0.175526291132, 0.10785728693, 0.113108605146, 0.134191066027, 0.172602713108, 0.136967241764, 0.0734929740429, 0.0213748048991, 0.00474036717787, 0.00125977932476, 0.000245262606768, 2.98805680359e-05, 2.60982360487e-05]}, "zerocrossingrate": {"min": 0.00390625, "max": 0.5205078125, "dvar2": 9.96250673779e-05, "median": 0.0234375, "dmean2": 0.00466623809189, "dmean": 0.00357320043258, "var": 0.00663770548999, "dvar": 6.02414220339e-05, "mean": 0.0394755676389}, "spectral_contrast_coeffs": {"min": [-0.974891006947, -0.977636039257, -0.97586786747, -0.972414672375, -0.964987158775, -0.964152216911], "max": [-0.367497801781, -0.374786496162, -0.400320410728, -0.508356153965, -0.59888035059, -0.671482205391], "dvar2": [0.00362231396139, 0.00305674271658, 0.00183201418258, 0.00134559243452, 0.000729337392841, 0.000502046954352], "median": [-0.655498504639, -0.677260279655, -0.74164056778, -0.771494626999, -0.805580973625, -0.838446557522], "dmean2": [0.0694060996175, 0.0649634003639, 0.0507145226002, 0.0425843410194, 0.0309931170195, 0.0228761639446], "dmean": [0.0415797568858, 0.0400763303041, 0.032238021493, 0.0271035488695, 0.0196135845035, 0.014205195941], "var": [0.0084819458425, 0.00874721072614, 0.00892821885645, 0.0051098857075, 0.00267231254838, 0.0012675387552], "dvar": [0.00130675826222, 0.00120442756452, 0.000839105050545, 0.000590311130509, 0.000332508789143, 0.000205056916457], "mean": [-0.660446882248, -0.67820250988, -0.730318486691, -0.766249835491, -0.804801046848, -0.837684094906]}, "dissonance": {"min": 0.120732970536, "max": 0.499985545874, "dvar2": 0.00330637767911, "median": 0.418527722359, "dmean2": 0.0610358938575, "dmean": 0.0363885611296, "var": 0.00326723488979, "dvar": 0.00121763255447, "mean": 0.411018133163}, "spectral_energyband_high": {"min": 7.13936113182e-21, "max": 0.0040097432211, "dvar2": 1.23382317696e-08, "median": 7.01549561199e-06, "dmean2": 2.72806046269e-05, "dmean": 1.91168419406e-05, "var": 1.62130575632e-08, "dvar": 6.48275522153e-09, "mean": 3.75953131879e-05}, "gfcc": {"mean": [-135.890151978, 162.49911499, -93.3664016724, -5.57279396057, -53.9049072266, 4.42310667038, -31.0989360809, 7.62069749832, -15.5758991241, -0.647729635239, -0.224156305194, -7.65944051743, -4.71475601196], "icov": [[0.00032831489807, -0.000970411929302, 0.000884912384208, -0.000537314859685, 0.000993989990093, -0.000932830618694, 0.000906452070922, -0.00098261074163, 0.000758564856369, -0.000864161702339, 0.000481178751215, -0.000124190366478, 0.000369836197933], [-0.000970411929302, 0.00345404399559, -0.00267431070097, 0.00205924385227, -0.00299046956934, 0.00313823646866, -0.00261714169756, 0.00337889650837, -0.00273036072031, 0.00316247926094, -0.00188231095672, 0.00100104499143, -0.00119809631724], [0.000884912384208, -0.00267431070097, 0.00416605174541, -0.00188827083912, 0.00270310160704, -0.00280721811578, 0.00175210391171, -0.00218710443005, 0.00116033072118, -0.00208096881397, 0.00166092952713, -0.00222073728219, 0.00193138571922], [-0.000537314859685, 0.00205924385227, -0.00188827083912, 0.00350058823824, -0.00150678609498, 0.00170348852407, -0.000803198374342, 0.00125825940631, -0.00047547990107, 0.000846638868097, -0.000276656792266, 0.00127757748123, -0.00120609905571], [0.000993989990093, -0.00299046956934, 0.00270310160704, -0.00150678609498, 0.00616237334907, -0.00267553259619, 0.00189859711099, -0.00242937006988, 0.000745411147363, -0.00276145618409, 0.00211935909465, -0.000680487137288, 0.00135823467281], [-0.000932830618694, 0.00313823646866, -0.00280721811578, 0.00170348852407, -0.00267553259619, 0.00825034175068, -0.00372393010184, 0.00179631903302, -0.000766482728068, 0.000946978805587, -0.00109708472155, 0.00127938378137, -0.00198525912128], [0.000906452070922, -0.00261714169756, 0.00175210391171, -0.000803198374342, 0.00189859711099, -0.00372393010184, 0.00835445616394, -0.0033936065156, 0.00328424619511, -0.00255465926602, 0.000741796044167, 0.000640808022581, 0.00179792684503], [-0.00098261074163, 0.00337889650837, -0.00218710443005, 0.00125825940631, -0.00242937006988, 0.00179631903302, -0.0033936065156, 0.0122255273163, -0.00603798031807, 0.00483051594347, -0.00331140728667, -4.65924713353e-05, -0.00288562639616], [0.000758564856369, -0.00273036072031, 0.00116033072118, -0.00047547990107, 0.000745411147363, -0.000766482728068, 0.00328424619511, -0.00603798031807, 0.0121033340693, -0.0068085398525, 0.0028498955071, -0.000345647975337, 0.00099780689925], [-0.000864161702339, 0.00316247926094, -0.00208096881397, 0.000846638868097, -0.00276145618409, 0.000946978805587, -0.00255465926602, 0.00483051594347, -0.0068085398525, 0.0151881566271, -0.00284161721356, -0.00137159810401, 0.00115943897981], [0.000481178751215, -0.00188231095672, 0.00166092952713, -0.000276656792266, 0.00211935909465, -0.00109708472155, 0.000741796044167, -0.00331140728667, 0.0028498955071, -0.00284161721356, 0.0122014721856, -0.000977031537332, -0.00271183857694], [-0.000124190366478, 0.00100104499143, -0.00222073728219, 0.00127757748123, -0.000680487137288, 0.00127938378137, 0.000640808022581, -4.65924713353e-05, -0.000345647975337, -0.00137159810401, -0.000977031537332, 0.0105772586539, -0.00406169006601], [0.000369836197933, -0.00119809631724, 0.00193138571922, -0.00120609905571, 0.00135823467281, -0.00198525912128, 0.00179792684503, -0.00288562639616, 0.00099780689925, 0.00115943897981, -0.00271183857694, -0.00406169006601, 0.0165491420776]], "cov": [[33730.171875, 5815.86425781, -2788.44946289, -259.638275146, -1445.93774414, 23.021572113, -803.386535645, 120.321472168, -454.519470215, -325.908050537, 272.028533936, -742.508300781, 116.033889771], [5815.86425781, 2837.14648438, -149.406723022, -551.812927246, 111.547218323, -255.787384033, -20.5198745728, -119.049362183, 97.7944259644, -132.626281738, 71.7868728638, -143.368011475, -25.7488594055], [-2788.44946289, -149.406723022, 808.505249023, 71.6024246216, 75.9549560547, 26.4529457092, 65.3118515015, -14.3624248505, 84.2188034058, 50.8323326111, -44.9496574402, 132.373352051, -33.8166809082], [-259.638275146, -551.812927246, 71.6024246216, 534.622802734, -62.1281929016, 43.6798477173, -39.4352149963, 20.8418884277, -45.5968208313, 25.3887138367, -31.465057373, -4.66465854645, 9.38685512543], [-1445.93774414, 111.547218323, 75.9549560547, -62.1281929016, 391.341674805, -24.2144050598, 45.522403717, -16.7255821228, 86.8220977783, 30.1345863342, -32.5097427368, 15.4186124802, -24.777633667], [23.021572113, -255.787384033, 26.4529457092, 43.6798477173, -24.2144050598, 227.942459106, 51.6786804199, 25.8659343719, -33.9728775024, 21.5693206787, 0.485694348812, -2.04599404335, 9.40561580658], [-803.386535645, -20.5198745728, 65.3118515015, -39.4352149963, 45.522403717, 51.6786804199, 207.671691895, 5.91413927078, -13.6379461288, 2.68075871468, 4.29396820068, -10.0566673279, -14.2254047394], [120.321472168, -119.049362183, -14.3624248505, 20.8418884277, -16.7255821228, 25.8659343719, 5.91413927078, 143.383880615, 31.78358078, -2.92814850807, 22.2035617828, 16.14427948, 26.6115665436], [-454.519470215, 97.7944259644, 84.2188034058, -45.5968208313, 86.8220977783, -33.9728775024, -13.6379461288, 31.78358078, 168.204498291, 48.8093605042, -16.2480182648, 25.7448406219, -9.9971408844], [-325.908050537, -132.626281738, 50.8323326111, 25.3887138367, 30.1345863342, 21.5693206787, 2.68075871468, -2.92814850807, 48.8093605042, 110.319953918, -4.47399425507, 26.3556041718, -12.0245838165], [272.028533936, 71.7868728638, -44.9496574402, -31.465057373, -32.5097427368, 0.485694348812, 4.29396820068, 22.2035617828, -16.2480182648, -4.47399425507, 109.185134888, 8.76791286469, 29.5388431549], [-742.508300781, -143.368011475, 132.373352051, -4.66465854645, 15.4186124802, -2.04599404335, -10.0566673279, 16.14427948, 25.7448406219, 26.3556041718, 8.76791286469, 144.882278442, 26.4188499451], [116.033889771, -25.7488594055, -33.8166809082, 9.38685512543, -24.777633667, 9.40561580658, -14.2254047394, 26.6115665436, -9.9971408844, -12.0245838165, 29.5388431549, 26.4188499451, 82.7167892456]]}, "spectral_flux": {"min": 6.38410435627e-11, "max": 0.283084750175, "dvar2": 0.00120793655515, "median": 0.0477064549923, "dmean2": 0.0282546188682, "dmean": 0.0174663923681, "var": 0.00157058262266, "dvar": 0.000475087756058, "mean": 0.0544372834265}, "silence_rate_30dB": {"min": 0, "max": 1, "dvar2": 0.00806303042918, "median": 1, "dmean2": 0.00627286965027, "dmean": 0.0031360250432, "var": 0.00221619405784, "dvar": 0.00312613812275, "mean": 0.997778952122}, "spectral_energyband_middle_high": {"min": 1.17015542274e-21, "max": 0.0723205655813, "dvar2": 8.69334962772e-06, "median": 0.000923556392081, "dmean2": 0.001337118214, "dmean": 0.00102641142439, "var": 5.45312504983e-05, "dvar": 5.48342404727e-06, "mean": 0.00373099301942}, "barkbands_spread": {"min": 0.899047255516, "max": 98.0706634521, "dvar2": 16.2326831818, "median": 7.00485754013, "dmean2": 2.6935133934, "dmean": 1.71744811535, "var": 35.3781890869, "dvar": 7.36783790588, "mean": 8.45518302917}, "spectral_centroid": {"min": 205.736129761, "max": 11745.6171875, "dvar2": 41869.6328125, "median": 514.403564453, "dmean2": 101.585769653, "dmean": 65.9927597046, "var": 1027292.0625, "dvar": 22660.6699219, "mean": 713.761962891}, "pitch_salience": {"min": 0.108355030417, "max": 0.927806138992, "dvar2": 0.00686142733321, "median": 0.537341296673, "dmean2": 0.0880700498819, "dmean": 0.0539533160627, "var": 0.0113254981115, "dvar": 0.00268347654492, "mean": 0.539655506611}, "erbbands_skewness": {"min": -2.22188925743, "max": 6.37314891815, "dvar2": 0.293836295605, "median": 0.768265366554, "dmean2": 0.530422091484, "dmean": 0.341246187687, "var": 0.842269420624, "dvar": 0.125410556793, "mean": 0.849726498127}, "erbbands_crest": {"min": 2.1009516716, "max": 32.5485916138, "dvar2": 14.5895462036, "median": 11.7430076599, "dmean2": 3.78465008736, "dmean": 2.41044712067, "var": 25.4994239807, "dvar": 6.015666008, "mean": 12.3675737381}, "melbands": {"min": [6.6921585084e-25, 1.19335446197e-24, 1.13332352759e-24, 1.49584278165e-24, 1.55014737472e-24, 2.00029112876e-24, 1.73790691978e-24, 1.77588051439e-24, 1.92271060303e-24, 1.68545279718e-24, 2.70577357782e-24, 3.34707726185e-24, 2.86912339989e-24, 3.74103439792e-24, 3.8730968132e-24, 3.21306142976e-24, 2.60168870618e-24, 2.94236972659e-24, 3.52815909936e-24, 3.19569268478e-24, 3.97446977826e-24, 4.19398334134e-24, 3.98543849472e-24, 5.14165969615e-24, 4.52566464211e-24, 4.32723535887e-24, 5.30170103559e-24, 4.13597800455e-24, 4.66388608891e-24, 5.23394458915e-24, 5.59545074859e-24, 5.49722139424e-24, 4.06057394606e-24, 6.6385982056e-24, 7.2118476482e-24, 6.49919307301e-24, 6.05044915264e-24, 6.9673268e-24, 6.1594898457e-24, 7.04104664045e-24], "max": [0.0150115536526, 0.0184703134, 0.00683023501188, 0.0142853008583, 0.00415577040985, 0.011226109229, 0.0196824688464, 0.0137949315831, 0.0145502230152, 0.0173833053559, 0.00907582323998, 0.00675509870052, 0.00759789301082, 0.00694986945018, 0.00427613221109, 0.00229866197333, 0.00170906237327, 0.00167724117637, 0.000530100835022, 0.000331744464347, 0.000314161676215, 0.000409565633163, 0.000323032931192, 8.88280119398e-05, 5.71574419155e-05, 4.1932973545e-05, 4.12738190789e-05, 1.83512802323e-05, 3.63883664249e-05, 3.12276897603e-05, 8.4296825662e-06, 8.72211057867e-06, 9.92433524516e-06, 1.01593932413e-05, 8.92847492651e-06, 1.44353070937e-05, 2.5344776077e-05, 4.54097171314e-05, 8.56034421304e-06, 1.48400076796e-05], "dvar2": [1.27094085656e-06, 2.738065632e-06, 3.05422901192e-07, 5.2660448091e-07, 1.57404627998e-07, 3.89072170037e-07, 1.58437933351e-06, 1.1407190641e-06, 1.51628739786e-07, 3.23453804185e-07, 1.56799828233e-07, 4.02620443651e-08, 7.77356916615e-08, 2.61513157795e-08, 1.0848747678e-08, 4.07420186477e-09, 3.51261553178e-09, 3.10945180715e-09, 2.32014463197e-10, 2.732957749e-10, 4.39197705981e-11, 6.91959128885e-11, 3.81130856042e-11, 9.87269814512e-12, 7.09160334622e-12, 3.8704131046e-12, 1.82321215417e-12, 1.14605601485e-12, 1.7761053045e-12, 1.06256670129e-12, 2.10776451089e-13, 8.82713024311e-14, 1.3752257525e-13, 1.12226247989e-13, 8.73623344348e-14, 2.31646895676e-13, 4.75213238985e-13, 9.0073467348e-13, 1.19926963325e-13, 1.52335460327e-13], "median": [0.000434304965893, 0.00086478603771, 0.000257876235992, 0.000255467661191, 0.000195633096155, 0.000311031064484, 0.000304276472889, 0.000222365633817, 7.10892054485e-05, 3.22162959492e-05, 3.48246685462e-05, 2.32394741033e-05, 1.74510932993e-05, 1.1678552255e-05, 4.47419733973e-06, 3.06972606268e-06, 2.9288830774e-06, 2.71200815405e-06, 1.25266956275e-06, 7.6995740983e-07, 5.66538233215e-07, 4.18687392312e-07, 3.09863025905e-07, 1.73191807562e-07, 1.57047338689e-07, 1.68076454088e-07, 8.93114844303e-08, 6.61840431349e-08, 4.52332074019e-08, 2.24735909882e-08, 1.18162919449e-08, 7.94355869971e-09, 7.12437486783e-09, 8.36988434116e-09, 1.12878479896e-08, 1.37197453398e-08, 1.13042366578e-08, 8.03103183955e-09, 8.31730950779e-09, 5.86815485093e-09], "dmean2": [0.000423045334173, 0.000845884147566, 0.000319134647725, 0.000393975380575, 0.000244433438638, 0.000392928748624, 0.000555462960619, 0.00047085431288, 0.000140286821988, 0.000133800916956, 0.000126377053675, 8.14558152342e-05, 8.95781486179e-05, 4.6508575906e-05, 2.54812166531e-05, 1.43109191413e-05, 1.34583006002e-05, 1.12778516268e-05, 4.88000887344e-06, 3.67701090909e-06, 1.70843134129e-06, 1.63903143857e-06, 1.21294408473e-06, 7.65745426179e-07, 8.64071580509e-07, 7.11263226094e-07, 4.36974204376e-07, 3.78435004222e-07, 3.2660742022e-07, 1.74940311126e-07, 1.00958878591e-07, 6.84193395273e-08, 7.21178139429e-08, 6.65889956508e-08, 6.98681574818e-08, 8.60023661176e-08, 9.69361764191e-08, 9.18763660707e-08, 6.92484007914e-08, 5.71914959835e-08], "dmean": [0.000254409504123, 0.0005058090901, 0.000190379767446, 0.00023987860186, 0.000158004346304, 0.000251149089308, 0.000377841613954, 0.000309916824335, 9.6732575912e-05, 9.80616969173e-05, 9.02986430447e-05, 5.88849216001e-05, 6.77001298754e-05, 3.45694570569e-05, 1.87256573554e-05, 9.91070646705e-06, 9.97087227006e-06, 7.96954282123e-06, 3.43417127624e-06, 2.42374562731e-06, 1.15330522021e-06, 1.09777386115e-06, 7.93042943315e-07, 5.0431691534e-07, 5.83338135129e-07, 4.70859873758e-07, 2.92673007607e-07, 2.500696894e-07, 2.09589984479e-07, 1.08603089188e-07, 6.18738056346e-08, 4.3351338519e-08, 4.62649509814e-08, 4.45073595756e-08, 4.55650344122e-08, 5.72733931392e-08, 6.58858709812e-08, 6.04264940307e-08, 4.6991402769e-08, 3.78938445067e-08], "var": [6.33788431514e-07, 2.08852043215e-06, 2.0964802161e-07, 3.58328094308e-07, 1.95288237137e-07, 6.0493186993e-07, 2.47184220825e-06, 1.94644485418e-06, 4.81259348817e-07, 8.09567836768e-07, 4.57674900645e-07, 1.50266188825e-07, 3.33517164108e-07, 7.68501351445e-08, 2.62407375828e-08, 8.3433162601e-09, 6.98702917745e-09, 4.72442662769e-09, 5.07009101369e-10, 2.87554452472e-10, 6.5888829115e-11, 1.10429124178e-10, 7.25512427913e-11, 1.15850697091e-11, 1.34124603784e-11, 8.56940733651e-12, 3.45391727372e-12, 1.73784435193e-12, 1.06329495989e-12, 4.46850510153e-13, 1.02717232506e-13, 6.665391031e-14, 9.65308901064e-14, 9.87191895612e-14, 1.02365930673e-13, 2.51263663738e-13, 3.97573006418e-13, 7.19941196502e-13, 1.28895700537e-13, 1.1996779709e-13], "dvar": [4.77059757031e-07, 9.92256332211e-07, 1.13217758724e-07, 2.08276105695e-07, 6.29844620903e-08, 1.5877650128e-07, 7.19749209566e-07, 4.97634005114e-07, 8.89654714342e-08, 1.85878462844e-07, 8.43056326971e-08, 2.28554224435e-08, 4.57817463939e-08, 1.65941020924e-08, 6.55018261853e-09, 2.25792895492e-09, 1.93127447368e-09, 1.49126655469e-09, 1.31322813735e-10, 1.26751317775e-10, 2.41133675527e-11, 3.86881290892e-11, 2.06921632606e-11, 4.16894296862e-12, 3.55945850052e-12, 1.88120807994e-12, 8.97688770107e-13, 5.17833009545e-13, 6.79833197115e-13, 3.90406999264e-13, 8.44799287491e-14, 4.07759932861e-14, 6.23196630477e-14, 5.39924855313e-14, 4.50869810237e-14, 1.15021748094e-13, 2.14024273564e-13, 4.76139364481e-13, 5.75067269737e-14, 7.41774128015e-14], "mean": [0.000625399814453, 0.00129082554486, 0.000393765221816, 0.000436775153503, 0.000356148550054, 0.000584274646826, 0.000880643201526, 0.000751701067202, 0.000260023807641, 0.000243782240432, 0.000233416474657, 0.000155742061906, 0.00017997273244, 7.38268718123e-05, 4.10863394791e-05, 2.08482688322e-05, 2.21337522817e-05, 1.70990188053e-05, 6.60846035316e-06, 4.6176928663e-06, 2.2472938781e-06, 2.19493927034e-06, 1.58046725574e-06, 9.54416691457e-07, 1.17076126571e-06, 1.02527553736e-06, 6.17958960447e-07, 5.12052451995e-07, 3.6192776065e-07, 1.57726077532e-07, 8.00383972432e-08, 5.90172568593e-08, 6.04727432574e-08, 6.13091941659e-08, 6.95796273931e-08, 9.9295995426e-08, 1.05923426474e-07, 9.92416673284e-08, 8.06842166412e-08, 5.71825715667e-08]}, "spectral_entropy": {"min": 4.6940908432, "max": 9.82422828674, "dvar2": 0.0722223594785, "median": 6.40366840363, "dmean2": 0.256772369146, "dmean": 0.172775655985, "var": 0.518125295639, "dvar": 0.0353894643486, "mean": 6.46958303452}, "spectral_rolloff": {"min": 64.599609375, "max": 19487.5488281, "dvar2": 424286.9375, "median": 538.330078125, "dmean2": 188.007125854, "dmean": 108.615859985, "var": 9212631, "dvar": 189702.984375, "mean": 1168.73718262}, "barkbands": {"min": [3.71596775101e-25, 2.4300402646e-24, 1.52406112509e-24, 1.47703475994e-24, 9.34590966775e-24, 1.43231675958e-23, 9.0262198416e-24, 8.85150213945e-24, 1.45774900408e-23, 2.17265498829e-23, 2.45625553243e-23, 3.18608739606e-23, 3.38123486016e-23, 2.95638182897e-23, 5.75459073556e-23, 4.99462612084e-23, 7.48016211904e-23, 1.06753050072e-22, 1.3123715949e-22, 1.70144700725e-22, 2.31813201482e-22, 3.58745212536e-22, 4.63351147307e-22, 6.16516835048e-22, 9.05877174509e-22, 1.28601735502e-21, 1.88671335112e-21], "max": [0.000487413664814, 0.0582143142819, 0.0287620592862, 0.0108522456139, 0.0529211461544, 0.0485854297876, 0.0957231521606, 0.0748727172613, 0.0997167229652, 0.0486464947462, 0.0501651652157, 0.050099093467, 0.0171911846846, 0.0191401299089, 0.0161764658988, 0.00360333616845, 0.00735821109265, 0.00381807913072, 0.00114830699749, 0.000686515704729, 0.00103203067556, 0.000463332078652, 0.000566172879189, 0.00189069053158, 0.0010683874134, 8.20458953967e-05, 1.57011436386e-05], "dvar2": [1.7004911923e-09, 2.31038829952e-05, 8.54492009239e-06, 9.75746161203e-07, 8.25032384455e-06, 8.04897808848e-06, 4.79068257846e-05, 8.88824797585e-06, 1.16080791486e-05, 3.95786946683e-06, 4.06843537348e-06, 2.1354276214e-06, 6.02323041221e-07, 4.14032200524e-07, 1.26950240542e-07, 3.36967325154e-08, 1.82065509335e-08, 9.92934534594e-09, 2.65429256352e-09, 1.08075259853e-09, 1.35210065366e-09, 2.65134303401e-10, 3.80057901816e-10, 2.18067164326e-09, 7.73446307001e-10, 1.28278715775e-11, 2.66469788943e-13], "median": [1.23562028875e-06, 0.00229852693155, 0.0010171928443, 0.000279952015262, 0.00130992452614, 0.0014922239352, 0.00142076122575, 0.000614196062088, 0.000198159570573, 0.000216050451854, 0.000114212081826, 8.33421217976e-05, 2.81907596218e-05, 3.21276966133e-05, 1.68962615135e-05, 1.05770759546e-05, 6.89515582053e-06, 4.83263283968e-06, 4.61234048998e-06, 2.31319518207e-06, 1.05435663045e-06, 4.16622185639e-07, 7.71509917286e-07, 8.82361121057e-07, 5.32470721737e-07, 1.08697335577e-07, 2.02840322316e-08], "dmean2": [1.36181924972e-05, 0.00197443668731, 0.00154833297711, 0.000530825811438, 0.00172090588603, 0.00179747096263, 0.00295689632185, 0.0012922976166, 0.00085297570331, 0.000726023688912, 0.000669761560857, 0.000382311118301, 0.00016793271061, 0.000139822528581, 8.38886044221e-05, 4.41578013124e-05, 2.73659898085e-05, 1.89280617633e-05, 1.87622154044e-05, 1.16700293802e-05, 7.96628228272e-06, 3.48532626049e-06, 4.15529075326e-06, 6.86109251546e-06, 4.33996046922e-06, 9.34162017074e-07, 1.3850191749e-07], "dmean": [9.56861003942e-06, 0.001182159991, 0.000923456042074, 0.000313562573865, 0.00105549034197, 0.00115563021973, 0.0019895429723, 0.000865173584316, 0.000600473023951, 0.000520855362993, 0.000490982376505, 0.000260189088294, 0.000115284841741, 0.000101861245639, 5.58140054636e-05, 2.88858809654e-05, 1.82474959729e-05, 1.21239609143e-05, 1.24847865663e-05, 7.71809573052e-06, 4.94988398714e-06, 2.25086682804e-06, 2.74077888207e-06, 4.78009405924e-06, 2.98603163174e-06, 6.00993814714e-07, 8.88937279342e-08], "var": [1.4559295991e-09, 1.26775630633e-05, 6.25864095127e-06, 5.93811478211e-07, 6.36570257484e-06, 1.21530856632e-05, 7.01683093212e-05, 2.90847128781e-05, 2.84823345282e-05, 1.38320856422e-05, 1.66199552041e-05, 5.01654221807e-06, 9.62624085332e-07, 7.71656857523e-07, 2.50212650599e-07, 3.40144659106e-08, 4.18946513037e-08, 6.16656858909e-09, 6.0085301179e-09, 1.83107806695e-09, 6.37523700497e-10, 1.99802882572e-10, 4.50561171705e-10, 2.51402809681e-09, 6.89405255105e-10, 8.34166763442e-12, 2.65607197694e-13], "dvar": [8.94097962334e-10, 8.51202275953e-06, 3.0349519875e-06, 3.53457522806e-07, 3.26753320223e-06, 3.26480858348e-06, 2.11480564758e-05, 4.6652085075e-06, 6.48911463941e-06, 2.17457477447e-06, 2.39009182224e-06, 1.08481185634e-06, 2.93493087611e-07, 2.07993181789e-07, 6.24264160365e-08, 1.50248631314e-08, 1.0511127968e-08, 3.89136278756e-09, 1.26999355476e-09, 4.9335885377e-10, 5.12439812805e-10, 1.23272378416e-10, 1.9593959788e-10, 1.16072396139e-09, 3.89827614633e-10, 5.62471553708e-12, 1.30626954566e-13], "mean": [1.23241961774e-05, 0.00309015135281, 0.00186342874076, 0.000529759156052, 0.00205291179009, 0.00268739042804, 0.00448378082365, 0.00233899662271, 0.0015113906702, 0.00138874654658, 0.00132822501473, 0.000567769107874, 0.000228086457355, 0.000238082080614, 0.00010705137538, 5.38548338227e-05, 3.86152823921e-05, 2.19812372961e-05, 2.81512093352e-05, 1.64217908605e-05, 7.31867658033e-06, 3.05762227981e-06, 4.44558099844e-06, 8.49823572935e-06, 4.63184551336e-06, 7.69852931626e-07, 1.17353494034e-07]}, "melbands_flatness_db": {"min": 0.00364002585411, "max": 0.530319333076, "dvar2": 0.00110661250073, "median": 0.332862913609, "dmean2": 0.0310291964561, "dmean": 0.0207568816841, "var": 0.00829710252583, "dvar": 0.000534429040272, "mean": 0.328609198332}, "melbands_skewness": {"min": -2.22195601463, "max": 19.8362674713, "dvar2": 0.793479979038, "median": 1.0689111948, "dmean2": 0.664315700531, "dmean": 0.428251028061, "var": 2.41007184982, "dvar": 0.341909646988, "mean": 1.30844318867}, "barkbands_skewness": {"min": -2.61843538284, "max": 10.5981273651, "dvar2": 0.469656854868, "median": 0.8211632967, "dmean2": 0.570816099644, "dmean": 0.370091438293, "var": 1.46891951561, "dvar": 0.204669132829, "mean": 0.890642821789}, "silence_rate_60dB": {"min": 0, "max": 1, "dvar2": 0.028854764998, "median": 0, "dmean2": 0.026136957109, "dmean": 0.0130667714402, "var": 0.109995014966, "dvar": 0.0128950271755, "mean": 0.125816568732}, "spectral_energyband_low": {"min": 1.33726091377e-23, "max": 0.0716093853116, "dvar2": 4.09528984164e-05, "median": 0.00391036923975, "dmean2": 0.00319875124842, "dmean": 0.00193080992904, "var": 2.80008971458e-05, "dvar": 1.53640830831e-05, "mean": 0.00516460230574}, "spectral_energyband_middle_low": {"min": 1.15098213951e-22, "max": 0.122950196266, "dvar2": 8.35663595353e-05, "median": 0.0102247148752, "dmean2": 0.0060937255621, "dmean": 0.00409850012511, "var": 0.00020541617414, "dvar": 3.88210428355e-05, "mean": 0.0143105927855}, "melbands_kurtosis": {"min": -1.585460186, "max": 480.402435303, "dvar2": 403.248168945, "median": 2.59758162498, "dmean2": 5.14909029007, "dmean": 3.21408510208, "var": 446.615692139, "dvar": 156.335296631, "mean": 6.75664329529}, "spectral_decrease": {"min": -3.90102954384e-08, "max": 3.6737630448e-18, "dvar2": 8.20643404172e-18, "median": -4.40018066428e-09, "dmean2": 1.98447813737e-09, "dmean": 1.34837396804e-09, "var": 2.55567227523e-17, "dvar": 3.90290613654e-18, "mean": -5.72907232765e-09}, "erbbands_kurtosis": {"min": -1.86018633842, "max": 59.9345855713, "dvar2": 18.9883842468, "median": 1.99525499344, "dmean2": 2.60418462753, "dmean": 1.66727137566, "var": 25.1028633118, "dvar": 7.83517217636, "mean": 3.42503929138}, "melbands_crest": {"min": 1.52511668205, "max": 34.3511886597, "dvar2": 15.0430288315, "median": 12.8022937775, "dmean2": 4.00107812881, "dmean": 2.4657599926, "var": 24.4589691162, "dvar": 5.71820354462, "mean": 13.4822759628}, "melbands_spread": {"min": 1.01506972313, "max": 160.923614502, "dvar2": 39.0351676941, "median": 9.10466384888, "dmean2": 3.52611875534, "dmean": 2.23508620262, "var": 449.031494141, "dvar": 15.9678544998, "mean": 13.6118078232}, "spectral_energy": {"min": 9.96434690578e-21, "max": 0.157906591892, "dvar2": 0.000125921069412, "median": 0.0172080937773, "dmean2": 0.00777224125341, "dmean": 0.00529913417995, "var": 0.000406648003263, "dvar": 6.04783308518e-05, "mean": 0.0226158984005}, "mfcc": {"mean": [-770.16583252, 197.903610229, 16.4018287659, 2.00322532654, 2.98411893845, -7.99984264374, 2.68363761902, -2.06755614281, -4.18666362762, 6.24483346939, -2.90584039688, 3.55981969833, 3.95109248161], "icov": [[0.000127131672343, -0.000110325614514, 9.47447915678e-05, -6.27303525107e-05, 0.000136720598675, 0.00011979957344, -0.000100017219665, 0.000110491811938, -4.94885534863e-06, -0.000224043265916, 0.000235634739511, -0.000131619934109, 8.44238820719e-06], [-0.000110325614514, 0.000445021578344, -0.000127067018184, 0.000264880130999, -0.000252579629887, 3.93342343159e-05, 0.000168555357959, -0.000134648464154, 0.000211985767237, 4.23196142947e-05, -0.000390927278204, 0.000158681898029, -0.000254236918408], [9.47447915678e-05, -0.000127067018184, 0.00214835000224, -0.000539874075912, 0.000563363137189, -0.000742789765354, 0.000362870516255, -0.000665583065711, 7.32762200641e-05, 0.000226359217777, 0.000434453017078, -0.000939397257753, -0.000273957266472], [-6.27303525107e-05, 0.000264880130999, -0.000539874075912, 0.00332623557188, -0.000783258292358, 1.09175734906e-05, 0.000245021859882, 0.000274545600405, 0.000152945314767, 0.00018391366757, -0.000464177166577, 0.000389485154301, 0.000417447736254], [0.000136720598675, -0.000252579629887, 0.000563363137189, -0.000783258292358, 0.00504417391494, -0.000386998814065, 0.0011811532313, -0.000296822021483, -0.000836452003568, -0.00086315209046, 0.000525427865796, -0.00144772976637, 0.000587784626987], [0.00011979957344, 3.93342343159e-05, -0.000742789765354, 1.09175734906e-05, -0.000386998814065, 0.00604439340532, -0.0019526561955, 0.0019830125384, -0.00188428873662, 0.000969504588284, -0.00280543556437, 0.0016242103884, 0.00048816826893], [-0.000100017219665, 0.000168555357959, 0.000362870516255, 0.000245021859882, 0.0011811532313, -0.0019526561955, 0.00714731914923, -0.00354604842141, 0.0028013382107, -0.00339855533093, 0.00267254491337, -0.000606883317232, 0.000683431862853], [0.000110491811938, -0.000134648464154, -0.000665583065711, 0.000274545600405, -0.000296822021483, 0.0019830125384, -0.00354604842141, 0.0128824040294, -0.0049413787201, 0.00297694443725, -0.0013018035097, 0.000835134007502, -0.00149609299842], [-4.94885534863e-06, 0.000211985767237, 7.32762200641e-05, 0.000152945314767, -0.000836452003568, -0.00188428873662, 0.0028013382107, -0.0049413787201, 0.0129109546542, -0.00340233463794, -0.000964202510659, -0.000891589559615, -0.00113067508209], [-0.000224043265916, 4.23196142947e-05, 0.000226359217777, 0.00018391366757, -0.00086315209046, 0.000969504588284, -0.00339855533093, 0.00297694443725, -0.00340233463794, 0.0108419731259, -0.00231069233268, 0.000901150284335, 0.000372245616745], [0.000235634739511, -0.000390927278204, 0.000434453017078, -0.000464177166577, 0.000525427865796, -0.00280543556437, 0.00267254491337, -0.0013018035097, -0.000964202510659, -0.00231069233268, 0.0116273760796, -0.00185750471428, -0.000461235613329], [-0.000131619934109, 0.000158681898029, -0.000939397257753, 0.000389485154301, -0.00144772976637, 0.0016242103884, -0.000606883317232, 0.000835134007502, -0.000891589559615, 0.000901150284335, -0.00185750471428, 0.0142336944118, -0.00270579871722], [8.44238820719e-06, -0.000254236918408, -0.000273957266472, 0.000417447736254, 0.000587784626987, 0.00048816826893, 0.000683431862853, -0.00149609299842, -0.00113067508209, 0.000372245616745, -0.000461235613329, -0.00270579871722, 0.0109449969605]], "cov": [[12619.1630859, 2611.57836914, -589.119812012, -187.28704834, -228.686004639, -455.082611084, 327.556091309, -117.925201416, -167.352966309, 306.269287109, -288.013336182, 37.5847473145, 8.78244495392], [2611.57836914, 3172.27905273, 0.255054891109, -193.984741211, 61.5039482117, -95.6860427856, -63.3079948425, 12.8674602509, -17.2497653961, 34.6074905396, 49.7551574707, 28.5291824341, 91.9456558228], [-589.119812012, 0.255054891109, 573.562316895, 74.5351791382, -22.1763019562, 70.9923706055, -39.2869720459, 32.9423713684, 19.357919693, -47.457118988, 22.281578064, 28.9746646881, 28.6705245972], [-187.28704834, -193.984741211, 74.5351791382, 344.056488037, 47.4697990417, 21.9930381775, -31.4527263641, -11.4335842133, 3.92581653595, -10.2288217545, 14.412938118, -3.09241056442, -18.1511726379], [-228.686004639, 61.5039482117, -22.1763019562, 47.4697990417, 242.224853516, 12.6862716675, -57.2569313049, -0.0518132299185, 33.5062217712, 8.61481666565, 22.1904449463, 19.2768592834, -1.89744544029], [-455.082611084, -95.6860427856, 70.9923706055, 21.9930381775, 12.6862716675, 232.877319336, 16.330904007, -8.01815319061, 30.6595439911, -0.325698494911, 54.5252418518, -16.5376682281, -12.7296037674], [327.556091309, -63.3079948425, -39.2869720459, -31.4527263641, -57.2569313049, 16.330904007, 230.273498535, 24.065788269, -33.725692749, 48.8301887512, -48.1944770813, -12.6804466248, -20.5602703094], [-117.925201416, 12.8674602509, 32.9423713684, -11.4335842133, -0.0518132299185, -8.01815319061, 24.065788269, 107.336044312, 33.5878677368, -13.171333313, 7.42494249344, 4.70917654037, 20.575006485], [-167.352966309, -17.2497653961, 19.357919693, 3.92581653595, 33.5062217712, 30.6595439911, -33.725692749, 33.5878677368, 114.081954956, 18.0343933105, 35.1066169739, 10.4820623398, 18.8361167908], [306.269287109, 34.6074905396, -47.457118988, -10.2288217545, 8.61481666565, -0.325698494911, 48.8301887512, -13.171333313, 18.0343933105, 127.437232971, 8.98893737793, -4.04170084, -8.61924362183], [-288.013336182, 49.7551574707, 22.281578064, 14.412938118, 22.1904449463, 54.5252418518, -48.1944770813, 7.42494249344, 35.1066169739, 8.98893737793, 124.42578125, 11.7922849655, 13.2662668228], [37.5847473145, 28.5291824341, 28.9746646881, -3.09241056442, 19.2768592834, -16.5376682281, -12.6804466248, 4.70917654037, 10.4820623398, -4.04170084, 11.7922849655, 82.4633560181, 24.7184429169], [8.78244495392, 91.9456558228, 28.6705245972, -18.1511726379, -1.89744544029, -12.7296037674, -20.5602703094, 20.575006485, 18.8361167908, -8.61924362183, 13.2662668228, 24.7184429169, 108.579711914]]}, "spectral_contrast_valleys": {"min": [-28.1443061829, -28.3430404663, -27.8907642365, -27.5833415985, -27.4684467316, -27.3838348389], "max": [-5.56334161758, -4.85257196426, -5.22406673431, -6.56222105026, -6.77087020874, -8.1210231781], "dvar2": [0.284529626369, 0.179745957255, 0.187685981393, 0.192682862282, 0.21438626945, 0.207859426737], "median": [-7.32947063446, -6.63695192337, -7.72995281219, -8.88863754272, -9.39207363129, -11.8880548477], "dmean2": [0.590992152691, 0.472532749176, 0.460157930851, 0.441024363041, 0.409831464291, 0.352536469698], "dmean": [0.358244150877, 0.295142054558, 0.291665405035, 0.285290181637, 0.270940452814, 0.252335101366], "var": [6.05156135559, 6.22241020203, 5.43853330612, 4.62932014465, 4.30293512344, 3.42322230339], "dvar": [0.125215679407, 0.0870351567864, 0.0927384346724, 0.0959152877331, 0.111657463014, 0.124707125127], "mean": [-7.8936290741, -7.18986463547, -8.19015407562, -9.32707977295, -9.79699611664, -12.1911621094]}, "barkbands_flatness_db": {"min": 0.042740739882, "max": 0.411675959826, "dvar2": 0.000774759158958, "median": 0.241181328893, "dmean2": 0.0281403530389, "dmean": 0.0186722837389, "var": 0.00406988570467, "dvar": 0.000373072049115, "mean": 0.241121560335}, "dynamic_complexity": 4.94390678406, "spectral_skewness": {"min": -0.083287589252, "max": 10.7816762924, "dvar2": 1.21480917931, "median": 3.41652441025, "dmean2": 1.01173174381, "dmean": 0.614492952824, "var": 2.9011297226, "dvar": 0.468657881021, "mean": 3.75432658195}, "erbbands_flatness_db": {"min": 0.0268777087331, "max": 0.468