{"lowlevel": {"spectral_complexity": {"min": 0, "max": 57, "dvar2": 34.0166091919, "median": 8, "dmean2": 4.08165645599, "dmean": 2.69782853127, "var": 90.7538070679, "dvar": 16.5590267181, "mean": 11.0065975189}, "silence_rate_20dB": {"min": 1, "max": 1, "dvar2": 0, "median": 1, "dmean2": 0, "dmean": 0, "var": 0, "dvar": 0, "mean": 1}, "average_loudness": 0.253232896328, "erbbands_spread": {"min": 1.11835682392, "max": 170.649719238, "dvar2": 354.470184326, "median": 37.4358520508, "dmean2": 15.3943052292, "dmean": 10.142996788, "var": 584.428955078, "dvar": 167.561157227, "mean": 42.0182495117}, "spectral_kurtosis": {"min": -1.24474072456, "max": 111.979370117, "dvar2": 15.6064348221, "median": 3.99071025848, "dmean2": 2.91671943665, "dmean": 1.79916501045, "var": 23.405412674, "dvar": 6.64145183563, "mean": 5.22799825668}, "barkbands_kurtosis": {"min": -1.94750642776, "max": 1357.24475098, "dvar2": 1552.17822266, "median": 6.19638156891, "dmean2": 15.0888767242, "dmean": 9.77892875671, "var": 2380.70385742, "dvar": 672.784301758, "mean": 22.3252563477}, "spectral_strongpeak": {"min": 0, "max": 12.8058795929, "dvar2": 1.13887012005, "median": 0.349191218615, "dmean2": 0.514353394508, "dmean": 0.300103098154, "var": 0.956777155399, "dvar": 0.453444749117, "mean": 0.635657966137}, "spectral_spread": {"min": 1053653, "max": 45631432, "dvar2": 988247031808, "median": 4584636.5, "dmean2": 843654.375, "dmean": 571968.5625, "var": 2219925569540.0, "dvar": 527634792448, "mean": 4759887.5}, "spectral_rms": {"min": 3.29734330118e-12, "max": 0.0156471580267, "dvar2": 2.25416329158e-06, "median": 0.00410951394588, "dmean2": 0.0012045140611, "dmean": 0.000789606419858, "var": 7.08830748408e-06, "dvar": 1.06216009499e-06, "mean": 0.00440236134455}, "erbbands": {"min": [3.78417055862e-22, 2.41362396819e-21, 1.99563300451e-21, 6.86346731697e-21, 2.8771871714e-20, 2.66719784094e-20, 1.7182556283e-19, 2.42916863868e-19, 5.22235258158e-19, 6.63792744335e-19, 5.18228446969e-19, 1.24837033051e-18, 1.80289205064e-18, 1.32648916417e-18, 2.45506316587e-18, 3.28769200352e-18, 2.96103052141e-18, 4.07125889789e-18, 2.94938009607e-18, 4.02466215963e-18, 7.95173106904e-18, 6.17090674958e-18, 1.39606216744e-17, 1.24273563822e-17, 1.25554502631e-17, 1.45905263283e-17, 1.74395315725e-17, 1.62820941373e-17, 1.91805383124e-17, 2.06403532749e-17, 2.24705333936e-17, 1.66838822306e-17, 1.3066250835e-17, 1.30306986123e-17, 1.06638147609e-17, 5.81810056984e-18, 3.0701571509e-18, 1.18599998175e-18, 3.72557262358e-19, 3.24717859705e-20], "max": [6.58689260483, 41.8847808838, 125.004241943, 211.518783569, 335.254394531, 348.86831665, 333.860168457, 450.805175781, 353.454467773, 1104.79736328, 869.969787598, 1095.50378418, 1881.96362305, 2152.27099609, 1533.49023438, 1180.28613281, 2769.75439453, 1729.73278809, 1937.66003418, 1596.85925293, 948.714477539, 484.694763184, 544.046936035, 1048.22485352, 766.588256836, 348.946350098, 391.611755371, 168.00692749, 82.1995925903, 64.1801757813, 89.4772720337, 51.7007255554, 22.1787929535, 26.3248081207, 12.0392875671, 3.43977618217, 2.05231618881, 0.322652846575, 0.0286040492356, 0.00101905094925], "dvar2": [0.106864489615, 6.08609056473, 64.6369476318, 154.507385254, 732.183898926, 788.257507324, 589.144104004, 473.691741943, 207.767211914, 458.369537354, 717.082214355, 1752.35974121, 5777.73486328, 2714.07250977, 1523.2956543, 1952.19799805, 2221.72314453, 2204.32275391, 837.505737305, 3206.66723633, 433.605773926, 392.615722656, 366.887268066, 498.596679688, 286.536315918, 176.769561768, 191.627349854, 52.0569343567, 15.9355754852, 6.47690248489, 3.31740283966, 1.82496881485, 0.678053021431, 0.574831426144, 0.118762031198, 0.038102094084, 0.015196999535, 0.000494107720442, 2.38660481955e-06, 2.0844306281e-09], "median": [0.0295531805605, 0.549836754799, 2.53717207909, 3.49800157547, 5.33150100708, 4.71396875381, 3.62006664276, 2.66847419739, 1.87837028503, 1.48246860504, 1.56421589851, 2.73647212982, 2.70595693588, 2.49785280228, 2.29536437988, 1.87995576859, 1.50497341156, 1.60262012482, 1.43221056461, 1.42094564438, 1.06343483925, 1.26766729355, 1.5124348402, 1.34243559837, 1.30086910725, 1.62956833839, 1.29137921333, 0.852946281433, 0.588734507561, 0.308852851391, 0.207295209169, 0.145610690117, 0.0996791422367, 0.059817802161, 0.0294450484216, 0.0120397452265, 0.00348877767101, 0.00045291200513, 3.85338062188e-05, 2.5691530027e-05], "dmean2": [0.128329142928, 1.34458088875, 4.45237827301, 6.34157514572, 14.0295705795, 14.5911540985, 11.5963602066, 10.08385849, 6.79526185989, 6.80713558197, 8.77619743347, 15.8178911209, 19.4161338806, 16.8374652863, 14.1834869385, 14.0332298279, 11.9893951416, 13.6555423737, 9.478723526, 11.1633262634, 6.39335012436, 6.71235227585, 7.09399318695, 7.47218418121, 6.31849479675, 5.3511095047, 5.09607553482, 2.88226747513, 1.67500579357, 1.02102220058, 0.674298107624, 0.498516798019, 0.331857949495, 0.223113328218, 0.124904297292, 0.0742394626141, 0.0420376434922, 0.00774670764804, 0.000468359008664, 2.33539140027e-05], "dmean": [0.0796447768807, 0.822329938412, 2.76258420944, 3.90837478638, 8.50266456604, 8.70039176941, 6.99689626694, 6.29866981506, 4.23535346985, 4.27077627182, 5.71466064453, 10.3034000397, 12.5575151443, 11.1440505981, 8.97914409637, 9.13093185425, 7.56862163544, 8.68612575531, 6.08153486252, 6.98731327057, 4.10218667984, 4.17994070053, 4.5237364769, 4.88491010666, 4.0548119545, 3.42665243149, 3.26220440865, 1.8197016716, 1.05553555489, 0.646516382694, 0.428796291351, 0.31378287077, 0.2091152668, 0.140650734305, 0.0791681036353, 0.0472342334688, 0.0253539737314, 0.00459264218807, 0.000271860131761, 1.45984968185e-05], "var": [0.190460011363, 8.67615795135, 100.286300659, 167.478530884, 752.070617676, 602.174743652, 319.31338501, 453.088317871, 277.616973877, 967.81817627, 1346.01794434, 2986.88745117, 10380.8398438, 11250.4150391, 3594.55419922, 2107.52954102, 1999.25756836, 3742.90625, 910.332092285, 2449.41552734, 488.403167725, 478.672821045, 563.241699219, 814.020629883, 400.126831055, 228.86088562, 258.374359131, 54.6711540222, 13.1297702789, 5.41361618042, 2.04916143417, 1.36545884609, 0.635949790478, 0.281329780817, 0.0714134797454, 0.0232192892581, 0.0056077959016, 0.000156261317898, 6.41439726223e-07, 1.57818480506e-09], "dvar": [0.0438404045999, 2.54184961319, 28.2982311249, 64.1264343262, 293.553924561, 297.727539063, 225.522277832, 196.652435303, 86.1773529053, 192.197631836, 356.930541992, 789.058776855, 2346.87353516, 1369.51403809, 659.551757813, 903.258605957, 952.76940918, 935.644592285, 385.76473999, 1275.48510742, 179.121551514, 149.902542114, 158.791793823, 250.000335693, 129.820419312, 74.3507003784, 84.0076828003, 20.8800296783, 6.29410123825, 2.59673333168, 1.28222513199, 0.7203758955, 0.283690363169, 0.213533863425, 0.0464280024171, 0.0156490337104, 0.00580007396638, 0.000187850659131, 8.83177733613e-07, 8.27606483345e-10], "mean": [0.167569100857, 1.72048163414, 6.32180500031, 7.54679679871, 15.4175624847, 14.5549716949, 10.5169410706, 10.6695356369, 7.72825717926, 8.20239257813, 10.7380962372, 19.6203594208, 28.8780708313, 28.5896625519, 18.3811378479, 15.8041610718, 14.1482477188, 18.0148792267, 11.4546613693, 12.082036972, 7.33469820023, 8.15540409088, 9.39270210266, 10.0659818649, 8.64550304413, 7.62473678589, 6.97736930847, 3.69888472557, 1.96899604797, 1.14885008335, 0.734053850174, 0.556622564793, 0.389986366034, 0.254732877016, 0.136619985104, 0.0722720623016, 0.0300762820989, 0.00471223937348, 0.000258475978626, 3.73715702153e-05]}, "zerocrossingrate": {"min": 0.001953125, "max": 0.5078125, "dvar2": 0.000184935328434, "median": 0.03564453125, "dmean2": 0.0110929561779, "dmean": 0.00907873269171, "var": 0.00180447963066, "dvar": 0.000137553404784, "mean": 0.0461628213525}, "spectral_contrast_coeffs": {"min": [-0.96967124939, -0.962166249752, -0.97739648819, -0.963919818401, -0.960536360741, -0.961849927902], "max": [-0.268466800451, -0.375476658344, -0.399682223797, -0.498450815678, -0.567821681499, -0.502433776855], "dvar2": [0.00516042578965, 0.00360881234519, 0.00219957600348, 0.00134021788836, 0.000751710031182, 0.000582263921387], "median": [-0.631221354008, -0.755568742752, -0.805031061172, -0.823063969612, -0.811821877956, -0.777898311615], "dmean2": [0.0853892043233, 0.0749745294452, 0.0574480257928, 0.0442285425961, 0.0322007834911, 0.0253656897694], "dmean": [0.0525120832026, 0.0457413047552, 0.0357726104558, 0.0275846198201, 0.0202927980572, 0.0160320103168], "var": [0.00949275773019, 0.00713087758049, 0.00741296028718, 0.0050527555868, 0.0026762872003, 0.00175559986383], "dvar": [0.00203868444078, 0.00138840521686, 0.000914775941055, 0.000568307703361, 0.000329774862621, 0.00025658661616], "mean": [-0.629317641258, -0.744967281818, -0.783803224564, -0.802269399166, -0.80380666256, -0.77422273159]}, "dissonance": {"min": 0.1607683599, "max": 0.500000178814, "dvar2": 0.00100486865267, "median": 0.467825770378, "dmean2": 0.032048959285, "dmean": 0.0192988086492, "var": 0.00132418866269, "dvar": 0.000387768406654, "mean": 0.457868516445}, "spectral_energyband_high": {"min": 8.0952224518e-21, "max": 0.00911353435367, "dvar2": 2.57417838156e-07, "median": 0.000100761055364, "dmean2": 0.000235824350966, "dmean": 0.000153953966219, "var": 3.91903114405e-07, "dvar": 1.08494852213e-07, "mean": 0.000369185203454}, "gfcc": {"mean": [-70.0230255127, 99.5492095947, -84.3949127197, 47.7716369629, -49.0600967407, 11.1884641647, -27.9444618225, 3.52278232574, -31.2261428833, 0.0522625483572, -19.3463783264, -3.93501901627, -9.12415981293], "icov": [[0.000184953110875, -0.000324927503243, 0.000247510004556, -0.000183570635272, 7.04090707586e-05, -0.000111645022116, 0.000100981989817, -0.000316932681017, 0.000789557059761, -0.000690999033395, 0.000789517653175, -0.000449641782325, 0.000267211318715], [-0.000324927503243, 0.00221937336028, -0.000708344276063, 0.00140935869422, -0.000629265443422, 0.000843698624521, -0.00065220502438, 0.00159516267013, -0.00184637168422, 0.00329725514166, -0.00363429170102, 0.00328612700105, -0.00236727646552], [0.000247510004556, -0.000708344276063, 0.00132613524329, -0.00143362616654, 0.000241462927079, -0.000342983548762, -0.000152525128215, -2.84712859866e-05, 0.00086536782328, -0.00142658001278, 0.00173311727121, -0.00146056176163, 0.00138800183777], [-0.000183570635272, 0.00140935869422, -0.00143362616654, 0.00402876548469, -0.00188947771676, 0.00122426543385, -0.000224584058742, 0.000389206368709, -0.000567604554817, 0.00140920677222, -0.00242682313547, 0.00331660383381, -0.00227236957289], [7.04090707586e-05, -0.000629265443422, 0.000241462927079, -0.00188947771676, 0.00508023332804, -0.00104235624894, -0.000428126106272, 0.00012196154421, -0.00124487490393, -0.00035633702646, 0.00123001541942, -0.0014056788059, -2.24565537792e-05], [-0.000111645022116, 0.000843698624521, -0.000342983548762, 0.00122426543385, -0.00104235624894, 0.00570978084579, -0.00233612488955, 0.00161809648853, -0.000869039795361, -0.000119707889098, -0.000531663652509, 9.25607528188e-05, 0.000809881661553], [0.000100981989817, -0.00065220502438, -0.000152525128215, -0.000224584058742, -0.000428126106272, -0.00233612488955, 0.0084779439494, -0.00372742768377, 0.00136751122773, 0.000628326029982, -0.00324859656394, 0.00346410064958, -0.00307403504848], [-0.000316932681017, 0.00159516267013, -2.84712859866e-05, 0.000389206368709, 0.00012196154421, 0.00161809648853, -0.00372742768377, 0.0102650951594, -0.00434808433056, 0.000367453205399, 0.00239137443714, -0.00326594314538, 0.00231050560251], [0.000789557059761, -0.00184637168422, 0.00086536782328, -0.000567604554817, -0.00124487490393, -0.000869039795361, 0.00136751122773, -0.00434808433056, 0.0142014818266, -0.00584364542738, 6.96152274031e-05, 0.00241310126148, -0.00184685445856], [-0.000690999033395, 0.00329725514166, -0.00142658001278, 0.00140920677222, -0.00035633702646, -0.000119707889098, 0.000628326029982, 0.000367453205399, -0.00584364542738, 0.017369017005, -0.00944021530449, 0.00391563121229, -0.00209348509088], [0.000789517653175, -0.00363429170102, 0.00173311727121, -0.00242682313547, 0.00123001541942, -0.000531663652509, -0.00324859656394, 0.00239137443714, 6.96152274031e-05, -0.00944021530449, 0.0244035627693, -0.0127607602626, 0.00518582807854], [-0.000449641782325, 0.00328612700105, -0.00146056176163, 0.00331660383381, -0.0014056788059, 9.25607528188e-05, 0.00346410064958, -0.00326594314538, 0.00241310126148, 0.00391563121229, -0.0127607602626, 0.0224870443344, -0.00965582672507], [0.000267211318715, -0.00236727646552, 0.00138800183777, -0.00227236957289, -2.24565537792e-05, 0.000809881661553, -0.00307403504848, 0.00231050560251, -0.00184685445856, -0.00209348509088, 0.00518582807854, -0.00965582672507, 0.019402127713]], "cov": [[12185.8359375, 349.334991455, -2204.60473633, -902.503723145, -440.991485596, -70.2064666748, -222.733825684, 160.706924438, -550.9140625, -44.6720352173, -242.035675049, 116.859291077, -59.6092987061], [349.334991455, 1675.52697754, -21.4534263611, -173.51675415, 93.5825653076, -61.0561294556, 141.788162231, -236.635253906, 82.9390792847, -163.690124512, 97.9256210327, -131.629440308, 132.686904907], [-2204.60473633, -21.4534263611, 1846.8581543, 688.23815918, 208.766693115, 19.7498931885, 69.2211456299, -56.7123184204, 54.1559906006, 45.6472930908, 7.48602104187, -47.4643478394, -22.1746273041], [-902.503723145, -173.51675415, 688.23815918, 658.451904297, 200.764801025, -31.1217556, 39.4125747681, -6.936211586, 42.6699714661, 28.8736476898, 0.8773483634, -42.8819046021, 13.3441209793], [-440.991485596, 93.5825653076, 208.766693115, 200.764801025, 297.796234131, 33.7372894287, 52.0548477173, -15.5589752197, 59.197517395, 5.4007806778, 14.3749113083, -17.0259304047, 29.009147644], [-70.2064666748, -61.0561294556, 19.7498931885, -31.1217556, 33.7372894287, 224.274368286, 53.8559913635, -3.17839694023, 10.8659572601, 21.157831192, 11.2129325867, 2.97277355194, -10.1520452499], [-222.733825684, 141.788162231, 69.2211456299, 39.4125747681, 52.0548477173, 53.8559913635, 186.631332397, 20.9315395355, 29.9581069946, -4.79702806473, 28.59375, -23.28997612, 28.021150589], [160.706924438, -236.635253906, -56.7123184204, -6.936211586, -15.5589752197, -3.17839694023, 20.9315395355, 172.138153076, 16.6969451904, 28.1707878113, -20.0641403198, 29.0906391144, -20.439535141], [-550.9140625, 82.9390792847, 54.1559906006, 42.6699714661, 59.197517395, 10.8659572601, 29.9581069946, 16.6969451904, 137.019744873, 30.8235168457, 26.5529403687, -20.8106365204, 20.1177864075], [-44.6720352173, -163.690124512, 45.6472930908, 28.8736476898, 5.4007806778, 21.157831192, -4.79702806473, 28.1707878113, 30.8235168457, 107.454292297, 24.6962795258, 15.0188541412, -8.83045387268], [-242.035675049, 97.9256210327, 7.48602104187, 0.8773483634, 14.3749113083, 11.2129325867, 28.59375, -20.0641403198, 26.5529403687, 24.6962795258, 86.6657867432, 23.1556892395, 14.8688364029], [116.859291077, -131.629440308, -47.4643478394, -42.8819046021, -17.0259304047, 2.97277355194, -23.28997612, 29.0906391144, -20.8106365204, 15.0188541412, 23.1556892395, 94.8064422607, 14.0381565094], [-59.6092987061, 132.686904907, -22.1746273041, 13.3441209793, 29.009147644, -10.1520452499, 28.021150589, -20.439535141, 20.1177864075, -8.83045387268, 14.8688364029, 14.0381565094, 83.0055389404]]}, "spectral_flux": {"min": 1.08066632032e-10, "max": 0.407324910164, "dvar2": 0.0021711923182, "median": 0.0559062957764, "dmean2": 0.0380744151771, "dmean": 0.0245887599885, "var": 0.00232925405726, "dvar": 0.000958369928412, "mean": 0.0650854483247}, "silence_rate_30dB": {"min": 0, "max": 1, "dvar2": 0.0335847772658, "median": 1, "dmean2": 0.0278086755425, "dmean": 0.0139039866626, "var": 0.0214655827731, "dvar": 0.0137043315917, "mean": 0.978057563305}, "spectral_energyband_middle_high": {"min": 1.4228378953e-21, "max": 0.0598698146641, "dvar2": 1.10211876745e-05, "median": 0.000680440687574, "dmean2": 0.00156603637151, "dmean": 0.00103233114351, "var": 4.05689897889e-05, "dvar": 4.78293077322e-06, "mean": 0.00334856659174}, "barkbands_spread": {"min": 0.0832972750068, "max": 129.815353394, "dvar2": 132.56086731, "median": 12.3300113678, "dmean2": 7.88762760162, "dmean": 5.05567026138, "var": 293.853759766, "dvar": 58.1117324829, "mean": 16.9838123322}, "spectral_centroid": {"min": 96.6378173828, "max": 11173.6542969, "dvar2": 226013.796875, "median": 811.096923828, "dmean2": 356.623809814, "dmean": 231.57572937, "var": 660680, "dvar": 101506.539063, "mean": 1040.93847656}, "pitch_salience": {"min": 0.0601954162121, "max": 0.86845356226, "dvar2": 0.0141862658784, "median": 0.543255925179, "dmean2": 0.127605110407, "dmean": 0.0781273916364, "var": 0.0173122491688, "dvar": 0.00544365542009, "mean": 0.528474032879}, "erbbands_skewness": {"min": -4.44329833984, "max": 9.97438812256, "dvar2": 0.584942638874, "median": 0.540999650955, "dmean2": 0.686573803425, "dmean": 0.464915990829, "var": 2.55594110489, "dvar": 0.299777418375, "mean": 0.843420088291}, "erbbands_crest": {"min": 2.11218571663, "max": 32.7664489746, "dvar2": 11.9895219803, "median": 8.64533805847, "dmean2": 3.64908027649, "dmean": 2.29674267769, "var": 23.0341567993, "dvar": 5.15322971344, "mean": 9.69326400757}, "melbands": {"min": [5.01078688312e-24, 1.77702909587e-24, 2.4143446936e-24, 1.24169339305e-24, 7.89585079532e-24, 6.90608358362e-24, 7.76950683274e-24, 7.30852570758e-24, 5.6936990356e-24, 7.8886374512e-24, 9.39038801217e-24, 4.9219962495e-24, 8.09665691647e-24, 9.8077545956e-24, 6.13226822801e-24, 7.65425819879e-24, 7.70015570398e-24, 5.07568134219e-24, 3.65296912191e-24, 6.77398488073e-24, 9.48922755043e-24, 6.08800879249e-24, 1.04032570155e-23, 9.85279776442e-24, 1.04248970478e-23, 7.47926202874e-24, 8.87075665643e-24, 1.01161100683e-23, 1.16307348392e-23, 9.01177185412e-24, 8.46697268006e-24, 1.18465679717e-23, 9.80498569382e-24, 1.10837000333e-23, 1.38582871312e-23, 1.13586898451e-23, 9.0696371681e-24, 8.12996183502e-24, 1.0968306249e-23, 1.0067240924e-23], "max": [0.0495225675404, 0.0497549585998, 0.0462112687528, 0.0242664702237, 0.01180710271, 0.00962622929364, 0.00510778464377, 0.0118104908615, 0.00716018490493, 0.00624770810828, 0.00953035615385, 0.00865815021098, 0.00679386500269, 0.00472639361396, 0.00383769441396, 0.00455164071172, 0.00383990304545, 0.00293344282545, 0.00241708033718, 0.00191999063827, 0.00149699859321, 0.000432910077507, 0.001022167271, 0.000988105661236, 0.00109532068018, 0.000532267324161, 0.000352579721948, 0.00031273640343, 0.00027191726258, 0.000222489703447, 0.000114464120998, 4.70537197543e-05, 5.42589841643e-05, 3.48233697878e-05, 7.73244391894e-05, 2.52576846833e-05, 4.93693405588e-05, 2.41033030761e-05, 1.43142906381e-05, 2.97344995488e-05], "dvar2": [7.27659471522e-06, 1.30423813971e-05, 5.24518645761e-06, 4.20125797973e-06, 7.33144759124e-07, 2.24962718676e-07, 4.70584033962e-08, 5.47199228151e-08, 5.24765830789e-08, 7.08061591581e-08, 1.49083334122e-07, 5.15889730934e-08, 1.91197599975e-08, 1.4483480193e-08, 1.11252509427e-08, 7.98755461773e-09, 8.3258449024e-09, 2.52916665389e-09, 3.47013062729e-09, 4.359697936e-09, 6.27595975189e-10, 4.05825928418e-10, 1.11658304824e-09, 4.6068904247e-10, 4.56615550926e-10, 1.87136542373e-10, 1.32800548336e-10, 1.00553745885e-10, 1.00192319719e-10, 6.78540071353e-11, 1.40215122499e-11, 6.23831498611e-12, 4.04287714417e-12, 1.74836338983e-12, 1.7105782936e-12, 6.89097596259e-13, 9.35260007461e-13, 4.11119109676e-13, 3.03267339626e-13, 5.24727993261e-13], "median": [0.000426264188718, 0.00125345028937, 0.000736347632483, 0.00040082866326, 0.000145135316416, 6.15533353994e-05, 2.50629636867e-05, 1.43228480738e-05, 1.31915494421e-05, 1.57806825882e-05, 1.11491317512e-05, 8.82324184204e-06, 6.60249997964e-06, 4.42854252469e-06, 3.48185631083e-06, 2.32969091485e-06, 2.40854888034e-06, 2.04483558264e-06, 1.67324492395e-06, 1.65945505159e-06, 8.88068143468e-07, 1.065784204e-06, 1.40816132443e-06, 1.11309714157e-06, 9.85198198578e-07, 8.67536982696e-07, 8.43337602419e-07, 1.13038584004e-06, 8.9162108452e-07, 5.14912755989e-07, 4.60468157826e-07, 3.47786595967e-07, 1.96778728423e-07, 1.53651086521e-07, 1.20900097045e-07, 9.19189915294e-08, 8.42279419544e-08, 7.06193787892e-08, 5.35434452331e-08, 4.89756217803e-08], "dmean2": [0.00127999216784, 0.00208832719363, 0.00123180355877, 0.00109524803702, 0.000423117249738, 0.000225444324315, 0.000101221557998, 7.53098356654e-05, 7.75100415922e-05, 0.000100667326478, 9.93109497358e-05, 7.2225171607e-05, 5.1409479056e-05, 3.8945065171e-05, 3.24941320287e-05, 2.59479947999e-05, 2.63031706709e-05, 1.57176618814e-05, 1.62609685503e-05, 1.31610240715e-05, 7.41028907214e-06, 6.68527718517e-06, 9.26719349081e-06, 7.01283624949e-06, 6.70315284879e-06, 4.92484969072e-06, 4.36005120719e-06, 4.0057680053e-06, 3.71985697711e-06, 2.74792137134e-06, 1.50127345933e-06, 1.08326480586e-06, 7.73437932367e-07, 5.41604606497e-07, 4.22486408524e-07, 3.47422684399e-07, 3.18358303275e-07, 2.56228190665e-07, 2.01956723345e-07, 2.00604333145e-07], "dmean": [0.000790861726273, 0.00129458750598, 0.000763600051869, 0.000660407473333, 0.00025411407114, 0.000140896940138, 6.31754519418e-05, 4.73109903396e-05, 5.04597264808e-05, 6.53690876788e-05, 6.41341612209e-05, 4.75726919831e-05, 3.27610723616e-05, 2.47647003562e-05, 2.07781704376e-05, 1.63410968526e-05, 1.67157850228e-05, 1.00673214547e-05, 1.01789419205e-05, 8.27312669571e-06, 4.77298362966e-06, 4.17533556174e-06, 5.70695192437e-06, 4.52659560324e-06, 4.35359834228e-06, 3.13426107823e-06, 2.75311776932e-06, 2.53100870395e-06, 2.35349648392e-06, 1.73907403678e-06, 9.30183830405e-07, 6.76522233789e-07, 4.79864525005e-07, 3.41048860264e-07, 2.64962721985e-07, 2.17869043695e-07, 1.97544025582e-07, 1.59744843131e-07, 1.25647702021e-07, 1.25006323515e-07], "var": [1.26381592054e-05, 2.00557733478e-05, 6.45931004328e-06, 3.7129411794e-06, 4.0200740159e-07, 2.16422591848e-07, 6.76197160487e-08, 1.09354722611e-07, 1.04489515707e-07, 1.07489690038e-07, 2.75278353001e-07, 2.04596560138e-07, 5.77587613293e-08, 1.5183804436e-08, 1.04839248394e-08, 8.78954420358e-09, 1.34221602721e-08, 2.5733706277e-09, 3.45532247259e-09, 3.6448106755e-09, 7.02492952698e-10, 4.18674456215e-10, 1.52566315137e-09, 8.02200250671e-10, 6.84645395932e-10, 2.35052061148e-10, 1.42735032127e-10, 1.15631317021e-10, 1.28909952157e-10, 7.14344833286e-11, 1.17945514466e-11, 4.78390460926e-12, 3.03939750972e-12, 1.38836739414e-12, 7.86909491561e-13, 5.41000675248e-13, 5.81619117018e-13, 3.8567681492e-13, 1.91963022626e-13, 2.27982834434e-13], "dvar": [3.06708398057e-06, 5.58795636607e-06, 2.23207098315e-06, 1.61736613791e-06, 2.77779122371e-07, 9.3199268747e-08, 1.9589016631e-08, 2.2618674933e-08, 2.57600145659e-08, 3.10719947549e-08, 6.1081379954e-08, 2.54859351401e-08, 8.66963212331e-09, 6.17827877747e-09, 4.81579531808e-09, 3.36526606581e-09, 3.63885033217e-09, 1.19288967593e-09, 1.39137734667e-09, 1.84048254415e-09, 2.69454875079e-10, 1.59256136056e-10, 4.32146263218e-10, 2.3835106111e-10, 2.30435268089e-10, 8.40514463585e-11, 5.6521891334e-11, 4.22026927294e-11, 4.32139497797e-11, 2.93816498909e-11, 5.42534593639e-12, 2.46235800846e-12, 1.58069954695e-12, 7.02879920066e-13, 6.3250479073e-13, 2.8222126784e-13, 3.50553868702e-13, 1.72921450921e-13, 1.18765742141e-13, 1.91258372529e-13], "mean": [0.00170154462103, 0.00299626239575, 0.0015710524749, 0.00119303003885, 0.000394514150685, 0.000240627021412, 0.0001154784768, 8.9420034783e-05, 9.53844064497e-05, 0.000119765427371, 0.000143948549521, 0.000119036652904, 6.52714224998e-05, 4.12574445363e-05, 3.53020768671e-05, 3.01776781271e-05, 3.30355032929e-05, 1.73096686922e-05, 1.74367396539e-05, 1.3279635823e-05, 7.8820694398e-06, 7.30437977836e-06, 1.06738834802e-05, 8.38728828967e-06, 8.23095069791e-06, 6.23937785349e-06, 5.30815168531e-06, 5.14322346135e-06, 4.77143657918e-06, 3.21569200423e-06, 1.75960667548e-06, 1.18129764815e-06, 8.08444610811e-07, 5.71586667775e-07, 4.27121477742e-07, 3.63010173032e-07, 3.34253144274e-07, 2.86806823624e-07, 2.16576410139e-07, 2.19166608417e-07]}, "spectral_entropy": {"min": 3.69862771034, "max": 9.79852485657, "dvar2": 0.133600026369, "median": 7.32828569412, "dmean2": 0.323680460453, "dmean": 0.225401669741, "var": 0.5570333004, "dvar": 0.0723522305489, "mean": 7.20332336426}, "spectral_rolloff": {"min": 64.599609375, "max": 18561.6210938, "dvar2": 1759537.625, "median": 430.6640625, "dmean2": 640.938171387, "dmean": 384.919952393, "var": 2586318.75, "dvar": 740640.375, "mean": 1057.25244141}, "barkbands": {"min": [6.65291129786e-24, 1.61123672377e-23, 9.91648743568e-25, 1.98284862528e-24, 8.81277064673e-24, 2.45822168935e-23, 2.91212704773e-23, 2.01662571653e-23, 5.83361124798e-23, 5.76742581803e-23, 5.05661796622e-23, 9.0414951864e-23, 7.99413465996e-23, 6.89091079074e-23, 5.01951878448e-23, 1.10295401568e-22, 8.74651485039e-23, 2.28106085342e-22, 2.29063901321e-22, 3.4301350855e-22, 3.71441001105e-22, 6.65545158775e-22, 7.18742757536e-22, 7.7180060801e-22, 1.38001615247e-21, 1.52173798021e-21, 2.53076332502e-21], "max": [0.0179892256856, 0.183612942696, 0.13114541769, 0.13837711513, 0.100874528289, 0.0478096716106, 0.0356720238924, 0.0526240132749, 0.0361613444984, 0.0588932558894, 0.041858792305, 0.0385209061205, 0.049978338182, 0.0294744372368, 0.0317850857973, 0.0197866931558, 0.0140640577301, 0.0137501973659, 0.0146270887926, 0.00862890388817, 0.00658851861954, 0.00232387380674, 0.00261282525025, 0.00160024187062, 0.00198260322213, 0.000925837259274, 0.000173684136826], "dvar2": [7.93118601905e-07, 0.000103200487501, 5.569926725e-05, 3.03133165289e-05, 6.91925160936e-05, 6.94732079864e-06, 1.13826729375e-06, 1.46935917655e-06, 3.119795565e-06, 5.47886884306e-06, 1.10919575036e-06, 1.10342000426e-06, 8.83076040736e-07, 8.64107221332e-07, 4.59572191858e-07, 4.83841120058e-07, 2.02375531444e-07, 1.48389872834e-07, 1.46620777741e-07, 8.31330382312e-08, 6.91741419701e-08, 1.15825766756e-08, 3.81892562018e-09, 2.96561930568e-09, 3.05091307773e-09, 3.04332603562e-09, 8.42989636429e-11], "median": [2.09665631701e-05, 0.00198059040122, 0.00214279443026, 0.000798877736088, 0.00159532111138, 0.000366482301615, 0.000108874992293, 5.16795371368e-05, 0.000102982958197, 7.37858063076e-05, 4.1042228986e-05, 3.55249940185e-05, 2.26857446251e-05, 2.5829544029e-05, 2.04346506507e-05, 2.17442830035e-05, 2.16098305827e-05, 2.52788668149e-05, 2.49772674579e-05, 3.370342165e-05, 2.45380997512e-05, 1.51602216647e-05, 7.79222591518e-06, 6.38786923446e-06, 4.68992448077e-06, 2.1970445232e-06, 1.28080671402e-07], "dmean2": [0.000232715843595, 0.00533843738958, 0.0039671221748, 0.00263389851898, 0.00445492193103, 0.00129319145344, 0.000459299975773, 0.000387949345168, 0.000671954709105, 0.000665551924612, 0.000382249330869, 0.000341812352417, 0.000251381337876, 0.000275189901004, 0.000201837596251, 0.000165727353306, 0.000141410375363, 0.00014098273823, 0.000138557457831, 0.000116766022984, 9.87171661109e-05, 4.5477769163e-05, 2.45429673669e-05, 2.10994221561e-05, 1.81458344741e-05, 1.99113146664e-05, 2.87701982415e-06], "dmean": [0.000139365132782, 0.00329082203098, 0.00247178412974, 0.00160849734675, 0.00268221204169, 0.000800578156486, 0.000288718147203, 0.000247418036452, 0.000434291752754, 0.000430368381785, 0.000242495938437, 0.000218697765376, 0.000158393348102, 0.000175621855306, 0.000125375619973, 0.000107154846773, 8.82568492671e-05, 9.10109520191e-05, 8.93615433597e-05, 7.3947943747e-05, 6.30487193121e-05, 2.85822625301e-05, 1.5650775822e-05, 1.33438898047e-05, 1.15442880997e-05, 1.22988076328e-05, 1.67782684457e-06], "var": [4.40059864104e-07, 0.000167548423633, 8.47279297886e-05, 3.67182037735e-05, 5.89088194829e-05, 5.95907067691e-06, 1.91450249076e-06, 2.35455877373e-06, 4.46255444331e-06, 1.51523945533e-05, 2.75275056083e-06, 1.14928911898e-06, 7.71351267304e-07, 1.32048023715e-06, 4.09754704833e-07, 4.60986228745e-07, 2.38747247749e-07, 2.39722965034e-07, 2.18560415988e-07, 1.0283965679e-07, 8.40586054096e-08, 9.40108879632e-09, 2.85549184298e-09, 2.55184939846e-09, 1.72107827989e-09, 1.34191646683e-09, 2.32377207754e-11], "dvar": [2.88427685291e-07, 4.3635165639e-05, 2.47310326813e-05, 1.28110295918e-05, 2.67506547971e-05, 2.81497341348e-06, 4.91065350161e-07, 6.86627060986e-07, 1.34154618081e-06, 2.32669117395e-06, 5.09800770487e-07, 4.83423605147e-07, 3.77355803494e-07, 3.7218509874e-07, 1.81422265655e-07, 2.24961340223e-07, 8.03270339134e-08, 7.36246619226e-08, 6.80492746596e-08, 3.49614133199e-08, 2.95529840599e-08, 4.59885596271e-09, 1.51501144963e-09, 1.21004695153e-09, 1.16587572929e-09, 1.19470522364e-09, 3.13873892155e-11], "mean": [0.000193559215404, 0.00702959205955, 0.00544274551794, 0.00277596479282, 0.00475458614528, 0.00133762916084, 0.000528269622009, 0.000435454043327, 0.000793828105088, 0.00108331814408, 0.000458764407085, 0.00035910893348, 0.000264294911176, 0.00034511424019, 0.000209704419831, 0.000170381579665, 0.000161758303875, 0.000171030784259, 0.000186954421224, 0.000156643072842, 0.000129256877699, 5.20558969583e-05, 2.76409809885e-05, 2.46902654908e-05, 2.08856836252e-05, 1.60426607181e-05, 1.52490360961e-06]}, "melbands_flatness_db": {"min": 0.00764970481396, "max": 0.75528460741, "dvar2": 0.00240498501807, "median": 0.251546919346, "dmean2": 0.0478352122009, "dmean": 0.0324951410294, "var": 0.0149233592674, "dvar": 0.00119442108553, "mean": 0.275983542204}, "melbands_skewness": {"min": -2.23916864395, "max": 29.2402248383, "dvar2": 3.64190721512, "median": 3.42060875893, "dmean2": 1.60101044178, "dmean": 1.04161226749, "var": 7.48650312424, "dvar": 1.65099644661, "mean": 3.96395254135}, "barkbands_skewness": {"min": -3.74543476105, "max": 30.1046237946, "dvar2": 2.22981095314, "median": 2.2459192276, "dmean2": 1.21174573898, "dmean": 0.788275718689, "var": 5.71707201004, "dvar": 1.00492823124, "mean": 2.77729535103}, "silence_rate_60dB": {"min": 0, "max": 1, "dvar2": 0.0780471786857, "median": 0, "dmean2": 0.0724036842585, "dmean": 0.0362009257078, "var": 0.137621283531, "dvar": 0.0348985157907, "mean": 0.164795994759}, "spectral_energyband_low": {"min": 1.87774959407e-23, "max": 0.221478566527, "dvar2": 0.000232566118939, "median": 0.00648448336869, "dmean2": 0.00896666757762, "dmean": 0.00563061749563, "var": 0.000415722053731, "dvar": 0.000102111465822, "mean": 0.0139330448583}, "spectral_energyband_middle_low": {"min": 3.0431242168e-22, "max": 0.17801977694, "dvar2": 0.000151925371028, "median": 0.00562215223908, "dmean2": 0.00733688054606, "dmean": 0.00456344196573, "var": 0.000200166687137, "dvar": 6.2437276938e-05, "mean": 0.0109759913757}, "melbands_kurtosis": {"min": -1.87659335136, "max": 1337.83349609, "dvar2": 4114.66308594, "median": 18.9764938354, "dmean2": 30.3273677826, "dmean": 19.3429584503, "var": 5604.55859375, "dvar": 1782.49389648, "mean": 45.5232582092}, "spectral_decrease": {"min": -6.56656027331e-08, "max": -1.46126218087e-29, "dvar2": 2.77432142286e-17, "median": -4.35484981409e-09, "dmean2": 3.44467010471e-09, "dmean": 2.2041377612e-09, "var": 5.42811435866e-17, "dvar": 1.23673965411e-17, "mean": -6.91259982588e-09}, "erbbands_kurtosis": {"min": -1.92725384235, "max": 169.513168335, "dvar2": 45.9895973206, "median": 0.374069690704, "dmean2": 3.07081127167, "dmean": 2.09023594856, "var": 119.810920715, "dvar": 25.0998268127, "mean": 3.64880514145}, "melbands_crest": {"min": 2.37740540504, "max": 36.680519104, "dvar2": 22.8563289642, "median": 15.9824790955, "dmean2": 5.29075336456, "dmean": 3.21911597252, "var": 30.1757316589, "dvar": 8.81414413452, "mean": 16.4974727631}, "melbands_spread": {"min": 0.187410458922, "max": 256.46697998, "dvar2": 202.432067871, "median": 10.0836162567, "dmean2": 8.50832462311, "dmean": 5.43829107285, "var": 430.386016846, "dvar": 87.178527832, "mean": 16.3420658112}, "spectral_energy": {"min": 1.11442836989e-20, "max": 0.25095435977, "dvar2": 0.000410455046222, "median": 0.0173103082925, "dmean2": 0.0133102564141, "dmean": 0.0085294181481, "var": 0.000816433574073, "dvar": 0.000183038864634, "mean": 0.0271308384836}, "mfcc": {"mean": [-722.475463867, 127.268096924, 23.9196796417, 42.7977638245, 5.57981014252, 13.0510253906, 11.061413765, 2.12190318108, 1.78683197498, 0.399641960859, -4.24230003357, -4.1022400856, -6.72561407089], "icov": [[0.000126672763145, -2.81390130112e-05, 0.000173619977431, 3.08221706291e-06, 0.000103871308966, 0.000102026257082, -0.000185269251233, 0.000102923382656, 5.09897326992e-05, 6.08085392741e-05, 0.000106146682811, 0.000127590843476, 8.97733989405e-05], [-2.81390130112e-05, 0.000714574707672, -6.46004264127e-05, 6.17522964603e-05, 0.000229993733228, -0.000427354243584, 0.000197348854272, -7.81329799793e-05, -6.07687688898e-05, 0.000120502823847, 0.000401091092499, -0.000141737327795, 0.000242406764301], [0.000173619977431, -6.46004264127e-05, 0.00156235077884, -0.000980779179372, -3.91269386455e-05, -0.000595847610384, -0.000203210613108, -0.000185289929505, 0.00073035917012, 0.000124819547636, -0.000789180281572, 0.000775724067353, -9.48449451244e-05], [3.08221706291e-06, 6.17522964603e-05, -0.000980779179372, 0.00322150508873, -0.00199220026843, 0.000999643118121, -0.00145835848525, 0.00168401875999, -0.00178592349403, 0.000117907075037, 0.00112630485091, -0.000510068493895, 0.00030284730019], [0.000103871308966, 0.000229993733228, -3.91269386455e-05, -0.00199220026843, 0.00678120693192, -0.0025758347474, 0.00203458708711, -0.00090220576385, -0.00116913439706, 0.0011080391705, -0.0010103128152, -0.000421555887442, 0.000382751808502], [0.000102026257082, -0.000427354243584, -0.000595847610384, 0.000999643118121, -0.0025758347474, 0.00666821422055, -0.0035307072103, 0.00155988649931, 0.000375579984393, -0.00160263851285, 0.0010271462379, -0.000244903669227, -0.000607608351856], [-0.000185269251233, 0.000197348854272, -0.000203210613108, -0.00145835848525, 0.00203458708711, -0.0035307072103, 0.0107931327075, -0.00488616945222, 0.000199642759981, 0.000188684498426, -0.000938243465498, -0.000998500501737, 0.00115475163329], [0.000102923382656, -7.81329799793e-05, -0.000185289929505, 0.00168401875999, -0.00090220576385, 0.00155988649931, -0.00488616945222, 0.0138708725572, -0.00646710116416, 0.0037172709126, -0.00251787737943, 0.00125654903241, -0.000636033306364], [5.09897326992e-05, -6.07687688898e-05, 0.00073035917012, -0.00178592349403, -0.00116913439706, 0.000375579984393, 0.000199642759981, -0.00646710116416, 0.0185667015612, -0.0111923338845, 0.00637771096081, -0.00324270152487, 0.000742404838093], [6.08085392741e-05, 0.000120502823847, 0.000124819547636, 0.000117907075037, 0.0011080391705, -0.00160263851285, 0.000188684498426, 0.0037172709126, -0.0111923338845, 0.0211423188448, -0.013781664893, 0.00867929123342, -0.00365865766071], [0.000106146682811, 0.000401091092499, -0.000789180281572, 0.00112630485091, -0.0010103128152, 0.0010271462379, -0.000938243465498, -0.00251787737943, 0.00637771096081, -0.013781664893, 0.0258485917002, -0.01438747067, 0.00549353612587], [0.000127590843476, -0.000141737327795, 0.000775724067353, -0.000510068493895, -0.000421555887442, -0.000244903669227, -0.000998500501737, 0.00125654903241, -0.00324270152487, 0.00867929123342, -0.01438747067, 0.0257658176124, -0.0120206810534], [8.97733989405e-05, 0.000242406764301, -9.48449451244e-05, 0.00030284730019, 0.000382751808502, -0.000607608351856, 0.00115475163329, -0.000636033306364, 0.000742404838093, -0.00365865766071, 0.00549353612587, -0.0120206810534, 0.0206090398133]], "cov": [[12663.9648438, 475.641998291, -2187.18994141, -987.870239258, -742.306030273, -526.285583496, -41.5957679749, -59.8259773254, -165.029174805, -202.325683594, -234.670883179, -171.660415649, -125.098274231], [475.641998291, 1525.73461914, -23.5521011353, -89.6517181396, -62.3489837646, 75.2493286133, -1.49425053596, -4.54154539108, -19.1494235992, -37.9671821594, -52.8726539612, -24.4369735718, -21.6988143921], [-2187.18994141, -23.5521011353, 1324.59118652, 534.261108398, 261.945831299, 218.080307007, 86.7081375122, 1.52414309978, 25.4508228302, 41.0757026672, 52.6396827698, 11.6392364502, 3.93530225754], [-987.870239258, -89.6517181396, 534.261108398, 672.234313965, 240.416305542, 87.9247131348, 61.581199646, -14.9389533997, 71.1309051514, 27.2195854187, 1.8576362133, 10.2949352264, -0.066864579916], [-742.306030273, -62.3489837646, 261.945831299, 240.416305542, 278.362762451, 108.464744568, 12.5871419907, 5.21252679825, 39.6280517578, 18.5615081787, 17.6316642761, 17.6876468658, 6.60758781433], [-526.285583496, 75.2493286133, 218.080307007, 87.9247131348, 108.464744568, 251.609039307, 68.8804855347, 1.9427177906, 16.0106639862, 27.4973449707, 15.3826122284, 10.500992775, 9.05249023438], [-41.5957679749, -1.49425053596, 86.7081375122, 61.581199646, 12.5871419907, 68.8804855347, 144.54598999, 45.8853912354, 19.0573978424, 9.16405200958, 13.0293273926, 8.26153755188, -2.90711688995], [-59.8259773254, -4.54154539108, 1.52414309978, -14.9389533997, 5.21252679825, 1.9427177906, 45.8853912354, 107.621749878, 35.9990730286, 3.86894178391, 9.31851196289, 5.67979097366, 1.47038269043], [-165.029174805, -19.1494235992, 25.4508228302, 71.1309051514, 39.6280517578, 16.0106639862, 19.0573978424, 35.9990730286, 103.70274353, 51.1914596558, 5.81815099716, 2.57078385353, 5.09595632553], [-202.325683594, -37.9671821594, 41.0757026672, 27.2195854187, 18.5615081787, 27.4973449707, 9.16405200958, 3.86894178391, 51.1914596558, 104.78805542, 43.1478614807, -1.27500224113, 5.70231533051], [-234.670883179, -52.8726539612, 52.6396827698, 1.8576362133, 17.6316642761, 15.3826122284, 13.0293273926, 9.31851196289, 5.81815099716, 43.1478614807, 83.5904769897, 36.3833122253, 7.93253564835], [-171.660415649, -24.4369735718, 11.6392364502, 10.2949352264, 17.6876468658, 10.500992775, 8.26153755188, 5.67979097366, 2.57078385353, -1.27500224113, 36.3833122253, 77.6260910034, 35.890827179], [-125.098274231, -21.6988143921, 3.93530225754, -0.066864579916, 6.60758781433, 9.05249023438, -2.90711688995, 1.47038269043, 5.09595632553, 5.70231533051, 7.93253564835, 35.890827179, 69.3424606323]]}, "spectral_contrast_valleys": {"min": [-27.4804553986, -27.2045211792, -27.8338489532, -27.3356838226, -27.1946697235, -27.2527217865], "max": [-5.01376104355, -4.50218725204, -4.98198986053, -5.5690331459, -5.51823759079, -8.22659397125], "dvar2": [0.352199912071, 0.387216031551, 0.396868139505, 0.337606042624, 0.258286386728, 0.299085706472], "median": [-7.14415645599, -7.35059738159, -7.93668794632, -8.54738807678, -8.21525382996, -10.7433662415], "dmean2": [0.704315721989, 0.705442249775, 0.651963710785, 0.569823861122, 0.444806843996, 0.429761916399], "dmean": [0.43781170249, 0.442544639111, 0.426658540964, 0.387323111296, 0.31356921792, 0.324715226889], "var": [1.27562868595, 1.47883987427, 1.88183116913, 1.64743494987, 1.42124521732, 1.15645503998], "dvar": [0.151896953583, 0.172468498349, 0.190495789051, 0.171267539263, 0.136532634497, 0.163080006838], "mean": [-7.34120702744, -7.56913089752, -8.16229057312, -8.70978736877, -8.35531806946, -10.8200130463]}, "barkbands_flatness_db": {"min": 0.0104302912951, "max": 0.605976343155, "dvar2": 0.00168346206192, "median": 0.167231112719, "dmean2": 0.0398422442377, "dmean": 0.0273333508521, "var": 0.0100892754272, "dvar": 0.000859193794895, "mean": 0.18906776607}, "dynamic_complexity": 5.64579057693, "spectral_skewness": {"min": -0.0553380027413, "max": 8.70913314819, "dvar2": 0.175478368998, "median": 1.56099224091, "dmean2": 0.390893340111, "dmean": 0.25291082263, "var": 0.452997654676, "dvar": 0.0817736461759, "mean": 1.69335913658}, "erbbands_flatness_db": {"min": 0.0274128429592, "max": 0.436239242554, "dvar2": 0.000808934331872, "median": 0.1511490345, "dmean2": 0.027514372021, "dmean": 0.0194613579661, "var": 0.00303083448671, "dvar": 0.000453095708508, "mean": 0.157311722636}, "