{"lowlevel": {"spectral_complexity": {"min": 0, "max": 59, "dvar2": 71.2293548584, "median": 15, "dmean2": 6.76129865646, "dmean": 4.31093215942, "var": 101.769233704, "dvar": 30.4180412292, "mean": 15.9622364044}, "silence_rate_20dB": {"min": 1, "max": 1, "dvar2": 0, "median": 1, "dmean2": 0, "dmean": 0, "var": 0, "dvar": 0, "mean": 1}, "average_loudness": 0.916958332062, "erbbands_spread": {"min": 0.507301807404, "max": 164.315643311, "dvar2": 297.187133789, "median": 41.4628982544, "dmean2": 15.7544202805, "dmean": 10.8630094528, "var": 458.762908936, "dvar": 142.942260742, "mean": 43.4284629822}, "spectral_kurtosis": {"min": -1.25242173672, "max": 780.683898926, "dvar2": 1062.51245117, "median": 4.15602874756, "dmean2": 5.94714927673, "dmean": 3.644708395, "var": 581.648132324, "dvar": 359.749359131, "mean": 7.46218299866}, "barkbands_kurtosis": {"min": -1.93661630154, "max": 1279.10290527, "dvar2": 1401.71069336, "median": 3.93785190582, "dmean2": 12.987112999, "dmean": 8.59922599792, "var": 1050.01269531, "dvar": 591.839538574, "mean": 12.4761734009}, "spectral_strongpeak": {"min": 0, "max": 27.5104026794, "dvar2": 1.27457273006, "median": 0.47313863039, "dmean2": 0.609076857567, "dmean": 0.365958660841, "var": 0.710354924202, "dvar": 0.53428208828, "mean": 0.663523733616}, "spectral_spread": {"min": 126644.296875, "max": 42337528, "dvar2": 2344246575100.0, "median": 4554500.5, "dmean2": 1317772.75, "dmean": 998904.1875, "var": 9890987769860.0, "dvar": 1342443356160.0, "mean": 4942552.5}, "spectral_rms": {"min": 3.11092926593e-12, "max": 0.0137003101408, "dvar2": 3.04024547404e-06, "median": 0.00499591976404, "dmean2": 0.00157554773614, "dmean": 0.00113339989912, "var": 9.3054250101e-06, "dvar": 1.79534481504e-06, "mean": 0.00538216764107}, "erbbands": {"min": [1.28596154154e-22, 5.40812340464e-22, 2.93388442472e-21, 5.97159455661e-21, 1.38663791906e-20, 3.46679214163e-20, 2.87557933909e-20, 9.93066643769e-20, 9.92106274153e-20, 1.88769814841e-19, 2.55778204074e-19, 4.07603664141e-19, 4.88978358232e-19, 4.8115524589e-19, 1.09143659073e-18, 1.12188872799e-18, 1.77163661761e-18, 2.03825884932e-18, 3.01879130281e-18, 2.56847810645e-18, 2.90510132468e-18, 3.76537577918e-18, 5.76489920798e-18, 6.26291074039e-18, 6.34014459418e-18, 7.42352744427e-18, 7.92084166343e-18, 1.03090750465e-17, 1.18787759902e-17, 1.12395713447e-17, 1.17796938149e-17, 1.12885363011e-17, 1.09379176004e-17, 8.48476873732e-18, 6.07026409804e-18, 4.41495823267e-18, 2.33018887867e-18, 9.88890699994e-19, 2.63250126547e-19, 2.60645984265e-20], "max": [6.74886226654, 34.6263122559, 151.700698853, 143.55859375, 413.026794434, 367.441497803, 273.822814941, 430.511535645, 813.041564941, 1090.44348145, 1083.63317871, 1718.21411133, 1094.76525879, 1070.01977539, 1242.50634766, 576.448303223, 618.798339844, 579.330200195, 435.276123047, 650.403625488, 1027.95471191, 610.789978027, 615.345458984, 625.257507324, 1702.59765625, 271.707580566, 447.723510742, 241.514312744, 357.751464844, 515.219970703, 1126.10107422, 872.825073242, 115.777534485, 27.9514827728, 16.4017333984, 9.58664798737, 5.57919120789, 1.38310968876, 0.0832538679242, 0.00313569884747], "dvar2": [0.851975798607, 34.395198822, 503.419006348, 487.792541504, 3929.61254883, 2970.61987305, 250.998199463, 515.251831055, 986.465209961, 1763.08972168, 2192.59692383, 2133.49023438, 1759.38684082, 1142.30603027, 1809.24145508, 1096.9642334, 853.16192627, 899.10546875, 723.99206543, 1276.56945801, 869.107666016, 807.749145508, 962.430175781, 526.544799805, 1280.07641602, 255.908889771, 601.640625, 542.092407227, 123.393966675, 152.926177979, 637.405456543, 178.741714478, 34.7766685486, 6.00454044342, 2.131067276, 1.01682603359, 0.280191540718, 0.0166576988995, 6.38242490822e-05, 9.70749027829e-08], "median": [0.0782685950398, 0.652680814266, 2.32653522491, 5.55617856979, 6.75443935394, 6.77005672455, 5.72287225723, 6.36296892166, 6.0341925621, 7.17096233368, 7.41055011749, 6.95636749268, 4.54565048218, 4.77480125427, 6.5003194809, 7.13527822495, 6.02450370789, 7.38550710678, 7.92732429504, 13.0984687805, 8.49067306519, 6.70269584656, 4.63711547852, 3.75703668594, 4.33594703674, 3.22141885757, 2.06982040405, 1.76385843754, 1.64131760597, 0.974718928337, 0.806161940098, 0.539869487286, 0.289159119129, 0.145550400019, 0.0856936872005, 0.0348631814122, 0.00987145770341, 0.00198918255046, 0.000259781401837, 6.58779172227e-05], "dmean2": [0.468567281961, 3.05027198792, 9.40253829956, 12.4344005585, 27.2677955627, 24.4424667358, 9.00075912476, 11.4606723785, 12.9374141693, 16.6026763916, 17.1537246704, 16.7861042023, 13.5837192535, 12.6642637253, 14.8704433441, 15.6651115417, 13.6827936172, 15.4281826019, 14.3582363129, 21.0778064728, 13.0343809128, 13.6548843384, 13.4135360718, 10.5141477585, 14.2345209122, 8.12074279785, 9.80404663086, 9.35719966888, 5.39207410812, 4.23135042191, 4.9619307518, 3.5659301281, 2.42466139793, 1.16280162334, 0.763283908367, 0.440982162952, 0.204354166985, 0.0463700406253, 0.00308548728935, 0.000141204262036], "dmean": [0.323598653078, 2.0137090683, 5.46123409271, 7.52009391785, 15.3988389969, 14.0971498489, 5.55588817596, 7.1296544075, 8.29610919952, 10.6778726578, 11.284617424, 11.206653595, 8.795835495, 7.8931479454, 9.20237255096, 9.58800601959, 8.5416469574, 9.77809333801, 9.08875465393, 14.1567974091, 8.26586341858, 8.52775287628, 7.90794801712, 6.30418920517, 8.89040851593, 5.07582092285, 5.74941682816, 5.47831583023, 3.44290852547, 2.84749007225, 3.38489675522, 2.40183186531, 1.52418625355, 0.739197432995, 0.48561874032, 0.275801062584, 0.125943541527, 0.0279558561742, 0.00190309633035, 9.01577004697e-05], "var": [0.922579526901, 26.7078952789, 153.421081543, 244.988616943, 1092.46496582, 1000.92456055, 193.36151123, 456.734283447, 940.247253418, 1496.19873047, 2088.13623047, 3124.4699707, 1747.24694824, 864.481079102, 1104.39794922, 759.979675293, 860.700378418, 802.90032959, 673.339416504, 1264.53942871, 788.480224609, 744.094543457, 373.042816162, 319.130065918, 1053.99707031, 157.315124512, 205.890533447, 175.519271851, 69.0721664429, 113.172790527, 533.127746582, 187.227737427, 18.3659343719, 3.04378509521, 0.90218526125, 0.384926825762, 0.0902056396008, 0.00490122707561, 2.12124286918e-05, 3.77341429214e-08], "dvar": [0.41249909997, 14.2264928818, 185.512802124, 185.404266357, 1397.07543945, 1060.18786621, 99.4501571655, 211.952484131, 440.681182861, 738.86340332, 980.810913086, 1027.3548584, 753.055969238, 466.060455322, 704.565429688, 434.751251221, 352.072540283, 367.512481689, 303.777252197, 599.102294922, 352.922271729, 338.168579102, 362.967956543, 212.336380005, 589.488464355, 104.529319763, 220.373580933, 194.830612183, 48.483341217, 69.5357284546, 330.694458008, 105.063369751, 14.3235778809, 2.51238107681, 0.894079864025, 0.427521318197, 0.111772477627, 0.00651099998504, 2.59667722275e-05, 4.06114608609e-08], "mean": [0.494978696108, 2.9359869957, 6.11872720718, 11.1787042618, 17.489774704, 17.9344425201, 10.2075786591, 13.4657030106, 15.3848772049, 18.6692771912, 20.5535144806, 21.6722278595, 15.1858739853, 12.9291772842, 16.0479888916, 16.3310947418, 14.579240799, 17.0242023468, 16.078371048, 25.0016880035, 15.9971609116, 15.4101104736, 10.4589290619, 9.19756698608, 14.4189758301, 7.5681271553, 6.71455621719, 6.27211380005, 4.66422080994, 3.91611933708, 4.40327548981, 2.92882061005, 1.57725918293, 0.782283127308, 0.465956956148, 0.252600520849, 0.114269651473, 0.0230913981795, 0.00168970494997, 0.000119527627248]}, "zerocrossingrate": {"min": 0.00244140625, "max": 0.52197265625, "dvar2": 0.000577687576879, "median": 0.044921875, "dmean2": 0.0167308337986, "dmean": 0.0144008649513, "var": 0.00301350047812, "dvar": 0.000427377264714, "mean": 0.0562395937741}, "spectral_contrast_coeffs": {"min": [-0.984636723995, -0.98540943861, -0.97666400671, -0.968019485474, -0.966688632965, -0.965765237808], "max": [-0.267105311155, -0.30698299408, -0.403634339571, -0.538795351982, -0.546792864799, -0.514962315559], "dvar2": [0.00688493996859, 0.00425677653402, 0.00323913665488, 0.00245387922041, 0.00112419738434, 0.00116577546578], "median": [-0.636298537254, -0.733477711678, -0.791462898254, -0.769980549812, -0.808427095413, -0.765448212624], "dmean2": [0.0974364578724, 0.0776681005955, 0.066122956574, 0.0556924380362, 0.0382708199322, 0.0364887900651], "dmean": [0.0629526600242, 0.0481468699872, 0.0413575433195, 0.0352161563933, 0.0241960454732, 0.0237047895789], "var": [0.0112791005522, 0.00709435530007, 0.00614920724183, 0.00440723728389, 0.00234654569067, 0.00231613824144], "dvar": [0.00310184899718, 0.00174063711893, 0.00135200435761, 0.00102591374889, 0.000488484976813, 0.000562443805393], "mean": [-0.629931330681, -0.728488564491, -0.780229985714, -0.763256430626, -0.80082654953, -0.766264140606]}, "dissonance": {"min": 0, "max": 0.500000119209, "dvar2": 0.00125836324878, "median": 0.471149772406, "dmean2": 0.0306166727096, "dmean": 0.0187590178102, "var": 0.00130841240752, "dvar": 0.000481521856273, "mean": 0.461183428764}, "spectral_energyband_high": {"min": 6.71195836334e-21, "max": 0.0423702895641, "dvar2": 2.9121854368e-06, "median": 0.00023627828341, "dmean2": 0.000880769162904, "dmean": 0.000581486383453, "var": 2.31154399444e-06, "dvar": 1.34654408157e-06, "mean": 0.000759908987675}, "gfcc": {"mean": [-32.1743545532, 86.7392959595, -99.3058853149, 33.0628738403, -43.2683753967, 12.3859291077, -36.7685852051, 0.476781964302, -16.3828620911, 2.29464960098, -19.2687969208, -3.03405642509, -11.665268898], "icov": [[0.000122481418657, -0.000195774482563, 0.000137987852213, -0.000204041964025, 0.000245083618211, -0.000223051567446, 0.000350900983904, -0.000512006983627, 0.000437363312813, -0.000401588971727, 0.000237596221268, -0.000442594784545, 0.000384009588743], [-0.000195774482563, 0.000972964568064, -0.000487594224978, 0.000512267346494, -0.000327650865074, 0.000883364060428, -0.00107644195668, 0.00107524357736, -0.00122398184612, 0.0017570881173, -0.00120738847181, 0.00114772713277, -0.00104222656228], [0.000137987852213, -0.000487594224978, 0.00104786793236, -0.000483375275508, -0.000102867357782, -0.000510070414748, 0.00039620033931, -0.000960203818977, 0.00087580550462, -0.000672771944664, 0.000519735971466, -0.00104250537697, 0.000880135514308], [-0.000204041964025, 0.000512267346494, -0.000483375275508, 0.00227375165559, -0.000858468760271, 0.000170946572325, -0.000463160919026, 0.000324020074913, -0.000797113578301, 0.00158190389629, -0.00117920106277, 0.00176277803257, -0.00154061312787], [0.000245083618211, -0.000327650865074, -0.000102867357782, -0.000858468760271, 0.00297268130817, -0.00062060210621, 0.000158234091941, -0.00082937523257, 0.00025206070859, -0.00167858367786, 0.000602366169915, -0.000639351201244, 0.00053304550238], [-0.000223051567446, 0.000883364060428, -0.000510070414748, 0.000170946572325, -0.00062060210621, 0.00469062710181, -0.00173304893542, 0.00118118477985, -0.00148544542026, 0.000138148490805, -0.00042624710477, 0.00114467053209, -0.000783162075095], [0.000350900983904, -0.00107644195668, 0.00039620033931, -0.000463160919026, 0.000158234091941, -0.00173304893542, 0.00789110455662, -0.00362553051673, 0.000858883664478, -0.000726639991626, -0.000505306874402, -0.00247993320227, 0.00107682542875], [-0.000512006983627, 0.00107524357736, -0.000960203818977, 0.000324020074913, -0.00082937523257, 0.00118118477985, -0.00362553051673, 0.00879854243249, -0.00189753097948, 0.00121961592231, -0.00294263008982, 0.000817630672827, 6.50582514936e-05], [0.000437363312813, -0.00122398184612, 0.00087580550462, -0.000797113578301, 0.00025206070859, -0.00148544542026, 0.000858883664478, -0.00189753097948, 0.0085514690727, -0.00482348445803, 0.00171373400372, -0.00028119282797, -0.00148498383351], [-0.000401588971727, 0.0017570881173, -0.000672771944664, 0.00158190389629, -0.00167858367786, 0.000138148490805, -0.000726639991626, 0.00121961592231, -0.00482348445803, 0.0128647666425, -0.00247916369699, -0.000734327768441, -0.000647691660561], [0.000237596221268, -0.00120738847181, 0.000519735971466, -0.00117920106277, 0.000602366169915, -0.00042624710477, -0.000505306874402, -0.00294263008982, 0.00171373400372, -0.00247916369699, 0.00861486513168, -0.00169795774855, 0.000320394581649], [-0.000442594784545, 0.00114772713277, -0.00104250537697, 0.00176277803257, -0.000639351201244, 0.00114467053209, -0.00247993320227, 0.000817630672827, -0.00028119282797, -0.000734327768441, -0.00169795774855, 0.0131242638454, -0.00504572922364], [0.000384009588743, -0.00104222656228, 0.000880135514308, -0.00154061312787, 0.00053304550238, -0.000783162075095, 0.00107682542875, 6.50582514936e-05, -0.00148498383351, -0.000647691660561, 0.000320394581649, -0.00504572922364, 0.0144969355315]], "cov": [[21308.4921875, 1167.17810059, -389.988922119, 397.809570312, -1190.14978027, -10.1340618134, -158.536331177, 748.881713867, -744.811828613, -44.8015594482, 184.37677002, 268.52331543, -351.85736084], [1167.17810059, 3186.734375, 623.240905762, 68.0339050293, -24.3498573303, -309.362762451, 261.855773926, 48.210067749, 67.6123733521, -281.179351807, 293.450012207, -65.661857605, 97.1179122925], [-389.988922119, 623.240905762, 1623.5213623, 268.257537842, 281.559082031, 63.6924781799, 155.409667969, 174.505249023, -32.9893989563, -6.91798877716, 105.55581665, 56.6228599548, -20.4739646912], [397.809570312, 68.0339050293, 268.257537842, 691.991516113, 168.903762817, 57.1634178162, 52.8588142395, 86.3635635376, 15.7956590652, -30.7788162231, 80.565284729, -35.6619682312, 30.2199401855], [-1190.14978027, -24.3498573303, 281.559082031, 168.903762817, 540.661560059, 88.3095855713, 71.9603881836, 42.8855361938, 83.7002639771, 67.6292037964, 24.7305488586, 9.3485994339, 24.2867946625], [-10.1340618134, -309.362762451, 63.6924781799, 57.1634178162, 88.3095855713, 304.562408447, 36.9913787842, 21.3907604218, 43.9647979736, 61.9738273621, -9.45252037048, 11.472946167, 2.07235813141], [-158.536331177, 261.855773926, 155.409667969, 52.8588142395, 71.9603881836, 36.9913787842, 228.096694946, 100.094017029, 25.2966403961, 1.38610208035, 84.2075195312, 30.4906654358, 12.5720787048], [748.881713867, 48.210067749, 174.505249023, 86.3635635376, 42.8855361938, 21.3907604218, 100.094017029, 230.934738159, -4.99927520752, 19.8577804565, 84.1549453735, 33.6114196777, -16.4664916992], [-744.811828613, 67.6123733521, -32.9893989563, 15.7956590652, 83.7002639771, 43.9647979736, 25.2966403961, -4.99927520752, 211.847473145, 58.3378601074, 2.3945350647, -3.59637022018, 48.7147521973], [-44.8015594482, -281.179351807, -6.91798877716, -30.7788162231, 67.6292037964, 61.9738273621, 1.38610208035, 19.8577804565, 58.3378601074, 148.754623413, 1.13248109818, 34.6176452637, 3.43590426445], [184.37677002, 293.450012207, 105.55581665, 80.565284729, 24.7305488586, -9.45252037048, 84.2075195312, 84.1549453735, 2.3945350647, 1.13248109818, 191.747619629, 20.9987564087, 13.6806020737], [268.52331543, -65.661857605, 56.6228599548, -35.6619682312, 9.3485994339, 11.472946167, 30.4906654358, 33.6114196777, -3.59637022018, 34.6176452637, 20.9987564087, 115.567077637, 19.737154007], [-351.85736084, 97.1179122925, -20.4739646912, 30.2199401855, 24.2867946625, 2.07235813141, 12.5720787048, -16.4664916992, 48.7147521973, 3.43590426445, 13.6806020737, 19.737154007, 99.806892395]]}, "spectral_flux": {"min": 6.38229261107e-11, "max": 0.456212073565, "dvar2": 0.00341123528779, "median": 0.0826932936907, "dmean2": 0.0563494227827, "dmean": 0.0378889329731, "var": 0.00505607994273, "dvar": 0.00186600896996, "mean": 0.09772105515}, "silence_rate_30dB": {"min": 0, "max": 1, "dvar2": 0.170916348696, "median": 1, "dmean2": 0.151708036661, "dmean": 0.0758499950171, "var": 0.0595034472644, "dvar": 0.0700967758894, "mean": 0.936459124088}, "spectral_energyband_middle_high": {"min": 1.15418382931e-21, "max": 0.0546190440655, "dvar2": 1.05642429844e-05, "median": 0.00225392449647, "dmean2": 0.00205084006302, "dmean": 0.00131731887814, "var": 1.285117105e-05, "dvar": 4.37789094576e-06, "mean": 0.00330429919995}, "barkbands_spread": {"min": 0.125964164734, "max": 126.864982605, "dvar2": 148.403213501, "median": 15.8643398285, "dmean2": 10.4817676544, "dmean": 6.99693346024, "var": 195.70149231, "dvar": 66.695350647, "mean": 18.9126148224}, "spectral_centroid": {"min": 96.4951248169, "max": 11601.5957031, "dvar2": 291268.875, "median": 1011.45953369, "dmean2": 468.491607666, "dmean": 309.378326416, "var": 1015281.9375, "dvar": 135711.78125, "mean": 1219.61657715}, "pitch_salience": {"min": 0.0633034035563, "max": 0.943806827068, "dvar2": 0.0152747491375, "median": 0.546359837055, "dmean2": 0.140276789665, "dmean": 0.0879626497626, "var": 0.0209437664598, "dvar": 0.00659662345424, "mean": 0.520437955856}, "erbbands_skewness": {"min": -7.22443437576, "max": 11.8918132782, "dvar2": 0.716006875038, "median": 0.280705988407, "dmean2": 0.678461372852, "dmean": 0.449964165688, "var": 1.15251600742, "dvar": 0.308032602072, "mean": 0.334141612053}, "erbbands_crest": {"min": 2.13432049751, "max": 33.5020713806, "dvar2": 14.1223239899, "median": 7.47212123871, "dmean2": 3.89749526978, "dmean": 2.49143576622, "var": 24.132900238, "dvar": 6.29675531387, "mean": 8.86338424683}, "melbands": {"min": [1.46114611524e-24, 1.68782391584e-24, 1.90515095371e-24, 1.54944617598e-24, 1.40022357082e-24, 2.31691346927e-24, 1.3642315948e-24, 2.03893249412e-24, 1.92879745378e-24, 2.68008057535e-24, 2.14317750452e-24, 1.87651195019e-24, 2.28380616037e-24, 2.86940305108e-24, 2.79077274871e-24, 3.05171137008e-24, 3.20866274135e-24, 3.39579297263e-24, 2.64206674883e-24, 3.29216070994e-24, 3.60672846223e-24, 3.5436752045e-24, 3.90584479596e-24, 3.92733849462e-24, 4.06701065662e-24, 3.7514347401e-24, 3.26211003983e-24, 4.9110153057e-24, 4.3640266482e-24, 5.05434107699e-24, 4.38749328798e-24, 5.65468789169e-24, 5.76483614545e-24, 5.69960642049e-24, 5.88063619317e-24, 5.82367254721e-24, 5.99249903612e-24, 6.92445063207e-24, 6.16913761457e-24, 6.23196723023e-24], "max": [0.0513926893473, 0.0577115342021, 0.0246679540724, 0.0313296355307, 0.00804035272449, 0.00877273827791, 0.0108293220401, 0.00955882668495, 0.00924546830356, 0.0113974260166, 0.00614008214325, 0.00411168439314, 0.00582490488887, 0.00178871292155, 0.00194271060172, 0.00197576056235, 0.00097419047961, 0.000962000631262, 0.000971227651462, 0.00101090106182, 0.00121404055972, 0.000787492783275, 0.0006145730149, 0.000567425857298, 0.000478330621263, 0.00145673146471, 0.000593806616962, 0.000181414710823, 0.000402285775635, 0.000413850444602, 0.000172649772139, 0.000283534463961, 7.65169534134e-05, 0.000378212978831, 0.000768167548813, 0.00101044261828, 0.000287174596451, 9.25200656638e-05, 4.63752803626e-05, 2.31325539062e-05], "dvar2": [5.80409614486e-05, 6.35267424514e-05, 1.75294389919e-05, 2.40143945121e-05, 4.67661948278e-07, 2.29263193319e-07, 2.36340639503e-07, 1.68885136986e-07, 1.78880924295e-07, 9.37109163601e-08, 4.91241145539e-08, 2.16987139368e-08, 2.9808894908e-08, 8.12600919886e-09, 9.59594004257e-09, 7.24936111141e-09, 3.19733950427e-09, 2.68587685426e-09, 2.46786169278e-09, 2.19282747516e-09, 1.3396881382e-09, 1.1066785266e-09, 8.8172336099e-10, 7.23144877313e-10, 3.23580467976e-10, 1.09534303849e-09, 3.7883426951e-10, 1.00718169915e-10, 2.1904573988e-10, 4.41244846217e-10, 1.42112766e-10, 6.23360182916e-11, 2.06342651299e-11, 8.02445401793e-11, 2.60886562353e-10, 3.08220921008e-10, 4.11552285307e-11, 2.39045658268e-11, 8.28579479334e-12, 3.72858341424e-12], "median": [0.000786704709753, 0.0012626121752, 0.0011094675865, 0.000523477327079, 0.000220200017793, 0.000150212072185, 9.82826240943e-05, 6.9523404818e-05, 5.6784858316e-05, 4.25865800935e-05, 2.08197434404e-05, 1.75746317836e-05, 2.04015850613e-05, 1.95706052182e-05, 1.17069903354e-05, 1.17022209452e-05, 1.22228047985e-05, 9.04414991965e-06, 1.65496530826e-05, 1.34447873279e-05, 8.10962956166e-06, 6.93749643688e-06, 4.27162012784e-06, 3.38702102454e-06, 2.61054037765e-06, 2.98864324577e-06, 2.89869467451e-06, 1.53290397975e-06, 1.2263969893e-06, 1.08127483145e-06, 8.84872349616e-07, 1.01196633295e-06, 5.41136159882e-07, 5.00706050843e-07, 4.71579284067e-07, 3.7086130078e-07, 2.91068317892e-07, 2.02344324407e-07, 1.38475996891e-07, 1.11307265627e-07], "dmean2": [0.00401830254123, 0.0038675935939, 0.00238423608243, 0.00204904237762, 0.000401257944759, 0.000248476106208, 0.000205392221687, 0.000171936844708, 0.000151485073729, 0.000109735701699, 6.97964424035e-05, 5.27900047018e-05, 5.37970117875e-05, 4.36430236732e-05, 4.27668528573e-05, 3.5077217035e-05, 2.89316431008e-05, 2.48781543633e-05, 2.98907689285e-05, 2.44303246291e-05, 1.57247031893e-05, 1.55929810717e-05, 1.24335329019e-05, 1.1864462067e-05, 8.28239535622e-06, 1.19457927212e-05, 8.63341847435e-06, 5.11253347213e-06, 5.933349712e-06, 7.09049072611e-06, 5.03580076838e-06, 3.51960329681e-06, 2.30325963457e-06, 2.55495115198e-06, 3.12858810503e-06, 2.77547155747e-06, 2.09321024158e-06, 1.92667675947e-06, 1.27771534153e-06, 8.98582527498e-07], "dmean": [0.00274120667018, 0.00244516553357, 0.00144361879211, 0.00115883513354, 0.000244425726123, 0.000154863271746, 0.000132217013743, 0.000110199121991, 0.000100535464298, 7.33993147151e-05, 4.50595471193e-05, 3.28020541929e-05, 3.3309806895e-05, 2.67825835181e-05, 2.63901602011e-05, 2.19999328692e-05, 1.82015628525e-05, 1.55832767632e-05, 1.91353974515e-05, 1.62577816809e-05, 9.75513557933e-06, 9.72222460405e-06, 7.45931674828e-06, 6.93387073625e-06, 4.93429160997e-06, 7.28558597984e-06, 5.43030091649e-06, 3.14815019919e-06, 3.47723107552e-06, 4.07546895076e-06, 2.94688038593e-06, 2.23237839236e-06, 1.48243486819e-06, 1.72400143583e-06, 2.07583548217e-06, 1.88336571227e-06, 1.36956043661e-06, 1.18505579394e-06, 8.02747308626e-07, 5.68230746012e-07], "var": [5.99246341153e-05, 3.38452373398e-05, 8.71456086315e-06, 6.38747087578e-06, 3.41396940939e-07, 2.03372948704e-07, 2.35026817563e-07, 1.39515236697e-07, 1.99634314413e-07, 1.37850875603e-07, 4.72956891429e-08, 1.61219144701e-08, 1.69591878318e-08, 6.23581719594e-09, 6.20028606235e-09, 7.17199810651e-09, 2.61516941436e-09, 2.32221708529e-09, 2.0535300127e-09, 1.89608462264e-09, 1.23153365283e-09, 1.03314790056e-09, 4.31162189285e-10, 2.59507387801e-10, 1.93783863955e-10, 8.20955026182e-10, 3.07552205925e-10, 5.29073243549e-11, 8.01231928027e-11, 1.15216697294e-10, 5.23713052092e-11, 3.04509958915e-11, 1.45753600161e-11, 5.1736295803e-11, 1.74149569765e-10, 2.71978661814e-10, 3.42811022624e-11, 1.08511038696e-11, 4.35017256592e-12, 1.75942919088e-12], "dvar": [2.61100576608e-05, 2.64018926828e-05, 6.79795994074e-06, 8.4832236098e-06, 1.82290364137e-07, 9.40449496056e-08, 1.05568325637e-07, 7.05586273853e-08, 8.27557116168e-08, 4.50671677754e-08, 2.09348733904e-08, 8.84141115876e-09, 1.15815241841e-08, 3.19794168924e-09, 3.89045862192e-09, 2.98429703172e-09, 1.30925004171e-09, 1.12489717541e-09, 1.05360997704e-09, 9.79498260278e-10, 5.48855738636e-10, 4.58718285579e-10, 3.5382405339e-10, 2.69090194571e-10, 1.29322608178e-10, 4.86924667253e-10, 1.67564753739e-10, 4.00026435587e-11, 8.18722104001e-11, 1.55639973132e-10, 5.18882437017e-11, 2.43100973379e-11, 8.62028937815e-12, 3.61459542852e-11, 1.22156243454e-10, 1.76844455746e-10, 2.03979593633e-11, 9.45945231867e-12, 3.44157298146e-12, 1.55277342633e-12], "mean": [0.00425755605102, 0.00347974244505, 0.00214113481343, 0.00135004974436, 0.000428964733146, 0.000297687394777, 0.000247070449404, 0.000187981990166, 0.000182202289579, 0.00013904790103, 7.46672885725e-05, 5.15008359798e-05, 5.42861380382e-05, 4.81858296553e-05, 3.79340126528e-05, 3.58614452125e-05, 2.99175735563e-05, 2.53068992606e-05, 3.17196245305e-05, 2.73988462141e-05, 1.74435062945e-05, 1.71985320776e-05, 1.01778759927e-05, 8.45270915306e-06, 6.75029150443e-06, 1.10576174848e-05, 8.64599860506e-06, 4.15546173826e-06, 3.9982319322e-06, 4.28175098932e-06, 3.35963090947e-06, 2.87251691589e-06, 1.99208670892e-06, 2.22561266128e-06, 2.60842648458e-06, 2.27763666771e-06, 1.59016690304e-06, 1.16263117889e-06, 8.36621950384e-07, 5.90167871906e-07]}, "spectral_entropy": {"min": 3.12726712227, "max": 9.82164287567, "dvar2": 0.183472946286, "median": 7.53491210938, "dmean2": 0.397073596716, "dmean": 0.286666721106, "var": 0.499520391226, "dvar": 0.0913900882006, "mean": 7.4094119072}, "spectral_rolloff": {"min": 21.533203125, "max": 19702.8808594, "dvar2": 3883559.25, "median": 667.529296875, "dmean2": 993.103088379, "dmean": 591.487487793, "var": 4996369, "dvar": 1946494.25, "mean": 1353.39624023}, "barkbands": {"min": [1.08821328093e-25, 1.75387721159e-24, 9.96815881105e-25, 1.06613565264e-24, 7.93035162701e-24, 7.97281443182e-24, 7.4824490268e-24, 5.80401176687e-24, 2.20437208762e-23, 1.20467856026e-23, 1.21055304965e-23, 2.1680963189e-23, 2.92433451247e-23, 3.26784620246e-23, 4.06997448593e-23, 4.59217863262e-23, 6.47534517676e-23, 8.70721632445e-23, 1.2526130463e-22, 1.5821926954e-22, 2.41008517603e-22, 2.96402885726e-22, 4.03928236935e-22, 6.15992021665e-22, 8.2381539504e-22, 1.34215113194e-21, 1.93234298438e-21], "max": [0.0192672070116, 0.158614844084, 0.147629901767, 0.0562297441065, 0.117333628237, 0.037469394505, 0.0640053749084, 0.039183691144, 0.0571732260287, 0.0464409776032, 0.0393070317805, 0.0130731221288, 0.0145518453792, 0.0102605307475, 0.00910224113613, 0.018665747717, 0.00919137895107, 0.010940387845, 0.030970742926, 0.00688909180462, 0.0092392442748, 0.00723822554573, 0.0268188137561, 0.016942165792, 0.00216091377661, 0.00285019120201, 0.000491932034492], "dvar2": [5.92052265347e-06, 0.000664229737595, 0.000544168869965, 6.62460006424e-05, 0.000342027982697, 5.13451777806e-06, 7.47839567339e-06, 3.30174339069e-06, 5.47189438294e-06, 1.71803185367e-06, 1.43120996654e-06, 7.79322874678e-07, 5.24997460616e-07, 4.06704060651e-07, 3.11497615257e-07, 3.6647907109e-07, 2.43830072577e-07, 2.89839562129e-07, 4.51881589925e-07, 1.33619806775e-07, 4.2457693894e-07, 7.51761106699e-08, 4.62184090111e-07, 1.52138639464e-07, 4.47370531731e-08, 7.56001270474e-08, 2.2163573199e-09], "median": [0.000129633554025, 0.00283250678331, 0.00182090722956, 0.00171191024128, 0.0020722579211, 0.000807826872915, 0.000416931870859, 0.000249049917329, 0.000361301004887, 8.50233627716e-05, 0.000126088532852, 0.00019635418721, 0.000101571698906, 0.000142903561937, 0.000191455794265, 0.000175998691702, 0.000109471235191, 7.34469649615e-05, 7.58771930123e-05, 7.23023185856e-05, 4.62206953671e-05, 4.08662381233e-05, 2.91240194201e-05, 2.09872032428e-05, 1.30203716253e-05, 6.32902310826e-06, 1.50832966028e-06], "dmean2": [0.00122777442448, 0.0137279853225, 0.00982711091638, 0.00474081700668, 0.00783949904144, 0.0012239193311, 0.00108256947715, 0.000674305483699, 0.000869338808116, 0.000368284760043, 0.000400005461415, 0.000439603958512, 0.000314217817504, 0.000334792712238, 0.00034227015567, 0.000293687538942, 0.000241997811827, 0.000236896099523, 0.000265356851742, 0.000191461076611, 0.000253298116149, 0.000141844488098, 0.000163123273524, 0.000152202512254, 0.000105530576548, 0.000108127540443, 1.82752519322e-05], "dmean": [0.000759711489081, 0.00932377018034, 0.00557615421712, 0.0027811054606, 0.00446547614411, 0.000761304225307, 0.000700498756487, 0.000428947270848, 0.000586051959544, 0.000227798969718, 0.000248679629294, 0.000269228330581, 0.000193730098545, 0.000212498722249, 0.000217326480197, 0.000191576895304, 0.000150542720803, 0.000140278090839, 0.0001609815954, 0.000119228890981, 0.000147596365423, 9.0757595899e-05, 0.000112544024887, 9.88822575891e-05, 6.70347944833e-05, 6.69550427119e-05, 1.13571923066e-05], "var": [4.08636242355e-06, 0.000652191054542, 0.000148581224494, 3.62999235222e-05, 9.48998567765e-05, 4.40059056928e-06, 7.31032832846e-06, 2.18951549869e-06, 7.3379492278e-06, 1.46809645685e-06, 9.35775972266e-07, 5.64770061828e-07, 4.76866262034e-07, 3.30592285991e-07, 2.69449628831e-07, 3.16094741493e-07, 2.27890069482e-07, 1.14050081379e-07, 3.40953846489e-07, 8.85322180011e-08, 1.30201740944e-07, 4.76034607289e-08, 4.83672977225e-07, 1.28037669356e-07, 1.9632842907e-08, 2.47627163219e-08, 7.76724462526e-10], "dvar": [2.24230166168e-06, 0.000289009563858, 0.000195070970221, 2.41338657361e-05, 0.000121150922496, 2.07591756407e-06, 3.29914882968e-06, 1.39968608437e-06, 2.6039133445e-06, 7.11906352535e-07, 5.68263885725e-07, 3.10799038061e-07, 2.11673054196e-07, 1.68282284108e-07, 1.31092377842e-07, 1.5402467568e-07, 1.03213920966e-07, 1.10444936752e-07, 2.01856295234e-07, 5.5049497405e-08, 1.51794495196e-07, 3.02378744266e-08, 2.61230468368e-07, 7.47873230011e-08, 1.85084001458e-08, 3.03704545956e-08, 9.2075658209e-10], "mean": [0.00106673513073, 0.0143867237493, 0.00574824213982, 0.0039820894599, 0.00539455795661, 0.00147263088729, 0.0012571234256, 0.000681501347572, 0.00114353443496, 0.000332820112817, 0.000398274773033, 0.000462116004201, 0.000301382387988, 0.000350300833816, 0.000358608609531, 0.000339659105521, 0.000265198032139, 0.000177982466994, 0.000243672227953, 0.00017604365712, 0.000167479025549, 0.00012467095803, 0.000149353596498, 0.000112116169475, 6.72068417771e-05, 5.97258913331e-05, 1.0170614587e-05]}, "melbands_flatness_db": {"min": 0.00321536022238, "max": 0.959430575371, "dvar2": 0.00346291507594, "median": 0.228006094694, "dmean2": 0.0599664784968, "dmean": 0.043593455106, "var": 0.0122962696478, "dvar": 0.00168285612017, "mean": 0.24679286778}, "melbands_skewness": {"min": -3.68485355377, "max": 21.5670795441, "dvar2": 3.59630441666, "median": 3.05936741829, "dmean2": 1.59715676308, "dmean": 1.10052216053, "var": 6.45077037811, "dvar": 1.82026684284, "mean": 3.58843016624}, "barkbands_skewness": {"min": -4.62161159515, "max": 27.6874160767, "dvar2": 2.41786503792, "median": 1.90704989433, "dmean2": 1.2631534338, "dmean": 0.882903039455, "var": 4.36040973663, "dvar": 1.17384231091, "mean": 2.3040356636}, "silence_rate_60dB": {"min": 0, "max": 1, "dvar2": 0.0984176844358, "median": 0, "dmean2": 0.0956927612424, "dmean": 0.0478438436985, "var": 0.10123500973, "dvar": 0.0455548092723, "mean": 0.114299349487}, "spectral_energyband_low": {"min": 2.48136513282e-23, "max": 0.186550915241, "dvar2": 0.000895034056157, "median": 0.00844063423574, "dmean2": 0.0185813196003, "dmean": 0.0122873568907, "var": 0.0010183454724, "dvar": 0.000423679302912, "mean": 0.0231045726687}, "spectral_energyband_middle_low": {"min": 1.65395732832e-22, "max": 0.157474040985, "dvar2": 0.000621838727966, "median": 0.00894771330059, "dmean2": 0.0127232233062, "dmean": 0.0074975984171, "var": 0.000257954961853, "dvar": 0.000224371673539, "mean": 0.0139989042655}, "melbands_kurtosis": {"min": -1.95050859451, "max": 706.234924316, "dvar2": 2872.8269043, "median": 12.5875682831, "dmean2": 25.0879211426, "dmean": 16.6481132507, "var": 2579.57861328, "dvar": 1297.45117188, "mean": 29.0955657959}, "spectral_decrease": {"min": -5.03366734961e-08, "max": 3.65480779321e-12, "dvar2": 6.00200002537e-17, "median": -6.29094376592e-09, "dmean2": 5.64051472196e-09, "dmean": 3.87022058845e-09, "var": 9.45408875761e-17, "dvar": 3.03944869105e-17, "mean": -9.98093430127e-09}, "erbbands_kurtosis": {"min": -1.82443451881, "max": 269.103820801, "dvar2": 155.586273193, "median": -0.294569373131, "dmean2": 2.950122118, "dmean": 1.82705283165, "var": 84.9812850952, "dvar": 55.5992965698, "mean": 1.37185072899}, "melbands_crest": {"min": 1.58165276051, "max": 37.6912765503, "dvar2": 30.6003341675, "median": 14.9075670242, "dmean2": 6.21874332428, "dmean": 3.83714604378, "var": 38.3488883972, "dvar": 12.0594730377, "mean": 16.0942573547}, "melbands_spread": {"min": 0.222591266036, "max": 275.660949707, "dvar2": 275.659240723, "median": 13.6421699524, "dmean2": 11.689332962, "dmean": 7.73195314407, "var": 434.144805908, "dvar": 134.487472534, "mean": 19.3707733154}, "spectral_energy": {"min": 9.91982778672e-21, "max": 0.192390948534, "dvar2": 0.000877922226209, "median": 0.0255831908435, "dmean2": 0.0218362417072, "dmean": 0.0149959763512, "var": 0.00139815849252, "dvar": 0.000445509882411, "mean": 0.0392299853265}, "mfcc": {"mean": [-677.948181152, 121.230491638, 6.42803192139, 26.6211776733, 11.9771900177, 14.0374641418, -5.19724273682, 1.14154422283, 1.32752680779, 4.13595056534, -2.04902148247, -1.71418988705, -0.237657934427], "icov": [[0.000107254803879, -1.02860749394e-05, -2.26585343626e-05, -3.27562302118e-05, 0.000131450753543, 0.000123792458908, -7.5125033618e-05, -0.000158075679792, 0.000208275057958, -0.000164953467902, 0.000174496744876, -9.31434478844e-05, 1.48339786392e-05], [-1.02860749394e-05, 0.000473167456221, -0.000157223097631, -9.74147114903e-05, 4.68406724394e-05, 0.000251739751548, 9.52878981479e-05, -0.000288875657134, 4.1464169044e-05, 0.000353413866833, -0.000221654743655, 5.43902569916e-05, -0.00020605060854], [-2.26585343626e-05, -0.000157223097631, 0.00126594235189, -0.000252019410254, -0.000285801041173, -0.000273278157692, -0.000219121546252, -0.000473803258501, 7.00320088072e-05, 2.30540881603e-05, 0.000190860533621, -0.000212708342588, 0.00021327988361], [-3.27562302118e-05, -9.74147114903e-05, -0.000252019410254, 0.00260281912051, -0.0014402611414, 0.000430287735071, -0.000437603273895, -0.000416733470047, -4.81014831166e-05, -0.00036140071461, 0.000847880204674, -0.000290727097308, -5.79768166062e-05], [0.000131450753543, 4.68406724394e-05, -0.000285801041173, -0.0014402611414, 0.00454520015046, -0.00151743460447, -0.000642438419163, 0.00028091474087, 0.000151058047777, -0.00144066044595, -0.000393625436118, 0.000457762740552, -0.000336714350851], [0.000123792458908, 0.000251739751548, -0.000273278157692, 0.000430287735071, -0.00151743460447, 0.00540866330266, -0.000396760384319, 0.000537761370651, -0.00212066364475, 0.000521421781741, -0.000612607167568, 5.80694577366e-05, -0.000206902564969], [-7.5125033618e-05, 9.52878981479e-05, -0.000219121546252, -0.000437603273895, -0.000642438419163, -0.000396760384319, 0.00612456398085, -0.00329795153812, 0.00132424489129, -2.61980458163e-05, -0.000267803261522, -0.0017590674106, 0.000576546939556], [-0.000158075679792, -0.000288875657134, -0.000473803258501, -0.000416733470047, 0.00028091474087, 0.000537761370651, -0.00329795153812, 0.00907477829605, -0.00195230578538, -0.000772490282543, -0.000122939105495, -0.000991472741589, -0.000578809238505], [0.000208275057958, 4.1464169044e-05, 7.00320088072e-05, -4.81014831166e-05, 0.000151058047777, -0.00212066364475, 0.00132424489129, -0.00195230578538, 0.0102972397581, -0.00211076019332, -0.00144377385732, 0.00195202894974, -0.00210534455255], [-0.000164953467902, 0.000353413866833, 2.30540881603e-05, -0.00036140071461, -0.00144066044595, 0.000521421781741, -2.61980458163e-05, -0.000772490282543, -0.00211076019332, 0.0109928175807, -0.00404535559937, -0.000176679808646, -0.000198978901608], [0.000174496744876, -0.000221654743655, 0.000190860533621, 0.000847880204674, -0.000393625436118, -0.000612607167568, -0.000267803261522, -0.000122939105495, -0.00144377385732, -0.00404535559937, 0.0129287587479, -0.00531861232594, 0.00155292009003], [-9.31434478844e-05, 5.43902569916e-05, -0.000212708342588, -0.000290727097308, 0.000457762740552, 5.80694577366e-05, -0.0017590674106, -0.000991472741589, 0.00195202894974, -0.000176679808646, -0.00531861232594, 0.0141589473933, -0.00321583985351], [1.48339786392e-05, -0.00020605060854, 0.00021327988361, -5.79768166062e-05, -0.000336714350851, -0.000206902564969, 0.000576546939556, -0.000578809238505, -0.00210534455255, -0.000198978901608, 0.00155292009003, -0.00321583985351, 0.00930807646364]], "cov": [[13504.796875, 1044.74804688, 549.868408203, 365.716461182, -455.643768311, -704.374694824, 511.966430664, 476.859710693, -458.558624268, 36.3384017944, -180.302078247, 200.604324341, -46.4692687988], [1044.74804688, 2557.36499023, 414.306182861, 198.452026367, -41.366733551, -177.012969971, 99.9078445435, 168.580841064, -62.4020996094, -58.1900749207, -5.62848043442, 50.4185142517, 48.5529518127], [549.868408203, 414.306182861, 1049.68811035, 275.41986084, 170.60975647, 39.924659729, 181.312789917, 157.816513062, -5.90373468399, 38.6991615295, 13.386179924, 59.8377914429, 9.53274536133], [365.716461182, 198.452026367, 275.41986084, 605.161010742, 228.698257446, 7.50433111191, 149.910095215, 113.265525818, 1.57732367516, 57.4826011658, -0.827240586281, 42.9875793457, 24.0416965485], [-455.643768311, -41.366733551, 170.60975647, 228.698257446, 397.846923828, 134.95401001, 86.036567688, 43.3533935547, 51.7327804565, 77.667427063, 44.2824745178, 20.945142746, 25.2939319611], [-704.374694824, -177.012969971, 39.924659729, 7.50433111191, 134.95401001, 285.399108887, 2.78058695793, -13.3970861435, 84.2495040894, 29.1412639618, 38.4417953491, -1.7746322155, 19.2088050842], [511.966430664, 99.9078445435, 181.312789917, 149.910095215, 86.036567688, 2.78058695793, 295.002502441, 139.32182312, -23.3212032318, 38.1502723694, 29.246963501, 68.4509429932, 6.05028867722], [476.859710693, 168.580841064, 157.816513062, 113.265525818, 43.3533935547, -13.3970861435, 139.32182312, 200.312530518, 11.8706617355, 37.8466835022, 23.1444034576, 49.691986084, 21.9589653015], [-458.558624268, -62.4020996094, -5.90373468399, 1.57732367516, 51.7327804565, 84.2495040894, -23.3212032318, 11.8706617355, 149.213775635, 39.8145179749, 32.4821777344, -7.52148294449, 32.0045318604], [36.3384017944, -58.1900749207, 38.6991615295, 57.4826011658, 77.667427063, 29.1412639618, 38.1502723694, 37.8466835022, 39.8145179749, 135.455413818, 55.4053955078, 27.0831012726, 13.5873727798], [-180.302078247, -5.62848043442, 13.386179924, -0.827240586281, 44.2824745178, 38.4417953491, 29.246963501, 23.1444034576, 32.4821777344, 55.4053955078, 122.873512268, 46.4169235229, 6.00311040878], [200.604324341, 50.4185142517, 59.8377914429, 42.9875793457, 20.945142746, -1.7746322155, 68.4509429932, 49.691986084, -7.52148294449, 27.0831012726, 46.4169235229, 110.118385315, 28.439863205], [-46.4692687988, 48.5529518127, 9.53274536133, 24.0416965485, 25.2939319611, 19.2088050842, 6.05028867722, 21.9589653015, 32.0045318604, 13.5873727798, 6.00311040878, 28.439863205, 127.199989319]]}, "spectral_contrast_valleys": {"min": [-28.566411972, -27.9867649078, -27.9047012329, -27.712896347, -27.6269950867, -27.4336547852], "max": [-4.93998241425, -4.66885328293, -5.19393253326, -5.67866706848, -5.51315689087, -7.60332012177], "dvar2": [0.501721560955, 0.46187800169, 0.552167832851, 0.468378275633, 0.543287277222, 0.652221620083], "median": [-6.84353351593, -6.78590297699, -7.53614234924, -7.7488193512, -7.62977600098, -10.2206268311], "dmean2": [0.768700182438, 0.696346879005, 0.719272375107, 0.637507736683, 0.64164853096, 0.746839940548], "dmean": [0.550609171391, 0.450922608376, 0.472978502512, 0.422464370728, 0.455436468124, 0.599489331245], "var": [5.36803436279, 4.3941488266, 4.05708265305, 3.48424935341, 3.79984068871, 3.47912168503], "dvar": [0.324733197689, 0.224676012993, 0.2551843822, 0.208752259612, 0.25337228179, 0.360750377178], "mean": [-7.50998210907, -7.27383708954, -7.99598169327, -8.13421440125, -8.0707950592, -10.5378503799]}, "barkbands_flatness_db": {"min": 0.0209213774651, "max": 0.778942406178, "dvar2": 0.00231505441479, "median": 0.145133942366, "dmean2": 0.0498597770929, "dmean": 0.0358312241733, "var": 0.00846005510539, "dvar": 0.00111449789256, "mean": 0.164487957954}, "dynamic_complexity": 3.79560756683, "spectral_skewness": {"min": -0.39417591691, "max": 24.4280662537, "dvar2": 1.04745721817, "median": 1.58738541603, "dmean2": 0.560002803802, "dmean": 0.369088381529, "var": 1.63334739208, "dvar": 0.403525084257, "mean": 1.79903924465}, "erbbands_flatness_db": {"min": 0.0388771295547, "max": 0.563966989517, "dvar2": 0.00118701171596, "median": 0.140270069242, "dmean2": 0.035437040031, "dmean": 0.0266213100404, "var": 0.00542862853035, "dvar": 0.000696908682585, "mean": 0.155925035477}, "hfc": {"min": 1.07