{"lowlevel": {"spectral_complexity": {"min": 0, "max": 53, "dvar2": 19.6317844391, "median": 22, "dmean2": 4.21060276031, "dmean": 2.7315351963, "var": 73.4466018677, "dvar": 9.68549060822, "mean": 21.5922622681}, "silence_rate_20dB": {"min": 1, "max": 1, "dvar2": 0, "median": 1, "dmean2": 0, "dmean": 0, "var": 0, "dvar": 0, "mean": 1}, "average_loudness": 0.930408060551, "erbbands_spread": {"min": 4.46816587448, "max": 133.908279419, "dvar2": 93.6323165894, "median": 27.9065074921, "dmean2": 8.15077972412, "dmean": 5.43301534653, "var": 235.915756226, "dvar": 42.2874221802, "mean": 30.7560977936}, "spectral_kurtosis": {"min": -1.25915932655, "max": 93.9949645996, "dvar2": 73.7005386353, "median": 6.98320484161, "dmean2": 5.27430963516, "dmean": 3.12367320061, "var": 99.5028457642, "dvar": 24.7657489777, "mean": 9.61772918701}, "barkbands_kurtosis": {"min": -1.86201202869, "max": 88.8054733276, "dvar2": 26.5739383698, "median": 0.755567789078, "dmean2": 2.6298828125, "dmean": 1.64571607113, "var": 36.3886756897, "dvar": 10.3912744522, "mean": 2.55800938606}, "spectral_strongpeak": {"min": 0, "max": 13.4958639145, "dvar2": 2.94805049896, "median": 0.422927707434, "dmean2": 0.781066119671, "dmean": 0.436893343925, "var": 1.81672549248, "dvar": 1.0980411768, "mean": 0.794526159763}, "spectral_spread": {"min": 888405.4375, "max": 42622304, "dvar2": 1401139232770.0, "median": 3354902.5, "dmean2": 800492.375, "dmean": 564528.8125, "var": 7637348909060.0, "dvar": 681191145472, "mean": 3807234.75}, "spectral_rms": {"min": 3.15323028105e-12, "max": 0.0115159889683, "dvar2": 1.28930730625e-06, "median": 0.00577000947669, "dmean2": 0.000986790051684, "dmean": 0.000643860956188, "var": 3.37226765623e-06, "dvar": 5.33167906269e-07, "mean": 0.00552655523643}, "erbbands": {"min": [2.21064984271e-23, 3.25660083248e-22, 2.34786351339e-21, 7.9987977493e-21, 6.83499178594e-21, 3.7064544763e-20, 1.09003327882e-19, 1.24448017764e-19, 2.18695929858e-19, 2.92188368193e-19, 2.36513736295e-19, 4.7904329869e-19, 6.94045479372e-19, 9.63146047597e-19, 1.03910873158e-18, 1.68448817699e-18, 1.45377850856e-18, 2.15603985597e-18, 3.56338985412e-18, 2.66776873128e-18, 4.98545767012e-18, 5.95010494713e-18, 6.00490979861e-18, 8.02141772693e-18, 7.87918981087e-18, 6.0267767317e-18, 9.57189333891e-18, 1.03594073324e-17, 1.06267008211e-17, 1.03690729378e-17, 1.30507817304e-17, 9.83558197458e-18, 8.50472695114e-18, 8.34489249573e-18, 7.09712528328e-18, 4.53264121842e-18, 2.40845608784e-18, 1.01899211268e-18, 2.63612069764e-19, 2.96480757026e-20], "max": [2.93482995033, 13.3928585052, 40.5255851746, 136.599014282, 162.89704895, 294.062438965, 291.26184082, 264.213012695, 482.494140625, 608.522583008, 532.804138184, 669.562683105, 829.606628418, 1219.20617676, 977.309204102, 740.760742188, 909.320556641, 910.223571777, 1068.36340332, 1797.56506348, 1086.57666016, 1034.3671875, 389.436004639, 725.765808105, 839.893981934, 705.499145508, 376.328948975, 466.062469482, 280.3722229, 304.467834473, 218.244796753, 337.351593018, 144.125915527, 130.511505127, 51.6129608154, 71.6065673828, 26.4411373138, 11.1105213165, 2.28624033928, 0.0449178405106], "dvar2": [0.104845702648, 3.06127238274, 41.3420677185, 287.447723389, 675.811889648, 365.477783203, 462.859802246, 238.852783203, 346.005859375, 2014.12744141, 1216.19372559, 1441.37268066, 1673.70605469, 5084.68066406, 1332.33276367, 1887.93188477, 3308.78735352, 3847.74487305, 2953.18115234, 12062.2792969, 2794.12475586, 1541.76123047, 477.325439453, 592.328063965, 783.075683594, 724.098144531, 243.883911133, 266.676147461, 161.442199707, 78.2719268799, 67.3391418457, 57.2550315857, 18.4265136719, 6.98467254639, 2.10649800301, 1.68266952038, 0.27043184638, 0.0380446128547, 0.000705857062712, 2.11948758988e-07], "median": [0.100564576685, 1.12310743332, 4.12309169769, 5.53024721146, 6.82420539856, 6.32932567596, 8.9982843399, 6.93291854858, 9.14488792419, 12.3037414551, 18.4912071228, 14.9078941345, 21.5189094543, 19.821849823, 17.6404743195, 20.6121711731, 28.7183761597, 21.5518913269, 27.818862915, 45.9679069519, 21.4762058258, 17.9582710266, 9.72772216797, 6.14961051941, 5.61103630066, 3.62942576408, 2.11760592461, 1.22753810883, 0.894149243832, 0.695933282375, 0.431592792273, 0.275527447462, 0.184542924166, 0.113369569182, 0.0649780780077, 0.0266998652369, 0.00821923743933, 0.00154865381774, 0.000167637801496, 5.46622977708e-05], "dmean2": [0.166786968708, 1.03161764145, 4.3941116333, 9.11652565002, 14.9739532471, 10.7527856827, 12.339799881, 8.66361713409, 10.0039873123, 22.1906871796, 20.2570667267, 18.4452514648, 22.0626239777, 31.20586586, 19.7244567871, 24.110786438, 33.5976524353, 31.6051425934, 32.6790237427, 57.8095436096, 24.7418842316, 20.077085495, 10.6603155136, 8.46276473999, 8.04113674164, 6.39299726486, 4.52466487885, 3.51259207726, 3.2653298378, 2.59543395042, 2.14705848694, 1.54695856571, 1.0194978714, 0.673696160316, 0.418015748262, 0.212843000889, 0.0855818763375, 0.0222353767604, 0.00259679718874, 0.000119565578643], "dmean": [0.110060490668, 0.632053732872, 2.59377765656, 5.25306749344, 8.90447807312, 6.72744131088, 8.07416248322, 5.53950452805, 6.58397531509, 14.3284749985, 13.4513645172, 12.31960392, 14.8604984283, 19.8707923889, 13.2287664413, 15.8427047729, 21.6312198639, 19.7597312927, 20.5815029144, 37.3928489685, 15.6105871201, 12.4793109894, 6.79979276657, 5.41447162628, 5.29271650314, 4.21968317032, 3.00050616264, 2.34689664841, 2.20831894875, 1.81808650494, 1.47325217724, 1.09419620037, 0.723036646843, 0.48014190793, 0.299565523863, 0.149907693267, 0.0578433163464, 0.015576238744, 0.00192364165559, 8.61501976033e-05], "var": [0.0861915796995, 1.78105413914, 25.7060604095, 104.696281433, 279.677215576, 395.116119385, 445.886383057, 293.175048828, 434.136291504, 2473.33325195, 1690.15185547, 1714.84082031, 3214.14892578, 4771.50976562, 2518.28564453, 2747.12329102, 7204.72900391, 4788.70703125, 5217.75634766, 24926.4082031, 5130.31738281, 3345.18896484, 637.322692871, 656.242614746, 598.325195312, 405.796478271, 129.282028198, 125.041389465, 118.270225525, 92.9666442871, 60.5869903564, 63.5330619812, 27.3323764801, 12.8351373672, 3.41649103165, 1.22065758705, 0.19095903635, 0.0386019088328, 0.00107210141141, 5.50926415599e-07], "dvar": [0.0460636839271, 1.1150431633, 13.8937673569, 100.718444824, 249.85736084, 149.426376343, 192.8097229, 104.979667664, 165.230270386, 885.430786133, 551.050598145, 658.45892334, 750.649902344, 1943.65429688, 602.71105957, 831.098449707, 1296.65368652, 1406.3560791, 1237.75952148, 5067.42578125, 1124.37109375, 634.085205078, 218.288070679, 260.744171143, 358.855499268, 319.122314453, 105.430610657, 108.951324463, 74.7409591675, 43.2288246155, 32.7685508728, 28.583158493, 10.0143327713, 4.1540145874, 1.24017357826, 0.826000750065, 0.128494992852, 0.019310887903, 0.000435436464613, 1.77784698963e-07], "mean": [0.223734408617, 1.42199146748, 5.46068954468, 8.75684261322, 12.6741771698, 12.5815925598, 15.9494457245, 11.8139915466, 15.033457756, 28.7623558044, 31.4201221466, 27.4770908356, 41.4402885437, 42.8178863525, 32.4535217285, 37.5678215027, 55.4532012939, 47.7837104797, 53.481590271, 98.1910324097, 45.1537628174, 36.1693344116, 16.8245925903, 11.9858903885, 11.0324764252, 7.7706360817, 4.95600700378, 3.5886259079, 3.26197361946, 2.7387778759, 2.10022926331, 1.61680972576, 1.1150867939, 0.724742174149, 0.429884254932, 0.192090749741, 0.070806235075, 0.0195657536387, 0.00234225858003, 0.000133171182824]}, "zerocrossingrate": {"min": 0.00439453125, "max": 0.515625, "dvar2": 0.000173149790498, "median": 0.04443359375, "dmean2": 0.00910485722125, "dmean": 0.00759414117783, "var": 0.00167492229957, "dvar": 0.000132976361783, "mean": 0.0503093786538}, "spectral_contrast_coeffs": {"min": [-0.97753828764, -0.974367141724, -0.972420275211, -0.972830235958, -0.964905977249, -0.964319109917], "max": [-0.354125320911, -0.484356671572, -0.431054472923, -0.499448984861, -0.54469615221, -0.631350278854], "dvar2": [0.00443045329303, 0.00293157505803, 0.00205744872801, 0.00135638995562, 0.000870077055879, 0.000526838994119], "median": [-0.641789019108, -0.719870388508, -0.72660946846, -0.728831171989, -0.767598628998, -0.775306105614], "dmean2": [0.0767297297716, 0.0634906738997, 0.0526415742934, 0.0451434999704, 0.0344268791378, 0.0260360687971], "dmean": [0.0465422682464, 0.0391037575901, 0.0329154655337, 0.0282100476325, 0.021863380447, 0.0162762422115], "var": [0.00647321622819, 0.00493785506114, 0.00598803069443, 0.00470900489017, 0.00292352680117, 0.00155451148748], "dvar": [0.00165012362413, 0.0011258746963, 0.000830559118185, 0.000553720106836, 0.000390005443478, 0.000221094378503], "mean": [-0.64346075058, -0.71733379364, -0.719988584518, -0.726873457432, -0.766755759716, -0.778573513031]}, "dissonance": {"min": 0.244856193662, "max": 0.5, "dvar2": 0.000706869584974, "median": 0.464725196362, "dmean2": 0.027268441394, "dmean": 0.0165411550552, "var": 0.00109247886576, "dvar": 0.000273385317996, "mean": 0.456192791462}, "spectral_energyband_high": {"min": 7.01668071502e-21, "max": 0.0273471735418, "dvar2": 1.81045572845e-06, "median": 0.000166604062542, "dmean2": 0.000416829338064, "dmean": 0.00030898861587, "var": 2.35341485677e-06, "dvar": 1.00822035165e-06, "mean": 0.000526856747456}, "gfcc": {"mean": [-4.85525894165, 117.264221191, -117.460533142, 16.3356075287, -32.7874641418, 13.4699001312, -33.4437408447, 7.73695516586, -16.9010276794, 0.579223632812, -19.1222820282, -3.39440011978, -9.43719577789], "icov": [[0.000162777490914, -0.000202122464543, 0.000389118213207, -0.000256833562162, 0.000185165248695, -0.000408539490309, 0.000558469328098, -0.000468793936307, 0.000720157579053, -0.000725697202142, 0.000882800319232, -0.000656389049254, 0.000596003141254], [-0.000202122464543, 0.00169244303834, -8.05227464298e-05, 0.000939492543694, -0.00093354069395, 0.0005128843477, -0.000433752778918, 0.00138407805935, -0.00203421409242, 0.00231239013374, -0.00293316878378, 0.00230336235836, -0.00191018707119], [0.000389118213207, -8.05227464298e-05, 0.00244631501846, -0.000720318872482, 0.00056654837681, -0.00141335430089, 0.00133451260626, -0.000483834446641, 0.00111234735232, -0.00220899889246, 0.00183706288226, -0.00243604695424, 0.00171467859764], [-0.000256833562162, 0.000939492543694, -0.000720318872482, 0.00389228900895, -0.000643525680061, -5.56638697162e-05, -0.00018677249318, 0.00139333924744, 0.000431993510574, 0.000978421536274, -0.00292678666301, 0.00218311906792, -0.00098750658799], [0.000185165248695, -0.00093354069395, 0.00056654837681, -0.000643525680061, 0.00473338877782, -0.00107599922922, -0.000546749855857, -0.00160997046623, -0.000348731991835, -0.00055122107733, 0.00138534465805, -0.0015217710752, -4.24395002483e-05], [-0.000408539490309, 0.0005128843477, -0.00141335430089, -5.56638697162e-05, -0.00107599922922, 0.00930278562009, -0.00349893909879, 0.000684266153257, -0.000954200979322, -0.00184053939302, 0.000247191434028, 0.000582525623031, -0.00057499227114], [0.000558469328098, -0.000433752778918, 0.00133451260626, -0.00018677249318, -0.000546749855857, -0.00349893909879, 0.0119937006384, -0.00364418118261, 0.00131294841412, 0.000249309523497, 0.000740792078432, 0.000831012730487, 0.00158797926269], [-0.000468793936307, 0.00138407805935, -0.000483834446641, 0.00139333924744, -0.00160997046623, 0.000684266153257, -0.00364418118261, 0.0160877611488, -0.00838393811136, 0.00165366684087, -0.0024879516568, 0.000737842870876, -0.000193389321794], [0.000720157579053, -0.00203421409242, 0.00111234735232, 0.000431993510574, -0.000348731991835, -0.000954200979322, 0.00131294841412, -0.00838393811136, 0.0189555604011, -0.00646816194057, 0.00459830835462, -0.00148825487122, -0.00139732414391], [-0.000725697202142, 0.00231239013374, -0.00220899889246, 0.000978421536274, -0.00055122107733, -0.00184053939302, 0.000249309523497, 0.00165366684087, -0.00646816194057, 0.0211943704635, -0.00978106912225, 0.00376350339502, -0.00357563910075], [0.000882800319232, -0.00293316878378, 0.00183706288226, -0.00292678666301, 0.00138534465805, 0.000247191434028, 0.000740792078432, -0.0024879516568, 0.00459830835462, -0.00978106912225, 0.0225785095245, -0.0106422444806, 0.00504301162437], [-0.000656389049254, 0.00230336235836, -0.00243604695424, 0.00218311906792, -0.0015217710752, 0.000582525623031, 0.000831012730487, 0.000737842870876, -0.00148825487122, 0.00376350339502, -0.0106422444806, 0.0230272766203, -0.00948127545416], [0.000596003141254, -0.00191018707119, 0.00171467859764, -0.00098750658799, -4.24395002483e-05, -0.00057499227114, 0.00158797926269, -0.000193389321794, -0.00139732414391, -0.00357563910075, 0.00504301162437, -0.00948127545416, 0.020923294127]], "cov": [[20153.6992188, -739.891479492, -1261.54821777, 863.674377441, -601.625183105, 404.704864502, -621.695129395, -95.896774292, -653.158081055, 231.33013916, -292.423553467, 48.1111373901, -353.088409424], [-739.891479492, 1716.05932617, -584.789550781, -395.859100342, 343.08001709, -133.483764648, 110.288345337, 53.0178260803, 214.994277954, -131.631637573, 63.7498970032, -74.6950836182, 138.78137207], [-1261.54821777, -584.789550781, 937.594116211, 169.746078491, -130.36114502, 93.4720535278, -51.4592895508, -41.9063148499, -57.1709136963, 89.5316085815, 15.6410531998, 69.8279037476, -41.1009178162], [863.674377441, -395.859100342, 169.746078491, 438.3019104, -90.5360717773, 53.7869987488, -56.6532478333, -56.9698066711, -107.39755249, 41.2682762146, 13.5036439896, 10.0533666611, -47.7175788879], [-601.625183105, 343.08001709, -130.36114502, -90.5360717773, 334.109863281, 3.16087913513, 71.3364181519, 57.3588104248, 89.0949783325, -23.4814224243, 8.67513275146, -5.71532821655, 48.0060577393], [404.704864502, -133.483764648, 93.4720535278, 53.7869987488, 3.16087913513, 158.64642334, 17.8850841522, 6.8837852478, -12.0222711563, 36.4906959534, -10.5717077255, 7.44784832001, -14.4074935913], [-621.695129395, 110.288345337, -51.4592895508, -56.6532478333, 71.3364181519, 17.8850841522, 136.899719238, 38.2177047729, 41.766368866, -18.0268421173, 2.80327296257, -19.6504211426, 10.0490026474], [-95.896774292, 53.0178260803, -41.9063148499, -56.9698066711, 57.3588104248, 6.8837852478, 38.2177047729, 103.30947113, 59.3067436218, 2.62002158165, -0.385367512703, -0.384326606989, 11.0043611526], [-653.158081055, 214.994277954, -57.1709136963, -107.39755249, 89.0949783325, -12.0222711563, 41.766368866, 59.3067436218, 131.945922852, -0.10481159389, 5.51781129837, -5.64777612686, 39.9828567505], [231.33013916, -131.631637573, 89.5316085815, 41.2682762146, -23.4814224243, 36.4906959534, -18.0268421173, 2.62002158165, -0.10481159389, 84.6835708618, 19.4083595276, 16.7811584473, -4.25744962692], [-292.423553467, 63.7498970032, 15.6410531998, 13.5036439896, 8.67513275146, -10.5717077255, 2.80327296257, -0.385367512703, 5.51781129837, 19.4083595276, 80.8572158813, 24.3660907745, 8.25414085388], [48.1111373901, -74.6950836182, 69.8279037476, 10.0533666611, -5.71532821655, 7.44784832001, -19.6504211426, -0.384326606989, -5.64777612686, 16.7811584473, 24.3660907745, 74.7201538086, 18.720041275], [-353.088409424, 138.78137207, -41.1009178162, -47.7175788879, 48.0060577393, -14.4074935913, 10.0490026474, 11.0043611526, 39.9828567505, -4.25744962692, 8.25414085388, 18.720041275, 79.1140899658]]}, "spectral_flux": {"min": 6.5320221454e-11, "max": 0.25909781456, "dvar2": 0.0011775981402, "median": 0.0727438032627, "dmean2": 0.0323488339782, "dmean": 0.020691215992, "var": 0.00202889973298, "dvar": 0.000587932998314, "mean": 0.0771397873759}, "silence_rate_30dB": {"min": 1, "max": 1, "dvar2": 0, "median": 1, "dmean2": 0, "dmean": 0, "var": 0, "dvar": 0, "mean": 1}, "spectral_energyband_middle_high": {"min": 1.21669968028e-21, "max": 0.0633585825562, "dvar2": 1.71918090928e-05, "median": 0.00607750657946, "dmean2": 0.00277333473787, "dmean": 0.00183532666415, "var": 6.88612781232e-05, "dvar": 7.35192224965e-06, "mean": 0.00857253745198}, "barkbands_spread": {"min": 1.13871049881, "max": 123.457466125, "dvar2": 61.5939216614, "median": 20.0590362549, "dmean2": 6.11214637756, "dmean": 3.97703933716, "var": 118.736228943, "dvar": 30.3525352478, "mean": 20.9508209229}, "spectral_centroid": {"min": 176.987930298, "max": 11863.453125, "dvar2": 138480.03125, "median": 1093.37231445, "dmean2": 266.925445557, "dmean": 172.388595581, "var": 594347.125, "dvar": 66048.671875, "mean": 1180.82226562}, "pitch_salience": {"min": 0.0934033840895, "max": 0.921561658382, "dvar2": 0.00659988867119, "median": 0.55363714695, "dmean2": 0.0889511182904, "dmean": 0.0558846183121, "var": 0.00951429735869, "dvar": 0.00255084084347, "mean": 0.550103902817}, "erbbands_skewness": {"min": -3.40360116959, "max": 3.51681852341, "dvar2": 0.143137231469, "median": -0.146427571774, "dmean2": 0.391563802958, "dmean": 0.261112719774, "var": 0.479896694422, "dvar": 0.0631611421704, "mean": -0.128693774343}, "erbbands_crest": {"min": 2.1266720295, "max": 27.4099159241, "dvar2": 8.40534591675, "median": 7.64089202881, "dmean2": 3.01584768295, "dmean": 1.91290545464, "var": 12.4059123993, "dvar": 3.400796175, "mean": 8.47079563141}, "melbands": {"min": [3.26275163026e-25, 1.46215743492e-24, 1.51516602813e-24, 1.57809671659e-24, 3.21804841118e-24, 3.26793794698e-24, 3.03809898351e-24, 3.22771116841e-24, 1.58115483449e-24, 2.99191334688e-24, 3.30196664542e-24, 3.07087082931e-24, 2.30133129703e-24, 3.80193800968e-24, 2.5630224917e-24, 3.8483877175e-24, 4.31811297136e-24, 3.60892859529e-24, 3.04415447703e-24, 3.19700278552e-24, 5.2152395138e-24, 5.7467282378e-24, 3.00720541553e-24, 4.26696796343e-24, 6.21337930072e-24, 5.29356866852e-24, 5.40111644231e-24, 3.29289257564e-24, 5.58186340836e-24, 5.14547975509e-24, 5.77035856622e-24, 5.10016719026e-24, 4.43567967308e-24, 5.34269498139e-24, 5.85459865571e-24, 5.37814599604e-24, 5.4769169034e-24, 5.49850092663e-24, 6.60405753643e-24, 6.6347461978e-24], "max": [0.0200123526156, 0.0162634011358, 0.0229601468891, 0.0166358593851, 0.00891588348895, 0.00525507284328, 0.00670240959153, 0.00696424534544, 0.00406566867605, 0.00447901431471, 0.00411053979769, 0.00500967307016, 0.00329143414274, 0.0020872533787, 0.00136595591903, 0.00218732981011, 0.00199426244944, 0.00141703756526, 0.0030526635237, 0.00247041531838, 0.000802289461717, 0.00142887525726, 0.000596220605075, 0.000689805659931, 0.000579807849135, 0.000630889495369, 0.000564691610634, 0.000513090053573, 0.000174844681169, 0.000386740313843, 0.000208422832657, 0.000166654659552, 0.000137548602652, 0.000194362059119, 0.00012909976067, 0.000267650611931, 0.000175967375981, 0.000127208579215, 8.04869632702e-05, 0.000115573493531], "dvar2": [5.16253339811e-06, 7.29964267521e-06, 9.50407138589e-06, 2.45441174229e-06, 4.72552102337e-07, 1.23156112863e-07, 8.24013852707e-08, 2.19169294269e-07, 7.1734326923e-08, 5.90546775925e-08, 4.43295604668e-08, 9.81723218274e-08, 2.23862350879e-08, 1.03343751334e-08, 1.31436870277e-08, 1.44713547812e-08, 1.62177631324e-08, 7.39462535648e-09, 1.78598806855e-08, 1.6445953932e-08, 3.68508867865e-09, 2.49976017663e-09, 5.57143720048e-10, 7.60947860279e-10, 4.0004216606e-10, 5.23991516843e-10, 3.68741731593e-10, 3.31820543265e-10, 1.06137272582e-10, 1.11651882184e-10, 8.41627670334e-11, 5.92121560117e-11, 4.87425273754e-11, 2.5020719871e-11, 2.08101435389e-11, 4.5630856732e-11, 1.911938316e-11, 1.3801565793e-11, 6.96870425948e-12, 5.55220799892e-12], "median": [0.00126110983547, 0.00215080054477, 0.00116937747225, 0.000507054966874, 0.000318665173836, 0.000177945548785, 0.000141652024467, 0.000140464951983, 0.000134879592224, 8.983767475e-05, 0.000102099045762, 7.33887573006e-05, 6.26592882327e-05, 3.97127150791e-05, 6.00399580435e-05, 5.93850963924e-05, 3.29962022079e-05, 3.85192870453e-05, 5.40339678992e-05, 4.75750020996e-05, 1.86782690434e-05, 1.92011902982e-05, 1.07663281597e-05, 6.22897914582e-06, 4.35111360275e-06, 3.88727448808e-06, 3.46332899426e-06, 1.94569656742e-06, 1.34794333917e-06, 9.24904838939e-07, 5.62382297176e-07, 4.87027534746e-07, 4.31118309052e-07, 3.48452743992e-07, 2.5083133437e-07, 1.87054922662e-07, 1.51630203504e-07, 1.282987796e-07, 1.07325824672e-07, 8.77441621583e-08], "dmean2": [0.00129150447901, 0.00188590690959, 0.00166877254378, 0.000942137325183, 0.000402413919801, 0.000209852209082, 0.000160349460202, 0.00023484286794, 0.000155948262545, 0.000122013952932, 0.000113962669275, 0.000133858338813, 8.12300131656e-05, 5.46177616343e-05, 6.64647595841e-05, 7.43796263123e-05, 6.17406258243e-05, 5.18688175362e-05, 6.98109070072e-05, 6.5988926508e-05, 2.72244578809e-05, 2.46493109444e-05, 1.33652420118e-05, 1.01653104139e-05, 7.17026750863e-06, 6.29959140497e-06, 5.96770405537e-06, 4.13834095525e-06, 3.11175472234e-06, 2.48330343311e-06, 2.04632010536e-06, 1.96286555365e-06, 1.80026677299e-06, 1.42646115364e-06, 1.24537461943e-06, 1.28995441173e-06, 9.01075338788e-07, 7.84243468388e-07, 6.54998132177e-07, 5.69231588088e-07], "dmean": [0.00083095068112, 0.00112667714711, 0.000966173014604, 0.000574430101551, 0.00026213855017, 0.000134518588311, 0.000105583887489, 0.000151702770381, 0.000103395541373, 8.15551538835e-05, 7.6454525697e-05, 8.48042036523e-05, 5.44986542081e-05, 3.61123093171e-05, 4.27176892117e-05, 4.76324166812e-05, 3.86792926292e-05, 3.26597000821e-05, 4.48331702501e-05, 4.22862976848e-05, 1.69785926118e-05, 1.52640022861e-05, 8.37960033095e-06, 6.39833979221e-06, 4.52721224065e-06, 4.0628269744e-06, 3.87076170227e-06, 2.70588498097e-06, 2.02126761906e-06, 1.62623666711e-06, 1.33094215471e-06, 1.29892771383e-06, 1.21127891362e-06, 9.86769123301e-07, 8.41046585265e-07, 8.59940200826e-07, 6.39181052975e-07, 5.45863542811e-07, 4.59129523733e-07, 3.97664877028e-07], "var": [4.27718714491e-06, 4.69976066597e-06, 3.28744749822e-06, 1.44500245369e-06, 5.36784114047e-07, 1.55354868525e-07, 1.08533022569e-07, 2.62230059889e-07, 9.95331106424e-08, 7.10718524033e-08, 8.14180580733e-08, 8.8292679834e-08, 4.16463059594e-08, 1.33292887838e-08, 1.83933579478e-08, 3.59619392043e-08, 1.81967561019e-08, 1.18073799626e-08, 3.64191841129e-08, 2.99514333335e-08, 6.07619110582e-09, 5.57398838197e-09, 7.65303764805e-10, 8.1120071771e-10, 4.13328038462e-10, 3.62412627686e-10, 2.47515397067e-10, 1.82533183013e-10, 5.44250582102e-11, 4.93338807306e-11, 4.0933038209e-11, 4.01428647268e-11, 3.62629024031e-11, 3.00800807873e-11, 1.87756563769e-11, 2.77334127885e-11, 2.46654849323e-11, 1.66812987035e-11, 9.27233463621e-12, 9.37557930597e-12], "dvar": [2.24553718908e-06, 2.51540564022e-06, 3.34013475367e-06, 9.58016585173e-07, 1.96902888661e-07, 5.34181658907e-08, 3.91298584645e-08, 9.63287405398e-08, 3.25629549991e-08, 2.68844040363e-08, 1.96684091236e-08, 3.74629749444e-08, 9.93222659673e-09, 4.58160087646e-09, 5.33445065898e-09, 5.86717918694e-09, 5.89640025694e-09, 3.1279783208e-09, 7.48394946015e-09, 6.6292380474e-09, 1.46633705178e-09, 1.02479169595e-09, 2.33475461187e-10, 3.33186367385e-10, 1.72216421679e-10, 2.23764146101e-10, 1.6482995524e-10, 1.47270168283e-10, 4.4808788624e-11, 4.66042933411e-11, 3.40554147382e-11, 2.68622919047e-11, 2.25156733535e-11, 1.38860719798e-11, 1.02608590027e-11, 1.84022953126e-11, 1.0401514719e-11, 6.81799365229e-12, 3.65718740014e-12, 3.14859770201e-12], "mean": [0.00187866087072, 0.00258201616816, 0.00163980142679, 0.00092250428861, 0.000550676835701, 0.000292510230793, 0.000241975154495, 0.000308890768792, 0.000237897183979, 0.000174118176801, 0.000205353455385, 0.000172694039065, 0.00012308244186, 7.85624797572e-05, 0.00010412085976, 0.000120675511425, 8.34665188449e-05, 7.67135279602e-05, 0.00011840336083, 0.000105957769847, 4.36589434685e-05, 4.20689575549e-05, 1.95323827938e-05, 1.29549080157e-05, 9.17073884921e-06, 8.21757657832e-06, 7.2747784543e-06, 4.60827186544e-06, 3.24735106005e-06, 2.44234297497e-06, 1.92296556634e-06, 1.8566234985e-06, 1.71735575805e-06, 1.44736941365e-06, 1.18638240565e-06, 1.14433862564e-06, 9.43347288285e-07, 8.17500392714e-07, 6.69269525133e-07, 5.87528461438e-07]}, "spectral_entropy": {"min": 5.22901201248, "max": 9.8213558197, "dvar2": 0.0652784928679, "median": 7.39098262787, "dmean2": 0.219163134694, "dmean": 0.154259294271, "var": 0.310121893883, "dvar": 0.0325605981052, "mean": 7.32831287384}, "spectral_rolloff": {"min": 21.533203125, "max": 19466.015625, "dvar2": 881274.125, "median": 1162.79296875, "dmean2": 498.173614502, "dmean": 306.140197754, "var": 2368222.5, "dvar": 448371.1875, "mean": 1348.09643555}, "barkbands": {"min": [6.64691930764e-25, 8.86306723475e-25, 1.00689081816e-24, 2.34381264006e-24, 9.54216327261e-24, 1.38621793709e-23, 7.0708608495e-24, 5.81929831349e-24, 1.96359469995e-23, 1.89113719472e-23, 1.22789102906e-23, 4.39849182337e-23, 2.74513718478e-23, 3.98199062036e-23, 5.15592861221e-23, 6.60106499259e-23, 9.30362482996e-23, 9.40497452362e-23, 1.46842014642e-22, 1.51971655254e-22, 2.6013373712e-22, 2.93991142301e-22, 4.57302136642e-22, 5.05101806353e-22, 1.04146168965e-21, 1.24396119855e-21, 1.97283141549e-21], "max": [0.0120745813474, 0.0614558905363, 0.0469193980098, 0.0486360490322, 0.0660783573985, 0.0332603603601, 0.0328367762268, 0.0275706555694, 0.0228566620499, 0.0250663291663, 0.0214189291, 0.0157719943672, 0.0177155490965, 0.0163794979453, 0.0319140851498, 0.0281377080828, 0.0153273176402, 0.0140369907022, 0.0127571662888, 0.0143657131121, 0.0125430533662, 0.00762820709497, 0.00760306604207, 0.0087896278128, 0.00812014564872, 0.0149193415418, 0.0112006599084], "dvar2": [3.90160312236e-06, 5.52356832486e-05, 4.3355707021e-05, 6.19768034085e-05, 3.49222900695e-05, 4.65756556878e-06, 3.16738942274e-06, 3.41045893038e-06, 2.32176171266e-06, 4.13168663727e-06, 1.29515012759e-06, 8.46410557642e-07, 1.65693404597e-06, 1.20167601381e-06, 3.06055312649e-06, 1.52743348281e-06, 5.19025547874e-07, 2.39109766653e-07, 2.59227959987e-07, 2.69909236295e-07, 1.52083885041e-07, 1.11578465578e-07, 8.9799698344e-08, 6.95399009487e-08, 3.95325940872e-08, 7.62099361395e-08, 1.56956474484e-08], "median": [9.03259133338e-05, 0.00551077211276, 0.00369942071848, 0.00153212225996, 0.00250697834417, 0.00114164594561, 0.000664225080982, 0.000827536801808, 0.000560600135941, 0.000679932883941, 0.000433561159298, 0.000364011095371, 0.00055212242296, 0.000331209332217, 0.000863439170644, 0.000336519995471, 0.00033034873195, 0.000134242975037, 0.000114583461254, 7.91366910562e-05, 3.90192508348e-05, 2.45071769314e-05, 1.67734524439e-05, 1.20485956359e-05, 9.79166179604e-06, 4.98487679579e-06, 9.18386717785e-07], "dmean2": [0.000793828337919, 0.00449688592926, 0.00444497773424, 0.00377773586661, 0.00369648705237, 0.00133344728965, 0.00094055570662, 0.00104233750608, 0.000807520118542, 0.000972514331806, 0.000603162508924, 0.000508875935338, 0.000754770473577, 0.000573648139834, 0.00101439433638, 0.000556355051231, 0.000389328721212, 0.000194735621335, 0.000163963180967, 0.000139391006087, 9.68908207142e-05, 8.83337343112e-05, 7.75716544013e-05, 6.25930115348e-05, 5.68810064578e-05, 4.58681352029e-05, 1.58371458383e-05], "dmean": [0.000480659015011, 0.00284132244997, 0.00261718896218, 0.0021491239313, 0.00230056396686, 0.000860347121488, 0.000616538571194, 0.00068403466139, 0.000538881169632, 0.000621409039013, 0.00040415051626, 0.000334937823936, 0.000482176692458, 0.000361553567927, 0.00065409502713, 0.00034818664426, 0.000241939487751, 0.000123258985695, 0.000105844592326, 9.1388283181e-05, 6.45843465463e-05, 6.0441558162e-05, 5.36221268703e-05, 4.51860614703e-05, 4.15015238104e-05, 3.19138307532e-05, 1.14675267469e-05], "var": [1.41185796565e-06, 4.32780070696e-05, 2.79820596916e-05, 1.74639299075e-05, 2.67676350632e-05, 4.93765855936e-06, 4.18383297074e-06, 4.22357288699e-06, 3.16397563438e-06, 4.48375249107e-06, 2.27783380069e-06, 1.20911545309e-06, 3.15513966598e-06, 1.63085371696e-06, 6.58400722386e-06, 2.2147216896e-06, 1.16901560432e-06, 2.56845510194e-07, 2.20562881736e-07, 1.57300647174e-07, 7.44656176721e-08, 8.91750033816e-08, 8.36007814087e-08, 1.14474104862e-07, 8.1153444853e-08, 5.64775888279e-08, 3.65403174385e-08], "dvar": [1.54284930431e-06, 2.25309322559e-05, 1.48170192915e-05, 2.16164971789e-05, 1.40388492582e-05, 1.94363838091e-06, 1.46094498632e-06, 1.53436599248e-06, 1.08050085146e-06, 1.62186267971e-06, 5.69008022921e-07, 3.76350953957e-07, 6.49588400847e-07, 4.58746171716e-07, 1.2959550304e-06, 6.05976310908e-07, 2.13542023175e-07, 1.06713422099e-07, 1.11532095559e-07, 1.19109429875e-07, 6.42134239115e-08, 5.3176091086e-08, 4.43290169017e-08, 4.05895654865e-08, 2.53831657915e-08, 3.72115138703e-08, 1.26847252702e-08], "mean": [0.000537893618457, 0.00680053420365, 0.0052989940159, 0.00275755673647, 0.00423144130036, 0.00182015902828, 0.00129948556423, 0.00146340602078, 0.00113725266419, 0.00145123363473, 0.000899568898603, 0.000744276272599, 0.00115400215145, 0.000809369841591, 0.00174008635804, 0.000832282006741, 0.00066618307028, 0.000263348832959, 0.000228320597671, 0.000169343620655, 0.000101931022073, 9.062148456e-05, 7.747849304e-05, 7.05531783751e-05, 6.26868277323e-05, 4.01206525567e-05, 1.4432586795e-05]}, "melbands_flatness_db": {"min": 0.00352054229006, "max": 0.506549119949, "dvar2": 0.00114994426258, "median": 0.214694157243, "dmean2": 0.0324490480125, "dmean": 0.0216661430895, "var": 0.00470931036398, "dvar": 0.000548544689082, "mean": 0.225556567311}, "melbands_skewness": {"min": -0.690118134022, "max": 16.6796607971, "dvar2": 0.759772658348, "median": 2.06508135796, "dmean2": 0.76898932457, "dmean": 0.49032753706, "var": 2.23560190201, "dvar": 0.304994285107, "mean": 2.28184866905}, "barkbands_skewness": {"min": -2.15505719185, "max": 9.24509716034, "dvar2": 0.410527437925, "median": 1.16224586964, "dmean2": 0.578858971596, "dmean": 0.371095687151, "var": 1.13752937317, "dvar": 0.168023854494, "mean": 1.26902234554}, "silence_rate_60dB": {"min": 0, "max": 1, "dvar2": 0.0147755667567, "median": 0, "dmean2": 0.0128644052893, "dmean": 0.00643153535202, "var": 0.0432749651372, "dvar": 0.00639062281698, "mean": 0.0453272499144}, "spectral_energyband_low": {"min": 8.78624519879e-24, "max": 0.0860513076186, "dvar2": 0.000148724910105, "median": 0.0131887923926, "dmean2": 0.00867295078933, "dmean": 0.00532082794234, "var": 0.000109248729132, "dvar": 5.64454312553e-05, "mean": 0.0142230065539}, "spectral_energyband_middle_low": {"min": 1.93965977656e-22, "max": 0.0764042958617, "dvar2": 0.000133250388899, "median": 0.0108636748046, "dmean2": 0.00771820964292, "dmean": 0.00477683916688, "var": 9.78145253612e-05, "dvar": 5.06265205331e-05, "mean": 0.0133003685623}, "melbands_kurtosis": {"min": -1.82826673985, "max": 379.511383057, "dvar2": 222.475799561, "median": 4.63747549057, "dmean2": 6.47388601303, "dmean": 4.00502252579, "var": 375.725616455, "dvar": 79.669921875, "mean": 9.32354927063}, "spectral_decrease": {"min": -3.52957236771e-08, "max": 1.35925478979e-28, "dvar2": 1.85588872667e-17, "median": -8.46474712546e-09, "dmean2": 3.28640825664e-09, "dmean": 2.09480344182e-09, "var": 2.2221619858e-17, "dvar": 7.29581654796e-18, "mean": -8.64143512302e-09}, "erbbands_kurtosis": {"min": -1.63097214699, "max": 19.085603714, "dvar2": 1.44405472279, "median": -0.0236229896545, "dmean2": 0.899255216122, "dmean": 0.579955041409, "var": 2.30248713493, "dvar": 0.601437211037, "mean": 0.35758972168}, "melbands_crest": {"min": 1.72200608253, "max": 36.0381851196, "dvar2": 17.2006416321, "median": 13.3518457413, "dmean2": 4.19828796387, "dmean": 2.57386350632, "var": 23.7878475189, "dvar": 6.36731958389, "mean": 13.9154558182}, "melbands_spread": {"min": 0.902185320854, "max": 178.21055603, "dvar2": 107.20880127, "median": 20.4566516876, "dmean2": 7.71416664124, "dmean": 4.97310590744, "var": 244.06086731, "dvar": 49.738986969, "mean": 23.2841892242}, "spectral_energy": {"min": 1.01914330255e-20, "max": 0.135933443904, "dvar2": 0.000276701728581, "median": 0.0341253355145, "dmean2": 0.0128490468487, "dmean": 0.00822645332664, "var": 0.000357081677066, "dvar": 0.000109818553028, "mean": 0.0347628779709}, "mfcc": {"mean": [-644.891662598, 154.206848145, -16.4429073334, 15.3831663132, 15.2002058029, 9.19956207275, -0.369034320116, 4.79910373688, 5.98115491867, 5.53950738907, -2.21437644958, -1.79439294338, 0.957181990147], "icov": [[0.000130768268718, 2.81666780211e-05, 0.000117150339065, -0.000135289752507, -1.01257537608e-05, -0.000278242834611, 3.50788723154e-05, 0.000105909894046, 0.000215400956222, -8.4517756477e-05, 5.48026546312e-05, -2.35880688706e-05, 6.27571134828e-05], [2.81666780211e-05, 0.000831123325042, 0.000493044091854, 0.000284045061562, -0.000552372657694, 0.00019257736858, 7.67846795497e-05, -9.82148048934e-05, -0.000348140369169, 0.000300374871586, -0.000302645348711, -7.90062986198e-05, -0.000176137851668], [0.000117150339065, 0.000493044091854, 0.00200328486972, -0.000110650609713, 2.23970382649e-05, -0.000973811955191, 0.000635517935734, 0.00057707488304, 0.000225592142669, 0.000804382085335, -0.000895836914424, -0.000591619755141, 0.000323867658153], [-0.000135289752507, 0.000284045061562, -0.000110650609713, 0.00467653712258, -0.0015103056794, 0.000103830301668, -0.00122555787675, 0.000441147596575, 0.00168992788531, 0.000149364437675, 0.000960337638389, -0.00024948103237, 0.000513733073603], [-1.01257537608e-05, -0.000552372657694, 2.23970382649e-05, -0.0015103056794, 0.00754718389362, -0.00183657882735, 0.000618518097326, -0.000915815413464, -0.00159370200709, -4.49335893791e-05, -0.000546917493921, 2.86383328785e-05, -0.00296251382679], [-0.000278242834611, 0.00019257736858, -0.000973811955191, 0.000103830301668, -0.00183657882735, 0.00948304031044, -0.0041068145074, 0.000729780003894, -0.000545997347217, -0.000103224178019, 0.000251100223977, 0.000269302166998, 0.000391891953768], [3.50788723154e-05, 7.67846795497e-05, 0.000635517935734, -0.00122555787675, 0.000618518097326, -0.0041068145074, 0.0133327962831, -0.00355735816993, 0.0021297945641, -0.00151995429769, -0.00169252965134, -0.00112893024925, 0.000885418266989], [0.000105909894046, -9.82148048934e-05, 0.00057707488304, 0.000441147596575, -0.000915815413464, 0.000729780003894, -0.00355735816993, 0.0135394483805, -0.00439053960145, 0.00201462442055, -0.00271612661891, 0.00171235587914, -0.00087788462406], [0.000215400956222, -0.000348140369169, 0.000225592142669, 0.00168992788531, -0.00159370200709, -0.000545997347217, 0.0021297945641, -0.00439053960145, 0.013003654778, -0.00733460020274, 0.00441145617515, -0.00222350494005, 0.000972869282123], [-8.4517756477e-05, 0.000300374871586, 0.000804382085335, 0.000149364437675, -4.49335893791e-05, -0.000103224178019, -0.00151995429769, 0.00201462442055, -0.00733460020274, 0.0176819954067, -0.00688222330064, 0.00357243581675, -0.00120900955517], [5.48026546312e-05, -0.000302645348711, -0.000895836914424, 0.000960337638389, -0.000546917493921, 0.000251100223977, -0.00169252965134, -0.00271612661891, 0.00441145617515, -0.00688222330064, 0.0190813820809, -0.00504197645932, 0.0038232228253], [-2.35880688706e-05, -7.90062986198e-05, -0.000591619755141, -0.00024948103237, 2.86383328785e-05, 0.000269302166998, -0.00112893024925, 0.00171235587914, -0.00222350494005, 0.00357243581675, -0.00504197645932, 0.0194760616869, -0.00796480663121], [6.27571134828e-05, -0.000176137851668, 0.000323867658153, 0.000513733073603, -0.00296251382679, 0.000391891953768, 0.000885418266989, -0.00087788462406, 0.000972869282123, -0.00120900955517, 0.0038232228253, -0.00796480663121, 0.0203311275691]], "cov": [[9819.37207031, -638.637145996, -172.941162109, 499.208648682, 24.5617275238, 337.995880127, 132.069122314, -175.536804199, -323.981292725, -48.234336853, -27.6686306, -29.2080287933, -55.5739822388], [-638.637145996, 1802.66784668, -526.768310547, -178.002502441, 149.635406494, -92.8364486694, -31.9568595886, 103.708984375, 171.284072876, 50.3307266235, 2.30370640755, 13.6674547195, 59.6587142944], [-172.941162109, -526.768310547, 749.822753906, 66.1358718872, -44.6266098022, 69.936088562, -5.34130811691, -65.2390975952, -89.001663208, -52.9115562439, 23.9886360168, 22.248468399, -22.7631378174], [499.208648682, -178.002502441, 66.1358718872, 292.058258057, 29.8579616547, 40.8548698425, 34.7184104919, -31.0696811676, -75.5063781738, -28.3942565918, -7.89356613159, 1.5327078104, -6.79734182358], [24.5617275238, 149.635406494, -44.6266098022, 29.8579616547, 179.546051025, 28.7244415283, 5.49073171616, 24.8916740417, 38.3373947144, 13.3859491348, 0.365489453077, 11.8973531723, 31.1748352051], [337.995880127, -92.8364486694, 69.936088562, 40.8548698425, 28.7244415283, 149.455368042, 47.0150871277, -5.80642795563, -15.6024131775, 0.604264736176, 6.17655277252, 1.57147598267, -4.75082111359], [132.069122314, -31.9568595886, -5.34130811691, 34.7184104919, 5.49073171616, 47.0150871277, 103.813224792, 19.3065032959, -16.118894577, 7.03528356552, 16.8209095001, 2.66289305687, -6.20055484772], [-175.536804199, 103.708984375, -65.2390975952, -31.0696811676, 24.8916740417, -5.80642795563, 19.3065032959, 103.471786499, 50.2738380432, 16.2391719818, 10.2814998627, -2.04310035706, 6.45685148239], [-323.981292725, 171.284072876, -89.001663208, -75.5063781738, 38.3373947144, -15.6024131775, -16.118894577, 50.2738380432, 154.794464111, 54.7454032898, -7.69322729111, 2.29515314102, 12.7636327744], [-48.234336853, 50.3307266235, -52.9115562439, -28.3942565918, 13.3859491348, 0.604264736176, 7.03528356552, 16.2391719818, 54.7454032898, 89.1951980591, 20.6577739716, -7.49620962143, 0.342056721449], [-27.6686306, 2.30370640755, 23.9886360168, -7.89356613159, 0.365489453077, 6.17655277252, 16.8209095001, 10.2814998627, -7.69322729111, 20.6577739716, 70.6349182129, 11.0163240433, -7.80218982697], [-29.2080287933, 13.6674547195, 22.248468399, 1.5327078104, 11.8973531723, 1.57147598267, 2.66289305687, -2.04310035706, 2.29515314102, -7.49620962143, 11.0163240433, 67.0494766235, 24.9542789459], [-55.5739822388, 59.6587142944, -22.7631378174, -6.79734182358, 31.1748352051, -4.75082111359, -6.20055484772, 6.45685148239, 12.7636327744, 0.342056721449, -7.80218982697, 24.9542789459, 66.2441329956]]}, "spectral_contrast_valleys": {"min": [-28.4011497498, -27.8605155945, -27.6537189484, -27.7236347198, -27.430683136, -27.387550354], "max": [-5.22807073593, -4.7581243515, -5.35311794281, -5.48506212234, -5.68531799316, -7.30505466461], "dvar2": [0.223273470998, 0.189139723778, 0.157712772489, 0.152570784092, 0.192974284291, 0.374986469746], "median": [-6.61440467834, -6.52809715271, -7.09374189377, -7.21750974655, -7.60490894318, -10.4346857071], "dmean2": [0.538672208786, 0.483739465475, 0.437769502401, 0.396063297987, 0.392308056355, 0.482245028019], "dmean": [0.332115828991, 0.300374776125, 0.276399314404, 0.251528948545, 0.27787321806, 0.374626040459], "var": [3.04884195328, 2.95145153999, 3.10104799271, 3.2595410347, 3.23373007774, 3.10904622078], "dvar": [0.094640403986, 0.0864845588803, 0.0786338225007, 0.0785097628832, 0.1088552773, 0.197541981936], "mean": [-7.01821899414, -6.81880664825, -7.44183111191, -7.64517593384, -8.00119876862, -10.7454471588]}, "barkbands_flatness_db": {"min": 0.0192011408508, "max": 0.369778424501, "dvar2": 0.000760646071285, "median": 0.130370423198, "dmean2": 0.0267652869225, "dmean": 0.0180694013834, "var": 0.00311359926127, "dvar": 0.000361982063623, "mean": 0.14053940773}, "dynamic_complexity": 2.79662871361, "spectral_skewness": {"min": -0.124432772398, "max": 7.37602901459, "dvar2": 0.371411114931, "median": 1.9400087595, "dmean2": 0.485744506121, "dmean": 0.298193246126, "var": 0.626054227352, "dvar": 0.13013137877, "mean": 2.09004569054}, "erbbands_flatness_db": {"min": 0.0221328511834, "max": 0.411287248135, "dvar2": 0.000717080198228, "median": 0.163592845201, "dmean2": 0.024467844516, "dmean": 0.0177804213017, "var": 0.00385189428926, "dvar": 0.000368402863387, "mean": 0.169448897243}, "hfc": {"min": 1.09380309242e-16, "max": 308.63726