{"lowlevel": {"spectral_complexity": {"min": 0, "max": 66, "dvar2": 70.5680236816, "median": 32, "dmean2": 8.08922481537, "dmean": 5.09827852249, "var": 226.658096313, "dvar": 29.9543380737, "mean": 29.0977134705}, "silence_rate_20dB": {"min": 1, "max": 1, "dvar2": 0, "median": 1, "dmean2": 0, "dmean": 0, "var": 0, "dvar": 0, "mean": 1}, "average_loudness": 0.901431679726, "erbbands_spread": {"min": 3.85382890701, "max": 144.541000366, "dvar2": 144.342025757, "median": 40.6946105957, "dmean2": 12.3663034439, "dmean": 7.82766246796, "var": 298.84085083, "dvar": 59.9678688049, "mean": 42.0591850281}, "spectral_kurtosis": {"min": -1.20476543903, "max": 81.2489013672, "dvar2": 20.8890132904, "median": 3.51024866104, "dmean2": 2.17188429832, "dmean": 1.27209043503, "var": 36.8464660645, "dvar": 6.68224716187, "mean": 4.94523382187}, "barkbands_kurtosis": {"min": -1.89658772945, "max": 160.235107422, "dvar2": 40.7990951538, "median": 0.00408053398132, "dmean2": 3.33623695374, "dmean": 1.99894869328, "var": 34.6520843506, "dvar": 14.2642707825, "mean": 1.94006860256}, "spectral_strongpeak": {"min": 0, "max": 14.1457223892, "dvar2": 1.92284417152, "median": 0.276751667261, "dmean2": 0.557081818581, "dmean": 0.318591922522, "var": 0.897498965263, "dvar": 0.702689766884, "mean": 0.481122463942}, "spectral_spread": {"min": 903713.4375, "max": 40756024, "dvar2": 613662261248, "median": 4701106, "dmean2": 703172.625, "dmean": 458978.75, "var": 2301110517760.0, "dvar": 307738116096, "mean": 4735069.5}, "spectral_rms": {"min": 3.22491577713e-12, "max": 0.0127499103546, "dvar2": 3.4456747926e-06, "median": 0.00463764043525, "dmean2": 0.00150868343189, "dmean": 0.000894908851478, "var": 3.9373949221e-06, "dvar": 1.24951134239e-06, "mean": 0.00444289902225}, "erbbands": {"min": [1.55928806222e-21, 2.32124409003e-20, 5.30291790529e-20, 8.00065825944e-20, 4.89802979755e-20, 1.88528484897e-19, 1.53461106331e-19, 1.13869331572e-18, 9.26328962315e-19, 1.66444889947e-18, 1.06633434747e-18, 1.03772940791e-18, 1.57475470712e-18, 2.89097473418e-18, 2.31779399078e-18, 3.48663328354e-18, 8.71725777464e-18, 5.63830541908e-18, 6.60317727563e-18, 5.13261392827e-18, 7.28890876266e-18, 9.92889704666e-18, 1.30181552455e-17, 2.09280533094e-17, 1.5614898527e-17, 1.5333571092e-17, 2.22922147602e-17, 2.11132110721e-17, 1.7400984956e-17, 1.23348990964e-17, 1.09051620754e-17, 1.67587205694e-17, 1.59279301406e-17, 1.19191887262e-17, 7.99977537338e-18, 5.47875261868e-18, 2.33989956547e-18, 1.00847895729e-18, 3.48886610251e-19, 4.02568867784e-20], "max": [3.09798049927, 22.9066829681, 57.4275474548, 97.338432312, 197.602752686, 167.687545776, 146.727203369, 250.648590088, 334.895629883, 447.306945801, 334.013397217, 388.39642334, 627.27532959, 863.334106445, 1143.11828613, 699.792785645, 923.070861816, 699.386962891, 529.667724609, 662.354675293, 621.594726562, 840.241699219, 908.818725586, 675.532165527, 462.480072021, 626.441894531, 1136.10559082, 703.796386719, 362.607452393, 444.003173828, 441.234558105, 211.863342285, 162.790390015, 154.19392395, 80.3829498291, 22.5320644379, 11.3843345642, 1.58686304092, 0.165598660707, 0.00606887601316], "dvar2": [0.352814286947, 15.6848659515, 47.9303474426, 80.0192260742, 141.904632568, 113.487052917, 84.2715759277, 168.727249146, 440.11706543, 467.62109375, 523.196594238, 1178.95788574, 1041.46191406, 3137.40209961, 2345.75537109, 1932.98266602, 1383.76135254, 956.831787109, 760.421936035, 1164.33666992, 1737.49072266, 1866.33703613, 2365.22680664, 2001.5925293, 1627.84057617, 1616.21911621, 1110.29541016, 797.754943848, 469.974151611, 241.755996704, 198.472290039, 90.2079315186, 50.6541290283, 56.0295066833, 16.5333709717, 1.82609450817, 0.156149685383, 0.00463830400258, 3.93926675315e-05, 1.1708591785e-07], "median": [0.0391852036119, 0.58766412735, 1.9469230175, 3.62236714363, 4.32169532776, 3.42646026611, 3.55203771591, 4.68462085724, 4.50720310211, 5.70198059082, 4.93009328842, 5.97916603088, 6.3427028656, 5.53791189194, 6.96781301498, 5.70739936829, 6.77094697952, 9.12828826904, 11.2082643509, 18.4803161621, 24.9374237061, 30.6824188232, 36.5254592896, 36.2937393188, 29.480260849, 26.7913742065, 15.7076530457, 10.2353830338, 5.75014877319, 3.57901525497, 3.24879956245, 2.81559514999, 2.13939476013, 1.65195810795, 0.796705245972, 0.235370784998, 0.0506582520902, 0.00856341514736, 0.000864778237883, 8.36726248963e-05], "dmean2": [0.34725946188, 2.38442707062, 4.37954759598, 5.86267137527, 7.26309919357, 6.14242887497, 5.43405628204, 7.57585287094, 9.93726444244, 11.8790245056, 10.8680915833, 15.3317394257, 15.6205711365, 19.0153808594, 19.9355678558, 18.2166309357, 18.4623622894, 17.3838996887, 17.737159729, 23.7999286652, 29.4508914948, 30.8313426971, 33.3956069946, 32.3855171204, 29.0634708405, 27.7416267395, 18.3277721405, 14.2187004089, 10.212688446, 7.06171655655, 5.31470060349, 3.89840388298, 3.12978172302, 2.70437049866, 1.32974088192, 0.451226651669, 0.121755689383, 0.021388631314, 0.0019647218287, 0.000126744096633], "dmean": [0.192541450262, 1.33792948723, 2.54974126816, 3.59906077385, 4.55414056778, 3.78409838676, 3.25946211815, 4.60417938232, 5.85411071777, 7.24443435669, 6.59006261826, 9.10915279388, 9.31972789764, 10.9892721176, 11.8541030884, 10.7058849335, 10.6374177933, 10.1786737442, 10.4181976318, 14.228849411, 17.5456905365, 18.392332077, 20.1297111511, 19.6214427948, 17.3146533966, 16.330953598, 10.7066164017, 8.24231338501, 5.9582862854, 4.16058731079, 3.19721245766, 2.3489792347, 1.91571211815, 1.69207692146, 0.852602124214, 0.290342539549, 0.0778587684035, 0.0137175312266, 0.00125333061442, 8.04179071565e-05], "var": [0.0953228548169, 4.81092071533, 21.6975708008, 63.4090919495, 140.930099487, 89.7772750854, 47.1548156738, 119.955802917, 190.529159546, 301.466308594, 306.111083984, 465.573516846, 525.546447754, 1077.03808594, 1401.18261719, 1245.45227051, 607.796142578, 445.47845459, 425.153167725, 1084.60510254, 1506.50256348, 2236.87231445, 2823.63745117, 2264.93261719, 1452.62231445, 1480.46081543, 604.739013672, 344.428741455, 232.957229614, 139.678710938, 123.337844849, 64.4027481079, 48.1127433777, 47.3850822449, 12.9467878342, 1.37838149071, 0.117582209408, 0.00391599116847, 3.33305979439e-05, 8.21595946832e-08], "dvar": [0.126932159066, 5.58293533325, 17.3716583252, 31.8426933289, 57.952255249, 45.0641136169, 30.8257045746, 63.8913078308, 160.877426147, 187.166687012, 204.211471558, 438.432189941, 394.877166748, 1119.99645996, 848.906066895, 702.808166504, 493.200500488, 351.251861572, 286.201934814, 447.78604126, 659.465881348, 699.258361816, 902.968933105, 773.044433594, 612.836914062, 596.392700195, 402.001617432, 289.758544922, 178.863494873, 91.957244873, 75.1309814453, 34.3436775208, 20.111574173, 22.5143527985, 6.69204711914, 0.735017597675, 0.063950881362, 0.00193828949705, 1.65057190316e-05, 4.82509214805e-08], "mean": [0.166224613786, 1.40145659447, 3.51407027245, 6.17686891556, 8.36148262024, 6.52592420578, 5.47186851501, 7.92800045013, 8.66798400879, 11.0814752579, 10.1707410812, 12.5272350311, 13.3580446243, 14.430141449, 18.4262161255, 16.6864299774, 14.9224252701, 15.5307731628, 17.2184829712, 27.0969676971, 34.6428070068, 41.6421356201, 47.4052238464, 45.6045837402, 37.1403045654, 34.9072113037, 21.4592494965, 15.0106563568, 9.96039199829, 7.32129621506, 6.35562133789, 5.0179066658, 4.15654850006, 3.57546877861, 1.7739944458, 0.57264572382, 0.143651351333, 0.0255064144731, 0.0023532169871, 0.000161968244356]}, "zerocrossingrate": {"min": 0.00244140625, "max": 0.51806640625, "dvar2": 0.000221303183935, "median": 0.08544921875, "dmean2": 0.0145286656916, "dmean": 0.0118089318275, "var": 0.00207749335095, "dvar": 0.000162846059538, "mean": 0.0865614935756}, "spectral_contrast_coeffs": {"min": [-0.962097465992, -0.963505327702, -0.964427530766, -0.966084122658, -0.96330922842, -0.958574533463], "max": [-0.314195036888, -0.515359282494, -0.597481667995, -0.590868234634, -0.62911760807, -0.518459916115], "dvar2": [0.00475229136646, 0.00323875085451, 0.0023217224516, 0.00166631047614, 0.000701407145243, 0.000669174653012], "median": [-0.659641623497, -0.783210873604, -0.807742238045, -0.805790066719, -0.801712572575, -0.766415119171], "dmean2": [0.0851727575064, 0.0724682211876, 0.0606865435839, 0.0501367114484, 0.0322583243251, 0.028593339026], "dmean": [0.0515869632363, 0.0430412553251, 0.0360750257969, 0.0296341311187, 0.0191249717027, 0.0174247175455], "var": [0.00547121604905, 0.00343304337002, 0.00235841819085, 0.00216312240809, 0.00186330056749, 0.00198297062889], "dvar": [0.00176177907269, 0.00116155215073, 0.000823854701594, 0.000584601599257, 0.000258826388745, 0.000257104198681], "mean": [-0.660542547703, -0.780347287655, -0.806216955185, -0.805744409561, -0.801437318325, -0.767916560173]}, "dissonance": {"min": 0.290800899267, "max": 0.500000059605, "dvar2": 0.000449263025075, "median": 0.488452255726, "dmean2": 0.0170362405479, "dmean": 0.00996617972851, "var": 0.000382880971301, "dvar": 0.00015752571926, "mean": 0.482304692268}, "spectral_energyband_high": {"min": 7.1815053378e-21, "max": 0.0342192463577, "dvar2": 5.51363473278e-06, "median": 0.00146450253669, "dmean2": 0.00125626719091, "dmean": 0.000754470354877, "var": 4.60577666672e-06, "dvar": 2.1387193101e-06, "mean": 0.00192789698485}, "gfcc": {"mean": [0.414852708578, 67.7353515625, -106.45149231, 44.8347663879, -45.4660835266, 8.8354845047, -36.2687797546, 15.1425247192, -26.6148948669, 1.52911758423, -17.0539169312, -2.67670536041, -11.1918754578], "icov": [[0.00014702725457, 0.000153095694259, 0.000281194748823, -0.000248307391303, 0.000160558396601, -0.000127905994304, 0.00016312689695, -0.000463860051241, 0.000344629515894, 7.11845495971e-05, -0.00012900265574, -3.64131083188e-05, 0.000141983400681], [0.000153095694259, 0.00221206154674, -5.00442874909e-05, 0.00095016148407, -0.000557417806704, 0.00157913693693, -0.00180314329918, 0.00166939222254, -0.0013951358851, 0.00208684662357, -0.00296917115338, 0.00306838797405, -0.00204413756728], [0.000281194748823, -5.00442874909e-05, 0.00293647451326, -0.000162951764651, -0.000480520626297, -0.00187385920435, 0.00221615191549, -0.00120804912876, -0.000629287969787, -9.69575339695e-05, 0.00155395816546, -0.00197532074526, 0.00165957503486], [-0.000248307391303, 0.00095016148407, -0.000162951764651, 0.00353027926758, -0.00232299393974, 0.000257498497376, 0.000124013691675, 0.00084517034702, -0.00306526222266, 0.00204950850457, -0.00075961695984, 0.0016605699202, -0.00171620538458], [0.000160558396601, -0.000557417806704, -0.000480520626297, -0.00232299393974, 0.00750039843842, 0.000304483110085, -0.00260802218691, -0.000789712823462, 0.00330572179519, -0.00277795526199, 0.000564181129448, 0.000220744259423, -0.00038907394628], [-0.000127905994304, 0.00157913693693, -0.00187385920435, 0.000257498497376, 0.000304483110085, 0.00806034635752, -0.0051097413525, 0.000974297698122, 0.00126654410269, -0.000144411576912, -0.00394559791312, 0.00191908411216, -0.000309958035359], [0.00016312689695, -0.00180314329918, 0.00221615191549, 0.000124013691675, -0.00260802218691, -0.0051097413525, 0.0136891491711, -0.00285493256524, -0.00365843623877, 0.00187209027354, 0.00136544217821, -0.0047267540358, 0.00340027897619], [-0.000463860051241, 0.00166939222254, -0.00120804912876, 0.00084517034702, -0.000789712823462, 0.000974297698122, -0.00285493256524, 0.0136830359697, -0.00325004942715, -0.00186513829976, -0.000252935977187, 0.000978155061603, -0.00042600085726], [0.000344629515894, -0.0013951358851, -0.000629287969787, -0.00306526222266, 0.00330572179519, 0.00126654410269, -0.00365843623877, -0.00325004942715, 0.0187425296754, -0.00704773887992, -0.00254998984747, 0.00373312900774, -0.00135112961289], [7.11845495971e-05, 0.00208684662357, -9.69575339695e-05, 0.00204950850457, -0.00277795526199, -0.000144411576912, 0.00187209027354, -0.00186513829976, -0.00704773887992, 0.0226189997047, -0.00526113342494, -0.00182296673302, -0.000430902291555], [-0.00012900265574, -0.00296917115338, 0.00155395816546, -0.00075961695984, 0.000564181129448, -0.00394559791312, 0.00136544217821, -0.000252935977187, -0.00254998984747, -0.00526113342494, 0.023156363517, -0.0119700068608, 0.00442844163626], [-3.64131083188e-05, 0.00306838797405, -0.00197532074526, 0.0016605699202, 0.000220744259423, 0.00191908411216, -0.0047267540358, 0.000978155061603, 0.00373312900774, -0.00182296673302, -0.0119700068608, 0.0306733958423, -0.0108693912625], [0.000141983400681, -0.00204413756728, 0.00165957503486, -0.00171620538458, -0.00038907394628, -0.000309958035359, 0.00340027897619, -0.00042600085726, -0.00135112961289, -0.000430902291555, 0.00442844163626, -0.0108693912625, 0.0261196959764]], "cov": [[20588.75, -4505.57763672, -779.131713867, 1668.1697998, -143.228973389, 609.602783203, -370.061981201, 846.87701416, -418.257263184, 136.935836792, -113.084709167, 168.805862427, -168.28414917], [-4505.57763672, 2118.92163086, -148.287460327, -477.379272461, 30.6571273804, -308.407470703, 179.413223267, -301.18951416, 152.603225708, -113.550094604, 95.4129943848, -103.0626297, 83.8589096069], [-779.131713867, -148.287460327, 565.414978027, -21.2774562836, 29.0170783997, 104.745872498, -36.3731002808, 32.6904144287, 7.61880540848, 30.0313625336, -18.011384964, 23.3563499451, -24.0865573883], [1668.1697998, -477.379272461, -21.2774562836, 580.988647461, 102.693328857, 56.3822555542, -23.759557724, 78.6665420532, 15.9165096283, 7.7110247612, -20.0502624512, -1.64569246769, 3.33810544014], [-143.228973389, 30.6571273804, 29.0170783997, 102.693328857, 189.804962158, 13.4287662506, 40.4927902222, 8.17891311646, 2.09201598167, 10.1883411407, 1.21271491051, -0.239312365651, 5.90142583847], [609.602783203, -308.407470703, 104.745872498, 56.3822555542, 13.4287662506, 244.4737854, 45.5298156738, 54.4988212585, -16.0247192383, 27.7620773315, 21.9410648346, 28.6296634674, -24.5145835876], [-370.061981201, 179.413223267, -36.3731002808, -23.759557724, 40.4927902222, 45.5298156738, 140.648880005, 0.0990692898631, 33.9693374634, -2.51353526115, 27.0293159485, 4.93575716019, -1.17519819736], [846.87701416, -301.18951416, 32.6904144287, 78.6665420532, 8.17891311646, 54.4988212585, 0.0990692898631, 136.02822876, 1.25024938583, 30.9943752289, -4.79527854919, 16.0300178528, -14.0490446091], [-418.257263184, 152.603225708, 7.61880540848, 15.9165096283, 2.09201598167, -16.0247192383, 33.9693374634, 1.25024938583, 94.3622131348, 16.7069473267, 20.0852012634, -9.80948162079, 7.88674354553], [136.935836792, -113.550094604, 30.0313625336, 7.7110247612, 10.1883411407, 27.7620773315, -2.51353526115, 30.9943752289, 16.7069473267, 68.1431732178, 16.152545929, 16.9637851715, -3.40926933289], [-113.084709167, 95.4129943848, -18.011384964, -20.0502624512, 1.21271491051, 21.9410648346, 27.0293159485, -4.79527854919, 20.0852012634, 16.152545929, 73.8780212402, 21.3242721558, 2.24398326874], [168.805862427, -103.0626297, 23.3563499451, -1.64569246769, -0.239312365651, 28.6296634674, 4.93575716019, 16.0300178528, -9.80948162079, 16.9637851715, 21.3242721558, 56.9631881714, 9.2411737442], [-168.28414917, 83.8589096069, -24.0865573883, 3.33810544014, 5.90142583847, -24.5145835876, -1.17519819736, -14.0490446091, 7.88674354553, -3.40926933289, 2.24398326874, 9.2411737442, 51.0503349304]]}, "spectral_flux": {"min": 1.03247681238e-10, "max": 0.286064982414, "dvar2": 0.00187914504204, "median": 0.0824066251516, "dmean2": 0.0382719449699, "dmean": 0.0237350482494, "var": 0.002403390361, "dvar": 0.000906006025616, "mean": 0.0868328213692}, "silence_rate_30dB": {"min": 0, "max": 1, "dvar2": 0.000448947888799, "median": 1, "dmean2": 0.000299412407912, "dmean": 0.000149700601469, "var": 7.48368256609e-05, "dvar": 0.000149657920701, "mean": 0.999925136566}, "spectral_energyband_middle_high": {"min": 1.67073136369e-21, "max": 0.0475428178906, "dvar2": 2.08327219298e-05, "median": 0.00471507431939, "dmean2": 0.00312573765405, "dmean": 0.00187289854512, "var": 2.22352464334e-05, "dvar": 7.8075863712e-06, "mean": 0.00559834344313}, "barkbands_spread": {"min": 0.560589432716, "max": 112.885528564, "dvar2": 153.471679688, "median": 38.8417854309, "dmean2": 11.7752656937, "dmean": 7.29578447342, "var": 353.439666748, "dvar": 61.5884094238, "mean": 36.7552337646}, "spectral_centroid": {"min": 142.437423706, "max": 10626.6484375, "dvar2": 181322.90625, "median": 2182.77807617, "dmean2": 415.584899902, "dmean": 264.661071777, "var": 654883.8125, "dvar": 77301.8046875, "mean": 1983.20629883}, "pitch_salience": {"min": 0.0777044296265, "max": 0.878389418125, "dvar2": 0.0146485781297, "median": 0.622917413712, "dmean2": 0.132306218147, "dmean": 0.0788347348571, "var": 0.0109316436574, "dvar": 0.00520152412355, "mean": 0.609720289707}, "erbbands_skewness": {"min": -2.96579170227, "max": 4.91410160065, "dvar2": 0.184297412634, "median": -0.488362580538, "dmean2": 0.494198858738, "dmean": 0.310109168291, "var": 0.704074978828, "dvar": 0.0735615193844, "mean": -0.380648106337}, "erbbands_crest": {"min": 2.39021277428, "max": 25.1848754883, "dvar2": 7.39874601364, "median": 5.73292016983, "dmean2": 2.86996769905, "dmean": 1.7012450695, "var": 6.10100126266, "dvar": 2.70608210564, "mean": 6.33595371246}, "melbands": {"min": [2.14755296097e-23, 3.01568807628e-23, 1.16884794575e-23, 8.84128796845e-24, 6.44887715789e-24, 2.27943977582e-23, 1.62031651279e-23, 1.7368113892e-23, 7.21327548644e-24, 7.52547428943e-24, 7.83662785172e-24, 1.19561533732e-23, 5.63375704529e-24, 1.07724052649e-23, 1.01625589872e-23, 1.99982392589e-23, 9.20526444582e-24, 1.0488722206e-23, 9.3983476187e-24, 6.6715915241e-24, 7.8517337492e-24, 9.95826688973e-24, 8.86694488053e-24, 1.51931107803e-23, 1.71098913187e-23, 1.45491841338e-23, 8.46497449539e-24, 1.02081046604e-23, 9.3333738791e-24, 2.12136356778e-23, 8.83051607279e-24, 9.09638191937e-24, 9.706478266e-24, 6.30368849158e-24, 6.54838762235e-24, 6.08838113484e-24, 1.21037255828e-23, 1.08892513422e-23, 1.04284524439e-23, 9.96346311651e-24], "max": [0.0257756728679, 0.0287012793124, 0.0155320791528, 0.0112730842084, 0.0046739471145, 0.00537542300299, 0.00467690080404, 0.00530929351225, 0.00259678764269, 0.00242141913623, 0.00321552739479, 0.00370357767679, 0.00341364461929, 0.00241308612749, 0.00147022376768, 0.00179797888268, 0.00140110764187, 0.000918510428164, 0.000653499446344, 0.000689168402459, 0.00087917939527, 0.000999846030027, 0.0014590988867, 0.000746475881897, 0.00068182637915, 0.000455517409137, 0.000392800429836, 0.000388511602068, 0.000792727048974, 0.000403042678954, 0.000516638276167, 0.000168473954545, 0.00028079628828, 0.000245091505349, 0.000268611853244, 0.000206104363315, 9.26415450522e-05, 0.000112914451165, 9.93691501208e-05, 0.000169885490322], "dvar2": [2.76387236227e-05, 1.54601257236e-05, 2.32171828429e-06, 5.19654520303e-07, 1.13219478237e-07, 7.86464653402e-08, 1.04188060845e-07, 5.14662303885e-08, 3.94434636064e-08, 4.48242296613e-08, 2.6435618139e-08, 5.76614951342e-08, 2.15942925763e-08, 2.69267079744e-08, 8.76526229376e-09, 5.12371434169e-09, 3.74002562253e-09, 2.2347481643e-09, 2.47172660117e-09, 1.96159666288e-09, 3.08029002305e-09, 2.64269939265e-09, 3.31624283589e-09, 2.26806795567e-09, 1.67686453612e-09, 1.01511510309e-09, 9.19474218986e-10, 8.01723576416e-10, 5.39358169238e-10, 3.59540730521e-10, 3.1647151566e-10, 1.6386098034e-10, 1.36843980592e-10, 6.5702235319e-11, 6.48094009015e-11, 8.81345829651e-11, 2.67841287344e-11, 2.7348165399e-11, 2.62541498958e-11, 5.8444117601e-11], "median": [0.000538009568118, 0.00106702710036, 0.000742756994441, 0.000301162916003, 0.000139570605825, 0.000108114531031, 7.04104168108e-05, 5.89078190387e-05, 4.08504383813e-05, 3.69405788661e-05, 3.00333795167e-05, 2.03375420824e-05, 2.42273290496e-05, 1.49404831973e-05, 1.44407240441e-05, 1.3560471416e-05, 1.67620764842e-05, 1.50490914166e-05, 2.29048127949e-05, 2.36009655055e-05, 2.89881336357e-05, 2.94786677841e-05, 3.23945314449e-05, 3.11006442644e-05, 2.83481240331e-05, 2.18052791752e-05, 1.84514301509e-05, 1.69004815689e-05, 9.89308409771e-06, 7.31181944502e-06, 5.0947633099e-06, 3.15569627674e-06, 2.30385171562e-06, 1.77152583092e-06, 1.75461161689e-06, 1.72043826296e-06, 1.63692357091e-06, 1.43285330978e-06, 1.38384291404e-06, 1.33043738515e-06], "dmean2": [0.00311392941512, 0.00250283023342, 0.00102934543975, 0.00044535836787, 0.000203890551347, 0.000167858524946, 0.00015213136794, 0.00012292341853, 9.56700678216e-05, 9.47320950218e-05, 7.85856100265e-05, 7.94171501184e-05, 6.49520879961e-05, 5.97615216975e-05, 4.68960097351e-05, 3.47016466549e-05, 3.44660802511e-05, 2.91712749458e-05, 3.42592866218e-05, 3.1491399568e-05, 3.85855237255e-05, 3.52651368303e-05, 3.6460794945e-05, 3.22268679156e-05, 2.88735591312e-05, 2.30046571232e-05, 2.16149146581e-05, 1.93420582946e-05, 1.29236677822e-05, 1.07749892777e-05, 8.23606478662e-06, 6.03899025009e-06, 5.31900695933e-06, 3.71727696802e-06, 3.0132032407e-06, 3.38132804245e-06, 2.36121036323e-06, 2.35306288232e-06, 2.17301726479e-06, 2.60928686657e-06], "dmean": [0.00173252751119, 0.00143858487718, 0.000638884841464, 0.000279499246972, 0.000123013538541, 0.000102341618913, 8.97951831575e-05, 7.52500636736e-05, 5.77292630624e-05, 5.62726636417e-05, 4.6842629672e-05, 4.57435817225e-05, 3.87822183257e-05, 3.501008905e-05, 2.72572779068e-05, 2.01377497433e-05, 2.01349266717e-05, 1.70025105035e-05, 2.04126972676e-05, 1.88176400115e-05, 2.29414836213e-05, 2.08857818507e-05, 2.19438097702e-05, 1.93822797883e-05, 1.74317247001e-05, 1.38449231599e-05, 1.26783315864e-05, 1.13894375318e-05, 7.55835435484e-06, 6.2638628151e-06, 4.75696833746e-06, 3.51854555447e-06, 3.11126655106e-06, 2.1883286081e-06, 1.80674283001e-06, 2.01514308174e-06, 1.41765940498e-06, 1.42345629683e-06, 1.33523565182e-06, 1.62545518378e-06], "var": [7.69500366005e-06, 6.09129710938e-06, 2.10335520023e-06, 5.24312611105e-07, 6.27057588076e-08, 5.79241827836e-08, 4.43610019829e-08, 3.59066589795e-08, 2.1438921749e-08, 1.77411667579e-08, 1.32993642765e-08, 1.87944539931e-08, 1.43417713261e-08, 1.38799824967e-08, 5.00067853793e-09, 2.13357576051e-09, 1.67320601818e-09, 1.10743425541e-09, 1.82097359414e-09, 1.71532454907e-09, 2.51640530635e-09, 2.60947263797e-09, 3.43038020212e-09, 2.40630360082e-09, 1.63309332724e-09, 9.53858214636e-10, 7.05916436416e-10, 6.96411150969e-10, 2.88150447947e-10, 1.84290499528e-10, 1.14992459999e-10, 7.62542945454e-11, 7.09853634207e-11, 3.71926482667e-11, 3.65889679665e-11, 5.11993641927e-11, 1.90265112693e-11, 2.33167304908e-11, 2.49037821615e-11, 4.30824161068e-11], "dvar": [9.92003788269e-06, 5.50955473955e-06, 9.35825539727e-07, 2.13226144297e-07, 4.11624654362e-08, 2.96994997484e-08, 3.81206426425e-08, 2.08974455518e-08, 1.52776067353e-08, 1.66398841372e-08, 1.00101411604e-08, 2.05863912583e-08, 7.81628273216e-09, 9.67977786814e-09, 3.13049497436e-09, 1.82507542412e-09, 1.36884548141e-09, 8.34817492912e-10, 9.50348355566e-10, 7.53531625985e-10, 1.17368370578e-09, 9.84549441974e-10, 1.2729441945e-09, 8.71874961117e-10, 6.4813826528e-10, 3.87940041202e-10, 3.43293338201e-10, 2.96600133343e-10, 1.95245791756e-10, 1.31771288325e-10, 1.13814249691e-10, 6.20256485062e-11, 5.21483620175e-11, 2.46752115268e-11, 2.43890584811e-11, 3.30338326138e-11, 1.01006885148e-11, 1.06266427949e-11, 1.06361464774e-11, 2.30982941107e-11], "mean": [0.00161885411944, 0.00190634815954, 0.00118744187057, 0.000535389815923, 0.000211459657294, 0.000180299408385, 0.000133716108394, 0.000116851806524, 8.6224565166e-05, 7.66464290791e-05, 6.56035626889e-05, 5.69281655771e-05, 5.97999351157e-05, 5.11134021508e-05, 3.85049097531e-05, 2.7975638659e-05, 2.92099848593e-05, 2.53653597611e-05, 3.5166831367e-05, 3.4679142118e-05, 4.212265776e-05, 4.18908384745e-05, 4.55299959867e-05, 4.14245332649e-05, 3.68419023289e-05, 2.83897825284e-05, 2.4237906473e-05, 2.29399920499e-05, 1.39931680678e-05, 1.09538832476e-05, 7.83123050496e-06, 5.5616624195e-06, 4.85270811623e-06, 3.74284786631e-06, 3.3993744637e-06, 3.73417969968e-06, 2.85710621029e-06, 2.86964677798e-06, 2.78258448816e-06, 3.17959552376e-06]}, "spectral_entropy": {"min": 5.37119579315, "max": 9.79753303528, "dvar2": 0.0286927260458, "median": 7.97632455826, "dmean2": 0.164984196424, "dmean": 0.104739755392, "var": 0.215134009719, "dvar": 0.0119203450158, "mean": 7.84561300278}, "spectral_rolloff": {"min": 21.533203125, "max": 19444.4824219, "dvar2": 2723411, "median": 2454.78515625, "dmean2": 1255.74145508, "dmean": 752.518188477, "var": 3429835.75, "dvar": 1110840, "mean": 2385.69799805}, "barkbands": {"min": [6.14574986088e-24, 8.60427313176e-23, 5.06224980199e-23, 1.81629985391e-23, 3.7819433834e-23, 9.82708200332e-23, 8.12020346785e-23, 5.94330961437e-23, 5.04288894657e-23, 7.51121483971e-23, 2.8525532188e-23, 9.63017853484e-23, 1.73393078472e-22, 1.13162223072e-22, 1.1484214339e-22, 1.26549975183e-22, 1.4102903116e-22, 2.86660491412e-22, 3.82286866675e-22, 2.83391148898e-22, 6.28961753228e-22, 4.41634273592e-22, 3.64942630025e-22, 9.62576709844e-22, 1.05990341484e-21, 1.35439526293e-21, 2.46366173095e-21], "max": [0.00829401239753, 0.100107997656, 0.0532568618655, 0.0450954809785, 0.041492100805, 0.0243350211531, 0.0231437142938, 0.0203861352056, 0.0162059143186, 0.0221677459776, 0.0217114072293, 0.0184354484081, 0.0179494600743, 0.0123734632507, 0.00894914846867, 0.00892101321369, 0.0118445819244, 0.0188043564558, 0.011121137999, 0.00959981046617, 0.0189916007221, 0.0108377123252, 0.0131107578054, 0.0064246491529, 0.0123130828142, 0.00575080281124, 0.000983680132776], "dvar2": [2.19114554056e-06, 0.000339072314091, 3.59574551112e-05, 1.56209298439e-05, 8.10088022263e-06, 1.81384007192e-06, 2.36686764765e-06, 1.05911647097e-06, 1.91577623809e-06, 2.48190349339e-06, 9.71518829829e-07, 1.70069404248e-06, 5.909219567e-07, 3.69329058003e-07, 3.8061784835e-07, 4.99439408941e-07, 6.69629287131e-07, 9.33274861836e-07, 6.31259297279e-07, 6.09954440733e-07, 5.70989016069e-07, 3.32028832872e-07, 2.17901785504e-07, 1.56158890263e-07, 3.43942701875e-07, 5.27523980054e-08, 1.53706725126e-09], "median": [4.46404701506e-05, 0.00242169643752, 0.00157000683248, 0.00112298305612, 0.00118076789659, 0.000563301495276, 0.000344380678143, 0.000205984033528, 0.000266597693553, 0.000173603548319, 0.000167806399986, 0.000120596385386, 0.000134278612677, 0.000182538366062, 0.000288598064799, 0.000381120597012, 0.000522046582773, 0.000683796184603, 0.000634643423837, 0.000547465635464, 0.000309886585455, 0.000147066471982, 0.00011373966845, 0.000132343862788, 0.000132318149554, 3.53336654371e-05, 5.25652285432e-06], "dmean2": [0.000880322302692, 0.0110232066363, 0.00378718273714, 0.00239648343995, 0.00178336899262, 0.000842511130031, 0.000750948500354, 0.000495092128403, 0.000653763941955, 0.000602411804721, 0.000451205356512, 0.000499370275065, 0.000392333196942, 0.000359617959475, 0.000431763910456, 0.000500263471622, 0.000587021000683, 0.000663991901092, 0.000592335301917, 0.000553430407308, 0.000404771941248, 0.000272348814178, 0.000185184122529, 0.000175260560354, 0.000201592498343, 7.51842962927e-05, 1.29416612253e-05], "dmean": [0.000493374245707, 0.00616119336337, 0.00223540025763, 0.00149285292719, 0.00110863964073, 0.000515123887453, 0.000445790908998, 0.000300865503959, 0.000391836481867, 0.000352756527718, 0.000269161624601, 0.000292382523185, 0.000226338248467, 0.000210640893783, 0.000256740429904, 0.000298821541946, 0.000349783804268, 0.000401613215217, 0.000357313634595, 0.000325434579281, 0.000235235944274, 0.000159437782713, 0.000111602239485, 0.000106756582682, 0.000128775733174, 4.82398936583e-05, 8.24338894745e-06], "var": [6.32634396425e-07, 9.88500833046e-05, 1.86407414731e-05, 1.4976329112e-05, 7.93120671005e-06, 1.3810507653e-06, 1.02198055174e-06, 7.32497881017e-07, 8.35586661196e-07, 8.68099505169e-07, 6.82156269249e-07, 9.22320850805e-07, 2.59155115145e-07, 1.74175909251e-07, 2.59202352026e-07, 4.18493868892e-07, 7.35694527521e-07, 1.0958533494e-06, 6.67814560984e-07, 5.64561162264e-07, 2.71868231039e-07, 1.7131083041e-07, 1.40554206496e-07, 1.39774456898e-07, 2.97658857562e-07, 4.20318535532e-08, 1.28723043336e-09], "dvar": [8.0836809957e-07, 0.000121153170767, 1.34146466735e-05, 6.49410094411e-06, 3.275448762e-06, 6.84449616983e-07, 8.76834690189e-07, 4.26786328944e-07, 7.22253844287e-07, 9.00551412997e-07, 3.52493856326e-07, 6.14311431946e-07, 2.10811222701e-07, 1.36198437417e-07, 1.44844705119e-07, 1.91060081534e-07, 2.5561010375e-07, 3.60096720442e-07, 2.43716357318e-07, 2.23435392854e-07, 2.07446419154e-07, 1.27127762539e-07, 8.27671513548e-08, 6.11178947452e-08, 1.40366935852e-07, 2.16551239163e-08, 6.45805076083e-10], "mean": [0.000384554587072, 0.00614084443077, 0.00306713744067, 0.00244908872992, 0.00208562845364, 0.000915887649171, 0.000643423176371, 0.000457302870927, 0.000548688170966, 0.000442529941211, 0.000408620864619, 0.000423990917625, 0.00030239627813, 0.000312470510835, 0.000433994398918, 0.000554651080165, 0.000737189431675, 0.000897909747437, 0.000797027780209, 0.000704787962604, 0.000440159841673, 0.000265060196398, 0.00022411502141, 0.000237979271333, 0.000283803936327, 9.34265553951e-05, 1.5031858311e-05]}, "melbands_flatness_db": {"min": 0.00623539509252, "max": 0.570556342602, "dvar2": 0.00171991111711, "median": 0.150414094329, "dmean2": 0.0441170297563, "dmean": 0.0271421987563, "var": 0.00569380447268, "dvar": 0.000650775211398, "mean": 0.167292624712}, "melbands_skewness": {"min": -0.770557701588, "max": 11.6867723465, "dvar2": 1.85625350475, "median": 2.41453719139, "dmean2": 1.32952320576, "dmean": 0.811240851879, "var": 2.23633599281, "dvar": 0.690697968006, "mean": 2.72674894333}, "barkbands_skewness": {"min": -1.94368326664, "max": 9.49720478058, "dvar2": 0.701078653336, "median": 1.03542399406, "dmean2": 0.861451029778, "dmean": 0.529012918472, "var": 1.06569087505, "dvar": 0.261390596628, "mean": 1.17211353779}, "silence_rate_60dB": {"min": 0, "max": 1, "dvar2": 0.0146162444726, "median": 0, "dmean2": 0.0115273771808, "dmean": 0.0057634729892, "var": 0.104341283441, "dvar": 0.00573093350977, "mean": 0.118408739567}, "spectral_energyband_low": {"min": 1.57377889431e-22, "max": 0.132207304239, "dvar2": 0.000504430907313, "median": 0.00618601776659, "dmean2": 0.0143338628113, "dmean": 0.00817953236401, "var": 0.000179595866939, "dvar": 0.000179914757609, "mean": 0.0107259983197}, "spectral_energyband_middle_low": {"min": 3.59174630547e-22, "max": 0.0958751961589, "dvar2": 4.00939970859e-05, "median": 0.00589427957311, "dmean2": 0.00458678882569, "dmean": 0.00284151942469, "var": 3.73512157239e-05, "dvar": 1.55052384798e-05, "mean": 0.00725965760648}, "melbands_kurtosis": {"min": -1.80064988136, "max": 225.010162354, "dvar2": 276.149810791, "median": 6.44734954834, "dmean2": 11.4079942703, "dmean": 6.83539009094, "var": 220.988327026, "dvar": 103.686759949, "mean": 11.2952699661}, "spectral_decrease": {"min": -4.28679740594e-08, "max": 2.68903815699e-29, "dvar2": 4.11008443974e-17, "median": -5.00848340579e-09, "dmean2": 4.54673232397e-09, "dmean": 2.63116195498e-09, "var": 1.93438320372e-17, "dvar": 1.47950268824e-17, "mean": -5.73704728168e-09}, "erbbands_kurtosis": {"min": -1.78920292854, "max": 31.4416389465, "dvar2": 2.19131493568, "median": 0.14341378212, "dmean2": 1.33711254597, "dmean": 0.825810074806, "var": 3.1648581028, "dvar": 0.868296742439, "mean": 0.614836573601}, "melbands_crest": {"min": 2.59666895866, "max": 38.5825119019, "dvar2": 29.3506908417, "median": 13.3615722656, "dmean2": 6.13397932053, "dmean": 3.67330479622, "var": 24.781671524, "dvar": 10.4811048508, "mean": 13.8414831161}, "melbands_spread": {"min": 0.549752354622, "max": 205.041824341, "dvar2": 382.729003906, "median": 31.2388648987, "dmean2": 17.6139144897, "dmean": 10.8624734879, "var": 608.682189941, "dvar": 147.766372681, "mean": 35.8912353516}, "spectral_energy": {"min": 1.06600841569e-20, "max": 0.166624218225, "dvar2": 0.000635797041468, "median": 0.0220454018563, "dmean2": 0.0180079918355, "dmean": 0.0104299234226, "var": 0.000313953787554, "dvar": 0.000229377372307, "mean": 0.0242686290294}, "mfcc": {"mean": [-640.38671875, 95.1915893555, 2.98434758186, 35.5725822449, 14.0017795563, -0.00700100604445, 6.36086130142, 4.12367534637, 2.90902209282, 1.72360670567, -1.02079236507, -0.481694757938, -1.22551465034], "icov": [[0.000119874508528, 0.000184854332474, 0.000234435865423, -0.000120806638733, 6.0516231315e-05, 0.00015544964117, -0.000212332466617, -0.000166732817888, 5.97341932007e-05, 4.13374546042e-05, 2.77562321571e-05, -0.000164312339621, 1.10167975436e-05], [0.000184854332474, 0.00106419459917, 0.000413551402744, 0.000105133425677, 0.000515745661687, 0.00027400374529, -0.000148423350765, 0.000125313090393, 0.0004512280575, -0.000187149489648, -0.00014408295101, 0.000313567754347, 4.51784035249e-06], [0.000234435865423, 0.000413551402744, 0.0031617784407, 0.00120094616432, -0.00193412182853, -0.000596720259637, 0.00182253436651, -0.00169732805807, 0.000232681559282, -0.000277084880508, -0.000437275506556, -0.000168505721376, 0.000435283291154], [-0.000120806638733, 0.000105133425677, 0.00120094616432, 0.00406475830823, -0.00294079096057, -0.000392729940359, 0.0023191277869, -0.00132153229788, -0.00104835093953, -0.000111354755063, 0.000621745653916, -0.000861661392264, 0.0016676337691], [6.0516231315e-05, 0.000515745661687, -0.00193412182853, -0.00294079096057, 0.00975582934916, -0.000750197796151, -0.00358275673352, 0.00274930871092, -0.000264134752797, -0.00158026174176, 0.00112162774894, -0.000439131836174, -0.000162584634381], [0.00015544964117, 0.00027400374529, -0.000596720259637, -0.000392729940359, -0.000750197796151, 0.00888125039637, -0.0038922089152, -0.00109919195529, 0.000666316016577, -0.000577083963435, -1.94138592633e-05, -0.000685819832142, -0.000643468869384], [-0.000212332466617, -0.000148423350765, 0.00182253436651, 0.0023191277869, -0.00358275673352, -0.0038922089152, 0.0157788880169, -0.00719220284373, -0.000853414472658, 0.00360855576582, -0.0035562175326, 0.000160551149747, 0.000103208163637], [-0.000166732817888, 0.000125313090393, -0.00169732805807, -0.00132153229788, 0.00274930871092, -0.00109919195529, -0.00719220284373, 0.0175813194364, -0.00140612630639, -0.00453197164461, 0.000474147323985, 0.000520422589034, -0.0028166428674], [5.97341932007e-05, 0.0004512280575, 0.000232681559282, -0.00104835093953, -0.000264134752797, 0.000666316016577, -0.000853414472658, -0.00140612630639, 0.0164259821177, -0.00567175168544, 0.00167070445605, -0.000717495335266, 0.00151385506615], [4.13374546042e-05, -0.000187149489648, -0.000277084880508, -0.000111354755063, -0.00158026174176, -0.000577083963435, 0.00360855576582, -0.00453197164461, -0.00567175168544, 0.0236227978021, -0.00891930051148, -0.00144417805132, 0.00124217628036], [2.77562321571e-05, -0.00014408295101, -0.000437275506556, 0.000621745653916, 0.00112162774894, -1.94138592633e-05, -0.0035562175326, 0.000474147323985, 0.00167070445605, -0.00891930051148, 0.0225528310984, -0.00721323536709, -0.000876056612469], [-0.000164312339621, 0.000313567754347, -0.000168505721376, -0.000861661392264, -0.000439131836174, -0.000685819832142, 0.000160551149747, 0.000520422589034, -0.000717495335266, -0.00144417805132, -0.00721323536709, 0.0263059120625, -0.00904032029212], [1.10167975436e-05, 4.51784035249e-06, 0.000435283291154, 0.0016676337691, -0.000162584634381, -0.000643468869384, 0.000103208163637, -0.0028166428674, 0.00151385506615, 0.00124217628036, -0.000876056612469, -0.00904032029212, 0.0261101387441]], "cov": [[17316.3691406, -2754.09228516, -1304.50390625, 1018.50219727, 148.733581543, -59.4057540894, 351.647857666, 256.651397705, 140.175048828, -21.3274326324, -13.909655571, 167.493057251, 26.0382766724], [-2754.09228516, 1587.62878418, -19.5394439697, -253.620788574, -164.186340332, -67.9036483765, -69.8602218628, -75.6348190308, -68.0404586792, -20.1844539642, -1.22486078739, -52.6988601685, -6.54938411713], [-1304.50390625, -19.5394439697, 548.081542969, -126.594337463, 70.9585876465, 54.2017059326, -26.2179527283, 19.7359695435, -3.78720116615, 28.3254070282, 19.8306179047, 1.99041306973, 3.73899936676], [1018.50219727, -253.620788574, -126.594337463, 440.823883057, 113.267784119, 4.49976015091, -10.6999721527, 14.30930233, 45.2028694153, 14.4895057678, -19.2928848267, 13.5347356796, -23.2996101379], [148.733581543, -164.186340332, 70.9585876465, 113.267784119, 171.967697144, 39.3154830933, 25.8587722778, 8.81035232544, 19.6744403839, 15.792057991, 0.528121948242, 10.9040994644, -3.66257166862], [-59.4057540894, -67.9036483765, 54.2017059326, 4.49976015091, 39.3154830933, 154.326705933, 56.0430526733, 36.380191803, 4.21814870834, 12.4136486053, 16.1786136627, 13.5643978119, 11.001124382], [351.647857666, -69.8602218628, -26.2179527283, -10.6999721527, 25.8587722778, 56.0430526733, 119.181800842, 51.0390968323, 7.36147260666, 2.82408857346, 20.5328121185, 12.8202972412, 12.1277523041], [256.651397705, -75.6348190308, 19.7359695435, 14.30930233, 8.81035232544, 36.380191803, 51.0390968323, 92.3945388794, 15.9165124893, 20.7563266754, 16.3390922546, 12.3322257996, 12.2864322662], [140.175048828, -68.0404586792, -3.78720116615, 45.2028694153, 19.6744403839, 4.21814870834, 7.36147260666, 15.9165124893, 75.1769561768, 22.4782791138, 2.95122385025, 5.85128831863, -4.26010274887], [-21.3274326324, -20.1844539642, 28.3254070282, 14.4895057678, 15.792057991, 12.4136486053, 2.82408857346, 20.7563266754, 22.4782791138, 63.8949279785, 27.2521457672, 13.3558607101, 2.44267058372], [-13.909655571, -1.22486078739, 19.8306179047, -19.2928848267, 0.528121948242, 16.1786136627, 20.5328121185, 16.3390922546, 2.95122385025, 27.2521457672, 66.6240615845, 23.3163414001, 11.831908226], [167.493057251, -52.6988601685, 1.99041306973, 13.5347356796, 10.9040994644, 13.5643978119, 12.8202972412, 12.3322257996, 5.85128831863, 13.3558607101, 23.3163414001, 54.2861480713, 19.3262519836], [26.0382766724, -6.54938411713, 3.73899936676, -23.2996101379, -3.66257166862, 11.001124382, 12.1277523041, 12.2864322662, -4.26010274887, 2.44267058372, 11.831908226, 19.3262519836, 48.4602737427]]}, "spectral_contrast_valleys": {"min": [-27.2155036926, -26.9300365448, -26.926733017, -27.2163448334, -27.2241325378, -27.2140312195], "max": [-5.1872677803, -4.54959726334, -5.03534317017, -5.57124567032, -5.1688375473, -7.34353923798], "dvar2": [0.303351253271, 0.222315356135, 0.22031019628, 0.270696818829, 0.128339245915, 0.192985743284], "median": [-6.96592712402, -6.6563501358, -7.23513507843, -7.33052873611, -6.46545124054, -9.20647907257], "dmean2": [0.681199789047, 0.56670242548, 0.5350933671, 0.531017124653, 0.356005012989, 0.341580837965], "dmean": [0.408836662769, 0.33976817131, 0.325672715902, 0.321547955275, 0.219620078802, 0.219515472651], "var": [1.22978484631, 1.10274672508, 1.366497159, 1.66826665401, 2.66807031631, 3.22788691521], "dvar": [0.113413155079, 0.0848615169525, 0.0901468545198, 0.106265582144, 0.0536696799099, 0.0851773396134], "mean": [-7.22696399689, -6.87261915207, -7.4405670166, -7.6248884201, -7.11351251602, -9.86800193787]}, "barkbands_flatness_db": {"min": 0.0158905349672, "max": 0.42334651947, "dvar2": 0.000925903965253, "median": 0.0834627971053, "dmean2": 0.0316539108753, "dmean": 0.0193727780133, "var": 0.0032058255747, "dvar": 0.000351320049958, "mean": 0.100109957159}, "dynamic_complexity": 4.3479924202, "spectral_skewness": {"min": -0.204974889755, "max": 6.67154073715, "dvar2": 0.109109088778, "median": 1.32305455208, "dmean2": 0.272048860788, "dmean": 0.164020046592, "var": 0.471695572138, "dvar": 0.0372452773154, "mean": 1.47758984566}, "erbbands_flatness_db": {"min": 0.0427080132067, "max": 0.32979375124, "dvar2": 0.000256618426647, "median": 0.11397947371, "dmean2": 0.0183627735823, "dmean": 0.0115178376436, "var": 0.00185095076449, "dvar": 0.000105393533886, "mean": 0.12