{"lowlevel": {"spectral_complexity": {"min": 0, "max": 61, "dvar2": 16.0545024872, "median": 7, "dmean2": 3.19677805901, "dmean": 2.00652146339, "var": 42.0046882629, "dvar": 7.31912755966, "mean": 9.00896644592}, "silence_rate_20dB": {"min": 1, "max": 1, "dvar2": 0, "median": 1, "dmean2": 0, "dmean": 0, "var": 0, "dvar": 0, "mean": 1}, "average_loudness": 0.147690862417, "erbbands_spread": {"min": 0.474910616875, "max": 133.484191895, "dvar2": 107.515647888, "median": 21.4022369385, "dmean2": 8.79350090027, "dmean": 5.60276269913, "var": 162.753509521, "dvar": 45.2952270508, "mean": 23.4182300568}, "spectral_kurtosis": {"min": -1.19618225098, "max": 75.1687393188, "dvar2": 61.3285713196, "median": 6.90855932236, "dmean2": 7.19338989258, "dmean": 4.32285070419, "var": 90.0935134888, "dvar": 23.7092037201, "mean": 10.4384241104}, "barkbands_kurtosis": {"min": -1.90198910236, "max": 227.613098145, "dvar2": 222.8309021, "median": 3.90343284607, "dmean2": 8.15795040131, "dmean": 4.98539733887, "var": 153.082977295, "dvar": 83.3516082764, "mean": 7.85849046707}, "spectral_strongpeak": {"min": 0, "max": 17.9587802887, "dvar2": 1.55656433105, "median": 0.446824640036, "dmean2": 0.733587026596, "dmean": 0.455835700035, "var": 2.05160927773, "dvar": 0.706123709679, "mean": 0.951316475868}, "spectral_spread": {"min": 1091562.625, "max": 40058376, "dvar2": 373476753408, "median": 2847442.5, "dmean2": 597044.5, "dmean": 391300, "var": 745977544704, "dvar": 220181970944, "mean": 2967383.25}, "spectral_rms": {"min": 3.18696609901e-12, "max": 0.0147557398304, "dvar2": 9.80245545179e-07, "median": 0.00254469062202, "dmean2": 0.00084796914598, "dmean": 0.000564241549, "var": 2.82308587884e-06, "dvar": 4.47028185135e-07, "mean": 0.00291320378892}, "erbbands": {"min": [1.7980067375e-22, 1.52253295005e-21, 5.60665523348e-21, 2.72074793053e-20, 5.6991206166e-20, 8.86392139504e-20, 1.51039922829e-19, 1.12499313683e-18, 1.76385408881e-18, 6.46602121749e-19, 1.09027223062e-18, 9.73764875313e-19, 4.67715463452e-18, 5.87291658827e-18, 4.48203099982e-18, 3.93263376699e-18, 5.32027184435e-18, 4.25383048038e-18, 6.28865384182e-18, 9.79566802848e-18, 5.38335470581e-18, 6.45448742462e-18, 7.26008069114e-18, 1.8169119762e-17, 1.86448859262e-17, 1.53263597314e-17, 1.14247828741e-17, 1.30852834337e-17, 1.77665210317e-17, 1.52946307375e-17, 1.63358459879e-17, 1.60594088446e-17, 1.43297228986e-17, 1.25160880465e-17, 1.16202200103e-17, 6.05561721093e-18, 3.61547369498e-18, 1.15104446644e-18, 2.59857962253e-19, 3.55859141816e-20], "max": [0.195400476456, 3.728069067, 18.0096435547, 88.0585021973, 681.832946777, 371.559356689, 387.109893799, 318.600128174, 364.435241699, 473.27432251, 2494.30541992, 2698.11914063, 849.126342773, 1591.62731934, 3152.05957031, 1293.62023926, 6946.91455078, 1086.10742188, 1247.46862793, 1926.13879395, 3452.97363281, 1014.69628906, 1456.07543945, 776.468139648, 768.970458984, 616.664978027, 435.57989502, 160.229949951, 51.9606437683, 22.3624248505, 9.97981929779, 4.74413776398, 1.72253394127, 0.532217979431, 0.13614654541, 0.0631301254034, 0.0380605496466, 0.0272750537843, 0.000940200698096, 0.000245459144935], "dvar2": [0.000158854891197, 0.074116230011, 1.64126896858, 13.7745838165, 816.647888184, 595.541137695, 234.700286865, 199.344390869, 278.991668701, 468.348205566, 3179.70654297, 1735.44909668, 1143.90014648, 1450.08068848, 3257.87109375, 2583.01806641, 7774.51171875, 2445.10327148, 2496.01342773, 2549.41162109, 3746.33129883, 963.542907715, 2769.88110352, 871.615478516, 701.470336914, 415.16809082, 183.438369751, 40.4505691528, 6.36241149902, 0.899296939373, 0.212886869907, 0.0482187792659, 0.00557963270694, 0.00045946231694, 6.5584659751e-05, 1.32666418722e-05, 1.30317148432e-05, 6.08178879702e-06, 4.58002480386e-09, 1.86479956477e-10], "median": [0.00299744820222, 0.0560658015311, 0.19005548954, 0.634833097458, 1.74693059921, 2.91306567192, 3.35088300705, 2.23597955704, 2.85213375092, 3.71471786499, 3.20852398872, 2.89879274368, 1.94830620289, 1.7950425148, 1.83736014366, 1.65994381905, 1.75025784969, 1.32751357555, 1.36566066742, 1.13531208038, 1.15737342834, 0.763091564178, 0.928523182869, 0.523496508598, 0.434545278549, 0.306613773108, 0.251989126205, 0.197197392583, 0.151012182236, 0.0772153809667, 0.0444001220167, 0.0221839696169, 0.0068346131593, 0.0018718392821, 0.000694801448844, 0.000365399231669, 0.000208460885915, 6.54835384921e-05, 5.74581144974e-06, 7.75511125539e-06], "dmean2": [0.00706164957955, 0.144449904561, 0.634465098381, 1.57031786442, 9.81812667847, 10.2979688644, 8.02110290527, 6.26395797729, 7.70723390579, 9.61025047302, 14.5485191345, 11.7291193008, 10.1437520981, 9.90841770172, 11.4921035767, 12.0665626526, 15.6961202621, 13.6301488876, 13.723192215, 13.3471441269, 13.067155838, 9.35346984863, 12.373500824, 7.81774425507, 6.34965372086, 5.13090372086, 3.30519676208, 1.74733793736, 0.822384536266, 0.339982509613, 0.179020181298, 0.0857541114092, 0.0285610929132, 0.00794538017362, 0.002796954941, 0.00130914500915, 0.00117015908472, 0.000749823637307, 2.17530596274e-05, 7.58931082601e-06], "dmean": [0.00446603447199, 0.09279640764, 0.418340981007, 0.930891692638, 5.69460391998, 5.85682678223, 4.80028915405, 3.95519852638, 4.89640235901, 6.20791339874, 10.8881816864, 8.356798172, 6.96282100677, 6.67548894882, 7.64103364944, 8.0555639267, 10.8004512787, 9.2755241394, 9.09910774231, 8.95876026154, 8.75217056274, 6.32235145569, 8.35938739777, 5.33347702026, 4.38324975967, 3.55619645119, 2.29424142838, 1.17427122593, 0.548721969128, 0.225602045655, 0.119812838733, 0.0563344284892, 0.0185098927468, 0.00510661536828, 0.00178608612623, 0.000815012142994, 0.000717375485692, 0.00045103035518, 1.32814229801e-05, 4.99363568451e-06], "var": [0.000153068453074, 0.0678535327315, 1.58322453499, 6.96229076385, 375.019592285, 267.488342285, 206.592193604, 310.124237061, 377.693237305, 657.73248291, 5672.91357422, 4440.92529297, 2513.75146484, 3645.23754883, 6141.92236328, 2947.109375, 11646.7304688, 5737.70996094, 4401.94287109, 4700.06884766, 5604.43359375, 1706.73901367, 5896.34716797, 2064.23657227, 1416.33862305, 816.730712891, 365.305633545, 69.5582275391, 11.0742874146, 1.46522843838, 0.387170910835, 0.0760115459561, 0.00733767589554, 0.000451037718449, 4.1091494495e-05, 7.13730560165e-06, 5.21125411979e-06, 1.98036786969e-06, 1.56977864041e-09, 3.27943200373e-10], "dvar": [6.41334117972e-05, 0.0321518369019, 0.779944717884, 4.93101024628, 279.312286377, 195.46875, 91.3203277588, 86.9180145264, 123.846504211, 219.005218506, 1963.91027832, 1017.9196167, 599.700073242, 828.333374023, 1713.82885742, 1232.01611328, 3945.51538086, 1224.05517578, 1200.23876953, 1199.97045898, 1550.05725098, 468.115325928, 1537.12585449, 473.539459229, 384.13684082, 230.429550171, 102.799232483, 20.6812953949, 3.1497964859, 0.419902831316, 0.104686029255, 0.0228031966835, 0.00256671244279, 0.000200392256374, 2.79390478681e-05, 5.50523600396e-06, 5.22657683177e-06, 2.37921176449e-06, 1.76979197963e-09, 8.02703736813e-11], "mean": [0.00808793026954, 0.147804915905, 0.615589916706, 1.35819125175, 7.03265476227, 7.71405935287, 7.90841817856, 8.55050086975, 9.81917572021, 12.1708879471, 20.4556484222, 17.8660354614, 15.8267841339, 14.7979755402, 15.1450929642, 14.7819051743, 23.5375118256, 21.4037094116, 19.3645858765, 19.8175830841, 19.6255226135, 14.3291521072, 18.5893936157, 12.2249412537, 9.50891113281, 7.6982088089, 4.90028905869, 2.45493817329, 1.13853657246, 0.456655561924, 0.242517650127, 0.109712310135, 0.0334137640893, 0.00849553011358, 0.00269812648185, 0.00119074177928, 0.000850469281431, 0.000424662255682, 1.73499774974e-05, 1.41482132676e-05]}, "zerocrossingrate": {"min": 0.00439453125, "max": 0.50439453125, "dvar2": 5.23902672285e-05, "median": 0.0283203125, "dmean2": 0.00608512945473, "dmean": 0.00484238285571, "var": 0.000425777892815, "dvar": 3.36973716912e-05, "mean": 0.0339612476528}, "spectral_contrast_coeffs": {"min": [-0.94714152813, -0.977654218674, -0.959415614605, -0.966081500053, -0.958617508411, -0.962738931179], "max": [-0.184082224965, -0.358833223581, -0.421869158745, -0.420853167772, -0.494129538536, -0.480096906424], "dvar2": [0.00559298181906, 0.00394632853568, 0.00270360219292, 0.00210631079972, 0.0014774161391, 0.000828659744002], "median": [-0.617087364197, -0.735674381256, -0.768404364586, -0.792881250381, -0.823273539543, -0.744926273823], "dmean2": [0.0952680036426, 0.0786894857883, 0.0629864484072, 0.0520091503859, 0.0394645854831, 0.0312416367233], "dmean": [0.0566495843232, 0.048220038414, 0.0400453135371, 0.0337656140327, 0.0258374679834, 0.0208759494126], "var": [0.00845333747566, 0.00730500975624, 0.00718971621245, 0.00685716001317, 0.00509865488857, 0.00386661430821], "dvar": [0.00202229968272, 0.00160582107492, 0.001246939064, 0.00109580962453, 0.000808441778645, 0.000420669908635], "mean": [-0.60826510191, -0.725049078465, -0.754821717739, -0.773766160011, -0.801252663136, -0.741754293442]}, "dissonance": {"min": 0.171183109283, "max": 0.500000178814, "dvar2": 0.00225650472566, "median": 0.449262022972, "dmean2": 0.0497094579041, "dmean": 0.0295733734965, "var": 0.00239063706249, "dvar": 0.000825777766295, "mean": 0.436475068331}, "spectral_energyband_high": {"min": 7.38749512075e-21, "max": 0.0113107664511, "dvar2": 2.32642989317e-07, "median": 1.74419474206e-05, "dmean2": 0.000129535445012, "dmean": 8.97583959159e-05, "var": 4.3029177732e-07, "dvar": 1.25899930481e-07, "mean": 0.000200932350708}, "gfcc": {"mean": [-114.540786743, 136.677368164, -125.721832275, 20.3184604645, -55.3336296082, -10.0230779648, -32.5881690979, -9.75235939026, -18.7735538483, -5.77098464966, -17.1895141602, -3.59476923943, -13.0973300934], "icov": [[0.000484628428239, -0.000148218459799, 0.000551043602172, -0.000554785772692, 0.000340817030519, -9.10028466024e-05, -0.00036911375355, 0.000570951960981, -0.000679854711052, 0.00046162790386, -0.000287170376396, 0.000114559945359, -0.000118097181257], [-0.000148218459799, 0.00512539688498, -0.00338341551833, 0.00354742351919, -0.00418909359723, 0.00205013132654, -0.00242747017182, 0.00365278706886, -0.00517631927505, 0.00554138282314, -0.0065637123771, 0.00391088332981, -0.00234198267572], [0.000551043602172, -0.00338341551833, 0.00343171227723, -0.00280096195638, 0.0029407737311, -0.00158480857499, 0.00137288123369, -0.00205715629272, 0.00320433592424, -0.00403061648831, 0.00510579254478, -0.00338966632262, 0.00209951447323], [-0.000554785772692, 0.00354742351919, -0.00280096195638, 0.00503927934915, -0.00310981180519, 0.000930264417548, -0.00188126985449, 0.00284695159644, -0.00407700473443, 0.00480086868629, -0.00462775817141, 0.00284747127444, -0.00136090931483], [0.000340817030519, -0.00418909359723, 0.0029407737311, -0.00310981180519, 0.00778650864959, -0.00302038528025, 0.00162987667136, -0.00394960492849, 0.00423948094249, -0.00432625832036, 0.00365970982239, -0.00156053155661, 0.0010307385819], [-9.10028466024e-05, 0.00205013132654, -0.00158480857499, 0.000930264417548, -0.00302038528025, 0.00844465848058, -0.00408507790416, 0.00251199165359, -0.00252609234303, 0.00168789725285, -0.000501730537508, -0.00182238570414, -0.00131219194736], [-0.00036911375355, -0.00242747017182, 0.00137288123369, -0.00188126985449, 0.00162987667136, -0.00408507790416, 0.011189664714, -0.00674995454028, 0.00292193400674, -0.00196023983881, 0.00267083197832, -0.000530349090695, 0.00147784920409], [0.000570951960981, 0.00365278706886, -0.00205715629272, 0.00284695159644, -0.00394960492849, 0.00251199165359, -0.00674995454028, 0.0158266983926, -0.00982664432377, 0.00332071771845, -0.00291702500544, 0.00113462493755, -0.000416499708081], [-0.000679854711052, -0.00517631927505, 0.00320433592424, -0.00407700473443, 0.00423948094249, -0.00252609234303, 0.00292193400674, -0.00982664432377, 0.0215748455375, -0.0120673542842, 0.00541001744568, -0.000412184075685, 0.000366887397831], [0.00046162790386, 0.00554138282314, -0.00403061648831, 0.00480086868629, -0.00432625832036, 0.00168789725285, -0.00196023983881, 0.00332071771845, -0.0120673542842, 0.0241663008928, -0.0150542417541, 0.00221845274791, 0.000261909328401], [-0.000287170376396, -0.0065637123771, 0.00510579254478, -0.00462775817141, 0.00365970982239, -0.000501730537508, 0.00267083197832, -0.00291702500544, 0.00541001744568, -0.0150542417541, 0.0274015720934, -0.0124175222591, 0.00394210731611], [0.000114559945359, 0.00391088332981, -0.00338966632262, 0.00284747127444, -0.00156053155661, -0.00182238570414, -0.000530349090695, 0.00113462493755, -0.000412184075685, 0.00221845274791, -0.0124175222591, 0.0219810269773, -0.00894872751087], [-0.000118097181257, -0.00234198267572, 0.00209951447323, -0.00136090931483, 0.0010307385819, -0.00131219194736, 0.00147784920409, -0.000416499708081, 0.000366887397831, 0.000261909328401, 0.00394210731611, -0.00894872751087, 0.0154169099405]], "cov": [[6527.53125, -964.235229492, -2324.30102539, 891.56048584, -70.3680114746, -4.49197292328, 178.868713379, -191.634307861, 218.09413147, -244.962677002, 115.143379211, -172.572219849, 150.11505127], [-964.235229492, 1106.29248047, 755.163330078, -293.347900391, 211.304718018, -14.8888893127, 28.555978775, 23.2318096161, 39.2534408569, 36.6247291565, 48.3616142273, 0.616418838501, 0.866661906242], [-2324.30102539, 755.163330078, 1822.86730957, -126.346130371, -12.3215456009, 76.9886474609, -26.6452484131, 55.5409545898, -72.7518005371, 92.6581573486, -74.3917999268, 92.6991119385, -78.0661010742], [891.56048584, -293.347900391, -126.346130371, 568.967651367, 15.6163778305, 52.8284339905, 55.1763572693, -29.770860672, 32.6934661865, -60.8738059998, -5.64728498459, -28.8236999512, 12.0265407562], [-70.3680114746, 211.304718018, -12.3215456009, 15.6163778305, 275.11126709, 56.8006210327, 44.8622131348, 43.0983657837, 22.2484207153, 14.2713594437, 19.5222969055, -4.05718660355, 9.80311489105], [-4.49197292328, -14.8888893127, 76.9886474609, 52.8284339905, 56.8006210327, 189.064193726, 66.8760986328, 18.7742938995, 8.97812461853, 3.5148537159, -5.59388875961, 32.047908783, 18.0327777863], [178.868713379, 28.555978775, -26.6452484131, 55.1763572693, 44.8622131348, 66.8760986328, 162.1065979, 64.0467681885, 32.4491157532, -1.83593070507, -2.02424716949, -9.31939411163, -2.54189825058], [-191.634307861, 23.2318096161, 55.5409545898, -29.770860672, 43.0983657837, 18.7742938995, 64.0467681885, 137.359725952, 51.6028289795, 33.104133606, 1.78042495251, 1.6433018446, -13.1344203949], [218.09413147, 39.2534408569, -72.7518005371, 32.6934661865, 22.2484207153, 8.97812461853, 32.4491157532, 51.6028289795, 110.582801819, 38.6916351318, 24.8758563995, -9.84138870239, 2.62526798248], [-244.962677002, 36.6247291565, 92.6581573486, -60.8738059998, 14.2713594437, 3.5148537159, -1.83593070507, 33.104133606, 38.6916351318, 109.160552979, 47.2417449951, 27.7341556549, -12.6461696625], [115.143379211, 48.3616142273, -74.3917999268, -5.64728498459, 19.5222969055, -5.59388875961, -2.02424716949, 1.78042495251, 24.8758563995, 47.2417449951, 95.0465698242, 34.5841140747, 10.698132515], [-172.572219849, 0.616418838501, 92.6991119385, -28.8236999512, -4.05718660355, 32.047908783, -9.31939411163, 1.6433018446, -9.84138870239, 27.7341556549, 34.5841140747, 97.1020278931, 34.8226661682], [150.11505127, 0.866661906242, -78.0661010742, 12.0265407562, 9.80311489105, 18.0327777863, -2.54189825058, -13.1344203949, 2.62526798248, -12.6461696625, 10.698132515, 34.8226661682, 96.2361602783]]}, "spectral_flux": {"min": 1.02032694793e-10, "max": 0.3160405159, "dvar2": 0.00104995490983, "median": 0.0394707769156, "dmean2": 0.0278513301164, "dmean": 0.0169330555946, "var": 0.00114101718646, "dvar": 0.000402376550483, "mean": 0.0487785227597}, "silence_rate_30dB": {"min": 0, "max": 1, "dvar2": 0.00356490141712, "median": 1, "dmean2": 0.00263975164853, "dmean": 0.00131982448511, "var": 0.00108602514956, "dvar": 0.00131820049137, "mean": 0.998913109303}, "spectral_energyband_middle_high": {"min": 1.60413100553e-21, "max": 0.134413257241, "dvar2": 2.8616437703e-05, "median": 0.000445114361355, "dmean2": 0.00187771010678, "dmean": 0.00130505091511, "var": 7.47556405258e-05, "dvar": 1.52710945258e-05, "mean": 0.00362921203487}, "barkbands_spread": {"min": 0.27409145236, "max": 71.1907577515, "dvar2": 32.6626777649, "median": 8.22846603394, "dmean2": 4.76385831833, "dmean": 2.9839951992, "var": 65.4627304077, "dvar": 14.0503559113, "mean": 10.7673377991}, "spectral_centroid": {"min": 161.198440552, "max": 11138.9013672, "dvar2": 127464.976563, "median": 606.659057617, "dmean2": 267.491394043, "dmean": 173.745666504, "var": 446779.90625, "dvar": 67032.6015625, "mean": 882.608825684}, "pitch_salience": {"min": 0.0728363245726, "max": 0.936125397682, "dvar2": 0.0133842676878, "median": 0.568581938744, "dmean2": 0.134066820145, "dmean": 0.0819639712572, "var": 0.0159302037209, "dvar": 0.00528114428744, "mean": 0.563519954681}, "erbbands_skewness": {"min": -6.57736968994, "max": 8.27993965149, "dvar2": 0.499334841967, "median": 0.79902946949, "dmean2": 0.690008819103, "dmean": 0.442198574543, "var": 1.14164841175, "dvar": 0.219383627176, "mean": 0.841914057732}, "erbbands_crest": {"min": 2.57189583778, "max": 34.136756897, "dvar2": 18.0590362549, "median": 10.1006088257, "dmean2": 4.48323440552, "dmean": 2.77118730545, "var": 29.3075561523, "dvar": 7.65383434296, "mean": 11.5059280396}, "melbands": {"min": [3.05533894695e-24, 3.11061305007e-24, 6.62720942071e-24, 5.21205527675e-24, 5.28185250636e-24, 2.40955954224e-23, 2.50537332561e-23, 7.67996954228e-24, 7.25848668264e-24, 6.24561610161e-24, 2.39800414992e-23, 2.40072351124e-23, 1.67749977763e-23, 9.9906756623e-24, 1.01068038762e-23, 1.1430365747e-23, 7.51542972353e-24, 8.48331156713e-24, 1.5443487343e-23, 1.02818812989e-23, 5.70047890065e-24, 7.16050621391e-24, 5.12903239964e-24, 7.42556742237e-24, 1.57604705874e-23, 1.43210613372e-23, 7.4504867495e-24, 1.23414377725e-23, 7.32689196718e-24, 6.80571207748e-24, 6.65003432214e-24, 1.0982575165e-23, 8.3898631043e-24, 8.20372585169e-24, 9.08380510996e-24, 9.84074633638e-24, 9.73024506735e-24, 1.03110470643e-23, 9.32301613542e-24, 1.04961351319e-23], "max": [0.0022610949818, 0.00743463262916, 0.0223036892712, 0.0487374849617, 0.0150096518919, 0.00612954935059, 0.00550618162379, 0.00560792116448, 0.0189097747207, 0.0144286332652, 0.00434525078163, 0.00586292613298, 0.00836117658764, 0.00737749505788, 0.0114215565845, 0.0092963911593, 0.00219226907939, 0.00202272320166, 0.00346617004834, 0.00377632770687, 0.0047586937435, 0.00150430668145, 0.00168606929947, 0.00122572202235, 0.000785310636275, 0.000855765480082, 0.000566106755286, 0.00039280342753, 0.0004449589469, 0.000261097738985, 0.000124127487652, 4.15299109591e-05, 2.15597701754e-05, 1.05427434391e-05, 8.32749537949e-06, 5.51029643248e-06, 3.28507144332e-06, 1.30357034323e-06, 5.84651729696e-07, 4.4204350047e-07], "dvar2": [3.59624934276e-08, 2.8905847671e-07, 1.19542744415e-06, 5.68173254578e-06, 2.61517413946e-07, 8.97224481378e-08, 6.98655640008e-08, 5.97295439775e-08, 1.90582554183e-07, 6.31602006251e-08, 2.92506925348e-08, 2.38763124827e-08, 3.13067296531e-08, 3.33040759415e-08, 2.14265725162e-08, 3.82818541311e-08, 9.68744462426e-09, 6.93164592391e-09, 7.72707586805e-09, 7.79877673551e-09, 6.00012528551e-09, 1.34945743469e-09, 2.02537631111e-09, 1.94347782312e-09, 7.18405890332e-10, 6.61630195076e-10, 2.36577202273e-10, 2.07253381124e-10, 9.35019422998e-11, 5.82726644716e-11, 1.04777774998e-11, 3.26495059287e-12, 6.05178613385e-13, 2.217042061e-13, 1.03452097962e-13, 3.74487191203e-14, 1.54787580052e-14, 4.1026574431e-15, 8.3704118779e-16, 2.53914060747e-16], "median": [4.30748987128e-05, 0.00010398667655, 0.000151778483996, 0.000177141846507, 0.000126823768369, 5.1390605222e-05, 4.21563308919e-05, 3.76311872969e-05, 2.14467399928e-05, 1.48737508425e-05, 7.28807071937e-06, 5.5012892517e-06, 4.35061792814e-06, 3.6642284158e-06, 3.05083563035e-06, 2.56061889559e-06, 1.53113569468e-06, 1.75885770659e-06, 1.5093401089e-06, 1.24747930386e-06, 1.17895353924e-06, 7.2263878792e-07, 7.3766125297e-07, 7.25302299998e-07, 3.45612448882e-07, 3.07321897708e-07, 2.48565356742e-07, 1.84520246194e-07, 1.55208283559e-07, 1.33121119461e-07, 9.9299271028e-08, 8.67824923034e-08, 6.22606179945e-08, 3.28136806615e-08, 2.53664964589e-08, 1.94810994003e-08, 1.0746727952e-08, 5.13364817323e-09, 2.21846052639e-09, 1.2292684648e-09], "dmean2": [0.000102585981949, 0.00027943024179, 0.000444324774435, 0.00085113797104, 0.000276190374279, 0.000140364150866, 0.000123006146168, 0.000107245061372, 0.00011676907161, 7.14820926078e-05, 5.06004180352e-05, 4.07196348533e-05, 3.5822744394e-05, 3.6070101487e-05, 2.99988714687e-05, 3.72087415599e-05, 2.56588500633e-05, 2.19698722503e-05, 2.08239816857e-05, 2.09267782338e-05, 1.50427422341e-05, 1.01461273516e-05, 1.18164125524e-05, 9.9763583421e-06, 6.37701032247e-06, 5.60953503737e-06, 3.65234109267e-06, 3.53355380867e-06, 2.25155713451e-06, 1.806637556e-06, 8.7031349949e-07, 5.56751956537e-07, 2.80281994947e-07, 1.6538083969e-07, 1.17889008777e-07, 7.46858788148e-08, 4.7405325887e-08, 2.39371171773e-08, 1.06727089388e-08, 5.77012881919e-09], "dmean": [6.49442808935e-05, 0.000183894109796, 0.000265640206635, 0.000483599578729, 0.00016452705313, 8.8567052444e-05, 7.82081551733e-05, 7.07863655407e-05, 8.74304314493e-05, 5.02113398397e-05, 3.45963744621e-05, 2.74061949312e-05, 2.4053717425e-05, 2.38130687649e-05, 2.03818726732e-05, 2.5577364795e-05, 1.72659711097e-05, 1.44490868479e-05, 1.38554996738e-05, 1.41583459481e-05, 1.00646620922e-05, 6.86496468916e-06, 8.01677742857e-06, 6.7076994128e-06, 4.36037862528e-06, 3.79153721042e-06, 2.53273810813e-06, 2.4362741442e-06, 1.56473799962e-06, 1.22583674056e-06, 5.75517447032e-07, 3.6833640138e-07, 1.81653021514e-07, 1.08160058687e-07, 7.78532225354e-08, 4.87685021255e-08, 3.05655412092e-08, 1.53105368383e-08, 6.75539268968e-09, 3.65163987937e-09], "var": [2.91650259499e-08, 2.94152016522e-07, 6.54200505323e-07, 2.376270686e-06, 2.21331347916e-07, 1.47903108427e-07, 9.73127853854e-08, 9.20779328339e-08, 3.55491607706e-07, 1.55996133344e-07, 6.43742339435e-08, 5.98873697299e-08, 5.72724800918e-08, 3.21160200656e-08, 2.69039031053e-08, 8.98549927797e-08, 2.17701003891e-08, 1.04513029342e-08, 1.64432076843e-08, 1.25036008214e-08, 8.39449576517e-09, 2.25167506862e-09, 4.58047244578e-09, 3.63800589653e-09, 1.77295556014e-09, 1.11320042073e-09, 4.96877261558e-10, 3.61890351019e-10, 2.08994571649e-10, 1.08926569153e-10, 1.57294281766e-11, 5.45646167138e-12, 8.47713446748e-13, 3.01443521837e-13, 1.71735184667e-13, 5.07937808025e-14, 2.02891936379e-14, 4.94249696305e-15, 8.12919754095e-16, 2.0760086676e-16], "dvar": [1.42800571368e-08, 1.37999165872e-07, 4.25101688961e-07, 1.86411512004e-06, 1.00258425562e-07, 3.94636963108e-08, 3.14884367469e-08, 2.91805122288e-08, 1.17871216787e-07, 3.61598786469e-08, 1.53809995851e-08, 1.36141542484e-08, 1.63849041002e-08, 1.48828656066e-08, 1.08119513342e-08, 2.11290824836e-08, 4.77804817933e-09, 3.15108228399e-09, 4.00208399753e-09, 3.65756203102e-09, 2.48713805107e-09, 6.53683385199e-10, 1.13962639325e-09, 1.06120434662e-09, 4.00168453929e-10, 3.4329572518e-10, 1.39589992343e-10, 1.12906586858e-10, 5.26582284721e-11, 3.26687565888e-11, 5.07779191958e-12, 1.6303798589e-12, 2.72285774656e-13, 9.99528490032e-14, 4.96728851627e-14, 1.72313403238e-14, 6.978140752e-15, 1.85402129033e-15, 3.5998932022e-16, 1.07461872261e-16], "mean": [0.000110624132503, 0.000282109162072, 0.000380433571991, 0.000605722481851, 0.000273967336398, 0.000192612860701, 0.000155641231686, 0.000138832925586, 0.000164340322954, 0.000106381980004, 7.70001788624e-05, 5.85248199059e-05, 4.72086430818e-05, 4.20828655479e-05, 3.73355469492e-05, 5.77819810132e-05, 3.8033718738e-05, 2.86143294943e-05, 2.86651156785e-05, 2.95430290862e-05, 2.14415413211e-05, 1.45293261085e-05, 1.79409416887e-05, 1.34826104841e-05, 9.58294185693e-06, 7.64319975133e-06, 5.36722563993e-06, 4.94063488077e-06, 3.19303126162e-06, 2.4874598239e-06, 1.08732194803e-06, 7.28282657292e-07, 3.47909434595e-07, 2.01065759597e-07, 1.4895826439e-07, 9.30088219775e-08, 5.48959917523e-08, 2.63148205448e-08, 1.0878297374e-08, 5.56842216781e-09]}, "spectral_entropy": {"min": 4.46108341217, "max": 9.8045425415, "dvar2": 0.114079125226, "median": 6.86032247543, "dmean2": 0.366964846849, "dmean": 0.239797383547, "var": 0.317298591137, "dvar": 0.0533812716603, "mean": 6.81731081009}, "spectral_rolloff": {"min": 86.1328125, "max": 19186.0839844, "dvar2": 364480, "median": 624.462890625, "dmean2": 373.299499512, "dmean": 225.613769531, "var": 841708.5, "dvar": 176285.125, "mean": 1009.66540527}, "barkbands": {"min": [3.2985758057e-23, 6.20308703249e-24, 6.97962987467e-24, 1.70259912283e-23, 1.92145611698e-23, 9.31691871394e-23, 1.0188757689e-22, 4.56941810224e-23, 3.60222414534e-23, 1.89036392171e-22, 1.27638325553e-22, 9.57639904704e-23, 1.10906724593e-22, 7.51387424759e-23, 1.86732236752e-22, 1.05537396484e-22, 1.18098599072e-22, 1.36157165049e-22, 4.46226882942e-22, 2.89939375987e-22, 2.66546078185e-22, 4.53150178682e-22, 5.49150133227e-22, 8.25266141799e-22, 1.35882792915e-21, 1.65582888504e-21, 2.2839038324e-21], "max": [4.61463059764e-05, 0.0122788753361, 0.0158804710954, 0.0504131764174, 0.191303670406, 0.0265501849353, 0.0351187214255, 0.0912747383118, 0.106298133731, 0.0311170555651, 0.0623208507895, 0.0512350946665, 0.133643954992, 0.0199641641229, 0.0306894779205, 0.0545913539827, 0.0278835389763, 0.0204074177891, 0.0130094736814, 0.0100382072851, 0.00790513679385, 0.00159537664149, 0.000411159737268, 0.000152195527335, 2.6777788662e-05, 1.97231875063e-05, 1.48016360981e-05], "dvar2": [2.95505252212e-11, 9.25552512854e-07, 1.50520065745e-06, 4.11870905737e-06, 8.05310119176e-05, 2.3626625989e-06, 1.84348391485e-06, 4.68053667646e-06, 2.5236718102e-06, 1.20603090181e-06, 1.86248212231e-06, 1.93942105398e-06, 3.79419793717e-06, 8.9918444246e-07, 1.13940200208e-06, 1.42977251016e-06, 4.97073585848e-07, 6.76360741636e-07, 3.28077931044e-07, 1.64517615531e-07, 6.38741468606e-08, 3.81691300788e-09, 2.87650236963e-10, 5.01446072165e-11, 1.91407631932e-12, 3.37027020875e-12, 9.61873592928e-13], "median": [8.42073177409e-07, 0.000199323374545, 0.000165182442288, 0.000216820219066, 0.000923539977521, 0.000326701701852, 0.000189982834854, 0.000125984006445, 9.70382097876e-05, 4.07483821618e-05, 2.8703645512e-05, 2.68386938842e-05, 2.52523459494e-05, 1.4895478671e-05, 2.15749569179e-05, 1.76548492163e-05, 1.33203739097e-05, 1.46564434544e-05, 8.71841075423e-06, 6.38599385638e-06, 5.4731194723e-06, 3.89674278267e-06, 1.5876685211e-06, 6.74139300827e-07, 1.2148991857e-07, 1.07775164793e-07, 1.79017156654e-08], "dmean2": [3.2334817206e-06, 0.000509817502461, 0.000596223806497, 0.000851194432471, 0.00341296615079, 0.000806706200819, 0.000614385819063, 0.000623196538072, 0.000474135595141, 0.000336077500833, 0.000272402947303, 0.000295173056656, 0.000366186723113, 0.000238059044932, 0.000293233431876, 0.000266195827862, 0.00020758107712, 0.000203299481655, 0.000150920430315, 0.000104440616269, 6.26410255791e-05, 2.01585207833e-05, 6.42514169158e-06, 2.72355896414e-06, 5.0756688097e-07, 6.05411003107e-07, 2.77704202745e-07], "dmean": [1.84153100236e-06, 0.000326025183313, 0.000384526618291, 0.000495780492201, 0.00196034670807, 0.000503439747263, 0.000387477630284, 0.000453190179542, 0.000332638417603, 0.000229169556405, 0.000184231510502, 0.000193831554498, 0.000251759542152, 0.000156286041602, 0.000194264197489, 0.000176606772584, 0.000141586511745, 0.000135726848384, 0.000103321304778, 7.23049233784e-05, 4.29127394455e-05, 1.3529485841e-05, 4.2746823965e-06, 1.77776098553e-06, 3.25495761899e-07, 3.72197433762e-07, 1.64417244264e-07], "var": [1.08757065853e-11, 8.0259275137e-07, 1.1447639281e-06, 1.86327065421e-06, 3.75161071133e-05, 3.51660833076e-06, 2.42041028287e-06, 8.27449548524e-06, 6.81308620187e-06, 2.80046356238e-06, 3.9215851757e-06, 1.84332213848e-06, 7.25654035705e-06, 1.68740859863e-06, 2.28503972721e-06, 2.2819563128e-06, 1.04810010271e-06, 1.3267807617e-06, 6.6268523824e-07, 3.18173476899e-07, 1.19434858448e-07, 6.89844492641e-09, 4.60825960724e-10, 7.60603316441e-11, 1.54894510846e-12, 1.36263103665e-12, 2.77191193176e-13], "dvar": [1.0345399884e-11, 3.87413194858e-07, 6.53489109936e-07, 1.45418175634e-06, 2.66492843366e-05, 9.92270770439e-07, 8.35454329717e-07, 2.82144219454e-06, 1.48429808178e-06, 6.54478981232e-07, 1.03238824067e-06, 8.67893788836e-07, 2.00021099772e-06, 4.13563327584e-07, 5.81466281346e-07, 6.07732715707e-07, 2.67048108071e-07, 3.71741037952e-07, 1.71547313244e-07, 9.21745595406e-08, 3.49320110615e-08, 1.89584259402e-09, 1.38191458277e-10, 2.38683153103e-11, 8.2339050942e-13, 1.35343385804e-12, 3.66142934114e-13], "mean": [2.0327272523e-06, 0.000528878474142, 0.000540364650078, 0.000615334371105, 0.00266408291645, 0.00105113547761, 0.000718950701412, 0.000836662307847, 0.000698768068105, 0.000497867469676, 0.000370020978153, 0.000330500915879, 0.000551735400222, 0.000323595595546, 0.000397441413952, 0.000369608984329, 0.000312364019919, 0.000272601115284, 0.000226366828429, 0.000153832224896, 8.93401957001e-05, 2.81596385321e-05, 8.48442687129e-06, 3.36769153364e-06, 5.15008764523e-07, 4.43073105316e-07, 1.40324090125e-07]}, "melbands_flatness_db": {"min": 0.00421454524621, "max": 0.560261189938, "dvar2": 0.00174186727963, "median": 0.26780962944, "dmean2": 0.0453053116798, "dmean": 0.0293843634427, "var": 0.00638237362728, "dvar": 0.000784449395724, "mean": 0.272437185049}, "melbands_skewness": {"min": -3.8501162529, "max": 11.6722574234, "dvar2": 1.4354377985, "median": 1.83828163147, "dmean2": 1.15639638901, "dmean": 0.739472031593, "var": 2.51892828941, "dvar": 0.618740022182, "mean": 2.06400537491}, "barkbands_skewness": {"min": -6.00329017639, "max": 13.2263345718, "dvar2": 1.25153529644, "median": 1.47633075714, "dmean2": 1.0471881628, "dmean": 0.667056918144, "var": 2.16430354118, "dvar": 0.525010585785, "mean": 1.61409604549}, "silence_rate_60dB": {"min": 0, "max": 1, "dvar2": 0.163293793797, "median": 0, "dmean2": 0.162849381566, "dmean": 0.0814409404993, "var": 0.189690992236, "dvar": 0.0747988298535, "mean": 0.254444539547}, "spectral_energyband_low": {"min": 2.5967627037e-23, "max": 0.0359144508839, "dvar2": 4.7700759751e-06, "median": 0.000652167829685, "dmean2": 0.0011806715047, "dmean": 0.000760919239838, "var": 4.00216913476e-06, "dvar": 2.0317745566e-06, "mean": 0.00128659838811}, "spectral_energyband_middle_low": {"min": 3.7222829691e-22, "max": 0.218911677599, "dvar2": 0.000104876031401, "median": 0.00409789849073, "dmean2": 0.00487511046231, "dmean": 0.00302281673066, "var": 8.54105819599e-05, "dvar": 3.71213609469e-05, "mean": 0.006800416857}, "melbands_kurtosis": {"min": -1.88341808319, "max": 273.267211914, "dvar2": 416.228973389, "median": 6.19108963013, "dmean2": 11.7797832489, "dmean": 7.27080965042, "var": 327.689697266, "dvar": 161.764419556, "mean": 12.280787468}, "spectral_decrease": {"min": -5.78139918161e-08, "max": 3.16814836383e-30, "dvar2": 8.4932597463e-18, "median": -1.6772059297e-09, "dmean2": 1.59715474179e-09, "dmean": 1.03561437204e-09, "var": 1.1474913328e-17, "dvar": 3.33026409452e-18, "mean": -2.83087264741e-09}, "erbbands_kurtosis": {"min": -1.88384342194, "max": 150.292312622, "dvar2": 26.0278263092, "median": 0.826524615288, "dmean2": 2.91221737862, "dmean": 1.82416510582, "var": 33.5153846741, "dvar": 11.9711732864, "mean": 2.61060070992}, "melbands_crest": {"min": 2.23919415474, "max": 34.1831512451, "dvar2": 27.3291797638, "median": 13.4745540619, "dmean2": 6.06670331955, "dmean": 3.63387131691, "var": 27.4522380829, "dvar": 10.2692394257, "mean": 14.2760190964}, "melbands_spread": {"min": 0.513865053654, "max": 206.549804688, "dvar2": 96.3948440552, "median": 9.48694992065, "dmean2": 7.11862611771, "dmean": 4.55039548874, "var": 218.78565979, "dvar": 45.4517669678, "mean": 15.4392166138}, "spectral_energy": {"min": 1.04106714308e-20, "max": 0.223175168037, "dvar2": 0.000135145790409, "median": 0.00663733668625, "dmean2": 0.0064104469493, "dmean": 0.00418321928009, "var": 0.000203070638236, "dvar": 5.48721400264e-05, "mean": 0.0115925418213}, "mfcc": {"mean": [-757.91418457, 163.762771606, -9.80599117279, 30.2131328583, -7.06470394135, 2.80615758896, -12.1097288132, -2.64696979523, -6.52564573288, -2.49351215363, -6.09504795074, -1.32332241535, -6.20431661606], "icov": [[0.000488519086502, -0.000107071755338, 0.000638018769678, -0.000566102273297, 0.000706048274878, -0.000796774751507, 0.000745654804632, -0.000805571209639, 0.000671989517286, -0.000805430230685, 0.000841755827423, -0.000595265300944, 0.000310469098622], [-0.000107071755338, 0.00139640213456, -0.000509010744281, 0.00074764341116, -0.00129264954012, 0.000752239255235, -0.000736557878554, 0.000802062393632, -0.00071945117088, 0.000755113491323, -0.00142172269989, 0.000953720824327, -0.000785236014053], [0.000638018769678, -0.000509010744281, 0.00206616846845, -0.0012165029766, 0.000928261433728, -0.00159983499907, 0.000983353005722, -0.000625805172604, 0.000140240968904, 0.000433337612776, -0.000634999654721, 0.000763906515203, 2.28723383771e-05], [-0.000566102273297, 0.00074764341116, -0.0012165029766, 0.00438968138769, -0.00191418209579, 0.000535406114068, -0.000655403186101, -0.000616057659499, 0.000808230834082, -0.00148380873725, 9.5559618785e-05, -0.000527563330252, 0.000382232916309], [0.000706048274878, -0.00129264954012, 0.000928261433728, -0.00191418209579, 0.00755902286619, -0.00256800977513, 0.000344503408996, -0.0005326649989, -0.000101324214484, -0.000721824471839, 0.00156190816779, -0.000426430022344, -0.0011664936319], [-0.000796774751507, 0.000752239255235, -0.00159983499907, 0.000535406114068, -0.00256800977513, 0.00909832865, -0.00337491557002, -0.000694143993314, -0.000440772622824, 0.000853815174196, 0.000568629708141, -0.000837797415443, 0.0010905531235], [0.000745654804632, -0.000736557878554, 0.000983353005722, -0.000655403186101, 0.000344503408996, -0.00337491557002, 0.0123747698963, -0.00472621619701, -8.5468585894e-05, -0.000790650723502, -0.000776365748607, 0.000524757895619, -0.000630152295344], [-0.000805571209639, 0.000802062393632, -0.000625805172604, -0.000616057659499, -0.0005326649989, -0.000694143993314, -0.00472621619701, 0.0155145311728, -0.00800003949553, 0.00362311559729, -0.00390528631397, 0.00295229977928, -0.00113013910595], [0.000671989517286, -0.00071945117088, 0.000140240968904, 0.000808230834082, -0.000101324214484, -0.000440772622824, -8.5468585894e-05, -0.00800003949553, 0.0173531677574, -0.00918303709477, 0.00514861941338, -0.0040779048577, 0.00226875650696], [-0.000805430230685, 0.000755113491323, 0.000433337612776, -0.00148380873725, -0.000721824471839, 0.000853815174196, -0.000790650723502, 0.00362311559729, -0.00918303709477, 0.0201585441828, -0.0111460555345, 0.0047296169214, -0.000495480722748], [0.000841755827423, -0.00142172269989, -0.000634999654721, 9.5559618785e-05, 0.00156190816779, 0.000568629708141, -0.000776365748607, -0.00390528631397, 0.00514861941338, -0.0111460555345, 0.0214024987072, -0.013661836274, 0.00507641537115], [-0.000595265300944, 0.000953720824327, 0.000763906515203, -0.000527563330252, -0.000426430022344, -0.000837797415443, 0.000524757895619, 0.00295229977928, -0.0040779048577, 0.0047296169214, -0.013661836274, 0.0241203699261, -0.0121523067355], [0.000310469098622, -0.000785236014053, 2.28723383771e-05, 0.000382232916309, -0.0011664936319, 0.0010905531235, -0.000630152295344, -0.00113013910595, 0.00226875650696, -0.000495480722748, 0.00507641537115, -0.0121523067355, 0.0161939542741]], "cov": [[7955.95117188, -1847.20996094, -2090.97631836, 622.90423584, -491.582397461, 243.024978638, -250.380249023, 188.693649292, -86.7455291748, 219.57598877, -234.845108032, 56.1763381958, -167.555435181], [-1847.20996094, 1488.51159668, 605.613647461, -234.667144775, 248.386322021, -72.1606140137, 101.072349548, -53.4391174316, 42.8824043274, -51.9226455688, 112.988891602, 8.61641597748, 98.6805267334], [-2090.97631836, 605.613647461, 1285.69226074, 16.4201755524, 137.789413452, 56.3957519531, 78.5819244385, 4.60610151291, 33.7045402527, -54.5591697693, 86.0236206055, -43.0940628052, 11.0607795715], [622.90423584, -234.667144775, 16.4201755524, 383.41305542, 24.6157245636, 67.7943725586, 8.52472400665, 55.9194946289, 7.94889974594, 51.9329414368, 1.58512794971, 7.60649108887, -25.2658214569], [-491.582397461, 248.386322021, 137.789413452, 24.6157245636, 223.888534546, 36.8718719482, 44.0972938538, 9.06217384338, 23.6777954102, -6.25031042099, 13.53211689, 7.81977653503, 34.8033256531], [243.024978638, -72.1606140137, 56.3957519531, 67.7943725586, 36.8718719482, 176.817596436, 45.9866333008, 50.3082771301, 20.0030345917, 7.50179052353, -8.30511760712, -2.47975921631, -15.6195220947], [-250.380249023, 101.072349548, 78.5819244385, 8.52472400665, 44.0972938538, 45.9866333008, 129.677978516, 50.9183082581, 36.2718162537, 10.7822980881, 25.5143814087, 3.20688390732, 7.72480344772], [188.693649292, -53.4391174316, 4.60610151291, 55.9194946289, 9.06217384338, 50.3082771301, 50.9183082581, 123.580696106, 56.8697052002, 24.3267269135, 13.0882120132, 0.387886226177, -10.6994428635], [-86.7455291748, 42.8824043274, 33.7045402527, 7.94889974594, 23.6777954102, 20.0030345917, 36.2718162537, 56.8697052002, 109.441940308, 44.7467384338, 18.9012527466, 5.95879077911, -6.17113542557], [219.57598877, -51.9226455688, -54.5591697693, 51.9329414368, -6.25031042099, 7.50179052353, 10.7822980881, 24.3267269135, 44.7467384338, 103.203041077, 46.2121505737, 13.7125320435, -14.0217866898], [-234.845108032, 112.988891602, 86.0236206055, 1.58512794971, 13.53211689, -8.30511760712, 25.5143814087, 13.0882120132, 18.9012527466, 46.2121505737, 118.95790863, 54.0666618347, 15.3108453751], [56.1763381958, 8.61641597748, -43.0940628052, 7.60649108887, 7.81977653503, -2.47975921631, 3.20688390732, 0.387886226177, 5.95879077911, 13.7125320435, 54.0666618347, 103.255348206, 60.2255210876], [-167.555435181, 98.6805267334, 11.0607795715, -25.2658214569, 34.8033256531, -15.6195220947, 7.72480344772, -10.6994428635, -6.17113542557, -14.0217866898, 15.3108453751, 60.2255210876, 114.272796631]]}, "spectral_contrast_valleys": {"min": [-27.9447288513, -26.6658763885, -27.2406005859, -27.221288681, -27.2366371155, -27.1758041382], "max": [-5.99367618561, -4.74689340591, -5.07493877411, -4.85297393799, -5.6194190979, -9.45026779175], "dvar2": [0.35417625308, 0.25467440486, 0.228159219027, 0.22957636416, 0.193339377642, 0.177554965019], "median": [-7.96286296844, -7.20725345612, -8.20269107819, -8.73363685608, -8.75115680695, -12.1639842987], "dmean2": [0.725265145302, 0.615126311779, 0.561624526978, 0.524074554443, 0.435572504997, 0.378954589367], "dmean": [0.444711565971, 0.373351991177, 0.343677669764, 0.326769173145, 0.289660185575, 0.264814794064], "var": [1.00146377087, 0.54403334856, 0.68065404892, 0.905668377876, 1.04817473888, 0.642804443836], "dvar": [0.145572111011, 0.103341408074, 0.0964825972915, 0.0981237217784, 0.09856967628, 0.0973355323076], "mean": [-8.17172145844, -7.23159217834, -8.22672748566, -8.76614952087, -8.83859443665, -12.1286077499]}, "barkbands_flatness_db": {"min": 0.043753374368, "max": 0.439136236906, "dvar2": 0.00133047311101, "median": 0.19936144352, "dmean2": 0.0398850701749, "dmean": 0.0256736744195, "var": 0.00312331831083, "dvar": 0.000579225365072, "mean": 0.205229103565}, "dynamic_complexity": 4.6835641861, "spectral_skewness": {"min": -0.318413645029, "max": 6.98139095306, "dvar2": 0.385059893131, "median": 1.8890171051, "dmean2": 0.667837202549, "dmean": 0.417556077242, "var": 1.10920333862, "dvar": 0.161637753248, "mean": 2.16724300385}, "erbbands_flatness_db": {"min": 0.0475602336228, "max": 0.469805240631, "dvar2": 0.000911064969841, "media