{"lowlevel": {"spectral_complexity": {"min": 0, "max": 59, "dvar2": 39.557056427, "median": 18, "dmean2": 5.8212594986, "dmean": 4.07570505142, "var": 118.249649048, "dvar": 22.6574172974, "mean": 20.6111717224}, "silence_rate_20dB": {"min": 1, "max": 1, "dvar2": 0, "median": 1, "dmean2": 0, "dmean": 0, "var": 0, "dvar": 0, "mean": 1}, "average_loudness": 0.940285861492, "erbbands_spread": {"min": 3.93638730049, "max": 130.316741943, "dvar2": 160.96975708, "median": 37.7177734375, "dmean2": 13.4593830109, "dmean": 9.77937316895, "var": 330.854705811, "dvar": 82.7368392944, "mean": 40.991973877}, "spectral_kurtosis": {"min": -1.18159520626, "max": 40.8856391907, "dvar2": 13.3125762939, "median": 9.01233100891, "dmean2": 3.32624912262, "dmean": 2.67289495468, "var": 31.4715461731, "dvar": 7.2969379425, "mean": 10.4741048813}, "barkbands_kurtosis": {"min": -1.83901035786, "max": 53.4535484314, "dvar2": 23.8289394379, "median": 4.48060464859, "dmean2": 4.42644882202, "dmean": 2.97811961174, "var": 32.6667251587, "dvar": 10.7399024963, "mean": 5.51923036575}, "spectral_strongpeak": {"min": 0, "max": 143.326477051, "dvar2": 494.752075195, "median": 0.484134346247, "dmean2": 7.61045980453, "dmean": 4.04210567474, "var": 164.512496948, "dvar": 180.918029785, "mean": 3.605052948}, "spectral_spread": {"min": 2180591.25, "max": 38967356, "dvar2": 444296036352, "median": 4549054, "dmean2": 650279.5625, "dmean": 497221.8125, "var": 1715639943170.0, "dvar": 299431591936, "mean": 4611149.5}, "spectral_rms": {"min": 3.23834080211e-12, "max": 0.0124593069777, "dvar2": 9.92187437987e-07, "median": 0.00531688099727, "dmean2": 0.00106394046452, "dmean": 0.000690031738486, "var": 2.87152374767e-06, "dvar": 4.25102399504e-07, "mean": 0.00519841210917}, "erbbands": {"min": [6.37379719502e-22, 2.42967462442e-21, 4.95281209544e-20, 1.46358326131e-19, 1.36839377211e-19, 5.56060017574e-20, 3.83168438654e-19, 5.35107997947e-19, 5.29378014446e-19, 6.5118397856e-19, 9.6542131127e-19, 3.53078032642e-18, 4.9349632568e-18, 6.43578693892e-18, 2.77496802994e-18, 4.51921070041e-18, 7.44503744892e-18, 5.68812692097e-18, 2.87080186699e-18, 2.62872456559e-18, 4.57700001954e-18, 5.82333538235e-18, 1.11296663382e-17, 2.69738303798e-17, 1.72083726416e-17, 1.10019132557e-17, 1.84283647835e-17, 2.42646170047e-17, 1.87309821931e-17, 1.23409904544e-17, 1.94833410105e-17, 1.79257516453e-17, 1.3995596525e-17, 1.28303223807e-17, 1.02902947378e-17, 6.71325971232e-18, 3.33529583419e-18, 1.40830001509e-18, 2.79093323615e-19, 2.84988956496e-20], "max": [1.8946005106, 15.403468132, 37.308883667, 44.3602752686, 197.155044556, 258.991882324, 365.472320557, 357.858520508, 432.39831543, 781.544189453, 543.05279541, 689.408508301, 429.726654053, 853.671386719, 351.280700684, 882.10546875, 570.372314453, 228.935028076, 337.615814209, 285.658813477, 396.157409668, 971.986999512, 683.374023438, 844.909790039, 662.646362305, 647.350646973, 882.940673828, 1055.71508789, 343.051300049, 749.645324707, 187.644882202, 35.3554267883, 14.4054937363, 2.74665355682, 0.392269432545, 0.86412602663, 1.67094826698, 4.79674386978, 1.11029100418, 0.0680140182376], "dvar2": [0.0267025008798, 2.88045024872, 24.6084213257, 18.6978740692, 497.474731445, 829.332824707, 463.530273438, 608.883117676, 829.04486084, 3175.79174805, 1728.60461426, 2303.81811523, 1085.39501953, 1221.22509766, 876.931274414, 853.053161621, 660.010253906, 574.824768066, 291.490570068, 478.520019531, 550.33190918, 1321.46643066, 2204.3815918, 1820.74267578, 2015.64050293, 3141.50048828, 2935.26708984, 1708.95397949, 699.315490723, 6956.99951172, 421.440032959, 6.89963293076, 0.431397914886, 0.103239879012, 0.00191873323638, 0.00732761388645, 0.0501885451376, 0.342632651329, 0.0082266703248, 2.76213613688e-05], "median": [0.0660915598273, 0.622767686844, 1.17122685909, 2.47339344025, 11.1827201843, 9.16237449646, 6.41144323349, 7.11016178131, 9.62777996063, 17.8396949768, 14.4549913406, 11.1743993759, 9.8496837616, 15.2151145935, 8.72522163391, 8.79984474182, 7.43464851379, 9.34633541107, 8.3106174469, 7.1869931221, 8.04966640472, 4.39973831177, 4.84779882431, 3.94070720673, 4.62685728073, 6.10627174377, 3.63712620735, 2.88980984688, 2.82688999176, 3.93148469925, 1.30799925327, 0.319578051567, 0.0829699337482, 0.0296638831496, 0.00964707415551, 0.016493787989, 0.0325850248337, 0.0549049787223, 0.0203970633447, 0.00979430601001], "dmean2": [0.122371025383, 1.29665720463, 3.01151514053, 3.47194743156, 17.930398941, 15.6448326111, 11.8899707794, 13.6213407516, 14.4753694534, 30.2858829498, 22.6704444885, 22.0435695648, 18.1784248352, 20.6009712219, 14.5183582306, 12.4864187241, 11.6122751236, 14.8508729935, 10.7165269852, 10.5403175354, 11.0620298386, 11.6720666885, 16.2239170074, 14.0645885468, 16.7464523315, 24.277015686, 17.3152656555, 14.3946008682, 12.3569955826, 27.875371933, 7.49019241333, 1.21263945103, 0.289435297251, 0.123088546097, 0.0288661830127, 0.0436962991953, 0.107648648322, 0.245269358158, 0.0460125878453, 0.00425397837535], "dmean": [0.0736383572221, 0.771322906017, 1.82891786098, 2.04250478745, 10.8268823624, 9.7225151062, 7.55214691162, 8.44114780426, 9.39660739899, 19.771440506, 13.9357624054, 13.4408168793, 11.1570272446, 13.1444854736, 8.83421325684, 7.93428850174, 7.48992347717, 9.42259597778, 6.63097715378, 6.6373758316, 7.09480571747, 7.94848442078, 11.6059951782, 10.1046762466, 11.8579807281, 17.239944458, 12.4724006653, 10.395690918, 8.62208461761, 18.5524177551, 5.18219518661, 0.868021011353, 0.203561335802, 0.0790040194988, 0.0179320592433, 0.0301728621125, 0.0773665681481, 0.170579954982, 0.0345864072442, 0.00302880257368], "var": [0.0132905067876, 1.55742204189, 15.9376516342, 13.6891403198, 333.286529541, 474.395507812, 393.900512695, 473.586639404, 775.422302246, 3545.45410156, 1188.85229492, 1440.05773926, 919.78314209, 1192.08496094, 738.473754883, 542.048400879, 720.412231445, 744.308776855, 358.295593262, 434.210418701, 538.623718262, 1194.02880859, 2634.16088867, 2376.26708984, 2383.43554688, 3070.01123047, 3477.71313477, 2199.95751953, 592.053100586, 2855.89624023, 203.913391113, 5.30753707886, 0.453406631947, 0.0430692173541, 0.00102198822424, 0.00550966477022, 0.0330995954573, 0.171001166105, 0.0100536616519, 9.08580477699e-05], "dvar": [0.00972502771765, 1.08637738228, 9.10768795013, 7.05087947845, 187.785125732, 323.367858887, 209.436187744, 253.675476074, 341.228546143, 1230.71142578, 622.918762207, 863.888366699, 433.378662109, 543.168518066, 327.108062744, 368.316162109, 279.608764648, 240.841033936, 125.271789551, 196.704803467, 249.4165802, 672.979553223, 1200.25817871, 969.749694824, 982.875732422, 1518.70617676, 1518.0802002, 903.02557373, 328.691101074, 2872.94189453, 182.313781738, 3.11103248596, 0.210517883301, 0.0420237481594, 0.000815052248072, 0.00336288125254, 0.0227562915534, 0.146541431546, 0.00426371535286, 1.46611700984e-05], "mean": [0.10229164362, 1.03797566891, 2.72950387001, 3.48728013039, 16.8681411743, 15.6997776031, 12.6808004379, 13.7337694168, 18.2768115997, 36.6478614807, 26.2993545532, 22.5749607086, 19.3681163788, 24.2401371002, 16.8577880859, 14.5349330902, 15.3281288147, 19.8972663879, 13.595995903, 13.2354383469, 14.1755151749, 13.3584394455, 19.137216568, 17.2872905731, 18.9153938293, 25.0589599609, 19.1176586151, 14.908993721, 11.23179245, 19.5592098236, 5.78313207626, 1.14466035366, 0.287136286497, 0.089767575264, 0.0208783261478, 0.0417835079134, 0.100705429912, 0.19899995625, 0.0572467669845, 0.0127290273085]}, "zerocrossingrate": {"min": 0.0283203125, "max": 0.64453125, "dvar2": 0.00110621424392, "median": 0.275390625, "dmean2": 0.0421302095056, "dmean": 0.0325118005276, "var": 0.00880129914731, "dvar": 0.000687678693794, "mean": 0.285217106342}, "spectral_contrast_coeffs": {"min": [-0.95829808712, -0.9727653265, -0.963972270489, -0.960175335407, -0.970121622086, -0.956363797188], "max": [-0.37241601944, -0.53991663456, -0.536096572876, -0.659027397633, -0.684514462948, -0.453329324722], "dvar2": [0.00539329322055, 0.00373318511993, 0.00217820331454, 0.00116043095477, 0.000678837997839, 0.00200108927675], "median": [-0.641569018364, -0.768718183041, -0.801632523537, -0.802995860577, -0.818896770477, -0.678126573563], "dmean2": [0.0953208506107, 0.0769084841013, 0.0585897602141, 0.0442348308861, 0.0318925119936, 0.0533439926803], "dmean": [0.0571992658079, 0.0464661866426, 0.0351503901184, 0.0267084594816, 0.0201768428087, 0.0370624773204], "var": [0.00574504537508, 0.00342673668638, 0.00234928471036, 0.00137715158053, 0.00103171041701, 0.00482133962214], "dvar": [0.00194664380979, 0.00134653411806, 0.000784050440416, 0.000434044137364, 0.000289986055577, 0.000973323592916], "mean": [-0.642395079136, -0.764696776867, -0.797838509083, -0.801708221436, -0.815856575966, -0.685568034649]}, "dissonance": {"min": 0.330617636442, "max": 0.500000059605, "dvar2": 0.000615332624875, "median": 0.473895013332, "dmean2": 0.0261665079743, "dmean": 0.0157120432705, "var": 0.000453696062323, "dvar": 0.000228867254918, "mean": 0.469653189182}, "spectral_energyband_high": {"min": 7.58360962734e-21, "max": 0.0396468490362, "dvar2": 1.26231088871e-05, "median": 0.00060778070474, "dmean2": 0.00167892035097, "dmean": 0.00125107064378, "var": 1.30336784423e-05, "dvar": 6.21021490588e-06, "mean": 0.00189806765411}, "gfcc": {"mean": [9.42385101318, 77.8676147461, -87.2448806763, 9.64942550659, -31.9147930145, -21.0805397034, -0.044288251549, -23.2735862732, 0.392884284258, -10.5338888168, -11.6171321869, -1.73602867126, -14.2441167831], "icov": [[0.000141961223562, -0.000409054424381, 0.000441902579041, -0.000643027422484, 0.000656126358081, -8.94228869583e-05, -0.000189674727153, 0.000135266367579, 4.2076488171e-05, 3.63383842341e-05, 0.000112391797302, -0.000276910432149, 0.000124542901176], [-0.000409054424381, 0.00453736586496, -0.00399153586477, 0.00461513921618, -0.0046673733741, 0.000924068503082, 0.000144328863826, 0.00336571596563, -0.00360476993956, 0.0039223190397, -0.00455766217783, 0.00563317770138, -0.00261815683916], [0.000441902579041, -0.00399153586477, 0.0114635974169, -0.00522615015507, 0.00787426438183, -0.00451680412516, 0.000781287904829, -0.00219285488129, 0.00234098336659, -0.00357584259473, 0.00560958916321, -0.0047067948617, -0.000176727815415], [-0.000643027422484, 0.00461513921618, -0.00522615015507, 0.0117972735316, -0.0102772861719, 0.00498398859054, -0.00104518700391, 0.000251565768849, 0.00276446482167, -0.00279582897201, 0.00567771773785, -0.00621154718101, 0.0051573747769], [0.000656126358081, -0.0046673733741, 0.00787426438183, -0.0102772861719, 0.0198094267398, -0.00845910701901, -0.00122382352129, 0.00196436024271, -0.00225306907669, 0.00674386089668, -0.0105139631778, 0.010749774985, -0.00824781414121], [-8.94228869583e-05, 0.000924068503082, -0.00451680412516, 0.00498398859054, -0.00845910701901, 0.0129378996789, -0.00138378806878, -0.00363707961515, 0.00786402728409, -0.00913711171597, 0.0103287743405, -0.0115155894309, 0.00825459044427], [-0.000189674727153, 0.000144328863826, 0.000781287904829, -0.00104518700391, -0.00122382352129, -0.00138378806878, 0.0122644407675, 0.000280293141259, -0.00609142612666, 0.00432628346607, -0.00123256503139, -0.00257352786139, 0.00114753039088], [0.000135266367579, 0.00336571596563, -0.00219285488129, 0.000251565768849, 0.00196436024271, -0.00363707961515, 0.000280293141259, 0.0147749446332, -0.00935869757086, 0.00580113986507, -0.0088013689965, 0.0132604278624, -0.0101493233815], [4.2076488171e-05, -0.00360476993956, 0.00234098336659, 0.00276446482167, -0.00225306907669, 0.00786402728409, -0.00609142612666, -0.00935869757086, 0.0262042321265, -0.019260764122, 0.0177514180541, -0.0182294230908, 0.0125027587637], [3.63383842341e-05, 0.0039223190397, -0.00357584259473, -0.00279582897201, 0.00674386089668, -0.00913711171597, 0.00432628346607, 0.00580113986507, -0.019260764122, 0.0431840084493, -0.0357892177999, 0.0250666644424, -0.0109209315851], [0.000112391797302, -0.00455766217783, 0.00560958916321, 0.00567771773785, -0.0105139631778, 0.0103287743405, -0.00123256503139, -0.0088013689965, 0.0177514180541, -0.0357892177999, 0.0576955601573, -0.0373390503228, 0.015745120123], [-0.000276910432149, 0.00563317770138, -0.0047067948617, -0.00621154718101, 0.010749774985, -0.0115155894309, -0.00257352786139, 0.0132604278624, -0.0182294230908, 0.0250666644424, -0.0373390503228, 0.0519409589469, -0.0220335293561], [0.000124542901176, -0.00261815683916, -0.000176727815415, 0.0051573747769, -0.00824781414121, 0.00825459044427, 0.00114753039088, -0.0101493233815, 0.0125027587637, -0.0109209315851, 0.015745120123, -0.0220335293561, 0.0297247283161]], "cov": [[15531.1630859, 778.312805176, -262.472412109, 773.770935059, -20.6706676483, -351.947235107, 499.530181885, -690.912475586, 106.419975281, -258.718048096, -33.0077705383, 227.186920166, -249.453460693], [778.312805176, 1249.99121094, -57.131980896, -401.849853516, 185.03364563, -103.935470581, -17.9576587677, -114.591125488, 46.9614486694, -32.3359031677, 41.7454185486, -125.229263306, 71.4210281372], [-262.472412109, -57.131980896, 205.689987183, 31.1809749603, -73.012260437, 75.4222640991, -20.3546638489, 25.7876758575, -12.3805589676, 10.6947975159, -23.9683952332, 24.9071941376, 0.562772929668], [773.770935059, -401.849853516, 31.1809749603, 380.591949463, 11.8203849792, 20.2746868134, 63.1205482483, -40.8167572021, -30.1613864899, -24.8820953369, -24.6034107208, 73.1454544067, -52.4135856628], [-20.6706676483, 185.03364563, -73.012260437, 11.8203849792, 175.403411865, 11.9789018631, 13.3777256012, -29.079240799, -18.2384052277, -15.9263486862, 18.497926712, -27.7750453949, 20.2306079865], [-351.947235107, -103.935470581, 75.4222640991, 20.2746868134, 11.9789018631, 175.445632935, -2.79728651047, 23.6354732513, -31.0000896454, 14.957818985, -7.10249853134, 21.5970020294, -9.66306877136], [499.530181885, -17.9576587677, -20.3546638489, 63.1205482483, 13.3777256012, -2.79728651047, 129.172851562, -22.6731796265, 35.066116333, -16.0704460144, 0.331192314625, 30.3811721802, -21.2960700989], [-690.912475586, -114.591125488, 25.7876758575, -40.8167572021, -29.079240799, 23.6354732513, -22.6731796265, 151.490249634, 23.4546661377, 28.0241756439, -1.44955229759, -17.5689735413, 26.1807193756], [106.419975281, 46.9614486694, -12.3805589676, -30.1613864899, -18.2384052277, -31.0000896454, 35.066116333, 23.4546661377, 95.6774978638, 24.3656806946, 6.09764194489, 4.43241453171, -12.1832332611], [-258.718048096, -32.3359031677, 10.6947975159, -24.8820953369, -15.9263486862, 14.957818985, -16.0704460144, 28.0241756439, 24.3656806946, 65.889793396, 28.5236530304, -3.86726975441, 0.216609954834], [-33.0077705383, 41.7454185486, -23.9683952332, -24.6034107208, 18.497926712, -7.10249853134, 0.331192314625, -1.44955229759, 6.09764194489, 28.5236530304, 53.4347076416, 13.8156299591, 4.39036655426], [227.186920166, -125.229263306, 24.9071941376, 73.1454544067, -27.7750453949, 21.5970020294, 30.3811721802, -17.5689735413, 4.43241453171, -3.86726975441, 13.8156299591, 74.6447906494, -0.673769950867], [-249.453460693, 71.4210281372, 0.562772929668, -52.4135856628, 20.2306079865, -9.66306877136, -21.2960700989, 26.1807193756, -12.1832332611, 0.216609954834, 4.39036655426, -0.673769950867, 70.5126647949]]}, "spectral_flux": {"min": 1.03677490204e-10, "max": 0.281483560801, "dvar2": 0.000696731323842, "median": 0.088128708303, "dmean2": 0.0274796560407, "dmean": 0.0176116973162, "var": 0.00132519972976, "dvar": 0.00030493689701, "mean": 0.0898354053497}, "silence_rate_30dB": {"min": 0, "max": 1, "dvar2": 0.00290749710985, "median": 1, "dmean2": 0.00218420103192, "dmean": 0.00109190167859, "var": 0.000727272359654, "dvar": 0.00109070946928, "mean": 0.999272227287}, "spectral_energyband_middle_high": {"min": 1.72387024595e-21, "max": 0.035777118057, "dvar2": 7.20617754268e-06, "median": 0.00255573564209, "dmean2": 0.00183663505595, "dmean": 0.00129880860914, "var": 1.45179983519e-05, "dvar": 3.98328165829e-06, "mean": 0.00376229174435}, "barkbands_spread": {"min": 3.20782566071, "max": 124.917800903, "dvar2": 177.995285034, "median": 24.7014884949, "dmean2": 12.719669342, "dmean": 9.05103588104, "var": 334.185180664, "dvar": 92.2263641357, "mean": 30.130563736}, "spectral_centroid": {"min": 264.410888672, "max": 11458.734375, "dvar2": 236945.6875, "median": 983.223144531, "dmean2": 437.813659668, "dmean": 325.714447021, "var": 716856.75, "dvar": 148877.140625, "mean": 1301.41796875}, "pitch_salience": {"min": 0.325308263302, "max": 0.831055879593, "dvar2": 0.00772341433913, "median": 0.622148036957, "dmean2": 0.103702142835, "dmean": 0.0628768205643, "var": 0.00628744158894, "dvar": 0.00286699901335, "mean": 0.617837309837}, "erbbands_skewness": {"min": -3.43423914909, "max": 4.61666870117, "dvar2": 0.22268883884, "median": 0.464229226112, "dmean2": 0.526048004627, "dmean": 0.375026196241, "var": 0.807273745537, "dvar": 0.122718609869, "mean": 0.335714071989}, "erbbands_crest": {"min": 2.52032184601, "max": 28.652256012, "dvar2": 11.6171340942, "median": 7.18724012375, "dmean2": 3.8239607811, "dmean": 2.35324120522, "var": 13.4797315598, "dvar": 4.62613105774, "mean": 8.11162662506}, "melbands": {"min": [4.36478947669e-24, 1.81575774869e-23, 2.68987116749e-23, 5.77516627901e-24, 1.00621606598e-23, 1.23927847288e-23, 7.83147816773e-24, 7.8410857047e-24, 8.07192218278e-24, 2.25886486346e-23, 2.59621870522e-23, 2.88680555931e-23, 8.7443046199e-24, 8.37606750479e-24, 1.76367147193e-23, 1.61284568447e-23, 9.58955882466e-24, 4.08430288209e-24, 4.47662352621e-24, 2.9685944213e-24, 6.34417598868e-24, 6.32494119323e-24, 6.65505068864e-24, 1.15032643832e-23, 2.43523743802e-23, 1.52728914391e-23, 8.64664285098e-24, 6.45701662471e-24, 1.05162984166e-23, 1.33857689153e-23, 1.38374754028e-23, 1.04995382778e-23, 7.81275455415e-24, 7.09758824583e-24, 1.05111818648e-23, 1.18573666887e-23, 1.07571581614e-23, 9.65423358597e-24, 9.52940186975e-24, 1.17288446811e-23], "max": [0.0171895157546, 0.0180190578103, 0.0093188835308, 0.0156325027347, 0.0104105770588, 0.00695465086028, 0.00563109479845, 0.00735160475597, 0.00438842177391, 0.00411218265072, 0.00214782753028, 0.00374617357738, 0.00154785311315, 0.00191574019846, 0.00114343070891, 0.00100451917388, 0.000484553980641, 0.000502468028571, 0.000510021462105, 0.000492702296469, 0.00047576270299, 0.000953010690864, 0.000996289309114, 0.00055759731913, 0.000764164724387, 0.0006445387844, 0.000485763390316, 0.000582717126235, 0.000673717702739, 0.000682360318024, 0.000560509448405, 0.000251205085078, 9.52986883931e-05, 0.000607798167039, 0.000114748319902, 2.05200740311e-05, 3.27657580783e-05, 1.46125348692e-05, 3.46274282492e-06, 1.60494289503e-06], "dvar2": [2.74569765679e-06, 5.36975085197e-06, 1.09092127332e-06, 4.17845058109e-06, 4.24595754112e-07, 2.90879285103e-07, 1.96905688199e-07, 2.7942695624e-07, 1.07505002234e-07, 9.28569718894e-08, 2.73006595108e-08, 2.34138877175e-08, 1.72401239951e-08, 4.51000303769e-09, 3.83693210537e-09, 3.91245569276e-09, 2.18903961624e-09, 7.96748889087e-10, 9.87563142374e-10, 1.12378173434e-09, 8.81112571793e-10, 1.3751262351e-09, 2.39171504823e-09, 1.96418858955e-09, 1.42066214348e-09, 1.33650390755e-09, 1.45862832923e-09, 1.61152957645e-09, 1.28385779785e-09, 1.70164005109e-09, 5.10997022474e-10, 3.07347480799e-10, 1.91973298369e-10, 4.60116389434e-09, 1.49399007054e-10, 5.98183872227e-12, 1.89532612695e-12, 2.8283996781e-13, 1.44735758751e-13, 3.83117440496e-14], "median": [0.000706535531208, 0.00079924124293, 0.000705912942067, 0.000896714220289, 0.000225841882639, 0.000165796052897, 0.000165098099387, 0.000177120557055, 0.000107072526589, 6.20141508989e-05, 4.57063360955e-05, 6.07763868175e-05, 2.76784012385e-05, 2.52374320553e-05, 1.49835141201e-05, 1.54811405082e-05, 1.71692372533e-05, 1.20997865451e-05, 9.18886235013e-06, 1.20615040942e-05, 7.8059219959e-06, 4.06569324696e-06, 4.49935214419e-06, 4.02105797548e-06, 2.88944238491e-06, 3.2916273085e-06, 3.46555543729e-06, 4.05743958254e-06, 2.23586380343e-06, 1.82045550901e-06, 1.58401758199e-06, 1.61778177699e-06, 1.31977151341e-06, 2.45221986006e-06, 7.53802339659e-07, 2.91911987915e-07, 1.32646164275e-07, 5.7175334689e-08, 3.54799816193e-08, 1.73562728634e-08], "dmean2": [0.00126263254788, 0.00158994062804, 0.000885122921318, 0.00140939478297, 0.000396127259592, 0.00030546693597, 0.000238749707933, 0.000288473733235, 0.000183021955309, 0.000138679315569, 9.13672702154e-05, 8.81815867615e-05, 6.01796709816e-05, 3.44054533343e-05, 2.55534796452e-05, 3.07872105623e-05, 2.94283236144e-05, 1.74002798303e-05, 1.58619568538e-05, 1.6132962628e-05, 1.30272883325e-05, 1.20380955195e-05, 1.5180770788e-05, 1.54451772687e-05, 1.19061060104e-05, 1.2587582205e-05, 1.57812883117e-05, 1.67133966897e-05, 1.09072316263e-05, 1.19057440315e-05, 7.98286600912e-06, 7.77928198659e-06, 6.50449646855e-06, 2.09463341889e-05, 4.4854728003e-06, 1.2000056131e-06, 5.48695027192e-07, 2.17669679614e-07, 1.51154182504e-07, 7.72661650217e-08], "dmean": [0.000757415604312, 0.000960987992585, 0.00051741610514, 0.000870613032021, 0.000253687845543, 0.000190382503206, 0.000156193404109, 0.000186779114301, 0.00011329530389, 8.4604784206e-05, 5.59520522074e-05, 5.62984132557e-05, 3.64195293514e-05, 2.15209383896e-05, 1.64494631463e-05, 1.94380008907e-05, 1.84708296729e-05, 1.0694865523e-05, 9.81686662271e-06, 9.97023380478e-06, 8.27662915981e-06, 8.05973468232e-06, 1.04652044683e-05, 1.07048108475e-05, 8.32294244901e-06, 8.66231584951e-06, 1.08499289126e-05, 1.17022882478e-05, 7.74178079155e-06, 8.15971179691e-06, 5.63995354241e-06, 5.29874296262e-06, 4.40930762124e-06, 1.37445495056e-05, 3.07510163111e-06, 8.38329981434e-07, 3.77966728138e-07, 1.49539843619e-07, 9.92791484578e-08, 4.81051465329e-08], "var": [1.39184669479e-06, 3.40160954693e-06, 7.18670264632e-07, 2.65769403995e-06, 3.9608008251e-07, 2.32043205983e-07, 1.94921554453e-07, 3.06211433099e-07, 7.82718103665e-08, 5.7951414334e-08, 2.28291163751e-08, 2.18498019677e-08, 1.3597590609e-08, 2.77691758477e-09, 3.21227466848e-09, 4.31811919555e-09, 2.54926990628e-09, 9.45684197617e-10, 9.66442259553e-10, 8.3030071707e-10, 7.57197526902e-10, 1.1346351636e-09, 2.16673035069e-09, 2.15528794811e-09, 1.55742307939e-09, 1.42734668529e-09, 1.25940058382e-09, 1.44099487898e-09, 1.34662880846e-09, 1.41420497535e-09, 6.06104166856e-10, 2.48782661139e-10, 1.03489709857e-10, 1.77391945577e-09, 7.12023009997e-11, 3.91188297033e-12, 1.51928263806e-12, 3.15669636698e-13, 7.21696194559e-14, 1.43730547483e-14], "dvar": [1.01209536751e-06, 1.99158034775e-06, 3.93618449834e-07, 1.60862919074e-06, 1.88693903169e-07, 1.20236094858e-07, 7.91773473452e-08, 1.06613683215e-07, 3.93970331913e-08, 3.48769901848e-08, 1.09124602687e-08, 1.04416661983e-08, 6.3898650815e-09, 1.90442195347e-09, 1.68562819258e-09, 1.61858249026e-09, 9.05442498755e-10, 3.39376138303e-10, 4.1069325718e-10, 4.6507528384e-10, 3.87991916373e-10, 6.75235978242e-10, 1.21162746503e-09, 1.00272801173e-09, 7.09949821154e-10, 6.26715457308e-10, 6.6133387655e-10, 7.56318230266e-10, 6.43352815466e-10, 7.5251344045e-10, 2.64411409434e-10, 1.4173824614e-10, 8.3384243954e-11, 1.87541471242e-09, 6.42452202548e-11, 2.65596897774e-12, 8.49532304312e-13, 1.41965920356e-13, 6.07140206166e-14, 1.53311438794e-14], "mean": [0.00107700901572, 0.00146062253043, 0.000927021144889, 0.00139104307164, 0.000443921802798, 0.000321219034959, 0.000310179864755, 0.000353454204742, 0.000205630683922, 0.000136295391712, 9.3687165645e-05, 9.94406073005e-05, 6.23982705292e-05, 3.87195468647e-05, 2.94297587971e-05, 3.81904792448e-05, 3.6387842556e-05, 2.08719266084e-05, 1.80884053407e-05, 1.91537892533e-05, 1.51488011397e-05, 1.25975038827e-05, 1.64314533322e-05, 1.71005704033e-05, 1.34014535433e-05, 1.35941763801e-05, 1.52236316353e-05, 1.66603895195e-05, 1.16389674076e-05, 1.0988048416e-05, 7.83031646279e-06, 6.76618810758e-06, 5.14504836246e-06, 1.39772610055e-05, 3.39330631505e-06, 1.05572996745e-06, 5.05234993398e-07, 2.09916137806e-07, 1.19226356787e-07, 5.07288859808e-08]}, "spectral_entropy": {"min": 6.41178798676, "max": 9.80059242249, "dvar2": 0.0412472337484, "median": 7.67311000824, "dmean2": 0.225076138973, "dmean": 0.168522179127, "var": 0.119349747896, "dvar": 0.0232400726527, "mean": 7.65143251419}, "spectral_rolloff": {"min": 129.19921875, "max": 22028.4667969, "dvar2": 99088568, "median": 21188.671875, "dmean2": 6280.95019531, "dmean": 3390.2980957, "var": 84071064, "dvar": 38242292, "mean": 13847.2246094}, "barkbands": {"min": [7.47083462769e-24, 1.14229607097e-23, 6.0631306439e-23, 5.80494972248e-23, 2.22200486435e-23, 7.30169906308e-23, 3.03210174736e-23, 4.36954788567e-23, 1.31538630574e-22, 2.1927622008e-22, 7.78692109499e-23, 1.08790759832e-22, 1.63713767786e-22, 7.7958143973e-23, 5.87500246413e-23, 5.07244535588e-23, 1.26971479342e-22, 2.15561000761e-22, 5.24808384803e-22, 2.07515780731e-22, 5.58898686967e-22, 4.4982792569e-22, 6.1277160115e-22, 8.68405549449e-22, 1.32611541989e-21, 1.78416072662e-21, 2.11126178737e-21], "max": [0.00936730019748, 0.0656789466739, 0.0405027493834, 0.0181004125625, 0.0567315071821, 0.0371628850698, 0.0390485860407, 0.01929169707, 0.0227039922029, 0.022240685299, 0.00959836971015, 0.0179804228246, 0.0121136382222, 0.00549176987261, 0.00796374958009, 0.0067215738818, 0.0155893703923, 0.0107289068401, 0.01832286641, 0.014856453985, 0.0244131218642, 0.00838335882872, 0.0173273831606, 0.00134813715704, 0.000132431261591, 0.00193312787451, 0.00467391358688], "dvar2": [3.23032168126e-07, 4.54670553154e-05, 1.8823577193e-05, 3.46213050761e-06, 5.81636813877e-05, 8.16374813439e-06, 7.91167258285e-06, 3.01799877889e-06, 3.25712176164e-06, 1.33921707857e-06, 7.49222408558e-07, 3.90528811067e-07, 3.79204067258e-07, 1.79164871383e-07, 1.53452361928e-07, 2.03553867095e-07, 4.01512295412e-07, 7.59891236157e-07, 7.90721003341e-07, 1.30031048684e-06, 1.51121969338e-06, 5.15512795118e-07, 3.42242606166e-06, 4.66395144727e-09, 2.8357968751e-10, 4.25611546007e-08, 2.3049290121e-07], "median": [0.000175772933289, 0.0027378834784, 0.000918182486203, 0.000774405081756, 0.00402226997539, 0.00086442893371, 0.00105384679046, 0.000581219908781, 0.000431833323091, 0.00044426182285, 0.000180070666829, 0.000206321448786, 0.000137108901981, 0.000162976270076, 0.000148381426698, 0.000160926167155, 6.88270738465e-05, 8.83282118593e-05, 8.1467529526e-05, 0.000120420794701, 7.56030349294e-05, 8.1989550381e-05, 7.79456313467e-05, 7.88363831816e-06, 1.89206718915e-06, 1.93880514416e-05, 0.000309197290335], "dmean2": [0.00038142313133, 0.00518759479746, 0.0025423753541, 0.00150364742149, 0.00549860065803, 0.00165245484095, 0.00156919681467, 0.000971979752649, 0.000905451190192, 0.00067574577406, 0.000421127158916, 0.000299026316497, 0.000278453342617, 0.000269136915449, 0.000222547299927, 0.000218244094867, 0.000207609686186, 0.000301978987409, 0.00029447110137, 0.000475559965707, 0.000406471750466, 0.0003433492966, 0.000588030496147, 2.8894366551e-05, 7.35211006031e-06, 7.98925320851e-05, 0.000294462020975], "dmean": [0.000227881886531, 0.00309515511617, 0.00154647510499, 0.000864282657858, 0.00339912506752, 0.00102182605769, 0.00104714545887, 0.000588462280575, 0.00055512675317, 0.000423769961344, 0.000254668411799, 0.00018777011428, 0.000179188267794, 0.000168807018781, 0.000136617629323, 0.000138132731081, 0.000139431867865, 0.00021446980827, 0.000207289878745, 0.000339918828104, 0.000289477175102, 0.00023922289256, 0.000390349741792, 2.03409526875e-05, 4.59550801679e-06, 5.55232181796e-05, 0.000216906279093], "var": [1.49342028521e-07, 2.43733757088e-05, 1.26574623209e-05, 1.92850620806e-06, 3.99054733862e-05, 6.21136223344e-06, 8.7294010882e-06, 2.0824747935e-06, 2.46572881224e-06, 1.05954393348e-06, 5.88941873048e-07, 2.41693641101e-07, 4.19239569283e-07, 2.15371940726e-07, 1.57399639988e-07, 1.8064224605e-07, 3.31578661417e-07, 9.17425609259e-07, 9.41421660627e-07, 1.32369245875e-06, 1.88503736354e-06, 3.88084657743e-07, 1.38670247907e-06, 4.25183399599e-09, 1.15853847349e-10, 2.1072708023e-08, 2.81294376236e-07], "dvar": [1.22653460721e-07, 1.70797811734e-05, 7.05005641066e-06, 1.29661964365e-06, 2.25506792049e-05, 3.44002455677e-06, 3.12835618388e-06, 1.07454661702e-06, 1.25818064589e-06, 5.61393335374e-07, 2.77804332427e-07, 1.66262566381e-07, 1.60918347092e-07, 7.48689217289e-08, 6.38645545337e-08, 8.93917757594e-08, 1.95123377011e-07, 4.06903183148e-07, 3.95760480387e-07, 6.35166259144e-07, 7.84137682786e-07, 2.35944966676e-07, 1.41409896059e-06, 2.15724904606e-09, 1.15019355151e-10, 1.82810833138e-08, 1.16482297585e-07], "mean": [0.000296390702715, 0.00431720819324, 0.00225482368842, 0.00118310144171, 0.00587407080457, 0.00169190659653, 0.00201418669894, 0.00109024345875, 0.000937697477639, 0.000727301288862, 0.000414905196521, 0.000332154420903, 0.000339027988957, 0.000338022771757, 0.000255389342783, 0.000266844319412, 0.000219541005208, 0.000355678057531, 0.000344860134646, 0.000501429836731, 0.000423766410677, 0.000304226065055, 0.000407873332733, 2.81516367977e-05, 5.06138030687e-06, 6.64346080157e-05, 0.00049227825366]}, "melbands_flatness_db": {"min": 0.00998719688505, "max": 0.407488524914, "dvar2": 0.0011794641614, "median": 0.202463924885, "dmean2": 0.0415409654379, "dmean": 0.0288232285529, "var": 0.00281848176382, "dvar": 0.000601813779213, "mean": 0.199340969324}, "melbands_skewness": {"min": -0.974216639996, "max": 8.28222465515, "dvar2": 0.844021677971, "median": 2.41908311844, "dmean2": 1.03657662868, "dmean": 0.669331729412, "var": 1.30249488354, "dvar": 0.352523773909, "mean": 2.50056791306}, "barkbands_skewness": {"min": -4.01818370819, "max": 6.02859830856, "dvar2": 0.475674152374, "median": 1.94601202011, "dmean2": 0.78389954567, "dmean": 0.538187026978, "var": 1.17930519581, "dvar": 0.232976064086, "mean": 1.87080168724}, "silence_rate_60dB": {"min": 0, "max": 1, "dvar2": 0.00326782022603, "median": 0, "dmean2": 0.00291226804256, "dmean": 0.00145586894359, "var": 0.0449043996632, "dvar": 0.00145374936983, "mean": 0.0471251830459}, "spectral_energyband_low": {"min": 1.0454461188e-22, "max": 0.0862143114209, "dvar2": 8.13814913272e-05, "median": 0.00507348589599, "dmean2": 0.00695321336389, "dmean": 0.00419694278389, "var": 5.37888736289e-05, "dvar": 3.03411998175e-05, "mean": 0.00728728156537}, "spectral_energyband_middle_low": {"min": 3.79225758197e-22, "max": 0.104098029435, "dvar2": 8.63275927259e-05, "median": 0.0110267885029, "dmean2": 0.007627800107, "dmean": 0.00474320817739, "var": 8.93816904863e-05, "dvar": 3.35036856995e-05, "mean": 0.0129679366946}, "melbands_kurtosis": {"min": -1.82943546772, "max": 108.252670288, "dvar2": 95.2396316528, "median": 8.3811416626, "dmean2": 8.33943653107, "dmean": 5.23744487762, "var": 85.5872573853, "dvar": 37.8691749573, "mean": 10.6020736694}, "spectral_decrease": {"min": -3.67488155462e-08, "max": 4.1928722716e-09, "dvar2": 1.0917425028e-17, "median": -4.04632150008e-09, "dmean2": 2.95189384047e-09, "dmean": 1.83173431978e-09, "var": 1.2319183492e-17, "dvar": 4.19896979421e-18, "mean": -4.71050620732e-09}, "erbbands_kurtosis": {"min": -1.75382292271, "max": 30.7013587952, "dvar2": 3.18392014503, "median": -0.0909075737, "dmean2": 1.42497050762, "dmean": 0.954068779945, "var": 6.27965068817, "dvar": 1.59988462925, "mean": 0.56203854084}, "melbands_crest": {"min": 2.49097061157, "max": 28.4399623871, "dvar2": 19.1096897125, "median": 11.7535209656, "dmean2": 5.42123031616, "dmean": 3.27422809601, "var": 17.3299674988, "dvar": 7.28199863434, "mean": 12.4055376053}, "melbands_spread": {"min": 2.41482162476, "max": 255.098449707, "dvar2": 341.951477051, "median": 16.6256370544, "dmean2": 12.8674058914, "dmean": 8.79325962067, "var": 801.786621094, "dvar": 183.890609741, "mean": 25.4033203125}, "spectral_energy": {"min": 1.07490222286e-20, "max": 0.159115180373, "dvar2": 0.000194925640244, "median": 0.0289759561419, "dmean2": 0.0126539692283, "dmean": 0.00812731962651, "var": 0.000283760949969, "dvar": 8.06439857115e-05, "mean": 0.0306423902512}, "mfcc": {"mean": [-648.654663086, 134.843505859, -3.36042785645, 38.1537437439, -14.1903419495, 17.7850704193, -9.98192405701, 8.01007175446, -3.91589331627, 6.14332818985, -2.44900989532, -2.3747355938, 0.821764528751], "icov": [[0.000218284738366, -0.000149364350364, -4.79075461044e-05, -0.000527900294401, 0.000306403991999, -0.000237806569203, 9.65378276305e-05, -0.000346511951648, 0.000366794673027, -0.00028845955967, 0.000122334109619, -4.23625642725e-05, 2.81990942312e-05], [-0.000149364350364, 0.000982427969575, 0.000631028669886, 0.000870113202836, -0.000379115226679, -0.000299402396195, 0.000469245598651, 0.000987383187748, -0.000890575989615, 0.000456040812423, -0.000352320756065, 0.000747868209146, -0.000269043230219], [-4.79075461044e-05, 0.000631028669886, 0.0048945308663, 0.00110640504863, 0.000885214540176, -0.000977184157819, 0.00113071268424, -0.000144340374391, -0.000921092985664, 1.10023165689e-05, 0.000387343490729, 0.00182537257206, -0.00158442661632], [-0.000527900294401, 0.000870113202836, 0.00110640504863, 0.00629519578069, -0.000539256259799, -0.000547836651094, 0.000943479535636, -0.00137122801971, 0.000506893440615, -5.92084070377e-05, 0.00146778207272, -0.00084546621656, 0.00210931478068], [0.000306403991999, -0.000379115226679, 0.000885214540176, -0.000539256259799, 0.00977015774697, -0.000806122552603, -0.00411568349227, 0.00251149758697, -0.00118075939827, 8.63331006258e-05, 0.000578503066208, 0.00139158591628, -0.000512374739628], [-0.000237806569203, -0.000299402396195, -0.000977184157819, -0.000547836651094, -0.000806122552603, 0.00891890283674, -0.00381117826328, -0.00259045907296, 0.00504225632176, -0.00191220256966, 0.00191093678586, -0.000493392988574, -0.000639955105726], [9.65378276305e-05, 0.000469245598651, 0.00113071268424, 0.000943479535636, -0.00411568349227, -0.00381117826328, 0.01697505638, -0.00428535370156, -0.00191884709056, 0.00624749669805, -0.00360539346002, -0.000466789526399, 0.00354389450513], [-0.000346511951648, 0.000987383187748, -0.000144340374391, -0.00137122801971, 0.00251149758697, -0.00259045907296, -0.00428535370156, 0.0185568146408, -0.00639838073403, -0.00199959264137, 0.00325951562263, 0.00190767785534, -0.00549322552979], [0.000366794673027, -0.000890575989615, -0.000921092985664, 0.000506893440615, -0.00118075939827, 0.00504225632176, -0.00191884709056, -0.00639838073403, 0.019436115399, -0.00682154996321, 0.00389217236079, -0.00489956978709, 0.00211851741187], [-0.00028845955967, 0.000456040812423, 1.10023165689e-05, -5.92084070377e-05, 8.63331006258e-05, -0.00191220256966, 0.00624749669805, -0.00199959264137, -0.00682154996321, 0.0242169648409, -0.0111479777843, 0.00333820912056, 0.000172942323843], [0.000122334109619, -0.000352320756065, 0.000387343490729, 0.00146778207272, 0.000578503066208, 0.00191093678586, -0.00360539346002, 0.00325951562263, 0.00389217236079, -0.0111479777843, 0.0236969571561, -0.00533566670492, -0.00140958384145], [-4.23625642725e-05, 0.000747868209146, 0.00182537257206, -0.00084546621656, 0.00139158591628, -0.000493392988574, -0.000466789526399, 0.00190767785534, -0.00489956978709, 0.00333820912056, -0.00533566670492, 0.0166376847774, -0.0042596263811], [2.81990942312e-05, -0.000269043230219, -0.00158442661632, 0.00210931478068, -0.000512374739628, -0.000639955105726, 0.00354389450513, -0.00549322552979, 0.00211851741187, 0.000172942323843, -0.00140958384145, -0.0042596263811, 0.0159662142396]], "cov": [[8435.140625, 135.054504395, 46.5841598511, 796.655700684, -294.456848145, 443.282928467, -81.9189758301, 261.942565918, -188.656951904, 81.6088867188, -110.296417236, -49.9394645691, 4.46432065964], [135.054504395, 1526.21105957, -153.220504761, -202.902740479, 78.54662323, -34.721988678, -27.1731433868, -113.47958374, 20.7029132843, -5.9353146553, 33.8411598206, -40.3149452209, -5.2533197403], [46.5841598511, -153.220504761, 269.984588623, -26.2629642487, -44.1190223694, 23.2723064423, -25.3987693787, 28.9388656616, 1.34017932415, 12.0685768127, -10.80788517, -19.8366260529, 36.1538124084], [796.655700684, -202.902740479, -26.2629642487, 290.630279541, -23.3476543427, 61.4775810242, 3.08086657524, 48.5252189636, -24.0251350403, 0.438957929611, -32.1415634155, 2.70531272888, -27.0343418121], [-294.456848145, 78.54662323, -44.1190223694, -23.3476543427, 142.96182251, 4.63033914566, 42.6373634338, -23.9007301331, 5.84377622604, -15.3496580124, -0.0054824789986, -7.54792070389, -14.9870042801], [443.282928467, -34.721988678, 23.2723064423, 61.4775810242, 4.63033914566, 183.965896606, 37.1850166321, 39.7916030884, -42.6197395325, -5.1097445488, -19.2659664154, -11.1506547928, 6.81328678131], [-81.9189758301, -27.1731433868, -25.3987693787, 3.08086657524, 42.6373634338, 37.1850166321, 95.2077255249, 14.9291801453, 1.40552294254, -21.8654747009, -2.27155900002, 2.4609181881, -15.8717002869], [261.942565918, -113.47958374, 28.9388656616, 48.5252189636, -23.9007301331, 39.7916030884, 14.9291801453, 96.5603637695, 15.8503341675, 9.08421707153, -17.1409702301, 0.361796975136, 21.2039909363], [-188.656951904, 20.7029132843, 1.34017932415, -24.0251350403, 5.84377622604, -42.6197395325, 1.40552294254, 15.8503341675, 82.7979202271, 16.9606285095, 1.99024116993, 15.5008621216, 0.750903844833], [81.6088867188, -5.9353146553, 12.0685768127, 0.438957929611, -15.3496580124, -5.1097445488, -21.8654747009, 9.08421707153, 16.9606285095, 63.7839660645, 23.1666908264, 0.150899872184, 7.32104444504], [-110.296417236, 33.8411598206, -10.80788517, -32.1415634155, -0.0054824789986, -19.2659664154, -2.27155900002, -17.1409702301, 1.99024116993, 23.1666908264, 63.9601745605, 17.4678592682, 7.56516695023], [-49.9394645691, -40.3149452209, -19.8366260529, 2.70531272888, -7.54792070389, -11.1506547928, 2.4609181881, 0.361796975136, 15.5008621216, 0.150899872184, 17.4678592682, 78.7859573364, 16.4750938416], [4.46432065964, -5.2533197403, 36.1538124084, -27.0343418121, -14.9870042801, 6.81328678131, -15.8717002869, 21.2039909363, 0.750903844833, 7.32104444504, 7.56516695023, 16.4750938416, 85.1898574829]]}, "spectral_contrast_valleys": {"min": [-27.5365066528, -27.287109375, -27.5172786713, -27.2428264618, -27.0578765869, -27.2996444702], "max": [-5.45291471481, -4.66271877289, -5.50245761871, -6.02686548233, -5.09473705292, -8.69048500061], "dvar2": [0.296312570572, 0.222127109766, 0.148417010903, 0.130248755217, 0.148143276572, 0.324551552534], "median": [-6.80891036987, -6.21372032166, -6.86798381805, -7.4786491394, -7.39546394348, -10.7295923233], "dmean2": [0.666819393635, 0.545581459999, 0.446634739637, 0.385617852211, 0.356065422297, 0.647090435028], "dmean": [0.399799436331, 0.32972574234, 0.269176632166, 0.240760460496, 0.277879536152, 0.453377187252], "var": [1.93053543568, 1.6653085947, 1.46903717518, 1.40122258663, 1.61321520805, 1.1728925705], "dvar": [0.125495702028, 0.0994428545237, 0.0740930959582, 0.0715359002352, 0.102767154574, 0.158173725009], "mean": [-7.05422925949, -6.4237613678, -7.06813812256, -7.63650751114, -7.47471952438, -10.8711309433]}, "barkbands_flatness_db": {"min": 0.0248654652387, "max": 0.26511156559, "dvar2": 0.000649269321002, "median": 0.102650687099, "dmean2": 0.030575890094, "dmean": 0.0206142980605, "var": 0.00114674551878, "dvar": 0.000308633927489, "mean": 0.105306066573}, "dynamic_complexity": 2.70750379562, "spectral_skewness": {"min": -0.0357291996479, "max": 4.80009126663, "dvar2": 0.139941617846, "median": 1.91591358185, "dmean2": 0.37123799324, "dmean": 0.315805971622, "var": 0.482783615589, "dvar": 0.0851763933897, "mean": 2.03498625755}, "erbbands_flatness_db": {"min": 0.0383017770946, "max": 0.274260669947, "dvar2": 0.000382697297027, "median": 0.120635196567, "dmean2": 0.0236625373363, "dmean": 0.0168933868408, "var": 0.0010209545726, "dvar": 0.000203201241675, "mean": 0.125386446714}, 