{"lowlevel": {"spectral_complexity": {"min": 0, "max": 62, "dvar2": 33.6390991211, "median": 30, "dmean2": 6.59665584564, "dmean": 4.30954170227, "var": 173.809066772, "dvar": 16.1330184937, "mean": 28.5145530701}, "silence_rate_20dB": {"min": 1, "max": 1, "dvar2": 0, "median": 1, "dmean2": 0, "dmean": 0, "var": 0, "dvar": 0, "mean": 1}, "average_loudness": 0.952439367771, "erbbands_spread": {"min": 2.35560178757, "max": 140.568527222, "dvar2": 229.595596313, "median": 38.479434967, "dmean2": 12.5676555634, "dmean": 8.00502300262, "var": 285.929504395, "dvar": 94.1144790649, "mean": 42.1854972839}, "spectral_kurtosis": {"min": -1.2564510107, "max": 21.9499053955, "dvar2": 2.26984715462, "median": 1.98352336884, "dmean2": 1.30918323994, "dmean": 0.762505114079, "var": 2.05003881454, "dvar": 0.802611649036, "mean": 2.12554883957}, "barkbands_kurtosis": {"min": -1.9029340744, "max": 525.737426758, "dvar2": 1039.1394043, "median": -0.299674987793, "dmean2": 6.17660236359, "dmean": 3.56656646729, "var": 345.7628479, "dvar": 374.010528564, "mean": 2.81391143799}, "spectral_strongpeak": {"min": 0, "max": 9.28444194794, "dvar2": 2.18525385857, "median": 0.305168390274, "dmean2": 0.971389293671, "dmean": 0.56101244688, "var": 1.32927775383, "dvar": 0.879422485828, "mean": 0.773207902908}, "spectral_spread": {"min": 1720354.25, "max": 42588012, "dvar2": 1677445955580.0, "median": 4494996, "dmean2": 638485.4375, "dmean": 401296.03125, "var": 45161400762400.0, "dvar": 814647738368, "mean": 5858680}, "spectral_rms": {"min": 3.05885330086e-12, "max": 0.0103593189269, "dvar2": 2.74509375231e-06, "median": 0.00491940230131, "dmean2": 0.00141827366315, "dmean": 0.000885834218934, "var": 3.30994976139e-06, "dvar": 1.08862718662e-06, "mean": 0.00481856102124}, "erbbands": {"min": [4.52089274361e-23, 5.06813066538e-22, 1.96262312624e-21, 3.0092410632e-21, 5.8911047939e-21, 1.70412825585e-20, 1.92330575346e-20, 8.47598467375e-20, 1.11780780659e-19, 2.01693930301e-19, 1.86265964976e-19, 4.48025835177e-19, 5.32067540509e-19, 6.03044031463e-19, 8.34003353342e-19, 1.35667505267e-18, 1.10420277931e-18, 1.86938124187e-18, 2.50270401286e-18, 3.1810287179e-18, 3.80008386409e-18, 3.31594745927e-18, 4.06568742288e-18, 4.75634642482e-18, 6.19720282125e-18, 6.68151624272e-18, 9.39374510474e-18, 9.98516352628e-18, 9.40088450061e-18, 1.19009742091e-17, 9.81341353416e-18, 1.0624387197e-17, 9.22277679829e-18, 8.08387648062e-18, 6.21591281953e-18, 4.18604344278e-18, 2.24966780912e-18, 9.39534797397e-19, 2.31393023014e-19, 2.51898468507e-20], "max": [2.01427483559, 20.691986084, 39.8490409851, 25.3569278717, 82.0256271362, 89.0316085815, 22.3163337708, 75.7055892944, 100.985343933, 231.841659546, 744.375366211, 1674.5826416, 807.315551758, 1612.84313965, 1054.83361816, 1395.77160645, 1728.24938965, 1108.47351074, 1153.0513916, 944.875854492, 1017.5881958, 384.747344971, 606.292419434, 412.461181641, 282.838531494, 231.189178467, 151.63822937, 194.100921631, 150.558807373, 82.7944946289, 42.1985282898, 26.1472072601, 15.7620239258, 10.7842149734, 15.0200357437, 5.8368473053, 0.953463256359, 0.0292496047914, 0.000847202900331, 0.00013338374265], "dvar2": [0.180059313774, 21.2640533447, 58.3425521851, 9.23265552521, 261.912536621, 292.325958252, 5.8159198761, 39.5978431702, 90.6893997192, 151.544769287, 1666.95471191, 13061.7197266, 6758.19970703, 7128.89550781, 2955.35083008, 6371.91943359, 11310.1757813, 4768.54882813, 4558.35888672, 2740.06201172, 2276.19458008, 1654.18566895, 2098.86083984, 765.440246582, 431.330963135, 441.18157959, 317.969604492, 496.735809326, 357.158447266, 88.9677047729, 25.3405628204, 7.25753927231, 1.27773594856, 0.47491016984, 0.303484946489, 0.0510404855013, 0.00254541402683, 1.53455912368e-05, 5.23583487677e-09, 5.37710487247e-10], "median": [0.0830643177032, 0.91247010231, 2.67609167099, 2.49674940109, 2.00430607796, 1.37596261501, 1.28616666794, 1.82435441017, 3.37197089195, 6.35070514679, 15.5336751938, 40.1691741943, 37.9539222717, 18.302652359, 18.5630207062, 21.7269592285, 10.143488884, 4.52757263184, 7.14424610138, 15.6513605118, 31.0915489197, 34.0240631104, 23.6526927948, 14.7884407043, 17.4970645905, 21.754983902, 16.2691707611, 20.721282959, 16.8554668427, 10.6780290604, 5.77521800995, 3.13838577271, 1.32007074356, 0.689779222012, 0.269428610802, 0.0957134068012, 0.0258251857013, 0.00177746242844, 5.98469996476e-05, 3.61204874935e-05], "dmean2": [0.239609465003, 2.49968934059, 4.44469881058, 2.40999102592, 8.30855941772, 8.80991363525, 1.89963972569, 3.16431760788, 5.97615432739, 7.98369264603, 23.9615325928, 67.3253173828, 53.3515930176, 36.803604126, 26.3330001831, 39.7415237427, 29.5065689087, 23.9860649109, 29.1191577911, 23.1728096008, 30.0956764221, 32.2244377136, 28.183588028, 18.7755641937, 16.5405750275, 18.7874546051, 14.836066246, 18.1355323792, 14.5264215469, 8.00890445709, 4.21898174286, 2.25036168098, 0.90979373455, 0.501155853271, 0.218373999, 0.0902330875397, 0.0270428303629, 0.00234483601525, 4.65230805275e-05, 1.94533604372e-05], "dmean": [0.14162966609, 1.37959837914, 2.46659326553, 1.44141459465, 4.71489667892, 4.94554233551, 1.15211677551, 1.91953158379, 3.71627044678, 4.84919643402, 15.1979188919, 41.7324981689, 32.7875137329, 22.9556980133, 16.594127655, 24.9296321869, 19.2129898071, 15.9923648834, 18.0173778534, 14.340628624, 18.3600921631, 19.1774330139, 17.2505817413, 11.8869228363, 10.2427339554, 11.6062049866, 9.59453201294, 11.7465724945, 9.47621822357, 5.17752170563, 2.74371504784, 1.46021008492, 0.597202181816, 0.326877057552, 0.143016919494, 0.0593612976372, 0.0176897384226, 0.00145190639887, 3.01020390907e-05, 1.22151950563e-05], "var": [0.0608708150685, 5.27443933487, 19.312828064, 7.36369848251, 72.6902313232, 76.1413955688, 3.6876335144, 19.8888607025, 75.5770568848, 97.5266342163, 1863.17614746, 8332.74902344, 5149.83007813, 7664.05175781, 2656.14086914, 5215.61523438, 8453.16992188, 4484.48388672, 5511.49560547, 2614.04321289, 2052.09545898, 1772.5078125, 2267.64038086, 1204.91992188, 539.462402344, 481.595245361, 319.166717529, 434.461914063, 299.56036377, 101.99016571, 31.7526760101, 9.91563415527, 1.90165710449, 0.543004989624, 0.165445625782, 0.0305788256228, 0.00183023663703, 9.02435931494e-06, 4.01105904047e-09, 4.56562038176e-10], "dvar": [0.0694632083178, 7.55076789856, 20.4897689819, 3.55678009987, 96.8124542236, 108.161888123, 2.29759478569, 16.1376190186, 36.4986724854, 59.5579147339, 747.455627441, 5350.55517578, 2539.88647461, 3020.38305664, 1265.55358887, 2665.4128418, 4413.81835938, 2196.50292969, 1881.48754883, 1143.91638184, 904.539428711, 641.798706055, 804.821655273, 313.987518311, 178.023254395, 177.654342651, 140.003112793, 213.638168335, 151.999420166, 38.2256965637, 10.9925966263, 3.07412457466, 0.557681620121, 0.203201562166, 0.119350798428, 0.0208338163793, 0.00109873106703, 6.09469725532e-06, 2.17023643501e-09, 2.11301490194e-10], "mean": [0.166269183159, 1.60810852051, 3.95073771477, 3.14215445518, 4.93161344528, 4.32524490356, 1.85334181786, 3.0421435833, 6.66216182709, 8.85498905182, 26.962928772, 67.9020309448, 61.3298873901, 42.617565155, 32.7447814941, 44.0290756226, 32.3581619263, 28.2359733582, 34.226726532, 30.424949646, 43.6427879333, 45.2109336853, 39.2322235107, 28.3518428802, 23.9984779358, 26.7898616791, 20.7051811218, 25.1212520599, 20.6988887787, 12.7134628296, 6.76706647873, 3.69655013084, 1.58651554585, 0.830258131027, 0.339291423559, 0.130984678864, 0.0358019582927, 0.00260341609828, 7.2078575613e-05, 3.84582090192e-05]}, "zerocrossingrate": {"min": 0, "max": 0.5302734375, "dvar2": 0.000200575421331, "median": 0.08349609375, "dmean2": 0.0150207718834, "dmean": 0.0120713878423, "var": 0.00716042332351, "dvar": 0.000168442580616, "mean": 0.100076660514}, "spectral_contrast_coeffs": {"min": [-0.979057133198, -0.996221780777, -0.996987760067, -0.988708794117, -0.989315390587, -0.966232538223], "max": [-0.38715672493, -0.519194066525, -0.517656803131, -0.581507503986, -0.676760315895, -0.56919246912], "dvar2": [0.00557216675952, 0.00338706560433, 0.00272170221433, 0.00174336810596, 0.000793835497461, 0.000671637477353], "median": [-0.682044684887, -0.779280722141, -0.768854320049, -0.777961730957, -0.797609627247, -0.706485450268], "dmean2": [0.0879428684711, 0.0724363848567, 0.0657795593143, 0.0520124509931, 0.034849435091, 0.0286683570594], "dmean": [0.0525187849998, 0.0441372208297, 0.0398364923894, 0.0314267389476, 0.0208802837878, 0.0178026426584], "var": [0.00812207255512, 0.00482439994812, 0.00440778909251, 0.00368816708215, 0.00192044954747, 0.00342634599656], "dvar": [0.00207554432563, 0.00131716579199, 0.00103814143222, 0.000672725960612, 0.00029034022009, 0.00026658969], "mean": [-0.683980405331, -0.779533267021, -0.772630870342, -0.78123319149, -0.802889823914, -0.715474128723]}, "dissonance": {"min": 0.314227700233, "max": 0.500000178814, "dvar2": 0.000393667112803, "median": 0.486453026533, "dmean2": 0.0203608069569, "dmean": 0.0118582546711, "var": 0.000257711129962, "dvar": 0.000143041805131, "mean": 0.482344835997}, "spectral_energyband_high": {"min": 7.03017248317e-21, "max": 0.00943631306291, "dvar2": 1.20398635772e-06, "median": 0.00167679786682, "dmean2": 0.000923241954297, "dmean": 0.000654604518786, "var": 1.90497019048e-06, "dvar": 5.85085047078e-07, "mean": 0.00189678231254}, "gfcc": {"mean": [-18.8167190552, 68.7365875244, -126.556350708, 52.1467552185, -61.7896308899, 27.7187004089, -17.2392292023, 23.0693778992, -15.8642959595, -1.43871700764, -26.0199203491, 1.07918858528, -11.1945438385], "icov": [[0.000283091154415, -0.000746693520341, 0.000766267883591, -0.000786461692769, 0.000621951301582, -0.001057254849, 0.000697423063684, -0.000381533696782, 0.000409253494581, -0.000980956829153, 0.00101411342621, -0.00100223068148, 0.000997168826871], [-0.000746693520341, 0.00472292490304, -0.000741111347452, 0.000788734701928, -0.00127641647123, 0.00306459702551, -0.00335704511963, 0.0021566208452, -0.00307328766212, 0.00567389279604, -0.00347821693867, 0.00290112337098, -0.00248448178172], [0.000766267883591, -0.000741111347452, 0.00431695301086, -0.00307988049462, 0.000264172296738, -0.00146629347, -0.00051060836995, 0.000724392535631, 0.00066531682387, -0.00317994551733, 0.00378817971796, -0.00393455382437, 0.00248744315468], [-0.000786461692769, 0.000788734701928, -0.00307988049462, 0.00573603250086, -0.000572967634071, 0.000963005877566, -0.000395508192014, 0.00171312724706, -0.000704307109118, 0.00172676390503, -0.00249789608642, 0.00517822848633, -0.00409222580492], [0.000621951301582, -0.00127641647123, 0.000264172296738, -0.000572967634071, 0.00947164651006, -0.00322889513336, 0.000327346060658, 0.00148526299745, -0.00241925334558, -0.000510977464728, -0.00170170608908, 0.000178162852535, 0.00263349502347], [-0.001057254849, 0.00306459702551, -0.00146629347, 0.000963005877566, -0.00322889513336, 0.0194977577776, -0.00939574837685, -0.00385859981179, 0.0046140733175, -0.00338141806424, -0.0023854279425, 0.00112038047519, 0.000633067218587], [0.000697423063684, -0.00335704511963, -0.00051060836995, -0.000395508192014, 0.000327346060658, -0.00939574837685, 0.0194198098034, -0.00553425820544, -0.000942247046623, 0.00686090067029, -0.00482390448451, 8.72927193996e-05, 0.00127251271624], [-0.000381533696782, 0.0021566208452, 0.000724392535631, 0.00171312724706, 0.00148526299745, -0.00385859981179, -0.00553425820544, 0.0209840536118, -0.0114104961976, 1.70240273292e-05, 0.00678680930287, -0.00612290529534, 0.00199331645854], [0.000409253494581, -0.00307328766212, 0.00066531682387, -0.000704307109118, -0.00241925334558, 0.0046140733175, -0.000942247046623, -0.0114104961976, 0.023373471573, -0.0135021889582, -0.000211095524719, 0.00686562806368, -0.00889253616333], [-0.000980956829153, 0.00567389279604, -0.00317994551733, 0.00172676390503, -0.000510977464728, -0.00338141806424, 0.00686090067029, 1.70240273292e-05, -0.0135021889582, 0.0344512611628, -0.0150522626936, 0.000983554753475, 0.00652257818729], [0.00101411342621, -0.00347821693867, 0.00378817971796, -0.00249789608642, -0.00170170608908, -0.0023854279425, -0.00482390448451, 0.00678680930287, -0.000211095524719, -0.0150522626936, 0.0246085096151, -0.00931585580111, 0.00352442427538], [-0.00100223068148, 0.00290112337098, -0.00393455382437, 0.00517822848633, 0.000178162852535, 0.00112038047519, 8.72927193996e-05, -0.00612290529534, 0.00686562806368, 0.000983554753475, -0.00931585580111, 0.0307557005435, -0.0154740810394], [0.000997168826871, -0.00248448178172, 0.00248744315468, -0.00409222580492, 0.00263349502347, 0.000633067218587, 0.00127251271624, 0.00199331645854, -0.00889253616333, 0.00652257818729, 0.00352442427538, -0.0154740810394, 0.0325240604579]], "cov": [[59623.34375, 3349.12207031, -6462.10839844, 2137.70800781, -3011.58984375, 1436.9197998, -929.425598145, 1107.84216309, -701.760253906, 59.8377380371, -1166.0859375, 101.182853699, -654.010131836], [3349.12207031, 837.674499512, -423.576171875, 214.130172729, -99.103553772, -17.2038631439, 39.8120536804, -12.1089849472, 24.8261756897, -107.576293945, -20.4551067352, -52.8148536682, 33.6386833191], [-6462.10839844, -423.576171875, 1150.26293945, -27.5093269348, 329.389892578, -116.281471252, 104.230407715, -139.564605713, 49.4405174255, 20.1770877838, 102.780906677, 1.82732319832, 53.6053886414], [2137.70800781, 214.130172729, -27.5093269348, 438.261260986, -80.4529190063, 26.5193347931, -29.4041137695, -26.1819419861, -18.9738235474, -12.1399269104, -32.9895362854, -39.3999481201, -1.10755872726], [-3011.58984375, -99.103553772, 329.389892578, -80.4529190063, 295.624176025, -48.3388328552, 71.8626708984, -66.315788269, 61.3748168945, 13.4440155029, 97.3568344116, -20.2297782898, 21.6152534485], [1436.9197998, -17.2038631439, -116.281471252, 26.5193347931, -48.3388328552, 147.03036499, 19.6188926697, 62.8929481506, -27.707036972, 33.0938949585, -11.1153326035, 17.4087715149, -41.4346199036], [-929.425598145, 39.8120536804, 104.230407715, -29.4041137695, 71.8626708984, 19.6188926697, 120.922203064, 7.22731161118, 25.2111701965, -18.3170204163, 39.829158783, -1.78027033806, 13.8943977356], [1107.84216309, -12.1089849472, -139.564605713, -26.1819419861, -66.315788269, 62.8929481506, 7.22731161118, 128.162078857, 26.0320034027, 21.7604675293, -36.8321914673, 22.6974525452, -13.9595298767], [-701.760253906, 24.8261756897, 49.4405174255, -18.9738235474, 61.3748168945, -27.707036972, 25.2111701965, 26.0320034027, 111.82648468, 27.7042732239, 31.3743686676, -13.4714546204, 25.4411487579], [59.8377380371, -107.576293945, 20.1770877838, -12.1399269104, 13.4440155029, 33.0938949585, -18.3170204163, 21.7604675293, 27.7042732239, 87.9512939453, 33.2950439453, 8.21420097351, -25.236000061], [-1166.0859375, -20.4551067352, 102.780906677, -32.9895362854, 97.3568344116, -11.1153326035, 39.829158783, -36.8321914673, 31.3743686676, 33.2950439453, 111.495117188, 4.28869152069, 7.06925106049], [101.182853699, -52.8148536682, 1.82732319832, -39.3999481201, -20.2297782898, 17.4087715149, -1.78027033806, 22.6974525452, -13.4714546204, 8.21420097351, 4.28869152069, 61.3035354614, 11.1151885986], [-654.010131836, 33.6386833191, 53.6053886414, -1.10755872726, 21.6152534485, -41.4346199036, 13.8943977356, -13.9595298767, 25.4411487579, -25.236000061, 7.06925106049, 11.1151885986, 65.0360107422]]}, "spectral_flux": {"min": 6.25614074434e-11, "max": 0.289762616158, "dvar2": 0.00182727584615, "median": 0.0888123437762, "dmean2": 0.0424738414586, "dmean": 0.0274612922221, "var": 0.00215511233546, "dvar": 0.000979564385489, "mean": 0.0922345966101}, "silence_rate_30dB": {"min": 1, "max": 1, "dvar2": 0, "median": 1, "dmean2": 0, "dmean": 0, "var": 0, "dvar": 0, "mean": 1}, "spectral_energyband_middle_high": {"min": 1.12238816575e-21, "max": 0.0614187344909, "dvar2": 2.36693813349e-05, "median": 0.00617420393974, "dmean2": 0.00342471245676, "dmean": 0.00231179082766, "var": 6.17143523414e-05, "dvar": 1.07935511551e-05, "mean": 0.00823341310024}, "barkbands_spread": {"min": 0.457687795162, "max": 124.63835907, "dvar2": 147.268203735, "median": 33.9491653442, "dmean2": 11.8898429871, "dmean": 7.50484704971, "var": 181.150100708, "dvar": 62.0891189575, "mean": 35.2101364136}, "spectral_centroid": {"min": 156.960021973, "max": 11697.0771484, "dvar2": 310115.03125, "median": 2146.39599609, "dmean2": 489.867004395, "dmean": 302.600402832, "var": 3009837.25, "dvar": 135868.78125, "mean": 2440.65429688}, "pitch_salience": {"min": 0.0126477964222, "max": 0.995947301388, "dvar2": 0.0181699581444, "median": 0.58092713356, "dmean2": 0.130599036813, "dmean": 0.0780553072691, "var": 0.0133485151455, "dvar": 0.00695515051484, "mean": 0.569017529488}, "erbbands_skewness": {"min": -3.02323007584, "max": 6.80069541931, "dvar2": 0.315767407417, "median": -0.0209914986044, "dmean2": 0.542727947235, "dmean": 0.352376490831, "var": 0.462815076113, "dvar": 0.135041818023, "mean": -0.000260526867351}, "erbbands_crest": {"min": 2.18091154099, "max": 33.5245552063, "dvar2": 12.4850320816, "median": 6.29436302185, "dmean2": 3.65891098976, "dmean": 2.22686839104, "var": 13.5867033005, "dvar": 5.03778219223, "mean": 7.26881885529}, "melbands": {"min": [9.00209608069e-25, 1.27666300533e-24, 7.25224383465e-25, 7.28437413932e-25, 7.42945946486e-25, 2.10901588302e-24, 1.68635347912e-24, 2.41547710343e-24, 1.23190234732e-24, 2.44030630321e-24, 2.31369235298e-24, 2.06636454046e-24, 2.34686868721e-24, 2.51799943882e-24, 2.4178340226e-24, 1.57165428679e-24, 2.70709353933e-24, 2.63027386994e-24, 2.97977415805e-24, 2.40648053924e-24, 3.79711767512e-24, 2.23413770284e-24, 2.99822186754e-24, 3.80101504242e-24, 3.51440885935e-24, 3.89350740584e-24, 4.40761042435e-24, 4.04778374978e-24, 4.82227476475e-24, 5.25824663263e-24, 4.96151384212e-24, 4.96274328184e-24, 4.61349404871e-24, 5.58064935143e-24, 4.17840215517e-24, 4.94698578526e-24, 5.67373020508e-24, 5.39830849192e-24, 6.02716197872e-24, 5.75773324186e-24], "max": [0.0218727122992, 0.019533764571, 0.0040873857215, 0.00649074278772, 0.000880574982148, 0.00152640778106, 0.00139552191831, 0.00214752648026, 0.00815328210592, 0.0111484993249, 0.00425914209336, 0.00663140788674, 0.00464732805267, 0.00263291178271, 0.00435682339594, 0.00322822853923, 0.00222076592036, 0.00176738714799, 0.00162522343453, 0.00205766665749, 0.00138636189513, 0.000502927810885, 0.000352321454557, 0.000805183895864, 0.000314347009407, 0.000303523964249, 0.000211344158743, 0.000179235794349, 0.000121089578897, 0.000110346911242, 0.000148118590005, 9.72417765297e-05, 5.99306040385e-05, 4.05376158596e-05, 2.77056387858e-05, 2.31081994571e-05, 1.57621489052e-05, 9.36325523071e-06, 8.95534685696e-06, 9.59163935477e-06], "dvar2": [2.03663294087e-05, 2.29162124015e-05, 4.78228344036e-07, 2.27690452448e-06, 1.62577968865e-08, 1.75373564559e-08, 1.676674799e-08, 2.30082122243e-08, 1.85092602578e-07, 5.17509363362e-07, 1.98393621531e-07, 1.57264111067e-07, 3.92773671365e-08, 3.23731228491e-08, 6.06581807006e-08, 4.59554421184e-08, 2.24798579751e-08, 2.09312087662e-08, 5.8256617308e-09, 8.19325229884e-09, 3.84930798347e-09, 3.06835290509e-09, 1.70075764583e-09, 2.46952702732e-09, 5.98716853872e-10, 4.06326333691e-10, 2.59313209794e-10, 2.59390314783e-10, 1.83900991657e-10, 1.37719113891e-10, 2.46833303796e-10, 1.71600483823e-10, 5.99683358526e-11, 2.70060362961e-11, 1.1890597014e-11, 5.94761045969e-12, 2.54571298937e-12, 8.60588076496e-13, 4.68504087522e-13, 3.89431949145e-13], "median": [0.000921531929635, 0.00146953365766, 0.000483674695715, 0.000128976433189, 4.90718412038e-05, 4.30843319918e-05, 5.19393252034e-05, 7.0243688242e-05, 0.00013961129298, 0.000255895691225, 0.000179242822924, 7.01090175426e-05, 5.79150364501e-05, 5.58733154321e-05, 4.19127645728e-05, 1.20942313515e-05, 7.05682396074e-06, 7.82930965215e-06, 1.72553300217e-05, 2.40793069679e-05, 3.9142130845e-05, 3.65771447832e-05, 2.64294703811e-05, 1.31380802486e-05, 1.09842094389e-05, 1.25702481455e-05, 1.2496351701e-05, 1.44661080412e-05, 1.06047264126e-05, 8.50305605127e-06, 1.30815988086e-05, 9.82002529781e-06, 7.48110414861e-06, 4.98833060192e-06, 3.31705791723e-06, 2.48205537901e-06, 1.60263459748e-06, 9.37053016514e-07, 6.63475645979e-07, 5.32746071258e-07], "dmean2": [0.00249543809332, 0.0026998531539, 0.000524086819496, 0.000761940609664, 9.12887626328e-05, 7.22299591871e-05, 8.53463861858e-05, 9.99035546556e-05, 0.000239721455728, 0.000426343001891, 0.000278617080767, 0.00017021097301, 9.38515877351e-05, 8.96403071238e-05, 0.000102093195892, 5.51889388589e-05, 5.07074801135e-05, 5.70008342038e-05, 3.48773464793e-05, 4.08092346333e-05, 4.11277578678e-05, 4.3013926188e-05, 3.07433583657e-05, 2.58977870544e-05, 1.6345833501e-05, 1.50945897985e-05, 1.26943814394e-05, 1.39643534567e-05, 1.12348698167e-05, 9.14498195925e-06, 1.25922733787e-05, 1.00534725789e-05, 6.40399230178e-06, 4.31169610238e-06, 2.86862928078e-06, 1.99337318918e-06, 1.33418234327e-06, 7.34242235012e-07, 5.35044023309e-07, 4.47408467608e-07], "dmean": [0.0014391442528, 0.00148593191989, 0.000307556794723, 0.000429034640547, 5.39686880074e-05, 4.41371921625e-05, 5.30517827428e-05, 6.07568545092e-05, 0.0001535822812, 0.000263856927631, 0.000171103689354, 0.000105580649688, 5.94254379394e-05, 5.55757833354e-05, 6.46408152534e-05, 3.5865130485e-05, 3.32577728841e-05, 3.49471592926e-05, 2.12635932257e-05, 2.47148800554e-05, 2.47471871262e-05, 2.54310671153e-05, 1.83664924407e-05, 1.59563915076e-05, 1.01963669294e-05, 9.2495320132e-06, 7.73301053414e-06, 8.55499638419e-06, 7.02421675669e-06, 5.89533556195e-06, 7.96356926003e-06, 6.4403993747e-06, 4.01435863751e-06, 2.7548107937e-06, 1.81832865565e-06, 1.27407622585e-06, 8.45569275043e-07, 4.73141085422e-07, 3.42691635069e-07, 2.84657829752e-07], "var": [6.00206112722e-06, 6.17116256763e-06, 2.64945043682e-07, 5.95035487549e-07, 6.85002898848e-09, 9.65475255299e-09, 1.42771092726e-08, 1.45123886242e-08, 2.0423762237e-07, 3.2529143823e-07, 1.46278765101e-07, 1.48469752048e-07, 3.53000331188e-08, 2.63751118723e-08, 4.83071431745e-08, 3.20527604458e-08, 1.90475546447e-08, 2.16947473319e-08, 5.34192023949e-09, 5.26728616279e-09, 2.97839131136e-09, 2.55572385477e-09, 1.56520618688e-09, 2.30885466301e-09, 7.78158038006e-10, 4.43477338186e-10, 2.38618930171e-10, 2.52028703462e-10, 1.57027224557e-10, 1.07528264071e-10, 1.89267004846e-10, 1.25572510723e-10, 5.2276617063e-11, 2.74742225498e-11, 1.21772895587e-11, 6.97541807301e-12, 2.91068362988e-12, 1.03954670393e-12, 5.63537389496e-13, 3.70989046775e-13], "dvar": [7.5598377407e-06, 8.07378364698e-06, 1.78701142772e-07, 8.43623354285e-07, 6.13080874956e-09, 7.10472747301e-09, 6.80915590578e-09, 8.91779006196e-09, 8.40625205001e-08, 2.09528025152e-07, 7.44977981526e-08, 6.43337045858e-08, 1.74855312451e-08, 1.35236577492e-08, 2.60494594784e-08, 1.78483894331e-08, 1.00746726517e-08, 8.51151948922e-09, 2.30027019654e-09, 3.17277781825e-09, 1.48435741476e-09, 1.15701626058e-09, 6.33160801566e-10, 9.60587276388e-10, 2.38568914623e-10, 1.59881788364e-10, 1.02193739582e-10, 1.02806034519e-10, 7.4706976716e-11, 6.00328189937e-11, 1.02046343597e-10, 7.11471992432e-11, 2.44175686615e-11, 1.1324473477e-11, 4.96552885615e-12, 2.43111975863e-12, 1.04958207924e-12, 3.54312282638e-13, 2.00589395896e-13, 1.60680212083e-13], "mean": [0.00169816135895, 0.00215157773346, 0.00060267734807, 0.000385313673178, 7.44924691389e-05, 7.25662393961e-05, 9.67426603893e-05, 0.00010415615543, 0.000260637025349, 0.000429116364103, 0.000305380061036, 0.000181596216862, 0.000108901549538, 0.000101935132989, 0.000104405946331, 5.69767362322e-05, 5.3180327086e-05, 6.07236506767e-05, 3.84363665944e-05, 4.57751048089e-05, 5.41314439033e-05, 5.12645274284e-05, 3.80939090974e-05, 3.17052181344e-05, 2.17298202188e-05, 1.91346789506e-05, 1.62752257893e-05, 1.82428866538e-05, 1.38557516038e-05, 1.1226569768e-05, 1.60723320732e-05, 1.26226941575e-05, 8.96532037586e-06, 6.15744784227e-06, 4.01498027713e-06, 2.96531675303e-06, 1.95585425899e-06, 1.14768624826e-06, 8.24079165795e-07, 6.60367447836e-07]}, "spectral_entropy": {"min": 5.15188646317, "max": 9.82244968414, "dvar2": 0.0306815207005, "median": 8.0315990448, "dmean2": 0.139237731695, "dmean": 0.0926514193416, "var": 0.188459470868, "dvar": 0.0136263491586, "mean": 8.05237483978}, "spectral_rolloff": {"min": 21.533203125, "max": 19939.7460938, "dvar2": 2196341, "median": 2368.65234375, "dmean2": 1294.08117676, "dmean": 774.932495117, "var": 11765341, "dvar": 999259.5625, "mean": 3009.69995117}, "barkbands": {"min": [3.26544854848e-25, 2.56546559392e-24, 5.91116698375e-25, 4.69722591456e-25, 7.49622017162e-24, 8.97420787554e-24, 6.64053485912e-24, 7.20723833393e-24, 1.51804495628e-23, 1.96086918553e-23, 1.40137053513e-23, 2.83522383798e-23, 2.18589096988e-23, 2.15212235888e-23, 4.40898525114e-23, 5.36575677776e-23, 3.97541183595e-23, 8.92149303441e-23, 1.08950551497e-22, 1.52538271954e-22, 2.31048953037e-22, 3.01400578307e-22, 3.66391584492e-22, 5.50845691924e-22, 7.69525003045e-22, 1.27464382355e-21, 1.84118388425e-21], "max": [0.00287556136027, 0.0871374458075, 0.0391145646572, 0.00888374075294, 0.0243059750646, 0.0064444988966, 0.0108198020607, 0.0173727236688, 0.0600733719766, 0.0366998016834, 0.0394568927586, 0.0359163954854, 0.031449533999, 0.0227369908243, 0.0187466386706, 0.0207599848509, 0.00727271428332, 0.0107266735286, 0.00702974805608, 0.00454526720569, 0.00363426166587, 0.00414311699569, 0.00183688057587, 0.000818351341877, 0.00143656344153, 0.000732040090952, 1.91048073361e-07], "dvar2": [1.979673101e-07, 0.000339011341566, 2.6840269129e-05, 1.3532809362e-06, 3.15695433528e-05, 3.08786070491e-07, 3.74903976308e-07, 1.52094423811e-06, 1.81191771844e-05, 1.23410536617e-05, 2.32244542531e-06, 3.66205199498e-06, 4.94646064908e-06, 3.13490704684e-06, 9.56073336056e-07, 1.15556076707e-06, 7.51345396566e-07, 6.47918284358e-07, 2.12364341223e-07, 2.00749937562e-07, 2.07012490705e-07, 2.25294002121e-07, 3.69485420038e-08, 7.7068369464e-09, 4.34214397771e-09, 9.7535102217e-10, 4.86261167114e-17], "median": [4.04912898375e-05, 0.00385984685272, 0.00206691818312, 0.00054386316333, 0.000510024256073, 0.000201484654099, 0.000277150364127, 0.000507424178068, 0.00171145540662, 0.00078096636571, 0.000395111914258, 0.000510836893227, 0.000139235315146, 7.35627545509e-05, 0.000196395078092, 0.000430669402704, 0.000640255981125, 0.000388303393265, 0.00031716117519, 0.00047046871623, 0.000425829348387, 0.000471162085887, 0.000222190719796, 0.000107935571577, 4.8515805247e-05, 1.60633808264e-05, 3.51829065881e-10], "dmean2": [0.000249685748713, 0.0101091340184, 0.00315016927198, 0.000802521128207, 0.00285148923285, 0.000319343060255, 0.000409139000112, 0.000808543758467, 0.00264431582764, 0.00178619113285, 0.000689817417879, 0.000924126885366, 0.000624717387836, 0.000659187033307, 0.00045396151836, 0.000567216950003, 0.000702669669408, 0.000517674430739, 0.000350766873453, 0.00040517601883, 0.000381611724151, 0.000377679563826, 0.000162289419677, 7.4292132922e-05, 3.53768773493e-05, 1.55710677063e-05, 2.2829982349e-09], "dmean": [0.000155611414812, 0.00570951681584, 0.00178293278441, 0.000474939035485, 0.00160840270109, 0.000195359971258, 0.000253636331763, 0.00050758686848, 0.00165437860414, 0.00109580124263, 0.000437760638306, 0.000577990256716, 0.000405903119827, 0.000420365802711, 0.000276958948234, 0.000342468876624, 0.000416159396991, 0.000317316909786, 0.000217833017814, 0.000249917269684, 0.000250363838859, 0.000245656905463, 0.000105966937554, 4.8677331506e-05, 2.33891987591e-05, 1.02306530607e-05, 1.22282606263e-09], "var": [8.66587157589e-08, 9.2238515208e-05, 1.22033416119e-05, 9.573210491e-07, 8.27791063784e-06, 1.701117327e-07, 3.17391965154e-07, 1.36612641199e-06, 1.34463589347e-05, 9.22991330299e-06, 2.27031500799e-06, 2.86059230348e-06, 3.60376247954e-06, 3.11295571009e-06, 1.07559640128e-06, 8.15603186766e-07, 6.89568196321e-07, 7.33795729957e-07, 3.00287553046e-07, 2.16689841182e-07, 2.03849282343e-07, 2.10424133229e-07, 4.64305287551e-08, 1.17363736507e-08, 3.39276984285e-09, 7.16271264523e-10, 8.94818592215e-18], "dvar": [8.29134378932e-08, 0.000123297519167, 9.5566147138e-06, 5.16572640663e-07, 1.17012405099e-05, 1.25221419012e-07, 1.57320968697e-07, 6.34994250959e-07, 7.53561971578e-06, 4.74989610666e-06, 1.0661971146e-06, 1.56480314217e-06, 1.96489258997e-06, 1.3860845911e-06, 3.93977757085e-07, 4.5011279326e-07, 2.83434644643e-07, 2.53467675293e-07, 8.83210518055e-08, 8.17423639887e-08, 9.29797110416e-08, 9.57358992082e-08, 1.62647975088e-08, 3.3225127094e-09, 1.77255388145e-09, 4.19222656589e-10, 1.61407157357e-17], "mean": [0.000162596625159, 0.00677364133298, 0.00313486531377, 0.000887380505446, 0.00146439566743, 0.000320000603097, 0.000467696896521, 0.000861644221004, 0.00280339038, 0.0018068512436, 0.000786253251135, 0.00100179272704, 0.000620248087216, 0.00069042108953, 0.000504924217239, 0.000694627698977, 0.00088078744011, 0.000688582076691, 0.000498769630212, 0.000575245067012, 0.000531242520083, 0.000565670605283, 0.000260701926891, 0.000128572268295, 5.94657503825e-05, 2.19088597078e-05, 9.46913991662e-10]}, "melbands_flatness_db": {"min": -6.90292125682e-08, "max": 0.557983279228, "dvar2": 0.00269630970433, "median": 0.133630886674, "dmean2": 0.0442319922149, "dmean": 0.0274448469281, "var": 0.00477340864018, "dvar": 0.00109601009171, "mean": 0.14339505136}, "melbands_skewness": {"min": -0.659225404263, "max": 24.3954238892, "dvar2": 3.76129055023, "median": 1.77644252777, "dmean2": 1.36107826233, "dmean": 0.845620691776, "var": 4.72770547867, "dvar": 1.6305192709, "mean": 2.30713534355}, "barkbands_skewness": {"min": -2.5476577282, "max": 19.6565437317, "dvar2": 2.50433278084, "median": 0.685884296894, "dmean2": 0.919872045517, "dmean": 0.561626970768, "var": 2.33394670486, "dvar": 0.999902963638, "mean": 0.921326398849}, "silence_rate_60dB": {"min": 0, "max": 1, "dvar2": 0.0203425157815, "median": 0, "dmean2": 0.0180349424481, "dmean": 0.00901577714831, "var": 0.063361287117, "dvar": 0.00893334764987, "mean": 0.0679812207818}, "spectral_energyband_low": {"min": 9.48763326254e-24, "max": 0.102687552571, "dvar2": 0.000475160748465, "median": 0.0071712504141, "dmean2": 0.0124480985105, "dmean": 0.00709174061194, "var": 0.000142415708979, "dvar": 0.000173730004462, "mean": 0.0105532882735}, "spectral_energyband_middle_low": {"min": 1.3821316376e-22, "max": 0.0713816508651, "dvar2": 5.15338360856e-05, "median": 0.00618427339941, "dmean2": 0.00550811178982, "dmean": 0.00332744163461, "var": 3.3316660847e-05, "dvar": 2.02104656637e-05, "mean": 0.00737160211429}, "melbands_kurtosis": {"min": -1.78687989712, "max": 851.971313477, "dvar2": 3830.40161133, "median": 3.3800740242, "dmean2": 16.7658119202, "dmean": 10.012845993, "var": 2108.83764648, "dvar": 1557.23876953, "mean": 13.0829916}, "spectral_decrease": {"min": -2.75349503198e-08, "max": 1.94913415021e-28, "dvar2": 3.06745007827e-17, "median": -5.83888448702e-09, "dmean2": 4.26816537669e-09, "dmean": 2.55345788958e-09, "var": 1.6894942327e-17, "dvar": 1.16585730665e-17, "mean": -6.49102194217e-09}, "erbbands_kurtosis": {"min": -1.86676228046, "max": 53.7464485168, "dvar2": 4.22140693665, "median": -0.528665065765, "dmean2": 1.04491996765, "dmean": 0.658617973328, "var": 4.62895011902, "dvar": 1.96896326542, "mean": -0.143296986818}, "melbands_crest": {"min": 1.00364077091, "max": 39.8049545288, "dvar2": 25.2836952209, "median": 12.606836319, "dmean2": 5.34493589401, "dmean": 3.19725465775, "var": 30.6923408508, "dvar": 10.0853662491, "mean": 13.1335840225}, "melbands_spread": {"min": 0.396689146757, "max": 175.936187744, "dvar2": 351.94317627, "median": 38.7753067017, "dmean2": 17.9563789368, "dmean": 10.8980293274, "var": 680.270568848, "dvar": 148.288040161, "mean": 42.3622207642}, "spectral_energy": {"min": 9.59049761962e-21, "max": 0.109998375177, "dvar2": 0.000443576660473, "median": 0.024805534631, "dmean2": 0.0165389757603, "dmean": 0.0100148832425, "var": 0.000275049678748, "dvar": 0.00016973419406, "mean": 0.027191741392}, "mfcc": {"mean": [-623.232727051, 83.4910354614, -4.18328475952, 28.3732337952, -8.55449199677, 11.1447210312, 3.44668674469, 22.9884300232, 17.6556301117, 5.2991771698, 0.273037135601, 3.76663994789, 1.41388165951], "icov": [[0.000107012179797, -0.000162390249898, 8.75380064826e-05, -2.35552706727e-05, 0.000358059915015, -0.000424881640356, 0.000452166306786, -0.000569582975004, 0.000152796957991, -0.000232681966736, -6.87803403707e-05, -4.08843698096e-06, 0.00016035461158], [-0.000162390249898, 0.00259631453082, 0.00153609435074, -0.00182265648618, 0.000594848766923, -0.000403000391088, -0.000214563173358, -0.000965068058576, -0.00136099103838, 0.00139808282256, -0.000554592872504, -0.00046722101979, -0.000259319698671], [8.75380064826e-05, 0.00153609435074, 0.00510779768229, -0.00294720684178, 0.000643934181426, -0.00140796776395, -0.00112904829439, 0.000481294642668, -0.0028293421492, 0.00126686145086, 0.00121125264559, -0.00264357379638, 0.000712334353011], [-2.35552706727e-05, -0.00182265648618, -0.00294720684178, 0.00652944948524, -0.00271241203882, -0.00300510413945, 0.00180368649308, 0.000212114580791, 0.00141182402149, -0.0016687666066, 0.00246332539245, 0.00119623518549, -0.00093575369101], [0.000358059915015, 0.000594848766923, 0.000643934181426, -0.00271241203882, 0.0152159361169, -0.00508815003559, 0.00271050073206, -0.000285274203634, 0.000313311524224, -0.00233100983314, -0.00361794186756, 0.00276236981153, 0.000206722994335], [-0.000424881640356, -0.000403000391088, -0.00140796776395, -0.00300510413945, -0.00508815003559, 0.0219519585371, -0.0115008400753, 0.0050501008518, -0.0011033056071, 0.000923274841625, -0.00119208975229, -0.00427805213258, 0.00252954824828], [0.000452166306786, -0.000214563173358, -0.00112904829439, 0.00180368649308, 0.00271050073206, -0.0115008400753, 0.0223323106766, -0.0143863772973, 0.00925703346729, -0.000892076699529, -0.00167531589977, 1.16553510452e-05, 0.0014488901943], [-0.000569582975004, -0.000965068058576, 0.000481294642668, 0.000212114580791, -0.000285274203634, 0.0050501008518, -0.0143863772973, 0.0275055933744, -0.014973201789, 0.00432809907943, -0.00158650334924, -0.000234372389968, -0.00267572444864], [0.000152796957991, -0.00136099103838, -0.0028293421492, 0.00141182402149, 0.000313311524224, -0.0011033056071, 0.00925703346729, -0.014973201789, 0.0252988748252, -0.0127221969888, 0.010218787007, -0.00297292857431, -0.00211855955422], [-0.000232681966736, 0.00139808282256, 0.00126686145086, -0.0016687666066, -0.00233100983314, 0.000923274841625, -0.000892076699529, 0.00432809907943, -0.0127221969888, 0.0286869630218, -0.020792838186, 0.00808747950941, 0.000725283403881], [-6.87803403707e-05, -0.000554592872504, 0.00121125264559, 0.00246332539245, -0.00361794186756, -0.00119208975229, -0.00167531589977, -0.00158650334924, 0.010218787007, -0.020792838186, 0.0340999253094, -0.0170029252768, 0.00613175146282], [-4.08843698096e-06, -0.00046722101979, -0.00264357379638, 0.00119623518549, 0.00276236981153, -0.00427805213258, 1.16553510452e-05, -0.000234372389968, -0.00297292857431, 0.00808747950941, -0.0170029252768, 0.0360435843468, -0.0172937307507], [0.00016035461158, -0.000259319698671, 0.000712334353011, -0.00093575369101, 0.000206722994335, 0.00252954824828, 0.0014488901943, -0.00267572444864, -0.00211855955422, 0.000725283403881, 0.00613175146282, -0.0172937307507, 0.0255120005459]], "cov": [[17950.0820313, 2086.02392578, -613.414916992, 220.311233521, -332.034942627, 194.882125854, -3.19893264771, 575.680358887, 327.726409912, 167.809753418, 116.974395752, 89.137550354, 32.2677879333], [2086.02392578, 823.341491699, -115.958618164, 160.07585144, -47.3357925415, 43.4814567566, 15.6218347549, 126.296989441, 87.391708374, -13.808552742, -13.2228832245, 32.7540626526, 45.8284568787], [-613.414916992, -115.958618164, 415.9112854, 186.157196045, 29.1383132935, 61.3970870972, 25.2017478943, 0.344255954027, 34.4339828491, -31.1905765533, -44.4849281311, 27.9625053406, 23.5660896301], [220.311233521, 160.07585144, 186.157196045, 349.949920654, 60.8645095825, 80.2446060181, 1.76616668701, 4.49374341965, 24.6525440216, -3.63067603111, -29.1440525055, 3.59365129471, 11.3929481506], [-332.034942627, -47.3357925415, 29.1383132935, 60.8645095825, 108.53768158, 34.0581054688, -0.265507221222, -28.3801822662, -15.905090332, 28.1376132965, 24.8395118713, -10.0720033646, -19.1114521027], [194.882125854, 43.4814567566, 61.3970870972, 80.2446060181, 34.0581054688, 103.671592712, 53.520866394, 6.11887264252, -11.907043457, 6.7251162529, 19.9617614746, 15.1155538559, -8.23834609985], [-3.19893264771, 15.6218347549, 25.2017478943, 1.76616668701, -0.265507221222, 53.520866394, 107.511566162, 36.9748077393, -20.4118766785, -4.88961315155, 19.5594997406, 15.3741197586, -3.82791137695], [575.680358887, 126.296989441, 0.344255954027, 4.49374341965, -28.3801822662, 6.11887264252, 36.9748077393, 105.254203796, 57.8899154663, -5.48825120926, -8.80264568329, 19.9556331635, 26.989358902], [327.726409912, 87.391708374, 34.4339828491, 24.6525440216, -15.905090332, -11.907043457, -20.4118766785, 57.8899154663, 106.700775146, 13.5042705536, -24.7451400757, 11.2521219254, 29.3630180359], [167.809753418, -13.808552742, -31.1905765533, -3.63067603111, 28.1376132965, 6.7251162529, -4.88961315155, -5.48825120926, 13.5042705536, 88.9002304077, 54.7766876221, -6.66347122192, -20.7384567261], [116.974395752, -13.2228832245, -44.4849281311, -29.1440525055, 24.8395118713, 19.9617614746, 19.5594997406, -8.80264568329, -24.7451400757, 54.7766876221, 89.5169525146, 16.9426250458, -18.5535907745], [89.137550354, 32.7540626526, 27.9625053406, 3.59365129471, -10.0720033646, 15.1155538559, 15.3741197586, 19.9556331635, 11.2521219254, -6.66347122192, 16.9426250458, 61.1880645752, 37.4554862976], [32.2677879333, 45.8284568787, 23.5660896301, 11.3929481506, -19.1114521027, -8.23834609985, -3.82791137695, 26.989358902, 29.3630180359, -20.7384567261, -18.5535907745, 37.4554862976, 76.1169662476]]}, "spectral_contrast_valleys": {"min": [-28.2256469727, -28.2177410126, -28.0084037781, -27.6470680237, -27.6195926666, -27.4033317566], "max": [-5.63085508347, -5.31722068787, -4.97813272476, -5.61636781693, -5.5807929039, -8.32098770142], "dvar2": [0.357742100954, 0.26958501339, 0.242914348841, 0.224792510271, 0.226080909371, 0.154972359538], "median": [-7.09603357315, -6.6666059494, -6.54375839233, -7.38388252258, -6.62075853348, -9.34358787537], "dmean2": [0.701088726521, 0.555698931217, 0.502921760082, 0.447025239468, 0.378601461649, 0.316642194986], "dmean": [0.441950023174, 0.33926743269, 0.307119637728, 0.286735236645, 0.247610062361, 0.231315717101], "var": [15.1854324341, 15.7655487061, 15.9278287888, 14.8678312302, 15.6425466537, 11.9017705917], "dvar": [0.164103925228, 0.12261094898, 0.115595951676, 0.112006038427, 0.119630858302, 0.0962178632617], "mean": [-7.98851251602, -7.58313512802, -7.50457906723, -8.21112537384, -7.55659866333, -10.2530241013]}, "barkbands_flatness_db": {"min": 0.0349367782474, "max": 0.451939463615, "dvar2": 0.00155481416732, "median": 0.10727122426, "dmean2": 0.0345034003258, "dmean": 0.0206559374928, "var": 0.00226005492732, "dvar": 0.000610880146269, "mean": 0.117028169334}, "dynamic_complexity": 2.6790599823, "spectral_skewness": {"min": -0.0892070829868, "max": 3.71792221069, "dvar2": 0.0602230764925, "median": 1.00276196003, "dmean2": 0.231808319688, "dmean": 0.144558027387, "var": 0.108600109816, "dvar": 0.0242890510708, "mean": 0.975267767906}, "erbbands_flatness_db": {"min": 0.0267748665065, "max": 0.437700599432, "dvar2": 0.000359158526408, "median": 0.140684098005, "dmean2": 0.0213129911572, "dmean": 0.0141355264932, "var": 0.00115405558608, "dvar": 0.000166341298609, "mean": 0.142751425505}, "hfc": {"min": 1.02435307436e-16, "max": 115.399749756, "dvar2": 94.8318405151, "median": 27.0436