{"lowlevel": {"spectral_complexity": {"min": 0, "max": 57, "dvar2": 25.7118358612, "median": 37, "dmean2": 6.44326686859, "dmean": 3.9732003212, "var": 47.707950592, "dvar": 10.3850193024, "mean": 37.0719642639}, "silence_rate_20dB": {"min": 1, "max": 1, "dvar2": 0, "median": 1, "dmean2": 0, "dmean": 0, "var": 0, "dvar": 0, "mean": 1}, "average_loudness": 0.980933189392, "erbbands_spread": {"min": 11.0270681381, "max": 73.3776855469, "dvar2": 92.3021469116, "median": 35.946975708, "dmean2": 10.7804012299, "dmean": 6.74382066727, "var": 89.4779434204, "dvar": 37.0758895874, "mean": 36.6822662354}, "spectral_kurtosis": {"min": -1.18314158916, "max": 13.340763092, "dvar2": 1.47976779938, "median": 3.48062491417, "dmean2": 1.41770172119, "dmean": 0.838966488838, "var": 1.30095267296, "dvar": 0.528016209602, "mean": 3.56106281281}, "barkbands_kurtosis": {"min": -1.70891368389, "max": 33.1234474182, "dvar2": 20.9530963898, "median": -0.544610381126, "dmean2": 2.90350484848, "dmean": 1.6279604435, "var": 6.11768198013, "dvar": 7.37510347366, "mean": 0.285991340876}, "spectral_strongpeak": {"min": 0, "max": 13.2986440659, "dvar2": 2.03404474258, "median": 0.371061325073, "dmean2": 0.936294436455, "dmean": 0.542712271214, "var": 0.951752722263, "dvar": 0.776951909065, "mean": 0.761549055576}, "spectral_spread": {"min": 2201767.5, "max": 40019972, "dvar2": 1377339703300.0, "median": 4041535, "dmean2": 599957.25, "dmean": 396573.34375, "var": 1533789339650.0, "dvar": 871727628288, "mean": 4168254.75}, "spectral_rms": {"min": 3.19209524265e-12, "max": 0.0102534219623, "dvar2": 3.3087853808e-06, "median": 0.00551954796538, "dmean2": 0.00173464138061, "dmean": 0.00106742407661, "var": 2.43386102738e-06, "dvar": 1.30275896026e-06, "mean": 0.00566204357892}, "erbbands": {"min": [1.02639373954e-22, 2.95627444291e-21, 3.60326175618e-20, 4.00336126365e-20, 4.38407857228e-20, 1.97538950385e-19, 2.28991459202e-19, 2.22760333497e-19, 5.78001862201e-19, 1.11168907405e-18, 1.61357966994e-18, 4.98525004778e-19, 1.37455001212e-18, 1.36162914076e-18, 2.84107733847e-18, 1.65040916293e-18, 3.6304700659e-18, 6.34555435539e-18, 7.29501914585e-18, 5.2317808896e-18, 5.78170627725e-18, 7.74258589579e-18, 1.19206908862e-17, 1.59651036373e-17, 1.52444324548e-17, 1.09631135219e-17, 1.34637673676e-17, 1.89148181212e-17, 1.83392526161e-17, 1.23948192328e-17, 1.95754508805e-17, 1.56319566456e-17, 1.2742903452e-17, 1.36455998642e-17, 6.51381240456e-18, 3.87631724293e-18, 2.36640408666e-18, 1.20838628086e-18, 3.21519081191e-19, 3.02006258894e-20], "max": [2.32904052734, 22.3202533722, 33.0385398865, 50.7332801819, 191.078933716, 100.015327454, 452.027404785, 309.608184814, 609.23828125, 708.907592773, 963.745605469, 1434.19934082, 597.652709961, 400.175048828, 307.137237549, 232.125701904, 753.04095459, 921.675292969, 688.318054199, 615.724060059, 609.002746582, 316.171813965, 660.106689453, 372.843139648, 381.260772705, 216.667800903, 113.906135559, 78.2582931519, 121.630844116, 80.2527313232, 79.1558456421, 109.493812561, 54.8756599426, 20.8460788727, 17.6670799255, 6.29282236099, 0.95381718874, 0.185023143888, 0.0105656450614, 0.000268929696176], "dvar2": [0.41686013341, 45.4339408875, 51.5665969849, 157.776443481, 2309.18945312, 217.382461548, 667.043273926, 520.259216309, 3162.54125977, 5898.26123047, 6072.66503906, 9166.91601562, 471.252563477, 683.058227539, 559.205566406, 411.116546631, 5085.94287109, 5082.25830078, 3598.67480469, 3813.63525391, 2470.82348633, 1304.61401367, 3516.42333984, 995.489074707, 483.376312256, 402.852081299, 105.502212524, 101.576263428, 141.160476685, 106.351783752, 48.0255126953, 35.9578514099, 6.03424406052, 2.22342920303, 0.701116919518, 0.117418751121, 0.0085341045633, 0.000522457878105, 2.43262138611e-06, 1.67657865369e-09], "median": [0.106526136398, 1.23308336735, 2.3404917717, 3.62567734718, 2.9741563797, 4.98502159119, 6.51466083527, 5.98925733566, 4.39691638947, 8.17655754089, 11.5083332062, 11.2089834213, 11.4344081879, 16.9227981567, 17.8556518555, 21.8684387207, 43.6649856567, 39.5989303589, 35.06690979, 34.6117324829, 48.996181488, 44.31772995, 56.2503662109, 29.7346305847, 21.4824867249, 20.0344696045, 17.967250824, 16.1457424164, 7.84783554077, 4.7781920433, 3.3588681221, 2.06868839264, 0.95563352108, 0.528243303299, 0.269666701555, 0.122061625123, 0.0380952581763, 0.00601832661778, 0.000491328770295, 5.40168766747e-05], "dmean2": [0.347177326679, 3.91151618958, 4.79845762253, 7.82129526138, 20.8626041412, 10.2971086502, 12.4624948502, 10.5601701736, 26.4622859955, 41.616733551, 34.7262840271, 33.6200408936, 13.8872613907, 18.4859046936, 18.3453903198, 19.7278900146, 51.1186790466, 42.5689086914, 41.0856933594, 42.7323112488, 44.1626167297, 34.7210121155, 48.8727302551, 24.1179695129, 16.6875686646, 15.2875871658, 10.7124900818, 10.8505582809, 8.5976266861, 6.92180538177, 4.58460950851, 2.90376996994, 1.08754658699, 0.633739352226, 0.410457164049, 0.19837705791, 0.0628514066339, 0.0129884034395, 0.000900815764908, 3.58264878741e-05], "dmean": [0.20073993504, 2.17268180847, 2.7411043644, 4.38147974014, 11.5476312637, 6.15610980988, 7.49277687073, 6.59531354904, 17.2531166077, 26.641752243, 22.4954013824, 21.1327667236, 8.90260505676, 11.3470516205, 11.0182638168, 11.8848600388, 30.5154209137, 25.5397586823, 25.5810489655, 26.9173202515, 27.2658481598, 21.2256736755, 29.9873142242, 14.5777950287, 10.0023059845, 9.27188205719, 6.29844713211, 6.40718603134, 5.48572731018, 4.36426401138, 2.87304663658, 1.82277095318, 0.682903707027, 0.39576458931, 0.245210409164, 0.118880115449, 0.0382396280766, 0.00796948373318, 0.000560957705602, 2.29421621043e-05], "var": [0.135273769498, 12.7841482162, 17.4348602295, 42.0463752747, 551.563293457, 110.352928162, 338.978942871, 261.114837646, 3110.43139648, 5467.21679688, 6178.23681641, 7204.65917969, 652.340087891, 491.754699707, 369.337036133, 371.048095703, 3626.1784668, 2263.80273438, 2780.25927734, 3196.82543945, 2523.22949219, 1316.64782715, 2664.35351562, 871.758239746, 349.052886963, 439.644012451, 106.537910461, 75.7020263672, 133.688491821, 81.3822784424, 42.8834991455, 33.3546333313, 3.77646350861, 1.07258677483, 0.277212262154, 0.0503662861884, 0.00443924684078, 0.000234833234572, 1.11816564186e-06, 1.16000364869e-09], "dvar": [0.156283661723, 15.5340681076, 17.1331348419, 57.0330352783, 841.897705078, 83.8935928345, 268.686004639, 217.424331665, 1396.07434082, 2496.32495117, 2738.81298828, 3949.51757812, 271.14465332, 272.433105469, 216.133392334, 168.62449646, 2022.67041016, 1876.13305664, 1482.85852051, 1555.39233398, 1076.6706543, 525.162475586, 1359.72436523, 379.167175293, 186.141342163, 160.400283813, 39.5869979858, 37.497505188, 60.1405715942, 45.0027770996, 20.4402637482, 17.0330104828, 2.63782763481, 0.925501346588, 0.275775074959, 0.0460821986198, 0.00354172196239, 0.000220271773287, 1.01798877949e-06, 7.55329632174e-10], "mean": [0.234423175454, 2.45729541779, 3.91528081894, 5.39659690857, 9.48219776154, 8.63469600677, 11.1134634018, 9.75708866119, 25.5380725861, 39.9525299072, 34.9697151184, 32.8543281555, 16.6136627197, 22.4989967346, 22.4145793915, 26.3071269989, 58.511089325, 50.6914634705, 50.2808036804, 53.4768066406, 62.8413467407, 54.0076065063, 70.5022888184, 38.4485702515, 26.7531070709, 25.9904823303, 20.127166748, 17.9919834137, 11.9762907028, 8.23223495483, 5.73993444443, 3.45715236664, 1.33969640732, 0.739535629749, 0.386373728514, 0.177390813828, 0.0575723983347, 0.0108058014885, 0.000819142966066, 6.26034088782e-05]}, "zerocrossingrate": {"min": 0.0224609375, "max": 0.5244140625, "dvar2": 0.000171987034264, "median": 0.0732421875, "dmean2": 0.0137175368145, "dmean": 0.0108739584684, "var": 0.00229070708156, "dvar": 0.000128005252918, "mean": 0.0782212838531}, "spectral_contrast_coeffs": {"min": [-0.972433447838, -0.972268402576, -0.969714403152, -0.95918238163, -0.963054776192, -0.962307870388], "max": [-0.344777137041, -0.466974318027, -0.595014989376, -0.620411217213, -0.670862197876, -0.574725270271], "dvar2": [0.00806627329439, 0.00442664045841, 0.00200385088101, 0.00135472649708, 0.000651541631669, 0.000517581182066], "median": [-0.687693893909, -0.745872855186, -0.810622215271, -0.791243731976, -0.794593334198, -0.709502518177], "dmean2": [0.0970437377691, 0.0841489881277, 0.0572470128536, 0.0470570735633, 0.0330785177648, 0.0279341414571], "dmean": [0.0583582445979, 0.0528462976217, 0.0342729799449, 0.0282308515161, 0.0197720769793, 0.0176338907331], "var": [0.00537080038339, 0.00646618567407, 0.00189622945618, 0.00137149181683, 0.000889766088221, 0.00129290937912], "dvar": [0.00305569870397, 0.00177440780681, 0.000740190444048, 0.000504766940139, 0.000239521206822, 0.000236762556597], "mean": [-0.677874624729, -0.734859347343, -0.807358622551, -0.790645897388, -0.792686283588, -0.710537016392]}, "dissonance": {"min": 0.404227226973, "max": 0.5, "dvar2": 0.000166580910445, "median": 0.489078879356, "dmean2": 0.0135392835364, "dmean": 0.008067346178, "var": 0.000111630448373, "dvar": 6.20067003183e-05, "mean": 0.48621815443}, "spectral_energyband_high": {"min": 7.09663531448e-21, "max": 0.0073849670589, "dvar2": 6.71478346703e-07, "median": 0.0012984102359, "dmean2": 0.000730087282136, "dmean": 0.000458423921373, "var": 7.55605640279e-07, "dvar": 2.81588910411e-07, "mean": 0.00152687390801}, "gfcc": {"mean": [48.7417602539, 71.8211517334, -127.558860779, 45.5238647461, -42.5214805603, 17.0680942535, -31.3457946777, 9.57763290405, -20.4291000366, 6.73787260056, -17.1166744232, 3.55529785156, -14.560968399], "icov": [[0.000422412616899, -0.00128724938259, 0.000662716745865, -0.000728043203708, 0.00102042360231, -0.00172089075204, 0.00192122138105, -0.00182422448415, 0.00139941764064, -0.00124110234901, 0.00186341768131, -0.00171828246675, 0.00160123792011], [-0.00128724938259, 0.00906084198505, 0.000463441887405, -0.00121930742171, -0.00282408320345, 0.00726932659745, -0.00685010803863, 0.00632671872154, -0.00452628917992, 0.00149144139141, -0.00616631610319, 0.00813462305814, -0.00599982170388], [0.000662716745865, 0.000463441887405, 0.0065034981817, -0.000648898130748, -0.00107909727376, -0.00314605841413, 0.0035836417228, -0.00122354424093, 7.45051074773e-05, -0.000720160373021, 0.00130330806132, -0.00391179788858, 0.00379727315158], [-0.000728043203708, -0.00121930742171, -0.000648898130748, 0.016381168738, -0.00554954679683, -0.00128084747121, -0.00223614787683, 0.00386355514638, -0.00526669574901, 0.00943113490939, -0.00659587234259, -0.00359547859989, -0.00158331275452], [0.00102042360231, -0.00282408320345, -0.00107909727376, -0.00554954679683, 0.0170306544751, -0.00597805529833, -0.00261415936984, -0.0055525014177, 0.00884822942317, -0.00838527549058, 0.00571276945993, -0.00177693727892, -0.00341909471899], [-0.00172089075204, 0.00726932659745, -0.00314605841413, -0.00128084747121, -0.00597805529833, 0.0213858615607, -0.0101364562288, 0.00261415890418, -0.00327540072612, 0.00558266509324, -0.00731837563217, 0.00615581683815, -0.00491781113669], [0.00192122138105, -0.00685010803863, 0.0035836417228, -0.00223614787683, -0.00261415936984, -0.0101364562288, 0.028600146994, -0.0154504049569, 0.00386317726225, -0.000786130374763, 0.00358373578638, -0.00208117975853, 0.0061249951832], [-0.00182422448415, 0.00632671872154, -0.00122354424093, 0.00386355514638, -0.0055525014177, 0.00261415890418, -0.0154504049569, 0.032425455749, -0.0112713342533, -0.00451355567202, -0.00173352740239, 0.00717485416681, -0.0102594671771], [0.00139941764064, -0.00452628917992, 7.45051074773e-05, -0.00526669574901, 0.00884822942317, -0.00327540072612, 0.00386317726225, -0.0112713342533, 0.0180109683424, -0.0102545600384, 0.00406888220459, -0.00393241643906, 0.00803275406361], [-0.00124110234901, 0.00149144139141, -0.000720160373021, 0.00943113490939, -0.00838527549058, 0.00558266509324, -0.000786130374763, -0.00451355567202, -0.0102545600384, 0.0387018732727, -0.0188397746533, -0.00228693429381, 0.00358779798262], [0.00186341768131, -0.00616631610319, 0.00130330806132, -0.00659587234259, 0.00571276945993, -0.00731837563217, 0.00358373578638, -0.00173352740239, 0.00406888220459, -0.0188397746533, 0.035769790411, -0.0116346050054, -0.00123380008154], [-0.00171828246675, 0.00813462305814, -0.00391179788858, -0.00359547859989, -0.00177693727892, 0.00615581683815, -0.00208117975853, 0.00717485416681, -0.00393241643906, -0.00228693429381, -0.0116346050054, 0.0365303829312, -0.0181722454727], [0.00160123792011, -0.00599982170388, 0.00379727315158, -0.00158331275452, -0.00341909471899, -0.00491781113669, 0.0061249951832, -0.0102594671771, 0.00803275406361, 0.00358779798262, -0.00123380008154, -0.0181722454727, 0.03753394261]], "cov": [[15593.375, 1100.10668945, -1158.35534668, 229.340194702, -552.648254395, 121.914001465, -440.826965332, 129.177749634, -152.840179443, 89.4579772949, -298.757873535, 60.8052825928, -245.859268188], [1100.10668945, 377.019348145, -190.92565918, 58.6909561157, -19.0443534851, -46.4653282166, 21.4781913757, 4.68438386917, 25.152759552, 17.9950885773, 14.3810997009, -29.0829944611, 4.36815261841], [-1158.35534668, -190.92565918, 319.576049805, -7.36321878433, 61.7660598755, 40.5327720642, 5.04805040359, -5.71608734131, 7.88643407822, -2.06536388397, 20.3928871155, 30.7367954254, 8.86764431], [229.340194702, 58.6909561157, -7.36321878433, 117.953437805, 51.6184768677, 37.6466217041, 23.3931159973, 5.43910980225, -5.32183456421, -8.32604217529, 22.7555866241, 24.6821689606, 27.2553005219], [-552.648254395, -19.0443534851, 61.7660598755, 51.6184768677, 190.921646118, 71.0066757202, 82.1362304688, 33.5756912231, -51.2241287231, 2.40978622437, 24.9159984589, 17.165643692, 58.792388916], [121.914001465, -46.4653282166, 40.5327720642, 37.6466217041, 71.0066757202, 117.042655945, 41.9854660034, 30.8578929901, -23.3949508667, -3.66599583626, 6.9524974823, 13.8787965775, 20.550945282], [-440.826965332, 21.4781913757, 5.04805040359, 23.3931159973, 82.1362304688, 41.9854660034, 108.301048279, 43.5026054382, 3.62373924255, 5.07822084427, 17.507686615, -9.62090778351, 24.5729980469], [129.177749634, 4.68438386917, -5.71608734131, 5.43910980225, 33.5756912231, 30.8578929901, 43.5026054382, 77.3615188599, 30.238779068, 25.1502971649, 5.49783086777, -0.682051539421, 8.16911029816], [-152.840179443, 25.152759552, 7.88643407822, -5.32183456421, -51.2241287231, -23.3949508667, 3.62373924255, 30.238779068, 140.00881958, 38.7041893005, 16.5820713043, -7.56622362137, -27.3202533722], [89.4579772949, 17.9950885773, -2.06536388397, -8.32604217529, 2.40978622437, -3.66599583626, 5.07822084427, 25.1502971649, 38.7041893005, 57.5779838562, 25.3407649994, 9.19692993164, -3.79832458496], [-298.757873535, 14.3810997009, 20.3928871155, 22.7555866241, 24.9159984589, 6.9524974823, 17.507686615, 5.49783086777, 16.5820713043, 25.3407649994, 64.9988937378, 22.5717849731, 22.8611278534], [60.8052825928, -29.0829944611, 30.7367954254, 24.6821689606, 17.165643692, 13.8787965775, -9.62090778351, -0.682051539421, -7.56622362137, 9.19692993164, 22.5717849731, 60.5144500732, 26.2347946167], [-245.859268188, 4.36815261841, 8.86764431, 27.2553005219, 58.792388916, 20.550945282, 24.5729980469, 8.16911029816, -27.3202533722, -3.79832458496, 22.8611278534, 26.2347946167, 64.0163879395]]}, "spectral_flux": {"min": 1.02196917595e-10, "max": 0.293834865093, "dvar2": 0.00250620557927, "median": 0.10056309402, "dmean2": 0.0542735718191, "dmean": 0.0342312566936, "var": 0.00236262311228, "dvar": 0.0012238874333, "mean": 0.11150393635}, "silence_rate_30dB": {"min": 1, "max": 1, "dvar2": 0, "median": 1, "dmean2": 0, "dmean": 0, "var": 0, "dvar": 0, "mean": 1}, "spectral_energyband_middle_high": {"min": 1.55241333507e-21, "max": 0.0280986409634, "dvar2": 9.72648467723e-06, "median": 0.00824459269643, "dmean2": 0.00325915263966, "dmean": 0.00205423985608, "var": 1.53493183461e-05, "dvar": 4.07212837672e-06, "mean": 0.00896152388304}, "barkbands_spread": {"min": 6.86023759842, "max": 80.7275238037, "dvar2": 128.882400513, "median": 35.990272522, "dmean2": 12.3130903244, "dmean": 7.43554258347, "var": 97.730682373, "dvar": 47.9649238586, "mean": 35.0808258057}, "spectral_centroid": {"min": 819.340026855, "max": 11088.9638672, "dvar2": 184422.34375, "median": 2055.11669922, "dmean2": 434.736053467, "dmean": 271.666046143, "var": 238174.84375, "dvar": 93940.9140625, "mean": 2033.82299805}, "pitch_salience": {"min": 0.164168432355, "max": 0.959575295448, "dvar2": 0.0237206928432, "median": 0.573385775089, "dmean2": 0.152543753386, "dmean": 0.0893155708909, "var": 0.0128421066329, "dvar": 0.00832587387413, "mean": 0.561007678509}, "erbbands_skewness": {"min": -1.77321815491, "max": 2.08262896538, "dvar2": 0.132062911987, "median": -0.411190837622, "dmean2": 0.424546927214, "dmean": 0.26812312007, "var": 0.192172557116, "dvar": 0.0531911030412, "mean": -0.343503624201}, "erbbands_crest": {"min": 2.16651201248, "max": 26.1222324371, "dvar2": 11.4563360214, "median": 5.89026641846, "dmean2": 3.38002061844, "dmean": 2.03440213203, "var": 9.02311706543, "dvar": 4.4902677536, "mean": 6.74394512177}, "melbands": {"min": [1.67083678233e-24, 1.89814701272e-23, 8.09688331955e-24, 7.67125026269e-24, 7.85845957727e-24, 5.39284050256e-24, 1.08199443897e-23, 1.35528007457e-23, 1.17518912525e-23, 3.2279933834e-24, 6.72000234013e-24, 5.05329070869e-24, 9.0756120006e-24, 4.71081621302e-24, 2.91949650742e-24, 7.64828967718e-24, 1.22804296367e-23, 1.40794853067e-23, 4.66418743377e-24, 8.8329615416e-24, 6.0828602918e-24, 7.88699030963e-24, 8.8152169044e-24, 9.51383369978e-24, 1.34261428164e-23, 1.06209834142e-23, 1.10358114432e-23, 6.14727551787e-24, 6.77791104146e-24, 1.04567670284e-23, 1.17357803462e-23, 1.16080377332e-23, 7.6763691811e-24, 5.81606319492e-24, 8.10870361135e-24, 1.44594717162e-23, 7.766595936e-24, 8.45401721742e-24, 8.24291488374e-24, 1.138978122e-23], "max": [0.0236263033003, 0.0215123854578, 0.0143519490957, 0.0105282105505, 0.0120425829664, 0.0062991194427, 0.00778864882886, 0.00660412665457, 0.0065909717232, 0.00848438870162, 0.00288724340498, 0.00182568340097, 0.00157433131244, 0.000602502550464, 0.00122713146266, 0.00125292921439, 0.00195432081819, 0.00123654305935, 0.00106566154864, 0.000660652585793, 0.000844701309688, 0.000469717255328, 0.000461033778265, 0.000596134283114, 0.000299283768982, 0.0006020651781, 0.000122558325529, 0.000193144660443, 7.10111635271e-05, 5.40692526556e-05, 5.09292403876e-05, 8.40596694616e-05, 6.28880079603e-05, 4.45994592155e-05, 3.80706114811e-05, 6.6951601184e-05, 8.93039468792e-05, 5.26745716343e-05, 2.62189350906e-05, 2.25465464609e-05], "dvar2": [4.72070314572e-05, 3.02943280985e-05, 1.34305573738e-05, 4.69479664389e-06, 5.71218492951e-07, 2.64687315621e-07, 7.8329412645e-07, 6.3891445734e-07, 4.41119709649e-07, 2.82754683667e-07, 1.16087894853e-08, 1.27448673837e-08, 9.96101601203e-09, 3.54000095903e-09, 1.10839826206e-08, 1.70023835011e-08, 2.06032968464e-08, 1.31601458619e-08, 6.80199008229e-09, 6.54297460656e-09, 4.58546667303e-09, 2.09188066869e-09, 2.63475197215e-09, 3.85092491229e-09, 7.47245487709e-10, 1.03191355461e-09, 1.15049567095e-10, 2.51972498422e-10, 6.30348342967e-11, 3.86123667762e-11, 4.34830019214e-11, 5.37153377334e-11, 5.27345146717e-11, 3.50296666674e-11, 1.95216308396e-11, 2.34706611785e-11, 1.34855217271e-11, 3.86775420719e-12, 3.41265861056e-12, 1.41556287091e-12], "median": [0.00127630354837, 0.00154364423361, 0.000625011452939, 0.000280980195384, 0.000243414251599, 0.000126079714391, 6.49357243674e-05, 8.99681181181e-05, 8.90786541277e-05, 6.40389334876e-05, 5.19299937878e-05, 6.63589598844e-05, 5.76876882405e-05, 5.08219018229e-05, 7.3399489338e-05, 9.78573370958e-05, 6.87342180754e-05, 5.86318201385e-05, 3.74443588953e-05, 5.33206693945e-05, 5.62347340747e-05, 4.52380045317e-05, 4.17426854256e-05, 4.98714580317e-05, 1.94775348064e-05, 1.88700432773e-05, 1.13537134894e-05, 1.37205606734e-05, 1.13455826067e-05, 9.94412584987e-06, 8.66284062795e-06, 4.23339542976e-06, 3.29890917783e-06, 2.41153816205e-06, 1.98890393222e-06, 1.7375484731e-06, 9.09457753551e-07, 5.62479954169e-07, 6.77482830724e-07, 3.57430849363e-07], "dmean2": [0.00382216786966, 0.00345164886676, 0.00190610357095, 0.00108871120028, 0.000419003335992, 0.000241984103923, 0.000436803878983, 0.000441844254965, 0.000290758820483, 0.000190968246898, 6.92267058184e-05, 7.82266361057e-05, 6.96412826073e-05, 5.66253511352e-05, 8.47566261655e-05, 0.000107353189378, 8.36337640067e-05, 7.57883608458e-05, 5.60258486075e-05, 6.19762213319e-05, 5.71595155634e-05, 4.28194871347e-05, 4.30764848716e-05, 4.95944877912e-05, 1.95414122572e-05, 1.97480512725e-05, 9.57057363848e-06, 1.19963733596e-05, 7.99959980213e-06, 6.53807546769e-06, 6.89352236805e-06, 5.12979249834e-06, 4.82906762045e-06, 3.98061320084e-06, 3.00853230328e-06, 2.54260362453e-06, 1.48549622736e-06, 6.96499739661e-07, 8.18844455353e-07, 4.86612350414e-07], "dmean": [0.00216340040788, 0.00196434184909, 0.00106002716348, 0.000617398007307, 0.000254104525084, 0.000150454128743, 0.000285750953481, 0.000284832814941, 0.000186620571185, 0.000121010634757, 4.4058302592e-05, 4.79331065435e-05, 4.19249772676e-05, 3.38902354997e-05, 5.08981502207e-05, 6.40983125777e-05, 5.00421156175e-05, 4.66394085379e-05, 3.49483998434e-05, 3.80131932616e-05, 3.52379247488e-05, 2.58392792603e-05, 2.64171721938e-05, 2.99358471239e-05, 1.17084209705e-05, 1.16159553727e-05, 5.82381380809e-06, 7.21472451914e-06, 4.72672900287e-06, 3.83076348953e-06, 4.1164121285e-06, 3.27430643665e-06, 3.03269303004e-06, 2.47666389441e-06, 1.85995259017e-06, 1.58187094712e-06, 9.41366636198e-07, 4.38577814066e-07, 4.97715802794e-07, 3.02412217934e-07], "var": [1.45117974171e-05, 9.25701351662e-06, 3.28991723109e-06, 1.29472618937e-06, 3.25513582311e-07, 1.33410367198e-07, 7.84877556725e-07, 6.42873601464e-07, 3.73445487867e-07, 2.35466259824e-07, 1.57069717233e-08, 8.91439810857e-09, 6.71220057313e-09, 2.39759101461e-09, 1.029749086e-08, 1.17413794243e-08, 8.62418048087e-09, 8.8496943107e-09, 5.90430193625e-09, 4.92556928577e-09, 4.27230961719e-09, 1.7975054778e-09, 2.15555040484e-09, 2.74034839265e-09, 5.87351112191e-10, 5.6818738603e-10, 1.06714463655e-10, 2.56388688058e-10, 5.42062887632e-11, 2.75198839411e-11, 3.19550601258e-11, 4.79097039818e-11, 4.07566376481e-11, 2.51671097157e-11, 1.62318613411e-11, 1.53246252493e-11, 1.28997324975e-11, 2.18056865967e-12, 1.38747498733e-12, 6.80633175688e-13], "dvar": [1.70124476426e-05, 1.01848008853e-05, 4.8643601076e-06, 1.73678176907e-06, 2.34615328054e-07, 1.09494905587e-07, 3.43346698628e-07, 2.7181039286e-07, 1.84229634215e-07, 1.25213858837e-07, 6.57210996735e-09, 5.06285280366e-09, 3.88172471943e-09, 1.37323463711e-09, 4.52957804598e-09, 6.76179956471e-09, 7.52998996489e-09, 5.28944088529e-09, 2.81399326063e-09, 2.61656407652e-09, 1.99232430553e-09, 8.39468938807e-10, 1.03696196074e-09, 1.48930257016e-09, 2.84768597592e-10, 3.92317983655e-10, 4.51450335448e-11, 1.00315311613e-10, 2.33528960059e-11, 1.38428296603e-11, 1.61737324922e-11, 2.25179701274e-11, 2.18545875841e-11, 1.47749382173e-11, 8.18054044643e-12, 9.431806898e-12, 6.6860076503e-12, 1.6834910202e-12, 1.33352985772e-12, 5.94681530582e-13], "mean": [0.00255285599269, 0.00257452414371, 0.00111769489013, 0.000639081466943, 0.000396225659642, 0.000217718057684, 0.000422790908488, 0.000434280227637, 0.000280521460809, 0.000186514371308, 7.74851723691e-05, 9.0822497441e-05, 7.87811368355e-05, 6.29626592854e-05, 9.82643832685e-05, 0.000124873025925, 9.0793655545e-05, 8.48932613735e-05, 6.34616371826e-05, 7.47840967961e-05, 7.39610986784e-05, 5.63624635106e-05, 5.6701250287e-05, 6.38332348899e-05, 2.67376890406e-05, 2.49705790338e-05, 1.43685401781e-05, 1.80732986337e-05, 1.29031986944e-05, 1.09259808596e-05, 1.00245488284e-05, 6.65467268846e-06, 5.63123103348e-06, 4.34724734077e-06, 3.47260834133e-06, 2.92833601634e-06, 1.6384464061e-06, 8.18058708774e-07, 9.15510270261e-07, 5.24202278029e-07]}, "spectral_entropy": {"min": 7.37687063217, "max": 9.80956935883, "dvar2": 0.0165200773627, "median": 7.95573759079, "dmean2": 0.136337399483, "dmean": 0.0851023495197, "var": 0.027513647452, "dvar": 0.0072578205727, "mean": 7.96042251587}, "spectral_rolloff": {"min": 86.1328125, "max": 19466.015625, "dvar2": 1253266.5, "median": 2239.453125, "dmean2": 1117.8125, "dmean": 659.652526855, "var": 3632710.5, "dvar": 579559.1875, "mean": 2312.21362305}, "barkbands": {"min": [8.91966208825e-25, 6.62445314071e-24, 3.01439371331e-23, 1.63552795985e-23, 3.74565893721e-23, 3.12462598076e-23, 9.38247431734e-23, 7.18721578198e-23, 3.45143369885e-23, 4.08694162182e-23, 6.24908093648e-23, 4.16983891227e-23, 7.62885798205e-23, 1.66427209487e-22, 5.61070944842e-23, 1.01215808186e-22, 1.20545355299e-22, 2.20687082032e-22, 3.20096354569e-22, 2.49122879714e-22, 4.60602680182e-22, 5.048793602e-22, 6.09155361786e-22, 7.17497291317e-22, 1.12708548534e-21, 1.36040595389e-21, 2.23936694188e-21], "max": [0.00547146983445, 0.0892210826278, 0.0209176242352, 0.0350793078542, 0.0406805723906, 0.0523996911943, 0.0358322709799, 0.0404941029847, 0.0492137745023, 0.0118908835575, 0.0123412879184, 0.00535999471322, 0.0145359989256, 0.0165665503591, 0.011315535754, 0.00888939201832, 0.00820540450513, 0.00974653754383, 0.0112440371886, 0.00376978842542, 0.00171516265254, 0.00306393625215, 0.00272402330302, 0.00478717777878, 0.00233755866066, 0.000674193957821, 7.91658239905e-05], "dvar2": [3.98698887238e-07, 0.000750483712181, 2.19951434701e-05, 7.73217470851e-05, 6.08356131124e-05, 9.76060528046e-06, 2.10569123738e-05, 1.30018288473e-05, 1.35758109536e-05, 5.83476264637e-07, 5.31811224391e-07, 2.8759816928e-07, 1.98766883841e-06, 2.15978548113e-06, 1.1730269307e-06, 9.78024559117e-07, 5.95464086928e-07, 1.08474137051e-06, 4.59266715325e-07, 1.17462548133e-07, 5.06267987532e-08, 1.0108390569e-07, 6.78215243965e-08, 4.18296828286e-08, 1.52659076491e-08, 3.21224002953e-09, 1.28364679997e-10], "median": [4.04973616241e-05, 0.00515855802223, 0.00167976669036, 0.00118401832879, 0.00134710955899, 0.000730251660571, 0.000306299567455, 0.000376075098757, 0.00044531468302, 0.000437815091573, 0.000384986866266, 0.000469795893878, 0.000966629595496, 0.000767217599787, 0.000496394233778, 0.000857836334035, 0.000769173551816, 0.000996711780317, 0.000441863463493, 0.00041555397911, 0.000429406703915, 0.000201429997105, 0.000126097060274, 7.59410759201e-05, 4.17313058279e-05, 2.26263000513e-05, 2.74072090178e-06], "dmean2": [0.000301249761833, 0.0156636051834, 0.00330859120004, 0.00440778257325, 0.00430729333311, 0.00141426885966, 0.00246418942697, 0.0017406247789, 0.00137693644501, 0.000542025896721, 0.000498499954119, 0.000513507809956, 0.00109314895235, 0.000931255694013, 0.000764475844335, 0.000873334764037, 0.000708627514541, 0.000887309608515, 0.000428943836596, 0.000293015851639, 0.000247154122917, 0.000230937526794, 0.000176165645826, 9.39883466344e-05, 5.56036829948e-05, 3.68448309018e-05, 6.28352700005e-06], "dmean": [0.000180058734259, 0.00878054462373, 0.00188054912724, 0.00244565634057, 0.00248666154221, 0.000857711827848, 0.00160117947962, 0.00112814619206, 0.000873808050528, 0.000337841513101, 0.000301343825413, 0.000305698427837, 0.000653691007756, 0.000558377767447, 0.000477256107843, 0.000532027159352, 0.000431982043665, 0.000543622882105, 0.000253733567661, 0.000177564841579, 0.000143830198795, 0.000147226644913, 0.000110368942842, 5.96278769081e-05, 3.37774981745e-05, 2.23660736083e-05, 3.86089232052e-06], "var": [1.31038035533e-07, 0.000222025759285, 8.90626506589e-06, 1.86943252629e-05, 1.90331847989e-05, 4.29220426668e-06, 2.07945849979e-05, 1.51054300659e-05, 1.02819667518e-05, 4.2736934347e-07, 3.59973739705e-07, 1.99286816382e-07, 1.46695322201e-06, 1.02993362816e-06, 1.07212690637e-06, 8.72443024491e-07, 5.66053302009e-07, 8.64921616994e-07, 2.96878368999e-07, 1.40759979672e-07, 4.00843873649e-08, 9.41678521826e-08, 5.97087463916e-08, 3.64476306913e-08, 6.61826371484e-09, 1.60028212903e-09, 5.52820879351e-11], "dvar": [1.50068316884e-07, 0.000262768066023, 7.42185193303e-06, 2.78790466837e-05, 2.27673881454e-05, 3.89620936403e-06, 9.16453063837e-06, 6.0605575527e-06, 5.70048860027e-06, 2.3522594006e-07, 2.06435586847e-07, 1.14880812419e-07, 7.97450468326e-07, 8.00260352207e-07, 5.06372714426e-07, 4.06891103921e-07, 2.50561441817e-07, 4.23182825671e-07, 1.73568267314e-07, 4.7598582853e-08, 1.88276558788e-08, 4.32680486995e-08, 2.8807843222e-08, 1.9866003953e-08, 6.17890627552e-09, 1.3190696313e-09, 5.35643855659e-11], "mean": [0.000169765582541, 0.0101793818176, 0.00274785025977, 0.00236908113584, 0.00281136180274, 0.00123355491087, 0.00233948952518, 0.00166654004715, 0.00130546337459, 0.000596742844209, 0.000539502943866, 0.000572151446249, 0.00126934645232, 0.00102333817631, 0.000861409527715, 0.00112696900032, 0.000965431157965, 0.00125905533787, 0.000590331561398, 0.000520815781783, 0.000465949851787, 0.000310544623062, 0.000217633292777, 0.00011546681344, 5.87707654631e-05, 3.39801954397e-05, 5.05048228661e-06]}, "melbands_flatness_db": {"min": 0.00729568069801, "max": 0.359055459499, "dvar2": 0.00273200497031, "median": 0.137803569436, "dmean2": 0.0509608350694, "dmean": 0.0301020462066, "var": 0.00182435510214, "dvar": 0.00101220642682, "mean": 0.144115224481}, "melbands_skewness": {"min": -0.397603541613, "max": 11.0597848892, "dvar2": 2.69815063477, "median": 1.94020140171, "dmean2": 1.41359531879, "dmean": 0.831537187099, "var": 1.38246297836, "dvar": 0.970827996731, "mean": 2.19246411324}, "barkbands_skewness": {"min": -2.19310164452, "max": 5.75138378143, "dvar2": 1.06497097015, "median": 0.766601979733, "dmean2": 0.962401211262, "dmean": 0.570688247681, "var": 0.640270709991, "dvar": 0.385014057159, "mean": 0.876870632172}, "silence_rate_60dB": {"min": 0, "max": 1, "dvar2": 0.00248752697371, "median": 0, "dmean2": 0.00249376567081, "dmean": 0.00124649424106, "var": 0.0153333172202, "dvar": 0.00124505511485, "mean": 0.0155763244256}, "spectral_energyband_low": {"min": 8.26529707643e-23, "max": 0.097057595849, "dvar2": 0.000784414238296, "median": 0.00870541483164, "dmean2": 0.0172330383211, "dmean": 0.0098406272009, "var": 0.000264085858362, "dvar": 0.000281468295725, "mean": 0.014097805135}, "spectral_energyband_middle_low": {"min": 4.05564649997e-22, "max": 0.0761896669865, "dvar2": 0.00030221149791, "median": 0.00771189387888, "dmean2": 0.0113619985059, "dmean": 0.00691778445616, "var": 0.000132478293381, "dvar": 0.000115136928798, "mean": 0.0118533978239}, "melbands_kurtosis": {"min": -1.6389503479, "max": 137.773605347, "dvar2": 266.774963379, "median": 3.74030065536, "dmean2": 10.195019722, "dmean": 5.7756896019, "var": 82.0955047607, "dvar": 93.8010940552, "mean": 6.41998291016}, "spectral_decrease": {"min": -2.80002065978e-08, "max": 1.26747980533e-19, "dvar2": 5.05586653939e-17, "median": -7.4059962607e-09, "dmean2": 6.10679995461e-09, "dmean": 3.62997898407e-09, "var": 2.32182467647e-17, "dvar": 1.9034461525e-17, "mean": -8.59227711203e-09}, "erbbands_kurtosis": {"min": -1.41589665413, "max": 5.21086502075, "dvar2": 0.667822539806, "median": -0.0783987045288, "dmean2": 0.884935557842, "dmean": 0.552340388298, "var": 0.651647210121, "dvar": 0.26336735487, "mean": 0.0229324195534}, "melbands_crest": {"min": 2.21601915359, "max": 29.0967082977, "dvar2": 29.4463176727, "median": 12.6165275574, "dmean2": 6.21001195908, "dmean": 3.75123429298, "var": 21.236738205, "dvar": 10.7529335022, "mean": 13.214217186}, "melbands_spread": {"min": 3.361358881, "max": 144.742385864, "dvar2": 284.113555908, "median": 36.8271789551, "dmean2": 19.4335803986, "dmean": 11.7863483429, "var": 319.510681152, "dvar": 107.585258484, "mean": 38.1752433777}, "spectral_energy": {"min": 1.04442094041e-20, "max": 0.107760988176, "dvar2": 0.000715942762326, "median": 0.0312270447612, "dmean2": 0.0232945457101, "dmean": 0.0139555716887, "var": 0.000346681365045, "dvar": 0.000271262862952, "mean": 0.0353549718857}, "mfcc": {"mean": [-582.517578125, 99.2308578491, -18.331987381, 32.3975219727, 8.8559923172, 14.875743866, 2.26313757896, 7.21429920197, 2.21334433556, 2.1385383606, 3.17780184746, 6.1155371666, -2.8698887825], "icov": [[0.000381208927138, -0.000910027476493, 8.43648886075e-05, 0.000152541237185, -0.00035268854117, -0.000364118983271, 0.000629131041933, -0.000843407935463, 0.000584163586609, -9.00889717741e-05, 7.53317654016e-05, 4.63835858682e-05, 0.000130451779114], [-0.000910027476493, 0.007311897818, 0.000877862155903, -0.00458080507815, 0.00192893261556, 3.45853368344e-05, -0.0013725166209, 0.00496885320172, -0.00259140995331, -0.000382733764127, -0.00179880030919, -0.00109066010918, 0.00145331327803], [8.43648886075e-05, 0.000877862155903, 0.00856701564044, 0.0017816205509, -0.0034426371567, -0.00048866297584, 0.00231365673244, -0.00336307799444, 0.00444632489234, 0.000132394736283, -0.00148985674605, 0.00207223673351, -0.00270308065228], [0.000152541237185, -0.00458080507815, 0.0017816205509, 0.014962057583, -0.00336906127632, -0.000863423279952, 0.000135307476739, -0.0045502576977, 0.00131512770895, 0.00204612594098, 0.00126121554058, 0.000418379990151, -0.004478469491], [-0.00035268854117, 0.00192893261556, -0.0034426371567, -0.00336906127632, 0.0187424402684, -0.00655393162742, -0.00353467534296, 0.00268300133757, -0.00564668700099, 0.000911882496439, 0.00408435286954, -0.00451804045588, 0.00088314153254], [-0.000364118983271, 3.45853368344e-05, -0.00048866297584, -0.000863423279952, -0.00655393162742, 0.0230848286301, -0.0048539233394, -0.0074560912326, 0.00504512200132, -7.48651582398e-05, -0.00307025085203, 0.00475755473599, -0.00314331287518], [0.000629131041933, -0.0013725166209, 0.00231365673244, 0.000135307476739, -0.00353467534296, -0.0048539233394, 0.0114308120683, -0.00280024390668, -0.00332369934767, 0.00274381577037, 0.00339722214267, -0.00502357818186, 0.00647682836279], [-0.000843407935463, 0.00496885320172, -0.00336307799444, -0.0045502576977, 0.00268300133757, -0.0074560912326, -0.00280024390668, 0.028999639675, -0.0125735532492, -0.00330428197049, 0.000385752966395, -0.00026098213857, 0.000814000319224], [0.000584163586609, -0.00259140995331, 0.00444632489234, 0.00131512770895, -0.00564668700099, 0.00504512200132, -0.00332369934767, -0.0125735532492, 0.0320606715977, -0.00763816339895, -0.00545966345817, 0.00298996455967, -0.00189270998817], [-9.00889717741e-05, -0.000382733764127, 0.000132394736283, 0.00204612594098, 0.000911882496439, -7.48651582398e-05, 0.00274381577037, -0.00330428197049, -0.00763816339895, 0.0230620894581, -0.00993692222983, -0.000694170768838, 0.00184789043851], [7.53317654016e-05, -0.00179880030919, -0.00148985674605, 0.00126121554058, 0.00408435286954, -0.00307025085203, 0.00339722214267, 0.000385752966395, -0.00545966345817, -0.00993692222983, 0.0299746096134, -0.0102582732216, -0.00042880277033], [4.63835858682e-05, -0.00109066010918, 0.00207223673351, 0.000418379990151, -0.00451804045588, 0.00475755473599, -0.00502357818186, -0.00026098213857, 0.00298996455967, -0.000694170768838, -0.0102582732216, 0.0304225701839, -0.0156865399331], [0.000130451779114, 0.00145331327803, -0.00270308065228, -0.004478469491, 0.00088314153254, -0.00314331287518, 0.00647682836279, 0.000814000319224, -0.00189270998817, 0.00184789043851, -0.00042880277033, -0.0156865399331, 0.0317764803767]], "cov": [[4500.54589844, 616.159179688, -53.9763793945, 161.739349365, 9.62582111359, 69.7356872559, -159.313308716, 45.1073074341, -15.471452713, 59.1035957336, 59.8040771484, 9.90409755707, 10.831867218], [616.159179688, 313.678344727, -85.5086288452, 83.879196167, -9.7005853653, -0.556412518024, 19.0816650391, -19.3995838165, 20.6669101715, 14.3529891968, 24.4318695068, 20.8215198517, -4.50112485886], [-53.9763793945, -85.5086288452, 182.624450684, -30.08852005, 14.8298606873, 9.34657478333, -56.5236091614, 11.7438707352, -28.4641990662, -2.9281668663, 1.44483733177, -9.46465873718, 20.9813995361], [161.739349365, 83.879196167, -30.08852005, 108.408821106, 26.3416156769, 20.3439216614, 31.8892879486, 12.9648838043, 10.0912513733, -8.95719718933, -3.60326218605, 11.9983472824, 9.66375732422], [9.62582111359, -9.7005853653, 14.8298606873, 26.3416156769, 96.4171829224, 41.7628440857, 64.1415863037, 21.1062831879, 14.7369432449, -12.2993793488, -15.535115242, 9.48842430115, -0.71727514267], [69.7356872559, -0.556412518024, 9.34657478333, 20.3439216614, 41.7628440857, 75.2785263062, 51.1385421753, 29.2674217224, 6.70530748367, -5.0537443161, -5.71983861923, -1.43368852139, -1.57740700245], [-159.313308716, 19.0816650391, -56.5236091614, 31.8892879486, 64.1415863037, 51.1385421753, 205.278442383, 31.4563407898, 34.8426818848, -22.7198619843, -27.8993110657, 10.2833566666, -31.8066711426], [45.1073074341, -19.3995838165, 11.7438707352, 12.9648838043, 21.1062831879, 29.2674217224, 31.4563407898, 64.5786972046, 27.2664470673, 14.6020650864, 4.79741191864, 1.49978744984, -0.648992061615], [-15.471452713, 20.6669101715, -28.4641990662, 10.0912513733, 14.7369432449, 6.70530748367, 34.8426818848, 27.2664470673, 60.6575202942, 26.4095535278, 16.4228153229, 8.31034469604, -3.02613568306], [59.1035957336, 14.3529891968, -2.9281668663, -8.95719718933, -12.2993793488, -5.0537443161, -22.7198619843, 14.6020650864, 26.4095535278, 74.8293762207, 37.6562919617, 10.1863632202, 4.44634008408], [59.8040771484, 24.4318695068, 1.44483733177, -3.60326218605, -15.535115242, -5.71983861923, -27.8993110657, 4.79741191864, 16.4228153229, 37.6562919617, 63.0001602173, 22.7481117249, 14.5499696732], [9.90409755707, 20.8215198517, -9.46465873718, 11.9983472824, 9.48842430115, -1.43368852139, 10.2833566666, 1.49978744984, 8.31034469604, 10.1863632202, 22.7481117249, 58.0244483948, 26.2065143585], [10.831867218, -4.50112485886, 20.9813995361, 9.66375732422, -0.71727514267, -1.57740700245, -31.8066711426, -0.648992061615, -3.02613568306, 4.44634008408, 14.5499696732, 26.2065143585, 53.8359222412]]}, "spectral_contrast_valleys": {"min": [-27.0509262085, -27.3332710266, -27.1959838867, -27.5016231537, -27.2383575439, -27.1573219299], "max": [-5.31742286682, -4.83384609222, -5.68867540359, -5.77453994751, -5.60036182404, -8.13337039948], "dvar2": [0.244848534465, 0.276707619429, 0.155531659722, 0.139278694987, 0.0850681737065, 0.101577833295], "median": [-6.66450548172, -6.5492272377, -6.65647506714, -6.64943122864, -6.47353982925, -9.61878967285], "dmean2": [0.595733821392, 0.630005657673, 0.443148255348, 0.396313369274, 0.25722655654, 0.313116431236], "dmean": [0.366648256779, 0.400270015001, 0.276194989681, 0.247559905052, 0.161219149828, 0.216074869037], "var": [2.42522096634, 1.9968701601, 1.77300453186, 1.73270690441, 1.59042668343, 1.33476483822], "dvar": [0.149245232344, 0.171561822295, 0.117840826511, 0.118323527277, 0.0941458046436, 0.0903121232986], "mean": [-6.85846281052, -6.66394996643, -6.80188560486, -6.78190088272, -6.59342336655, -9.71751594543]}, "barkbands_flatness_db": {"min": 0.0300840754062, "max": 0.250156193972, "dvar2": 0.00156717328355, "median": 0.08148098737, "dmean2": 0.0377047546208, "dmean": 0.0219781585038, "var": 0.000786365591921, "dvar": 0.000547094503418, "mean": 0.086424537003}, "dynamic_complexity": 1.52189743519, "spectral_skewness": {"min": 0.01208093483, "max": 2.34267473221, "dvar2": 0.0294886343181, "median": 1.26400840282, "dmean2": 0.213166356087, "dmean": 0.12872159481, "var": 0.035307880491, "dvar": 0.0116297854111, "mean": 1.24515008926}, "erbbands_flatness_db": {"min": 0.0666691809893, "max": 0.238184422255, "dvar2": 0.000279086176306, "median": 0.129475653172, "dmean2": 0.0198763459921, "dmean": 0.0130202341825, "var": 0.000514916318934, "dvar": 0.000122430268675, "mean": 0.1314227283}, "hfc": {"min": 1.14528820341e-16, "max": 80.981262207, "dvar2": 81.9795913696, "median": 31.3359451294, "dmean2": 9.7592086792, "dmean": 6.41814422607, "var": 157.49987793, "dvar": 39.528