{"lowlevel": {"spectral_complexity": {"min": 0, "max": 53, "dvar2": 66.3204650879, "median": 13, "dmean2": 6.1896982193, "dmean": 4.28201198578, "var": 91.7880325317, "dvar": 33.7703094482, "mean": 14.6451826096}, "silence_rate_20dB": {"min": 1, "max": 1, "dvar2": 0, "median": 1, "dmean2": 0, "dmean": 0, "var": 0, "dvar": 0, "mean": 1}, "average_loudness": 0.903846800327, "erbbands_spread": {"min": 1.84926867485, "max": 135.007034302, "dvar2": 179.742630005, "median": 41.7412376404, "dmean2": 13.355761528, "dmean": 8.89004802704, "var": 385.018005371, "dvar": 88.6977386475, "mean": 43.7791595459}, "spectral_kurtosis": {"min": -1.23559105396, "max": 34.6571617126, "dvar2": 22.6107902527, "median": 4.02372169495, "dmean2": 3.70246958733, "dmean": 2.1718082428, "var": 14.8368368149, "dvar": 7.97784376144, "mean": 5.12520360947}, "barkbands_kurtosis": {"min": -1.93637418747, "max": 245.583023071, "dvar2": 220.655212402, "median": 3.41183805466, "dmean2": 7.43855237961, "dmean": 4.7139005661, "var": 189.945983887, "dvar": 92.3256149292, "mean": 7.59596681595}, "spectral_strongpeak": {"min": 0, "max": 14.2066707611, "dvar2": 2.49371647835, "median": 0.309325158596, "dmean2": 0.741451621056, "dmean": 0.434083878994, "var": 1.63184809685, "dvar": 1.07805418968, "mean": 0.706480681896}, "spectral_spread": {"min": 1399941.625, "max": 51193800, "dvar2": 1372560162820.0, "median": 3997820, "dmean2": 808522.3125, "dmean": 597238.4375, "var": 5435291074560.0, "dvar": 674045165568, "mean": 4237499.5}, "spectral_rms": {"min": 3.14748444322e-12, "max": 0.0133760431781, "dvar2": 4.0515328692e-06, "median": 0.00466716941446, "dmean2": 0.00159100047313, "dmean": 0.00103218096774, "var": 4.18991430706e-06, "dvar": 1.71630176737e-06, "mean": 0.00483463844284}, "erbbands": {"min": [4.59014368703e-23, 3.60494842915e-22, 1.36135672692e-21, 1.1669777648e-20, 1.94562508972e-20, 2.31621008208e-20, 8.62645335081e-20, 7.990863924e-20, 9.82331648875e-20, 3.5181395074e-19, 3.91128992224e-19, 3.7500408846e-19, 8.44313694388e-19, 7.7077144427e-19, 1.31444200233e-18, 1.6808528216e-18, 1.72506790008e-18, 2.53847585204e-18, 3.80321598348e-18, 3.55854216214e-18, 3.48885219553e-18, 4.5592569954e-18, 8.76857523266e-18, 7.81999014879e-18, 9.04816641561e-18, 9.88515821741e-18, 1.16955182614e-17, 1.14637546615e-17, 1.1734660448e-17, 1.25598880871e-17, 1.18233639882e-17, 1.20492397165e-17, 9.55664178277e-18, 7.62467874409e-18, 6.70637177936e-18, 3.949588488e-18, 2.52353510902e-18, 1.17364883104e-18, 2.84272456526e-19, 2.89817752568e-20], "max": [6.24611949921, 28.5867214203, 55.0580596924, 128.270080566, 205.247024536, 154.141235352, 331.114898682, 540.201477051, 438.456054688, 1527.5994873, 1453.49243164, 3462.81079102, 3848.05957031, 1933.91186523, 1514.93493652, 1641.75256348, 948.385864258, 1633.18786621, 1051.35681152, 1332.61413574, 1423.74487305, 658.270507812, 1174.72155762, 396.679077148, 326.313751221, 306.085876465, 282.755554199, 173.480789185, 118.959274292, 141.452423096, 74.5795440674, 38.5897674561, 13.6270513535, 7.07422876358, 13.1145706177, 14.5559949875, 4.69555902481, 0.509890556335, 0.0107413940132, 0.000436503411038], "dvar2": [0.54417937994, 17.8693943024, 63.1371765137, 68.7875137329, 1404.79833984, 576.113647461, 1075.9050293, 973.102050781, 1280.76721191, 3298.16748047, 3199.47412109, 10099.0429688, 13852.2675781, 1275.19641113, 3103.86694336, 3972.14990234, 1313.12145996, 5448.48828125, 1722.82373047, 5789.21044922, 2744.00512695, 1371.79370117, 4907.01318359, 892.643920898, 621.153015137, 369.698669434, 465.796905518, 146.487701416, 130.556716919, 57.4196662903, 25.9193973541, 5.10332727432, 1.36180377007, 0.339830219746, 0.632065832615, 1.37995171547, 0.206851392984, 0.00459304405376, 2.04934622161e-06, 3.66541708097e-09], "median": [0.130269601941, 1.35351347923, 2.78299736977, 2.38833546638, 3.13023304939, 5.59880971909, 8.42644405365, 6.00885009766, 5.06812000275, 4.58603048325, 5.35604381561, 4.27155303955, 5.62152862549, 4.92263317108, 4.66537380219, 3.2602493763, 2.73471450806, 3.35661125183, 4.87597131729, 9.68921947479, 7.48103761673, 6.68691492081, 10.0947237015, 5.78627824783, 4.21942663193, 2.9365696907, 2.27267718315, 1.15442585945, 0.83613216877, 0.614829182625, 0.38933840394, 0.173823609948, 0.0906505286694, 0.0410331450403, 0.0196553915739, 0.0110892886296, 0.00305077945814, 0.000399531301809, 2.39407727349e-05, 2.79795385723e-05], "dmean2": [0.361570626497, 2.09332823753, 4.11422872543, 4.48047447205, 16.6058158875, 14.2896966934, 18.7596492767, 16.0093402863, 17.5224075317, 21.461145401, 14.3782281876, 21.4769821167, 27.3377761841, 13.3782520294, 15.994099617, 13.2560462952, 9.43645191193, 16.9262180328, 14.1511230469, 28.9939022064, 16.1829853058, 18.0621986389, 27.4830970764, 15.1235370636, 12.1733865738, 8.6198682785, 9.04971981049, 4.87006425858, 4.95178318024, 3.30837273598, 2.21390080452, 0.996948003769, 0.543190360069, 0.266594260931, 0.313582628965, 0.442161649466, 0.178274065256, 0.0269891563803, 0.000576441700105, 3.6488945625e-05], "dmean": [0.216830402613, 1.1952842474, 2.30142021179, 2.62234926224, 9.76550292969, 8.4227771759, 11.6922674179, 9.92971038818, 10.8593254089, 12.7101840973, 9.39584445953, 14.7668581009, 19.2769451141, 9.11772441864, 10.3821458817, 8.78607654572, 6.14540433884, 11.0768909454, 9.21532344818, 18.9729480743, 10.4859313965, 11.875620842, 17.9978809357, 9.77586078644, 7.61480903625, 5.46078872681, 5.84140872955, 3.17142224312, 3.32146239281, 2.26368165016, 1.5197198391, 0.703244924545, 0.386163055897, 0.193481892347, 0.217812418938, 0.294493943453, 0.119781158864, 0.018266517669, 0.000391232810216, 2.46136114583e-05], "var": [0.22906383872, 5.250664711, 17.4636917114, 24.2819824219, 419.199249268, 270.76385498, 900.14050293, 825.52734375, 662.201782227, 2585.01416016, 1551.29760742, 9033.76660156, 26034.7011719, 2030.45263672, 2772.72216797, 2399.10864258, 883.198669434, 4311.26904297, 1369.51611328, 4954.25292969, 1528.13439941, 1320.96582031, 4096.52392578, 770.593017578, 385.388214111, 168.667861938, 279.758850098, 91.9557571411, 106.092597961, 52.0250778198, 19.6001396179, 4.87866067886, 1.36395311356, 0.37424877286, 0.53870344162, 0.879680454731, 0.128254547715, 0.00269410898909, 1.22435710637e-06, 2.64747779255e-09], "dvar": [0.220885559916, 6.32681941986, 21.8002891541, 25.4997653961, 537.11907959, 213.9896698, 439.059844971, 419.43939209, 515.933349609, 1304.49645996, 1281.12658691, 5157.78808594, 7719.38330078, 779.418151855, 1339.74462891, 1827.03161621, 616.443786621, 2412.44628906, 781.368896484, 2757.26757812, 1092.99194336, 621.200744629, 2219.83740234, 383.074035645, 241.440032959, 141.568588257, 186.468704224, 59.5853843689, 56.4720497131, 26.3751296997, 12.0560703278, 2.46869516373, 0.678680956364, 0.177258208394, 0.304272443056, 0.631107389927, 0.0979032889009, 0.00218294700608, 9.77002628133e-07, 1.7308909861e-09], "mean": [0.296333491802, 1.89050042629, 3.67650341988, 3.90109801292, 9.3337097168, 11.6859483719, 19.5779151917, 16.0021686554, 14.8690242767, 17.8337650299, 16.0362434387, 25.1328353882, 38.6137275696, 17.0016880035, 18.1332416534, 12.3402748108, 9.06247425079, 16.8372020721, 14.8929519653, 31.867143631, 18.5553760529, 19.8064842224, 29.5225715637, 16.3443374634, 11.584151268, 7.87077188492, 8.15211296082, 4.77895069122, 5.01246547699, 3.49167513847, 2.11267614365, 1.05141282082, 0.56743490696, 0.282465457916, 0.269712001085, 0.313651442528, 0.120699137449, 0.0179596822709, 0.0003989499819, 4.48958526249e-05]}, "zerocrossingrate": {"min": 0.00244140625, "max": 0.51611328125, "dvar2": 0.000141766387969, "median": 0.0400390625, "dmean2": 0.0113190002739, "dmean": 0.00970836449414, "var": 0.00178494106513, "dvar": 0.000110109584057, "mean": 0.0478823967278}, "spectral_contrast_coeffs": {"min": [-0.975124776363, -0.983011722565, -0.985139191151, -0.972046494484, -0.968437492847, -0.962651669979], "max": [-0.306552618742, -0.341325104237, -0.389591485262, -0.469988167286, -0.538208305836, -0.525782883167], "dvar2": [0.00556960096583, 0.00434755859897, 0.00320615223609, 0.00233454047702, 0.00124301901087, 0.000954469316639], "median": [-0.675036430359, -0.712478816509, -0.761894881725, -0.762218415737, -0.78357988596, -0.743177235126], "dmean2": [0.0862017348409, 0.0806014165282, 0.0676645487547, 0.0573186501861, 0.0399324260652, 0.0342129170895], "dmean": [0.0528024360538, 0.0504433102906, 0.0441882349551, 0.0371047221124, 0.0257135666907, 0.0223867073655], "var": [0.00676314532757, 0.00700940191746, 0.00738891866058, 0.00528407888487, 0.00319399754517, 0.00234966818243], "dvar": [0.00215386459604, 0.00178477971349, 0.0015683217207, 0.00110708596185, 0.000596825033426, 0.000436502712546], "mean": [-0.668326258659, -0.706914484501, -0.74890422821, -0.754858255386, -0.777480363846, -0.738710939884]}, "dissonance": {"min": 0.158817306161, "max": 0.499906182289, "dvar2": 0.00117197772488, "median": 0.465028226376, "dmean2": 0.03269764781, "dmean": 0.0197612326592, "var": 0.00129765167367, "dvar": 0.000450587191153, "mean": 0.455982446671}, "spectral_energyband_high": {"min": 7.32247500875e-21, "max": 0.0137743819505, "dvar2": 1.35094876441e-06, "median": 0.000144843696035, "dmean2": 0.000540300854482, "dmean": 0.000383123144275, "var": 1.20761842481e-06, "dvar": 6.3850194465e-07, "mean": 0.000599674938712}, "gfcc": {"mean": [-39.1024513245, 112.891525269, -108.026321411, 46.8019294739, -43.6942481995, 2.78000807762, -29.8723468781, 10.067984581, -16.4372653961, -0.0548318512738, -15.9947404861, 6.55507946014, -6.91418647766], "icov": [[0.000161297313753, -0.00037762557622, 0.00043947994709, -0.000463123957161, 0.00030623425846, -0.000273121055216, 0.00024071324151, -0.000344895030139, 0.000479021691717, -0.000592120573856, 0.000840989116114, -0.000889892689884, 0.000755144224968], [-0.00037762557622, 0.00242587947287, -0.00112621975131, 0.00143838324584, -0.00148980366066, 0.00126559555065, -0.000936353346333, 0.00142677174881, -0.00206603761762, 0.0027238575276, -0.00318462052383, 0.00344308139756, -0.00250749592669], [0.00043947994709, -0.00112621975131, 0.00278832553886, -0.00154279114213, 0.000646670931019, -0.00135351088829, 0.000804876268376, -0.00143472722266, 0.00229213875718, -0.00235027470626, 0.00303245615214, -0.00346498726867, 0.00256050052121], [-0.000463123957161, 0.00143838324584, -0.00154279114213, 0.00458056572825, -0.00157592189498, 2.83328699879e-05, 0.00052254088223, -0.00018729128351, -0.00183630175889, 0.00227387947962, -0.00378759182058, 0.00399813195691, -0.00301073747687], [0.00030623425846, -0.00148980366066, 0.000646670931019, -0.00157592189498, 0.00396119989455, -0.000273023877526, -0.000185503435205, -0.00122503156308, -4.35439906141e-05, -0.00180051545613, 0.00202710484155, -0.00277462648228, 0.00174451700877], [-0.000273121055216, 0.00126559555065, -0.00135351088829, 2.83328699879e-05, -0.000273023877526, 0.00541303586215, -0.00323922955431, 0.00201313686557, -0.00154341361485, -0.000162256910698, -0.000420582160586, 0.000760153692681, -0.0010075843893], [0.00024071324151, -0.000936353346333, 0.000804876268376, 0.00052254088223, -0.000185503435205, -0.00323922955431, 0.00873434357345, -0.00288900127634, -0.000626218272373, 0.00122502422892, -0.00146713491995, -0.000224362505833, 0.00108306319453], [-0.000344895030139, 0.00142677174881, -0.00143472722266, -0.00018729128351, -0.00122503156308, 0.00201313686557, -0.00288900127634, 0.0108369830996, -0.00230991910212, -0.000748721126001, 0.000310715229716, 0.0017149442574, -0.00101814663503], [0.000479021691717, -0.00206603761762, 0.00229213875718, -0.00183630175889, -4.35439906141e-05, -0.00154341361485, -0.000626218272373, -0.00230991910212, 0.0135417692363, -0.00332509120926, 0.00257319537923, 0.000695561990142, 0.000340902828611], [-0.000592120573856, 0.0027238575276, -0.00235027470626, 0.00227387947962, -0.00180051545613, -0.000162256910698, 0.00122502422892, -0.000748721126001, -0.00332509120926, 0.0158161465079, -0.00403946544975, 0.0035738311708, -0.000182581978152], [0.000840989116114, -0.00318462052383, 0.00303245615214, -0.00378759182058, 0.00202710484155, -0.000420582160586, -0.00146713491995, 0.000310715229716, 0.00257319537923, -0.00403946544975, 0.0166761577129, -0.00767445145175, 0.00299494620413], [-0.000889892689884, 0.00344308139756, -0.00346498726867, 0.00399813195691, -0.00277462648228, 0.000760153692681, -0.000224362505833, 0.0017149442574, 0.000695561990142, 0.0035738311708, -0.00767445145175, 0.0193839315325, -0.00747550791129], [0.000755144224968, -0.00250749592669, 0.00256050052121, -0.00301073747687, 0.00174451700877, -0.0010075843893, 0.00108306319453, -0.00101814663503, 0.000340902828611, -0.000182581978152, 0.00299494620413, -0.00747550791129, 0.016320116818]], "cov": [[19286.1074219, -692.38293457, -501.186462402, 602.029174805, -533.487976074, 326.998840332, -497.579772949, 280.114074707, -363.709381104, 411.400787354, -506.726196289, 229.878540039, -470.870056152], [-692.38293457, 1766.3392334, -562.068847656, -56.8061828613, 315.904663086, -276.793731689, 190.595932007, -120.631202698, 239.664657593, -243.983291626, 229.051803589, -167.451751709, 183.626800537], [-501.186462402, -562.068847656, 1041.96533203, 79.6132202148, -17.0525894165, 202.786834717, -77.2071075439, 92.0244827271, -142.704574585, 142.427307129, -126.171928406, 115.159446716, -106.272590637], [602.029174805, -56.8061828613, 79.6132202148, 389.131439209, 73.8951721191, 49.8959655762, -17.3277511597, 48.145149231, 24.407497406, 13.1396141052, 11.3909654617, -18.6721897125, 11.0410194397], [-533.487976074, 315.904663086, -17.0525894165, 73.8951721191, 406.758209229, -26.1071662903, 63.4792442322, 27.5195293427, 75.8170166016, -16.2695541382, 33.6165504456, -17.7852611542, 25.8605327606], [326.998840332, -276.793731689, 202.786834717, 49.8959655762, -26.1071662903, 322.558166504, 54.0781784058, 18.9765415192, -17.640378952, 58.031337738, -40.964679718, 32.2773704529, -36.6490592957], [-497.579772949, 190.595932007, -77.2071075439, -17.3277511597, 63.4792442322, 54.0781784058, 196.226272583, 12.6359472275, 57.5619087219, -36.6452178955, 48.3729057312, -26.0459880829, 23.1233062744], [280.114074707, -120.631202698, 92.0244827271, 48.145149231, 27.5195293427, 18.9765415192, 12.6359472275, 134.994644165, 4.67883491516, 38.3759231567, -33.1641044617, 2.74302721024, -23.5643024445], [-363.709381104, 239.664657593, -142.704574585, 24.407497406, 75.8170166016, -17.640378952, 57.5619087219, 4.67883491516, 141.876373291, -25.0193004608, 32.7358474731, -52.1576957703, 34.6806182861], [411.400787354, -243.983291626, 142.427307129, 13.1396141052, -16.2695541382, 58.031337738, -36.6452178955, 38.3759231567, -25.0193004608, 122.821563721, -38.9096755981, 21.0310058594, -47.6258811951], [-506.726196289, 229.051803589, -126.171928406, 11.3909654617, 33.6165504456, -40.964679718, 48.3729057312, -33.1641044617, 32.7358474731, -38.9096755981, 130.123931885, -5.34520435333, 41.6874008179], [229.878540039, -167.451751709, 115.159446716, -18.6721897125, -17.7852611542, 32.2773704529, -26.0459880829, 2.74302721024, -52.1576957703, 21.0310058594, -5.34520435333, 107.667686462, -0.460046738386], [-470.870056152, 183.626800537, -106.272590637, 11.0410194397, 25.8605327606, -36.6490592957, 23.1233062744, -23.5643024445, 34.6806182861, -47.6258811951, 41.6874008179, -0.460046738386, 112.835273743]]}, "spectral_flux": {"min": 6.5918319414e-11, "max": 0.377775102854, "dvar2": 0.00323865073733, "median": 0.0655728280544, "dmean2": 0.0515761375427, "dmean": 0.0343914888799, "var": 0.00347250490449, "dvar": 0.0016074012965, "mean": 0.0835762321949}, "silence_rate_30dB": {"min": 0, "max": 1, "dvar2": 0.025984833017, "median": 1, "dmean2": 0.0191658493131, "dmean": 0.00958188157529, "var": 0.00648912135512, "dvar": 0.00948982127011, "mean": 0.993467628956}, "spectral_energyband_middle_high": {"min": 1.27563973204e-21, "max": 0.0743269249797, "dvar2": 1.70065868588e-05, "median": 0.00216326862574, "dmean2": 0.0024243646767, "dmean": 0.00167548458558, "var": 2.49897311733e-05, "dvar": 8.7010612333e-06, "mean": 0.003855826566}, "barkbands_spread": {"min": 0.575858831406, "max": 149.8777771, "dvar2": 94.2967529297, "median": 18.0344219208, "dmean2": 8.44820976257, "dmean": 5.53884649277, "var": 200.901611328, "dvar": 43.5262374878, "mean": 20.2354049683}, "spectral_centroid": {"min": 156.622573853, "max": 11387.7666016, "dvar2": 189204.90625, "median": 1145.58691406, "dmean2": 382.408782959, "dmean": 246.854858398, "var": 593407.9375, "dvar": 85664.2109375, "mean": 1241.68334961}, "pitch_salience": {"min": 0.0940190330148, "max": 0.988041639328, "dvar2": 0.012028856203, "median": 0.49021345377, "dmean2": 0.122850030661, "dmean": 0.075687892735, "var": 0.0129732573405, "dvar": 0.00503540318459, "mean": 0.498094201088}, "erbbands_skewness": {"min": -3.05905532837, "max": 6.67994117737, "dvar2": 0.320268392563, "median": 0.166742384434, "dmean2": 0.587935566902, "dmean": 0.38569945097, "var": 0.83834284544, "dvar": 0.151736482978, "mean": 0.223308101296}, "erbbands_crest": {"min": 2.6677904129, "max": 31.6465511322, "dvar2": 16.831571579, "median": 8.46008396149, "dmean2": 4.23661899567, "dmean": 2.66285634041, "var": 26.069519043, "dvar": 7.50947141647, "mean": 9.75598239899}, "melbands": {"min": [9.95549660745e-25, 8.18182026903e-25, 3.60573568078e-24, 1.48866809171e-24, 3.73957855512e-24, 2.34884616429e-24, 1.26545053086e-24, 3.0238953457e-24, 2.47222894024e-24, 1.87535607175e-24, 4.29659205701e-24, 3.33956848933e-24, 3.78078785995e-24, 2.34219429192e-24, 3.91775738449e-24, 4.00958592146e-24, 4.58433143877e-24, 5.39647833462e-24, 5.61341626685e-24, 4.09307304321e-24, 4.2439967283e-24, 3.62155155306e-24, 5.19691703598e-24, 6.82835869635e-24, 5.24647406691e-24, 6.38815340642e-24, 5.17841982548e-24, 4.86595635965e-24, 6.84363183233e-24, 5.46152741043e-24, 5.96947218629e-24, 4.4822303551e-24, 5.91074740836e-24, 6.32298363489e-24, 6.19137126475e-24, 7.1244237161e-24, 6.4347644363e-24, 5.98221150105e-24, 6.17751768397e-24, 6.09191799271e-24], "max": [0.0432132594287, 0.0289090126753, 0.0205119587481, 0.0149513594806, 0.0110922763124, 0.0105224708095, 0.00623834086582, 0.0178081989288, 0.0130528770387, 0.0235965307802, 0.0188954472542, 0.0087623372674, 0.00384093960747, 0.00614236621186, 0.00177074328531, 0.00158596411347, 0.00377588206902, 0.00171419931576, 0.00172938406467, 0.00158306979574, 0.00188653392252, 0.000411001616158, 0.00139440107159, 0.000496682419907, 0.000402298523113, 0.000323221844155, 0.000182344141649, 0.000217233260628, 0.000228160613915, 9.13207913982e-05, 0.000100008190202, 8.77965649124e-05, 0.000147532511619, 6.68614375172e-05, 4.79607115267e-05, 4.22492339567e-05, 1.57988324645e-05, 1.3438854694e-05, 7.59121348892e-06, 7.04026206222e-06], "dvar2": [3.22425330523e-05, 2.1167410523e-05, 3.72314661945e-06, 5.73168017581e-06, 1.09780398816e-06, 4.12093783098e-07, 3.76789017764e-07, 3.52806267756e-07, 2.67731877557e-07, 4.32412434748e-07, 3.36503433118e-07, 2.60126089557e-08, 3.37065699796e-08, 4.99817041089e-08, 1.00645047851e-08, 6.84586698441e-09, 2.59814552095e-08, 5.73419534078e-09, 1.15074394458e-08, 8.65550120466e-09, 4.19124068785e-09, 8.62080740127e-10, 9.06672781298e-09, 1.96212512904e-09, 6.56591669923e-10, 4.48255738084e-10, 2.63098043352e-10, 1.69723832211e-10, 2.52040943671e-10, 9.08215586071e-11, 4.7634774597e-11, 5.58142455864e-11, 3.73962041889e-11, 1.70087364332e-11, 1.07705589239e-11, 4.72683264058e-12, 1.44734701654e-12, 7.98687830282e-13, 4.32590730815e-13, 2.51315407287e-13], "median": [0.0015244060196, 0.00170820346102, 0.000471570383525, 0.000317316793371, 0.000310290808557, 0.000140346412081, 7.11561078788e-05, 4.82547220599e-05, 4.13958478021e-05, 2.27189557336e-05, 2.43410449912e-05, 1.64956509252e-05, 1.22558203657e-05, 9.4042325145e-06, 6.02102591074e-06, 5.13143413627e-06, 5.41573490409e-06, 5.37830101166e-06, 1.06922452687e-05, 1.18017460409e-05, 6.16098895989e-06, 4.5957808652e-06, 1.01308978628e-05, 6.19995216766e-06, 3.9679348447e-06, 2.93798120765e-06, 2.31438866649e-06, 1.68901203779e-06, 1.46210527419e-06, 8.78442506291e-07, 5.51981315766e-07, 4.93973800531e-07, 3.66855203993e-07, 3.0950431551e-07, 2.33982902387e-07, 1.37799062827e-07, 8.86846933668e-08, 6.25834530865e-08, 4.64224569896e-08, 2.83099517162e-08], "dmean2": [0.00284368544817, 0.00231559737585, 0.00110277975909, 0.00115806108806, 0.000636058452073, 0.000345011096215, 0.000287531700451, 0.000218410961679, 0.000121754303109, 0.000142946882988, 0.000135885493364, 5.50735567231e-05, 5.57207895326e-05, 4.33025779785e-05, 2.59186090261e-05, 2.08939945878e-05, 3.4988632251e-05, 2.21006321226e-05, 3.64179177268e-05, 3.7538487959e-05, 1.6734287783e-05, 1.45604089994e-05, 3.73115835828e-05, 1.92768111447e-05, 1.25576152641e-05, 1.00591469163e-05, 7.70593123889e-06, 5.65464870306e-06, 6.63131140755e-06, 3.87761792808e-06, 2.72408715318e-06, 3.17645753967e-06, 2.41336306317e-06, 1.80960182661e-06, 1.41441660162e-06, 9.07170658593e-07, 5.31475791377e-07, 4.11174568171e-07, 2.96382069109e-07, 2.1884127932e-07], "dmean": [0.00170946645085, 0.00130382797215, 0.000649824680295, 0.000685169477947, 0.000390818924643, 0.000215800333535, 0.000176541405381, 0.000131194829009, 7.99216431915e-05, 9.81622069958e-05, 9.5308314485e-05, 3.72652939404e-05, 3.6165019992e-05, 2.87158200081e-05, 1.646203782e-05, 1.34199317472e-05, 2.27319451369e-05, 1.41603895827e-05, 2.34963754338e-05, 2.45208138949e-05, 1.06208535726e-05, 9.27236123971e-06, 2.45466362685e-05, 1.22388155432e-05, 8.01489386504e-06, 6.31459670331e-06, 4.74505350212e-06, 3.52523079528e-06, 4.26843462265e-06, 2.43623594542e-06, 1.74091894678e-06, 2.08732262763e-06, 1.63412983056e-06, 1.20741890441e-06, 9.51307470132e-07, 6.3055102828e-07, 3.6735445974e-07, 2.88017190542e-07, 2.07123079576e-07, 1.56657748107e-07], "var": [1.32007335196e-05, 5.8166206145e-06, 1.29560885398e-06, 1.88796127532e-06, 9.05840749965e-07, 3.87130114632e-07, 1.71288121464e-07, 3.20223051631e-07, 1.23282035247e-07, 4.09223815723e-07, 6.26768780876e-07, 3.82572729052e-08, 3.78025930559e-08, 2.58904755412e-08, 5.65351898629e-09, 3.57979335064e-09, 1.94353653171e-08, 3.75065312141e-09, 8.11113931576e-09, 9.16099551773e-09, 1.79542258838e-09, 6.5598154686e-10, 8.47312264796e-09, 1.31025834627e-09, 5.39586986203e-10, 2.96196706051e-10, 1.3127102183e-10, 7.05556932323e-11, 1.59370364128e-10, 4.43281383822e-11, 3.04101570314e-11, 3.85740259179e-11, 3.18743850758e-11, 1.32599469599e-11, 7.39359788671e-12, 3.64034930672e-12, 1.34872115646e-12, 7.61432529441e-13, 3.86148497076e-13, 2.48143113045e-13], "dvar": [1.28066185425e-05, 7.35359571991e-06, 1.43382806073e-06, 2.16436660594e-06, 4.3990732479e-07, 1.80403077366e-07, 1.47914519744e-07, 1.44190394735e-07, 1.06863019766e-07, 2.24907054758e-07, 1.87966421095e-07, 1.57866502093e-08, 1.57474531193e-08, 2.13267234983e-08, 4.42042713544e-09, 2.99488300826e-09, 1.14225473524e-08, 2.53992160637e-09, 5.35173416694e-09, 4.05794597924e-09, 1.62225066713e-09, 3.7382891227e-10, 4.22161816616e-09, 8.12287181962e-10, 2.81595913254e-10, 1.77009393254e-10, 1.00147189153e-10, 6.44839875941e-11, 1.01685854181e-10, 3.51585739689e-11, 1.93850890201e-11, 2.3443356631e-11, 1.6466076766e-11, 7.56190596252e-12, 4.85483875323e-12, 2.19149611652e-12, 6.79375446958e-13, 3.90409845294e-13, 2.06780203854e-13, 1.25849363482e-13], "mean": [0.00260593462735, 0.00218491721898, 0.000834941165522, 0.000772025901824, 0.000664910359774, 0.000361184240319, 0.000227956319577, 0.000196636436158, 0.000134315749165, 0.000166147539858, 0.000187603189261, 6.4282110543e-05, 6.1805389123e-05, 4.04716156481e-05, 2.18883324123e-05, 1.83786614798e-05, 3.32947638526e-05, 2.02080827876e-05, 3.60753401765e-05, 4.18758063461e-05, 1.7003465473e-05, 1.40124793688e-05, 3.9336955524e-05, 1.8438709958e-05, 1.26162976812e-05, 9.40234895097e-06, 6.56546035316e-06, 4.76671630167e-06, 5.76236107008e-06, 3.29580507241e-06, 2.57415717897e-06, 2.95676909445e-06, 2.46972535933e-06, 1.73749936039e-06, 1.26570819248e-06, 8.68796519171e-07, 5.46923047295e-07, 4.1284550889e-07, 2.91027760113e-07, 2.20992177447e-07]}, "spectral_entropy": {"min": 5.04128313065, "max": 9.81501865387, "dvar2": 0.0857823044062, "median": 7.37042570114, "dmean2": 0.288521766663, "dmean": 0.20307983458, "var": 0.275902539492, "dvar": 0.0477180629969, "mean": 7.34159231186}, "spectral_rolloff": {"min": 43.06640625, "max": 19444.4824219, "dvar2": 1219968.25, "median": 602.9296875, "dmean2": 690.52734375, "dmean": 402.465362549, "var": 2506744.5, "dvar": 505822.0625, "mean": 1058.1192627}, "barkbands": {"min": [2.60082470628e-24, 1.03400741874e-24, 6.48817288338e-25, 4.33467076733e-24, 1.00426505519e-23, 1.60178411909e-23, 7.18628776601e-24, 3.85740439765e-24, 1.80688053915e-23, 3.98034915859e-23, 2.65322005874e-23, 1.74920612951e-23, 4.46173417106e-23, 5.04495860204e-23, 7.5228458049e-23, 5.83272456832e-23, 6.40080350101e-23, 1.54595898874e-22, 1.90260401373e-22, 2.19930911522e-22, 3.291137794e-22, 3.21063813583e-22, 4.40955676508e-22, 6.23808939039e-22, 8.23357022678e-22, 1.35915781185e-21, 2.06445055406e-21], "max": [0.0210996568203, 0.140169352293, 0.0543520636857, 0.0462776981294, 0.0627957358956, 0.0464448966086, 0.0244972202927, 0.0654658824205, 0.120563142002, 0.093716301024, 0.0247564055026, 0.0460931733251, 0.0169688072056, 0.0329541116953, 0.0212166886777, 0.0205230582505, 0.0188118927181, 0.0197201035917, 0.00767130218446, 0.00651859026402, 0.00513681489974, 0.00348842772655, 0.00235859840177, 0.00113517488353, 0.00128634390421, 0.00253140949644, 8.59083520481e-05], "dvar2": [5.36795278094e-06, 0.000372134934878, 4.15523827542e-05, 1.17448398669e-05, 0.000102850921394, 1.14741560537e-05, 1.14126642075e-05, 5.40598466614e-06, 1.67529960891e-05, 7.23410312276e-06, 1.43427723742e-06, 3.00101396533e-06, 6.75478247558e-07, 2.1390526399e-06, 1.44956322856e-06, 1.24869734464e-06, 7.72984151354e-07, 1.49496486301e-06, 2.85737854711e-07, 1.71029910234e-07, 1.62905735124e-07, 8.7162732143e-08, 3.30944693872e-08, 6.36640251628e-09, 6.70380018164e-09, 6.53072120826e-08, 1.15976249437e-10], "median": [0.000262995890807, 0.00618672417477, 0.00194113282487, 0.000641812977847, 0.00175345502794, 0.000885721005034, 0.000266982184257, 0.00017337645113, 0.000148481078213, 0.000163420336321, 7.07685176167e-05, 6.64848193992e-05, 4.96269894938e-05, 5.61010565434e-05, 0.00013624256826, 0.00014616077533, 0.000103959311673, 0.000157835078426, 8.19343185867e-05, 6.03824300924e-05, 4.28618077422e-05, 2.31563171837e-05, 1.49078159666e-05, 6.5554363573e-06, 3.1707272683e-06, 1.98246812033e-06, 4.39153602372e-08], "dmean2": [0.00131262640934, 0.00974198896438, 0.00334028410725, 0.00190507154912, 0.0052353865467, 0.0019387077773, 0.00145518162753, 0.000701699056663, 0.00101426779293, 0.000708493695129, 0.000381448946428, 0.000342360057402, 0.000210774567677, 0.00033893174259, 0.000445448065875, 0.000406066741562, 0.000382650643587, 0.000478233239846, 0.00026454491308, 0.000188693695236, 0.000171635256265, 0.000128818384837, 8.10968485894e-05, 3.68236651411e-05, 3.3753542084e-05, 9.9781267636e-05, 4.19485922976e-06], "dmean": [0.000849901058245, 0.00572525104508, 0.00186751398724, 0.00113085692283, 0.00314446119592, 0.00121754209977, 0.000872080039699, 0.000451415311545, 0.000692509231158, 0.000491709448397, 0.000246841780609, 0.000223502225708, 0.000134759684443, 0.00021835930238, 0.000287576665869, 0.000260075612459, 0.000249631440965, 0.00031005978235, 0.000167626261828, 0.000118863215903, 0.00011026771972, 8.77755592228e-05, 5.57366183784e-05, 2.62147150352e-05, 2.38565044128e-05, 6.72466339893e-05, 2.7377607239e-06], "var": [3.22428104482e-06, 0.00013615466014, 1.13937585411e-05, 4.47364345746e-06, 3.92997826566e-05, 1.15790880955e-05, 4.47376260126e-06, 5.19213062944e-06, 1.76612338691e-05, 1.23957206597e-05, 1.77619290298e-06, 1.46311867866e-06, 4.09903123e-07, 1.54352710524e-06, 1.15757961794e-06, 9.73176611296e-07, 7.20729929071e-07, 1.11719089091e-06, 2.16060982439e-07, 7.95101442463e-08, 9.6018013096e-08, 7.85473375231e-08, 2.69821942567e-08, 6.81581191486e-09, 6.22040907672e-09, 4.18929282375e-08, 5.84711723484e-11], "dvar": [2.48967057814e-06, 0.000141806784086, 1.43900888361e-05, 4.4613107093e-06, 3.93417140003e-05, 5.02561761095e-06, 4.3277509576e-06, 2.39417295234e-06, 8.73449880601e-06, 4.21875074608e-06, 6.83991061123e-07, 1.26454233396e-06, 3.063807128e-07, 9.25463154999e-07, 6.92499440902e-07, 5.2917391713e-07, 3.56351762321e-07, 6.61219871745e-07, 1.17098942098e-07, 6.56091430074e-08, 6.56802114918e-08, 3.84254903452e-08, 1.55375392552e-08, 3.19815485206e-09, 3.31527405528e-09, 3.08212975142e-08, 5.21635304396e-11], "mean": [0.00095216347836, 0.00919291842729, 0.0027333968319, 0.00142283190507, 0.00399162992835, 0.00212764018215, 0.00102200976107, 0.000807959702797, 0.00117596623022, 0.000926395179704, 0.000412931229221, 0.000293480028631, 0.000180662638741, 0.000317022408126, 0.000458253227407, 0.00043565852684, 0.000387710606446, 0.000470765575301, 0.000258908752585, 0.000168765822309, 0.000156732799951, 0.000135404246976, 7.97167012934e-05, 4.00958269893e-05, 3.15088218485e-05, 6.95885391906e-05, 2.60947308561e-06]}, "melbands_flatness_db": {"min": 0.0038505049888, "max": 0.555434823036, "dvar2": 0.00191629573237, "median": 0.247386857867, "dmean2": 0.0448271110654, "dmean": 0.030680835247, "var": 0.00545993261039, "dvar": 0.00100458553061, "mean": 0.250638276339}, "melbands_skewness": {"min": -1.1100935936, "max": 14.3101577759, "dvar2": 2.24773907661, "median": 3.11626315117, "dmean2": 1.37606918812, "dmean": 0.883238196373, "var": 3.54800009727, "dvar": 1.00788259506, "mean": 3.37000322342}, "barkbands_skewness": {"min": -2.23134684563, "max": 13.5547380447, "dvar2": 1.31477975845, "median": 1.86352396011, "dmean2": 1.02000331879, "dmean": 0.659171462059, "var": 2.04969501495, "dvar": 0.590495824814, "mean": 2.06419324875}, "silence_rate_60dB": {"min": 0, "max": 1, "dvar2": 0.0199041273445, "median": 0, "dmean2": 0.0187302622944, "dmean": 0.00936411134899, "var": 0.0499184988439, "dvar": 0.00927534233779, "mean": 0.0526946112514}, "spectral_energyband_low": {"min": 8.52194445224e-24, "max": 0.172425329685, "dvar2": 0.000601880019531, "median": 0.00967499800026, "dmean2": 0.0126209594309, "dmean": 0.00750244688243, "var": 0.000238448585151, "dvar": 0.000234235325479, "mean": 0.0134370299056}, "spectral_energyband_middle_low": {"min": 1.99732841174e-22, "max": 0.124554112554, "dvar2": 0.000294747092994, "median": 0.00723126064986, "dmean2": 0.00976860895753, "dmean": 0.00611752225086, "var": 0.000161218267749, "dvar": 0.000117805073387, "mean": 0.0111292218789}, "melbands_kurtosis": {"min": -1.73470783234, "max": 391.228973389, "dvar2": 855.86138916, "median": 13.0613613129, "dmean2": 17.3949127197, "dmean": 10.9368066788, "var": 816.20892334, "dvar": 367.714263916, "mean": 21.6050491333}, "spectral_decrease": {"min": -4.79928772279e-08, "max": 7.73640906798e-28, "dvar2": 6.22221800375e-17, "median": -5.61469493121e-09, "dmean2": 5.16534282013e-09, "dmean": 3.21169246753e-09, "var": 3.47372810793e-17, "dvar": 2.49448638706e-17, "mean": -7.09620850969e-09}, "erbbands_kurtosis": {"min": -1.8104134798, "max": 85.5044708252, "dvar2": 7.62264442444, "median": -0.549513578415, "dmean2": 1.46858048439, "dmean": 0.959519863129, "var": 11.4580173492, "dvar": 3.73856568336, "mean": 0.398519128561}, "melbands_crest": {"min": 1.72716009617, "max": 35.4493141174, "dvar2": 23.4683227539, "median": 14.9932584763, "dmean2": 5.41535282135, "dmean": 3.31625580788, "var": 24.9581832886, "dvar": 9.39272212982, "mean": 15.5289564133}, "melbands_spread": {"min": 0.470917999744, "max": 153.780715942, "dvar2": 135.429534912, "median": 14.4891252518, "dmean2": 9.15073776245, "dmean": 5.86372327805, "var": 244.493301392, "dvar": 59.4714851379, "mean": 18.1006946564}, "spectral_energy": {"min": 1.01543246047e-20, "max": 0.183391481638, "dvar2": 0.000940332014579, "median": 0.0223270300776, "dmean2": 0.020233951509, "dmean": 0.0126659106463, "var": 0.000545501010492, "dvar": 0.000378663942683, "mean": 0.028252735734}, "mfcc": {"mean": [-678.891784668, 135.596466064, 1.12464165688, 46.5673446655, 8.35197639465, 5.86306095123, -3.51560235023, 10.5446910858, 2.66535019875, 2.4150223732, -2.45628261566, -1.19538486004, 0.689914345741], "icov": [[0.000118305484648, 4.29865358456e-05, 6.37866178295e-05, -0.000178025133209, 0.00016780605074, -0.000197573492187, 0.000134720816277, -8.4092731413e-05, 0.000131059670821, -8.94646873348e-05, 2.78638308373e-05, 8.79307572177e-06, 0.000130072061438], [4.29865358456e-05, 0.000845977454446, 0.000449613900855, -0.000256597384578, -0.000216788830585, 8.8712266006e-05, 1.08383108e-06, -0.000434691202827, -3.96538089262e-05, 0.000267897645244, -0.000285889895167, 0.00038811439299, -0.000215508902329], [6.37866178295e-05, 0.000449613900855, 0.0016687118914, -0.000224576680921, -0.000139622788993, -0.000606317596976, -0.000237531712628, 0.000235043626162, -0.000330327718984, 0.00109239271842, -0.000946578744333, 0.00065052206628, -9.23884072108e-05], [-0.000178025133209, -0.000256597384578, -0.000224576680921, 0.00440399441868, -0.00228886283003, 0.00117434666026, -0.000585741712712, -0.000654001312796, -8.35987884784e-06, -0.00132951105479, 0.00138190458529, -0.00156689702999, -0.000186599703738], [0.00016780605074, -0.000216788830585, -0.000139622788993, -0.00228886283003, 0.00607787352055, -0.00165989238303, 0.000167952646734, 5.5149441323e-05, -0.000287303613732, -0.00108910829294, 0.0010548827704, 1.91776271095e-05, -0.000427607970778], [-0.000197573492187, 8.8712266006e-05, -0.000606317596976, 0.00117434666026, -0.00165989238303, 0.00621969485655, -0.00170899147633, -0.0011661069002, -0.000811192148831, -7.04322592355e-05, -0.00140846939757, 0.000636613985989, 0.000109473308839], [0.000134720816277, 1.08383108e-06, -0.000237531712628, -0.000585741712712, 0.000167952646734, -0.00170899147633, 0.00958981364965, -0.00272156018764, 0.00067896960536, -0.000392467627535, -0.000681726378389, -0.00103233836126, -0.00102260673884], [-8.4092731413e-05, -0.000434691202827, 0.000235043626162, -0.000654001312796, 5.5149441323e-05, -0.0011661069002, -0.00272156018764, 0.0107286972925, -0.00235301186331, 0.00126480171457, -0.00127849099226, 0.000639392295852, 0.000395613460569], [0.000131059670821, -3.96538089262e-05, -0.000330327718984, -8.35987884784e-06, -0.000287303613732, -0.000811192148831, 0.00067896960536, -0.00235301186331, 0.0121558671817, -0.00574331590906, 0.00138736166991, 0.000666326202918, -0.000100348093838], [-8.94646873348e-05, 0.000267897645244, 0.00109239271842, -0.00132951105479, -0.00108910829294, -7.04322592355e-05, -0.000392467627535, 0.00126480171457, -0.00574331590906, 0.0146010164171, -0.00673133600503, 0.00163219112437, -0.000735340989195], [2.78638308373e-05, -0.000285889895167, -0.000946578744333, 0.00138190458529, 0.0010548827704, -0.00140846939757, -0.000681726378389, -0.00127849099226, 0.00138736166991, -0.00673133600503, 0.0183745510876, -0.00713656097651, 0.00550935789943], [8.79307572177e-06, 0.00038811439299, 0.00065052206628, -0.00156689702999, 1.91776271095e-05, 0.000636613985989, -0.00103233836126, 0.000639392295852, 0.000666326202918, 0.00163219112437, -0.00713656097651, 0.0188596956432, -0.00750949373469], [0.000130072061438, -0.000215508902329, -9.23884072108e-05, -0.000186599703738, -0.000427607970778, 0.000109473308839, -0.00102260673884, 0.000395613460569, -0.000100348093838, -0.000735340989195, 0.00550935789943, -0.00750949373469, 0.0166198424995]], "cov": [[10021.4658203, -356.321929932, -253.273254395, 243.929000854, -144.543167114, 215.090789795, -73.0048370361, 78.6425170898, -50.0791053772, 83.9185638428, 35.969581604, -17.6852378845, -109.72429657], [-356.321929932, 1533.48046875, -415.788757324, 146.470596313, 102.344696045, -58.3935585022, 13.0519428253, 73.0620498657, 19.9003486633, 16.8031539917, -17.8532276154, -1.70411348343, 30.1000423431], [-253.273254395, -415.788757324, 809.135925293, -39.4674797058, 10.6354608536, 104.4764328, 34.2417297363, -7.83243608475, 6.73806858063, -37.0717582703, 31.5033283234, -15.6203794479, -16.5763225555], [243.929000854, 146.470596313, -39.4674797058, 359.609161377, 140.323776245, -20.1266937256, 25.0033550262, 29.3827381134, 24.023267746, 42.6327590942, -17.3256053925, 29.7060813904, 29.5872955322], [-144.543167114, 102.344696045, 10.6354608536, 140.323776245, 247.6222229, 45.9922561646, 22.2774772644, 21.2053909302, 31.3114929199, 35.0189552307, -8.73394012451, 8.22204017639, 19.3757038116], [215.090789795, -58.3935585022, 104.4764328, -20.1266937256, 45.9922561646, 227.956619263, 48.9249534607, 41.177230835, 28.3812160492, 21.0491695404, 32.0917510986, -6.41439294815, -12.8075895309], [-73.0048370361, 13.0519428253, 34.2417297363, 25.0033550262, 22.2774772644, 48.9249534607, 130.968185425, 40.5196456909, 8.65697860718, 10.6448059082, 15.8646459579, 13.5109453201, 9.92544651031], [78.6425170898, 73.0620498657, -7.83243608475, 29.3827381134, 21.2053909302, 41.177230835, 40.5196456909, 119.739776611, 27.3379192352, 11.6254444122, 13.2272567749, -0.378993332386, -3.34103488922], [-50.0791053772, 19.9003486633, 6.73806858063, 24.023267746, 31.3114929199, 28.3812160492, 8.65697860718, 27.3379192352, 113.879554749, 51.3103675842, 10.0818252563, -5.22764587402, -1.28856837749], [83.9185638428, 16.8031539917, -37.0717582703, 42.6327590942, 35.0189552307, 21.0491695404, 10.6448059082, 11.6254444122, 51.3103675842, 113.640106201, 36.463344574, 4.54678821564, -3.7208571434], [35.969581604, -17.8532276154, 31.5033283234, -17.3256053925, -8.73394012451, 32.0917510986, 15.8646459579, 13.2272567749, 10.0818252563, 36.463344574, 87.1753692627, 19.1240711212, -18.8900470734], [-17.6852378845, -1.70411348343, -15.6203794479, 29.7060813904, 8.22204017639, -6.41439294815, 13.5109453201, -0.378993332386, -5.22764587402, 4.54678821564, 19.1240711212, 75.8273620605, 29.5490188599], [-109.72429657, 30.1000423431, -16.5763225555, 29.5872955322, 19.3757038116, -12.8075895309, 9.92544651031, -3.34103488922, -1.28856837749, -3.7208571434, -18.8900470734, 29.5490188599, 82.3721466064]]}, "spectral_contrast_valleys": {"min": [-28.030670166, -28.1915740967, -27.5111274719, -27.5161495209, -27.3506355286, -27.3842945099], "max": [-4.89165210724, -4.60272598267, -5.36671304703, -5.96217823029, -5.33764028549, -8.38487434387], "dvar2": [0.337888300419, 0.370291024446, 0.372180879116, 0.329846352339, 0.377516448498, 0.493998229504], "median": [-6.72596740723, -7.02029132843, -7.82256364822, -8.22880172729, -7.82868528366, -10.8260450363], "dmean2": [0.672462582588, 0.692551553249, 0.681064844131, 0.605505108833, 0.533389151096, 0.592801332474], "dmean": [0.414842039347, 0.445855796337, 0.455848455429, 0.414122134447, 0.385304480791, 0.468807518482], "var": [2.9932820797, 2.57183790207, 2.39810371399, 2.44302606583, 2.61671900749, 3.0167491436], "dvar": [0.146397188306, 0.17837138474, 0.186512514949, 0.171163827181, 0.194083631039, 0.31319013238], "mean": [-7.06711196899, -7.19840764999, -7.97552204132, -8.41644287109, -7.99551153183, -11.0902910233]}, "barkbands_flatness_db": {"min": 0.018400317058, "max": 0.412483900785, "dvar2": 0.00134813413024, "median": 0.166213706136, "dmean2": 0.0381774902344, "dmean": 0.0269129890949, "var": 0.00389237538911, "dvar": 0.000744695251342, "mean": 0.169006377459}, "dynamic_complexity": 3.30556893349, "spectral_skewness": {"min": -0.0550000928342, "max": 4.43276119232, "dvar2": 0.221417546272, "median": 1.43555951118, "dmean2": 0.43614551425, "dmean": 0.266379952431, "var": 0.26978302002, "dvar": 0.0829960927367, "mean": 1.50445437431}, "erbbands_flatness_db": {"min": 0.0475684404373, "max": 0.38830730319, "dvar2": 0.000942462007515, "median": 0.154681995511, "dmean2": 0.0303136426955, "dmean": 0.0222616624087, "var": 0.00319376913831, "dvar": 0.000566876784433, "me