{"lowlevel": {"spectral_complexity": {"min": 0, "max": 57, "dvar2": 52.3226318359, "median": 11, "dmean2": 5.73575258255, "dmean": 3.87070393562, "var": 73.5920562744, "dvar": 29.2841033936, "mean": 13.3925647736}, "silence_rate_20dB": {"min": 1, "max": 1, "dvar2": 0, "median": 1, "dmean2": 0, "dmean": 0, "var": 0, "dvar": 0, "mean": 1}, "average_loudness": 0.949071526527, "erbbands_spread": {"min": 4.09278440475, "max": 146.386703491, "dvar2": 515.872009277, "median": 52.0874862671, "dmean2": 20.1954956055, "dmean": 13.5156478882, "var": 1015.57781982, "dvar": 238.514068604, "mean": 56.8775367737}, "spectral_kurtosis": {"min": -1.17546641827, "max": 447.207641602, "dvar2": 402.314361572, "median": 3.09087228775, "dmean2": 4.60205745697, "dmean": 2.9641149044, "var": 839.502380371, "dvar": 171.178482056, "mean": 8.20599555969}, "barkbands_kurtosis": {"min": -1.65772390366, "max": 384.722686768, "dvar2": 838.617370605, "median": 8.93376731873, "dmean2": 16.5266246796, "dmean": 10.566242218, "var": 722.282775879, "dvar": 350.382415771, "mean": 18.6361656189}, "spectral_strongpeak": {"min": 0, "max": 10.5078725815, "dvar2": 0.579834997654, "median": 0.347590357065, "dmean2": 0.461169153452, "dmean": 0.275161147118, "var": 0.364852517843, "dvar": 0.232642307878, "mean": 0.510539114475}, "spectral_spread": {"min": 203535.671875, "max": 40289980, "dvar2": 1952391233540.0, "median": 5815604, "dmean2": 1175321, "dmean": 817923.125, "var": 4686645035010.0, "dvar": 932556111872, "mean": 5760098.5}, "spectral_rms": {"min": 3.28520956099e-12, "max": 0.0141467088833, "dvar2": 4.23326582677e-06, "median": 0.00519152078778, "dmean2": 0.00183063803706, "dmean": 0.00120322930161, "var": 6.449832199e-06, "dvar": 1.91345225176e-06, "mean": 0.00559870479628}, "erbbands": {"min": [3.99866549906e-22, 2.91607580775e-21, 4.01825721937e-21, 9.21927770152e-21, 7.8701388523e-20, 1.08990532432e-19, 9.58882952591e-20, 1.16521029632e-19, 4.56535921018e-19, 6.45392990489e-19, 4.88991593122e-19, 5.68806870813e-19, 1.2411645534e-18, 1.28139913539e-18, 3.86095277665e-18, 3.19977986841e-18, 2.23904970519e-18, 4.1285800328e-18, 7.86500779926e-18, 7.14531020832e-18, 7.19116661994e-18, 8.901507293e-18, 7.71878046494e-18, 9.82997948029e-18, 1.33043357492e-17, 1.64788903312e-17, 1.14873508156e-17, 1.35678424051e-17, 1.8267517859e-17, 2.23174057186e-17, 1.52370738561e-17, 1.70449498767e-17, 1.58398271336e-17, 1.35114890715e-17, 7.97575404839e-18, 6.13948463965e-18, 3.31383711473e-18, 9.69227479461e-19, 3.33086607521e-19, 3.14693852398e-20], "max": [4.7125377655, 43.4657211304, 98.9824447632, 213.414291382, 442.206390381, 397.047668457, 246.3462677, 326.546051025, 374.646636963, 936.89239502, 185.444244385, 1114.89086914, 856.807922363, 930.545043945, 292.289093018, 654.027282715, 722.453369141, 888.93347168, 656.680297852, 384.500152588, 472.093292236, 193.733840942, 324.368499756, 423.440460205, 121.872016907, 160.849380493, 181.244262695, 163.014144897, 104.667915344, 107.791320801, 56.3666687012, 30.1178016663, 35.6317710876, 11.3504962921, 9.28654098511, 6.42858457565, 3.27007389069, 0.596308231354, 0.106723308563, 0.00386927835643], "dvar2": [0.553163707256, 31.9169082642, 341.794769287, 1261.12036133, 5513.69433594, 3885.81030273, 1196.40002441, 2085.74536133, 855.259399414, 3939.90405273, 314.417541504, 2718.53515625, 2588.72119141, 2981.61938477, 1096.0065918, 2412.4675293, 4649.1328125, 1637.12182617, 1883.53662109, 577.80645752, 690.147216797, 172.90473938, 314.824890137, 542.600646973, 104.306480408, 70.7872009277, 148.178878784, 189.359649658, 256.25302124, 145.698959351, 54.6161422729, 24.2664222717, 6.31507253647, 2.20361566544, 0.702231645584, 0.332551300526, 0.260020643473, 0.0109255462885, 0.00058113184059, 6.03925684572e-07], "median": [0.295077085495, 2.18954777718, 2.86848163605, 4.00142621994, 4.91896009445, 5.59134483337, 5.91370677948, 5.8071269989, 5.06417608261, 4.44595527649, 3.47922325134, 4.32321548462, 2.30401754379, 1.7906639576, 1.63329339027, 1.18437862396, 3.71550035477, 2.49671125412, 3.12516403198, 2.57627224922, 2.29787015915, 1.11038684845, 1.85652685165, 1.90314984322, 1.63607537746, 2.51041412354, 2.22864770889, 1.78981161118, 2.02564024925, 1.6092569828, 0.918828606606, 0.883570313454, 0.50327783823, 0.380793452263, 0.157252579927, 0.0666678994894, 0.017292836681, 0.00376029219478, 0.000408671912737, 5.80761588935e-05], "dmean2": [0.507296085358, 3.17305493355, 7.50463104248, 12.9264497757, 25.8671073914, 23.0106620789, 16.4459896088, 20.3181247711, 12.9924564362, 16.3007030487, 9.35169410706, 17.0780029297, 14.7267560959, 15.7253627777, 15.3134689331, 16.9376125336, 24.7885684967, 14.7850170135, 15.8118152618, 9.39542198181, 9.66228485107, 6.54567623138, 8.23506832123, 8.75656986237, 5.23911046982, 5.44460248947, 7.82357692719, 8.76481723785, 10.3739814758, 7.27018928528, 4.66616725922, 2.7593960762, 1.62145996094, 1.0052562952, 0.479331821203, 0.287488430738, 0.201012969017, 0.0524193793535, 0.0116808461025, 0.000365266110748], "dmean": [0.312593996525, 2.08715319633, 4.78437662125, 7.48089027405, 14.5860233307, 13.1540842056, 10.0329713821, 13.2487010956, 8.07961082458, 10.4698410034, 5.82804584503, 10.9939889908, 9.2900094986, 9.69770622253, 9.68807888031, 11.0995807648, 15.8673744202, 9.40579605103, 10.6201286316, 6.00050258636, 6.1607131958, 4.21979522705, 4.98666143417, 5.5644402504, 3.3421049118, 3.6379134655, 5.31456947327, 6.02554798126, 7.04674434662, 4.94418382645, 3.01661896706, 1.85049474239, 1.07555401325, 0.659541666508, 0.317891538143, 0.181614980102, 0.118986047804, 0.0310357753187, 0.00670263636857, 0.000209694975638], "var": [0.351935833693, 24.88230896, 155.581588745, 331.250244141, 1332.6751709, 934.039550781, 600.82232666, 1496.13134766, 494.043365479, 3431.80615234, 224.389648438, 1424.98547363, 1485.12939453, 2009.8001709, 742.886047363, 1795.30151367, 2641.984375, 1558.15307617, 2383.31152344, 416.22052002, 446.282562256, 135.29864502, 181.599945068, 468.669586182, 63.0766448975, 70.8945007324, 133.547286987, 187.979202271, 218.671447754, 141.1434021, 47.0051651001, 15.3643932343, 5.63609743118, 1.98761248589, 0.591615498066, 0.150904357433, 0.0734466016293, 0.00354721629992, 0.000159894669196, 1.56711124077e-07], "dvar": [0.204409614205, 14.079419136, 147.440155029, 458.439727783, 2017.55737305, 1376.14978027, 479.658355713, 925.589050293, 332.329071045, 1590.59924316, 133.220932007, 1122.50134277, 1015.2131958, 1160.97277832, 466.972564697, 1100.15161133, 2070.73999023, 693.623474121, 915.086791992, 248.887008667, 306.300079346, 81.0181808472, 125.625213623, 241.195770264, 43.7729301453, 35.8268165588, 74.3368682861, 99.8059768677, 126.320137024, 72.4314117432, 25.5451889038, 10.5161294937, 2.99407243729, 1.0190731287, 0.321772217751, 0.13741260767, 0.0979717299342, 0.00426684040576, 0.000219988651224, 2.23521794851e-07], "mean": [0.495756626129, 3.75738978386, 6.36695289612, 8.81455039978, 13.5800876617, 14.3525028229, 14.1461238861, 20.0028839111, 11.9813652039, 17.6587543488, 8.94368553162, 15.5170707703, 12.4977684021, 14.2944402695, 13.7124814987, 13.7027950287, 19.9160957336, 14.4467420578, 17.4738483429, 8.59097576141, 8.18071174622, 5.58774852753, 6.63271808624, 8.28732872009, 4.77584266663, 5.79709911346, 7.21963024139, 8.04401779175, 9.09938716888, 7.21536207199, 4.52987384796, 2.82214546204, 1.65343594551, 1.0834082365, 0.496511429548, 0.221933633089, 0.108466513455, 0.0278620496392, 0.0051358747296, 0.000190371414647]}, "zerocrossingrate": {"min": 0.00244140625, "max": 0.55322265625, "dvar2": 0.000369461980881, "median": 0.04052734375, "dmean2": 0.0156030999497, "dmean": 0.0128969382495, "var": 0.00196253228933, "dvar": 0.000248686643317, "mean": 0.0508796162903}, "spectral_contrast_coeffs": {"min": [-0.964713871479, -0.966418206692, -0.962800562382, -0.965495288372, -0.965769946575, -0.962854325771], "max": [-0.23593723774, -0.33274486661, -0.428362429142, -0.490773379803, -0.466046541929, -0.60238391161], "dvar2": [0.00675012590364, 0.00443523004651, 0.00377912516706, 0.00259619671851, 0.00120990572032, 0.000978902797215], "median": [-0.697061300278, -0.776972293854, -0.79477751255, -0.775007963181, -0.801019489765, -0.759229421616], "dmean2": [0.0855449810624, 0.0731333345175, 0.0693504884839, 0.0596885085106, 0.0407249443233, 0.0353650338948], "dmean": [0.0548817440867, 0.0466418303549, 0.0443179905415, 0.0384419150651, 0.0258105583489, 0.0225250441581], "var": [0.00922434125096, 0.00625909958035, 0.00538713717833, 0.00432035839185, 0.00252478616312, 0.00180665438529], "dvar": [0.00309266988188, 0.00199754838832, 0.00176215404645, 0.00121633661911, 0.000527522701304, 0.00045694471919], "mean": [-0.675434589386, -0.759640157223, -0.778234422207, -0.770478367805, -0.794611275196, -0.756706893444]}, "dissonance": {"min": 0.278253883123, "max": 0.500000238419, "dvar2": 0.000998738803901, "median": 0.475973546505, "dmean2": 0.0297695100307, "dmean": 0.0177303664386, "var": 0.000717056798749, "dvar": 0.000381784018828, "mean": 0.468512445688}, "spectral_energyband_high": {"min": 7.85127364134e-21, "max": 0.00885399151593, "dvar2": 1.73848502527e-06, "median": 0.000306244706735, "dmean2": 0.00089447182836, "dmean": 0.000626071647275, "var": 1.83553663646e-06, "dvar": 9.10511232632e-07, "mean": 0.000964355596807}, "gfcc": {"mean": [-21.3327655792, 81.6913833618, -73.2618713379, 33.2343139648, -53.8367233276, 14.9490327835, -31.6812801361, 2.88966870308, -17.2016372681, 8.3973865509, -14.1631603241, 0.722419798374, -9.68677425385], "icov": [[0.000210134283407, -0.000135061389301, 8.56486076373e-05, -0.000396650691982, 7.68746249378e-05, -0.000248580239713, 0.000161785472301, -3.43618194165e-05, 0.000751275918446, -0.000461076764623, 0.000650320551358, -0.00115505966824, 0.000360107485903], [-0.000135061389301, 0.000912676914595, -0.000532222038601, 0.000387483101804, -0.000699839787558, 9.89422460407e-06, 0.000193706408027, -0.000121965320432, -0.000447020196589, 0.00198392290622, -0.00209947233088, 0.00250314851291, -0.00157937197946], [8.56486076373e-05, -0.000532222038601, 0.00172122253571, -0.00128802238032, 0.000435421767179, -0.000183316267794, -0.00133954139892, 0.000734592380468, -0.000636876909994, -0.00136472925078, 0.00138368620537, -0.000492916675285, 0.000846476119477], [-0.000396650691982, 0.000387483101804, -0.00128802238032, 0.00379369733855, 0.000228311881074, -0.000964181439485, -0.000707976403646, -0.000919851474464, -0.00183851632755, 0.000655836309306, 0.00123143673409, 0.00153925246559, 0.000483925192384], [7.68746249378e-05, -0.000699839787558, 0.000435421767179, 0.000228311881074, 0.00511208362877, -0.00143839453813, -0.00164439971559, -0.000637089950033, -0.00143807765562, 0.000548862561118, 0.000132971035782, -3.83881297239e-06, 0.00172304769512], [-0.000248580239713, 9.89422460407e-06, -0.000183316267794, -0.000964181439485, -0.00143839453813, 0.00834447145462, -0.00276819360442, -0.000621643499471, 0.00150933908299, -0.00470735877752, 0.00276164896786, -0.00144612486474, -0.000761725765187], [0.000161785472301, 0.000193706408027, -0.00133954139892, -0.000707976403646, -0.00164439971559, -0.00276819360442, 0.0119705749676, -0.00118820345961, -0.00328122568317, 0.00627854792401, -0.00539617286995, -0.000387437845347, 0.000909746275283], [-3.43618194165e-05, -0.000121965320432, 0.000734592380468, -0.000919851474464, -0.000637089950033, -0.000621643499471, -0.00118820345961, 0.0110749527812, -0.00127841904759, -0.00278829969466, -0.00274399458431, 0.00114059285261, 0.000875174533576], [0.000751275918446, -0.000447020196589, -0.000636876909994, -0.00183851632755, -0.00143807765562, 0.00150933908299, -0.00328122568317, -0.00127841904759, 0.0168201550841, -0.00815403554589, 0.0035173620563, -0.00271921232343, -0.00417785346508], [-0.000461076764623, 0.00198392290622, -0.00136472925078, 0.000655836309306, 0.000548862561118, -0.00470735877752, 0.00627854792401, -0.00278829969466, -0.00815403554589, 0.0277599841356, -0.0133367972448, 0.00610143598169, 0.000796810840257], [0.000650320551358, -0.00209947233088, 0.00138368620537, 0.00123143673409, 0.000132971035782, 0.00276164896786, -0.00539617286995, -0.00274399458431, 0.0035173620563, -0.0133367972448, 0.0257315728813, -0.0111371362582, 0.00367703079246], [-0.00115505966824, 0.00250314851291, -0.000492916675285, 0.00153925246559, -3.83881297239e-06, -0.00144612486474, -0.000387437845347, 0.00114059285261, -0.00271921232343, 0.00610143598169, -0.0111371362582, 0.0310652758926, -0.00986420828849], [0.000360107485903, -0.00157937197946, 0.000846476119477, 0.000483925192384, 0.00172304769512, -0.000761725765187, 0.000909746275283, 0.000875174533576, -0.00417785346508, 0.000796810840257, 0.00367703079246, -0.00986420828849, 0.021798171103]], "cov": [[12921.8701172, -883.798583984, 1002.57922363, 1856.5123291, -323.641876221, 815.846557617, -106.03163147, 5.03373146057, -350.766387939, 100.745597839, -412.032043457, 254.953414917, -185.372451782], [-883.798583984, 2902.296875, 906.45880127, 93.1652908325, 475.299072266, 39.7911224365, 298.120574951, 69.8862304688, 185.903640747, -103.893135071, 112.943504333, -148.318649292, 89.4468002319], [1002.57922363, 906.45880127, 2136.95996094, 1105.97851563, 210.381729126, 376.297088623, 399.174926758, 70.6302642822, 273.004333496, 55.5828437805, -104.134117126, -76.349647522, -48.0894813538], [1856.5123291, 93.1652908325, 1105.97851563, 1073.00915527, 67.1011047363, 327.591339111, 209.019424438, 72.0310668945, 134.627319336, 53.059841156, -125.8384552, -22.0058364868, -61.0282211304], [-323.641876221, 475.299072266, 210.381729126, 67.1011047363, 337.84777832, 75.1958770752, 130.180252075, 52.612449646, 79.6074142456, -4.02125024796, 30.2647228241, -29.9909973145, -4.77057933807], [815.846557617, 39.7911224365, 376.297088623, 327.591339111, 75.1958770752, 266.723510742, 102.017097473, 43.2261390686, 44.025894165, 41.6977615356, -35.4263458252, 5.71061563492, -19.6225948334], [-106.03163147, 298.120574951, 399.174926758, 209.019424438, 130.180252075, 102.017097473, 215.521484375, 46.8165740967, 91.0085678101, 0.296714782715, 16.4659481049, -14.4312868118, -6.26525068283], [5.03373146057, 69.8862304688, 70.6302642822, 72.0310668945, 52.612449646, 43.2261390686, 46.8165740967, 122.171684265, 36.6407470703, 29.381778717, 25.0932693481, -6.55625486374, -10.1198348999], [-350.766387939, 185.903640747, 273.004333496, 134.627319336, 79.6074142456, 44.025894165, 91.0085678101, 36.6407470703, 141.700271606, 28.2633934021, 7.80605602264, -14.439125061, 13.9249601364], [100.745597839, -103.893135071, 55.5828437805, 53.059841156, -4.02125024796, 41.6977615356, 0.296714782715, 29.381778717, 28.2633934021, 74.037109375, 19.41497612, 2.51829314232, -11.3700590134], [-412.032043457, 112.943504333, -104.134117126, -125.8384552, 30.2647228241, -35.4263458252, 16.4659481049, 25.0932693481, 7.80605602264, 19.41497612, 92.1930465698, 9.66287136078, 6.11004972458], [254.953414917, -148.318649292, -76.349647522, -22.0058364868, -29.9909973145, 5.71061563492, -14.4312868118, -6.55625486374, -14.439125061, 2.51829314232, 9.66287136078, 60.1893997192, 14.6786565781], [-185.372451782, 89.4468002319, -48.0894813538, -61.0282211304, -4.77057933807, -19.6225948334, -6.26525068283, -10.1198348999, 13.9249601364, -11.3700590134, 6.11004972458, 14.6786565781, 67.6962966919]]}, "spectral_flux": {"min": 6.73311198462e-11, "max": 0.408338755369, "dvar2": 0.00403000507504, "median": 0.0731515735388, "dmean2": 0.0583698712289, "dmean": 0.0383771546185, "var": 0.00534579204395, "dvar": 0.00209489557892, "mean": 0.094828106463}, "silence_rate_30dB": {"min": 0, "max": 1, "dvar2": 0.137264192104, "median": 1, "dmean2": 0.128801435232, "dmean": 0.0643924847245, "var": 0.0594565160573, "dvar": 0.0602491274476, "mean": 0.93650996685}, "spectral_energyband_middle_high": {"min": 1.56800607332e-21, "max": 0.0447723791003, "dvar2": 1.41677801366e-05, "median": 0.00060273060808, "dmean2": 0.00208316463977, "dmean": 0.00139023864176, "var": 2.00415943254e-05, "dvar": 6.49736102787e-06, "mean": 0.00260616815649}, "barkbands_spread": {"min": 0.295057326555, "max": 133.995361328, "dvar2": 202.221694946, "median": 12.8458347321, "dmean2": 10.5347566605, "dmean": 6.85776138306, "var": 244.039978027, "dvar": 97.7277603149, "mean": 17.1374607086}, "spectral_centroid": {"min": 145.163879395, "max": 11198.421875, "dvar2": 282846.15625, "median": 832.821044922, "dmean2": 440.508728027, "dmean": 290.352722168, "var": 514928.90625, "dvar": 150373.5625, "mean": 1043.36413574}, "pitch_salience": {"min": 0.0793106034398, "max": 0.888742625713, "dvar2": 0.0154696069658, "median": 0.515089273453, "dmean2": 0.139221400023, "dmean": 0.0881868749857, "var": 0.0179519876838, "dvar": 0.00645290967077, "mean": 0.503055393696}, "erbbands_skewness": {"min": -1.98670983315, "max": 3.98655939102, "dvar2": 0.42615249753, "median": 0.58735871315, "dmean2": 0.645401716232, "dmean": 0.431207120419, "var": 0.674580812454, "dvar": 0.197440385818, "mean": 0.560465633869}, "erbbands_crest": {"min": 2.32670974731, "max": 27.284444809, "dvar2": 13.0496311188, "median": 6.36475086212, "dmean2": 3.4081890583, "dmean": 2.1024119854, "var": 12.4218597412, "dvar": 5.3495426178, "mean": 7.21925401688}, "melbands": {"min": [4.0761275221e-24, 2.82664560673e-24, 2.9131004232e-24, 7.60034665567e-24, 3.99365803092e-24, 2.48225062918e-24, 7.35805591724e-24, 7.81515821332e-24, 3.57712093473e-24, 3.74772038852e-24, 6.35396496365e-24, 4.95873192413e-24, 8.89665495995e-24, 1.57609880802e-23, 3.75100678306e-24, 6.59651050415e-24, 7.59330449437e-24, 1.28955257837e-23, 8.53332850397e-24, 8.70760602173e-24, 7.6638002603e-24, 9.19427561341e-24, 6.15679312469e-24, 7.28250434176e-24, 7.7429995286e-24, 9.474132697e-24, 1.08500212894e-23, 1.05226242922e-23, 6.20062381431e-24, 7.25849220467e-24, 8.48081482237e-24, 7.83019705762e-24, 9.89132020901e-24, 1.24955717271e-23, 7.30354010666e-24, 9.29959958831e-24, 1.20181625735e-23, 1.09190915837e-23, 1.03732858231e-23, 1.22930387894e-23], "max": [0.0426633320749, 0.0477592460811, 0.0357849784195, 0.0320817939937, 0.00853273738176, 0.00638986704871, 0.00621551787481, 0.00826734583825, 0.00128732237499, 0.0067643946968, 0.00445498898625, 0.00369657366537, 0.00169176026247, 0.00108903332148, 0.00170894782059, 0.00210511451587, 0.0021848634351, 0.00165761762764, 0.00137176807038, 0.000798764813226, 0.000758685113396, 0.000304064771626, 0.000228358650929, 0.000225124211283, 0.000412864173995, 0.000112718458695, 6.33921663393e-05, 0.000149517654791, 0.000169207240106, 0.000126732164063, 7.6510157669e-05, 5.38804015378e-05, 9.48218803387e-05, 5.69927979086e-05, 3.58476463589e-05, 1.8514758267e-05, 2.23048828047e-05, 2.97464193864e-05, 1.22820456454e-05, 1.13092037282e-05], "dvar2": [3.9312424633e-05, 5.64925394428e-05, 4.68180769531e-05, 2.4973644031e-05, 2.02425189855e-06, 8.77548927747e-07, 2.98343024951e-07, 3.19831741535e-07, 1.91587847809e-08, 1.07223009138e-07, 7.26766771209e-08, 5.48179315274e-08, 1.43484957249e-08, 7.57531282147e-09, 1.73874248333e-08, 2.48699567607e-08, 8.56599591259e-09, 8.18621437304e-09, 2.95119795268e-09, 1.68543956569e-09, 1.47938461481e-09, 2.46002995752e-10, 2.09152209441e-10, 4.05813299631e-10, 4.64470600869e-10, 6.4561953006e-11, 6.93788151929e-11, 4.51238803267e-11, 6.09311698319e-11, 6.19950826786e-11, 8.29956797732e-11, 8.88715490088e-11, 1.1348440937e-10, 3.37060518385e-11, 2.15357801037e-11, 8.57241708174e-12, 1.23980166411e-11, 3.89561907038e-12, 2.63867486888e-12, 1.2858698481e-12], "median": [0.00293541676365, 0.00210017850623, 0.000786415301263, 0.000399749784265, 0.000231964426348, 0.000125533886603, 7.05409474904e-05, 4.56467823824e-05, 2.62461799139e-05, 2.57425963355e-05, 9.66114203038e-06, 6.66568530505e-06, 5.15713873028e-06, 2.92217328024e-06, 3.24208122038e-06, 8.78552509676e-06, 4.1198791223e-06, 6.07019501331e-06, 1.72653585651e-06, 5.24489314557e-06, 1.7504448806e-06, 1.06636252895e-06, 1.44880823427e-06, 1.36155335895e-06, 1.55870588969e-06, 1.03989680156e-06, 1.06970833258e-06, 1.79398307409e-06, 1.35408276947e-06, 1.1995530258e-06, 8.70008648235e-07, 1.06485435936e-06, 1.14917918381e-06, 7.35733351576e-07, 5.81048425374e-07, 3.38258530519e-07, 6.7772134571e-07, 3.4933407278e-07, 2.86946203687e-07, 3.50761496293e-07], "dmean2": [0.0041172769852, 0.00362967257388, 0.00260826665908, 0.00170969136525, 0.000672712223604, 0.000423513236456, 0.000207383229281, 0.000163628399605, 7.12534310878e-05, 0.00010713688971, 7.39951719879e-05, 6.55846233713e-05, 5.27183547092e-05, 3.86895590054e-05, 4.78608017147e-05, 5.56917002541e-05, 2.9020522561e-05, 3.19855680573e-05, 1.46658603626e-05, 1.54541994561e-05, 1.19592532428e-05, 7.43547661841e-06, 6.97162704455e-06, 8.06994739833e-06, 7.66163793742e-06, 4.12411463913e-06, 4.5373303692e-06, 3.82830057788e-06, 4.81072675029e-06, 4.82438417748e-06, 5.66694279769e-06, 6.11037376075e-06, 5.93825325268e-06, 3.60156332135e-06, 2.93674361274e-06, 1.82756537015e-06, 1.87546777397e-06, 1.18822993045e-06, 1.11886913601e-06, 7.65165736993e-07], "dmean": [0.00261536589824, 0.00233703409322, 0.00153457489796, 0.000981148215942, 0.000407290004659, 0.000274614983937, 0.000129275053041, 0.00010559373186, 4.40153635282e-05, 6.90827291692e-05, 4.63665928692e-05, 4.04190759582e-05, 3.31577466568e-05, 2.4890905479e-05, 3.1092982681e-05, 3.5056265915e-05, 1.81546238309e-05, 2.12171671592e-05, 9.29625366553e-06, 9.64407990978e-06, 7.42399970477e-06, 4.74397893413e-06, 4.22869561589e-06, 4.79305344925e-06, 4.86112821818e-06, 2.59184866991e-06, 2.83157169179e-06, 2.55013515016e-06, 3.15654756378e-06, 3.36517541655e-06, 3.82882763006e-06, 4.07104016631e-06, 4.01409943152e-06, 2.40268514062e-06, 1.86598265373e-06, 1.19642299978e-06, 1.21571065392e-06, 7.78329990681e-07, 7.22766458239e-07, 5.00280918914e-07], "var": [3.08487324219e-05, 3.67382926925e-05, 1.34095380417e-05, 5.9510043684e-06, 9.34518425311e-07, 6.07218453297e-07, 1.87580923239e-07, 2.95461006772e-07, 1.13853175776e-08, 5.61503377128e-08, 4.20360599662e-08, 3.65998538143e-08, 9.72028768587e-09, 5.50595391502e-09, 1.26750947516e-08, 1.42779867929e-08, 7.9413693399e-09, 1.01726538304e-08, 2.22052332077e-09, 1.03334185653e-09, 8.52508730276e-10, 1.79228409891e-10, 1.27673607797e-10, 1.78467060574e-10, 4.11658651611e-10, 4.86067540384e-11, 3.75287127763e-11, 3.58416803181e-11, 4.77324083037e-11, 6.18286810639e-11, 7.60994808835e-11, 6.97851845755e-11, 8.21000281648e-11, 3.2432515007e-11, 1.74261369223e-11, 7.04414261296e-12, 6.30767139909e-12, 3.02523522726e-12, 2.15893210427e-12, 1.18201076097e-12], "dvar": [1.60505423992e-05, 2.54879250861e-05, 1.76164412551e-05, 9.04174976313e-06, 7.94785023572e-07, 3.83942591498e-07, 1.15717888605e-07, 1.30021945211e-07, 7.92567522723e-09, 4.43331131805e-08, 2.8382256545e-08, 2.11104058678e-08, 5.91379034631e-09, 3.3309439651e-09, 7.90372300941e-09, 1.07594821941e-08, 3.63240215684e-09, 3.93422272538e-09, 1.34133326668e-09, 7.16497416953e-10, 6.44772513159e-10, 1.14397984141e-10, 8.56496748525e-11, 1.54448800971e-10, 2.09114517369e-10, 2.76713825464e-11, 2.78672588477e-11, 2.06457750201e-11, 2.87093942369e-11, 3.34730507201e-11, 4.21468450418e-11, 4.18314896611e-11, 5.27659790861e-11, 1.62836983481e-11, 9.85558076122e-12, 3.96509864872e-12, 5.12717993062e-12, 1.73880278665e-12, 1.25304150736e-12, 5.83924347677e-13], "mean": [0.00473061064258, 0.00403750129044, 0.00172526238021, 0.00100687192753, 0.0005633442197, 0.000414479814935, 0.000190967941307, 0.000179534152267, 6.36014156044e-05, 9.60241159191e-05, 5.99920749664e-05, 5.8605299273e-05, 4.6865628974e-05, 3.14884564432e-05, 3.74551127607e-05, 4.36982045358e-05, 2.61997993221e-05, 3.38807622029e-05, 1.18744728752e-05, 1.29614845719e-05, 8.87505211722e-06, 5.91179332332e-06, 5.41175268154e-06, 5.78203980695e-06, 7.17631064617e-06, 3.58459328709e-06, 3.7994327613e-06, 3.80162987312e-06, 4.21346612711e-06, 4.60677347291e-06, 4.85907094117e-06, 5.15643660037e-06, 5.18771366842e-06, 3.46429101228e-06, 2.73001319329e-06, 1.83428369382e-06, 1.76032540367e-06, 1.1775917983e-06, 9.95951950244e-07, 8.74924296568e-07]}, "spectral_entropy": {"min": 4.99727535248, "max": 9.80811595917, "dvar2": 0.132715210319, "median": 7.54594993591, "dmean2": 0.34605640173, "dmean": 0.238681688905, "var": 0.415336340666, "dvar": 0.071666970849, "mean": 7.4461388588}, "spectral_rolloff": {"min": 64.599609375, "max": 19466.015625, "dvar2": 2566913.75, "median": 279.931640625, "dmean2": 764.449035645, "dmean": 446.977630615, "var": 2760288.25, "dvar": 1124209.25, "mean": 903.70703125}, "barkbands": {"min": [6.60980083825e-24, 1.38804446563e-23, 1.65328364111e-24, 2.34783306967e-24, 3.90707691781e-23, 8.33268646589e-24, 4.06699890259e-23, 2.47680835668e-23, 2.33352549943e-23, 5.18455227238e-23, 3.99600520766e-23, 1.22310497839e-22, 5.44537303793e-23, 9.87579006214e-23, 1.63682200728e-22, 1.3439209824e-22, 1.42186498368e-22, 1.43334360404e-22, 2.33946331857e-22, 3.06345007e-22, 3.17141218509e-22, 5.69656780717e-22, 5.45558784002e-22, 8.83493921589e-22, 1.12302914994e-21, 1.64165160307e-21, 2.20353604652e-21], "max": [0.00803344883025, 0.175092697144, 0.103942833841, 0.085706576705, 0.122370317578, 0.0287533476949, 0.0481693297625, 0.021546876058, 0.0368776209652, 0.0338286757469, 0.022049959749, 0.0165150724351, 0.0156297236681, 0.0256264638156, 0.0153331542388, 0.00805399473757, 0.00520611135289, 0.00511537585407, 0.00554712908342, 0.00264190579765, 0.00377660081722, 0.00330053665675, 0.001973539358, 0.00188349490054, 0.00110390607733, 0.00113009987399, 0.00055147940293], "dvar2": [2.21925870392e-06, 0.000544971670024, 0.000377503864001, 0.000271349301329, 0.000399838754674, 2.06396871363e-05, 1.41224591061e-05, 1.05102765247e-06, 3.12638167088e-06, 3.67401025869e-06, 1.22865230878e-06, 1.40282327266e-06, 1.77723632078e-06, 1.39380517794e-06, 4.74539405104e-07, 2.95515263815e-07, 7.68504051507e-08, 1.54950015485e-07, 9.29492429691e-08, 3.21950999194e-08, 1.0179916643e-07, 2.0175463078e-07, 6.53319460753e-08, 3.39224968116e-08, 1.50289363177e-08, 3.75234385785e-08, 1.26945991497e-08], "median": [0.000845888571348, 0.0105626285076, 0.0022063003853, 0.00140043068677, 0.00183811970055, 0.00060275150463, 0.000328516238369, 0.000167191668879, 0.000158298149472, 5.8472105593e-05, 4.01723955292e-05, 2.1502499294e-05, 7.47744343244e-05, 6.50009460514e-05, 2.44188249781e-05, 6.1883154558e-05, 1.73412590811e-05, 3.19671089528e-05, 3.30199836753e-05, 5.06812430103e-05, 4.96918873978e-05, 5.80347768846e-05, 3.02265543723e-05, 3.64768347936e-05, 2.8097849281e-05, 1.17677827802e-05, 2.08332403417e-06], "dmean2": [0.00109473220073, 0.0145389791578, 0.00748229166493, 0.00602785032243, 0.00727960420772, 0.00207757367752, 0.00110646244138, 0.000490113976412, 0.000597114034463, 0.000515979598276, 0.000421508477302, 0.000410790584283, 0.000486129923956, 0.000372603448341, 0.000214950428926, 0.000212166880374, 0.000121761077025, 0.000165320467204, 0.00013363744074, 0.000115360213385, 0.000210234778933, 0.00027973408578, 0.000166099503986, 0.000108790998638, 7.82351780799e-05, 8.84266846697e-05, 5.49809992663e-05], "dmean": [0.000606662710197, 0.00933969765902, 0.00458434782922, 0.00332662370056, 0.00420158030465, 0.00132296024822, 0.000697363168001, 0.000314698176226, 0.00038132519694, 0.000323336775182, 0.000260995380813, 0.000267975323368, 0.000307482696371, 0.000238897060626, 0.000138285176945, 0.000134264453663, 7.78378962423e-05, 9.93657085928e-05, 8.52354787639e-05, 7.65961740399e-05, 0.000144237303175, 0.000193217390915, 0.000109638116555, 7.32477128622e-05, 5.15830543009e-05, 5.3717802075e-05, 3.17456469929e-05], "var": [1.13907651667e-06, 0.000433043693192, 0.000132053450216, 6.02585314482e-05, 9.59259268711e-05, 1.30181697386e-05, 1.0108202332e-05, 1.11571046091e-06, 1.57924250743e-06, 2.36289724853e-06, 8.53179699334e-07, 1.03476531876e-06, 1.05072899714e-06, 1.49903360125e-06, 3.8089666532e-07, 1.88360530728e-07, 5.12450171186e-08, 7.54498259425e-08, 8.77588703929e-08, 3.07176648562e-08, 9.87620722981e-08, 1.86474778729e-07, 6.30669561019e-08, 2.4624860373e-08, 1.30740653859e-08, 1.29611308353e-08, 3.59574547915e-09], "dvar": [6.65039692649e-07, 0.000231884652749, 0.000152216642164, 9.54273054958e-05, 0.000143652679981, 8.76252488524e-06, 5.593462447e-06, 5.090604418e-07, 1.27609530409e-06, 1.41173779866e-06, 5.0481787639e-07, 6.34322930182e-07, 7.79310880716e-07, 6.20799369244e-07, 2.18499124571e-07, 1.27715779286e-07, 3.52316078533e-08, 5.92256448328e-08, 4.15386089969e-08, 1.58520663263e-08, 5.28164356695e-08, 1.01710739386e-07, 3.15912060955e-08, 1.53152210913e-08, 6.85655621169e-09, 1.47452396959e-08, 4.83958295661e-09], "mean": [0.00111569243018, 0.017047110945, 0.00516985589638, 0.00321912625805, 0.0045395125635, 0.00195030367468, 0.00106433581095, 0.000491456594318, 0.000535450002644, 0.000445249315817, 0.000369622721337, 0.000320439750794, 0.000387114589103, 0.000355347961886, 0.000182036281331, 0.000179135007784, 9.47439766605e-05, 0.000125507198391, 0.000127159568365, 0.000123473262647, 0.000194851498236, 0.000262973218923, 0.000164752389537, 0.000111691610073, 8.3455357526e-05, 5.4623127653e-05, 2.49723307206e-05]}, "melbands_flatness_db": {"min": 0.00507093127817, "max": 0.799800813198, "dvar2": 0.00257126707584, "median": 0.258866429329, "dmean2": 0.0546775087714, "dmean": 0.0368261821568, "var": 0.010974040255, "dvar": 0.00129557913169, "mean": 0.271865516901}, "melbands_skewness": {"min": -1.1012802124, "max": 17.7213191986, "dvar2": 4.21021795273, "median": 4.55552196503, "dmean2": 1.93381953239, "dmean": 1.28619849682, "var": 8.94219398499, "dvar": 2.00102162361, "mean": 4.93133878708}, "barkbands_skewness": {"min": -2.3131942749, "max": 16.1163902283, "dvar2": 2.3633415699, "median": 2.76595926285, "dmean2": 1.4141522646, "dmean": 0.926988422871, "var": 4.42299175262, "dvar": 1.03812277317, "mean": 3.14718127251}, "silence_rate_60dB": {"min": 0, "max": 1, "dvar2": 0.0232604444027, "median": 0, "dmean2": 0.0224891379476, "dmean": 0.0112431328744, "var": 0.0553088411689, "dvar": 0.0111176259816, "mean": 0.0587634146214}, "spectral_energyband_low": {"min": 2.70455439329e-23, "max": 0.193391546607, "dvar2": 0.000887848844286, "median": 0.0158128514886, "dmean2": 0.0191763136536, "dmean": 0.0119152683765, "var": 0.000757298606914, "dvar": 0.000382945232559, "mean": 0.0247491244227}, "spectral_energyband_middle_low": {"min": 2.07093456156e-22, "max": 0.152486369014, "dvar2": 0.000923051091377, "median": 0.00537054333836, "dmean2": 0.0142860449851, "dmean": 0.00861134659499, "var": 0.000314796401653, "dvar": 0.000357528508175, "mean": 0.0118996817619}, "melbands_kurtosis": {"min": -1.42890703678, "max": 472.570709229, "dvar2": 3003.68725586, "median": 32.5925064087, "dmean2": 38.2070846558, "dmean": 25.2762794495, "var": 3770.27709961, "dvar": 1434.1394043, "mean": 52.3214111328}, "spectral_decrease": {"min": -5.38965281294e-08, "max": 9.19361302379e-16, "dvar2": 8.30235225119e-17, "median": -7.03207536645e-09, "dmean2": 6.66618804601e-09, "dmean": 4.28945989839e-09, "var": 7.61550845439e-17, "dvar": 3.54598895188e-17, "mean": -9.87569137578e-09}, "erbbands_kurtosis": {"min": -1.79012334347, "max": 17.0503787994, "dvar2": 5.19284486771, "median": -0.00668693426996, "dmean2": 1.58958661556, "dmean": 1.00002062321, "var": 4.6497297287, "dvar": 1.96740186214, "mean": 0.520779967308}, "melbands_crest": {"min": 1.8126333952, "max": 33.0117721558, "dvar2": 28.678440094, "median": 17.121219635, "dmean2": 5.93091630936, "dmean": 3.63885784149, "var": 34.1405220032, "dvar": 10.8447713852, "mean": 17.3551330566}, "melbands_spread": {"min": 0.415370136499, "max": 141.416870117, "dvar2": 122.421279907, "median": 8.31873703003, "dmean2": 7.65947294235, "dmean": 4.92114400864, "var": 155.473205566, "dvar": 53.4899177551, "mean": 12.4486312866}, "spectral_energy": {"min": 1.1062417052e-20, "max": 0.205132603645, "dvar2": 0.00122866604943, "median": 0.0276256874204, "dmean2": 0.0258487034589, "dmean": 0.0166982207447, "var": 0.00113691086881, "dvar": 0.000527828524355, "mean": 0.0387400910258}, "mfcc": {"mean": [-677.178771973, 117.075965881, 36.2227745056, 26.8387947083, 5.4668598175, 14.4787788391, 0.0337030403316, -0.66252040863, 1.6649774313, 3.26962041855, 4.38928413391, -1.09557211399, -1.05952560902], "icov": [[0.000152507986058, 6.33010931779e-05, 9.17307552299e-05, -0.000205421354622, -0.00010873741121, -0.000276846461929, 5.93498589296e-06, -0.000184577234904, 0.000333070551278, 0.000139618045068, 0.00028136887704, -0.000103485319414, 0.000127447245177], [6.33010931779e-05, 0.000592292344663, -0.000239320623223, 0.000152498556417, -0.000675456656609, 0.000523012073245, -0.000675714982208, -3.9772301534e-05, -0.000171519292053, 0.000543182366528, -0.000195981760044, 0.000416320661316, -0.00021389441099], [9.17307552299e-05, -0.000239320623223, 0.00202919589356, -0.00193643337116, 0.00115049327724, -0.00167050829623, 0.00022976755281, 0.000371728616301, -0.000445192214102, -0.00125453108922, 0.000234418999753, -0.00059188879095, -0.000154612687766], [-0.000205421354622, 0.000152498556417, -0.00193643337116, 0.00531858019531, -0.00161351950374, 5.17493208463e-05, 0.000520846922882, -0.00220787990838, -0.000325797329424, -0.00041921166121, -0.000741162919439, 0.000349245325197, 0.000247883610427], [-0.00010873741121, -0.000675456656609, 0.00115049327724, -0.00161351950374, 0.00926894973963, -0.00226769968867, -0.000967680243775, -6.72447495162e-05, -0.00226772320457, -0.00152663013432, -0.00199499749579, -0.000530658930074, 0.000806818483397], [-0.000276846461929, 0.000523012073245, -0.00167050829623, 5.17493208463e-05, -0.00226769968867, 0.00943258311599, -0.00337512604892, 0.000969516928308, -0.00413590297103, 0.000995061127469, 0.00120305805467, -0.000550093827769, -0.0010566416895], [5.93498589296e-06, -0.000675714982208, 0.00022976755281, 0.000520846922882, -0.000967680243775, -0.00337512604892, 0.0144432112575, -0.00721286144108, 0.00421860301867, -0.00237253797241, -0.00197105412371, -0.000413054105593, 0.000358483724995], [-0.000184577234904, -3.9772301534e-05, 0.000371728616301, -0.00220787990838, -6.72447495162e-05, 0.000969516928308, -0.00721286144108, 0.0187786426395, -0.00840226840228, 0.00273822480813, -0.000988210784271, -0.00301207019947, -0.00277270097286], [0.000333070551278, -0.000171519292053, -0.000445192214102, -0.000325797329424, -0.00226772320457, -0.00413590297103, 0.00421860301867, -0.00840226840228, 0.02239664644, -0.00917647127062, 0.00365509628318, 0.00153938774019, 0.000113675327157], [0.000139618045068, 0.000543182366528, -0.00125453108922, -0.00041921166121, -0.00152663013432, 0.000995061127469, -0.00237253797241, 0.00273822480813, -0.00917647127062, 0.0226325504482, -0.00823679938912, 0.000432322151028, 0.000365379499272], [0.00028136887704, -0.000195981760044, 0.000234418999753, -0.000741162919439, -0.00199499749579, 0.00120305805467, -0.00197105412371, -0.000988210784271, 0.00365509628318, -0.00823679938912, 0.0176696777344, -0.00543463835493, 0.000595635676291], [-0.000103485319414, 0.000416320661316, -0.00059188879095, 0.000349245325197, -0.000530658930074, -0.000550093827769, -0.000413054105593, -0.00301207019947, 0.00153938774019, 0.000432322151028, -0.00543463835493, 0.0246687177569, -0.00910322833806], [0.000127447245177, -0.00021389441099, -0.000154612687766, 0.000247883610427, 0.000806818483397, -0.0010566416895, 0.000358483724995, -0.00277270097286, 0.000113675327157, 0.000365379499272, 0.000595635676291, -0.00910322833806, 0.0249283891171]], "cov": [[9182.37695313, -1156.37792969, 139.264694214, 512.411193848, 165.845443726, 437.73651123, 85.2080612183, 165.925018311, -7.13908290863, -91.4328689575, -155.793273926, 54.8071136475, -5.57285881042], [-1156.37792969, 2369.36425781, 400.243713379, 155.761001587, 221.834243774, 34.4291763306, 180.148681641, 117.304389954, 94.2814407349, 71.9883499146, 112.973365784, 15.5045566559, 33.3893241882], [139.264694214, 400.243713379, 1769.17565918, 830.710021973, 235.140594482, 488.003356934, 184.223739624, 239.446121216, 290.906799316, 248.48765564, 126.351959229, 104.987792969, 72.8440856934], [512.411193848, 155.761001587, 830.710021973, 651.747070313, 195.807617188, 281.478790283, 122.610420227, 176.749664307, 174.874710083, 143.74156189, 85.6822357178, 64.3405532837, 39.4219322205], [165.845443726, 221.834243774, 235.140594482, 195.807617188, 220.737915039, 134.390182495, 83.8200073242, 86.1053695679, 88.9621276855, 74.9408493042, 60.6683998108, 31.9666023254, 16.21052742], [437.73651123, 34.4291763306, 488.003356934, 281.478790283, 134.390182495, 306.355743408, 101.020935059, 108.28453064, 124.778045654, 84.279586792, 36.2644119263, 43.707195282, 30.8025302887], [85.2080612183, 180.148681641, 184.223739624, 122.610420227, 83.8200073242, 101.020935059, 144.321762085, 87.4219741821, 48.5516357422, 50.0663566589, 49.1735153198, 31.2869033813, 19.5458621979], [165.925018311, 117.304389954, 239.446121216, 176.749664307, 86.1053695679, 108.28453064, 87.4219741821, 141.467605591, 83.4893951416, 53.5487823486, 41.4274940491, 38.268863678, 27.9859600067], [-7.13908290863, 94.2814407349, 290.906799316, 174.874710083, 88.9621276855, 124.778045654, 48.5516357422, 83.4893951416, 132.956970215, 77.1167984009, 30.9618015289, 22.2360572815, 17.5522022247], [-91.4328689575, 71.9883499146, 248.48765564, 143.74156189, 74.9408493042, 84.279586792, 50.0663566589, 53.5487823486, 77.1167984009, 111.827835083, 59.5177154541, 24.3566493988, 13.0615253448], [-155.793273926, 112.973365784, 126.351959229, 85.6822357178, 60.6683998108, 36.2644119263, 49.1735153198, 41.4274940491, 30.9618015289, 59.5177154541, 105.295799255, 32.4555435181, 13.4942770004], [54.8071136475, 15.5045566559, 104.987792969, 64.3405532837, 31.9666023254, 43.707195282, 31.2869033813, 38.268863678, 22.2360572815, 24.3566493988, 32.4555435181, 64.1543960571, 26.682510376], [-5.57285881042, 33.3893241882, 72.8440856934, 39.4219322205, 16.21052742, 30.8025302887, 19.5458621979, 27.9859600067, 17.5522022247, 13.0615253448, 13.4942770004, 26.682510376, 53.2522315979]]}, "spectral_contrast_valleys": {"min": [-27.2968292236, -27.9386882782, -27.3009376526, -27.4123973846, -27.3455047607, -27.2145004272], "max": [-5.06403255463, -4.6591925621, -5.47810935974, -5.82489919662, -5.90639781952, -8.05172157288], "dvar2": [0.399512916803, 0.407498836517, 0.450497537851, 0.483870565891, 0.512112617493, 0.518903791904], "median": [-6.3863940239, -6.72798013687, -7.94513893127, -8.49658679962, -8.19605445862, -9.99918842316], "dmean2": [0.593964457512, 0.614139795303, 0.676885724068, 0.718735873699, 0.659286439419, 0.653455853462], "dmean": [0.362770199776, 0.381932079792, 0.427877038717, 0.487657368183, 0.479126781225, 0.522473871708], "var": [3.78787064552, 1.1796528101, 0.967942118645, 1.26741206646, 1.75001418591, 2.89124011993], "dvar": [0.174947559834, 0.169663697481, 0.206797987223, 0.270021140575, 0.272621452808, 0.320187807083], "mean": [-6.94893217087, -6.85469579697, -7.85622262955, -8.43736839294, -8.34124660492, -10.4345016479]}, "barkbands_flatness_db": {"min": 0.0334154739976, "max": 0.59019523859, "dvar2": 0.00186743680388, "median": 0.163228794932, "dmean2": 0.0467223934829, "dmean": 0.0313264355063, "var": 0.00660585518926, "dvar": 0.000928528548684, "mean": 0.176023766398}, "dynamic_complexity": 3.75978255272, "spectral_skewness": {"min": 0.00524979503825, "max": 17.8107872009, "dvar2": 0.631396830082, "median": 1.56805813313, "dmean2": 0.47340759635, "dmean": 0.326680183411, "var": 2.09506583214, "dvar": 0.286107003689, "mean": 1.80717098713}, "erbbands_flatness_db": {"min": 0.0344845429063, "max": 0.417135089636, "dvar2": 0.000731481821276, "median": 0.103081136942, "dmean2": 0.0263915415853, "dmean": 0.0172975342721, "var": 0.00400206353515, "dvar": 0.000354302785126, "mean": 0.126424863935}, "hfc": {"min": 1.22764892264e-16, "max": 90.9981994629, "d