{"lowlevel": {"spectral_complexity": {"min": 0, "max": 63, "dvar2": 53.0123214722, "median": 22, "dmean2": 7.6341919899, "dmean": 5.67072105408, "var": 162.171386719, "dvar": 33.5103111267, "mean": 22.5453834534}, "silence_rate_20dB": {"min": 1, "max": 1, "dvar2": 0, "median": 1, "dmean2": 0, "dmean": 0, "var": 0, "dvar": 0, "mean": 1}, "average_loudness": 0.932902753353, "erbbands_spread": {"min": 2.56814432144, "max": 123.55846405, "dvar2": 151.047164917, "median": 33.8548088074, "dmean2": 13.3185081482, "dmean": 8.94644451141, "var": 340.481811523, "dvar": 70.7770614624, "mean": 36.0516281128}, "spectral_kurtosis": {"min": -1.25921261311, "max": 56.2708473206, "dvar2": 17.5412254333, "median": 13.9670581818, "dmean2": 3.96427440643, "dmean": 2.76274442673, "var": 39.6744613647, "dvar": 8.41822814941, "mean": 15.0865430832}, "barkbands_kurtosis": {"min": -1.86097788811, "max": 563.979064941, "dvar2": 103.947639465, "median": 2.01800632477, "dmean2": 5.57986545563, "dmean": 3.66018128395, "var": 152.578903198, "dvar": 53.2856636047, "mean": 4.77966880798}, "spectral_strongpeak": {"min": 0, "max": 206.797988892, "dvar2": 1585.3815918, "median": 0.417940139771, "dmean2": 21.5266227722, "dmean": 11.7067070007, "var": 547.112243652, "dvar": 610.902893066, "mean": 9.55455493927}, "spectral_spread": {"min": 1571758.25, "max": 42850428, "dvar2": 725131198464, "median": 4822495.5, "dmean2": 703970.5, "dmean": 480525.40625, "var": 8095421956100.0, "dvar": 368932585472, "mean": 5068304.5}, "spectral_rms": {"min": 3.14204066411e-12, "max": 0.0154858892784, "dvar2": 2.72449619843e-06, "median": 0.0067602135241, "dmean2": 0.0016474648146, "dmean": 0.00108492083382, "var": 6.08464733887e-06, "dvar": 1.15553348223e-06, "mean": 0.00658153276891}, "erbbands": {"min": [5.89832497902e-23, 2.94104107183e-22, 2.63600691184e-21, 5.80107458528e-21, 1.93449385592e-20, 3.15063466422e-20, 4.38322845033e-20, 1.09373594603e-19, 1.5158962312e-19, 2.05027920534e-19, 3.47813240008e-19, 4.53391549016e-19, 5.48570776006e-19, 7.93072078488e-19, 8.99010081815e-19, 1.17309513701e-18, 2.10090475263e-18, 1.55818193675e-18, 2.63464221569e-18, 3.65450834809e-18, 4.2878598636e-18, 4.8197187995e-18, 5.97510482678e-18, 7.35932003077e-18, 7.94291332371e-18, 9.0717013584e-18, 9.86860385181e-18, 9.56760192589e-18, 1.00928599605e-17, 1.11197765668e-17, 1.23529978082e-17, 1.11161791584e-17, 1.09797820384e-17, 8.29532617907e-18, 5.98262762086e-18, 4.00602867556e-18, 2.09867115818e-18, 1.03639692334e-18, 2.48494387642e-19, 2.6928139443e-20], "max": [6.32540082932, 34.2439994812, 64.7441635132, 118.460731506, 231.20223999, 245.86769104, 375.768920898, 1093.35791016, 1887.2565918, 1357.06604004, 1658.80664062, 2045.46789551, 2087.59936523, 3412.73413086, 2369.13183594, 2139.98388672, 1120.84790039, 1504.98046875, 486.534576416, 1183.42871094, 514.019104004, 729.716491699, 739.807189941, 925.744018555, 1197.06396484, 639.422851562, 494.463317871, 400.823669434, 164.318389893, 127.10774231, 104.366783142, 19.9558563232, 1.36621296406, 0.881614863873, 0.523267388344, 0.279453009367, 4.9030418396, 6.65564727783, 1.79624128342, 0.447034329176], "dvar2": [0.700242221355, 23.5645065308, 61.3873710632, 110.628479004, 369.705230713, 265.062713623, 336.044799805, 2954.57910156, 8670.90722656, 4763.2734375, 5479.61181641, 12712.9306641, 32437.8730469, 21389.7617188, 31042.6289062, 25489.9707031, 10683.8701172, 4274.35107422, 1556.9074707, 3436.92358398, 1062.57043457, 915.08770752, 1027.92248535, 1301.53588867, 1888.63867188, 1795.82519531, 626.642456055, 250.893585205, 166.047698975, 111.053413391, 65.1051101685, 5.3917593956, 0.0152707453817, 0.00544156180695, 0.00226739072241, 0.00140010542236, 0.406408578157, 0.50119560957, 0.0557559914887, 0.00110471481457], "median": [0.169890448451, 0.597037374973, 1.54384791851, 2.6884803772, 4.0237030983, 4.25392866135, 3.1710896492, 5.03226232529, 6.17319726944, 6.84012556076, 8.16938018799, 11.0882158279, 12.0289354324, 12.9920806885, 13.4621372223, 13.0187883377, 16.034444809, 16.7116508484, 15.5925912857, 16.5276412964, 10.1178274155, 6.57773256302, 8.4839849472, 9.46399116516, 9.15576553345, 9.36654663086, 6.73098373413, 4.91807508469, 3.09825205803, 2.3170633316, 1.35587882996, 0.296366155148, 0.0361205786467, 0.0150733720511, 0.0101927770302, 0.0127437021583, 0.0807395204902, 0.148845031857, 0.119906030595, 0.0476903021336], "dmean2": [0.497291594744, 2.29211711884, 4.85120677948, 6.30501699448, 10.3994188309, 9.2011089325, 8.98133659363, 18.7158145905, 24.9587306976, 26.1947593689, 26.7639465332, 41.7405509949, 60.6501159668, 53.8354110718, 61.2212486267, 59.2612380981, 47.8078460693, 34.8903999329, 24.3924388885, 31.4169273376, 17.7178344727, 11.6704015732, 15.3995714188, 15.1914587021, 17.5294589996, 19.3221473694, 12.8518543243, 8.99299621582, 7.38458776474, 6.42403793335, 4.67751169205, 1.21296465397, 0.0883085131645, 0.048136357218, 0.0319759622216, 0.0284314826131, 0.330996781588, 0.414477825165, 0.156648874283, 0.0269675347954], "dmean": [0.297816872597, 1.32220172882, 2.91824102402, 3.84732460976, 6.32774114609, 5.796646595, 5.6273355484, 11.8706512451, 15.7155160904, 16.4691390991, 16.8759441376, 26.2159366608, 37.5681304932, 33.1345863342, 37.9920959473, 37.434551239, 30.1388282776, 21.6570320129, 15.3933391571, 19.9161586761, 11.3991479874, 7.71481609344, 10.2382736206, 10.4476709366, 12.0313043594, 13.2344121933, 8.93344688416, 6.30991601944, 5.23522090912, 4.57563924789, 3.35609221458, 0.829211652279, 0.056325905025, 0.0292339734733, 0.0194274187088, 0.0182487983257, 0.229908257723, 0.297593027353, 0.114469088614, 0.0196131058037], "var": [0.314387351274, 6.90725183487, 30.3114013672, 68.0761566162, 182.215881348, 199.018264771, 224.592834473, 1744.6159668, 4237.03125, 4468.3828125, 4029.76220703, 10028.7597656, 16550.828125, 12240.6474609, 18336.4414062, 28811.6699219, 11807.5166016, 3833.3059082, 1171.59533691, 2467.33886719, 785.624633789, 575.788818359, 901.343200684, 1149.81030273, 1337.55383301, 1502.66308594, 746.514587402, 313.345275879, 144.190170288, 87.5094833374, 41.7939300537, 2.55249857903, 0.00807492341846, 0.00232146051712, 0.000993995228782, 0.00081637740368, 0.197003155947, 0.37008228898, 0.0533276870847, 0.00236622057855], "dvar": [0.24564781785, 8.36948776245, 24.2898769379, 45.2369346619, 142.220657349, 114.069999695, 144.909423828, 1291.39257812, 3590.67333984, 2097.19604492, 2583.8918457, 5346.97021484, 12524.7822266, 8310.55078125, 12462.6513672, 10516.5849609, 4345.66601562, 1761.81066895, 632.903564453, 1418.10852051, 443.758972168, 385.63180542, 476.68637085, 632.129333496, 832.77911377, 800.985168457, 309.577514648, 122.532051086, 77.1429367065, 53.6064949036, 30.8933582306, 2.30281996727, 0.00632492732257, 0.00213136291131, 0.000887690694071, 0.000598493730649, 0.176686137915, 0.234176203609, 0.026720834896, 0.000549222226255], "mean": [0.37110054493, 1.41868853569, 3.4686794281, 5.34376001358, 8.45806789398, 8.4938583374, 7.84108972549, 16.06782341, 21.1630554199, 24.16913414, 24.5547943115, 39.4612731934, 50.6590309143, 46.7089920044, 53.6896133423, 64.2857055664, 54.4312019348, 38.5192451477, 27.7156429291, 33.2740135193, 19.1274871826, 12.3958377838, 16.8330688477, 18.4363498688, 19.5584850311, 20.7999038696, 14.3908433914, 10.327085495, 7.33665513992, 6.13487291336, 4.08654594421, 0.918749451637, 0.0687782838941, 0.032326772809, 0.0216769147664, 0.0233086477965, 0.256530970335, 0.391668409109, 0.20308047533, 0.0590653382242]}, "zerocrossingrate": {"min": 0, "max": 0.80615234375, "dvar2": 0.00219558598474, "median": 0.3779296875, "dmean2": 0.0574904046953, "dmean": 0.0455432422459, "var": 0.0132107650861, "dvar": 0.00141746294685, "mean": 0.380852907896}, "spectral_contrast_coeffs": {"min": [-0.978598892689, -0.97767585516, -0.981211960316, -0.970831930637, -0.966545641422, -0.965372502804], "max": [-0.288664460182, -0.44850513339, -0.465899050236, -0.591098308563, -0.632623791695, -0.392377793789], "dvar2": [0.0053031090647, 0.0042613921687, 0.00322102033533, 0.0013893423602, 0.000767012126744, 0.00463382573798], "median": [-0.68436384201, -0.783373236656, -0.793134450912, -0.810265600681, -0.816642284393, -0.658593356609], "dmean2": [0.0926004648209, 0.0834624171257, 0.069163531065, 0.0485497564077, 0.0343182012439, 0.0824832394719], "dmean": [0.0567839480937, 0.0504390187562, 0.0425780154765, 0.029453964904, 0.0213347431272, 0.0559835471213], "var": [0.00711940834299, 0.00498682679608, 0.00482667470351, 0.00224874145351, 0.00114853645209, 0.00790350791067], "dvar": [0.00205079698935, 0.00163719279226, 0.00121376395691, 0.000550147437025, 0.000314635777613, 0.0020910052117], "mean": [-0.682792067528, -0.77556681633, -0.782101094723, -0.803553760052, -0.813706219196, -0.661093473434]}, "dissonance": {"min": 0.301997035742, "max": 0.500000178814, "dvar2": 0.000799812551122, "median": 0.480399221182, "dmean2": 0.0284964758903, "dmean": 0.0169387869537, "var": 0.000517711159773, "dvar": 0.000294314726489, "mean": 0.473685115576}, "spectral_energyband_high": {"min": 7.04385165943e-21, "max": 0.0216498225927, "dvar2": 7.14487259756e-06, "median": 0.00153311970644, "dmean2": 0.00185045378748, "dmean": 0.00139979762025, "var": 8.23787922855e-06, "dvar": 3.6405181163e-06, "mean": 0.00256520067342}, "gfcc": {"mean": [15.056344986, 67.7758636475, -90.8722915649, 2.40798473358, -10.8623371124, -21.7620162964, 15.624382019, -28.7725372314, 3.50618386269, -9.61493301392, -8.44393062592, -0.235681429505, -15.6708936691], "icov": [[0.000115994509542, -0.000363891362213, 0.000507150834892, -0.000456469249912, 0.000556829676498, -0.000276132486761, 2.58320142166e-05, 1.63448530657e-05, 0.000186165081686, -0.000329801347107, 0.000436148460722, -0.00045842648251, 0.000342687621014], [-0.000363891362213, 0.00409746542573, -0.00304187345318, 0.00270580034703, -0.00200610538013, 0.00135658076033, -0.000972331559751, 0.00205065123737, -0.00270655495115, 0.00246168905869, -0.00378178991377, 0.00511230854318, -0.00327691365965], [0.000507150834892, -0.00304187345318, 0.00749138835818, -0.00531355384737, 0.0047747399658, -0.00384359830059, 0.00319150625728, -0.00186633213889, 0.000574924517423, -0.00126264069695, 0.00302909757011, -0.00312051246874, 0.00224449299276], [-0.000456469249912, 0.00270580034703, -0.00531355384737, 0.00876500923187, -0.00746220164001, 0.00445698946714, -0.0021782303229, -0.00214114971459, 0.00220179464668, -0.00362699083053, 0.00383172626607, -0.00385512248613, 0.00297921407036], [0.000556829676498, -0.00200610538013, 0.0047747399658, -0.00746220164001, 0.0137807857245, -0.00730258319527, 0.000195303771761, 0.00437834439799, -0.00421975646168, 0.00781205110252, -0.00928541645408, 0.00694256415591, -0.00347581272945], [-0.000276132486761, 0.00135658076033, -0.00384359830059, 0.00445698946714, -0.00730258319527, 0.00980928633362, -0.00183970143553, -0.00304606603459, 0.00649758102372, -0.00684216432273, 0.00560233555734, -0.00567590212449, 0.00230157491751], [2.58320142166e-05, -0.000972331559751, 0.00319150625728, -0.0021782303229, 0.000195303771761, -0.00183970143553, 0.009202292189, -0.00109849649016, -0.00283851241693, 0.00203027599491, 0.00148061895743, -0.00399259105325, 0.00148304342292], [1.63448530657e-05, 0.00205065123737, -0.00186633213889, -0.00214114971459, 0.00437834439799, -0.00304606603459, -0.00109849649016, 0.0132606243715, -0.00891010649502, 0.00579690234736, -0.00929620955139, 0.0119343465194, -0.00962025485933], [0.000186165081686, -0.00270655495115, 0.000574924517423, 0.00220179464668, -0.00421975646168, 0.00649758102372, -0.00283851241693, -0.00891010649502, 0.02235532552, -0.0184458959848, 0.0157074984163, -0.0158816277981, 0.0110045699403], [-0.000329801347107, 0.00246168905869, -0.00126264069695, -0.00362699083053, 0.00781205110252, -0.00684216432273, 0.00203027599491, 0.00579690234736, -0.0184458959848, 0.0352496169508, -0.0280914343894, 0.0178860072047, -0.00971183273941], [0.000436148460722, -0.00378178991377, 0.00302909757011, 0.00383172626607, -0.00928541645408, 0.00560233555734, 0.00148061895743, -0.00929620955139, 0.0157074984163, -0.0280914343894, 0.0458298139274, -0.0261512249708, 0.00851646065712], [-0.00045842648251, 0.00511230854318, -0.00312051246874, -0.00385512248613, 0.00694256415591, -0.00567590212449, -0.00399259105325, 0.0119343465194, -0.0158816277981, 0.0178860072047, -0.0261512249708, 0.0349294431508, -0.0136428046972], [0.000342687621014, -0.00327691365965, 0.00224449299276, 0.00297921407036, -0.00347581272945, 0.00230157491751, 0.00148304342292, -0.00962025485933, 0.0110045699403, -0.00971183273941, 0.00851646065712, -0.0136428046972, 0.0216098725796]], "cov": [[18825.3867188, 395.552947998, -568.05871582, 470.143188477, -512.729187012, -163.462265015, 505.717224121, -413.135986328, 264.408599854, 64.7998733521, -144.936096191, 289.351043701, -393.781433105], [395.552947998, 596.282836914, -11.9852247238, -227.496520996, -10.8336229324, -63.7825775146, -53.5897140503, -21.6854019165, -4.96530532837, 0.410078346729, 9.10566616058, -87.5199279785, 59.7013130188], [-568.05871582, -11.9852247238, 463.944274902, 207.024047852, -49.1501312256, 82.3692626953, -68.4940567017, 92.9993286133, 31.3130664825, 37.6022262573, -17.1853733063, 15.4112119675, -22.6583881378], [470.143188477, -227.496520996, 207.024047852, 476.436920166, 89.178276062, 42.6915779114, 90.7966918945, 18.4848098755, 58.7190666199, 12.2266778946, -13.9523744583, 80.4262008667, -85.4775466919], [-512.729187012, -10.8336229324, -49.1501312256, 89.178276062, 238.015594482, 91.9129638672, 37.8495254517, -38.5337371826, -37.9865074158, -27.3615837097, 24.5855960846, 3.56051540375, 7.64671087265], [-163.462265015, -63.7825775146, 82.3692626953, 42.6915779114, 91.9129638672, 235.263687134, 12.0073003769, 13.4916419983, -46.5883979797, 9.48693180084, 12.8724651337, 24.0731639862, 11.5012817383], [505.717224121, -53.5897140503, -68.4940567017, 90.7966918945, 37.8495254517, 12.0073003769, 194.698257446, -16.7956180573, 51.9193458557, -11.4948339462, -3.06316685677, 55.0198402405, -33.242023468], [-413.135986328, -21.6854019165, 92.9993286133, 18.4848098755, -38.5337371826, 13.4916419983, -16.7956180573, 179.239517212, 44.2124404907, 40.0960731506, 11.9567317963, -20.0977993011, 42.4716682434], [264.408599854, -4.96530532837, 31.3130664825, 58.7190666199, -37.9865074158, -46.5883979797, 51.9193458557, 44.2124404907, 146.848556519, 51.3009757996, 1.46770060062, 33.0978088379, -32.7304763794], [64.7998733521, 0.410078346729, 37.6022262573, 12.2266778946, -27.3615837097, 9.48693180084, -11.4948339462, 40.0960731506, 51.3009757996, 88.9493255615, 36.4966621399, 6.59083652496, 10.2993631363], [-144.936096191, 9.10566616058, -17.1853733063, -13.9523744583, 24.5855960846, 12.8724651337, -3.06316685677, 11.9567317963, 1.46770060062, 36.4966621399, 64.323638916, 25.0400276184, 21.6173400879], [289.351043701, -87.5199279785, 15.4112119675, 80.4262008667, 3.56051540375, 24.0731639862, 55.0198402405, -20.0977993011, 33.0978088379, 6.59083652496, 25.0400276184, 99.9594726562, -5.91700363159], [-393.781433105, 59.7013130188, -22.6583881378, -85.4775466919, 7.64671087265, 11.5012817383, -33.242023468, 42.4716682434, -32.7304763794, 10.2993631363, 21.6173400879, -5.91700363159, 105.945579529]]}, "spectral_flux": {"min": 6.45897571538e-11, "max": 0.407382518053, "dvar2": 0.00169072521385, "median": 0.131348535419, "dmean2": 0.0426327511668, "dmean": 0.0274172518402, "var": 0.00317626353353, "dvar": 0.000794856692664, "mean": 0.131766751409}, "silence_rate_30dB": {"min": 0, "max": 1, "dvar2": 0.120387934148, "median": 1, "dmean2": 0.107928782701, "dmean": 0.053958427161, "var": 0.0466792248189, "dvar": 0.0510461367667, "mean": 0.950912117958}, "spectral_energyband_middle_high": {"min": 1.3137057922e-21, "max": 0.0984049811959, "dvar2": 6.54468458379e-05, "median": 0.00430846167728, "dmean2": 0.00498841516674, "dmean": 0.00333149335347, "var": 9.07954017748e-05, "dvar": 2.75742331723e-05, "mean": 0.00786571577191}, "barkbands_spread": {"min": 0.996161162853, "max": 129.189346313, "dvar2": 332.491363525, "median": 42.2956199646, "dmean2": 20.0206699371, "dmean": 13.2132291794, "var": 470.158935547, "dvar": 154.069702148, "mean": 45.1479721069}, "spectral_centroid": {"min": 243.737106323, "max": 11637.8496094, "dvar2": 217831.046875, "median": 1367.78967285, "dmean2": 456.122619629, "dmean": 317.677001953, "var": 993206.875, "dvar": 117686.898438, "mean": 1542.28369141}, "pitch_salience": {"min": 0.00664965156466, "max": 0.859605491161, "dvar2": 0.0114921955392, "median": 0.574680566788, "dmean2": 0.125908285379, "dmean": 0.0768950209022, "var": 0.0107069117948, "dvar": 0.0043292818591, "mean": 0.562336623669}, "erbbands_skewness": {"min": -4.53536081314, "max": 3.3975288868, "dvar2": 0.321081936359, "median": 0.192314118147, "dmean2": 0.615016460419, "dmean": 0.406853735447, "var": 0.645241975784, "dvar": 0.145500481129, "mean": 0.210788115859}, "erbbands_crest": {"min": 2.13762307167, "max": 30.1712760925, "dvar2": 21.3144741058, "median": 7.42402076721, "dmean2": 4.88947582245, "dmean": 3.04607963562, "var": 22.7763080597, "dvar": 8.69832706451, "mean": 8.69393634796}, "melbands": {"min": [7.86937908853e-25, 9.56686724072e-25, 1.73615091541e-24, 2.30958179602e-24, 1.60469375365e-24, 1.80175317993e-24, 2.33055504369e-24, 2.12771445027e-24, 2.24654431551e-24, 2.35953739892e-24, 2.30710615328e-24, 2.63623154472e-24, 2.83840910055e-24, 3.46492677021e-24, 3.66789437023e-24, 4.03746821015e-24, 2.21109211757e-24, 3.54559923625e-24, 2.45780698517e-24, 3.55461552197e-24, 4.59654024457e-24, 3.1406108665e-24, 3.81207132244e-24, 4.58160434662e-24, 5.33791054e-24, 5.3739307178e-24, 4.48754846089e-24, 5.81861003235e-24, 5.19860677604e-24, 6.06393117995e-24, 4.41061282896e-24, 4.54720133368e-24, 5.25380850118e-24, 6.19238219e-24, 6.20826432661e-24, 6.11775949824e-24, 6.55388756058e-24, 6.85453625663e-24, 7.03387352824e-24, 6.45584871614e-24], "max": [0.0520346462727, 0.0323311090469, 0.0172413531691, 0.0137665299699, 0.0104530695826, 0.0264727137983, 0.0258007980883, 0.0123121300712, 0.0115156453103, 0.0111454613507, 0.0101950801909, 0.0149048985913, 0.0105285933241, 0.0118078896776, 0.00324256205931, 0.00258256052621, 0.00290415459312, 0.000776558648795, 0.00100936274976, 0.00112495652866, 0.000471094885143, 0.000930720125325, 0.000637686986011, 0.00072579929838, 0.000855209887959, 0.000948872067966, 0.000584961904678, 0.000473781808978, 0.000398595584556, 0.000283640139969, 0.00026323122438, 0.000136615315569, 0.000178542453796, 6.68090724503e-05, 6.87878346071e-05, 3.19878672599e-05, 5.76830507271e-06, 9.40642621572e-07, 8.16325211872e-07, 7.15382668659e-07], "dvar2": [4.51123123639e-05, 2.12093764276e-05, 3.08672383653e-06, 1.43754471083e-06, 3.84130828479e-07, 1.5146287069e-06, 1.65321614531e-06, 4.90009199439e-07, 3.74561636818e-07, 5.10657230279e-07, 8.19897650217e-07, 3.90901874425e-07, 5.29917258518e-07, 2.20452562871e-07, 5.7866653691e-08, 5.69739384559e-08, 1.67720255462e-08, 3.90848509113e-09, 6.04063865595e-09, 4.58744553455e-09, 1.2434065999e-09, 1.24803378743e-09, 9.15455544703e-10, 9.75362346445e-10, 1.03294262033e-09, 1.10781128715e-09, 1.04516129085e-09, 9.13892239662e-10, 3.61121882397e-10, 1.84531015468e-10, 7.4813516493e-11, 6.56148191336e-11, 6.02214458856e-11, 3.54692664128e-11, 2.75010448442e-11, 1.30427222841e-11, 3.31877293659e-13, 6.13292214932e-15, 4.59064498248e-15, 3.63166096113e-15], "median": [0.00151668861508, 0.000889773422386, 0.000576828082558, 0.000331048911903, 0.000121195909742, 0.000114187292638, 9.4407107099e-05, 7.15696805855e-05, 6.49583089398e-05, 6.8574816396e-05, 5.61524138902e-05, 4.69656442874e-05, 4.31031658081e-05, 3.28970781993e-05, 3.34631622536e-05, 3.34910073434e-05, 2.86459471681e-05, 2.23726165132e-05, 2.2741207431e-05, 1.85098961083e-05, 9.25802487473e-06, 5.92876813243e-06, 6.67899485052e-06, 7.82602182881e-06, 7.38428298064e-06, 6.47863316772e-06, 6.52060771245e-06, 5.91816387896e-06, 4.04607271776e-06, 3.64146603715e-06, 2.42788610194e-06, 1.71972351382e-06, 1.41524901665e-06, 1.20949380289e-06, 8.54926156535e-07, 4.41552089114e-07, 6.49165841082e-08, 1.31444579665e-08, 1.19014851307e-08, 1.11937845659e-08], "dmean2": [0.00385924777947, 0.00262104114518, 0.00112470320892, 0.000713827728759, 0.000328461697791, 0.000419250194682, 0.000366518914234, 0.000274783931673, 0.000233676895732, 0.000273397134151, 0.000307826965582, 0.000221708716708, 0.00023377549951, 0.000170371087734, 0.000112847563287, 0.000106868195871, 6.75232877256e-05, 3.89664091927e-05, 4.4612774218e-05, 3.70413072233e-05, 1.89235379366e-05, 1.29354939418e-05, 1.36447843033e-05, 1.55135840032e-05, 1.30565731524e-05, 1.32401191877e-05, 1.45314561451e-05, 1.35027548822e-05, 8.95659104572e-06, 7.16274416845e-06, 4.94383948535e-06, 4.48787886853e-06, 3.88575563193e-06, 3.62555192623e-06, 3.02773423755e-06, 1.90033495073e-06, 2.90925555646e-07, 4.92957781262e-08, 4.33720686033e-08, 3.92672383498e-08], "dmean": [0.0022841617465, 0.00156182644423, 0.000686593411956, 0.000444675650215, 0.000206691227504, 0.000267319584964, 0.000231265541515, 0.000172661646502, 0.00014682058827, 0.000171287872945, 0.000190538587049, 0.000136412651045, 0.000144397461554, 0.000106627987407, 7.05143102095e-05, 6.728907465e-05, 4.14259484387e-05, 2.4257640689e-05, 2.82819200947e-05, 2.33844712056e-05, 1.20092026918e-05, 8.24141807243e-06, 8.94632194104e-06, 1.00932365967e-05, 8.77162256074e-06, 8.80875904841e-06, 9.72219731921e-06, 9.04330590856e-06, 6.05272634857e-06, 4.87385159431e-06, 3.39731309396e-06, 3.11581834467e-06, 2.701716312e-06, 2.55942063632e-06, 2.13900511881e-06, 1.31136800974e-06, 1.87075272606e-07, 2.98069693372e-08, 2.61876671459e-08, 2.37309016882e-08], "var": [1.82510430022e-05, 8.38310552354e-06, 1.85420799426e-06, 8.97677978173e-07, 3.04535461737e-07, 9.04812793578e-07, 8.63027025844e-07, 4.20958713221e-07, 2.74479020845e-07, 4.04948593768e-07, 4.20299727466e-07, 2.21128615863e-07, 2.75243053238e-07, 2.08196723861e-07, 7.48135988715e-08, 5.34058557378e-08, 1.32004656095e-08, 2.68584288143e-09, 4.64357929886e-09, 3.16217629859e-09, 8.40123970391e-10, 6.21980245086e-10, 7.65710661543e-10, 8.7453821962e-10, 8.09010858305e-10, 6.8233657613e-10, 7.9777512374e-10, 6.94181989669e-10, 3.44989037337e-10, 2.1183713117e-10, 8.06226613248e-11, 4.87217419187e-11, 4.46149714395e-11, 2.53932951055e-11, 1.69872744343e-11, 6.38578643089e-12, 1.30921884662e-13, 2.51634599795e-15, 1.90087682364e-15, 1.52933492693e-15], "dvar": [1.53089513333e-05, 8.0457311924e-06, 1.24413520552e-06, 5.89714488797e-07, 1.70786393028e-07, 6.67872768645e-07, 6.91839204592e-07, 2.09835206988e-07, 1.71618765421e-07, 2.14948315147e-07, 3.17272906614e-07, 1.52198396108e-07, 2.10935226619e-07, 8.77038104363e-08, 2.38200499325e-08, 2.35695569728e-08, 6.86731072008e-09, 1.57461232941e-09, 2.50619169861e-09, 1.86648407841e-09, 5.20787413194e-10, 4.94679297525e-10, 4.209137483e-10, 4.7350806609e-10, 4.82354101106e-10, 4.73626970976e-10, 4.65779748104e-10, 3.93569760115e-10, 1.66821431669e-10, 8.80761991118e-11, 3.54429263716e-11, 2.90780073631e-11, 2.77586287289e-11, 1.6821861612e-11, 1.29074919156e-11, 5.60669522962e-12, 1.3532421982e-13, 2.40626390205e-15, 1.79587967829e-15, 1.41928332422e-15], "mean": [0.00299640349112, 0.00185338151641, 0.00100675667636, 0.000648844870739, 0.000295513047604, 0.000364621635526, 0.000320177001413, 0.000248807948083, 0.000207592427614, 0.000252370664384, 0.00025116847246, 0.000186325676623, 0.000184953518328, 0.000170506464201, 0.000125588092487, 0.000111274312076, 6.63494574837e-05, 4.06589751947e-05, 4.64186559839e-05, 3.76290881832e-05, 1.87034274859e-05, 1.20188160508e-05, 1.38062832775e-05, 1.60197596415e-05, 1.47321661643e-05, 1.38344194056e-05, 1.48571252794e-05, 1.35340151246e-05, 9.17147917789e-06, 7.72267230786e-06, 5.26287385583e-06, 4.18991294282e-06, 3.62101377505e-06, 3.30996613229e-06, 2.57618125943e-06, 1.45684259678e-06, 1.91952480577e-07, 3.12209671449e-08, 2.77062586207e-08, 2.54347796158e-08]}, "spectral_entropy": {"min": 6.43668079376, "max": 9.82639217377, "dvar2": 0.0402559153736, "median": 7.7704205513, "dmean2": 0.220988944173, "dmean": 0.155432283878, "var": 0.0999501943588, "dvar": 0.0215528365225, "mean": 7.75476169586}, "spectral_rolloff": {"min": 21.533203125, "max": 22050, "dvar2": 85033864, "median": 21554.7363281, "dmean2": 4802.31347656, "dmean": 2555.79956055, "var": 39918020, "dvar": 32372584, "mean": 19002.9296875}, "barkbands": {"min": [4.08569206615e-25, 1.11724200639e-24, 2.19754343152e-24, 1.59282110121e-24, 1.04175779964e-23, 6.21324716652e-24, 7.8944529338e-24, 9.54691852615e-24, 1.90114594634e-23, 1.64528459153e-23, 2.20799264363e-23, 2.85761549701e-23, 4.03175922378e-23, 2.24756869084e-23, 4.31123434093e-23, 5.39250421115e-23, 7.6598002622e-23, 1.01419996943e-22, 1.63332224165e-22, 1.82570724108e-22, 2.72015345504e-22, 2.96045967187e-22, 4.22600536696e-22, 6.18634415397e-22, 9.5747478665e-22, 1.33245346919e-21, 1.95302451918e-21], "max": [0.0605571717024, 0.173553913832, 0.0716358497739, 0.042989846319, 0.0519334375858, 0.115213274956, 0.109336480498, 0.064136736095, 0.0752749741077, 0.087374471128, 0.068582944572, 0.0921889990568, 0.0211504139006, 0.0255013480783, 0.0142329605296, 0.0108904680237, 0.0123055903241, 0.0126701872796, 0.0185815542936, 0.0124819828197, 0.00957858469337, 0.00492877373472, 0.00365964858793, 0.000428762548836, 7.58793175919e-05, 0.0026768008247, 0.0129948537797], "dvar2": [6.82718164171e-05, 0.000506119569764, 5.05609023094e-05, 1.3988932551e-05, 2.44202747126e-05, 3.0101295124e-05, 2.89127146971e-05, 9.96843846224e-06, 2.25714047701e-05, 3.16610567097e-05, 2.54223177762e-05, 1.57350023073e-05, 4.31973103332e-06, 1.27129783323e-06, 1.05767912828e-06, 5.12545568654e-07, 3.13179612021e-07, 3.74163334982e-07, 6.55870053379e-07, 6.92742901265e-07, 2.35621939737e-07, 1.14094355297e-07, 8.81510331396e-08, 1.91480720169e-09, 4.37903949213e-11, 1.08100692842e-07, 3.03128695123e-06], "median": [0.0018144454807, 0.00392798148096, 0.00146120518912, 0.00077335833339, 0.00145997595973, 0.000556305283681, 0.000437945185695, 0.000297291437164, 0.000482946634293, 0.000348077795934, 0.000284091511276, 0.000282891094685, 0.000334150478011, 0.000283107481664, 0.00031727537862, 0.00020767141541, 0.000105454753793, 0.000162069118232, 0.000181413124665, 0.000195938788238, 0.000148571722093, 8.2381098764e-05, 5.40329310752e-05, 4.69711585538e-06, 1.27250132209e-06, 4.4396994781e-05, 0.00158261496108], "dmean2": [0.00561093585566, 0.0118984356523, 0.00445392820984, 0.00218044570647, 0.00304695591331, 0.00195528613403, 0.00169674353674, 0.00120602233801, 0.00187964364886, 0.00200813775882, 0.00163651898038, 0.00146573793609, 0.00100684573408, 0.00061087711947, 0.000609147711657, 0.000404238642659, 0.000214410712942, 0.00029699553852, 0.000327699905029, 0.000392855785321, 0.000258770305663, 0.000198832989554, 0.000174674103619, 2.20082947635e-05, 4.37165726908e-06, 0.000174355664058, 0.00132029515225], "dmean": [0.00337952957489, 0.00690931174904, 0.00268586585298, 0.00131200882606, 0.00190327491146, 0.00124645489268, 0.00106222473551, 0.000754657725338, 0.00117192266043, 0.00124137790408, 0.0010022984352, 0.00092035921989, 0.000634420022834, 0.000377968593966, 0.000384166458389, 0.000255658174865, 0.000138804869493, 0.000197217916138, 0.000222917107749, 0.000270484713838, 0.000181357594556, 0.000141753844218, 0.000125820326502, 1.40185575219e-05, 2.64539016825e-06, 0.000121990669868, 0.000963601225521], "var": [3.4594850149e-05, 0.000174702654476, 2.59143635049e-05, 8.00717771199e-06, 1.68445149029e-05, 1.76901758095e-05, 1.74146844074e-05, 6.7173809839e-06, 1.72267264134e-05, 1.62161759363e-05, 1.30881862788e-05, 1.59006121976e-05, 4.16391412728e-06, 9.94876700133e-07, 8.15844941826e-07, 3.42569478562e-07, 1.7713705347e-07, 3.47776193621e-07, 4.451567861e-07, 6.43914404463e-07, 2.99570871221e-07, 1.00910142464e-07, 5.9265758523e-08, 7.35708494126e-10, 1.87122678463e-11, 5.62287496564e-08, 3.93186246583e-06], "dvar": [2.57639239862e-05, 0.000174260945641, 1.98598681891e-05, 5.75416243009e-06, 1.01583036667e-05, 1.32389122882e-05, 1.20561635413e-05, 4.46701869805e-06, 9.49195236899e-06, 1.21642033264e-05, 1.00819552245e-05, 6.33760146229e-06, 1.76417358944e-06, 5.23538858488e-07, 4.31862019923e-07, 2.09894736258e-07, 1.28223192064e-07, 1.81758309736e-07, 2.85136763978e-07, 3.15415775276e-07, 1.16597270505e-07, 5.43004894382e-08, 4.21441832543e-08, 7.76759545573e-10, 1.71174515534e-11, 4.8233346206e-08, 1.49761012835e-06], "mean": [0.00408449629322, 0.00838654953986, 0.00323968357407, 0.0016610249877, 0.00285719288513, 0.00168868526816, 0.00150437629782, 0.00101770518813, 0.00171089696232, 0.00160623015836, 0.00124743347988, 0.001493460848, 0.00106030970346, 0.000608834729064, 0.000642957165837, 0.000400759570766, 0.000208577868761, 0.000325466971844, 0.000369670131477, 0.000431797496276, 0.00030187194352, 0.000197974208277, 0.000157217451488, 1.41698592415e-05, 2.8615716019e-06, 0.000139397772728, 0.00217437581159]}, "melbands_flatness_db": {"min": 0.00384452193975, "max": 0.444572240114, "dvar2": 0.00174085912295, "median": 0.204785108566, "dmean2": 0.0497688390315, "dmean": 0.0326505675912, "var": 0.00293657160364, "dvar": 0.000756816065405, "mean": 0.209486335516}, "melbands_skewness": {"min": -1.68466877937, "max": 28.331571579, "dvar2": 2.30171108246, "median": 2.13605713844, "dmean2": 1.45323705673, "dmean": 0.9311876297, "var": 4.44959497452, "dvar": 0.953390061855, "mean": 2.59146952629}, "barkbands_skewness": {"min": -2.07438468933, "max": 23.5127162933, "dvar2": 0.964778065681, "median": 1.51996040344, "dmean2": 0.956707954407, "dmean": 0.636397540569, "var": 1.86406099796, "dvar": 0.454307734966, "mean": 1.74364578724}, "silence_rate_60dB": {"min": 0, "max": 1, "dvar2": 0.0168172083795, "median": 0, "dmean2": 0.0145969260484, "dmean": 0.00729765603319, "var": 0.0470799654722, "dvar": 0.00724454969168, "mean": 0.0495301261544}, "spectral_energyband_low": {"min": 9.69763434639e-24, "max": 0.208984270692, "dvar2": 0.000702840858139, "median": 0.00959242973477, "dmean2": 0.016900267452, "dmean": 0.0100375730544, "var": 0.000315760698868, "dvar": 0.000244574068347, "mean": 0.0153334671631}, "spectral_energyband_middle_low": {"min": 1.73207008272e-22, "max": 0.162517115474, "dvar2": 0.000134611182148, "median": 0.00752704497427, "dmean2": 0.00784887373447, "dmean": 0.00508372718468, "var": 0.000142338234582, "dvar": 5.90132840443e-05, "mean": 0.011072977446}, "melbands_kurtosis": {"min": -1.89844918251, "max": 869.8046875, "dvar2": 799.826538086, "median": 5.76255702972, "dmean2": 14.4751176834, "dmean": 8.97580242157, "var": 724.559692383, "dvar": 325.2081604, "mean": 14.2576341629}, "spectral_decrease": {"min": -5.68432412251e-08, "max": 1.95532674496e-08, "dvar2": 5.798385878e-17, "median": -3.73932174114e-09, "dmean2": 6.17756867882e-09, "dmean": 3.77049813594e-09, "var": 3.47358252414e-17, "dvar": 2.09525246206e-17, "mean": -5.05977482135e-09}, "erbbands_kurtosis": {"min": -1.6330769062, "max": 34.377494812, "dvar2": 7.59581899643, "median": 0.168819904327, "dmean2": 1.95886576176, "dmean": 1.26235997677, "var": 8.57523822784, "dvar": 3.45988130569, "mean": 1.11968040466}, "melbands_crest": {"min": 1.55862009525, "max": 39.897983551, "dvar2": 36.8645210266, "median": 14.2118587494, "dmean2": 7.23355770111, "dmean": 4.44242143631, "var": 44.6627960205, "dvar": 14.6385660172, "mean": 15.4381895065}, "melbands_spread": {"min": 0.890171647072, "max": 172.308822632, "dvar2": 235.154403687, "median": 21.2053203583, "dmean2": 12.837346077, "dmean": 8.33673191071, "var": 425.860198975, "dvar": 112.776290894, "mean": 25.6425247192}, "spectral_energy": {"min": 1.01192292053e-20, "max": 0.245808079839, "dvar2": 0.000935388903599, "median": 0.0468430034816, "dmean2": 0.0256564132869, "dmean": 0.0165226813406, "var": 0.00104818923865, "dvar": 0.000375662377337, "mean": 0.0506361946464}, "mfcc": {"mean": [-647.432983398, 136.681488037, -22.9915485382, 41.4433784485, -15.7107105255, 29.9015312195, -3.38343453407, 12.8409109116, -4.87526798248, 10.8483705521, -0.402597904205, -1.52557647228, 2.74991750717], "icov": [[0.000201501767151, -0.000200898051844, 6.05338718742e-05, -0.000189402344404, 0.000364367559087, -0.000264717062237, -5.56303639314e-05, -4.64568365715e-05, 1.44767489019e-06, -0.000171308754943, -5.40363253094e-05, 4.26497626904e-06, -0.000203417701414], [-0.000200898051844, 0.00146581209265, 5.36603874934e-05, 0.000376265175873, -0.000122968442156, -1.0688780776e-06, 0.000136764545459, 0.000923540850636, -0.000266936811386, -9.65458602877e-05, -0.000125976439449, 0.000770477636252, 0.000129634820041], [6.05338718742e-05, 5.36603874934e-05, 0.00304835871793, -0.000313088210532, -0.00139538967051, 0.000569843919948, 0.000821217719931, -0.000181586277904, -0.000600544328336, -0.00104708166327, 7.83324285294e-05, -0.000198358728085, 0.000172555373865], [-0.000189402344404, 0.000376265175873, -0.000313088210532, 0.00358560006134, -0.000604147498962, -0.000520705187228, 0.000867662602104, -0.00193196395412, 0.00104802753776, -0.00139290699735, -0.000467372126877, -7.71061677369e-05, 0.00042292298167], [0.000364367559087, -0.000122968442156, -0.00139538967051, -0.000604147498962, 0.00665777968243, -0.001277402509, -0.00256845680997, 0.00185175868683, -0.000985237304121, 0.00147611100692, -0.00065945123788, -0.00124566745944, 0.000606014800724], [-0.000264717062237, -1.0688780776e-06, 0.000569843919948, -0.000520705187228, -0.001277402509, 0.00653518270701, -0.00195695413277, -0.00302403559908, 0.00376688386314, -0.00101185415406, 0.00163585215341, -0.00110251759179, -0.00158356700558], [-5.56303639314e-05, 0.000136764545459, 0.000821217719931, 0.000867662602104, -0.00256845680997, -0.00195695413277, 0.010005296208, -0.00156481016893, -0.00424146000296, 0.00504806498066, -0.00163260742556, 0.00106896099169, -0.000246245850576], [-4.64568365715e-05, 0.000923540850636, -0.000181586277904, -0.00193196395412, 0.00185175868683, -0.00302403559908, -0.00156481016893, 0.0120541164652, -0.00264142150991, -0.00295381015167, 0.00333514413796, -0.0015749410959, 0.00123201159295], [1.44767489019e-06, -0.000266936811386, -0.000600544328336, 0.00104802753776, -0.000985237304121, 0.00376688386314, -0.00424146000296, -0.00264142150991, 0.0170033220202, -0.00559175387025, -0.00136629119515, 0.0013349232031, -0.00126333755907], [-0.000171308754943, -9.65458602877e-05, -0.00104708166327, -0.00139290699735, 0.00147611100692, -0.00101185415406, 0.00504806498066, -0.00295381015167, -0.00559175387025, 0.0175559017807, -0.00644487794489, 0.000346497574355, -0.000230580481002], [-5.40363253094e-05, -0.000125976439449, 7.83324285294e-05, -0.000467372126877, -0.00065945123788, 0.00163585215341, -0.00163260742556, 0.00333514413796, -0.00136629119515, -0.00644487794489, 0.0193206910044, -0.00633238768205, 0.000726336031221], [4.26497626904e-06, 0.000770477636252, -0.000198358728085, -7.71061677369e-05, -0.00124566745944, -0.00110251759179, 0.00106896099169, -0.0015749410959, 0.0013349232031, 0.000346497574355, -0.00633238768205, 0.0214771106839, -0.00920776743442], [-0.000203417701414, 0.000129634820041, 0.000172555373865, 0.00042292298167, 0.000606014800724, -0.00158356700558, -0.000246245850576, 0.00123201159295, -0.00126333755907, -0.000230580481002, 0.000726336031221, -0.00920776743442, 0.02158132568]], "cov": [[8642.11035156, 750.969055176, -355.481201172, 664.859619141, -598.590087891, 551.243713379, -167.018417358, 325.509918213, -92.9704437256, 278.922729492, 8.32483768463, 52.8129043579, 123.319206238], [750.969055176, 918.735595703, -57.7981376648, -136.889862061, -39.5932426453, -59.6206169128, -14.7370080948, -107.93334198, 12.0856122971, -8.34694480896, 8.00774383545, -50.900932312, -13.9334421158], [-355.481201172, -57.7981376648, 425.050292969, 48.3842277527, 87.9491500854, -62.3600578308, -34.5089035034, -2.28499555588, 36.2341804504, 44.3284873962, 24.9302215576, 10.4573745728, -8.44154548645], [664.859619141, -136.889862061, 48.3842277527, 481.26852417, -41.2077026367, 135.301147461, -62.6571769714, 140.812606812, -25.9463596344, 94.7959594727, 10.2865362167, 33.698009491, 13.1276254654], [-598.590087891, -39.5932426453, 87.9491500854, -41.2077026367, 259.04800415, 3.17000937462, 86.8427658081, -40.7826004028, 18.1101322174, -49.0242996216, 8.12036514282, 10.2586870193, -4.38252067566], [551.243713379, -59.6206169128, -62.3600578308, 135.301147461, 3.17000937462, 305.877075195, 41.3839988708, 108.653633118, -51.2814865112, 9.14074993134, -27.5600833893, 32.2919387817, 31.8266143799], [-167.018417358, -14.7370080948, -34.5089035034, -62.6571769714, 86.8427658081, 41.3839988708, 177.155212402, 1.77295780182, 23.0213088989, -59.5018997192, -7.15577316284, -3.17332267761, 2.13506531715], [325.509918213, -107.93334198, -2.28499555588, 140.812606812, -40.7826004028, 108.653633118, 1.77295780182, 166.004837036, 2.60272550583, 46.1253395081, -14.1473703384, 18.6831855774, 9.72922515869], [-92.9704437256, 12.0856122971, 36.2341804504, -25.9463596344, 18.1101322174, -51.2814865112, 23.0213088989, 2.60272550583, 90.1064376831, 24.2394275665, 18.7488632202, -3.87705373764, -1.63896334171], [278.922729492, -8.34694480896, 44.3284873962, 94.7959594727, -49.0242996216, 9.14074993134, -59.5018997192, 46.1253395081, 24.2394275665, 119.057258606, 33.2542991638, 14.2860307693, 6.86928510666], [8.32483768463, 8.00774383545, 24.9302215576, 10.2865362167, 8.12036514282, -27.5600833893, -7.15577316284, -14.1473703384, 18.7488632202, 33.2542991638, 75.7097091675, 21.6525268555, 6.24804592133], [52.8129043579, -50.900932312, 10.4573745728, 33.698009491, 10.2586870193, 32.2919387817, -3.17332267761, 18.6831855774, -3.87705373764, 14.2860307693, 21.6525268555, 72.0495300293, 30.9753952026], [123.319206238, -13.9334421158, -8.44154548645, 13.1276254654, -4.38252067566, 31.8266143799, 2.13506531715, 9.72922515869, -1.63896334171, 6.86928510666, 6.24804592133, 30.9753952026, 62.3029556274]]}, "spectral_contrast_valleys": {"min": [-28.2024211884, -27.7769412994, -27.832069397, -27.62358284, -27.765625, -27.4159812927], "max": [-4.87215662003, -4.6286649704, -4.86540937424, -5.66980791092, -5.32377147675, -8.86849880219], "dvar2": [0.31901666522, 0.250508993864, 0.17453943193, 0.129331380129, 0.150720730424, 0.705760598183], "median": [-6.75881099701, -6.48795032501, -6.78619384766, -7.05088758469, -7.10528087616, -11.0111751556], "dmean2": [0.685158669949, 0.630338311195, 0.501153230667, 0.409421414137, 0.401172876358, 0.970999658108], "dmean": [0.418007582426, 0.390858769417, 0.322249144316, 0.276858180761, 0.309196799994, 0.604943394661], "var": [3.74820637703, 3.61938667297, 3.3497364521, 3.23219704628, 3.43408727646, 2.57831573486], "dvar": [0.132288560271, 0.107921428978, 0.0822338461876, 0.0686674937606, 0.0932956710458, 0.284523040056], "mean": [-7.08938694, -6.76350498199, -7.05525016785, -7.32509422302, -7.3831319809, -11.2365589142]}, "barkbands_flatness_db": {"min": 0.0349649302661, "max": 0.459709554911, "dvar2": 0.00106697250158, "median": 0.106651209295, "dmean2": 0.0379237271845, "dmean": 0.0250803530216, "var": 0.00150049105287, "dvar": 0.000468267535325, "mean": 0.11214851588}, "dynamic_complexity": 3.26575708389, "spectral_skewness": {"min": -0.0631468519568, "max": 6.02582120895, "dvar2": 0.138605520129, "median": 2.51356649399, "dmean2": 0.38751706481, "dmean": 0.280619591475, "var": 0.469434678555, "dvar": 0.0730483531952, "mean": 2.58628153801}, "erbbands_flatness_db": {"min": 0.0339442417026, "max": 0.286399483681, "dvar2": 0.000725197722204, "median": 0.11891079694, "dmean2": 0.0310609415174, "dmean": 0.0212534423918, "var": 0.00175962981302, "dvar": 0.000359450379619, "mean": 0.125660404563}, "hfc": {"min": 1.06182991477e-16, "max": 2265.26293945, "dvar2": 37522.390625, "median": 298.5060