{"lowlevel": {"spectral_complexity": {"min": 0, "max": 58, "dvar2": 42.4250602722, "median": 18, "dmean2": 5.35524177551, "dmean": 3.48941874504, "var": 79.9670562744, "dvar": 19.8735847473, "mean": 17.9938392639}, "silence_rate_20dB": {"min": 1, "max": 1, "dvar2": 0, "median": 1, "dmean2": 0, "dmean": 0, "var": 0, "dvar": 0, "mean": 1}, "average_loudness": 0.772990763187, "erbbands_spread": {"min": 3.86631345749, "max": 111.28465271, "dvar2": 117.799995422, "median": 39.8537063599, "dmean2": 10.3298749924, "dmean": 7.34433507919, "var": 408.603027344, "dvar": 64.9153900146, "mean": 41.645614624}, "spectral_kurtosis": {"min": -1.25554811954, "max": 17.8072528839, "dvar2": 3.73188018799, "median": 3.34079909325, "dmean2": 1.84514844418, "dmean": 1.12455308437, "var": 4.12985658646, "dvar": 1.37906146049, "mean": 3.64481663704}, "barkbands_kurtosis": {"min": -1.85065066814, "max": 58.698551178, "dvar2": 21.350353241, "median": 2.69249677658, "dmean2": 3.39079904556, "dmean": 2.1787083149, "var": 22.5610542297, "dvar": 8.7503528595, "mean": 3.91725349426}, "spectral_strongpeak": {"min": 0, "max": 12.4090461731, "dvar2": 1.35853433609, "median": 0.381455898285, "dmean2": 0.737599611282, "dmean": 0.443104892969, "var": 1.87136769295, "dvar": 0.582605957985, "mean": 0.930397093296}, "spectral_spread": {"min": 1793408.875, "max": 42637432, "dvar2": 610201894912, "median": 4657161, "dmean2": 625222.9375, "dmean": 488225.84375, "var": 1844157874180.0, "dvar": 362209509376, "mean": 4789823}, "spectral_rms": {"min": 3.16505307206e-12, "max": 0.014624517411, "dvar2": 3.71774945052e-06, "median": 0.00464272685349, "dmean2": 0.00130672554951, "dmean": 0.000891169940587, "var": 5.14951125297e-06, "dvar": 1.57487158958e-06, "mean": 0.0046363840811}, "erbbands": {"min": [4.55341722629e-22, 4.22336731512e-21, 1.00463524931e-20, 2.93237304296e-20, 5.48483430903e-20, 7.27206206627e-20, 6.10982354555e-20, 9.42943699175e-20, 2.0066228098e-19, 8.65561275988e-19, 4.8705635238e-19, 4.57451765052e-19, 1.06621564705e-18, 8.00180920371e-19, 1.95047244566e-18, 2.19078723196e-18, 2.37642558657e-18, 5.77384061681e-18, 3.77621101802e-18, 5.46353001386e-18, 8.52214406611e-18, 8.11451276897e-18, 7.61894307372e-18, 1.63390769554e-17, 1.15384953929e-17, 1.41303822971e-17, 1.44382936627e-17, 1.70618706833e-17, 1.32513440776e-17, 1.36351070782e-17, 1.62266184424e-17, 1.64892482868e-17, 1.39714213444e-17, 1.15828107671e-17, 8.91534850619e-18, 5.1102986633e-18, 2.33198965086e-18, 1.32832281679e-18, 2.73170503634e-19, 2.99552860584e-20], "max": [2.12675833702, 24.7244472504, 121.709480286, 185.614089966, 301.324279785, 238.11026001, 179.635894775, 466.332122803, 694.740844727, 855.227233887, 1990.72741699, 879.970947266, 613.900268555, 986.067626953, 592.391967773, 3637.07763672, 767.324035645, 704.805114746, 762.711303711, 365.213287354, 808.49407959, 391.513458252, 270.661468506, 867.821411133, 395.284423828, 136.144378662, 145.367599487, 238.792602539, 178.98085022, 170.791656494, 256.700134277, 81.6505355835, 33.1042709351, 13.117647171, 20.5579242706, 2.81157183647, 0.559827387333, 0.105813242495, 0.00668035261333, 0.000284025503788], "dvar2": [0.0863433480263, 12.3044080734, 159.040603638, 437.929779053, 544.222961426, 352.227752686, 284.984100342, 380.698425293, 772.922546387, 3040.29711914, 6612.81005859, 3480.48339844, 1110.87451172, 1167.78735352, 1278.1907959, 40458.9257813, 1546.59814453, 1377.84179688, 682.524841309, 279.601623535, 697.309631348, 281.199798584, 249.919845581, 1056.98083496, 353.291229248, 148.666427612, 314.15222168, 199.16343689, 94.419342041, 78.6594848633, 80.6478042603, 24.1403541565, 10.3286724091, 3.01735496521, 1.72015583515, 0.0957947075367, 0.00515477359295, 0.000138157891342, 1.47645934589e-07, 1.61610835825e-09], "median": [0.0665762275457, 0.46979033947, 1.55893301964, 2.87537121773, 5.35784864426, 7.15995788574, 7.03537988663, 5.82590675354, 10.0722827911, 10.0516433716, 13.3561935425, 9.77958106995, 8.88835716248, 10.3772106171, 8.77785015106, 9.60997390747, 9.05378341675, 8.68290042877, 8.59147453308, 7.63616847992, 6.73560619354, 6.45908880234, 6.29209423065, 7.60792064667, 7.65433216095, 5.12036132813, 3.23070478439, 2.48624801636, 2.01522874832, 1.43376970291, 1.28033041954, 1.03671121597, 0.549692988396, 0.236098855734, 0.104937598109, 0.0339160189033, 0.00875103101134, 0.00116109428927, 4.3927160732e-05, 2.9145325243e-05], "dmean2": [0.148421689868, 1.50476443768, 5.12119483948, 9.74737071991, 12.6282634735, 10.5913600922, 9.64707565308, 9.12457466125, 13.0284080505, 25.1807823181, 30.1017456055, 23.7712287903, 14.8519306183, 15.6484489441, 15.2064428329, 53.3004455566, 16.784154892, 16.2819290161, 13.496348381, 9.70010852814, 10.6142168045, 9.07003498077, 8.91521263123, 12.3367805481, 10.7469987869, 6.99672317505, 6.99765729904, 5.98399066925, 4.53195810318, 3.72796034813, 3.64280939102, 2.35093784332, 1.50148129463, 0.789930999279, 0.431976646185, 0.143289551139, 0.0376221723855, 0.00600001541898, 0.000158126655151, 2.23114184337e-05], "dmean": [0.0892309919, 0.905006706715, 3.11240744591, 5.92090940475, 7.49680709839, 6.54844045639, 6.15019989014, 5.44818067551, 8.36637592316, 17.3998336792, 23.0512371063, 16.2791156769, 10.3422498703, 10.7572755814, 9.97299385071, 37.1166381836, 11.0898771286, 10.3848361969, 8.60697841644, 6.17017221451, 6.66769361496, 5.74195146561, 5.56384420395, 8.01177978516, 6.87570476532, 4.44486236572, 4.33847427368, 3.74660301208, 3.02438879013, 2.55983138084, 2.61639451981, 1.69393754005, 1.07471227646, 0.563975036144, 0.304817080498, 0.100629471242, 0.0267847497016, 0.00406678626314, 0.000105322542368, 1.52556431203e-05], "var": [0.0320059135556, 3.80043411255, 47.055557251, 159.579315186, 242.544464111, 322.12387085, 224.83366394, 189.585342407, 964.819580078, 6141.52294922, 22288.6152344, 6358.33935547, 2550.62597656, 1686.26708984, 1458.18188477, 52574.7539063, 1700.24853516, 1365.35998535, 804.801452637, 304.498718262, 865.202575684, 344.496276855, 254.873733521, 1387.55029297, 467.782196045, 156.30859375, 158.107498169, 119.167076111, 127.592887878, 111.86428833, 106.600135803, 28.3943138123, 9.02512741089, 2.11016631126, 0.875329434872, 0.0576963089406, 0.00389290647581, 8.31779107102e-05, 6.4763383989e-08, 1.14666687256e-09], "dvar": [0.0324304364622, 4.42771339417, 57.3877182007, 166.979156494, 200.723236084, 132.429763794, 110.519447327, 143.289932251, 348.285949707, 1473.14953613, 3785.94580078, 1657.29553223, 548.975646973, 534.659667969, 526.376220703, 19323.4746094, 655.782897949, 596.461669922, 299.626495361, 122.379966736, 267.633148193, 122.710083008, 102.419883728, 479.299163818, 155.069580078, 62.7677230835, 121.232017517, 78.7254104614, 46.2458152771, 38.0573730469, 41.2897987366, 13.4959554672, 5.44110298157, 1.46072518826, 0.738290429115, 0.0435439161956, 0.00253024860285, 6.28711059107e-05, 6.08722174888e-08, 6.80416611942e-10], "mean": [0.119929209352, 1.11876237392, 3.70580887794, 7.0503411293, 10.556186676, 13.4931964874, 12.0811214447, 9.76804351807, 18.6127128601, 39.5267372131, 61.15234375, 37.0445632935, 26.2515773773, 23.0299949646, 21.1767578125, 66.7848129272, 21.3164863586, 19.0387954712, 16.2351493835, 12.5893697739, 13.3498325348, 11.7121076584, 11.3537349701, 16.7709102631, 14.5680274963, 9.06655406952, 6.88151168823, 6.04069757462, 5.50668287277, 4.58496665955, 4.37884426117, 2.89774537086, 1.64415287971, 0.78125846386, 0.40166208148, 0.129336610436, 0.0350897908211, 0.00498573621735, 0.000135141250212, 3.71578389604e-05]}, "zerocrossingrate": {"min": 0.0078125, "max": 0.50537109375, "dvar2": 0.000123414836708, "median": 0.05126953125, "dmean2": 0.0101956073195, "dmean": 0.0086317518726, "var": 0.000841903674882, "dvar": 9.87046878436e-05, "mean": 0.0570753253996}, "spectral_contrast_coeffs": {"min": [-0.978808760643, -0.963470160961, -0.966247200966, -0.96153408289, -0.964694261551, -0.960210025311], "max": [-0.307456791401, -0.429695636034, -0.477665185928, -0.569225430489, -0.619788765907, -0.603404581547], "dvar2": [0.00433995621279, 0.00293794204481, 0.00191994488705, 0.00121838378254, 0.000700819713529, 0.000670931185596], "median": [-0.654660463333, -0.726575314999, -0.75940746069, -0.780132949352, -0.791237831116, -0.769958972931], "dmean2": [0.0784461647272, 0.0646217912436, 0.0539202280343, 0.0441157929599, 0.033116273582, 0.0290722306818], "dmean": [0.0492435656488, 0.0396001189947, 0.0339513532817, 0.0273320898414, 0.0204096864909, 0.0181353557855], "var": [0.00630525033921, 0.00542999757454, 0.00503391260281, 0.00216343556531, 0.00164032354951, 0.00118308153469], "dvar": [0.00171876291279, 0.00112610240467, 0.000777199747972, 0.000477012596093, 0.000283981993562, 0.000259541382547], "mean": [-0.64820510149, -0.720070779324, -0.749482691288, -0.778659164906, -0.788709044456, -0.770418167114]}, "dissonance": {"min": 0.265605002642, "max": 0.500000059605, "dvar2": 0.000860599509906, "median": 0.469189763069, "dmean2": 0.0285328216851, "dmean": 0.0170703455806, "var": 0.000857323349919, "dvar": 0.000316887628287, "mean": 0.461195975542}, "spectral_energyband_high": {"min": 7.51295273184e-21, "max": 0.0120718060061, "dvar2": 1.45757792325e-06, "median": 0.000303854350932, "dmean2": 0.000516857486218, "dmean": 0.000393998605432, "var": 1.70408964095e-06, "dvar": 7.23855293927e-07, "mean": 0.000746666861232}, "gfcc": {"mean": [-11.426861763, 96.8656463623, -113.901130676, 35.633769989, -64.2968597412, 16.0277385712, -37.6975288391, 10.8450059891, -25.0465984344, 1.97403526306, -13.8039674759, -2.81176257133, -14.0902147293], "icov": [[9.55969080678e-05, -0.000210827653063, 0.000108300075226, -0.000251564808423, 0.000180989474757, -0.000138164454256, 0.000134461617563, -0.000250944780419, 0.00022980661015, -0.000258260435658, 0.000386837724363, -0.000200355381821, 0.000352627394022], [-0.000210827653063, 0.0040478957817, -0.000369861285435, 0.0016524415696, -0.00220572366379, 0.0013497970067, -0.00151136505883, 0.00124262354802, -0.00240896898322, 0.00302917719819, -0.0044156620279, 0.00415328564122, -0.00338128814474], [0.000108300075226, -0.000369861285435, 0.00383204291575, -0.00108197436202, -6.43799867248e-05, -0.00147953152191, 0.000780575966928, -0.000454278371762, -0.000272792822216, -0.00223354599439, 0.00390205811709, -0.00226395553909, 0.00215102452785], [-0.000251564808423, 0.0016524415696, -0.00108197436202, 0.00538142770529, -0.00246477290057, -0.00109784817323, 0.00163815205451, 0.000618060235865, -0.00268726190552, 0.00197855732404, -0.00132156990003, 0.00170326896477, -0.00377874309197], [0.000180989474757, -0.00220572366379, -6.43799867248e-05, -0.00246477290057, 0.00641835108399, -0.00107429444324, -0.000126241182443, -0.000617014477029, 0.000699467665982, -0.00107583252247, 0.00135618948843, -0.00303403264843, 0.000922895327676], [-0.000138164454256, 0.0013497970067, -0.00147953152191, -0.00109784817323, -0.00107429444324, 0.00902457814664, -0.00331387855113, -0.000976316689048, 0.0019923967775, 0.000232943784795, -0.00215860409662, 0.00131057028193, -0.00132122845389], [0.000134461617563, -0.00151136505883, 0.000780575966928, 0.00163815205451, -0.000126241182443, -0.00331387855113, 0.0114507367834, -0.00476697320119, 0.000127368883113, 0.00143224967178, -0.00149003975093, 0.00029676334816, 0.00318648805842], [-0.000250944780419, 0.00124262354802, -0.000454278371762, 0.000618060235865, -0.000617014477029, -0.000976316689048, -0.00476697320119, 0.0174665357918, -0.00479079736397, -0.00127854838502, 0.000618223391939, -0.00230900687166, 0.0014032246545], [0.00022980661015, -0.00240896898322, -0.000272792822216, -0.00268726190552, 0.000699467665982, 0.0019923967775, 0.000127368883113, -0.00479079736397, 0.0182397738099, -0.00848229508847, 0.00120787089691, 0.00485799228773, -0.00397922564298], [-0.000258260435658, 0.00302917719819, -0.00223354599439, 0.00197855732404, -0.00107583252247, 0.000232943784795, 0.00143224967178, -0.00127854838502, -0.00848229508847, 0.0238303914666, -0.00749330176041, 0.000839242246002, 0.00311322486959], [0.000386837724363, -0.0044156620279, 0.00390205811709, -0.00132156990003, 0.00135618948843, -0.00215860409662, -0.00149003975093, 0.000618223391939, 0.00120787089691, -0.00749330176041, 0.0229558330029, -0.00929027143866, 0.0013775966363], [-0.000200355381821, 0.00415328564122, -0.00226395553909, 0.00170326896477, -0.00303403264843, 0.00131057028193, 0.00029676334816, -0.00230900687166, 0.00485799228773, 0.000839242246002, -0.00929027143866, 0.0269553493708, -0.0104456488043], [0.000352627394022, -0.00338128814474, 0.00215102452785, -0.00377874309197, 0.000922895327676, -0.00132122845389, 0.00318648805842, 0.0014032246545, -0.00397922564298, 0.00311322486959, 0.0013775966363, -0.0104456488043, 0.0250583551824]], "cov": [[14431.7988281, -186.74786377, 253.087417603, 588.694030762, -100.639350891, 250.646347046, -146.078170776, 185.342727661, -59.741027832, 90.7692108154, -239.094467163, -19.193775177, -151.739959717], [-186.74786377, 736.675964355, -236.830657959, -118.622436523, 115.803161621, -86.5403060913, 97.9449157715, -32.5967750549, 72.1839828491, -52.8925971985, 123.063194275, -54.3320960999, 73.63671875], [253.087417603, -236.830657959, 489.180114746, 170.466339111, 41.9355163574, 91.5294113159, -61.8913536072, 32.427230835, 10.7550039291, 48.1788673401, -95.1702041626, 23.9592685699, -31.5265903473], [588.694030762, -118.622436523, 170.466339111, 423.075775146, 124.64617157, 72.8897628784, -93.2320709229, 1.55993843079, 42.351436615, 8.4304895401, -37.9908218384, 21.2459144592, 52.5188865662], [-100.639350891, 115.803161621, 41.9355163574, 124.64617157, 250.472122192, 35.3692588806, 2.10504174232, 3.5906829834, 23.1283569336, -3.29801869392, 15.8407917023, 18.9753627777, 35.5317344666], [250.646347046, -86.5403060913, 91.5294113159, 72.8897628784, 35.3692588806, 167.565673828, 28.8365955353, 26.8434562683, -16.0568523407, 8.12115478516, -8.1950302124, 13.0536365509, -7.37442445755], [-146.078170776, 97.9449157715, -61.8913536072, -93.2320709229, 2.10504174232, 28.8365955353, 152.761688232, 33.8279380798, -2.06513571739, -7.28453493118, 32.4421653748, -11.0851020813, -19.1786766052], [185.342727661, -32.5967750549, 32.427230835, 1.55993843079, 3.5906829834, 26.8434562683, 33.8279380798, 81.4893341064, 16.3314189911, 17.2403144836, -5.36940050125, 3.63760614395, -14.8738164902], [-59.741027832, 72.1839828491, 10.7550039291, 42.351436615, 23.1283569336, -16.0568523407, -2.06513571739, 16.3314189911, 96.1816558838, 24.4906597137, 6.96190166473, -17.09400177, 18.4162559509], [90.7692108154, -52.8925971985, 48.1788673401, 8.4304895401, -3.29801869392, 8.12115478516, -7.28453493118, 17.2403144836, 24.4906597137, 65.936050415, 2.49870467186, 1.94413983822, -14.3980207443], [-239.094467163, 123.063194275, -95.1702041626, -37.9908218384, 15.8407917023, -8.1950302124, 32.4421653748, -5.36940050125, 6.96190166473, 2.49870467186, 89.9205703735, 11.7992706299, 18.3408279419], [-19.193775177, -54.3320960999, 23.9592685699, 21.2459144592, 18.9753627777, 13.0536365509, -11.0851020813, 3.63760614395, -17.09400177, 1.94413983822, 11.7992706299, 61.7716522217, 17.4261741638], [-151.739959717, 73.63671875, -31.5265903473, 52.5188865662, 35.5317344666, -7.37442445755, -19.1786766052, -14.8738164902, 18.4162559509, -14.3980207443, 18.3408279419, 17.4261741638, 75.1478347778]]}, "spectral_flux": {"min": 6.54452950166e-11, "max": 0.420577257872, "dvar2": 0.00317053031176, "median": 0.0636722147465, "dmean2": 0.0406188927591, "dmean": 0.0263920538127, "var": 0.00297331158072, "dvar": 0.00149883271661, "mean": 0.0754891484976}, "silence_rate_30dB": {"min": 0, "max": 1, "dvar2": 0.0192525312304, "median": 1, "dmean2": 0.0146454721689, "dmean": 0.00732208229601, "var": 0.00488651543856, "dvar": 0.00726829376072, "mean": 0.995089292526}, "spectral_energyband_middle_high": {"min": 1.47840258164e-21, "max": 0.0758665204048, "dvar2": 1.91463896044e-05, "median": 0.00260593649, "dmean2": 0.00218849885277, "dmean": 0.00150790705811, "var": 3.80366655008e-05, "dvar": 9.00045779417e-06, "mean": 0.00451899785548}, "barkbands_spread": {"min": 2.41080093384, "max": 99.5860519409, "dvar2": 56.4476242065, "median": 18.45337677, "dmean2": 6.81502008438, "dmean": 4.58997869492, "var": 138.28352356, "dvar": 27.6652469635, "mean": 20.8530826569}, "spectral_centroid": {"min": 265.36529541, "max": 11159.3876953, "dvar2": 105425.28125, "median": 1119.10839844, "dmean2": 302.059082031, "dmean": 197.751846313, "var": 285287.875, "dvar": 50911.515625, "mean": 1219.33325195}, "pitch_salience": {"min": 0.234191730618, "max": 0.888100743294, "dvar2": 0.00843544118106, "median": 0.585150003433, "dmean2": 0.101475693285, "dmean": 0.0625532418489, "var": 0.00813736952841, "dvar": 0.00317574106157, "mean": 0.580313801765}, "erbbands_skewness": {"min": -2.71874666214, "max": 3.67819786072, "dvar2": 0.141258642077, "median": 0.399910926819, "dmean2": 0.411520272493, "dmean": 0.273023337126, "var": 0.479128301144, "dvar": 0.0636136233807, "mean": 0.444892287254}, "erbbands_crest": {"min": 2.14095067978, "max": 30.8659820557, "dvar2": 11.184504509, "median": 7.0221323967, "dmean2": 3.33069944382, "dmean": 2.14834308624, "var": 23.8886108398, "dvar": 4.83693265915, "mean": 8.54565525055}, "melbands": {"min": [7.4842831284e-24, 5.11151968755e-24, 6.91702823982e-24, 4.32865215306e-24, 2.48212125599e-24, 2.26359159968e-24, 2.50572121327e-24, 1.01594335203e-23, 3.49089015475e-24, 2.41370591348e-24, 5.71541361531e-24, 3.5887037794e-24, 5.19820406255e-24, 6.40200383176e-24, 4.93899107441e-24, 6.19314028533e-24, 1.09005864846e-23, 6.19972293516e-24, 4.56176646701e-24, 5.69474861504e-24, 1.12304415723e-23, 8.85217582667e-24, 4.74936863432e-24, 9.13188302669e-24, 1.34776554335e-23, 8.64257311757e-24, 7.92324872342e-24, 8.238807285e-24, 8.02640096425e-24, 9.74687031093e-24, 8.51681133433e-24, 7.42724296293e-24, 7.2114926608e-24, 6.18435789688e-24, 9.96099082644e-24, 8.28443973293e-24, 1.12051080932e-23, 1.04495016195e-23, 8.77631975088e-24, 1.01025148394e-23], "max": [0.0224643759429, 0.054045855999, 0.0276191849262, 0.0251790490001, 0.00651763519272, 0.00976495910436, 0.0102693950757, 0.00923268776387, 0.0150640569627, 0.00518158264458, 0.00304806930944, 0.00425169756636, 0.0026869608555, 0.00774361751974, 0.00413646735251, 0.00138979475014, 0.00117735553067, 0.00128550967202, 0.000509785313625, 0.000556685670745, 0.00112154334784, 0.000386117812013, 0.000450652616564, 0.000381460704375, 0.000843713816721, 0.000479286070913, 0.000194268548512, 0.00010311758524, 9.76631708909e-05, 9.80481636361e-05, 0.000179519309313, 0.000109943444841, 0.000106310071715, 9.99284093268e-05, 0.000159670453286, 0.000108337204438, 3.02882035612e-05, 3.03404794977e-05, 1.58891798492e-05, 1.24984435388e-05], "dvar2": [9.86244322121e-06, 3.47874447471e-05, 1.2750325368e-05, 2.0750794647e-06, 3.37182967769e-07, 1.89039326415e-07, 1.8624385234e-07, 3.65686872783e-07, 3.97150955678e-07, 1.13459947215e-07, 2.77269371907e-08, 2.15917292934e-08, 1.39218583328e-08, 2.05189607527e-07, 5.55851968898e-08, 5.11314457441e-09, 5.81783643483e-09, 1.99013738822e-09, 7.04024338827e-10, 6.58230192574e-10, 1.12068587743e-09, 3.87232690358e-10, 3.88611420821e-10, 3.01735941788e-10, 9.3469232354e-10, 4.14004608373e-10, 1.1550679857e-10, 7.41441977259e-11, 1.16552781315e-10, 1.20205415066e-10, 6.58945259469e-11, 3.91235099872e-11, 2.3232039556e-11, 3.19928354642e-11, 3.83032598694e-11, 1.82009112643e-11, 8.14710885561e-12, 6.68380151572e-12, 3.08018432808e-12, 1.93439014806e-12], "median": [0.000620756414719, 0.000792610109784, 0.000593329197727, 0.000521240290254, 0.000269005715381, 0.000139054172905, 0.000157772388775, 0.000107175772428, 0.000100598132121, 5.32356170879e-05, 4.03106751037e-05, 3.98217416659e-05, 2.50183584285e-05, 2.59747102973e-05, 2.25871226576e-05, 1.51264721353e-05, 1.47502614709e-05, 1.23956724565e-05, 1.04644641397e-05, 9.2921372925e-06, 7.51679272071e-06, 6.21738126938e-06, 6.80486391502e-06, 4.59903912997e-06, 5.86728356211e-06, 5.61875231142e-06, 4.21010827267e-06, 2.83455528916e-06, 2.02864634957e-06, 1.49237007463e-06, 1.34566789711e-06, 1.19617811833e-06, 8.25353026812e-07, 7.43828081795e-07, 7.39056076782e-07, 6.38825781607e-07, 6.14213206518e-07, 4.13309322767e-07, 2.53424616403e-07, 1.68563587977e-07], "dmean2": [0.0014786896063, 0.00240949122235, 0.00171599106397, 0.000830950390082, 0.000344156171195, 0.000209617661312, 0.000207967445021, 0.000274172984064, 0.000242858150159, 0.00013770312944, 7.37692244002e-05, 6.67534040986e-05, 4.69675396744e-05, 0.000127227540361, 7.84507501521e-05, 2.94606434181e-05, 3.25201108353e-05, 2.19775120058e-05, 1.4457647012e-05, 1.37714823722e-05, 1.39586645673e-05, 1.04583305074e-05, 1.12932375487e-05, 8.25858023745e-06, 1.12265424832e-05, 9.45685769693e-06, 6.25243546892e-06, 4.73021236758e-06, 4.55159624835e-06, 4.39930454377e-06, 3.46538854501e-06, 2.87449529424e-06, 2.20001243179e-06, 2.27308669309e-06, 2.37975245909e-06, 1.76130686214e-06, 1.44005809943e-06, 1.23071197322e-06, 8.0991702589e-07, 6.36514187136e-07], "dmean": [0.000885781890247, 0.00146320229396, 0.00104390503839, 0.000500192632899, 0.000219231151277, 0.000125907361507, 0.000135061680339, 0.000191279890714, 0.000184231932508, 9.2901813332e-05, 5.14019047841e-05, 4.59657567262e-05, 3.07488880935e-05, 8.72051168699e-05, 5.3887233662e-05, 1.89925376617e-05, 2.0706505893e-05, 1.39378453241e-05, 9.21396804188e-06, 8.6555019152e-06, 8.76587273524e-06, 6.62197408019e-06, 6.9274165071e-06, 5.13319309903e-06, 7.23724997442e-06, 6.10437336945e-06, 3.9294218368e-06, 2.97611404676e-06, 2.82767405224e-06, 2.64753725787e-06, 2.16933767661e-06, 1.87006946817e-06, 1.47545529217e-06, 1.51075562371e-06, 1.66551080838e-06, 1.26460884076e-06, 1.01138141417e-06, 8.60236582412e-07, 5.65887660287e-07, 4.47143122528e-07], "var": [3.42912881024e-06, 1.04440068753e-05, 4.8271790547e-06, 1.30556031763e-06, 3.09727909098e-07, 9.64948796423e-08, 2.49414256359e-07, 7.16917725185e-07, 1.28029375901e-06, 2.04467752951e-07, 6.26057925501e-08, 2.98035942592e-08, 1.23829249077e-08, 2.48802479064e-07, 7.29874756189e-08, 5.46249578903e-09, 5.15220532904e-09, 2.15168638462e-09, 7.94755261602e-10, 6.67216504269e-10, 1.40171052543e-09, 3.80441317338e-10, 3.50654061343e-10, 2.72923295075e-10, 1.17814691336e-09, 4.75978367831e-10, 1.27538049566e-10, 6.78583023106e-11, 6.29553076337e-11, 5.41404421295e-11, 4.00072856788e-11, 4.55832906143e-11, 3.2187485316e-11, 3.85088939903e-11, 4.41122069428e-11, 2.0830054695e-11, 8.3739577772e-12, 5.4016340012e-12, 2.31545490247e-12, 1.26733259304e-12], "dvar": [3.64358311344e-06, 1.25665264932e-05, 4.86576755065e-06, 7.52394271331e-07, 1.32137884634e-07, 7.1142210345e-08, 8.41098994897e-08, 1.74685141019e-07, 2.24346990763e-07, 5.38092130853e-08, 1.37331399586e-08, 9.84971304518e-09, 5.57092327824e-09, 9.40243936043e-08, 2.66419259987e-08, 2.10899209208e-09, 2.48695863903e-09, 8.72382888151e-10, 2.99816199645e-10, 2.79084089172e-10, 4.38581088114e-10, 1.60300203667e-10, 1.62461613606e-10, 1.24276852698e-10, 4.23921980852e-10, 1.76931552742e-10, 5.08567458979e-11, 3.04041167243e-11, 4.56997877041e-11, 4.51591333772e-11, 2.62185845951e-11, 1.78908016873e-11, 1.14464939263e-11, 1.44519292367e-11, 1.84401157538e-11, 9.49374866915e-12, 4.39491758958e-12, 3.41671721298e-12, 1.51545063391e-12, 9.188206836e-13], "mean": [0.00118985911831, 0.00180558254942, 0.00130982266273, 0.000900322454982, 0.000456105481135, 0.000228089236771, 0.000305395427858, 0.000442720600404, 0.000477682508063, 0.000204520911211, 0.000125167352962, 9.2673501058e-05, 5.73620454816e-05, 0.000157216869411, 9.68396052485e-05, 3.52662937075e-05, 3.49734473275e-05, 2.45952815021e-05, 1.83398660738e-05, 1.60439212777e-05, 1.6189453163e-05, 1.21142929856e-05, 1.24038333524e-05, 9.31650902203e-06, 1.41626342156e-05, 1.22163228298e-05, 7.81376184023e-06, 5.52297615286e-06, 4.38852157458e-06, 3.76027810489e-06, 3.40350493389e-06, 3.27479688167e-06, 2.53538610195e-06, 2.5682161322e-06, 2.68930443781e-06, 2.05005380849e-06, 1.66668678503e-06, 1.25693259179e-06, 8.19176591449e-07, 5.9108555206e-07]}, "spectral_entropy": {"min": 6.29988956451, "max": 9.81454086304, "dvar2": 0.0316978432238, "median": 7.61790370941, "dmean2": 0.181893602014, "dmean": 0.131948366761, "var": 0.122986212373, "dvar": 0.0188608597964, "mean": 7.61367321014}, "spectral_rolloff": {"min": 43.06640625, "max": 18906.1523438, "dvar2": 816854.625, "median": 904.39453125, "dmean2": 590.558410645, "dmean": 365.239807129, "var": 1298558.75, "dvar": 386267.5, "mean": 1182.4230957}, "barkbands": {"min": [1.21033461407e-23, 2.13914512367e-23, 9.90635432014e-24, 1.51605497576e-23, 1.77171059564e-23, 8.66858738364e-24, 1.45773827557e-23, 2.53630961041e-23, 1.47077025772e-23, 4.11896148596e-23, 3.14663141348e-23, 4.00981879319e-23, 3.18491357104e-23, 1.17519903334e-22, 5.92911832223e-23, 1.21682097553e-22, 1.27022231497e-22, 1.81065097874e-22, 2.53959897106e-22, 2.98885639254e-22, 4.29483947629e-22, 3.65475193178e-22, 5.39941791434e-22, 8.88217898368e-22, 1.1123359826e-21, 1.46164995281e-21, 2.03216425688e-21], "max": [0.002918333048, 0.093175560236, 0.108678847551, 0.0809700191021, 0.094229824841, 0.0404707156122, 0.0497087389231, 0.0725178718567, 0.0340942367911, 0.0242616012692, 0.0244999285787, 0.0707576200366, 0.0143786640838, 0.00956457853317, 0.0116983130574, 0.012778615579, 0.00792635418475, 0.00662065390497, 0.0127394795418, 0.00377648044378, 0.0048660421744, 0.0045833690092, 0.00782190077007, 0.00186976010446, 0.00186084490269, 0.000340389233315, 4.06281469623e-05], "dvar2": [1.35512664201e-07, 0.000174845568836, 0.000145651123603, 7.74745858507e-05, 3.05023913825e-05, 4.740481927e-06, 6.13823704043e-06, 1.2583467651e-05, 4.59615966975e-06, 1.25260578443e-06, 9.46491468312e-07, 1.60926229e-05, 6.80906680373e-07, 4.31276674817e-07, 2.13563311036e-07, 1.97277358893e-07, 1.26343906004e-07, 1.31620708999e-07, 3.34043477324e-07, 6.8836840228e-08, 1.65906811844e-07, 6.85279104573e-08, 8.47917860369e-08, 4.19278087804e-08, 2.38852422285e-08, 2.17197038133e-09, 1.17432417956e-11], "median": [9.03053150978e-05, 0.00231609586626, 0.00122825801373, 0.00099285307806, 0.00230020866729, 0.000837206898723, 0.000707353581674, 0.000551402568817, 0.00035586010199, 0.000325737230014, 0.000146569611388, 0.000208508819924, 0.000148573162733, 0.000140670672408, 0.000169592181919, 0.000106714112917, 0.000134047455504, 9.93779540295e-05, 0.000164756085724, 0.000103672726254, 6.9017347414e-05, 5.39563916391e-05, 4.46869489679e-05, 4.09704080084e-05, 1.85034477909e-05, 5.84894678468e-06, 9.57235997134e-08], "dmean2": [0.000248696218478, 0.00597648276016, 0.00486033316702, 0.00393433123827, 0.00326027511619, 0.00114552327432, 0.00117186841089, 0.00144737341907, 0.000945551670156, 0.000520524976309, 0.000329747155774, 0.00112689810339, 0.00032418439514, 0.000296737707686, 0.000250197714195, 0.000182241579751, 0.000204600335564, 0.000176951332833, 0.000242035530391, 0.000147730868775, 0.000163471340784, 0.000120970973512, 0.000119174394058, 9.81537450571e-05, 6.32692899671e-05, 2.34736162383e-05, 1.49096808855e-06], "dmean": [0.000153326313011, 0.00360085931607, 0.00290709640831, 0.00239198422059, 0.00197353796102, 0.000703131605405, 0.000785008247476, 0.00108263571747, 0.000635791220702, 0.000362119229976, 0.000215142208617, 0.000776787812356, 0.000209172882023, 0.00018922072195, 0.000158403548994, 0.000113419147965, 0.000129618885694, 0.00010951616423, 0.000158112074132, 9.54059723881e-05, 0.000101129429822, 8.22577567305e-05, 8.62470260472e-05, 7.1316397225e-05, 4.55898480141e-05, 1.66770587384e-05, 8.86692589575e-07], "var": [7.00972790924e-08, 5.81946187594e-05, 4.14656278735e-05, 2.94280671369e-05, 2.16722401092e-05, 2.58949671661e-06, 1.00197667052e-05, 3.50304762833e-05, 8.88455633685e-06, 2.28375938605e-06, 6.28572308869e-07, 2.04850275622e-05, 7.01602232311e-07, 3.94773053358e-07, 2.39561700255e-07, 2.42018700192e-07, 1.32229018845e-07, 1.0680180651e-07, 4.20908151e-07, 7.5914591946e-08, 8.33484037344e-08, 9.84009531635e-08, 1.25659752825e-07, 4.3528501692e-08, 1.50566403789e-08, 1.47059298072e-09, 4.00896676966e-12], "dvar": [5.3454815685e-08, 6.39964928268e-05, 5.23874114151e-05, 2.99333096336e-05, 1.11222789201e-05, 1.80032259323e-06, 2.88791034109e-06, 6.77176603858e-06, 2.19437856686e-06, 5.82263112392e-07, 3.42875324577e-07, 7.56570170779e-06, 2.84311482801e-07, 1.87111140804e-07, 8.99640255625e-08, 7.49632533825e-08, 5.33558051075e-08, 5.22383594159e-08, 1.49241330405e-07, 3.02474170155e-08, 6.37028279016e-08, 3.41422925487e-08, 4.41068799262e-08, 2.32872050532e-08, 1.10812043985e-08, 1.02546859893e-09, 4.49852915335e-12], "mean": [0.000194223452127, 0.004705614876, 0.00326467817649, 0.00273680128157, 0.00384569447488, 0.00132789963391, 0.00175240868703, 0.00266521889716, 0.0013796192361, 0.000825601397082, 0.000370434194338, 0.00139166566078, 0.000371765781892, 0.000321514671668, 0.000301332911476, 0.000215000443859, 0.000246919051278, 0.000200759910513, 0.000343588588294, 0.000190998951439, 0.000156432637596, 0.000150432344526, 0.000151616084622, 0.000116386006994, 6.24327440164e-05, 2.17877241084e-05, 8.12669156858e-07]}, "melbands_flatness_db": {"min": 0.00410181237385, "max": 0.384484618902, "dvar2": 0.00100333022419, "median": 0.186075136065, "dmean2": 0.0323541276157, "dmean": 0.0213007051498, "var": 0.00188428675756, "dvar": 0.000425639824243, "mean": 0.186790421605}, "melbands_skewness": {"min": -2.59502458572, "max": 11.0396327972, "dvar2": 1.15075492859, "median": 2.50166130066, "dmean2": 0.977734684944, "dmean": 0.661853015423, "var": 2.30685329437, "dvar": 0.515538811684, "mean": 2.63980221748}, "barkbands_skewness": {"min": -3.5300257206, "max": 6.74455499649, "dvar2": 0.465528279543, "median": 1.57279956341, "dmean2": 0.678014934063, "dmean": 0.454434067011, "var": 0.890393257141, "dvar": 0.202255368233, "mean": 1.61852729321}, "silence_rate_60dB": {"min": 0, "max": 1, "dvar2": 0.0252114553005, "median": 0, "dmean2": 0.0225040186197, "dmean": 0.0112510044128, "var": 0.0776293352246, "dvar": 0.0111265135929, "mean": 0.0848214253783}, "spectral_energyband_low": {"min": 4.31116176572e-23, "max": 0.192931294441, "dvar2": 0.000621529121418, "median": 0.00501400697976, "dmean2": 0.0110792014748, "dmean": 0.00689073232934, "var": 0.000219271474634, "dvar": 0.000230856225244, "mean": 0.00969137717038}, "spectral_energyband_middle_low": {"min": 2.38121665343e-22, "max": 0.137448653579, "dvar2": 0.000179990485776, "median": 0.00965341087431, "dmean2": 0.00806877948344, "dmean": 0.00523041328415, "var": 0.000177055160748, "dvar": 7.22266049706e-05, "mean": 0.0140432519838}, "melbands_kurtosis": {"min": -1.7015337944, "max": 166.282806396, "dvar2": 198.415405273, "median": 8.92271614075, "dmean2": 9.24790000916, "dmean": 5.97412872314, "var": 190.461471558, "dvar": 82.9004898071, "mean": 12.9788837433}, "spectral_decrease": {"min": -5.66758728837e-08, "max": 5.96334716477e-29, "dvar2": 6.22248468678e-17, "median": -5.52622925198e-09, "dmean2": 4.28749746817e-09, "dmean": 2.76249223496e-09, "var": 3.73241428613e-17, "dvar": 2.40644690749e-17, "mean": -6.79896139388e-09}, "erbbands_kurtosis": {"min": -1.7972972393, "max": 26.5844459534, "dvar2": 2.6533703804, "median": -0.248924270272, "dmean2": 1.092197299, "dmean": 0.69986397028, "var": 4.25181341171, "dvar": 1.08897912502, "mean": 0.493704974651}, "melbands_crest": {"min": 1.76918041706, "max": 33.2228546143, "dvar2": 18.0272502899, "median": 12.1574792862, "dmean2": 4.78823566437, "dmean": 2.99746775627, "var": 17.7404842377, "dvar": 7.13803052902, "mean": 12.7353582382}, "melbands_spread": {"min": 1.75312566757, "max": 176.457824707, "dvar2": 91.3105163574, "median": 17.3004436493, "dmean2": 7.80175113678, "dmean": 5.19808912277, "var": 188.940185547, "dvar": 46.1370697021, "mean": 20.1013069153}, "spectral_energy": {"min": 1.02679997388e-20, "max": 0.219223424792, "dvar2": 0.000941339763813, "median": 0.0220937877893, "dmean2": 0.0167932957411, "dmean": 0.0108785321936, "var": 0.000590002222452, "dvar": 0.000366581574781, "mean": 0.0273115020245}, "mfcc": {"mean": [-649.190429688, 119.641876221, 7.3630065918, 21.2364273071, 0.811456382275, 2.90762972832, 0.300500631332, 3.72922468185, -4.59567213058, 4.29917192459, -0.957751095295, 1.29879832268, -1.74293756485], "icov": [[0.000108649182948, -5.76595339226e-05, -5.37095766049e-05, -0.000215803753235, 9.2281436082e-05, -9.00922168512e-05, 5.82253187531e-06, -0.000191843559151, 0.000145220168633, -0.000169163598912, 2.49417607847e-05, -4.46545927844e-05, 0.000197691115318], [-5.76595339226e-05, 0.00159433309454, 0.000921355735045, 9.35483694775e-06, -0.000161964679137, 0.00063103629509, -0.000528507982381, 0.000149618470459, 6.45123582217e-05, -0.000738153117709, 0.000175406850758, -0.000676034018397, 0.000160078358022], [-5.37095766049e-05, 0.000921355735045, 0.00341799110174, 0.000163517994224, -9.61159676081e-05, -0.001141323708, 0.000866777787451, 9.90474800346e-05, -0.00138981593773, -0.000185560420505, -0.000344712549122, -0.000375200790586, 1.45590247485e-05], [-0.000215803753235, 9.35483694775e-06, 0.000163517994224, 0.00708769401535, -0.00355324149132, -0.00103405176196, 0.00220599560998, -0.00109857460484, -0.000127253981191, -0.00130212015938, 0.00107601145282, 0.00183399731759, -0.00198261556216], [9.2281436082e-05, -0.000161964679137, -9.61159676081e-05, -0.00355324149132, 0.00757824536413, -0.00377963436767, 0.000307770853397, 0.00125580304302, -0.00287950714119, 0.00240599340759, -0.0002030829055, -0.000310137605993, -0.000654681178275], [-9.00922168512e-05, 0.00063103629509, -0.001141323708, -0.00103405176196, -0.00377963436767, 0.0139093911275, -0.00513638509437, 0.000787547323853, -0.00123360462021, 8.37014158606e-05, -0.000117444309581, -0.00115856120829, 0.00342282000929], [5.82253187531e-06, -0.000528507982381, 0.000866777787451, 0.00220599560998, 0.000307770853397, -0.00513638509437, 0.0141226453707, -0.00827653706074, 0.00254123890772, 0.000452483654954, -0.00154479232151, -0.000631719303783, -0.00213160226122], [-0.000191843559151, 0.000149618470459, 9.90474800346e-05, -0.00109857460484, 0.00125580304302, 0.000787547323853, -0.00827653706074, 0.0193974841386, -0.00706918817014, 0.00260574324057, -9.6545307315e-05, -0.000948132248595, -0.000248477619607], [0.000145220168633, 6.45123582217e-05, -0.00138981593773, -0.000127253981191, -0.00287950714119, -0.00123360462021, 0.00254123890772, -0.00706918817014, 0.0200410690159, -0.00706421071663, 0.00175063312054, -0.000403173908126, 5.6143526308e-05], [-0.000169163598912, -0.000738153117709, -0.000185560420505, -0.00130212015938, 0.00240599340759, 8.37014158606e-05, 0.000452483654954, 0.00260574324057, -0.00706421071663, 0.0183897670358, -0.00902252737433, 0.00355941732414, -3.12948650389e-05], [2.49417607847e-05, 0.000175406850758, -0.000344712549122, 0.00107601145282, -0.0002030829055, -0.000117444309581, -0.00154479232151, -9.6545307315e-05, 0.00175063312054, -0.00902252737433, 0.0203132573515, -0.00623072730377, 0.00267383712344], [-4.46545927844e-05, -0.000676034018397, -0.000375200790586, 0.00183399731759, -0.000310137605993, -0.00115856120829, -0.000631719303783, -0.000948132248595, -0.000403173908126, 0.00355941732414, -0.00623072730377, 0.021718736738, -0.00973028782755], [0.000197691115318, 0.000160078358022, 1.45590247485e-05, -0.00198261556216, -0.000654681178275, 0.00342282000929, -0.00213160226122, -0.000248477619607, 5.6143526308e-05, -3.12948650389e-05, 0.00267383712344, -0.00973028782755, 0.0215345472097]], "cov": [[10859.1875, 324.324035645, 126.452728271, 397.829040527, 69.3266067505, 145.237304688, 33.1310958862, 120.702728271, 40.2304382324, 156.363388062, 35.3061180115, -46.8331336975, -107.286636353], [324.324035645, 847.430053711, -262.695831299, -39.4255485535, -60.5605201721, -63.8934707642, 46.0472793579, 8.87978935242, -29.8666038513, 27.6556472778, 14.2409601212, 27.1563892365, 10.8662796021], [126.452728271, -262.695831299, 415.992736816, 49.3931694031, 68.6094436646, 63.6746749878, -32.2769889832, -0.445237606764, 50.970085144, 13.6435127258, 6.48644351959, -5.12935686111, -9.4130563736], [397.829040527, -39.4255485535, 49.3931694031, 265.839141846, 160.492889404, 58.0526504517, -36.9159164429, 2.46888685226, 39.3881607056, 9.9115152359, -20.6939258575, -21.8502368927, 5.71708393097], [69.3266067505, -60.5605201721, 68.6094436646, 160.492889404, 276.388916016, 93.9128570557, -10.7381954193, 3.58223819733, 49.5856781006, -15.4513521194, -17.6048622131, -3.58689260483, 7.41087865829], [145.237304688, -63.8934707642, 63.6746749878, 58.0526504517, 93.9128570557, 126.705375671, 33.1570129395, 17.7260665894, 26.4196109772, -2.3543035984, 0.969353437424, 1.53360319138, -8.8539686203], [33.1310958862, 46.0472793579, -32.2769889832, -36.9159164429, -10.7381954193, 33.1570129395, 129.368041992, 53.8145332336, -4.04040002823, -10.231842041, 12.2045860291, 22.4636631012, 12.4368886948], [120.702728271, 8.87978935242, -0.445237606764, 2.46888685226, 3.58223819733, 17.7260665894, 53.8145332336, 84.1159896851, 21.8777160645, -4.57388162613, 3.0216126442, 11.9767427444, 7.61514282227], [40.2304382324, -29.8666038513, 50.970085144, 39.3881607056, 49.5856781006, 26.4196109772, -4.04040002823, 21.8777160645, 79.0606002808, 25.315952301, 3.21339893341, -2.60845398903, -1.14167523384], [156.363388062, 27.6556472778, 13.6435127258, 9.9115152359, -15.4513521194, -2.3543035984, -10.231842041, -4.57388162613, 25.315952301, 88.9394607544, 34.1706733704, -9.13872718811, -10.2076883316], [35.3061180115, 14.2409601212, 6.48644351959, -20.6939258575, -17.6048622131, 0.969353437424, 12.2045860291, 3.0216126442, 3.21339893341, 34.1706733704, 71.3150177002, 16.0894832611, -3.32952237129], [-46.8331336975, 27.1563892365, -5.12935686111, -21.8502368927, -3.58689260483, 1.53360319138, 22.4636631012, 11.9767427444, -2.60845398903, -9.13872718811, 16.0894832611, 68.9912872314, 29.3979854584], [-107.286636353, 10.8662796021, -9.4130563736, 5.71708393097, 7.41087865829, -8.8539686203, 12.4368886948, 7.61514282227, -1.14167523384, -10.2076883316, -3.32952237129, 29.3979854584, 64.5102996826]]}, "spectral_contrast_valleys": {"min": [-26.8045845032, -27.8564777374, -27.3776988983, -27.3617458344, -27.2653579712, -27.3370895386], "max": [-4.9924864769, -4.74617242813, -5.33128023148, -6.05551052094, -5.67887163162, -7.93117523193], "dvar2": [0.438155055046, 0.216085776687, 0.173672169447, 0.152133628726, 0.156115248799, 0.190902560949], "median": [-6.85382938385, -6.5891418457, -7.30704784393, -7.73653459549, -7.54203796387, -9.98887729645], "dmean2": [0.677004694939, 0.510390520096, 0.472274720669, 0.420565694571, 0.364063292742, 0.378586322069], "dmean": [0.448314964771, 0.318489313126, 0.302000522614, 0.277422517538, 0.248375251889, 0.333115786314], "var": [1.83701515198, 1.40390503407, 1.37592279911, 1.36610138416, 1.42071914673, 1.74688506126], "dvar": [0.215328842402, 0.0920828357339, 0.0804693996906, 0.074377246201, 0.0861314460635, 0.147087454796], "mean": [-7.19050931931, -6.78123950958, -7.51235437393, -7.93908500671, -7.74367761612, -10.184504509]}, "barkbands_flatness_db": {"min": 0.0248297136277, "max": 0.269505620003, "dvar2": 0.000642393657472, "median": 0.118213698268, "dmean2": 0.0272431187332, "dmean": 0.0179955549538, "var": 0.00115948833991, "dvar": 0.000274541263934, "mean": 0.120200917125}, "dynamic_complexity": 4.64076185226, "spectral_skewness": {"min": -0.0293373446912, "max": 3.22345614433, "dvar2": 0.0549459643662, "median": 1.46601629257, "dmean2": 0.25694668293, "dmean": 0.163507953286, "var": 0.134551912546, "dvar": 0.0236035846174, "mean": 1.47129619122}, "erbbands_flatness_db": {"min": 0.0233993418515, "max": 0.318861633539, "dvar2": 0.000432827800978, "median": 0.137439578772, "dmean2": 0.020541511476, "dmean": 0.0159467309713, "var": 0.00192377786152, "dvar": 0.000