{"lowlevel": {"spectral_complexity": {"min": 0, "max": 52, "dvar2": 19.8342571259, "median": 13, "dmean2": 3.1253182888, "dmean": 1.93010282516, "var": 81.2686386108, "dvar": 8.41079521179, "mean": 13.2914056778}, "silence_rate_20dB": {"min": 1, "max": 1, "dvar2": 0, "median": 1, "dmean2": 0, "dmean": 0, "var": 0, "dvar": 0, "mean": 1}, "average_loudness": 0.56309902668, "erbbands_spread": {"min": 4.6185259819, "max": 152.691619873, "dvar2": 141.310852051, "median": 25.6365814209, "dmean2": 8.58755874634, "dmean": 5.70791292191, "var": 294.821228027, "dvar": 63.5103263855, "mean": 29.9644794464}, "spectral_kurtosis": {"min": -1.23556125164, "max": 71.4276275635, "dvar2": 14.0806417465, "median": 3.78236865997, "dmean2": 2.69314813614, "dmean": 1.59465098381, "var": 19.823928833, "dvar": 5.47513103485, "mean": 4.77524232864}, "barkbands_kurtosis": {"min": -1.87123179436, "max": 286.56741333, "dvar2": 100.241836548, "median": 1.07937538624, "dmean2": 3.33387422562, "dmean": 2.19864439964, "var": 201.273254395, "dvar": 43.9399986267, "mean": 5.40777015686}, "spectral_strongpeak": {"min": 0, "max": 13.7695045471, "dvar2": 3.07339453697, "median": 0.486345052719, "dmean2": 1.05176484585, "dmean": 0.637393712997, "var": 5.58536672592, "dvar": 1.25797688961, "mean": 1.79397284985}, "spectral_spread": {"min": 1276356.625, "max": 41480248, "dvar2": 1079304388610.0, "median": 4143521.5, "dmean2": 647073.1875, "dmean": 443918.09375, "var": 1835148115970.0, "dvar": 554696900608, "mean": 4321607.5}, "spectral_rms": {"min": 3.22737344662e-12, "max": 0.00997851509601, "dvar2": 5.55944041025e-07, "median": 0.00347153889015, "dmean2": 0.000515740248375, "dmean": 0.00035100147943, "var": 4.80093331134e-06, "dvar": 2.59547960013e-07, "mean": 0.00358893233351}, "erbbands": {"min": [8.86733981586e-22, 2.4185254576e-21, 8.13869547819e-21, 2.70196640698e-20, 4.16582793701e-20, 6.07389418016e-20, 9.59379454829e-20, 3.40649959301e-19, 9.62710278511e-20, 3.09888068748e-19, 5.74938553899e-19, 1.69336165361e-18, 2.04927358636e-18, 2.0867235682e-18, 3.91577293097e-18, 1.7572711787e-18, 3.29636064955e-18, 2.22658078463e-18, 2.72046117027e-18, 5.27743588274e-18, 5.49479702743e-18, 6.59962949798e-18, 1.37877351361e-17, 1.51711789941e-17, 1.34083776994e-17, 1.24368176741e-17, 1.50320075104e-17, 1.60651924915e-17, 1.88192638712e-17, 1.9757892182e-17, 1.53612287029e-17, 1.93151735376e-17, 1.46721094977e-17, 1.11339072932e-17, 9.51085899023e-18, 5.72019340459e-18, 2.69859278962e-18, 1.3725495792e-18, 3.09436634929e-19, 2.9788832116e-20], "max": [1.83950805664, 11.4134521484, 41.6402664185, 84.2626800537, 99.9559020996, 73.4341583252, 170.800552368, 422.803894043, 202.053192139, 270.446777344, 856.042785645, 1867.39257813, 2100.92333984, 2224.5456543, 2051.06176758, 2660.64306641, 1755.83642578, 1639.43212891, 1688.34643555, 1335.03881836, 786.422119141, 786.652954102, 409.861328125, 325.027954102, 528.453735352, 427.035003662, 359.804290771, 291.474121094, 210.197463989, 143.412765503, 179.678283691, 121.144111633, 79.275894165, 23.0362415314, 10.6200675964, 3.71919560432, 1.44395923615, 0.480882793665, 0.0825343951583, 0.00215510302223], "dvar2": [0.0260024499148, 1.00273871422, 8.99778747559, 29.5786170959, 73.1750564575, 29.7445793152, 52.831653595, 105.405044556, 117.732803345, 195.850250244, 622.68536377, 5010.20507813, 6160.32421875, 10185.7626953, 6631.85888672, 7070.05029297, 18300.9140625, 3915.6875, 6792.51757813, 5025.43945313, 764.446960449, 575.941772461, 336.888031006, 428.41506958, 447.275146484, 511.896911621, 579.447937012, 298.863647461, 138.569976807, 65.4030990601, 37.625957489, 29.3682746887, 9.31801891327, 1.50345647335, 0.357695668936, 0.050912745297, 0.00898185186088, 0.00073157827137, 2.62801695499e-05, 2.27157173072e-08], "median": [0.00869850628078, 0.153568834066, 0.702129244804, 1.45795083046, 1.49473559856, 2.32624983788, 2.5611872673, 3.77741861343, 3.09692716599, 3.34345149994, 3.29460549355, 7.90038394928, 6.33736991882, 8.82369804382, 8.83362770081, 8.74048805237, 8.25715446472, 6.0004119873, 5.10063791275, 4.23803901672, 3.33750009537, 2.42712497711, 3.18738007545, 4.34475183487, 5.11233139038, 4.51422739029, 2.71038103104, 1.07371115685, 0.583054542542, 0.56549847126, 0.626840114594, 0.476394116879, 0.292776107788, 0.136723011732, 0.0414266362786, 0.00698175188154, 0.00118401227519, 0.000142882156069, 1.6556967239e-05, 1.80874740181e-05], "dmean2": [0.0290966518223, 0.250323176384, 0.938315391541, 2.01123595238, 2.47770571709, 2.86796975136, 3.47868323326, 4.83842658997, 4.52698087692, 6.17876243591, 9.04722499847, 24.84349823, 18.0680599213, 34.9291915894, 31.5808944702, 28.3920726776, 51.5910224915, 25.2554721832, 33.0016021729, 23.3817272186, 10.1411428452, 6.7678937912, 8.08455562592, 10.0731582642, 9.36030769348, 8.83784389496, 7.27036476135, 4.45072460175, 2.91790556908, 2.11032438278, 1.55538225174, 1.20902478695, 0.760658621788, 0.352095901966, 0.17005173862, 0.0602853558958, 0.0211663283408, 0.00569462636486, 0.00103885761928, 3.45837725035e-05], "dmean": [0.0178319178522, 0.150254651904, 0.564559459686, 1.19977986813, 1.44499909878, 1.77288854122, 2.2277109623, 3.55341076851, 3.07775068283, 4.33628034592, 6.30971336365, 17.706703186, 13.2316064835, 24.5029335022, 22.3595104218, 20.1335525513, 33.7251052856, 16.4804477692, 21.2646560669, 15.1199769974, 6.67958116531, 4.73162937164, 5.0968208313, 6.29604959488, 6.10964012146, 5.76934099197, 4.40659570694, 2.55797457695, 1.71888649464, 1.28381061554, 0.989235937595, 0.797797322273, 0.497396707535, 0.232703402638, 0.111235298216, 0.0389240793884, 0.0132463239133, 0.00346066453494, 0.000612007162999, 2.08317742363e-05], "var": [0.00971798691899, 0.485439807177, 6.36054944992, 27.0010070801, 25.2586765289, 34.5648155212, 73.4868011475, 325.473937988, 154.093093872, 326.261444092, 1146.87402344, 11246.46875, 12400.3105469, 18605.875, 19445.6132813, 23397.3554688, 39821.4140625, 8476.76757813, 12176.4560547, 11291.7216797, 1272.72692871, 1450.18054199, 420.652740479, 638.343078613, 733.394836426, 619.80645752, 415.681884766, 113.364273071, 75.3837738037, 44.8697471619, 26.8948249817, 21.4948596954, 7.56945371628, 1.11114525795, 0.183497831225, 0.0216345898807, 0.00304134562612, 0.000226234173169, 7.6972082752e-06, 7.2180079691e-09], "dvar": [0.0107457898557, 0.37691706419, 3.26242423058, 10.9685201645, 25.9023895264, 11.1646289825, 21.8427810669, 55.9577445984, 51.4194335938, 93.652885437, 326.023498535, 2540.90527344, 3271.64575195, 4935.375, 3575.66479492, 4064.2980957, 7561.86328125, 1894.92687988, 2929.44921875, 2102.37304688, 379.73449707, 334.968017578, 139.121398926, 176.682861328, 208.708862305, 220.195846558, 211.224472046, 104.036437988, 50.9554443359, 25.1024036407, 15.9992733002, 12.8748054504, 4.28756046295, 0.659619987011, 0.146419167519, 0.0208041146398, 0.00354249705561, 0.000284252950223, 1.01978612292e-05, 8.75867733896e-09], "mean": [0.0288365148008, 0.382712692022, 1.58582484722, 3.38810133934, 2.84699654579, 4.28939199448, 5.26499080658, 9.94801235199, 7.22600269318, 10.2467355728, 14.1410169601, 40.369392395, 30.0584506989, 57.01587677, 55.8574295044, 50.0036621094, 89.5363311768, 40.294708252, 49.0495681763, 39.8023872375, 15.3502149582, 10.9727916718, 11.2012519836, 15.1114425659, 15.2789859772, 13.399184227, 9.16781234741, 4.82844257355, 3.69068098068, 2.86134123802, 2.13032793999, 1.57866764069, 1.01706290245, 0.430298864841, 0.174178615212, 0.0486414469779, 0.0135202500969, 0.00305147911422, 0.000470752856927, 3.57031494786e-05]}, "zerocrossingrate": {"min": 0, "max": 0.501953125, "dvar2": 0.000161344883963, "median": 0.05517578125, "dmean2": 0.00848798640072, "dmean": 0.00703435717151, "var": 0.000846715585794, "dvar": 0.000128945408505, "mean": 0.0554041974247}, "spectral_contrast_coeffs": {"min": [-0.975633919239, -0.966211259365, -0.963374197483, -0.963562130928, -0.965794503689, -0.960810005665], "max": [-0.301290094852, -0.451779454947, -0.420427411795, -0.472417443991, -0.53790807724, -0.604568481445], "dvar2": [0.00302041438408, 0.00242944131605, 0.00196347339079, 0.00137029506732, 0.000922146777157, 0.000751916260924], "median": [-0.640555500984, -0.707517445087, -0.708730340004, -0.726451873779, -0.759872496128, -0.762874960899], "dmean2": [0.0611248761415, 0.0570586696267, 0.0516569316387, 0.0439874753356, 0.0343585386872, 0.027884574607], "dmean": [0.0369248427451, 0.0357178486884, 0.0330855064094, 0.0282705649734, 0.0222212914377, 0.0177412237972], "var": [0.00854525063187, 0.00499168271199, 0.00708697875962, 0.00722682662308, 0.00420247809961, 0.00236316630617], "dvar": [0.00112085940782, 0.000981249264441, 0.000863044464495, 0.000609958311543, 0.00045835133642, 0.000314566714223], "mean": [-0.630042016506, -0.704592347145, -0.703776359558, -0.716399908066, -0.755858778954, -0.766426563263]}, "dissonance": {"min": 0.280138343573, "max": 0.499834537506, "dvar2": 0.00112433859613, "median": 0.45483109355, "dmean2": 0.0360152423382, "dmean": 0.0214233640581, "var": 0.00101201073267, "dvar": 0.00041297043208, "mean": 0.448624014854}, "spectral_energyband_high": {"min": 7.59738331545e-21, "max": 0.01640846394, "dvar2": 1.4096265204e-06, "median": 0.000213779247133, "dmean2": 0.000384625833249, "dmean": 0.000240614623181, "var": 1.05038486709e-06, "dvar": 5.47586694211e-07, "mean": 0.00060046085855}, "gfcc": {"mean": [-66.987991333, 101.52923584, -128.754013062, 30.9065341949, -63.9605407715, 17.4154109955, -34.4420051575, 2.72441577911, -30.0306015015, -4.11725711823, -10.4840269089, -10.4976625443, -8.79312896729], "icov": [[8.23040172691e-05, 4.44252520992e-07, 0.000138601681101, -9.44257990341e-05, 3.89162705687e-05, -0.000186162840691, 8.80339648575e-05, -0.000221569469431, 0.00020708978991, -0.000118730269605, 6.93409092491e-05, -6.2521226937e-05, 1.11201161417e-05], [4.44252520992e-07, 0.00207155942917, -0.000141837692354, 0.000166341429576, -0.000692809349857, 0.00098289095331, -0.001171808457, 0.00155001692474, -0.00199145684019, 0.00185106007848, -0.00173967506271, 0.00120424560737, -0.00123100576457], [0.000138601681101, -0.000141837692354, 0.00171483075246, -0.000508812780026, -0.00022339176212, 0.000178101472557, 0.000139155235956, -0.000921797880437, 0.000635089643765, -6.16492907284e-05, 0.000713863177225, -0.000984173384495, 0.000925488187931], [-9.44257990341e-05, 0.000166341429576, -0.000508812780026, 0.00354813644662, 2.89368235826e-05, -0.000177662674105, 0.000181598181371, -0.000143906552694, -0.00140283058863, 0.000448560575023, 7.63866337365e-05, 0.00066243117908, -0.00180023908615], [3.89162705687e-05, -0.000692809349857, -0.00022339176212, 2.89368235826e-05, 0.00394825730473, -0.000649782305118, -0.000324179360177, -0.00080716656521, 0.00011462879047, -0.000912889780011, 0.00126670731697, -0.00048532904475, -0.00021474006644], [-0.000186162840691, 0.00098289095331, 0.000178101472557, -0.000177662674105, -0.000649782305118, 0.0058258078061, -0.00320645770989, 0.0013788046781, -0.000803425442427, -0.00174388289452, -0.00107729691081, 0.00141982687637, -0.000209033023566], [8.80339648575e-05, -0.001171808457, 0.000139155235956, 0.000181598181371, -0.000324179360177, -0.00320645770989, 0.00741208763793, -0.00196908111684, 0.000869714305736, -0.000509520003106, 0.000215887906961, -0.0010574052576, 0.00157726241741], [-0.000221569469431, 0.00155001692474, -0.000921797880437, -0.000143906552694, -0.00080716656521, 0.0013788046781, -0.00196908111684, 0.00811491813511, -0.00279456283897, 0.000678833574057, -0.00210685585625, 0.00255310279317, -0.00267226202413], [0.00020708978991, -0.00199145684019, 0.000635089643765, -0.00140283058863, 0.00011462879047, -0.000803425442427, 0.000869714305736, -0.00279456283897, 0.0106961224228, -0.00409825146198, 0.00278165726922, -0.00147598038893, 0.00130727398209], [-0.000118730269605, 0.00185106007848, -6.16492907284e-05, 0.000448560575023, -0.000912889780011, -0.00174388289452, -0.000509520003106, 0.000678833574057, -0.00409825146198, 0.0119705954567, -0.00327759468928, -0.00192330125719, 0.00102880317718], [6.93409092491e-05, -0.00173967506271, 0.000713863177225, 7.63866337365e-05, 0.00126670731697, -0.00107729691081, 0.000215887906961, -0.00210685585625, 0.00278165726922, -0.00327759468928, 0.0101529387757, -3.98907577619e-05, -0.0013773413375], [-6.2521226937e-05, 0.00120424560737, -0.000984173384495, 0.00066243117908, -0.00048532904475, 0.00141982687637, -0.0010574052576, 0.00255310279317, -0.00147598038893, -0.00192330125719, -3.98907577619e-05, 0.0100381541997, -0.00238388590515], [1.11201161417e-05, -0.00123100576457, 0.000925488187931, -0.00180023908615, -0.00021474006644, -0.000209033023566, 0.00157726241741, -0.00267226202413, 0.00130727398209, 0.00102880317718, -0.0013773413375, -0.00238388590515, 0.0129645075649]], "cov": [[19526.1679688, -1251.67565918, -1570.47131348, 345.101196289, -186.425354004, 1018.78649902, 158.882843018, 450.170043945, -189.797729492, 448.713806152, 191.764175415, -72.8566207886, 101.738212585], [-1251.67565918, 1047.35961914, 20.704782486, 11.5816755295, 89.6110992432, -164.298202515, 42.9813499451, -71.3188171387, 83.4194793701, -155.260147095, 79.2970352173, -80.8134460449, 77.0322570801], [-1570.47131348, 20.704782486, 855.293395996, 54.4344100952, 71.4638900757, -135.039962769, -27.8304328918, 26.5832138062, 9.07691001892, -39.3344116211, -83.3430404663, 65.5636749268, -36.9053764343], [345.101196289, 11.5816755295, 54.4344100952, 347.802124023, 9.91628265381, 9.9419927597, -11.4890727997, 52.1511611938, 43.653465271, -4.86631202698, -2.64654564857, -14.7454938889, 50.6769180298], [-186.425354004, 89.6110992432, 71.4638900757, 9.91628265381, 301.848052979, 36.1877098083, 48.9398460388, 23.8852291107, 33.5853462219, 20.9846191406, -20.114358902, 12.9906663895, 4.69644498825], [1018.78649902, -164.298202515, -135.039962769, 9.9419927597, 36.1877098083, 348.76083374, 129.794570923, 21.7399921417, 12.0726995468, 106.694137573, 37.2158432007, -9.17658615112, -17.9585285187], [158.882843018, 42.9813499451, -27.8304328918, -11.4890727997, 48.9398460388, 129.794570923, 209.976867676, 30.5766849518, 14.9277544022, 37.7046165466, 24.0109405518, -1.65853774548, -14.2550458908], [450.170043945, -71.3188171387, 26.5832138062, 52.1511611938, 23.8852291107, 21.7399921417, 30.5766849518, 188.861190796, 26.1254348755, 18.4936504364, 22.89402771, -21.9826107025, 28.4287204742], [-189.797729492, 83.4194793701, 9.07691001892, 43.653465271, 33.5853462219, 12.0726995468, 14.9277544022, 26.1254348755, 140.81628418, 33.7431488037, -10.6307458878, 9.14601039886, 1.49266278744], [448.713806152, -155.260147095, -39.3344116211, -4.86631202698, 20.9846191406, 106.694137573, 37.7046165466, 18.4936504364, 33.7431488037, 154.511703491, 23.089132309, 33.270980835, -18.7953205109], [191.764175415, 79.2970352173, -83.3430404663, -2.64654564857, -20.114358902, 37.2158432007, 24.0109405518, 22.89402771, -10.6307458878, 23.089132309, 141.217330933, -16.1825885773, 26.2785663605], [-72.8566207886, -80.8134460449, 65.5636749268, -14.7454938889, 12.9906663895, -9.17658615112, -1.65853774548, -21.9826107025, 9.14601039886, 33.270980835, -16.1825885773, 131.322662354, 0.264742553234], [101.738212585, 77.0322570801, -36.9053764343, 50.6769180298, 4.69644498825, -17.9585285187, -14.2550458908, 28.4287204742, 1.49266278744, -18.7953205109, 26.2785663605, 0.264742553234, 105.59602356]]}, "spectral_flux": {"min": 6.5372214586e-11, "max": 0.28792232275, "dvar2": 0.000909943017177, "median": 0.0430234074593, "dmean2": 0.0220986418426, "dmean": 0.0141068706289, "var": 0.00176210165955, "dvar": 0.000400688295485, "mean": 0.0495979934931}, "silence_rate_30dB": {"min": 1, "max": 1, "dvar2": 0, "median": 1, "dmean2": 0, "dmean": 0, "var": 0, "dvar": 0, "mean": 1}, "spectral_energyband_middle_high": {"min": 1.33752792741e-21, "max": 0.0848710313439, "dvar2": 2.57192550634e-05, "median": 0.0026144227013, "dmean2": 0.0028155867476, "dmean": 0.00196687621064, "var": 0.000131452237838, "dvar": 1.25913138618e-05, "mean": 0.00834265165031}, "barkbands_spread": {"min": 0.348533600569, "max": 106.312423706, "dvar2": 85.728729248, "median": 18.2110404968, "dmean2": 5.89754486084, "dmean": 3.88149428368, "var": 147.823272705, "dvar": 40.1517791748, "mean": 19.6862678528}, "spectral_centroid": {"min": 143.598388672, "max": 11489.4433594, "dvar2": 148978.671875, "median": 1341.77246094, "dmean2": 266.974334717, "dmean": 176.120666504, "var": 411798.84375, "dvar": 70056.2578125, "mean": 1323.39538574}, "pitch_salience": {"min": 0.0678919330239, "max": 0.833352386951, "dvar2": 0.00611053593457, "median": 0.51627767086, "dmean2": 0.0778318941593, "dmean": 0.0493057630956, "var": 0.0123721277341, "dvar": 0.00240018893965, "mean": 0.509435296059}, "erbbands_skewness": {"min": -3.02980875969, "max": 4.88268899918, "dvar2": 0.197496160865, "median": 0.503950893879, "dmean2": 0.418882101774, "dmean": 0.280419200659, "var": 0.660397589207, "dvar": 0.0949973762035, "mean": 0.554701089859}, "erbbands_crest": {"min": 2.65679836273, "max": 30.9935588837, "dvar2": 12.9532289505, "median": 10.8987407684, "dmean2": 3.78252768517, "dmean": 2.45740222931, "var": 27.2566280365, "dvar": 5.53797960281, "mean": 11.8293457031}, "melbands": {"min": [7.19980489762e-24, 3.79686760621e-24, 5.37364870002e-24, 3.85506108633e-24, 3.32158364398e-24, 7.09784225904e-24, 1.41591006992e-24, 3.93199987371e-24, 4.96955154588e-24, 1.09986079741e-23, 9.45811724291e-24, 7.55370919895e-24, 1.27886453863e-23, 6.66077150792e-24, 5.08006109794e-24, 7.60823684244e-24, 3.50807825058e-24, 3.66155468957e-24, 8.0872592165e-24, 4.4576664098e-24, 6.92629972204e-24, 6.78801398307e-24, 7.942539528e-24, 1.19546253497e-23, 1.21944035661e-23, 1.00384593339e-23, 8.7195501647e-24, 8.42913891105e-24, 9.25612625268e-24, 9.34068030881e-24, 8.51853105111e-24, 9.03580765705e-24, 1.09999537708e-23, 9.39117450649e-24, 8.80756889792e-24, 9.20003745346e-24, 1.26145990047e-23, 1.03892326463e-23, 8.84590201589e-24, 9.53240664093e-24], "max": [0.0143039450049, 0.0161622744054, 0.0127632059157, 0.00449081975967, 0.00467728031799, 0.00810922589153, 0.00351933226921, 0.00327421608381, 0.00792856886983, 0.014262733981, 0.010763711296, 0.00863994657993, 0.00591994496062, 0.00616183737293, 0.00738862529397, 0.00540104974061, 0.00368257961236, 0.00357290520333, 0.00332838343456, 0.00164533732459, 0.00112803198863, 0.00119800644461, 0.000459452101495, 0.000214077939745, 0.00031132332515, 0.000334049691446, 0.000582886801567, 0.000273349927738, 0.000347714172676, 0.000164455399499, 0.000202028022613, 0.000135819631396, 8.70321164257e-05, 8.72983218869e-05, 0.000108753840323, 9.13765834412e-05, 7.82042116043e-05, 7.02508114045e-05, 3.44860891346e-05, 1.59719638759e-05], "dvar2": [1.59646674547e-06, 1.93433743334e-06, 1.02495801002e-06, 1.69437981867e-07, 5.19729219661e-08, 4.45277024141e-08, 2.92528437029e-08, 2.3632097168e-08, 5.49979120024e-08, 2.30407806612e-07, 1.53008869574e-07, 1.63420949661e-07, 7.4281977902e-08, 5.95871725295e-08, 3.12274863745e-08, 1.5971805567e-07, 1.44939695801e-08, 1.5214414617e-08, 4.20123527078e-08, 3.92550347783e-09, 1.13898035448e-09, 1.13607023788e-09, 3.22211507475e-10, 2.1229740188e-10, 3.87304577298e-10, 2.84804624329e-10, 3.36434741177e-10, 2.9741009655e-10, 3.28389593296e-10, 1.33805952429e-10, 1.19181470248e-10, 5.479217427e-11, 2.58339096643e-11, 2.19509826982e-11, 1.41159852904e-11, 1.1841416736e-11, 1.41523234104e-11, 6.54075231477e-12, 2.39691252957e-12, 9.16484770019e-13], "median": [0.000112633031677, 0.000384849059628, 0.000273763900623, 0.000141417636769, 0.000102360238088, 7.99722402007e-05, 4.73021063954e-05, 3.27618399751e-05, 2.12164559343e-05, 4.84870361106e-05, 2.22721137106e-05, 2.59139742411e-05, 2.47465904977e-05, 2.008939191e-05, 1.43451225085e-05, 1.44590057971e-05, 7.346455277e-06, 5.85074121773e-06, 5.61119122722e-06, 4.18094396082e-06, 3.14155886372e-06, 2.13070802602e-06, 2.22693779506e-06, 2.66737379206e-06, 2.98458667203e-06, 3.19677155858e-06, 2.96782059195e-06, 2.49342019742e-06, 1.696024583e-06, 8.83881341451e-07, 4.10078172308e-07, 3.01221291465e-07, 2.70059672403e-07, 3.00385579521e-07, 3.49234511532e-07, 3.06992433252e-07, 2.42505052483e-07, 2.02861798471e-07, 1.53723618723e-07, 9.00390801917e-08], "dmean2": [0.000264308386249, 0.000429929525126, 0.000357286073267, 0.000172784843016, 0.000121099496027, 0.000101620105852, 7.40538889659e-05, 6.79289732943e-05, 7.80921909609e-05, 0.000168725877302, 8.83259126567e-05, 0.000138293995406, 0.000110436529212, 8.65131878527e-05, 6.2845487264e-05, 0.000143282057252, 4.02555597248e-05, 4.68053076474e-05, 6.17823097855e-05, 2.03392737603e-05, 1.13503820103e-05, 8.82294807525e-06, 7.42502061257e-06, 6.78839160173e-06, 9.38259290706e-06, 7.82885035733e-06, 7.0006972237e-06, 6.63988748784e-06, 5.50137110622e-06, 3.48117805515e-06, 2.72957163361e-06, 1.82323731224e-06, 1.39867790949e-06, 1.20983986562e-06, 9.92010768641e-07, 8.63473417212e-07, 7.99575445853e-07, 6.18905687588e-07, 4.35497895523e-07, 2.8962975307e-07], "dmean": [0.000161445626873, 0.000257757783402, 0.000211945734918, 0.000104940525489, 7.70952465246e-05, 7.38633098081e-05, 5.06541909999e-05, 4.75686174468e-05, 5.45899238205e-05, 0.000120511358546, 6.53011520626e-05, 9.66147199506e-05, 7.75056978455e-05, 5.99775885348e-05, 4.5574750402e-05, 9.32501570787e-05, 2.63387228188e-05, 3.08128946926e-05, 3.90504974348e-05, 1.35904147101e-05, 7.48823958929e-06, 6.00915109317e-06, 4.7845987865e-06, 4.20233254772e-06, 5.84259350944e-06, 5.01049225932e-06, 4.61568606624e-06, 4.28493103755e-06, 3.37170399689e-06, 2.03776949093e-06, 1.56005000918e-06, 1.06537345346e-06, 8.46091666062e-07, 7.28031864128e-07, 6.18506533101e-07, 5.62338357213e-07, 5.19398668075e-07, 4.02366680419e-07, 2.79682268456e-07, 1.88043131288e-07], "var": [6.96476831763e-07, 1.24188966311e-06, 6.94524032951e-07, 1.11290070492e-07, 7.65964855987e-08, 1.32371965833e-07, 4.07572500194e-08, 3.98380706201e-08, 9.99158658033e-08, 5.28881344053e-07, 3.18095345619e-07, 2.8244730288e-07, 1.84964420669e-07, 1.47891668689e-07, 1.19046184466e-07, 3.30604052579e-07, 2.95913764603e-08, 2.46350939648e-08, 8.99666758869e-08, 5.58242074788e-09, 1.86401338809e-09, 2.32844477033e-09, 4.83826478881e-10, 2.15941833859e-10, 5.30736843363e-10, 4.20657592093e-10, 4.50134318708e-10, 3.20662274511e-10, 2.76716455305e-10, 6.37242619783e-11, 4.25002220916e-11, 2.67093621525e-11, 1.80380623632e-11, 1.26518856156e-11, 9.60435637271e-12, 8.11134579642e-12, 9.81810466261e-12, 4.97749627973e-12, 1.7052418505e-12, 6.13439962889e-13], "dvar": [6.64744561618e-07, 7.03222099219e-07, 3.74566866412e-07, 6.19158626591e-08, 2.12393072019e-08, 2.26217053978e-08, 1.28496617791e-08, 1.13935607615e-08, 2.84190253552e-08, 1.18869252219e-07, 8.37288425259e-08, 7.86597453839e-08, 3.83548872662e-08, 3.01016243043e-08, 2.14456772341e-08, 6.52863363371e-08, 7.6484267808e-09, 7.02819180631e-09, 1.69118887783e-08, 1.82175852181e-09, 6.15643869217e-10, 6.21235285436e-10, 1.57816773538e-10, 8.33119198629e-11, 1.60293500695e-10, 1.2854106668e-10, 1.5098963746e-10, 1.24013119218e-10, 1.23696691778e-10, 4.77463901749e-11, 4.11341551099e-11, 1.98779551847e-11, 9.93536589805e-12, 8.26229449441e-12, 5.92798900245e-12, 5.0308030311e-12, 6.18950550535e-12, 2.96265334314e-12, 1.03277000667e-12, 3.91093922655e-13], "mean": [0.00033724468085, 0.000744782504626, 0.000569828029256, 0.000243696500547, 0.000193145970115, 0.000207461387618, 0.000118112599012, 0.000110800894618, 0.000114567512355, 0.000269617681624, 0.000139057447086, 0.00021505561017, 0.000185137527296, 0.00014128429757, 0.000108257685497, 0.000236537438468, 4.967984205e-05, 6.13661613897e-05, 9.82618294074e-05, 2.72873548965e-05, 1.50251062223e-05, 1.24749485622e-05, 9.51947276917e-06, 8.70839448908e-06, 1.26612658278e-05, 1.13765654532e-05, 1.01864970929e-05, 8.82851054484e-06, 6.67752874506e-06, 3.59211958312e-06, 2.60947103925e-06, 2.09040695154e-06, 1.8034884306e-06, 1.47374180415e-06, 1.22952405945e-06, 1.11391807422e-06, 9.16193755529e-07, 7.76638785283e-07, 5.14935834417e-07, 3.12273698455e-07]}, "spectral_entropy": {"min": 4.72002696991, "max": 9.80587768555, "dvar2": 0.0514903962612, "median": 7.33682250977, "dmean2": 0.191371515393, "dmean": 0.136526092887, "var": 0.275436520576, "dvar": 0.0285100918263, "mean": 7.26406288147}, "spectral_rolloff": {"min": 21.533203125, "max": 18906.1523438, "dvar2": 1373635.375, "median": 1248.92578125, "dmean2": 515.546569824, "dmean": 303.386108398, "var": 1351864.125, "dvar": 614642.5625, "mean": 1383.68518066}, "barkbands": {"min": [7.53900483168e-24, 1.8865026369e-23, 9.47686610004e-24, 1.11460421329e-23, 1.73197062314e-23, 3.42762524565e-23, 7.61897008392e-24, 2.20793631896e-23, 5.92236377962e-23, 7.34102409475e-23, 7.98277569401e-23, 4.46468230203e-23, 7.13731433438e-23, 4.0297406865e-23, 9.31905684253e-23, 6.00238015004e-23, 1.08610823815e-22, 2.67802424374e-22, 3.38189491586e-22, 2.59267227058e-22, 3.86786579766e-22, 5.89668604161e-22, 6.25141646963e-22, 9.88342901249e-22, 1.16782726071e-21, 1.46782179858e-21, 2.21785115827e-21], "max": [0.00324523285963, 0.0512572899461, 0.0456381700933, 0.0346063971519, 0.0173596814275, 0.0332206077874, 0.0174916684628, 0.0307367760688, 0.0863263979554, 0.061216223985, 0.0642261579633, 0.0549382865429, 0.0393779315054, 0.0439621731639, 0.0342238657176, 0.0160898007452, 0.0172625780106, 0.00593473529443, 0.00531849823892, 0.0103013254702, 0.00593831762671, 0.00438344897702, 0.00543541973457, 0.00438651675358, 0.00134898105171, 0.000824965769425, 0.000404314487241], "dvar2": [7.9264864894e-08, 1.92849620362e-05, 8.98170583241e-06, 6.38282654108e-06, 2.59300509242e-06, 1.07567370833e-06, 7.70349572576e-07, 8.69851817242e-07, 9.34704894462e-06, 7.32065882403e-06, 7.54622806198e-06, 3.92580068365e-06, 9.48461365624e-06, 1.39927908549e-06, 4.68332973469e-06, 5.50253787424e-07, 2.53786254234e-07, 1.0190640154e-07, 1.81300435997e-07, 2.75640587688e-07, 2.41567960302e-07, 8.96134864092e-08, 4.99842691681e-08, 4.4410533917e-08, 8.18598078212e-09, 2.57671728399e-09, 6.17148665505e-10], "median": [6.90840579409e-07, 0.000477149849758, 0.000560363638215, 0.000385220890166, 0.00060332135763, 0.000411086075474, 0.000193002051674, 0.000104839862615, 0.000285522342892, 0.000122795579955, 0.000216908432776, 0.000128879517433, 0.000130444401293, 4.16227776441e-05, 8.77320489963e-05, 4.55158296973e-05, 4.06804319937e-05, 5.63527901249e-05, 8.86400302988e-05, 9.67010564636e-05, 3.92423535232e-05, 1.52197553689e-05, 2.19332323468e-05, 1.99933820113e-05, 8.95609809959e-06, 7.88447096056e-07, 2.20290665709e-08], "dmean2": [4.67624267912e-05, 0.00103264476638, 0.000940653146245, 0.000838905980345, 0.000749744358473, 0.000512503145728, 0.000374106137315, 0.000382469093893, 0.0010188795859, 0.000717067741789, 0.00107765127905, 0.000672472582664, 0.00117621175013, 0.000342435523635, 0.000810632715002, 0.000242725538556, 0.000149156578118, 0.000157322981977, 0.000203670744668, 0.000207424585824, 0.000145509606227, 7.523077511e-05, 5.70457232243e-05, 5.03772680531e-05, 2.65199705609e-05, 1.22372730402e-05, 5.05939988216e-06], "dmean": [3.058161019e-05, 0.000625137647148, 0.000572590273805, 0.000491342681926, 0.000457826536149, 0.000361278507626, 0.000257174513536, 0.000266138493316, 0.000710977008566, 0.00049451040104, 0.000752912426833, 0.000469682068797, 0.00076547532808, 0.000220030618948, 0.000510453188326, 0.000155912406626, 0.000100139441201, 9.7803575045e-05, 0.000128983592731, 0.000135726077133, 8.56006881804e-05, 4.50797524536e-05, 3.58270845027e-05, 3.32463023369e-05, 1.74828001036e-05, 7.76857450546e-06, 2.99074463328e-06], "var": [3.62977878865e-08, 9.40279460337e-06, 8.086482012e-06, 3.59505611414e-06, 2.09289191844e-06, 2.77729486697e-06, 1.10065320769e-06, 1.41334692216e-06, 1.84637519851e-05, 1.05603749034e-05, 1.64471257449e-05, 1.13848091132e-05, 2.04893294722e-05, 2.55044028563e-06, 9.76892079052e-06, 6.38822257315e-07, 5.35106607913e-07, 1.2428748164e-07, 2.66128097337e-07, 3.24395045936e-07, 1.21041864531e-07, 5.52999388503e-08, 3.2200787814e-08, 3.64016052856e-08, 5.22882626086e-09, 9.46191014428e-10, 1.8067636276e-10], "dvar": [3.48548496731e-08, 7.84277472121e-06, 3.28045166498e-06, 2.31448802879e-06, 9.62920694292e-07, 4.94581229304e-07, 3.41092942335e-07, 4.50344600722e-07, 4.68039615953e-06, 3.72900649381e-06, 3.75626541427e-06, 2.20168294618e-06, 3.94787412006e-06, 7.62731019677e-07, 1.9211347535e-06, 2.39224249299e-07, 1.37076739293e-07, 4.23883363965e-08, 7.75296840061e-08, 1.14431223608e-07, 8.70860716873e-08, 3.35680603314e-08, 2.03935268672e-08, 2.0424668179e-08, 3.46622486269e-09, 1.03317254752e-09, 2.38807390529e-10], "mean": [2.95494028251e-05, 0.00145222444553, 0.00161876075435, 0.00114557845518, 0.00106618518475, 0.00101336662192, 0.000576272199396, 0.000546453928109, 0.00157929619309, 0.000938598241191, 0.00174540304579, 0.00104472693056, 0.00197891122662, 0.000388764427043, 0.0012367569143, 0.000295162957627, 0.00021067513444, 0.000198935958906, 0.000308874936309, 0.000305998430122, 0.000157674003276, 9.92064087768e-05, 7.77199966251e-05, 6.75560368109e-05, 3.00622432405e-05, 8.39382664708e-06, 2.28621979659e-06]}, "melbands_flatness_db": {"min": 0.0053900135681, "max": 0.568363010883, "dvar2": 0.000806984375231, "median": 0.1822283566, "dmean2": 0.0234338175505, "dmean": 0.0159484744072, "var": 0.00524119706824, "dvar": 0.00038416380994, "mean": 0.199565500021}, "melbands_skewness": {"min": -1.3470402956, "max": 19.1749858856, "dvar2": 0.844900667667, "median": 1.60478675365, "dmean2": 0.688521027565, "dmean": 0.460363715887, "var": 3.55390548706, "dvar": 0.374423921108, "mean": 2.03139400482}, "barkbands_skewness": {"min": -2.03021025658, "max": 13.2756633759, "dvar2": 0.520767748356, "median": 0.936016619205, "dmean2": 0.541391432285, "dmean": 0.362682402134, "var": 2.5339717865, "dvar": 0.23424474895, "mean": 1.30728411674}, "silence_rate_60dB": {"min": 0, "max": 1, "dvar2": 0.0406384132802, "median": 0, "dmean2": 0.0356373600662, "dmean": 0.0178169365972, "var": 0.194629758596, "dvar": 0.0175018329173, "mean": 0.264682859182}, "spectral_energyband_low": {"min": 4.14870753743e-23, "max": 0.0658850073814, "dvar2": 3.93271620851e-05, "median": 0.00223187869415, "dmean2": 0.00203696312383, "dmean": 0.00125233561266, "var": 2.8774191378e-05, "dvar": 1.57532795129e-05, "mean": 0.00380921689793}, "spectral_energyband_middle_low": {"min": 2.0450864296e-22, "max": 0.0893814489245, "dvar2": 2.49040949711e-05, "median": 0.00455990573391, "dmean2": 0.00249898270704, "dmean": 0.0016411311226, "var": 4.69799269922e-05, "dvar": 1.04335285869e-05, "mean": 0.00625551538542}, "melbands_kurtosis": {"min": -1.7205773592, "max": 533.592224121, "dvar2": 328.14730835, "median": 3.59615755081, "dmean2": 6.52868366241, "dmean": 4.24331617355, "var": 639.088195801, "dvar": 141.458984375, "mean": 11.6642389297}, "spectral_decrease": {"min": -2.52773606491e-08, "max": 8.97282154591e-29, "dvar2": 4.97769416648e-18, "median": -2.9948195035e-09, "dmean2": 1.26835786318e-09, "dmean": 8.42365455167e-10, "var": 1.73585538993e-17, "dvar": 2.16313892678e-18, "mean": -4.34536318039e-09}, "erbbands_kurtosis": {"min": -1.7804363966, "max": 26.3698768616, "dvar2": 3.55128145218, "median": 0.90445625782, "dmean2": 1.44910562038, "dmean": 0.94964915514, "var": 6.87894153595, "dvar": 1.62499773502, "mean": 1.52791666985}, "melbands_crest": {"min": 1.60202729702, "max": 37.4678726196, "dvar2": 14.1783351898, "median": 12.301410675, "dmean2": 3.43648958206, "dmean": 2.16036963463, "var": 34.9463195801, "dvar": 5.51946735382, "mean": 13.6675767899}, "melbands_spread": {"min": 0.402370095253, "max": 231.690429688, "dvar2": 131.727966309, "median": 24.3884944916, "dmean2": 7.07531118393, "dmean": 4.68797826767, "var": 304.383209229, "dvar": 64.0991363525, "mean": 25.6766586304}, "spectral_energy": {"min": 1.06763377713e-20, "max": 0.102060034871, "dvar2": 8.18763073767e-05, "median": 0.0123528717086, "dmean2": 0.00522217294201, "dmean": 0.00347555452026, "var": 0.000306690344587, "dvar": 3.57598582923e-05, "mean": 0.0181234460324}, "mfcc": {"mean": [-701.331665039, 120.867683411, -1.41824626923, 15.4828224182, -1.96663796902, 4.68782758713, 7.74913978577, 0.188610568643, -7.14182567596, 2.68223500252, -6.96557092667, -3.82827877998, -3.1333630085], "icov": [[9.04787448235e-05, 3.16106743412e-05, 0.000189768630662, -6.44234169158e-05, 0.000135049471282, -9.19093581615e-05, -5.10097706865e-05, -4.1378865717e-05, -1.74920714926e-05, -0.000199836184038, 8.39821950649e-05, 2.00277863769e-05, -9.57153533818e-05], [3.16106743412e-05, 0.00107312027831, 0.000140821852256, -0.000153290064191, -0.000301392865367, 0.00012218291522, -0.000239462315221, -0.000188851408893, 0.000183054726222, 0.000402802863391, -0.000164362747455, 2.79509677057e-05, 0.000303073611576], [0.000189768630662, 0.000140821852256, 0.00237078289501, -0.000586254463997, 1.90352966456e-05, 3.53396644641e-05, -0.000100853445474, -0.000275917904219, -0.000257366482401, 0.000365527812392, 6.40357902739e-05, -0.000538149906788, 6.87516949256e-05], [-6.44234169158e-05, -0.000153290064191, -0.000586254463997, 0.0045302528888, -0.00140841724351, 0.000425079691922, 0.000494816573337, -0.000365221028915, -0.00138973619323, 0.000737247930374, 0.00121231365483, -0.000691249209922, -0.000632592767943], [0.000135049471282, -0.000301392865367, 1.90352966456e-05, -0.00140841724351, 0.0056601385586, 9.84637881629e-05, -3.87694162782e-05, 0.000282626395347, -0.00115263124462, -0.00133147730958, 0.00100977392867, -0.000101995581645, -0.000745763129089], [-9.19093581615e-05, 0.00012218291522, 3.53396644641e-05, 0.000425079691922, 9.84637881629e-05, 0.00410449691117, -0.000724000390619, -3.47336317645e-05, -0.000944646133576, 0.000507211952936, -0.00239280005917, 0.000758040347137, -0.000663766812067], [-5.10097706865e-05, -0.000239462315221, -0.000100853445474, 0.000494816573337, -3.87694162782e-05, -0.000724000390619, 0.006142931059, -0.00167486793362, 0.00112054171041, -0.0030738604255, 0.00107832276262, -0.000331981456839, -0.000462631811388], [-4.1378865717e-05, -0.000188851408893, -0.000275917904219, -0.000365221028915, 0.000282626395347, -3.47336317645e-05, -0.00167486793362, 0.0107103604823, -0.00325511838309, 0.000288468261715, -0.00127970741596, 0.00166954577435, -0.00190355966333], [-1.74920714926e-05, 0.000183054726222, -0.000257366482401, -0.00138973619323, -0.00115263124462, -0.000944646133576, 0.00112054171041, -0.00325511838309, 0.00938525330275, -0.00141763419379, -0.000964276609011, -0.000679057382513, 0.00112652895041], [-0.000199836184038, 0.000402802863391, 0.000365527812392, 0.000737247930374, -0.00133147730958, 0.000507211952936, -0.0030738604255, 0.000288468261715, -0.00141763419379, 0.00869463663548, -0.000975514005404, -0.00122005015146, 8.38203704916e-05], [8.39821950649e-05, -0.000164362747455, 6.40357902739e-05, 0.00121231365483, 0.00100977392867, -0.00239280005917, 0.00107832276262, -0.00127970741596, -0.000964276609011, -0.000975514005404, 0.0102306017652, -0.00374135863967, 0.0014724121429], [2.00277863769e-05, 2.79509677057e-05, -0.000538149906788, -0.000691249209922, -0.000101995581645, 0.000758040347137, -0.000331981456839, 0.00166954577435, -0.000679057382513, -0.00122005015146, -0.00374135863967, 0.0141411889344, -0.00521095236763], [-9.57153533818e-05, 0.000303073611576, 6.87516949256e-05, -0.000632592767943, -0.000745763129089, -0.000663766812067, -0.000462631811388, -0.00190355966333, 0.00112652895041, 8.38203704916e-05, 0.0014724121429, -0.00521095236763, 0.0131879691035]], "cov": [[16994.8789063, -639.318664551, -1444.60571289, -241.919586182, -342.996765137, 523.082397461, 506.201507568, 129.086242676, 39.7458763123, 603.668701172, 45.7104187012, 3.96879005432, 166.51802063], [-639.318664551, 1013.92736816, 11.4542980194, 55.7238731384, 64.8693618774, -56.9648361206, -1.97725427151, 8.53219413757, -15.2360897064, -60.1935195923, -12.2184753418, -14.1797800064, -25.9192142487], [-1444.60571289, 11.4542980194, 582.555786133, 109.920127869, 53.2445106506, -54.7526016235, -50.2986335754, 9.91322135925, 30.1828460693, -67.4103622437, -11.2469434738, 23.0530548096, -0.375868678093], [-241.919586182, 55.7238731384, 109.920127869, 317.367950439, 103.669296265, -61.4349861145, -38.5638847351, 17.9166278839, 54.9483070374, -28.7830295563, -48.4579963684, 16.819519043, 23.1627731323], [-342.996765137, 64.8693618774, 53.2445106506, 103.669296265, 236.086196899, -37.1638145447, 2.57371997833, 8.25844097137, 41.3982124329, 21.7366104126, -32.1403808594, 12.3200206757, 18.2591876984], [523.082397461, -56.9648361206, -54.7526016235, -61.4349861145, -37.1638145447, 330.935180664, 46.4244537354, 29.2184925079, 37.4536056519, 29.4917888641, 89.1528015137, 6.26175546646, 11.9785661697], [506.201507568, -1.97725427151, -50.2986335754, -38.5638847351, 2.57371997833, 46.4244537354, 235.959503174, 34.5994186401, -4.31321287155, 97.7401275635, 0.507299184799, 10.8950490952, 21.880941391], [129.086242676, 8.53219413757, 9.91322135925, 17.9166278839, 8.25844097137, 29.2184925079, 34.5994186401, 118.797096252, 46.7820777893, 18.1360416412, 18.2802371979, 0.894755125046, 16.0482807159], [39.7458763123, -15.2360897064, 30.1828460693, 54.9483070374, 41.3982124329, 37.4536056519, -4.31321287155, 46.7820777893, 148.417800903, 25.6176357269, 24.6129779816, 13.7148828506, 3.77468371391], [603.668701172, -60.1935195923, -67.4103622437, -28.7830295563, 21.7366104126, 29.4917888641, 97.7401275635, 18.1360416412, 25.6176357269, 181.947280884, 20.1972541809, 22.4743347168, 16.7759666443], [45.7104187012, -12.2184753418, -11.2469434738, -48.4579963684, -32.1403808594, 89.1528015137, 0.507299184799, 18.2802371979, 24.6129779816, 20.1972541809, 144.954910278, 30.2536258698, -2.78786063194], [3.96879005432, -14.1797800064, 23.0530548096, 16.819519043, 12.3200206757, 6.26175546646, 10.8950490952, 0.894755125046, 13.7148828506, 22.4743347168, 30.2536258698, 96.1595458984, 35.8677749634], [166.51802063, -25.9192142487, -0.375868678093, 23.1627731323, 18.2591876984, 11.9785661697, 21.880941391, 16.0482807159, 3.77468371391, 16.7759666443, -2.78786063194, 35.8677749634, 97.5179367065]]}, "spectral_contrast_valleys": {"min": [-27.7162284851, -27.2279033661, -27.6492805481, -27.1990356445, -27.2299575806, -27.2926082611], "max": [-5.25179815292, -5.10849142075, -5.54127597809, -5.96650028229, -5.58351039886, -7.85977220535], "dvar2": [0.29872110486, 0.166891545057, 0.146502092481, 0.141078203917, 0.179091930389, 0.211918622255], "median": [-7.70709753036, -7.43203639984, -7.77233123779, -8.3742313385, -8.14531803131, -10.5527105331], "dmean2": [0.575115501881, 0.472183614969, 0.43298754096, 0.399090915918, 0.358302265406, 0.353702962399], "dmean": [0.350915163755, 0.291115701199, 0.266799122095, 0.251523435116, 0.235493764281, 0.262650102377], "var": [2.12223935127, 1.66902446747, 1.93529820442, 2.00517821312, 2.21344399452, 2.38504981995], "dvar": [0.126171916723, 0.0727473124862, 0.066824272275, 0.0688149556518, 0.0921629071236, 0.121946185827], "mean": [-8.15424823761, -7.67862224579, -8.1262845993, -8.7709980011, -8.59780406952, -10.963262558]}, "barkbands_flatness_db": {"min": 0.0300371162593, "max": 0.45160484314, "dvar2": 0.000560622487683, "median": 0.139285683632, "dmean2": 0.0218682549894, "dmean": 0.0151899755001, "var": 0.00309500121512, "dvar": 0.000275334750768, "mean": 0.15170250833}, "dynamic_complexity": 7.23436117172, "spectral_skewness": {"min": -0.0504086501896, "max": 6.77295017242, "dvar2": 0.123932592571, "median": 1.51463401318, "dmean2": 0.331102997065, "dmean": 0.203649252653, "var": 0.33232408762, "dvar": 0.0530163906515, "mean": 1.59739458561}, "erbbands_flatness_db": {"min": 0.0451205521822, "max": 0.343585193157, "dvar2": 0.00046490796376, "median": 0.182782307267, "dmean2": 0.0209716241807, "dmean": 0.0153012117371, "var": 0.00186160218436, 