{"lowlevel": {"spectral_complexity": {"min": 0, "max": 64, "dvar2": 54.519947052, "median": 38, "dmean2": 8.18267822266, "dmean": 5.34262132645, "var": 156.956924438, "dvar": 25.1904811859, "mean": 34.8953475952}, "silence_rate_20dB": {"min": 1, "max": 1, "dvar2": 0, "median": 1, "dmean2": 0, "dmean": 0, "var": 0, "dvar": 0, "mean": 1}, "average_loudness": 0.971688389778, "erbbands_spread": {"min": 8.36800765991, "max": 132.435668945, "dvar2": 196.513504028, "median": 34.3148193359, "dmean2": 13.7862386703, "dmean": 8.59115219116, "var": 310.287261963, "dvar": 79.1373214722, "mean": 38.2165565491}, "spectral_kurtosis": {"min": -1.2789901495, "max": 16.7961444855, "dvar2": 2.96431422234, "median": 3.85894584656, "dmean2": 1.74505662918, "dmean": 1.04242432117, "var": 2.80932569504, "dvar": 1.06708681583, "mean": 4.02221012115}, "barkbands_kurtosis": {"min": -1.83427929878, "max": 231.050186157, "dvar2": 215.35458374, "median": -0.485669612885, "dmean2": 4.85871362686, "dmean": 2.82788515091, "var": 78.0318450928, "dvar": 78.382522583, "mean": 1.64853620529}, "spectral_strongpeak": {"min": 0, "max": 8.31256961823, "dvar2": 1.35566651821, "median": 0.327413499355, "dmean2": 0.733421564102, "dmean": 0.419078886509, "var": 0.536323368549, "dvar": 0.504077970982, "mean": 0.553100883961}, "spectral_spread": {"min": 2135672.25, "max": 43290244, "dvar2": 790500999168, "median": 4184576.25, "dmean2": 661989.125, "dmean": 444495.25, "var": 5620789936130.0, "dvar": 405673803776, "mean": 4524879.5}, "spectral_rms": {"min": 3.13948454907e-12, "max": 0.0125014316291, "dvar2": 3.68203109247e-06, "median": 0.00550013035536, "dmean2": 0.00183320255019, "dmean": 0.00114815309644, "var": 2.83617691821e-06, "dvar": 1.48619631091e-06, "mean": 0.0056247394532}, "erbbands": {"min": [2.84336772242e-23, 5.84010414121e-22, 3.65159769984e-21, 5.01604100598e-21, 6.24691160685e-21, 2.57618115482e-20, 1.92112616486e-20, 5.80708319617e-20, 1.74313011254e-19, 1.56156009068e-19, 3.54123697504e-19, 3.41637276911e-19, 4.98935648254e-19, 8.22715491606e-19, 1.1752502527e-18, 1.28686121577e-18, 1.67134841296e-18, 2.2978171654e-18, 3.35534876019e-18, 4.18750341656e-18, 4.91627228368e-18, 5.50762122206e-18, 7.13315065332e-18, 6.76613309707e-18, 7.16996928957e-18, 9.12877847503e-18, 9.54575360437e-18, 1.16147126417e-17, 1.18287977376e-17, 1.17667252773e-17, 1.26409319348e-17, 1.25273939511e-17, 9.65049369507e-18, 9.15364848732e-18, 6.61785807714e-18, 4.8045640235e-18, 2.47682690817e-18, 1.00148038892e-18, 2.61789299736e-19, 2.71336340485e-20], "max": [2.16142296791, 32.6142196655, 88.5984802246, 111.8670578, 178.317855835, 91.4715499878, 232.818954468, 265.505737305, 258.465454102, 208.659484863, 414.223114014, 763.453063965, 605.280944824, 962.775756836, 665.557128906, 1036.90588379, 621.377868652, 2168.24389648, 1149.1114502, 914.099975586, 780.803161621, 1351.98913574, 1002.3885498, 451.916625977, 360.078948975, 338.63848877, 238.20791626, 181.001144409, 308.577758789, 144.787734985, 47.6865959167, 29.0767326355, 28.2626876831, 33.4348754883, 18.2748413086, 6.05179214478, 2.56562948227, 0.581102192402, 0.141099750996, 0.0117829674855], "dvar2": [0.149633556604, 47.7422714233, 217.394424438, 228.479598999, 502.44052124, 169.983596802, 304.768005371, 237.694549561, 205.880279541, 192.910247803, 784.980285645, 2899.63671875, 1447.38146973, 2080.36767578, 2913.68530273, 8994.69921875, 4129.18164062, 11792.9990234, 4796.69238281, 3525.17871094, 4034.43408203, 7023.25, 2103.89770508, 1093.98937988, 995.322509766, 1296.00280762, 623.296264648, 766.775634766, 615.925231934, 168.230804443, 33.6940383911, 12.4928569794, 6.23198747635, 1.2766700983, 0.323620051146, 0.10413877666, 0.0372739247978, 0.0033839547541, 0.000202208437258, 9.23080676785e-07], "median": [0.0880153402686, 1.13966500759, 3.55050086975, 5.98403930664, 4.41729736328, 4.49399995804, 5.22420215607, 3.50898170471, 4.02760028839, 4.88439464569, 6.10821580887, 7.20742797852, 9.34259986877, 13.2490358353, 16.5752792358, 21.443447113, 19.5219612122, 20.5576324463, 24.6922111511, 33.041847229, 59.8566131592, 76.3623352051, 39.1706771851, 35.7331581116, 30.9633541107, 21.2666358948, 13.5087032318, 12.7478046417, 9.58094501495, 5.28992319107, 2.49984240532, 1.80461275578, 1.37370705605, 0.764342844486, 0.429638177156, 0.172810167074, 0.049229234457, 0.0100593110546, 0.00156766420696, 0.000145317259012], "dmean2": [0.292215108871, 4.45754003525, 10.0186681747, 11.6638765335, 10.8833036423, 8.2539768219, 11.3224744797, 7.60625267029, 8.08728599548, 8.91943836212, 14.7254419327, 23.1780014038, 18.7688484192, 23.2863349915, 28.7024364471, 48.4970741272, 34.1684150696, 40.6501312256, 33.4864959717, 36.0687484741, 50.6791038513, 66.0034103394, 34.3088569641, 28.9801063538, 27.0205955505, 26.9297428131, 17.4216079712, 19.4554843903, 15.3332986832, 8.67410564423, 4.08023071289, 2.60074591637, 1.80140566826, 0.697346508503, 0.367204129696, 0.189459577203, 0.0977775678039, 0.0270803067833, 0.00607371842489, 0.00041728184442], "dmean": [0.172910034657, 2.58979296684, 5.76786184311, 7.00718975067, 6.30625009537, 4.82704973221, 6.80850553513, 4.39275598526, 4.80109882355, 5.29601955414, 9.01858234406, 13.8951749802, 11.4520273209, 14.2677898407, 17.3929367065, 29.1848068237, 20.7151184082, 24.3393287659, 20.042093277, 21.937412262, 30.8464756012, 39.9041099548, 20.5248184204, 17.4904670715, 16.2910881042, 15.7800254822, 9.88755702972, 11.1065454483, 8.90153121948, 4.92655849457, 2.3432495594, 1.50200867653, 1.03090977669, 0.425177812576, 0.243786007166, 0.129202246666, 0.0658692568541, 0.0181472804397, 0.00400129659101, 0.00027299913927], "var": [0.066304937005, 16.1304531097, 68.3784484863, 119.771141052, 140.003585815, 60.7066078186, 164.423019409, 90.3843612671, 113.664176941, 107.349899292, 522.845703125, 1811.61694336, 1288.15795898, 1702.40136719, 2194.96337891, 7022.92626953, 3730.72412109, 5513.08398438, 2685.05834961, 2971.93212891, 4174.54345703, 6170.4140625, 1385.70007324, 851.498901367, 745.266296387, 648.65826416, 245.051696777, 328.860015869, 316.950286865, 78.2402801514, 19.4775238037, 7.44027233124, 3.087631464, 0.933764159679, 0.363211661577, 0.0985689237714, 0.0224418714643, 0.00182864058297, 9.51996116783e-05, 4.27966682537e-07], "dvar": [0.0573132038116, 18.2840633392, 79.0970535278, 89.2130050659, 182.73765564, 61.1428108215, 118.888717651, 90.3241729736, 79.2990646362, 72.0299835205, 310.744903564, 1074.31359863, 539.935546875, 820.962097168, 1102.24487305, 3303.07836914, 1548.76159668, 4213.97363281, 1773.49108887, 1439.45825195, 1588.09216309, 2684.10107422, 772.794372559, 418.811096191, 384.790496826, 488.683044434, 226.603286743, 277.681060791, 234.387176514, 62.9972953796, 12.7063512802, 4.63953018188, 2.25705885887, 0.487418621778, 0.154333665967, 0.0516868457198, 0.0172043759376, 0.00152343860827, 8.85209228727e-05, 4.01808136985e-07], "mean": [0.202530846, 2.62910246849, 6.33643198013, 9.57005023956, 7.43257474899, 6.70186185837, 9.63258552551, 6.03390693665, 7.15927934647, 8.06093978882, 13.922876358, 21.625743866, 20.4864749908, 25.5836868286, 32.2077827454, 52.0505752563, 41.3415107727, 45.761592865, 40.0638771057, 46.4492378235, 71.219078064, 89.1690979004, 45.8281021118, 40.6986427307, 35.9411010742, 28.1293907166, 17.7780590057, 18.8254127502, 15.8526592255, 8.43402194977, 4.28157377243, 2.77140235901, 1.8755235672, 0.987395107746, 0.573174834251, 0.260754793882, 0.0974889993668, 0.0242158062756, 0.00468209711835, 0.000348066852894]}, "zerocrossingrate": {"min": 0.0009765625, "max": 0.515625, "dvar2": 0.000220948117203, "median": 0.0751953125, "dmean2": 0.0154995173216, "dmean": 0.0122504504398, "var": 0.00137497344986, "dvar": 0.000138414179673, "mean": 0.0795347169042}, "spectral_contrast_coeffs": {"min": [-0.97550880909, -0.971394538879, -0.973402917385, -0.970553636551, -0.965499103069, -0.965101778507], "max": [-0.306855648756, -0.428242564201, -0.525064051151, -0.553469836712, -0.570826232433, -0.570989847183], "dvar2": [0.00614067493007, 0.00372077105567, 0.00234408630058, 0.00144770334009, 0.000729889434297, 0.000701735902112], "median": [-0.665195822716, -0.795641720295, -0.810901045799, -0.798111379147, -0.788978815079, -0.724453091621], "dmean2": [0.0991151481867, 0.0781397596002, 0.0612648501992, 0.049081236124, 0.0349592901766, 0.0296532008797], "dmean": [0.0592683963478, 0.04620077461, 0.036437548697, 0.0291738864034, 0.0206428524107, 0.0182975567877], "var": [0.00488842837512, 0.00286152842455, 0.0028563933447, 0.00165445613675, 0.00081364880316, 0.00159268197604], "dvar": [0.00224919640459, 0.00133066927083, 0.000835395068862, 0.000529530458152, 0.000262629473582, 0.000283701490844], "mean": [-0.661489486694, -0.790029764175, -0.802927494049, -0.794879376888, -0.789320588112, -0.723495185375]}, "dissonance": {"min": 0.313768178225, "max": 0.500000119209, "dvar2": 0.000192374835024, "median": 0.49126496911, "dmean2": 0.0128210717812, "dmean": 0.00743553647771, "var": 9.11252354854e-05, "dvar": 6.7336120992e-05, "mean": 0.488624334335}, "spectral_energyband_high": {"min": 7.20683451288e-21, "max": 0.0136547274888, "dvar2": 3.32379477186e-06, "median": 0.00114897976164, "dmean2": 0.00126317667309, "dmean": 0.000729117658921, "var": 1.63965216871e-06, "dvar": 1.2476612028e-06, "mean": 0.00156576756854}, "gfcc": {"mean": [51.2111549377, 61.5620574951, -115.665504456, 45.5611839294, -34.3020057678, 15.7685489655, -27.6181983948, 8.1453294754, -23.5508022308, -0.986222743988, -19.563533783, 2.10471796989, -11.7677650452], "icov": [[0.000200487265829, -8.24480157462e-05, 0.000220492904191, -0.000146933030919, 9.73146597971e-05, -4.23130222771e-05, 6.89803782734e-05, -0.000100724086224, 0.000351053196937, -0.000404377729865, 0.000773345236667, -0.00072498206282, 0.000656876247376], [-8.24480157462e-05, 0.00277953408659, 0.000882566906512, -0.000823938229587, -0.000909926078748, 0.00036046479363, -0.00120451173279, 0.000123699079268, -0.000737090711482, 0.00168056262191, -0.00146667100489, 0.00162747409195, -0.000736731861252], [0.000220492904191, 0.000882566906512, 0.0022307576146, -0.00055727531435, -0.000716108363122, 0.000406973296776, -0.000925968226511, -0.000259957800154, 0.00131899537519, -0.00154288474005, 0.00198081927374, -0.00148174876813, 0.000832108547911], [-0.000146933030919, -0.000823938229587, -0.00055727531435, 0.00441006571054, 0.000200585011044, -0.00183515856043, 0.00255501433276, 0.000264757167315, -0.00400070520118, 0.00227121054195, -0.00155909277964, 0.000699045893271, -0.00197148323059], [9.73146597971e-05, -0.000909926078748, -0.000716108363122, 0.000200585011044, 0.00546741392463, -0.00122245913371, -0.000959481287282, -0.00138405023608, 0.000278935563983, -0.00121344102081, -9.6026878964e-06, -0.000273628043942, 0.000393860886106], [-4.23130222771e-05, 0.00036046479363, 0.000406973296776, -0.00183515856043, -0.00122245913371, 0.00937823485583, -0.00383690535091, -0.00238997745328, 0.00635128980502, -0.00254996470176, -0.00268280506134, 0.00285736820661, -0.000420883385232], [6.89803782734e-05, -0.00120451173279, -0.000925968226511, 0.00255501433276, -0.000959481287282, -0.00383690535091, 0.0100815817714, -0.000803436967544, -0.00479038152844, 0.00558029394597, -0.000987580395304, -0.00171307311393, 0.000860874657519], [-0.000100724086224, 0.000123699079268, -0.000259957800154, 0.000264757167315, -0.00138405023608, -0.00238997745328, -0.000803436967544, 0.0119142290205, -0.00501784402877, -0.00217036507092, 0.00438436912373, -0.00191387871746, -0.00197579967789], [0.000351053196937, -0.000737090711482, 0.00131899537519, -0.00400070520118, 0.000278935563983, 0.00635128980502, -0.00479038152844, -0.00501784402877, 0.0204394366592, -0.0115566467866, 0.00389130460098, 0.00363423954695, -0.00201372266747], [-0.000404377729865, 0.00168056262191, -0.00154288474005, 0.00227121054195, -0.00121344102081, -0.00254996470176, 0.00558029394597, -0.00217036507092, -0.0115566467866, 0.0299445576966, -0.0153303686529, 0.00146066676825, 0.00324372551404], [0.000773345236667, -0.00146667100489, 0.00198081927374, -0.00155909277964, -9.6026878964e-06, -0.00268280506134, -0.000987580395304, 0.00438436912373, 0.00389130460098, -0.0153303686529, 0.0305870305747, -0.015321589075, 0.00322563690133], [-0.00072498206282, 0.00162747409195, -0.00148174876813, 0.000699045893271, -0.000273628043942, 0.00285736820661, -0.00171307311393, -0.00191387871746, 0.00363423954695, 0.00146066676825, -0.015321589075, 0.0361587032676, -0.018408222124], [0.000656876247376, -0.000736731861252, 0.000832108547911, -0.00197148323059, 0.000393860886106, -0.000420883385232, 0.000860874657519, -0.00197579967789, -0.00201372266747, 0.00324372551404, 0.00322563690133, -0.018408222124, 0.0312797091901]], "cov": [[6974.54150391, 256.050872803, -734.891906738, 162.638641357, -212.97366333, -8.62850570679, -175.906265259, -12.1880321503, -69.4423828125, -16.4364013672, -101.778656006, 0.933413684368, -95.7188339233], [256.050872803, 601.411132812, -272.943786621, 137.005477905, 61.1949424744, 17.1774368286, 66.8065872192, 15.7942266464, 59.8001861572, -34.8632164001, 8.70057296753, -26.2281131744, 14.4361724854], [-734.891906738, -272.943786621, 734.092956543, -62.2471199036, 96.1664733887, 19.9325256348, 48.9805755615, 33.4433441162, -32.2612457275, 24.6990966797, -16.8890399933, 26.0527820587, -2.19030880928], [162.638641357, 137.005477905, -62.2471199036, 359.817260742, -6.61064481735, 12.0699214935, -46.9178161621, 20.2031650543, 70.9650802612, 4.70851135254, 10.2007856369, -3.28953051567, 28.0513095856], [-212.97366333, 61.1949424744, 96.1664733887, -6.61064481735, 251.918121338, 65.0766372681, 70.1605224609, 50.3820457458, 8.84992790222, 13.499168396, 9.81706428528, 3.64059042931, 2.19396233559], [-8.62850570679, 17.1774368286, 19.9325256348, 12.0699214935, 65.0766372681, 178.496673584, 59.4636993408, 24.4982128143, -36.5748596191, 5.42280769348, 23.3693275452, 2.80060577393, -1.36919271946], [-175.906265259, 66.8065872192, 48.9805755615, -46.9178161621, 70.1605224609, 59.4636993408, 173.068206787, 35.2830238342, 12.7558765411, -18.4242095947, -2.20879817009, 2.13074159622, 2.60316109657], [-12.1880321503, 15.7942266464, 33.4433441162, 20.2031650543, 50.3820457458, 24.4982128143, 35.2830238342, 126.101318359, 45.446346283, 15.2456197739, -13.2557897568, 1.87999081612, 11.5192022324], [-69.4423828125, 59.8001861572, -32.2612457275, 70.9650802612, 8.84992790222, -36.5748596191, 12.7558765411, 45.446346283, 112.895256042, 26.5517635345, -6.87225818634, -11.8994369507, 8.33410549164], [-16.4364013672, -34.8632164001, 24.6990966797, 4.70851135254, 13.499168396, 5.42280769348, -18.4242095947, 15.2456197739, 26.5517635345, 66.720489502, 28.9432544708, 6.81087398529, -3.64927792549], [-101.778656006, 8.70057296753, -16.8890399933, 10.2007856369, 9.81706428528, 23.3693275452, -2.20879817009, -13.2557897568, -6.87225818634, 28.9432544708, 69.3128051758, 27.1981925964, 8.26349449158], [0.933413684368, -26.2281131744, 26.0527820587, -3.28953051567, 3.64059042931, 2.80060577393, 2.13074159622, 1.87999081612, -11.8994369507, 6.81087398529, 27.1981925964, 56.4034347534, 27.4307365417], [-95.7188339233, 14.4361724854, -2.19030880928, 28.0513095856, 2.19396233559, -1.36919271946, 2.60316109657, 11.5192022324, 8.33410549164, -3.64927792549, 8.26349449158, 27.4307365417, 52.9618225098]]}, "spectral_flux": {"min": 6.42797065575e-11, "max": 0.337546825409, "dvar2": 0.0026729432866, "median": 0.106789670885, "dmean2": 0.0484933592379, "dmean": 0.0313760340214, "var": 0.00230523431674, "dvar": 0.00120879977476, "mean": 0.11488161236}, "silence_rate_30dB": {"min": 0, "max": 1, "dvar2": 0.00309158815071, "median": 1, "dmean2": 0.00206416100264, "dmean": 0.00103199179284, "var": 0.000515794323292, "dvar": 0.00103082857095, "mean": 0.999484062195}, "spectral_energyband_middle_high": {"min": 1.3397893455e-21, "max": 0.0802529901266, "dvar2": 2.93225602945e-05, "median": 0.00887839961797, "dmean2": 0.00418199971318, "dmean": 0.00261933240108, "var": 3.90115928894e-05, "dvar": 1.15056272989e-05, "mean": 0.0096127865836}, "barkbands_spread": {"min": 1.10708832741, "max": 118.761390686, "dvar2": 194.161651611, "median": 36.0539016724, "dmean2": 13.897190094, "dmean": 8.29866313934, "var": 146.327407837, "dvar": 70.4573974609, "mean": 35.7777366638}, "spectral_centroid": {"min": 190.126678467, "max": 11846.53125, "dvar2": 276331.34375, "median": 2095.55175781, "dmean2": 507.868408203, "dmean": 307.969390869, "var": 516431.59375, "dvar": 105170.671875, "mean": 2062.8137207}, "pitch_salience": {"min": 0.0459495261312, "max": 0.913221299648, "dvar2": 0.0237316731364, "median": 0.60266315937, "dmean2": 0.171351641417, "dmean": 0.103055469692, "var": 0.0171583332121, "dvar": 0.00918208714575, "mean": 0.579795777798}, "erbbands_skewness": {"min": -2.50908732414, "max": 2.45002245903, "dvar2": 0.189698651433, "median": -0.569159209728, "dmean2": 0.472380578518, "dmean": 0.293373554945, "var": 0.313588112593, "dvar": 0.0728456452489, "mean": -0.530932784081}, "erbbands_crest": {"min": 2.22553539276, "max": 27.7630329132, "dvar2": 10.2089500427, "median": 6.70673465729, "dmean2": 3.56113028526, "dmean": 2.12617182732, "var": 8.09118270874, "dvar": 3.80374693871, "mean": 7.31663227081}, "melbands": {"min": [2.31756437813e-25, 2.29550851747e-24, 8.77848261027e-25, 7.67865717355e-25, 8.95411263005e-25, 1.35219564815e-24, 2.67923136658e-24, 1.72281995497e-24, 2.27222923216e-24, 1.86339694043e-24, 2.5571162901e-24, 2.72354365578e-24, 4.42756584424e-24, 2.4020179531e-24, 3.78681120739e-24, 4.5662815124e-24, 3.23714653648e-24, 5.58905269222e-24, 4.63251190742e-24, 5.36200550749e-24, 4.96217845743e-24, 4.9220195209e-24, 5.74381694663e-24, 3.94111200602e-24, 4.24855397775e-24, 5.86447243323e-24, 5.56602229252e-24, 5.42610479478e-24, 4.70619151596e-24, 6.0201545273e-24, 6.38584086068e-24, 6.22916835174e-24, 5.18741007878e-24, 5.35577271748e-24, 6.43771714267e-24, 6.47451987048e-24, 7.72810741243e-24, 6.08224024712e-24, 6.85532353981e-24, 7.75735679708e-24], "max": [0.0290585719049, 0.0399542823434, 0.0167555995286, 0.0122332377359, 0.0067838774994, 0.00541389919817, 0.00455760350451, 0.0018773234915, 0.00417487602681, 0.00424515316263, 0.00303870509379, 0.0040406328626, 0.0032748375088, 0.00346063147299, 0.00263036810793, 0.00214870786294, 0.00422805175185, 0.00255365367047, 0.00148946198169, 0.00128611165565, 0.000916641205549, 0.00187803059816, 0.000642454251647, 0.00115269597154, 0.000374358118279, 0.00037426117342, 0.000294941070024, 0.000215046835365, 0.000195874745259, 0.000156002119184, 9.99135081656e-05, 0.000188507998246, 0.000188843652722, 5.96615609538e-05, 3.21552543028e-05, 3.06705005642e-05, 2.02808041649e-05, 2.80138738162e-05, 9.84792131931e-06, 4.0867314965e-05], "dvar2": [2.98735812976e-05, 6.42165105091e-05, 5.37608684681e-06, 2.20527545025e-06, 2.7899051247e-07, 1.11576362372e-07, 4.67167922125e-08, 2.092096274e-08, 7.71686927692e-08, 1.20098775369e-07, 3.71709596436e-08, 3.39192354204e-08, 4.50781598715e-08, 5.02350339104e-08, 5.31730464104e-08, 2.65510085029e-08, 4.75209951389e-08, 1.81271939681e-08, 8.3101765469e-09, 8.68695693157e-09, 6.9810139891e-09, 1.20541487902e-08, 2.73479439095e-09, 1.73631686806e-09, 8.32242719184e-10, 8.1977935551e-10, 5.45893663606e-10, 5.88839366156e-10, 2.226713397e-10, 3.57206264567e-10, 2.28520230516e-10, 2.32579289161e-10, 1.28490135198e-10, 3.67221184017e-11, 1.31827795208e-11, 7.59474167583e-12, 3.8492876421e-12, 4.44724292115e-12, 1.27631293121e-12, 1.42168817951e-12], "median": [0.00108185713179, 0.00193715677597, 0.00103007408325, 0.000302285014186, 0.000196066946955, 8.29212513054e-05, 6.11497889622e-05, 5.24312308698e-05, 4.81889801449e-05, 4.42716664111e-05, 4.37295275333e-05, 4.98977024108e-05, 5.10097270308e-05, 5.35835351911e-05, 4.90213133162e-05, 3.35347540386e-05, 3.67775392078e-05, 3.62137980119e-05, 3.6122448364e-05, 5.07810073032e-05, 7.13430272299e-05, 8.43282614369e-05, 4.61176678073e-05, 2.68121602858e-05, 2.80677468254e-05, 2.50868270086e-05, 1.77104593604e-05, 1.2618569599e-05, 7.86308100942e-06, 7.99561166787e-06, 6.77061916576e-06, 5.65643131267e-06, 4.0154063754e-06, 2.35214042732e-06, 1.41064515446e-06, 1.18702337204e-06, 9.77373815658e-07, 9.60944362305e-07, 7.39896165669e-07, 5.97710084094e-07], "dmean2": [0.00376420002431, 0.00542441336438, 0.00185742846224, 0.00070734944893, 0.000368339533452, 0.000172662752448, 0.000118836556794, 9.87638632068e-05, 0.000137718539918, 0.000148707375047, 9.5660398074e-05, 9.53717171797e-05, 0.000102418496681, 0.000118770440167, 0.000116971321404, 7.45693760109e-05, 8.25036404422e-05, 5.92291326029e-05, 5.28832024429e-05, 5.90727977396e-05, 6.79200820741e-05, 8.23050722829e-05, 4.43114840891e-05, 2.80613094219e-05, 2.54847636825e-05, 2.44372295128e-05, 1.91047802218e-05, 1.8108950826e-05, 1.02075036921e-05, 1.35043183036e-05, 1.04775863292e-05, 9.6168168966e-06, 6.75845194564e-06, 4.24938571086e-06, 2.57371880252e-06, 1.99720216187e-06, 1.46021557157e-06, 1.48885294493e-06, 8.73694773418e-07, 5.64863626096e-07], "dmean": [0.00221365597099, 0.00315972743556, 0.00111012044363, 0.000410486623878, 0.000221469104872, 0.000100340417703, 7.05478305463e-05, 5.88164111832e-05, 8.43060333864e-05, 8.89492075657e-05, 5.8304216509e-05, 5.82114553254e-05, 6.2138242356e-05, 7.16578870197e-05, 7.04469566699e-05, 4.48357350251e-05, 4.9216181651e-05, 3.51966773451e-05, 3.15729994327e-05, 3.55858028342e-05, 4.07681727665e-05, 4.94979140058e-05, 2.64589234575e-05, 1.66670561157e-05, 1.5284800611e-05, 1.46806733028e-05, 1.12947209345e-05, 1.05700783024e-05, 5.85304860579e-06, 7.67668007029e-06, 5.97741836827e-06, 5.53551535631e-06, 3.91500134356e-06, 2.41536645262e-06, 1.47425737396e-06, 1.14791680517e-06, 8.42455449401e-07, 8.42002918944e-07, 5.04797242229e-07, 3.50466791588e-07], "var": [1.15861284939e-05, 2.13874118344e-05, 2.66777806246e-06, 6.12544511114e-07, 1.58914573944e-07, 4.58175968276e-08, 2.52292888803e-08, 1.2533133642e-08, 5.20029814766e-08, 7.48003614603e-08, 3.30098686163e-08, 2.72106976951e-08, 3.19672679439e-08, 3.91779728659e-08, 3.99972854837e-08, 1.84928357072e-08, 2.20575007148e-08, 8.98845531339e-09, 5.91202242717e-09, 7.08727743159e-09, 6.33998764599e-09, 9.47917833116e-09, 2.00202365797e-09, 9.21613618754e-10, 6.03516125963e-10, 5.7167798273e-10, 3.20924398167e-10, 2.82513540339e-10, 9.10705399981e-11, 1.44779757627e-10, 9.3734499329e-11, 1.09273513849e-10, 6.23879004014e-11, 1.7363223706e-11, 7.21666910258e-12, 4.74006467757e-12, 2.22036343304e-12, 2.01232975595e-12, 7.50222583709e-13, 8.02755811043e-13], "dvar": [1.15495158752e-05, 2.40956160269e-05, 2.04841921914e-06, 7.95595838099e-07, 1.0842280318e-07, 4.29836610749e-08, 1.77804349022e-08, 8.01761501634e-09, 3.07565883872e-08, 4.39734044733e-08, 1.3889442485e-08, 1.33575133177e-08, 1.70032166125e-08, 1.87829662934e-08, 1.91194686749e-08, 9.63996349412e-09, 1.71158411888e-08, 6.63784982535e-09, 3.27267657418e-09, 3.65601415808e-09, 2.65218114137e-09, 4.59429250199e-09, 1.01698016675e-09, 6.22718654419e-10, 3.1333272088e-10, 3.13863324219e-10, 2.07366027127e-10, 2.20269955054e-10, 8.01663527228e-11, 1.29363159074e-10, 8.22374598974e-11, 8.7024915052e-11, 4.82332160323e-11, 1.37336236133e-11, 4.96641096304e-12, 2.83395616002e-12, 1.42317191018e-12, 1.60027568454e-12, 4.70666799805e-13, 5.34716043145e-13], "mean": [0.00245054345578, 0.00354518927634, 0.00155954936054, 0.000502538168803, 0.000329239090206, 0.000141835567774, 0.000107130421384, 8.84794862941e-05, 0.000126852479298, 0.000137005161378, 0.000100518700492, 0.000100083336292, 0.000106120816781, 0.000123925623484, 0.000124487094581, 8.21463399916e-05, 8.55186881381e-05, 6.41431179247e-05, 5.82160100748e-05, 6.9442037784e-05, 8.64921166794e-05, 0.000101966936199, 5.45090551896e-05, 3.29596441588e-05, 3.27947382175e-05, 2.97953647532e-05, 2.15147210838e-05, 1.76088906301e-05, 1.02976182461e-05, 1.21329885587e-05, 9.90486751107e-06, 9.28739063966e-06, 6.77011621519e-06, 3.90422928831e-06, 2.50629636867e-06, 2.03563172363e-06, 1.48996446114e-06, 1.40150598327e-06, 9.66604602581e-07, 7.92199045918e-07]}, "spectral_entropy": {"min": 6.66427564621, "max": 9.82493114471, "dvar2": 0.0276603214443, "median": 7.97038459778, "dmean2": 0.1666136235, "dmean": 0.102324798703, "var": 0.0387227423489, "dvar": 0.0109830200672, "mean": 7.96434020996}, "spectral_rolloff": {"min": 21.533203125, "max": 19530.6152344, "dvar2": 1875634.25, "median": 2304.05273438, "dmean2": 1238.79345703, "dmean": 721.389404297, "var": 2376943.25, "dvar": 738144.6875, "mean": 2181.69580078}, "barkbands": {"min": [2.53990802901e-25, 7.1344486591e-25, 3.09664173179e-24, 6.51484328451e-25, 4.02507086659e-24, 6.10337106976e-24, 9.21253853222e-24, 1.66692336171e-23, 1.38392645393e-23, 2.72674189511e-23, 2.82519078945e-23, 3.13308509402e-23, 4.83187149432e-23, 3.69398760128e-23, 5.00584056747e-23, 7.82130407087e-23, 8.68630267521e-23, 9.76117930112e-23, 1.41665787061e-22, 2.01904695153e-22, 2.74128861642e-22, 3.65493166584e-22, 4.3938678994e-22, 6.79284768094e-22, 9.27000875311e-22, 1.30899019627e-21, 2.02090199897e-21], "max": [0.0021765246056, 0.127537101507, 0.0933962166309, 0.0360384881496, 0.0489517860115, 0.0255644153804, 0.0227665752172, 0.0103921331465, 0.0265369303524, 0.0221160724759, 0.0290053673089, 0.0245583225042, 0.0124264061451, 0.0472118519247, 0.0157739762217, 0.0165722519159, 0.0235316995531, 0.0180843640119, 0.00899003166705, 0.00713976984844, 0.00478676985949, 0.00799374002963, 0.00202530110255, 0.00158557819668, 0.00220683217049, 0.00105657917447, 0.000976253533736], "dvar2": [1.87507311011e-07, 0.000664724095259, 0.000155688496307, 2.02193605219e-05, 3.49178444594e-05, 3.28469104716e-06, 1.05180868104e-06, 8.37539403165e-07, 5.37615233043e-06, 1.24686152958e-06, 2.76621926787e-06, 4.80661901747e-06, 2.36287610278e-06, 5.65861046198e-06, 1.2429400158e-06, 1.48606807215e-06, 2.357323865e-06, 6.98280359757e-07, 4.06671489372e-07, 4.600889838e-07, 4.51079927188e-07, 3.93562288536e-07, 4.89683067428e-08, 2.68240665235e-08, 6.18860473978e-09, 7.78443975946e-09, 7.13782277728e-09], "median": [9.77251911536e-05, 0.00444935355335, 0.00326017569751, 0.00168790889438, 0.00150930392556, 0.000482528848806, 0.000292673503282, 0.000242367139435, 0.00031552411383, 0.000316299003316, 0.000346449727658, 0.000492379651405, 0.000354848598363, 0.000408538820921, 0.000467196310638, 0.000891970179509, 0.00134113978129, 0.000637215271126, 0.000685849110596, 0.000441548909293, 0.000324969063513, 0.000244537630351, 9.92089771898e-05, 8.4258557763e-05, 6.56363044982e-05, 3.02666612697e-05, 9.62658123171e-06], "dmean2": [0.000328855327098, 0.0169282946736, 0.00887308083475, 0.00355608318932, 0.00301780668087, 0.00102201360278, 0.00057372415904, 0.00054678984452, 0.00106138875708, 0.00061282486422, 0.00076356268255, 0.00115778064355, 0.0007957033813, 0.000840489636175, 0.000674137612805, 0.000902556348592, 0.00119935115799, 0.000632674258668, 0.000565516005736, 0.000516905914992, 0.000477593392134, 0.000387331325328, 0.000155982823344, 0.000115721326438, 4.96492502862e-05, 4.6682816901e-05, 3.65387677448e-05], "dmean": [0.000186286517419, 0.00986739899963, 0.00509149208665, 0.00213444419205, 0.00177361932583, 0.0006027353229, 0.000339833000908, 0.000331264222041, 0.000638403580524, 0.000376434763893, 0.000463719130494, 0.000695723865647, 0.00047880152124, 0.000501830945723, 0.000403343263315, 0.000545488728676, 0.000721579883248, 0.000376532640075, 0.000342929066392, 0.000303206557874, 0.000270734162768, 0.000222686125198, 8.95159028005e-05, 6.62406382617e-05, 3.23145504808e-05, 3.21368170262e-05, 2.4138515073e-05], "var": [7.00778244322e-08, 0.00023227246129, 5.11784783157e-05, 1.03116090031e-05, 1.10006239993e-05, 1.54696272148e-06, 5.58084138902e-07, 5.17952003065e-07, 3.52625943378e-06, 1.1510993545e-06, 1.93025880435e-06, 3.72930958292e-06, 1.90079072127e-06, 2.41705038206e-06, 9.10556707368e-07, 1.36223593472e-06, 2.01943339562e-06, 4.21412977403e-07, 3.30338167487e-07, 2.37436537986e-07, 1.79971820558e-07, 1.8946786895e-07, 2.808896582e-08, 1.31165673878e-08, 6.28830987282e-09, 5.54435120037e-09, 3.45957307246e-09], "dvar": [6.19506792532e-08, 0.000254766695434, 5.54715370527e-05, 7.8348639363e-06, 1.26418326545e-05, 1.31081617383e-06, 3.96323741825e-07, 3.28767612245e-07, 1.97849840333e-06, 4.93126151468e-07, 1.03816353203e-06, 1.75792865775e-06, 8.765452435e-07, 2.03614513339e-06, 4.88120520004e-07, 6.06130015512e-07, 8.99272265542e-07, 2.5562789574e-07, 1.56745656454e-07, 1.73445172891e-07, 1.63690970112e-07, 1.47746447965e-07, 1.84577935158e-08, 9.76389369356e-09, 2.65275379441e-09, 3.71366293273e-09, 3.14942183444e-09], "mean": [0.000207940218388, 0.0102548152208, 0.00564274005592, 0.00275602284819, 0.00238048122264, 0.000853896897752, 0.000511554419063, 0.00047565807472, 0.000993160996586, 0.000653418595903, 0.000760384078603, 0.00120281928685, 0.000861086708028, 0.000883970118593, 0.000757832662202, 0.00113127497025, 0.00158046290744, 0.0007694902597, 0.000790304155089, 0.000560663756914, 0.00046066971845, 0.000395231298171, 0.000164804339875, 0.000120781995065, 8.25583701953e-05, 5.36656880286e-05, 2.852957914e-05]}, "melbands_flatness_db": {"min": 0.00426340103149, "max": 0.443622738123, "dvar2": 0.00344890193082, "median": 0.15054987371, "dmean2": 0.0589314028621, "dmean": 0.0356018990278, "var": 0.0032540790271, "dvar": 0.00130324391648, "mean": 0.158304363489}, "melbands_skewness": {"min": -0.750485777855, "max": 18.7162952423, "dvar2": 3.73417544365, "median": 2.19193768501, "dmean2": 1.72071826458, "dmean": 1.05966150761, "var": 3.59512376785, "dvar": 1.45915019512, "mean": 2.65636467934}, "barkbands_skewness": {"min": -2.04146909714, "max": 13.7015562057, "dvar2": 1.85207867622, "median": 0.815522789955, "dmean2": 1.13165950775, "dmean": 0.692872524261, "var": 1.50640249252, "dvar": 0.694879293442, "mean": 1.07679641247}, "silence_rate_60dB": {"min": 0, "max": 1, "dvar2": 0.00428642425686, "median": 0, "dmean2": 0.0037842951715, "dmean": 0.00189198483713, "var": 0.00861059781164, "dvar": 0.00188851205166, "mean": 0.00868518371135}, "spectral_energyband_low": {"min": 2.18872676706e-23, "max": 0.150919258595, "dvar2": 0.00101851788349, "median": 0.0111435577273, "dmean2": 0.0230987835675, "dmean": 0.0136550609022, "var": 0.000394355127355, "dvar": 0.000387372041587, "mean": 0.0180703047663}, "spectral_energyband_middle_low": {"min": 1.47066366684e-22, "max": 0.0735913142562, "dvar2": 9.27838482312e-05, "median": 0.00657324586064, "dmean2": 0.00662221526727, "dmean": 0.00398044101894, "var": 4.42850323452e-05, "dvar": 3.46407032339e-05, "mean": 0.00816941540688}, "melbands_kurtosis": {"min": -1.68913221359, "max": 657.776855469, "dvar2": 1414.10083008, "median": 4.30589485168, "dmean2": 16.4533634186, "dmean": 9.78849029541, "var": 697.389709473, "dvar": 540.98260498, "mean": 11.9454364777}, "spectral_decrease": {"min": -4.16883132459e-08, "max": 1.23101012406e-28, "dvar2": 6.46254772066e-17, "median": -7.34597405128e-09, "dmean2": 6.51914033867e-09, "dmean": 3.93419030686e-09, "var": 3.03372493208e-17, "dvar": 2.50375378778e-17, "mean": -8.5728153465e-09}, "erbbands_kurtosis": {"min": -1.70591807365, "max": 13.8790016174, "dvar2": 2.02446722984, "median": 0.388223648071, "dmean2": 1.33802866936, "dmean": 0.822763323784, "var": 2.32911324501, "dvar": 0.793128907681, "mean": 0.721678435802}, "melbands_crest": {"min": 1.69060599804, "max": 38.9967689514, "dvar2": 26.415435791, "median": 14.031709671, "dmean2": 6.32134580612, "dmean": 3.84715032578, "var": 23.974357605, "dvar": 9.78386116028, "mean": 14.1483926773}, "melbands_spread": {"min": 0.663364470005, "max": 192.744750977, "dvar2": 375.97454834, "median": 36.2723960876, "dmean2": 20.8664054871, "dmean": 12.613363266, "var": 393.797149658, "dvar": 142.802627563, "mean": 37.25963974}, "spectral_energy": {"min": 1.0102772027e-20, "max": 0.160192936659, "dvar2": 0.000925245578401, "median": 0.0310077182949, "dmean2": 0.0250074863434, "dmean": 0.0151916136965, "var": 0.000457788875792, "dvar": 0.000361768325092, "mean": 0.0353355668485}, "mfcc": {"mean": [-590.242553711, 94.6329345703, -13.4148845673, 36.0972290039, 13.3245687485, 15.2228536606, 7.29671669006, 11.122220993, 5.87519407272, -1.96826148033, -0.395349860191, 0.463880300522, 0.262905150652], "icov": [[0.000422780984081, -0.000113713926112, 0.000263571593678, -6.71912130201e-05, 7.39935712772e-05, -0.00018974460545, 0.000576256948989, -0.000479254609672, 0.000498314329889, -0.000191175655345, 0.000250734185101, -0.000405222643167, 0.000316595891491], [-0.000113713926112, 0.00296368729323, 0.000805872725323, -0.00061889027711, 6.14469827269e-05, 6.7850589403e-05, -0.00151739222929, 1.45835201693e-05, -0.00159049010836, 0.00193683628459, -0.00214654020965, 0.000875416269992, 0.000119748867291], [0.000263571593678, 0.000805872725323, 0.00276619871147, -0.000741322815884, 0.000114305083116, -8.26581090223e-05, -0.000843785819598, 0.000630107009783, -0.000636956072412, 0.000350407790393, 0.000456262321677, 0.000185922850505, -0.000286833499558], [-6.71912130201e-05, -0.00061889027711, -0.000741322815884, 0.00650635408238, -0.00224363058805, -0.00163656217046, 0.0046985312365, -0.00212824298069, -0.00154062046204, -0.000368930806872, 0.00158204266336, -0.00223251082934, -0.0002930527844], [7.39935712772e-05, 6.14469827269e-05, 0.000114305083116, -0.00224363058805, 0.00755568500608, -0.00075268256478, -0.00295596895739, 0.00336201069877, -0.00172232382465, -0.00199189037085, 0.00147128815297, -0.00187423045281, -0.00151573412586], [-0.00018974460545, 6.7850589403e-05, -8.26581090223e-05, -0.00163656217046, -0.00075268256478, 0.0115743018687, -0.00551369879395, -0.000828164513223, 0.00376682356, -0.00140554073732, -0.00209866650403, 0.0023226661142, -0.000629690650385], [0.000576256948989, -0.00151739222929, -0.000843785819598, 0.0046985312365, -0.00295596895739, -0.00551369879395, 0.0153856594115, -0.0101815126836, 0.00336824264377, 0.00020137395768, 0.000741297495551, -0.00188581820112, -0.000216594606172], [-0.000479254609672, 1.45835201693e-05, 0.000630107009783, -0.00212824298069, 0.00336201069877, -0.000828164513223, -0.0101815126836, 0.0264208782464, -0.0162843763828, 0.00368801667355, 0.00163650163449, -0.00107906654011, -0.0015820346307], [0.000498314329889, -0.00159049010836, -0.000636956072412, -0.00154062046204, -0.00172232382465, 0.00376682356, 0.00336824264377, -0.0162843763828, 0.0266499072313, -0.0128193758428, -0.000713279179763, 0.00414035981521, -0.00175789557397], [-0.000191175655345, 0.00193683628459, 0.000350407790393, -0.000368930806872, -0.00199189037085, -0.00140554073732, 0.00020137395768, 0.00368801667355, -0.0128193758428, 0.0284362006932, -0.0124472426251, 0.00090556620853, 0.00422034505755], [0.000250734185101, -0.00214654020965, 0.000456262321677, 0.00158204266336, 0.00147128815297, -0.00209866650403, 0.000741297495551, 0.00163650163449, -0.000713279179763, -0.0124472426251, 0.0277815833688, -0.0132565544918, 0.00463409069926], [-0.000405222643167, 0.000875416269992, 0.000185922850505, -0.00223251082934, -0.00187423045281, 0.0023226661142, -0.00188581820112, -0.00107906654011, 0.00414035981521, 0.00090556620853, -0.0132565544918, 0.0298830028623, -0.0128379603848], [0.000316595891491, 0.000119748867291, -0.000286833499558, -0.0002930527844, -0.00151573412586, -0.000629690650385, -0.000216594606172, -0.0015820346307, -0.00175789557397, 0.00422034505755, 0.00463409069926, -0.0128379603848, 0.0267608892173]], "cov": [[2940.06787109, 118.475105286, -355.938568115, 72.4063644409, -73.1691589355, -14.5507287979, -158.193435669, -18.7138175964, -52.4260444641, 0.110938668251, 9.40342617035, 24.8492946625, -38.3770446777], [118.475105286, 466.144561768, -130.441085815, 15.5735816956, 10.7521600723, 28.8472862244, 70.1424560547, 61.4013328552, 50.8701210022, 3.95160984993, 37.4895782471, 3.99878048897, -1.08490133286], [-355.938568115, -130.441085815, 457.858154297, 38.4597511292, 25.5839004517, 8.9767665863, 20.0762405396, -2.32895088196, 6.30006790161, -6.50624084473, -24.8600521088, -3.84689760208, 15.7077894211], [72.4063644409, 15.5735816956, 38.4597511292, 251.714691162, 66.801902771, -2.01092362404, -61.7113609314, 14.9295072556, 45.9529914856, 23.8720760345, 1.66127359867, 20.1760921478, 15.0070724487], [-73.1691589355, 10.7521600723, 25.5839004517, 66.801902771, 185.204055786, 29.3627052307, 32.540927887, 5.76036739349, 21.9388637543, 21.3814411163, 6.22144412994, 23.6117992401, 21.9271068573], [-14.5507287979, 28.8472862244, 8.9767665863, -2.01092362404, 29.3627052307, 128.086975098, 72.4920349121, 21.5695400238, -9.45444297791, 1.18025004864, 8.19249916077, 3.5305223465, 6.12397813797], [-158.193435669, 70.1424560547, 20.0762405396, -61.7113609314, 32.540927887, 72.4920349121, 170.911773682, 63.5460319519, 9.81237983704, -6.76327466965, 3.75633168221, 7.20882225037, 14.3048753738], [-18.7138175964, 61.4013328552, -2.32895088196, 14.9295072556, 5.76036739349, 21.5695400238, 63.5460319519, 99.5428161621, 60.9946022034, 11.8807077408, 4.43397045135, 2.83805513382, 10.0447034836], [-52.4260444641, 50.8701210022, 6.30006790161, 45.9529914856, 21.9388637543, -9.45444297791, 9.81237983704, 60.9946022034, 105.557670593, 45.0163726807, 18.0083255768, -1.07163202763, 1.87086081505], [0.110938668251, 3.95160984993, -6.50624084473, 23.8720760345, 21.3814411163, 1.18025004864, -6.76327466965, 11.8807077408, 45.0163726807, 72.5032119751, 35.7097740173, 6.24069976807, -9.60787010193], [9.40342617035, 37.4895782471, -24.8600521088, 1.66127359867, 6.22144412994, 8.19249916077, 3.75633168221, 4.43397045135, 18.0083255768, 35.7097740173, 67.7136001587, 24.064458847, -4.31960248947], [24.8492946625, 3.99878048897, -3.84689760208, 20.1760921478, 23.6117992401, 3.5305223465, 7.20882225037, 2.83805513382, -1.07163202763, 6.24069976807, 24.064458847, 57.9676818848, 24.1014041901], [-38.3770446777, -1.08490133286, 15.7077894211, 15.0070724487, 21.9271068573, 6.12397813797, 14.3048753738, 10.0447034836, 1.87086081505, -9.60787010193, -4.31960248947, 24.1014041901, 54.2034378052]]}, "spectral_contrast_valleys": {"min": [-28.0710220337, -28.6819667816, -27.7426700592, -27.6857891083, -27.3979949951, -27.3576507568], "max": [-5.32886648178, -4.73361206055, -5.15041828156, -5.2280755043, -5.38137054443, -7.96555900574], "dvar2": [0.328925132751, 0.299530655146, 0.198117434978, 0.172916918993, 0.226431846619, 0.352572947741], "median": [-6.63937902451, -6.58200025558, -6.73869466782, -6.77454328537, -6.43443536758, -9.49005699158], "dmean2": [0.676799654961, 0.606803357601, 0.476245671511, 0.396954149008, 0.383265376091, 0.459860771894], "dmean": [0.405552506447, 0.364273309708, 0.294055372477, 0.247104257345, 0.244590595365, 0.285943627357], "var": [1.81123650074, 1.76409673691, 1.72288954258, 1.75356078148, 1.75118803978, 1.37056088448], "dvar": [0.13601963222, 0.130176737905, 0.0931626781821, 0.0851939991117, 0.107855290174, 0.152666032314], "mean": [-6.77966785431, -6.69916057587, -6.859375, -6.91503190994, -6.62317609787, -9.5962562561]}, "barkbands_flatness_db": {"min": 0.0230107195675, "max": 0.328192532063, "dvar2": 0.00180422782432, "median": 0.0824712365866, "dmean2": 0.0419545844197, "dmean": 0.0252260882407, "var": 0.00143244315404, "dvar": 0.000679904827848, "mean": 0.0905400291085}, "dynamic_complexity": 1.65256249905, "spectral_skewness": {"min": -0.115609228611, "max": 2.63194847107, "dvar2": 0.0762036666274, "median": 1.32417058945, "dmean2": 0.288407236338, "dmean": 0.178368791938, "var": 0.109441153705, "dvar": 0.0299072731286, "mean": 1.3307915926}, "erbbands_flatness_db": {"min": 0.0313324891031, "max": 0.247044086456, "dvar2": 0.000370153051335, "median": 0.124693766236, "dmean2": 0.0220223311335, "dmean": 0.0143659058958, "var": 0.00093946501147, "dvar": 0.000162590513355, "mean": 0.125963196158}, "hfc": {"min": 1.08782528974e-16