{"lowlevel": {"spectral_complexity": {"min": 0, "max": 45, "dvar2": 15.7105607986, "median": 16, "dmean2": 3.92331409454, "dmean": 2.50419044495, "var": 63.4157752991, "dvar": 6.94514989853, "mean": 15.0169525146}, "silence_rate_20dB": {"min": 1, "max": 1, "dvar2": 0, "median": 1, "dmean2": 0, "dmean": 0, "var": 0, "dvar": 0, "mean": 1}, "average_loudness": 0.747981369495, "erbbands_spread": {"min": 1.16019594669, "max": 109.114227295, "dvar2": 96.818069458, "median": 24.7150878906, "dmean2": 9.58217906952, "dmean": 6.29364967346, "var": 146.930343628, "dvar": 42.7148208618, "mean": 26.8493785858}, "spectral_kurtosis": {"min": -1.27360832691, "max": 91.0866317749, "dvar2": 109.216125488, "median": 19.6911563873, "dmean2": 9.91336154938, "dmean": 6.42554616928, "var": 119.352005005, "dvar": 44.2196960449, "mean": 21.8562812805}, "barkbands_kurtosis": {"min": -1.55921173096, "max": 217.773956299, "dvar2": 102.871665955, "median": 6.33587503433, "dmean2": 6.8033914566, "dmean": 4.31378889084, "var": 101.287574768, "dvar": 42.5679321289, "mean": 9.03713035583}, "spectral_strongpeak": {"min": 0, "max": 113.497291565, "dvar2": 180.938766479, "median": 0.531012117863, "dmean2": 3.17521715164, "dmean": 1.70303785801, "var": 49.5633506775, "dvar": 66.2680053711, "mean": 1.6676748991}, "spectral_spread": {"min": 1339614.375, "max": 42791772, "dvar2": 780760449024, "median": 3281555.75, "dmean2": 822736.625, "dmean": 523918.375, "var": 13037734985700.0, "dvar": 367009693696, "mean": 3682289}, "spectral_rms": {"min": 3.1251704783e-12, "max": 0.0145706851035, "dvar2": 8.62089677867e-07, "median": 0.00524357240647, "dmean2": 0.000947614898905, "dmean": 0.000638128432911, "var": 5.81668246014e-06, "dvar": 3.76618999098e-07, "mean": 0.00494635291398}, "erbbands": {"min": [6.33504531813e-23, 4.0764918654e-22, 1.33037642999e-21, 4.21610403927e-21, 5.91150036978e-21, 3.38492129426e-20, 3.54137345984e-20, 6.43613014133e-20, 1.4515623883e-19, 2.53278102372e-19, 3.00050719916e-19, 2.48956393864e-19, 5.48707571e-19, 6.68607659284e-19, 9.24624866856e-19, 5.79367589091e-19, 1.5165809558e-18, 2.29780848e-18, 2.13877866454e-18, 2.25732584723e-18, 3.35005273631e-18, 3.1626138163e-18, 5.59830999569e-18, 4.61545854135e-18, 8.23294021727e-18, 7.55581099501e-18, 8.2021169861e-18, 1.02190769686e-17, 1.09843000989e-17, 1.22187902354e-17, 1.2091449916e-17, 9.35184178927e-18, 9.34108926849e-18, 7.374063698e-18, 6.30401499939e-18, 4.012153948e-18, 2.35834465915e-18, 9.7887509374e-19, 2.47825431171e-19, 2.80258323497e-20], "max": [1.1161686182, 4.18982982635, 35.0319023132, 97.9527511597, 649.348510742, 507.148895264, 398.392791748, 597.876281738, 416.047180176, 514.117492676, 2110.23999023, 740.260314941, 1748.88842773, 1642.75842285, 1323.2286377, 916.422790527, 901.417297363, 739.886535645, 642.117736816, 194.351547241, 193.093353271, 205.813201904, 801.089050293, 318.632354736, 349.082611084, 330.466003418, 82.6756515503, 311.770263672, 127.592582703, 29.0417671204, 30.946893692, 6.66865491867, 14.8300266266, 1.59598553181, 0.309551030397, 1.01721763611, 1.08797132969, 0.845231592655, 0.689126372337, 0.185524597764], "dvar2": [0.00648402469233, 0.160635367036, 16.3559455872, 115.931983948, 1290.07104492, 1323.50036621, 525.886047363, 994.494628906, 1434.65063477, 1674.75158691, 5280.06884766, 2237.41381836, 2809.29858398, 7039.57666016, 2789.42553711, 3133.39257812, 1456.66906738, 1736.75024414, 527.489379883, 251.222885132, 174.822296143, 152.682235718, 869.133911133, 258.797027588, 300.076965332, 257.040405273, 17.4535064697, 130.033309937, 42.4246063232, 2.23626732826, 2.75492668152, 0.190746352077, 0.0944248884916, 0.0037393590901, 0.00110391178168, 0.00129663746338, 0.00285136932507, 0.00346880452707, 0.00154214038048, 4.99385860167e-05], "median": [0.018190363422, 0.181037932634, 1.36332249641, 3.48322343826, 8.89418792725, 12.2507896423, 8.45093727112, 9.79596042633, 12.0645484924, 10.3516311646, 13.2988815308, 11.8510541916, 13.0371112823, 21.521697998, 17.6285820007, 17.189907074, 11.1897602081, 11.5002536774, 9.81411266327, 7.76029872894, 4.90252399445, 3.34617137909, 2.51895713806, 1.53364992142, 1.28963017464, 0.898866534233, 0.595745444298, 0.514446854591, 0.340734064579, 0.140019714832, 0.073826611042, 0.0290190503001, 0.0110251298174, 0.00638443976641, 0.00407180469483, 0.00312913116068, 0.00423408299685, 0.00574217084795, 0.00577102322131, 0.00782655272633], "dmean2": [0.0483378432691, 0.29686820507, 2.61853575706, 6.84532594681, 20.7666492462, 22.9238147736, 13.6231422424, 17.5266666412, 22.1946544647, 22.6744632721, 34.7220611572, 25.906463623, 23.9319820404, 45.7255249023, 27.5622291565, 30.1191558838, 20.6293373108, 21.4653644562, 13.6445331573, 9.67267894745, 7.19288015366, 4.72032260895, 8.88483047485, 4.90777540207, 5.42745685577, 5.46269702911, 1.82849562168, 3.82144856453, 2.26744914055, 0.630172014236, 0.590444266796, 0.173066735268, 0.0715238824487, 0.0319665558636, 0.0190341938287, 0.0150617081672, 0.0206245854497, 0.0262581389397, 0.017427759245, 0.00398465851322], "dmean": [0.031452588737, 0.182892918587, 1.56524002552, 4.13640737534, 13.0451574326, 14.748758316, 8.93277549744, 11.0975389481, 13.9175834656, 14.2773199081, 21.6200561523, 16.3225631714, 15.2077417374, 28.4265995026, 17.3199653625, 18.6908493042, 12.9413881302, 13.7425165176, 8.60646057129, 6.06750106812, 4.44608879089, 2.93213772774, 5.63812923431, 3.11071681976, 3.46790456772, 3.39728713036, 1.16116917133, 2.48893880844, 1.43499279022, 0.412303686142, 0.373267203569, 0.10623665154, 0.0435626283288, 0.0193387549371, 0.011573638767, 0.00920166447759, 0.0128928627819, 0.0169072840363, 0.0113590760157, 0.00268686003983], "var": [0.00810852833092, 0.14032164216, 10.3625555038, 78.3619537354, 1425.1583252, 1433.37890625, 750.675537109, 937.135070801, 1265.58337402, 1578.64990234, 4721.54443359, 2734.06982422, 3657.92724609, 6906.50683594, 2686.69360352, 2306.65429688, 1371.3729248, 1895.29455566, 775.553588867, 283.07598877, 131.281082153, 68.5493927002, 617.245239258, 142.982421875, 156.423492432, 111.564102173, 9.43099784851, 136.397766113, 27.2100505829, 1.62284255028, 1.5615837574, 0.0706637650728, 0.0367787778378, 0.00174817023799, 0.000538661552127, 0.00066893955227, 0.00114452105481, 0.00211303355172, 0.00109762640204, 9.42147962633e-05], "dvar": [0.0029634993989, 0.0619168393314, 5.84194850922, 43.1772956848, 524.752990723, 568.075500488, 234.844406128, 406.00289917, 558.127563477, 714.405151367, 2282.67114258, 953.716430664, 1238.29626465, 2964.77880859, 1157.50830078, 1197.28710938, 606.2109375, 784.496459961, 218.189666748, 102.573402405, 66.4527893066, 56.4537200928, 376.113616943, 105.56362915, 123.02709198, 104.378890991, 7.30317163467, 63.14220047, 18.4933815002, 0.99827849865, 1.17957139015, 0.0750373378396, 0.037039026618, 0.00150866305921, 0.000451510364655, 0.000524190138094, 0.00113467709161, 0.0014768326655, 0.000694857910275, 2.26647825912e-05], "mean": [0.0549525804818, 0.311814337969, 2.48415136337, 6.61170339584, 22.6057682037, 25.5547370911, 17.5122871399, 19.7450027466, 24.3282909393, 24.3977622986, 34.9454994202, 30.4950790405, 28.8458747864, 49.057094574, 32.7601089478, 33.4798660278, 23.8561248779, 25.3500766754, 17.7164134979, 12.8996238708, 8.65754508972, 5.54402256012, 7.84108924866, 4.40828800201, 4.37479162216, 3.95127916336, 1.60597145557, 3.10124802589, 1.70527362823, 0.523886442184, 0.402948766947, 0.112811803818, 0.0456901974976, 0.020448571071, 0.0123380124569, 0.010253995657, 0.0148208430037, 0.0217096377164, 0.0165976155549, 0.00990948267281]}, "zerocrossingrate": {"min": 0.00390625, "max": 0.59716796875, "dvar2": 0.00110471679363, "median": 0.22412109375, "dmean2": 0.0406246222556, "dmean": 0.0321497544646, "var": 0.00488018197939, "dvar": 0.000685895327479, "mean": 0.228565052152}, "spectral_contrast_coeffs": {"min": [-0.97980260849, -0.993831455708, -0.992691278458, -0.986126303673, -0.987191736698, -0.964952528477], "max": [-0.268329113722, -0.415639698505, -0.527518749237, -0.613051533699, -0.60936999321, -0.483062773943], "dvar2": [0.00507478090003, 0.00402282457799, 0.00251885410398, 0.00137068692129, 0.000948281027377, 0.00407365243882], "median": [-0.588284015656, -0.756888389587, -0.783370733261, -0.800186812878, -0.817219555378, -0.767624616623], "dmean2": [0.0895016789436, 0.0804919376969, 0.0649549514055, 0.046948146075, 0.0373402535915, 0.0720973163843], "dmean": [0.0544978864491, 0.0490515828133, 0.0394849292934, 0.029026241973, 0.0230616442859, 0.0463557876647], "var": [0.0109416265041, 0.00484800711274, 0.00376922963187, 0.00254460307769, 0.0018904209137, 0.00634563155472], "dvar": [0.00189025851432, 0.00145336124115, 0.000952289614361, 0.000537559390068, 0.00038339337334, 0.00177401886322], "mean": [-0.59687513113, -0.754861056805, -0.781056642532, -0.799568116665, -0.819090127945, -0.75857424736]}, "dissonance": {"min": 0.174233049154, "max": 0.5, "dvar2": 0.00186495517846, "median": 0.457156360149, "dmean2": 0.046567235142, "dmean": 0.0274804197252, "var": 0.00129530671984, "dvar": 0.000676067953464, "mean": 0.449537396431}, "spectral_energyband_high": {"min": 6.99179986536e-21, "max": 0.0104719279334, "dvar2": 3.88956095776e-07, "median": 0.000125093356473, "dmean2": 0.000307069683913, "dmean": 0.000201833783649, "var": 3.43113441659e-07, "dvar": 1.82230650125e-07, "mean": 0.000318225967931}, "gfcc": {"mean": [-47.5172653198, 118.354179382, -92.7245864868, -14.3030338287, -21.4593429565, -22.3409061432, -4.96210193634, -26.6205158234, -9.12199115753, -13.6800003052, -10.1111841202, -6.17328166962, -7.18881320953], "icov": [[0.000121847180708, -0.000363864906831, 0.000716338807251, -0.000515829015058, 0.000518004293554, -0.000387064850656, 0.000335055548931, 4.09492640756e-05, 0.000196448265342, -5.93973818468e-05, 0.000284324079985, -8.82457970874e-05, 0.000353742769221], [-0.000363864906831, 0.00339057482779, -0.00333045516163, 0.00301445927471, -0.00270405737683, 0.00170545314904, -0.0012789851753, 0.0015345584834, -0.00193745468277, 0.00211322004907, -0.00265627424233, 0.00258530117571, -0.00260032503866], [0.000716338807251, -0.00333045516163, 0.009845235385, -0.00754125230014, 0.00435500731692, -0.00540902232751, 0.00371970213018, -0.00141437293496, 0.00164760416374, -0.00148044794332, 0.00109287456144, -0.000603355409112, 0.00117210380267], [-0.000515829015058, 0.00301445927471, -0.00754125230014, 0.011056618765, -0.00634354911745, 0.00472299428657, -0.00320851826109, -0.000683817896061, 0.00177047704346, -0.00292700598948, 0.00458959350362, -0.00475646508858, 0.00329215428792], [0.000518004293554, -0.00270405737683, 0.00435500731692, -0.00634354911745, 0.0130210742354, -0.00538632087409, 0.000169531194842, 0.00326305255294, -0.0047912215814, 0.00600245036185, -0.00656990194693, 0.00774991558865, -0.00422282377258], [-0.000387064850656, 0.00170545314904, -0.00540902232751, 0.00472299428657, -0.00538632087409, 0.0106322225183, -0.00112355966121, -0.00376621587202, 0.00357226748019, -0.00385136762634, 0.00350014306605, -0.00316243502311, 0.00021826835291], [0.000335055548931, -0.0012789851753, 0.00371970213018, -0.00320851826109, 0.000169531194842, -0.00112355966121, 0.00897458475083, -0.000282251072349, -0.00226845196448, 0.000921562663279, 0.00246991822496, -0.00409412942827, 0.00219595758244], [4.09492640756e-05, 0.0015345584834, -0.00141437293496, -0.000683817896061, 0.00326305255294, -0.00376621587202, -0.000282251072349, 0.0125693948939, -0.00593690248206, 0.00479654315859, -0.00762804737315, 0.00846006534994, -0.00675091100857], [0.000196448265342, -0.00193745468277, 0.00164760416374, 0.00177047704346, -0.0047912215814, 0.00357226748019, -0.00226845196448, -0.00593690248206, 0.0217757765204, -0.0145729938522, 0.010419706814, -0.0107288099825, 0.00906222127378], [-5.93973818468e-05, 0.00211322004907, -0.00148044794332, -0.00292700598948, 0.00600245036185, -0.00385136762634, 0.000921562663279, 0.00479654315859, -0.0145729938522, 0.0285332910717, -0.0194468479604, 0.0125545021147, -0.00638526538387], [0.000284324079985, -0.00265627424233, 0.00109287456144, 0.00458959350362, -0.00656990194693, 0.00350014306605, 0.00246991822496, -0.00762804737315, 0.010419706814, -0.0194468479604, 0.0302264988422, -0.0202103611082, 0.0080438926816], [-8.82457970874e-05, 0.00258530117571, -0.000603355409112, -0.00475646508858, 0.00774991558865, -0.00316243502311, -0.00409412942827, 0.00846006534994, -0.0107288099825, 0.0125545021147, -0.0202103611082, 0.0315280072391, -0.0128182917833], [0.000353742769221, -0.00260032503866, 0.00117210380267, 0.00329215428792, -0.00422282377258, 0.00021826835291, 0.00219595758244, -0.00675091100857, 0.00906222127378, -0.00638526538387, 0.0080438926816, -0.0128182917833, 0.0227542445064]], "cov": [[21867.4160156, 795.387817383, -1595.90380859, -246.904800415, -453.17401123, -494.322235107, -73.857963562, -686.120056152, -160.762466431, -372.434112549, -460.028167725, -197.87461853, -396.256103516], [795.387817383, 817.605651855, -17.819984436, -184.548690796, 151.999938965, -16.1199989319, -25.6127204895, -46.0793228149, 4.31637144089, -36.1773147583, 39.2947463989, -53.4193725586, 69.9973297119], [-1595.90380859, -17.819984436, 507.065734863, 189.091720581, 12.8748836517, 181.301940918, -86.5529632568, 118.815574646, -32.1686897278, 55.15467453, 25.9010181427, 5.32582616806, 35.6832237244], [-246.904800415, -184.548690796, 189.091720581, 328.085235596, 18.8034572601, 5.56722640991, 60.668674469, -7.90086221695, 11.6045789719, 6.62528085709, -42.1403198242, 26.6072788239, -52.0997505188], [-453.17401123, 151.999938965, 12.8748836517, 18.8034572601, 182.332183838, 30.0008907318, 27.8536720276, -5.35678815842, 18.3161621094, -10.9335794449, 15.7619218826, -16.525592804, 25.0601787567], [-494.322235107, -16.1199989319, 181.301940918, 5.56722640991, 30.0008907318, 223.589248657, -56.2699775696, 95.0502090454, -32.0381088257, 28.8593711853, 19.0766773224, -5.99659442902, 43.4879379272], [-73.857963562, -25.6127204895, -86.5529632568, 60.668674469, 27.8536720276, -56.2699775696, 203.627487183, -44.0285415649, 51.9578208923, -20.0469455719, -23.0136203766, 32.7066650391, -32.8615150452], [-686.120056152, -46.0793228149, 118.815574646, -7.90086221695, -5.35678815842, 95.0502090454, -44.0285415649, 168.729415894, 0.510668635368, 33.7177505493, 37.3637199402, -8.60280609131, 44.0303039551], [-160.762466431, 4.31637144089, -32.1686897278, 11.6045789719, 18.3161621094, -32.0381088257, 51.9578208923, 0.510668635368, 99.8318252563, 33.9903678894, 9.34561443329, 16.5517024994, -22.3865280151], [-372.434112549, -36.1773147583, 55.15467453, 6.62528085709, -10.9335794449, 28.8593711853, -20.0469455719, 33.7177505493, 33.9903678894, 93.8081130981, 55.6303482056, 10.4171676636, 6.47790956497], [-460.028167725, 39.2947463989, 25.9010181427, -42.1403198242, 15.7619218826, 19.0766773224, -23.0136203766, 37.3637199402, 9.34561443329, 55.6303482056, 108.400993347, 35.8218994141, 26.2012062073], [-197.87461853, -53.4193725586, 5.32582616806, 26.6072788239, -16.525592804, -5.99659442902, 32.7066650391, -8.60280609131, 16.5517024994, 10.4171676636, 35.8218994141, 79.1621322632, 12.392115593], [-396.256103516, 69.9973297119, 35.6832237244, -52.0997505188, 25.0601787567, 43.4879379272, -32.8615150452, 44.0303039551, -22.3865280151, 6.47790956497, 26.2012062073, 12.392115593, 92.7275466919]]}, "spectral_flux": {"min": 6.42508754534e-11, "max": 0.258138954639, "dvar2": 0.000687482359353, "median": 0.0847307518125, "dmean2": 0.0260834917426, "dmean": 0.0160730872303, "var": 0.00184435758274, "dvar": 0.0002611411619, "mean": 0.0818636342883}, "silence_rate_30dB": {"min": 0, "max": 1, "dvar2": 0.00976242311299, "median": 1, "dmean2": 0.00809248536825, "dmean": 0.00404585292563, "var": 0.00564986420795, "dvar": 0.00402898620814, "mean": 0.994317114353}, "spectral_energyband_middle_high": {"min": 1.06401770942e-21, "max": 0.0459577701986, "dvar2": 1.04508035292e-05, "median": 0.00323158921674, "dmean2": 0.00223397719674, "dmean": 0.0014493316412, "var": 2.20325255214e-05, "dvar": 4.34025105278e-06, "mean": 0.00455911597237}, "barkbands_spread": {"min": 0.9855697155, "max": 106.722068787, "dvar2": 66.1951293945, "median": 13.8727989197, "dmean2": 7.00310611725, "dmean": 4.52167510986, "var": 80.0609283447, "dvar": 28.9863605499, "mean": 15.5454177856}, "spectral_centroid": {"min": 168.603240967, "max": 11660.8984375, "dvar2": 121832.976562, "median": 652.106018066, "dmean2": 270.048400879, "dmean": 174.619247437, "var": 1089069, "dvar": 57404.578125, "mean": 825.54284668}, "pitch_salience": {"min": 0.0748349055648, "max": 0.996080040932, "dvar2": 0.00783128477633, "median": 0.596390247345, "dmean2": 0.106730863452, "dmean": 0.0657728165388, "var": 0.0109295099974, "dvar": 0.00294639216736, "mean": 0.587098538876}, "erbbands_skewness": {"min": -4.3894701004, "max": 6.65116024017, "dvar2": 0.240333110094, "median": 0.374094486237, "dmean2": 0.554093658924, "dmean": 0.359772026539, "var": 0.439810603857, "dvar": 0.103462994099, "mean": 0.40921330452}, "erbbands_crest": {"min": 2.53805112839, "max": 31.9922180176, "dvar2": 13.7909460068, "median": 8.02997207642, "dmean2": 4.19700431824, "dmean": 2.58086895943, "var": 18.398317337, "dvar": 5.44914865494, "mean": 9.18171977997}, "melbands": {"min": [9.99097661274e-25, 6.06109246398e-25, 1.03911509588e-24, 1.65937266122e-24, 1.76466567333e-24, 1.55456420692e-24, 2.26494291841e-24, 2.22994017397e-24, 2.49573620636e-24, 1.88136383919e-24, 2.54369421623e-24, 2.64187308348e-24, 2.48788704035e-24, 1.20033509212e-24, 2.10129845678e-24, 3.31420621679e-24, 3.25831699938e-24, 2.73139518837e-24, 3.07419370866e-24, 3.32855677995e-24, 3.20875740466e-24, 2.89177849901e-24, 3.52574005739e-24, 3.51532314914e-24, 3.0720726589e-24, 4.71351372289e-24, 5.45600183422e-24, 4.28492874852e-24, 4.65036580185e-24, 4.43640069195e-24, 5.72775416088e-24, 5.23990206671e-24, 5.7337163716e-24, 5.07220364889e-24, 5.99681962729e-24, 5.15692336581e-24, 5.09985243476e-24, 4.98560447087e-24, 5.47258487374e-24, 5.47857785004e-24], "max": [0.00847140420228, 0.0137873189524, 0.0315588489175, 0.0311819259077, 0.0122804045677, 0.0116948941723, 0.00606554141268, 0.00719605479389, 0.0146342432126, 0.00417368253693, 0.00886122882366, 0.00636912928894, 0.00390906911343, 0.00252899504267, 0.00173580646515, 0.00209529674612, 0.00169224513229, 0.000847866525874, 0.000808074313682, 0.000410673033912, 0.000199953079573, 0.000288860959699, 0.00018256099429, 0.00140535505489, 0.000195534928935, 0.000118353498692, 0.000341378123267, 0.000297339691315, 7.85195661592e-05, 7.18854644219e-05, 0.000190036094864, 6.87354331603e-05, 3.90781679016e-05, 2.88710725727e-05, 2.95125864795e-05, 1.45719159264e-05, 1.15353816454e-06, 8.7382077254e-06, 7.79108268034e-06, 4.02076523187e-07], "dvar2": [3.34852302331e-07, 2.39613245867e-06, 4.66061737825e-06, 6.69318023938e-06, 7.34940613256e-07, 4.56472832866e-07, 3.2807170669e-07, 2.17345188958e-07, 3.17999990784e-07, 8.32236395354e-08, 7.33606881909e-08, 1.18560897988e-07, 3.16811323842e-08, 2.6578975465e-08, 1.31357742461e-08, 5.82651660253e-09, 7.55374340855e-09, 1.35962940906e-09, 1.05455266741e-09, 5.3589471749e-10, 2.21239818132e-10, 1.90472193573e-10, 1.54330589974e-10, 2.32352359575e-09, 1.03500992499e-10, 7.1382788569e-11, 2.55814175398e-10, 1.74388656293e-10, 1.28809827388e-11, 6.95934022216e-12, 5.09198516685e-11, 1.36558334085e-11, 3.50326755452e-12, 1.69143518636e-12, 1.96670913062e-12, 8.54691968241e-13, 1.03982086477e-14, 3.49499075514e-14, 2.61445358906e-14, 1.87476173908e-15], "median": [0.000198698922759, 0.000575308105908, 0.000823246315122, 0.00088676426094, 0.000340644008247, 0.000222579736146, 0.000182295494596, 0.000112266483484, 0.000102383433841, 6.82832906023e-05, 5.88545226492e-05, 8.29869532026e-05, 5.24753049831e-05, 5.21743204445e-05, 2.83772897092e-05, 2.02629707928e-05, 2.0031204258e-05, 1.44411897054e-05, 1.13868645713e-05, 8.00827729108e-06, 4.68774715046e-06, 3.2928978726e-06, 2.28229009736e-06, 1.91353638002e-06, 1.03042088995e-06, 9.18699015529e-07, 7.53061385694e-07, 5.49142441741e-07, 3.97727660584e-07, 2.60332797097e-07, 2.92965466997e-07, 1.96335804503e-07, 1.09673031545e-07, 6.23859648385e-08, 4.45424888085e-08, 2.75521792048e-08, 1.09433671014e-08, 6.9416312698e-09, 5.77266590085e-09, 4.76516248682e-09], "dmean2": [0.000373504444724, 0.00102870201226, 0.00141381809954, 0.00167295604479, 0.000538877793588, 0.000385436054785, 0.000339337537298, 0.000257996493019, 0.000276706938166, 0.00015853298828, 0.00012204972154, 0.000189607890206, 9.63688726188e-05, 9.86565937637e-05, 5.87420436204e-05, 4.01584984502e-05, 4.42701784777e-05, 2.23592232942e-05, 1.79155704245e-05, 1.29937661768e-05, 8.09388529888e-06, 5.45469720237e-06, 4.59016655441e-06, 1.24715770653e-05, 3.00470128423e-06, 2.82384189632e-06, 4.61236459159e-06, 4.20774495069e-06, 1.41327120673e-06, 1.05802689632e-06, 2.42045553023e-06, 1.3429196315e-06, 6.03163869073e-07, 4.23718717002e-07, 4.30522305805e-07, 2.63019217073e-07, 5.44531104651e-08, 4.91617875298e-08, 3.88110557026e-08, 2.46055247288e-08], "dmean": [0.000242253605393, 0.000615076511167, 0.000865037378389, 0.00106954178773, 0.000355252210284, 0.000245917326538, 0.000213045437704, 0.000162275784533, 0.000172221582034, 9.99788826448e-05, 7.72819548729e-05, 0.000117808609502, 6.02176405664e-05, 6.10314236837e-05, 3.66136082448e-05, 2.53505713772e-05, 2.81540087599e-05, 1.39832882269e-05, 1.12308453026e-05, 8.05555464467e-06, 4.97773680763e-06, 3.37815185958e-06, 2.83231725007e-06, 7.90157992014e-06, 1.85946066722e-06, 1.78010736818e-06, 2.92140543934e-06, 2.55284112427e-06, 8.75726698268e-07, 6.92907121902e-07, 1.56516546213e-06, 8.38599703457e-07, 3.80807080091e-07, 2.71293714604e-07, 2.72922790145e-07, 1.59496465812e-07, 3.30917551139e-08, 2.9913358901e-08, 2.34533494847e-08, 1.49057601817e-08], "var": [4.48639127626e-07, 1.54338920311e-06, 4.12870076616e-06, 8.0445624917e-06, 9.69216102931e-07, 4.62693918735e-07, 2.86235632529e-07, 1.94811050847e-07, 3.02420744447e-07, 9.50248875142e-08, 9.41303568425e-08, 1.1354956797e-07, 3.0224306613e-08, 2.26750866972e-08, 1.02131956226e-08, 5.71678038241e-09, 7.98452948203e-09, 1.69679681417e-09, 1.40078593169e-09, 4.98324825848e-10, 1.50919637898e-10, 9.01495197936e-11, 6.62062279999e-11, 1.68507907627e-09, 3.68294734987e-11, 3.01825370252e-11, 1.31991223506e-10, 6.83527748291e-11, 5.82930492071e-12, 7.54055325125e-12, 5.12774406269e-11, 7.635827734e-12, 2.15108464895e-12, 1.05147585517e-12, 1.14836178761e-12, 2.57471669853e-13, 4.80238585511e-15, 1.38335252541e-14, 1.01183769141e-14, 8.99387418449e-16], "dvar": [1.50696024548e-07, 8.54295819863e-07, 1.79502455921e-06, 2.78020684163e-06, 3.2121712934e-07, 1.85996555047e-07, 1.2853520559e-07, 9.14896958193e-08, 1.37801720257e-07, 3.50486999423e-08, 3.21161088834e-08, 4.97769150343e-08, 1.29240600444e-08, 1.05920570093e-08, 5.16702813869e-09, 2.51205500845e-09, 3.38206218586e-09, 5.59989499216e-10, 4.40296493709e-10, 2.17287091098e-10, 8.48446174428e-11, 7.14122441736e-11, 5.7912660778e-11, 1.01131136798e-09, 3.8629575233e-11, 2.78214534744e-11, 1.05046596421e-10, 6.9777891798e-11, 5.27593723917e-12, 3.39985830287e-12, 2.44584560938e-11, 5.79470412626e-12, 1.5328672576e-12, 7.36867435559e-13, 8.46559042485e-13, 3.27018522938e-13, 4.19378378867e-15, 1.37524811417e-14, 1.02299565642e-14, 7.6732328233e-16], "mean": [0.000461298390292, 0.000999521347694, 0.00154647708405, 0.00193761452101, 0.0006877949927, 0.000451079627965, 0.00037051475374, 0.000270817312412, 0.000284234294668, 0.000179666734766, 0.000139626368764, 0.000197883084184, 0.000108947599074, 0.000103744459921, 6.38380661258e-05, 4.48594983027e-05, 4.83594667458e-05, 2.67207651632e-05, 2.18629538722e-05, 1.50454861796e-05, 8.86132147571e-06, 5.90365152675e-06, 4.56207226307e-06, 9.54467850534e-06, 2.64764139501e-06, 2.39149562731e-06, 3.41199802278e-06, 2.745640586e-06, 1.12116322271e-06, 9.51212427935e-07, 1.90487639884e-06, 9.56440544542e-07, 4.56865080878e-07, 3.05927414956e-07, 2.87511198849e-07, 1.49349190792e-07, 3.57908653825e-08, 3.08628074208e-08, 2.3926970627e-08, 1.54312331802e-08]}, "spectral_entropy": {"min": 5.40749311447, "max": 9.81963825226, "dvar2": 0.07934538275, "median": 7.11928367615, "dmean2": 0.319361776114, "dmean": 0.211028143764, "var": 0.215976193547, "dvar": 0.0348015539348, "mean": 7.12033462524}, "spectral_rolloff": {"min": 21.533203125, "max": 22028.4667969, "dvar2": 152432112, "median": 1851.85546875, "dmean2": 10517.3564453, "dmean": 5465.93505859, "var": 85546608, "dvar": 65829860, "mean": 8018.11376953}, "barkbands": {"min": [3.35199620403e-25, 2.02864693121e-24, 1.09198139831e-24, 2.11035635491e-24, 1.28532412615e-23, 6.97250172753e-24, 1.1290038436e-23, 1.03127202382e-23, 1.44634523083e-23, 1.98388152031e-23, 5.53720402036e-24, 9.89232679552e-24, 1.98511103891e-23, 3.50730177479e-23, 4.22501941705e-23, 4.61043350506e-23, 4.98842630521e-23, 7.78584698199e-23, 1.16316379272e-22, 1.46323120871e-22, 2.05478386515e-22, 2.7564034438e-22, 4.03908445993e-22, 4.39495842072e-22, 7.98834227521e-22, 1.32482809987e-21, 1.93089824559e-21], "max": [0.0301852747798, 0.0191680192947, 0.0455783382058, 0.0461367554963, 0.127887770534, 0.0505971759558, 0.0332230553031, 0.0810586512089, 0.0279737804085, 0.0486325584352, 0.0277885179967, 0.0186893437058, 0.0172356665134, 0.013499644585, 0.0124745778739, 0.00388432643376, 0.00378979207017, 0.017391409725, 0.00262465933338, 0.00685937236995, 0.00484181009233, 0.00225171307102, 0.00139816559386, 0.000520960660651, 4.37388371211e-05, 0.000369908957509, 0.00664791604504], "dvar2": [9.21044829738e-07, 3.08180233333e-06, 2.81540724245e-05, 1.95821667148e-05, 0.000101747711597, 1.07388759716e-05, 7.92583159637e-06, 9.24478990783e-06, 4.27127770308e-06, 4.3530271796e-06, 2.49124877882e-06, 1.88085152786e-06, 7.24609719782e-07, 5.55657436507e-07, 2.02866914378e-07, 7.66572512134e-08, 5.62130288984e-08, 3.9711508748e-07, 4.54806823313e-08, 1.37641734455e-07, 3.14739239116e-08, 1.47296645991e-08, 5.29258592508e-09, 1.44172659922e-10, 2.21123327981e-11, 9.35739374874e-10, 9.10036774826e-08], "median": [0.00017080566613, 0.000726378755644, 0.00137456704397, 0.00109264312778, 0.0042964448221, 0.00113963684998, 0.000803637492936, 0.000499303452671, 0.000464790791739, 0.000513707171194, 0.000333318603225, 0.000404595339205, 0.000206696015084, 0.000192001854884, 0.000163338147104, 9.37382283155e-05, 6.01926258241e-05, 3.91008288716e-05, 2.4811930416e-05, 1.95883385459e-05, 1.32932036649e-05, 8.02167323855e-06, 2.8920319437e-06, 8.14253610315e-07, 5.34038122169e-07, 2.220767783e-06, 0.0001654853113], "dmean2": [0.000569056661334, 0.00125163677149, 0.00322160543874, 0.00271902466193, 0.00679242843762, 0.00189890782349, 0.00160316145048, 0.00152901280671, 0.00111562525854, 0.00114376796409, 0.000829294673167, 0.000799761561211, 0.000455789762782, 0.000394029106246, 0.000262878544163, 0.000156082809553, 9.81220728136e-05, 0.000178779664566, 7.14289708412e-05, 0.000125461971038, 6.29371934338e-05, 4.58351059933e-05, 2.51891869993e-05, 4.25335292675e-06, 2.6783748126e-06, 1.22602405099e-05, 0.000165109930094], "dmean": [0.000350230780896, 0.000789930694737, 0.00189695914742, 0.00167374743614, 0.00437344703823, 0.00121643033344, 0.00100975926034, 0.000952888571192, 0.000701857847162, 0.000717381481081, 0.000517765351105, 0.000493163010105, 0.000284447974991, 0.000250717974268, 0.000163820543094, 9.64679129538e-05, 6.03287844569e-05, 0.000113711226732, 4.47266611445e-05, 7.91848215158e-05, 4.12300723838e-05, 2.88193605229e-05, 1.59126720973e-05, 2.60403135144e-06, 1.62459980402e-06, 7.69977850723e-06, 0.000109608081402], "var": [1.07800303795e-06, 3.563536211e-06, 1.45984031406e-05, 1.42205435623e-05, 0.000128060128191, 1.24408625197e-05, 6.72723899697e-06, 7.67584788264e-06, 4.99557563671e-06, 4.81158940602e-06, 2.45378191721e-06, 1.48605420236e-06, 6.10079837315e-07, 6.07326796853e-07, 2.97232531921e-07, 6.20375359972e-08, 2.69931348384e-08, 2.8048023637e-07, 1.72272116572e-08, 6.73742732715e-08, 3.31873302173e-08, 8.40731040341e-09, 3.01296365635e-09, 6.15644549229e-11, 1.06650036025e-11, 4.19673185093e-10, 1.04999386963e-07], "dvar": [4.20299443249e-07, 1.29630927859e-06, 9.67493542703e-06, 7.57029874876e-06, 4.24675999966e-05, 4.43455655841e-06, 3.2041070881e-06, 3.93888967665e-06, 1.8494864662e-06, 1.83262193332e-06, 1.03328875412e-06, 7.36643755772e-07, 2.93505479476e-07, 2.53294132335e-07, 8.42200620355e-08, 2.98048092873e-08, 2.10116191113e-08, 1.71902783563e-07, 1.73292971084e-08, 5.67917766148e-08, 1.52699222156e-08, 6.27284624244e-09, 2.26764407252e-09, 5.72119955577e-11, 9.05083126501e-12, 3.77934877838e-10, 4.15345411398e-08], "mean": [0.00053863885114, 0.00144772662316, 0.00272326800041, 0.00249319430441, 0.00828499626368, 0.00229844846763, 0.00169456237927, 0.0014428012073, 0.00125727406703, 0.00123868999071, 0.000865276553668, 0.000833198369946, 0.000481138762552, 0.00044128234731, 0.000318521488225, 0.000176018482307, 0.000106444698758, 0.000148414997966, 6.17691475782e-05, 9.27377623157e-05, 5.491340562e-05, 3.41207705787e-05, 1.69950926647e-05, 2.85499140773e-06, 1.69598092725e-06, 8.70142321219e-06, 0.000255512335571]}, "melbands_flatness_db": {"min": -1.29429722051e-07, "max": 0.49292755127, "dvar2": 0.00156030117068, "median": 0.263031184673, "dmean2": 0.0474992021918, "dmean": 0.0309165641665, "var": 0.00402820901945, "dvar": 0.000666601932608, "mean": 0.264585405588}, "melbands_skewness": {"min": -2.65217733383, "max": 15.5546131134, "dvar2": 0.798455119133, "median": 2.01264953613, "dmean2": 0.969699025154, "dmean": 0.621698021889, "var": 1.5952693224, "dvar": 0.331158906221, "mean": 2.18065023422}, "barkbands_skewness": {"min": -3.6457157135, "max": 13.9413127899, "dvar2": 0.680255293846, "median": 2.01399421692, "dmean2": 0.876528561115, "dmean": 0.56027930975, "var": 1.20653319359, "dvar": 0.285853236914, "mean": 2.12511062622}, "silence_rate_60dB": {"min": 0, "max": 1, "dvar2": 0.0414850115776, "median": 0, "dmean2": 0.0385356470942, "dmean": 0.0192659664899, "var": 0.110978245735, "dvar": 0.0188932884485, "mean": 0.127143129706}, "spectral_energyband_low": {"min": 7.8738731305e-24, "max": 0.0716036185622, "dvar2": 5.09689089085e-05, "median": 0.00386456935667, "dmean2": 0.0049012969248, "dmean": 0.00298580573872, "var": 3.85552084481e-05, "dvar": 1.85428616533e-05, "mean": 0.0057744756341}, "spectral_energyband_middle_low": {"min": 1.64433877886e-22, "max": 0.188976243138, "dvar2": 0.00015928625362, "median": 0.0135660115629, "dmean2": 0.00961168389767, "dmean": 0.00628632493317, "var": 0.00029089563759, "dvar": 6.57964046695e-05, "mean": 0.0177941694856}, "melbands_kurtosis": {"min": -1.76438963413, "max": 310.005493164, "dvar2": 157.496536255, "median": 5.54447555542, "dmean2": 7.74933862686, "dmean": 4.9139790535, "var": 176.930389404, "dvar": 63.2177276611, "mean": 9.30409526825}, "spectral_decrease": {"min": -5.05440880261e-08, "max": 1.09794651149e-09, "dvar2": 1.3525812531e-17, "median": -4.92424678811e-09, "dmean2": 2.97400171156e-09, "dmean": 1.92803573107e-09, "var": 2.52339982363e-17, "dvar": 5.46942822522e-18, "mean": -5.85975712397e-09}, "erbbands_kurtosis": {"min": -1.79149901867, "max": 69.5871200562, "dvar2": 5.0332493782, "median": 0.0525126457214, "dmean2": 1.51792359352, "dmean": 0.961307585239, "var": 7.05275058746, "dvar": 2.28039240837, "mean": 0.597925186157}, "melbands_crest": {"min": 1.00070214272, "max": 36.9836807251, "dvar2": 19.3617744446, "median": 12.8480367661, "dmean2": 5.15165948868, "dmean": 3.17365550995, "var": 23.0377120972, "dvar": 7.37412405014, "mean": 13.3956279755}, "melbands_spread": {"min": 0.621524393559, "max": 155.225326538, "dvar2": 53.6236572266, "median": 12.6400756836, "dmean2": 6.33493280411, "dmean": 4.01068639755, "var": 189.945709229, "dvar": 22.3870372772, "mean": 14.8444318771}, "spectral_energy": {"min": 1.00108580438e-20, "max": 0.217612504959, "dvar2": 0.000197895846213, "median": 0.0281824246049, "dmean2": 0.011596377939, "dmean": 0.007636370603, "var": 0.000595118559431, "dvar": 8.17003092379e-05, "mean": 0.0310401692986}, "mfcc": {"mean": [-706.167907715, 181.130569458, -14.6434412003, 21.7111988068, -7.39119148254, 13.3092746735, -2.59824538231, 0.546157121658, -3.33980774879, -3.59345126152, -4.44000148773, -4.98451519012, -2.27237582207], "icov": [[0.000180362912943, -0.000166518118931, 0.000191246057511, -5.13322884217e-05, 0.000277804530924, -0.000194763328182, 0.000317269063089, -8.00366469775e-05, 0.000266087416094, -0.000124046840938, 0.000253197242273, -8.13536098576e-05, 0.000436398811871], [-0.000166518118931, 0.00116751715541, 0.000285318441456, 0.000143852710607, -0.000835627375636, -7.61044939281e-05, -0.000413701083744, 0.000497584522236, -0.000525051029399, 0.000761519302614, -0.000452499545645, 0.000644926796667, -0.000834677019157], [0.000191246057511, 0.000285318441456, 0.00301421410404, -0.000471616862342, -0.00145710085053, -0.000223238443141, -0.00037604017416, -4.32251254097e-05, 5.14172779731e-06, -0.000314342818456, 0.000485818425659, -0.000735786918085, 0.000166570593137], [-5.13322884217e-05, 0.000143852710607, -0.000471616862342, 0.00415106210858, 0.000693616631906, -0.00201766216196, 0.00092906714417, -0.000782981689554, 0.000204821888474, -0.000806960975751, 0.000581729691476, 7.60628754506e-05, -0.00037038337905], [0.000277804530924, -0.000835627375636, -0.00145710085053, 0.000693616631906, 0.00654359115288, -0.00021439527336, -0.00187422358431, 0.00144862721208, -0.000581601867452, -0.000576070684474, 0.000242386187892, -0.00035278237192, 0.000560297863558], [-0.000194763328182, -7.61044939281e-05, -0.000223238443141, -0.00201766216196, -0.00021439527336, 0.00812977086753, -0.000781021546572, -0.00158959988039, 0.000221255832002, 0.000118346732052, -0.000981559162028, 0.00141340028495, -0.000426855141995], [0.000317269063089, -0.000413701083744, -0.00037604017416, 0.00092906714417, -0.00187422358431, -0.000781021546572, 0.0117309093475, -0.00275574834086, -0.0013607252622, 0.00104216451291, 0.001412674319, -0.00174298323691, 0.000949348148424], [-8.00366469775e-05, 0.000497584522236, -4.32251254097e-05, -0.000782981689554, 0.00144862721208, -0.00158959988039, -0.00275574834086, 0.0133374659345, -0.00343768182211, -0.00112862628885, 0.00125096400734, 0.000627635337878, -0.000910265371203], [0.000266087416094, -0.000525051029399, 5.14172779731e-06, 0.000204821888474, -0.000581601867452, 0.000221255832002, -0.0013607252622, -0.00343768182211, 0.0145196933299, -0.00390242785215, 0.000393836467993, 0.00113829586189, 0.00202842964791], [-0.000124046840938, 0.000761519302614, -0.000314342818456, -0.000806960975751, -0.000576070684474, 0.000118346732052, 0.00104216451291, -0.00112862628885, -0.00390242785215, 0.0167311709374, -0.00588336540386, 0.00142267928459, -0.00117939524353], [0.000253197242273, -0.000452499545645, 0.000485818425659, 0.000581729691476, 0.000242386187892, -0.000981559162028, 0.001412674319, 0.00125096400734, 0.000393836467993, -0.00588336540386, 0.0191193278879, -0.00870008114725, 0.00233444361947], [-8.13536098576e-05, 0.000644926796667, -0.000735786918085, 7.60628754506e-05, -0.00035278237192, 0.00141340028495, -0.00174298323691, 0.000627635337878, 0.00113829586189, 0.00142267928459, -0.00870008114725, 0.0234082397074, -0.0100985458121], [0.000436398811871, -0.000834677019157, 0.000166570593137, -0.00037038337905, 0.000560297863558, -0.000426855141995, 0.000949348148424, -0.000910265371203, 0.00202842964791, -0.00117939524353, 0.00233444361947, -0.0100985458121, 0.0207079779357]], "cov": [[10851.8203125, 961.503295898, -1155.17590332, 339.508483887, -766.001953125, 279.592956543, -440.455963135, 20.928150177, -208.322509766, -59.0136108398, -131.101165771, -207.732498169, -196.448913574], [961.503295898, 1197.10949707, -146.458847046, -81.7490310669, 100.925323486, 10.2720985413, 25.5622463226, -48.4652862549, 8.9550151825, -53.3151359558, -7.42586231232, -27.5019569397, 5.3956079483], [-1155.17590332, -146.458847046, 518.037353516, 4.85550355911, 169.211196899, -5.9343547821, 74.3901672363, 5.01380062103, 29.8068466187, 17.9763088226, 8.05735206604, 33.7318916321, 20.1156196594], [339.508483887, -81.7490310669, 4.85550355911, 326.073028564, -73.4129714966, 90.9071731567, -37.8869438171, 36.7807044983, -6.23094844818, 19.7836151123, -10.0204124451, -12.8683996201, -0.851592481136], [-766.001953125, 100.925323486, 169.211196899, -73.4129714966, 272.184204102, -23.1282424927, 76.3798141479, -21.9117546082, 29.26836586, 1.65340924263, 8.4263381958, 17.9154758453, 10.2445201874], [279.592956543, 10.2720985413, -5.9343547821, 90.9071731567, -23.1282424927, 158.700256348, -2.72093749046, 28.8332023621, 0.700551986694, 5.88210201263, -3.53547382355, -14.5361881256, -4.93897294998], [-440.455963135, 25.5622463226, 74.3901672363, -37.8869438171, 76.3798141479, -2.72093749046, 124.707542419, 18.0972690582, 26.0736656189, -4.5376534462, -3.80039858818, 9.83842468262, 4.40591716766], [20.928150177, -48.4652862549, 5.01380062103, 36.7807044983, -21.9117546082, 28.8332023621, 18.0972690582, 97.1896514893, 25.0573673248, 11.9956407547, -8.79502677917, -7.85894966125, -1.75959086418], [-208.322509766, 8.9550151825, 29.8068466187, -6.23094844818, 29.26836586, 0.700551986694, 26.0736656189, 25.0573673248, 89.7547454834, 20.6387443542, 0.769290030003, -6.93899440765, -7.55844974518], [-59.0136108398, -53.3151359558, 17.9763088226, 19.7836151123, 1.65340924263, 5.88210201263, -4.5376534462, 11.9956407547, 20.6387443542, 76.9621658325, 23.4406394958, 4.72958803177, 2.14134216309], [-131.101165771, -7.42586231232, 8.05735206604, -10.0204124451, 8.4263381958, -3.53547382355, -3.80039858818, -8.79502677917, 0.769290030003, 23.4406394958, 74.5231704712, 30.6719207764, 9.5223865509], [-207.732498169, -27.5019569397, 33.7318916321, -12.8683996201, 17.9154758453, -14.5361881256, 9.83842468262, -7.85894966125, -6.93899440765, 4.72958803177, 30.6719207764, 71.9695510864, 33.7752227783], [-196.448913574, 5.3956079483, 20.1156196594, -0.851592481136, 10.2445201874, -4.93897294998, 4.40591716766, -1.75959086418, -7.55844974518, 2.14134216309, 9.5223865509, 33.7752227783, 68.072479248]]}, "spectral_contrast_valleys": {"min": [-28.291009903, -28.2478313446, -27.6603012085, -27.7383003235, -27.6085014343, -27.4454212189], "max": [-5.61612987518, -4.56872844696, -5.11603355408, -6.08842372894, -5.80969333649, -9.16539001465], "dvar2": [0.265838861465, 0.195603758097, 0.146607249975, 0.11751063168, 0.182148426771, 0.795841872692], "median": [-7.21100091934, -6.29962444305, -6.7993516922, -7.49112033844, -8.1058807373, -11.4514560699], "dmean2": [0.644035756588, 0.571465015411, 0.479309678078, 0.401709884405, 0.463262706995, 1.07762873173], "dmean": [0.389183491468, 0.351402908564, 0.303281277418, 0.259148538113, 0.316223740578, 0.666972517967], "var": [4.51501083374, 4.92424964905, 4.77046442032, 4.51678848267, 4.2812128067, 3.41335654259], "dvar": [0.105503968894, 0.086068816483, 0.0689893811941, 0.058336623013, 0.0913781374693, 0.321763068438], "mean": [-7.55100870132, -6.71534776688, -7.25062084198, -7.94207143784, -8.45487117767, -11.708111763]}, "barkbands_flatness_db": {"min": 0.044359087944, "max": 0.34913417697, "dvar2": 0.000997880124487, "median": 0.148798286915, "dmean2": 0.0380638800561, "dmean": 0.0248275678605, "var": 0.00217138370499, "dvar": 0.0004251631035, "mean": 0.153199836612}, "dynamic_complexity": 4.68075752258, "spectral_skewness": {"min": -0.0753023922443, "max": 7.44304037094, "dvar2": 0.455102622509, "median": 3.15877079964, "dmean2": 0.719412624836, "dmean": 0.480870097876, "var": 0.836363315582, "dvar": 0.19513887167, "mean": 3.19559955597}, "erbbands_flatness_db": {"min": 0.0600135810673, "max": 0.396364748478, "dvar2": 0.000804784882348, "median": 0.171372100711, "dmean2": 0.035022072494, "dmean": 0.0230989865959, "var