{"lowlevel": {"spectral_complexity": {"min": 0, "max": 19, "dvar2": 3.53492903709, "median": 5, "dmean2": 1.67030835152, "dmean": 1.05485439301, "var": 12.6350755692, "dvar": 1.59650111198, "mean": 4.54598379135}, "silence_rate_20dB": {"min": 1, "max": 1, "dvar2": 0, "median": 1, "dmean2": 0, "dmean": 0, "var": 0, "dvar": 0, "mean": 1}, "average_loudness": 0.680189788342, "erbbands_spread": {"min": 1.19703936577, "max": 75.7824783325, "dvar2": 60.2422370911, "median": 13.9569559097, "dmean2": 7.44546747208, "dmean": 4.71209955215, "var": 100.337715149, "dvar": 25.3193130493, "mean": 15.5479888916}, "spectral_kurtosis": {"min": -1.24429106712, "max": 284.788085938, "dvar2": 1751.93823242, "median": 22.6281795502, "dmean2": 28.8374595642, "dmean": 17.6191158295, "var": 968.670776367, "dvar": 667.035583496, "mean": 33.1790771484}, "barkbands_kurtosis": {"min": -1.60041975975, "max": 195.274810791, "dvar2": 189.91178894, "median": 7.60251331329, "dmean2": 10.3996810913, "dmean": 6.57574939728, "var": 213.720321655, "dvar": 79.0699462891, "mean": 12.7577342987}, "spectral_strongpeak": {"min": 0, "max": 32.9719581604, "dvar2": 9.66523933411, "median": 0.325132668018, "dmean2": 0.968980669975, "dmean": 0.562127411366, "var": 3.46337103844, "dvar": 3.58260059357, "mean": 0.80328130722}, "spectral_spread": {"min": 391510.125, "max": 42039280, "dvar2": 2107012677630.0, "median": 2571785, "dmean2": 1290771.125, "dmean": 800595.125, "var": 4898638266370.0, "dvar": 1048015863810.0, "mean": 2971141.25}, "spectral_rms": {"min": 3.21608083047e-12, "max": 0.012770101428, "dvar2": 1.04977561932e-06, "median": 0.00328879407607, "dmean2": 0.000739888695534, "dmean": 0.000595287827309, "var": 7.87795215729e-06, "dvar": 6.75965679875e-07, "mean": 0.00346472905949}, "erbbands": {"min": [1.6108684835e-22, 2.7362478331e-21, 9.7071292782e-21, 2.95156492564e-20, 4.65969935291e-20, 4.07502580086e-20, 6.96023565485e-20, 8.02328035672e-20, 1.39545382262e-19, 3.73074172693e-19, 4.14891332133e-19, 6.53638792124e-19, 7.90882583106e-19, 1.76698351987e-18, 2.73758794485e-18, 2.24150291609e-18, 3.11918207786e-18, 6.48613370049e-18, 5.88238491115e-18, 4.86126890885e-18, 6.07639019766e-18, 4.9244675756e-18, 6.74095620077e-18, 9.45308042444e-18, 1.28603506913e-17, 1.32442733377e-17, 1.34896788003e-17, 1.44201949509e-17, 1.23121524568e-17, 1.45140915309e-17, 1.30608857416e-17, 1.45450529013e-17, 9.86665170556e-18, 1.1453859927e-17, 8.69595952823e-18, 5.45913148096e-18, 3.19115423577e-18, 1.21134376174e-18, 2.97687930195e-19, 2.92019054662e-20], "max": [0.750615119934, 13.1450223923, 44.3398551941, 69.5448379517, 147.457687378, 231.714050293, 807.883911133, 984.739318848, 782.070922852, 1180.77502441, 1480.50231934, 1342.93139648, 204.225845337, 91.8178787231, 83.13671875, 22.1374702454, 29.5925960541, 18.4721469879, 11.3440799713, 10.2015323639, 9.24859523773, 7.8464512825, 7.10452079773, 6.26296472549, 5.49773454666, 4.60933208466, 3.90445280075, 3.30125522614, 2.77600693703, 2.25010323524, 1.77553915977, 1.34073865414, 0.970202207565, 0.659440934658, 0.410972714424, 0.227378591895, 0.106045693159, 0.0377261117101, 0.00889193546027, 0.00475440872833], "dvar2": [0.00205538887531, 0.772397279739, 6.74212408066, 23.2944145203, 126.319816589, 642.914489746, 5537.8984375, 3767.40869141, 2717.32836914, 4038.63720703, 11825.7626953, 5705.50585938, 146.798736572, 17.6550807953, 12.3766937256, 2.61425280571, 3.43136906624, 1.65368258953, 0.974237918854, 0.781150758266, 0.621083319187, 0.475392997265, 0.376321792603, 0.292120248079, 0.219598606229, 0.167778119445, 0.122760213912, 0.0861926674843, 0.0599146969616, 0.0397849082947, 0.0247559864074, 0.0142582952976, 0.00747834285721, 0.00345162721351, 0.00134078669362, 0.000410041568102, 8.88988070074e-05, 1.13306114145e-05, 6.06107448675e-07, 1.35266176926e-07], "median": [0.0232480522245, 0.34173476696, 0.954396247864, 1.72776925564, 2.40067100525, 3.95372390747, 3.27508425713, 2.1064889431, 1.57115495205, 1.23437154293, 1.02975976467, 0.748006463051, 0.508504629135, 0.393733054399, 0.324547231197, 0.26976031065, 0.232867494226, 0.184082880616, 0.142222195864, 0.118988096714, 0.0942607969046, 0.0700687766075, 0.0474914908409, 0.0311151724309, 0.0201106574386, 0.0136682754382, 0.00933553092182, 0.00644290074706, 0.00451191561297, 0.00343877822161, 0.00256492500193, 0.00184074812569, 0.00133654824458, 0.000961251091212, 0.000636520795524, 0.000385930063203, 0.00020940133254, 9.9326018244e-05, 8.06059761089e-05, 0.000205286880373], "dmean2": [0.0260328091681, 0.478278011084, 1.26938784122, 2.65673422813, 5.13041496277, 12.0292472839, 29.4407711029, 24.1551132202, 15.6474227905, 16.4387378693, 26.8426780701, 19.6766300201, 3.81342530251, 1.57153737545, 1.18433463573, 0.720672190189, 0.717734932899, 0.534767270088, 0.398714005947, 0.355983912945, 0.311341702938, 0.267071008682, 0.230703786016, 0.201152801514, 0.173274174333, 0.15066228807, 0.128248870373, 0.107835188508, 0.0897614583373, 0.0730183422565, 0.0576630309224, 0.0438344925642, 0.0317526645958, 0.0215876046568, 0.0134684061632, 0.00746107799932, 0.00348591990769, 0.00125685473904, 0.00030262870132, 0.000196211272851], "dmean": [0.0188318528235, 0.367348104715, 0.902144551277, 1.92191123962, 3.54986906052, 8.43371868134, 20.7899131775, 16.712430954, 10.8982563019, 11.383055687, 18.5840988159, 13.680232048, 2.56285738945, 0.991933405399, 0.735885441303, 0.447219967842, 0.441907703876, 0.3201366961, 0.240795314312, 0.213590428233, 0.18603117764, 0.160345315933, 0.139019057155, 0.120669215918, 0.104223407805, 0.0904126167297, 0.077041067183, 0.0647700354457, 0.0539297796786, 0.0438120961189, 0.034604229033, 0.0263052508235, 0.0190543886274, 0.012954281643, 0.00808273721486, 0.00447889138013, 0.00209301454015, 0.00075490277959, 0.000183767653652, 0.000135761074489], "var": [0.00797469355166, 2.99752783775, 12.7671375275, 80.0265197754, 190.588577271, 721.634521484, 6383.83935547, 5357.51953125, 2593.51538086, 4422.39941406, 11904.1494141, 6915.34277344, 196.231170654, 13.2910451889, 8.70339012146, 1.60196173191, 1.81464600563, 0.70316362381, 0.386165887117, 0.298493057489, 0.231082588434, 0.176246717572, 0.136919021606, 0.105663128197, 0.0798918008804, 0.0605159401894, 0.0441349074244, 0.0311723072082, 0.0216543786228, 0.0142943328246, 0.00891001429409, 0.00514130061492, 0.00269891414791, 0.00124697783031, 0.000485140393721, 0.000148740713485, 3.23975909851e-05, 4.18131048718e-06, 2.54727126503e-07, 3.0718493349e-07], "dvar": [0.00107583717909, 0.431450366974, 3.52435064316, 12.2056207657, 59.5200500488, 294.870422363, 2666.60839844, 1857.66015625, 1232.11938477, 2198.13793945, 5600.45458984, 2777.04199219, 70.5636901855, 7.37283277512, 5.22306060791, 1.06423687935, 1.33405411243, 0.631016016006, 0.385247141123, 0.305325090885, 0.242783695459, 0.186544984579, 0.146653354168, 0.113747179508, 0.0858132913709, 0.0654811561108, 0.0478769987822, 0.033691316843, 0.023421112448, 0.0155268115923, 0.00966675113887, 0.0055696121417, 0.00292158080265, 0.00134851236362, 0.000523837923538, 0.000160192939802, 3.47319619323e-05, 4.42844202553e-06, 2.37162112171e-07, 6.2985520799e-08], "mean": [0.0609399601817, 1.2122579813, 2.44549655914, 5.0811829567, 7.61438655853, 15.0479478836, 33.0468521118, 28.8244018555, 17.6031665802, 17.5965690613, 28.3930072784, 21.3112010956, 4.19484043121, 1.48640108109, 1.03444969654, 0.653113484383, 0.630845665932, 0.44547688961, 0.30752196908, 0.264604717493, 0.222434401512, 0.184212192893, 0.151035949588, 0.124181337655, 0.102848887444, 0.0858290866017, 0.0714754313231, 0.0591103062034, 0.0485814474523, 0.0391503199935, 0.0307820811868, 0.0233254805207, 0.0169022865593, 0.0115250097588, 0.00722510460764, 0.00403413176537, 0.00191445939709, 0.000715728208888, 0.00023479918309, 0.000391672336264]}, "zerocrossingrate": {"min": 0, "max": 0.66259765625, "dvar2": 0.00156417198014, "median": 0.1015625, "dmean2": 0.0365222282708, "dmean": 0.0321722812951, "var": 0.0134837869555, "dvar": 0.00151440547779, "mean": 0.138304099441}, "spectral_contrast_coeffs": {"min": [-0.97614210844, -0.975962281227, -0.983771085739, -0.969881951809, -0.962671160698, -0.963099002838], "max": [-0.321682929993, -0.422113716602, -0.501661062241, -0.720144987106, -0.818496286869, -0.656385421753], "dvar2": [0.00384019943886, 0.00430163182318, 0.00235557975248, 0.00107612134889, 0.00112629996147, 0.00114404631313], "median": [-0.667377173901, -0.791352272034, -0.856198191643, -0.880692541599, -0.877609372139, -0.855721831322], "dmean2": [0.0739306285977, 0.0778724849224, 0.0581457205117, 0.0387367941439, 0.0388013869524, 0.0311590917408], "dmean": [0.0467861108482, 0.0483247488737, 0.0355778895319, 0.023001903668, 0.0231207218021, 0.0189339499921], "var": [0.00997403170913, 0.00884153228253, 0.00427690288052, 0.0007988839061, 0.00104319874663, 0.00127672089729], "dvar": [0.00160499557387, 0.00174182548653, 0.000949158740696, 0.00040540235932, 0.000439775729319, 0.000447085534688], "mean": [-0.670611739159, -0.779231607914, -0.838972508907, -0.881448030472, -0.88709551096, -0.843339681625]}, "dissonance": {"min": 0.19539411366, "max": 0.500000119209, "dvar2": 0.00274274218827, "median": 0.450505435467, "dmean2": 0.0510606877506, "dmean": 0.0309160929173, "var": 0.00253712385893, "dvar": 0.00100733549334, "mean": 0.438439011574}, "spectral_energyband_high": {"min": 7.59976145972e-21, "max": 0.000513145059813, "dvar2": 2.07490402637e-09, "median": 1.31698641326e-06, "dmean2": 1.67886719282e-05, "dmean": 1.0083226698e-05, "var": 7.55288886989e-10, "dvar": 8.10534583895e-10, "mean": 9.50176126935e-06}, "gfcc": {"mean": [-200.139709473, 142.825271606, -61.9533157349, -4.22141885757, -30.5110931396, -15.2793607712, -18.3274726868, -8.65043449402, -7.96760511398, -7.0547542572, -6.91450929642, -6.37002515793, -4.97240447998], "icov": [[0.000218489134568, -0.000747184560169, 0.000332027731929, -0.000687569496222, 0.00109973468352, -0.000616332399659, 0.000199017245905, 7.78963585617e-05, 0.000251502846368, -0.0003040911688, 0.000254954589764, -0.000182883493835, 0.000194916923647], [-0.000747184560169, 0.0040288977325, -0.00217175297439, 0.0021611887496, -0.00320194242522, 0.00336315343156, -0.00163693667855, 0.00155860965606, -0.00231918203644, 0.00434197904542, -0.00319969304837, 0.00318888085894, -0.000790749385487], [0.000332027731929, -0.00217175297439, 0.00436147954315, -0.00541733857244, 0.00352689926513, -0.00191106647253, 0.00355040561408, -0.00336304493248, 0.00145345530473, 0.00105724355672, -0.00609244266525, 0.00688112480566, -0.0043295933865], [-0.000687569496222, 0.0021611887496, -0.00541733857244, 0.0173953231424, -0.0105218933895, -0.00475718919188, 0.00412531336769, 0.00359381269664, -0.00437369383872, -0.00394292920828, 0.0140701392666, -0.0146770551801, 0.00749367754906], [0.00109973468352, -0.00320194242522, 0.00352689926513, -0.0105218933895, 0.0188818294555, -0.00926509965211, -0.00665911473334, 0.00983871985227, -0.00283042504452, 0.00676835374907, -0.0111317196861, 0.0109112635255, -0.00420465692878], [-0.000616332399659, 0.00336315343156, -0.00191106647253, -0.00475718919188, -0.00926509965211, 0.0306982919574, -0.0137321082875, -0.0182411614805, 0.0288330353796, -0.0120972581208, -0.00139997305814, 0.00294372322969, 0.000653101946227], [0.000199017245905, -0.00163693667855, 0.00355040561408, 0.00412531336769, -0.00665911473334, -0.0137321082875, 0.0379112325609, -0.00636120280251, -0.0310175232589, 0.0266631413251, -0.00505293952301, -0.0106336669996, 0.00829716771841], [7.78963585617e-05, 0.00155860965606, -0.00336304493248, 0.00359381269664, 0.00983871985227, -0.0182411614805, -0.00636120280251, 0.0429644174874, -0.0226235203445, -0.0159401353449, 0.0211752988398, 0.00329223228619, -0.00841157790273], [0.000251502846368, -0.00231918203644, 0.00145345530473, -0.00437369383872, -0.00283042504452, 0.0288330353796, -0.0310175232589, -0.0226235203445, 0.0687716826797, -0.0401716865599, -0.00626131845638, 0.0160912554711, -0.00550224306062], [-0.0003040911688, 0.00434197904542, 0.00105724355672, -0.00394292920828, 0.00676835374907, -0.0120972581208, 0.0266631413251, -0.0159401353449, -0.0401716865599, 0.0931866839528, -0.0515641495585, -0.00839578919113, 0.0208810362965], [0.000254954589764, -0.00319969304837, -0.00609244266525, 0.0140701392666, -0.0111317196861, -0.00139997305814, -0.00505293952301, 0.0211752988398, -0.00626131845638, -0.0515641495585, 0.0867726281285, -0.0360429063439, -0.00758026214316], [-0.000182883493835, 0.00318888085894, 0.00688112480566, -0.0146770551801, 0.0109112635255, 0.00294372322969, -0.0106336669996, 0.00329223228619, 0.0160912554711, -0.00839578919113, -0.0360429063439, 0.0723675563931, -0.035085234791], [0.000194916923647, -0.000790749385487, -0.0043295933865, 0.00749367754906, -0.00420465692878, 0.000653101946227, 0.00829716771841, -0.00841157790273, -0.00550224306062, 0.0208810362965, -0.00758026214316, -0.035085234791, 0.0495165735483]], "cov": [[26939.2714844, 6089.08886719, 3146.49560547, 363.018066406, -1189.72338867, -600.202026367, -925.621643066, -360.803375244, -377.402099609, -310.756408691, -199.274963379, -398.722198486, -11.8344993591], [6089.08886719, 2822.79589844, 732.440246582, -147.259490967, 47.4542198181, -459.129455566, -33.9115829468, -301.107513428, 50.7172088623, -219.285018921, 28.5833740234, -192.138656616, 38.3973617554], [3146.49560547, 732.440246582, 1517.30566406, 402.390777588, -180.949615479, 129.131973267, -318.825683594, 41.4368438721, -167.020462036, 1.44135630131, -27.2847709656, -69.7536087036, 41.7092971802], [363.018066406, -147.259490967, 402.390777588, 376.225860596, 118.93611145, 223.146514893, -78.2319946289, 10.7489433289, -120.200019836, -4.84357452393, -38.3771743774, 5.33555459976, -16.8509979248], [-1189.72338867, 47.4542198181, -180.949615479, 118.93611145, 410.741455078, 93.8006515503, 146.26272583, -94.0501861572, -8.75913715363, -70.4646453857, 11.0811414719, -10.3189659119, -12.0982170105], [-600.202026367, -459.129455566, 129.131973267, 223.146514893, 93.8006515503, 269.039825439, -6.11735153198, 75.0219726562, -84.5618057251, 22.3084983826, -31.5522518158, 18.3121929169, -19.9217720032], [-925.621643066, -33.9115829468, -318.825683594, -78.2319946289, 146.26272583, -6.11735153198, 178.938323975, 6.71069765091, 89.2863998413, -11.9876279831, 17.057346344, -0.957028746605, -12.3691749573], [-360.803375244, -301.107513428, 41.4368438721, 10.7489433289, -94.0501861572, 75.0219726562, 6.71069765091, 139.619094849, 40.0044593811, 65.7977600098, -9.32522106171, 6.68973922729, -7.76335477829], [-377.402099609, 50.7172088623, -167.020462036, -120.200019836, -8.75913715363, -84.5618057251, 89.2863998413, 40.0044593811, 128.320022583, 38.6026229858, 34.796585083, -2.54705667496, -0.409171998501], [-310.756408691, -219.285018921, 1.44135630131, -4.84357452393, -70.4646453857, 22.3084983826, -11.9876279831, 65.7977600098, 38.6026229858, 77.1477584839, 28.7700271606, 28.2102298737, 1.63800692558], [-199.274963379, 28.5833740234, -27.2847709656, -38.3771743774, 11.0811414719, -31.5522518158, 17.057346344, -9.32522106171, 34.796585083, 28.7700271606, 55.9338684082, 30.4028873444, 23.4169540405], [-398.722198486, -192.138656616, -69.7536087036, 5.33555459976, -10.3189659119, 18.3121929169, -0.957028746605, 6.68973922729, -2.54705667496, 28.2102298737, 30.4028873444, 62.001914978, 28.1804847717], [-11.8344993591, 38.3973617554, 41.7092971802, -16.8509979248, -12.0982170105, -19.9217720032, -12.3691749573, -7.76335477829, -0.409171998501, 1.63800692558, 23.4169540405, 28.1804847717, 49.8574409485]]}, "spectral_flux": {"min": 6.47857184566e-11, "max": 0.293246924877, "dvar2": 0.0013617092045, "median": 0.0372663587332, "dmean2": 0.0278518721461, "dmean": 0.0175487585366, "var": 0.00207679555751, "dvar": 0.000549381307792, "mean": 0.0494271442294}, "silence_rate_30dB": {"min": 0, "max": 1, "dvar2": 0.020573021844, "median": 1, "dmean2": 0.0174799710512, "dmean": 0.00873786397278, "var": 0.0131689133123, "dvar": 0.00866146106273, "mean": 0.986653745174}, "spectral_energyband_middle_high": {"min": 1.32811743528e-21, "max": 0.00458561535925, "dvar2": 9.45653937379e-08, "median": 4.46813392045e-05, "dmean2": 0.000123109130072, "dmean": 7.81227718107e-05, "var": 6.8149937249e-08, "dvar": 3.85680642978e-08, "mean": 0.000128161074826}, "barkbands_spread": {"min": 0.464337617159, "max": 93.4263687134, "dvar2": 23.070142746, "median": 3.73345136642, "dmean2": 3.18795418739, "dmean": 2.0004427433, "var": 43.0925941467, "dvar": 9.36516284943, "mean": 6.74707078934}, "spectral_centroid": {"min": 152.389297485, "max": 11050.9912109, "dvar2": 62040.8867188, "median": 348.411010742, "dmean2": 134.459381104, "dmean": 85.2800369263, "var": 696088.875, "dvar": 34561.2304688, "mean": 613.505310059}, "pitch_salience": {"min": 0.0362573228776, "max": 0.917565405369, "dvar2": 0.0121393715963, "median": 0.630508482456, "dmean2": 0.114233806729, "dmean": 0.0720390304923, "var": 0.0191409103572, "dvar": 0.0047804294154, "mean": 0.615338981152}, "erbbands_skewness": {"min": -2.23399949074, "max": 7.84855985641, "dvar2": 0.78003513813, "median": 1.23815631866, "dmean2": 0.920203506947, "dmean": 0.593857288361, "var": 1.32145738602, "dvar": 0.323935389519, "mean": 1.29942119122}, "erbbands_crest": {"min": 2.77051234245, "max": 27.7572956085, "dvar2": 17.7133712769, "median": 10.5962400436, "dmean2": 4.57817745209, "dmean": 2.86787104607, "var": 25.6637325287, "dvar": 7.15646457672, "mean": 11.251332283}, "melbands": {"min": [2.47936142612e-24, 4.71725962889e-24, 6.70279333948e-24, 3.082067921e-24, 2.09186782188e-24, 2.12128523389e-24, 2.66504764751e-24, 4.01179630971e-24, 3.19172451721e-24, 4.06180180806e-24, 3.99595203843e-24, 7.18637217413e-24, 8.48293370276e-24, 4.86394713093e-24, 4.53264251125e-24, 6.62497615549e-24, 1.31958648519e-23, 1.05472201864e-23, 7.13607203623e-24, 4.2863920855e-24, 8.29522188378e-24, 4.87236230464e-24, 3.69120166011e-24, 7.82723488492e-24, 7.2664518112e-24, 7.81018760076e-24, 6.08640030511e-24, 9.23657196856e-24, 6.65409458922e-24, 9.95510592408e-24, 8.68329253977e-24, 7.20537188903e-24, 5.87903401667e-24, 7.7873571773e-24, 8.22155489701e-24, 6.93539055511e-24, 8.91097278538e-24, 6.05497326994e-24, 7.11350982548e-24, 1.01421685105e-23], "max": [0.0105091119185, 0.0170167610049, 0.0103720584884, 0.00966846942902, 0.0212186407298, 0.0192637331784, 0.0138376373798, 0.0146786896512, 0.0109171550721, 0.00808119773865, 0.00090884329984, 0.000343198014889, 0.000251621706411, 0.000149822866661, 5.73080578761e-05, 5.90346026001e-05, 3.12169795507e-05, 1.87844179891e-05, 1.42354811032e-05, 1.30898315547e-05, 1.0188635315e-05, 8.19266006147e-06, 7.04133935869e-06, 5.94169250689e-06, 4.98016925121e-06, 4.20471951657e-06, 3.55328779733e-06, 2.95166569231e-06, 2.4866089916e-06, 2.13985663322e-06, 1.83211932381e-06, 1.60604383836e-06, 1.37485471896e-06, 1.19814922073e-06, 1.0409545439e-06, 9.02306680928e-07, 7.86175405665e-07, 6.90009926529e-07, 6.08300126714e-07, 5.38137328476e-07], "dvar2": [3.95566900124e-07, 1.48233675645e-06, 7.89518821875e-07, 9.80823756436e-07, 4.61093895865e-06, 1.89364573089e-06, 6.70351482768e-07, 6.1216104541e-07, 6.96018901181e-07, 1.96986306378e-07, 3.45775652555e-09, 2.98787744546e-10, 1.69501454539e-10, 4.03379725455e-11, 1.63735934533e-11, 1.47648126364e-11, 5.25809994503e-12, 2.60281921884e-12, 1.66703857749e-12, 1.19865087907e-12, 7.78107829905e-13, 5.25282833723e-13, 3.65119311738e-13, 2.6162028815e-13, 1.85597454831e-13, 1.30343950694e-13, 9.3848479064e-14, 6.92274132442e-14, 5.00938571494e-14, 3.64212139451e-14, 2.65682031361e-14, 1.9918708203e-14, 1.49578158019e-14, 1.12542819776e-14, 8.49517548998e-15, 6.43506176622e-15, 4.91363897406e-15, 3.78455506679e-15, 2.93742153438e-15, 2.29882264313e-15], "median": [0.000290917814709, 0.000582158914767, 0.000345521460986, 0.000257058360148, 0.000127484701807, 4.85082673549e-05, 2.23148708756e-05, 1.25858805404e-05, 7.75257558416e-06, 4.3643835852e-06, 2.31225044445e-06, 1.54341216785e-06, 1.08356050532e-06, 8.0825969917e-07, 5.89898547787e-07, 4.65978530428e-07, 3.21066892184e-07, 2.29091142501e-07, 1.76613113467e-07, 1.44356292253e-07, 1.01283056608e-07, 7.54007203341e-08, 5.31185264663e-08, 3.56402445334e-08, 2.46421159034e-08, 1.69313558729e-08, 1.17344631789e-08, 8.48459791314e-09, 6.23647622433e-09, 4.56799043036e-09, 3.45559314496e-09, 2.67324606895e-09, 2.11262474181e-09, 1.79827974733e-09, 1.49467638266e-09, 1.2732433996e-09, 1.05016340068e-09, 9.24711640593e-10, 8.55349735485e-10, 7.80563003122e-10], "dmean2": [0.000356404023478, 0.000640216574538, 0.000488978053909, 0.00054116465617, 0.000911276321858, 0.000560450833291, 0.000233752230997, 0.000195925793378, 0.000213660663576, 0.000114612230391, 1.74639026227e-05, 6.52489552522e-06, 4.37135349785e-06, 2.50561947723e-06, 1.7512093109e-06, 1.51990684572e-06, 9.66422248894e-07, 6.6278050781e-07, 5.33758623078e-07, 4.43649838644e-07, 3.53302169742e-07, 2.84431621367e-07, 2.34009675637e-07, 1.91385836956e-07, 1.61263955079e-07, 1.342139484e-07, 1.13503631383e-07, 9.67931796936e-08, 8.20868280016e-08, 6.98562629964e-08, 6.00250587013e-08, 5.17758138585e-08, 4.48064128022e-08, 3.88280838592e-08, 3.37643015769e-08, 2.94489836961e-08, 2.57332555265e-08, 2.25865726122e-08, 1.99061140904e-08, 1.76204135727e-08], "dmean": [0.000272353441687, 0.000475208827993, 0.000353166891728, 0.000376097683329, 0.0006440244033, 0.00039224428474, 0.00016321457224, 0.000136587579618, 0.00014923697745, 7.92596838437e-05, 1.14273962026e-05, 4.10224356528e-06, 2.69200222647e-06, 1.53039854922e-06, 1.07553034923e-06, 9.29533769067e-07, 5.72878150251e-07, 3.9961352627e-07, 3.20870128689e-07, 2.63876131612e-07, 2.11481292922e-07, 1.70500925378e-07, 1.41027499012e-07, 1.15128500511e-07, 9.66418483017e-08, 8.07051705465e-08, 6.82606966507e-08, 5.80095900204e-08, 4.93202030327e-08, 4.19636130289e-08, 3.60463836557e-08, 3.11133270259e-08, 2.68986344309e-08, 2.3294999707e-08, 2.02622718604e-08, 1.76730345913e-08, 1.54421737619e-08, 1.35539659496e-08, 1.19451177838e-08, 1.05734194733e-08], "var": [1.8540227984e-06, 4.03387139158e-06, 2.21723712457e-06, 1.35372761179e-06, 5.29743783773e-06, 2.74152716884e-06, 6.26311702945e-07, 6.4882146944e-07, 7.44902308725e-07, 2.4117920816e-07, 2.93546764674e-09, 2.06657968516e-10, 1.05957666252e-10, 2.79798857694e-11, 8.58715702712e-12, 7.46046887462e-12, 2.12221603138e-12, 1.02477076304e-12, 6.54831657648e-13, 4.45351221179e-13, 2.88552358006e-13, 1.94214558173e-13, 1.35555575011e-13, 9.39339006426e-14, 6.70914672017e-14, 4.72051901962e-14, 3.41480350127e-14, 2.4908340432e-14, 1.80222014341e-14, 1.31093942464e-14, 9.62299138892e-15, 7.20187476414e-15, 5.38810193836e-15, 4.03783104703e-15, 3.0558341993e-15, 2.32000651363e-15, 1.77172071044e-15, 1.36557074157e-15, 1.0602812209e-15, 8.30466676872e-16], "dvar": [2.27026575317e-07, 7.89884495589e-07, 3.9342035052e-07, 4.56317621911e-07, 2.15975455831e-06, 9.41976736613e-07, 3.10477929588e-07, 3.32499467959e-07, 3.28495985968e-07, 9.77968497295e-08, 1.50051615577e-09, 1.22777676914e-10, 6.65744195882e-11, 1.75394178348e-11, 6.4925300379e-12, 5.64125829383e-12, 2.00666241436e-12, 1.02768119535e-12, 6.58242395053e-13, 4.64529781828e-13, 3.03978603356e-13, 2.05787305057e-13, 1.43125311949e-13, 1.01534625434e-13, 7.22319204232e-14, 5.07708736435e-14, 3.67308044874e-14, 2.69974523287e-14, 1.95394119314e-14, 1.42080501891e-14, 1.03915950145e-14, 7.7863520617e-15, 5.84324492817e-15, 4.38966354585e-15, 3.31693295233e-15, 2.51371744295e-15, 1.91936628232e-15, 1.47854365504e-15, 1.14754541386e-15, 8.98136456665e-16], "mean": [0.000941373582464, 0.00149041612167, 0.000946871121414, 0.000745612953324, 0.00107386882883, 0.000679398246575, 0.000260961271124, 0.000203832925763, 0.000232521560974, 0.000119911441288, 1.62055093824e-05, 5.73339593757e-06, 3.65486221199e-06, 2.1301354991e-06, 1.45748094837e-06, 1.29567672502e-06, 7.60723310123e-07, 4.9679812264e-07, 3.91846242564e-07, 3.19004868743e-07, 2.46113899038e-07, 1.94433411593e-07, 1.54775818828e-07, 1.21993579683e-07, 9.83631878171e-08, 7.98746384589e-08, 6.5763231305e-08, 5.47272556162e-08, 4.58404088022e-08, 3.85380687362e-08, 3.27575513381e-08, 2.80349734538e-08, 2.40945947638e-08, 2.07778292349e-08, 1.80250925297e-08, 1.56835824328e-08, 1.36767592807e-08, 1.20112577662e-08, 1.06015143331e-08, 9.40318933829e-09]}, "spectral_entropy": {"min": 4.58779859543, "max": 9.81195926666, "dvar2": 0.329994976521, "median": 6.49445438385, "dmean2": 0.587670326233, "dmean": 0.378115594387, "var": 0.772573232651, "dvar": 0.140244707465, "mean": 6.55507469177}, "spectral_rolloff": {"min": 21.533203125, "max": 22050, "dvar2": 52276184, "median": 387.59765625, "dmean2": 2603.53588867, "dmean": 1342.47363281, "var": 47751472, "dvar": 23179656, "mean": 3233.31176758}, "barkbands": {"min": [3.54856416996e-24, 9.38679790619e-24, 9.44926937899e-24, 1.5629707426e-23, 1.29887778202e-23, 1.91114617826e-23, 1.70401276157e-23, 1.93984951339e-23, 3.21664723644e-23, 3.61948663076e-23, 5.94769189447e-23, 4.28696519295e-23, 5.69463415132e-23, 1.58587774868e-22, 9.9814437809e-23, 8.12495114833e-23, 7.77668168045e-23, 1.44515531304e-22, 2.15148117274e-22, 2.42708594896e-22, 3.66184107763e-22, 3.61454022045e-22, 5.12995767038e-22, 6.98438916718e-22, 1.22130238705e-21, 1.77914473246e-21, 2.2545888019e-21], "max": [0.00288908556104, 0.04886944592, 0.0552333295345, 0.0308324266225, 0.0603845641017, 0.0985295325518, 0.0725012272596, 0.0887592360377, 0.0440711565316, 0.00248273205943, 0.00204126373865, 0.000777545326855, 0.000644539250061, 0.000291775388177, 0.000194165229914, 0.000179775684956, 0.0001365920034, 0.000127085964778, 0.000114888687676, 9.79646138148e-05, 8.89974326128e-05, 7.60568073019e-05, 6.40916114207e-05, 6.05560744589e-05, 5.83338660363e-05, 5.71887139813e-05, 6.42941886326e-05], "dvar2": [1.16348040535e-07, 9.84359940048e-06, 6.0785050664e-06, 5.07903450853e-06, 3.6736990296e-05, 7.58050518925e-05, 1.65310266311e-05, 2.60312681348e-05, 9.05844080989e-06, 2.8647077599e-08, 1.10513074247e-08, 2.22380158732e-09, 1.64345714815e-09, 5.03871666613e-10, 3.10288572614e-10, 2.24955998274e-10, 1.44566927873e-10, 1.20089369005e-10, 9.71509192538e-11, 7.51742557092e-11, 6.34045663195e-11, 4.52471289603e-11, 3.22090548677e-11, 2.91151130982e-11, 2.70202974578e-11, 2.59067906017e-11, 3.15087539393e-11], "median": [8.71317752171e-06, 0.00123600452207, 0.000637453922536, 0.000501816277392, 0.00123849522788, 0.000298284168821, 9.0442779765e-05, 4.60785886389e-05, 3.09576862492e-05, 1.31792849061e-05, 7.98391192802e-06, 6.61831154503e-06, 4.98649478686e-06, 3.20843423651e-06, 2.3861587124e-06, 1.87361752069e-06, 1.25088365621e-06, 7.96904430445e-07, 4.82243819988e-07, 2.88495556333e-07, 1.92271727428e-07, 1.22950282844e-07, 9.2598639867e-08, 8.15009926214e-08, 8.62008988634e-08, 1.04977665671e-07, 6.90696708716e-07], "dmean2": [0.000154305816977, 0.00172552047297, 0.00111086200923, 0.00125219789334, 0.0030018761754, 0.00351511198096, 0.0010732539231, 0.00119969877414, 0.000821897585411, 6.35566102574e-05, 3.45316257153e-05, 1.97143781406e-05, 1.59968258231e-05, 9.36096603255e-06, 7.20180241842e-06, 5.99029499426e-06, 4.73628551845e-06, 4.1149437493e-06, 3.65886785403e-06, 3.18754291584e-06, 2.91850346912e-06, 2.46492732003e-06, 2.07959374166e-06, 1.98093471226e-06, 1.91113394976e-06, 1.88076285212e-06, 2.33334344557e-06], "dmean": [9.13388212211e-05, 0.00133314298, 0.000771316408645, 0.000900891493075, 0.00206725043245, 0.00248211692087, 0.000743920914829, 0.000829064287245, 0.000563227164093, 4.0166429244e-05, 2.13483835978e-05, 1.20515915114e-05, 9.86963186733e-06, 5.57492148801e-06, 4.32442220699e-06, 3.5721934637e-06, 2.84360089609e-06, 2.48136962e-06, 2.19474577534e-06, 1.91512390302e-06, 1.75245054379e-06, 1.48101469222e-06, 1.24744235563e-06, 1.1890344922e-06, 1.14666693207e-06, 1.12922407425e-06, 1.41136513321e-06], "var": [4.97315078007e-08, 4.12676745327e-05, 8.78176888364e-06, 1.51440481204e-05, 4.14219794038e-05, 0.000104154169094, 1.40795118568e-05, 2.32644779317e-05, 1.03252023109e-05, 2.26640128886e-08, 6.84508849602e-09, 1.27567933994e-09, 8.73457361994e-10, 2.01694286273e-10, 1.20576479357e-10, 8.33862215388e-11, 5.38033818887e-11, 4.37118848062e-11, 3.50883766487e-11, 2.71252326156e-11, 2.28319359946e-11, 1.63501451961e-11, 1.15694745451e-11, 1.0509826516e-11, 9.76241136541e-12, 9.42710926682e-12, 1.29028576018e-11], "dvar": [4.59848337186e-08, 5.59697627978e-06, 3.1988054161e-06, 2.68003054771e-06, 1.62670639838e-05, 3.84310515074e-05, 7.81360358815e-06, 1.26123331938e-05, 4.35396168541e-06, 1.24609886853e-08, 4.29768931554e-09, 8.93325358131e-10, 6.38088637483e-10, 1.94824725797e-10, 1.22441723427e-10, 8.74810848761e-11, 5.66752582365e-11, 4.67807806381e-11, 3.78380764221e-11, 2.93398916273e-11, 2.47523355978e-11, 1.76871503554e-11, 1.256906558e-11, 1.13762064005e-11, 1.05553855587e-11, 1.01221479115e-11, 1.23286728049e-11], "mean": [8.71998418006e-05, 0.00449284771457, 0.00173528632149, 0.00216966983862, 0.00396946724504, 0.00419731717557, 0.00111437961459, 0.0011621103622, 0.000855573976878, 5.68049254071e-05, 2.78924144368e-05, 1.68130027305e-05, 1.37680835905e-05, 7.29874454919e-06, 5.28896816832e-06, 4.30254794992e-06, 3.24570396515e-06, 2.66166330221e-06, 2.19122762246e-06, 1.8184300643e-06, 1.60911702096e-06, 1.33307469241e-06, 1.10909070372e-06, 1.05438914488e-06, 1.02110902844e-06, 1.02648641587e-06, 1.82090684575e-06]}, "melbands_flatness_db": {"min": 0.00286470982246, "max": 0.621368348598, "dvar2": 0.00457237707451, "median": 0.37957572937, "dmean2": 0.0747680068016, "dmean": 0.048337161541, "var": 0.0144881019369, "dvar": 0.00194550538436, "mean": 0.359215974808}, "melbands_skewness": {"min": -1.33365607262, "max": 8.48805332184, "dvar2": 1.02867043018, "median": 1.36937749386, "dmean2": 1.00958657265, "dmean": 0.66663813591, "var": 2.77620720863, "dvar": 0.454236894846, "mean": 1.80613255501}, "barkbands_skewness": {"min": -3.62878990173, "max": 9.08275604248, "dvar2": 1.32129704952, "median": 1.35236799717, "dmean2": 1.1422252655, "dmean": 0.737196683884, "var": 2.7171754837, "dvar": 0.546123921871, "mean": 1.61400961876}, "silence_rate_60dB": {"min": 0, "max": 1, "dvar2": 0.0933126732707, "median": 0, "dmean2": 0.0980820581317, "dmean": 0.0490291267633, "var": 0.230836883187, "dvar": 0.0466282889247, "mean": 0.361562728882}, "spectral_energyband_low": {"min": 4.60886493403e-23, "max": 0.0655650421977, "dvar2": 2.1276255211e-05, "median": 0.00311079900712, "dmean2": 0.00265621719882, "dmean": 0.00203387648799, "var": 0.00010204881255, "dvar": 1.22726478367e-05, "mean": 0.00746861845255}, "spectral_energyband_middle_low": {"min": 1.64533312225e-22, "max": 0.155427068472, "dvar2": 0.000178371425136, "median": 0.00481643062085, "dmean2": 0.0070692463778, "dmean": 0.00522437598556, "var": 0.000407367479056, "dvar": 9.35389689403e-05, "mean": 0.0134926205501}, "melbands_kurtosis": {"min": -1.63415646553, "max": 123.813766479, "dvar2": 212.109161377, "median": 5.565325737, "dmean2": 10.4466943741, "dmean": 6.64589691162, "var": 319.964263916, "dvar": 89.1237030029, "mean": 13.4022741318}, "spectral_decrease": {"min": -4.17281142973e-08, "max": 2.3492507939e-10, "dvar2": 1.28700088521e-17, "median": -2.7305240291e-09, "dmean2": 2.02981520481e-09, "dmean": 1.52759715988e-09, "var": 3.9516654558e-17, "dvar": 7.02589924228e-18, "mean": -5.04153474523e-09}, "erbbands_kurtosis": {"min": -1.35402297974, "max": 94.8726196289, "dvar2": 45.2675857544, "median": 3.45217943192, "dmean2": 5.3676776886, "dmean": 3.36303567886, "var": 45.6000175476, "dvar": 18.7701454163, "mean": 5.54751014709}, "melbands_crest": {"min": 1.62247049809, "max": 38.9415664673, "dvar2": 16.2172241211, "median": 13.1754379272, "dmean2": 4.34532260895, "dmean": 2.74671888351, "var": 33.627986908, "dvar": 6.6498503685, "mean": 13.7045383453}, "melbands_spread": {"min": 0.636651456356, "max": 177.660171509, "dvar2": 51.7060546875, "median": 4.21909379959, "dmean2": 4.04071092606, "dmean": 2.51048064232, "var": 393.343261719, "dvar": 20.1444778442, "mean": 10.5492353439}, "spectral_energy": {"min": 1.0601754999e-20, "max": 0.167152374983, "dvar2": 0.00019635555509, "median": 0.011086570099, "dmean2": 0.00790815521032, "dmean": 0.00598677946255, "var": 0.000638842524495, "dvar": 0.000107947773358, "mean": 0.0203793235123}, "mfcc": {"mean": [-847.579528809, 188.195953369, 29.616733551, 17.5493869781, 10.2305517197, -0.73341435194, -1.68142020702, -0.293171942234, -1.04671895504, 0.606170594692, 0.0415547862649, 0.177457794547, -1.2699110508], "icov": [[0.000422970973887, -0.00047944142716, 0.000556554237846, -0.00160993379541, 0.00246525276452, -0.00247063022107, 0.00299908965826, -0.00407122261822, 0.00479298457503, -0.00466943020001, 0.00385922938585, -0.00250481325202, 0.000910617702175], [-0.00047944142716, 0.0016132928431, -0.00341806584038, 0.00393806258217, -0.00593760004267, 0.00622135167941, -0.00537417596206, 0.00529082259163, -0.00532507803291, 0.00493850791827, -0.00380428507924, 0.00196679867804, -6.77401840221e-05], [0.000556554237846, -0.00341806584038, 0.020228466019, -0.0264060944319, 0.0198980607092, -0.00933422520757, 0.00729231908917, -0.00515108462423, 0.00820348225534, -0.00704636191949, 0.00495163630694, -0.0050277672708, 0.00224536750466], [-0.00160993379541, 0.00393806258217, -0.0264060944319, 0.045232411474, -0.0313858129084, 0.00314962235279, -0.00224900920875, 0.0141900004819, -0.0237215142697, 0.0207036696374, -0.0151123730466, 0.0115308500826, -0.00270129623823], [0.00246525276452, -0.00593760004267, 0.0198980607092, -0.0313858129084, 0.0446535684168, -0.0280558336526, 0.0127459876239, -0.0229220446199, 0.0330924727023, -0.0326419472694, 0.028488535434, -0.0187377538532, 0.00380560429767], [-0.00247063022107, 0.00622135167941, -0.00933422520757, 0.00314962235279, -0.0280558336526, 0.0723022669554, -0.0797492712736, 0.0612460151315, -0.0586988069117, 0.0628489032388, -0.049929689616, 0.030001796782, -0.00879715289921], [0.00299908965826, -0.00537417596206, 0.00729231908917, -0.00224900920875, 0.0127459876239, -0.0797492712736, 0.150076046586, -0.149392291903, 0.128364548087, -0.114190720022, 0.0954852029681, -0.0634898543358, 0.0258526932448], [-0.00407122261822, 0.00529082259163, -0.00515108462423, 0.0141900004819, -0.0229220446199, 0.0612460151315, -0.149392291903, 0.235945433378, -0.235298514366, 0.194716274738, -0.158294767141, 0.111377008259, -0.0465412810445], [0.00479298457503, -0.00532507803291, 0.00820348225534, -0.0237215142697, 0.0330924727023, -0.0586988069117, 0.128364548087, -0.235298514366, 0.320709884167, -0.304404944181, 0.238315358758, -0.162664622068, 0.0687397345901], [-0.00466943020001, 0.00493850791827, -0.00704636191949, 0.0207036696374, -0.0326419472694, 0.0628489032388, -0.114190720022, 0.194716274738, -0.304404944181, 0.381876051426, -0.338950186968, 0.220781758428, -0.0904218181968], [0.00385922938585, -0.00380428507924, 0.00495163630694, -0.0151123730466, 0.028488535434, -0.049929689616, 0.0954852029681, -0.158294767141, 0.238315358758, -0.338950186968, 0.3933339715, -0.294746398926, 0.122729502618], [-0.00250481325202, 0.00196679867804, -0.0050277672708, 0.0115308500826, -0.0187377538532, 0.030001796782, -0.0634898543358, 0.111377008259, -0.162664622068, 0.220781758428, -0.294746398926, 0.296494662762, -0.145043447614], [0.000910617702175, -6.77401840221e-05, 0.00224536750466, -0.00270129623823, 0.00380560429767, -0.00879715289921, 0.0258526932448, -0.0465412810445, 0.0687397345901, -0.0904218181968, 0.122729502618, -0.145043447614, 0.105593398213]], "cov": [[9449.94726562, 3182.6159668, 1968.21899414, 1096.55639648, -180.350997925, 6.16101408005, -268.255584717, -202.951080322, -104.195510864, -42.6343765259, -17.4717521667, -46.0995178223, -121.709495544], [3182.6159668, 2790.15673828, 967.622253418, 518.713867188, 104.669952393, -40.5071220398, -101.461547852, -106.292999268, -55.5099220276, -23.853105545, -7.35366296768, -15.2242307663, -58.7727432251], [1968.21899414, 967.622253418, 780.663208008, 469.43182373, 30.1430282593, 59.1272392273, -58.7805290222, -68.9054107666, -35.4192237854, -29.3659210205, -14.0437583923, -19.3197040558, -45.3877487183], [1096.55639648, 518.713867188, 469.43182373, 383.542053223, 140.824081421, 139.734649658, 34.3411636353, -11.3266248703, -19.7065086365, -34.3918037415, -26.3329944611, -21.9256000519, -32.2604598999], [-180.350997925, 104.669952393, 30.1430282593, 140.824081421, 222.308135986, 169.482589722, 120.522415161, 47.5040245056, -3.36487150192, -28.8160896301, -27.9619693756, -13.9280996323, -6.99533081055], [6.16101408005, -40.5071220398, 59.1272392273, 139.734649658, 169.482589722, 195.997360229, 131.259765625, 54.2171974182, 0.153334826231, -29.8912658691, -28.089132309, -17.0972957611, -12.3146514893], [-268.255584717, -101.461547852, -58.7805290222, 34.3411636353, 120.522415161, 131.259765625, 125.012489319, 70.0515213013, 17.9789810181, -8.92556190491, -14.6249027252, -8.58497142792, -2.9039542675], [-202.951080322, -106.292999268, -68.9054107666, -11.3266248703, 47.5040245056, 54.2171974182, 70.0515213013, 67.7086791992, 41.6877479553, 17.2056102753, 5.17178153992, 1.57001066208, 2.09561300278], [-104.195510864, -55.5099220276, -35.4192237854, -19.7065086365, -3.36487150192, 0.153334826231, 17.9789810181, 41.6877479553, 55.416519165, 44.0188789368, 25.1944160461, 12.7969093323, 5.13221788406], [-42.6343765259, -23.853105545, -29.3659210205, -34.3918037415, -28.8160896301, -29.8912658691, -8.92556190491, 17.2056102753, 44.0188789368, 58.1768989563, 44.5962257385, 23.5975933075, 10.1567592621], [-17.4717521667, -7.35366296768, -14.0437583923, -26.3329944611, -27.9619693756, -28.089132309, -14.6249027252, 5.17178153992, 25.1944160461, 44.5962257385, 50.6564788818, 35.418182373, 15.8595094681], [-46.0995178223, -15.2242307663, -19.3197040558, -21.9256000519, -13.9280996323, -17.0972957611, -8.58497142792, 1.57001066208, 12.7969093323, 23.5975933075, 35.418182373, 40.8270950317, 28.8999137878], [-121.709495544, -58.7727432251, -45.3877487183, -32.2604598999, -6.99533081055, -12.3146514893, -2.9039542675, 2.09561300278, 5.13221788406, 10.1567592621, 15.8595094681, 28.8999137878, 38.1030502319]]}, "spectral_contrast_valleys": {"min": [-27.6016693115, -27.3999824524, -27.4358100891, -27.3168144226, -27.316576004, -27.3164596558], "max": [-5.29618406296, -4.03010225296, -5.73383617401, -6.38058996201, -6.51955652237, -8.99292755127], "dvar2": [0.362282633781, 0.372374683619, 0.309260815382, 0.380663871765, 0.754967391491, 1.11000406742], "median": [-7.27784347534, -7.29058170319, -8.41657447815, -9.21224880219, -9.92757511139, -12.3721637726], "dmean2": [0.662429273129, 0.681240677834, 0.589666962624, 0.585319280624, 0.807752966881, 1.21736562252], "dmean": [0.423670232296, 0.442853033543, 0.367346853018, 0.365149140358, 0.504859268665, 0.775590360165], "var": [6.22636032104, 4.39430427551, 2.83201384544, 2.31982278824, 2.22363257408, 2.96041965485], "dvar": [0.190831422806, 0.178683668375, 0.150942757726, 0.184123799205, 0.34107914567, 0.460238337517], "mean": [-8.11694145203, -7.52625417709, -8.58686542511, -9.29780673981, -9.7746963501, -12.5813426971]}, "barkbands_flatness_db": {"min": 0.0407108925283, "max": 0.468423634768, "dvar2": 0.00330401025712, "median": 0.256309807301, "dmean2": 0.063745290041, "dmean": 0.0414932668209, "var": 0.00868131872267, "dvar": 0.00144473917317, "mean": 0.244765013456}, "dynamic_complexity": 8.97159957886, "spectral_skewness": {"min": -0.0283794105053, "max": 13.5434541702, "dvar2": 3.92570257187, "median": 3.52571058273, "dmean2": 1.672129035, "dmean": 1.04355537891, "var": 3.34502124786, "dvar": 1.52404081821, "mean": 4.08198356628}, "erbbands_flatness_db": {"min": 0.032568346709, "max": 0.479564011097, "dvar2": 0.00322100985795, "median": 0.205595061183, "dmean2": 0.0624741949141, "dmean": 0.04011