{"lowlevel": {"spectral_complexity": {"min": 0, "max": 60, "dvar2": 51.7381210327, "median": 9, "dmean2": 5.39925909042, "dmean": 3.65050506592, "var": 97.9025878906, "dvar": 28.3327255249, "mean": 11.3920993805}, "silence_rate_20dB": {"min": 1, "max": 1, "dvar2": 0, "median": 1, "dmean2": 0, "dmean": 0, "var": 0, "dvar": 0, "mean": 1}, "average_loudness": 0.72471934557, "erbbands_spread": {"min": 0.899268209934, "max": 240.261322021, "dvar2": 685.059082031, "median": 52.9902801514, "dmean2": 25.4411506653, "dmean": 17.1946277618, "var": 1191.28503418, "dvar": 343.824401855, "mean": 61.0336799622}, "spectral_kurtosis": {"min": -1.50144147873, "max": 118.072471619, "dvar2": 8.71429157257, "median": 1.53371322155, "dmean2": 1.50797069073, "dmean": 1.02811610699, "var": 8.38177490234, "dvar": 3.78132891655, "mean": 1.81774497032}, "barkbands_kurtosis": {"min": -1.94260036945, "max": 1368.1159668, "dvar2": 2920.96630859, "median": 2.61614370346, "dmean2": 16.6755695343, "dmean": 11.1349439621, "var": 2063.16845703, "dvar": 1321.06555176, "mean": 15.9287624359}, "spectral_strongpeak": {"min": 0, "max": 18.4045391083, "dvar2": 1.72454273701, "median": 0.422223091125, "dmean2": 0.661544442177, "dmean": 0.394844442606, "var": 0.928672015667, "dvar": 0.646229624748, "mean": 0.675526022911}, "spectral_spread": {"min": 691133.25, "max": 52488292, "dvar2": 4199902871550.0, "median": 7024230, "dmean2": 1722177.125, "dmean": 1253841.875, "var": 12826255032300.0, "dvar": 2352778313730.0, "mean": 7684850.5}, "spectral_rms": {"min": 3.14610859066e-12, "max": 0.0150284515694, "dvar2": 5.5687942222e-06, "median": 0.00344827724621, "dmean2": 0.00167543347925, "dmean": 0.00114507309627, "var": 1.04575783553e-05, "dvar": 2.80166887023e-06, "mean": 0.00450579077005}, "erbbands": {"min": [5.71864897054e-23, 1.03532175172e-21, 1.45619936571e-21, 3.15039874811e-21, 1.61702953009e-20, 2.80725163555e-20, 4.13347935895e-20, 9.39116760995e-20, 1.89075406378e-19, 2.00963865862e-19, 2.47385758826e-19, 3.14623315863e-19, 6.78352157092e-19, 1.11666942512e-18, 1.04636165799e-18, 1.5358744266e-18, 1.26815690436e-18, 1.49743286199e-18, 2.60662478117e-18, 2.80904311489e-18, 4.0676705884e-18, 5.17883595372e-18, 5.3162376845e-18, 6.44008621015e-18, 7.23113681432e-18, 8.13719157982e-18, 1.18984314559e-17, 7.92170606717e-18, 1.01552004274e-17, 1.03988357234e-17, 1.19035103449e-17, 1.18845720448e-17, 9.65646593909e-18, 8.11000049873e-18, 6.98494553015e-18, 4.54821868372e-18, 2.40654468024e-18, 9.78291828011e-19, 2.49167480016e-19, 2.70470175755e-20], "max": [7.26280736923, 41.2091712952, 138.633483887, 282.427215576, 520.544006348, 436.375305176, 235.352386475, 450.360961914, 376.361480713, 365.033508301, 463.072753906, 257.445587158, 701.216918945, 709.053039551, 654.121154785, 1039.91333008, 529.81628418, 1249.13305664, 547.049438477, 1244.97351074, 512.436462402, 348.372680664, 624.46887207, 309.866943359, 585.380371094, 215.164611816, 287.850097656, 256.982727051, 191.421066284, 251.213485718, 142.805038452, 195.060791016, 699.912658691, 413.912078857, 132.061462402, 30.2228736877, 7.62223911285, 0.85771882534, 0.0455993786454, 0.00212653819472], "dvar2": [0.829823195934, 28.9126148224, 464.331420898, 2051.91918945, 6179.82275391, 2516.74047852, 716.568969727, 2022.7130127, 1464.54455566, 1680.86279297, 1974.08642578, 965.700744629, 1930.59558105, 4188.13671875, 5051.82714844, 11289.2392578, 3686.3125, 8312.74609375, 2639.24902344, 6309.52783203, 2402.43334961, 1774.8425293, 4462.15527344, 1374.15734863, 719.928527832, 666.970153809, 423.415802002, 1009.42663574, 740.038024902, 735.879394531, 418.399414063, 487.025421143, 604.959411621, 156.334228516, 58.8896141052, 11.5074720383, 0.819347083569, 0.00958755798638, 3.73245602532e-05, 6.62070362978e-08], "median": [0.0161930415779, 0.0668784976006, 0.239047795534, 0.313471436501, 0.352663189173, 0.725086271763, 1.4606128931, 2.47227597237, 2.42743635178, 1.21280431747, 1.17429184914, 2.30688214302, 4.07276153564, 2.12777376175, 2.36501431465, 2.08246207237, 1.49250054359, 3.28875470161, 3.04907536507, 3.75355124474, 3.00414800644, 2.92099142075, 2.80710601807, 3.01801943779, 3.4727742672, 3.51754212379, 2.59689569473, 1.98990178108, 2.20509457588, 2.02777576447, 1.97542726994, 2.75339865685, 2.24159693718, 1.35557210445, 0.474303096533, 0.150605991483, 0.0335428602993, 0.00337779382244, 0.000192057457753, 3.61945240002e-05], "dmean2": [0.440001010895, 2.52437901497, 7.87647676468, 14.0374670029, 22.2031974792, 15.4487066269, 11.0692949295, 15.1043462753, 13.1862306595, 12.5347528458, 13.8283243179, 11.016336441, 15.890542984, 15.7520904541, 16.8525028229, 22.3856296539, 14.0121841431, 22.5009021759, 16.8219223022, 24.1252231598, 17.5562133789, 14.0437746048, 16.4895515442, 12.6037750244, 11.3944578171, 11.5685005188, 9.71123409271, 12.4118204117, 12.2924232483, 12.5007972717, 10.5755500793, 13.5743598938, 10.3028879166, 5.90451002121, 3.61895012856, 1.59049594402, 0.394838571548, 0.0422604680061, 0.00260581169277, 0.000115926006401], "dmean": [0.282997310162, 1.73568272591, 4.91267728806, 8.11014270782, 12.0179843903, 8.40993690491, 6.43144845963, 8.61721992493, 7.54875659943, 7.11426353455, 8.06732177734, 6.74133491516, 9.71126651764, 9.14241790771, 10.0677547455, 13.3770694733, 7.80161428452, 12.7700128555, 9.8122549057, 13.6556224823, 10.4837303162, 8.35262012482, 9.43850898743, 7.65041542053, 7.13461923599, 7.20876264572, 5.98545312881, 7.38765192032, 7.60714864731, 7.74882316589, 6.68316745758, 8.98896121979, 6.94569921494, 4.05440425873, 2.37206935883, 0.986660540104, 0.239705562592, 0.0252250730991, 0.00156190176494, 7.33616179787e-05], "var": [0.782041609287, 25.9285392761, 191.820388794, 556.961242676, 1283.66113281, 532.002380371, 230.716812134, 490.946014404, 372.49017334, 415.978302002, 568.002868652, 378.887512207, 827.37878418, 1103.7232666, 1516.88427734, 3299.01953125, 820.125610352, 2115.13305664, 898.020629883, 1752.44726563, 1074.2376709, 655.29083252, 1096.00158691, 515.963562012, 767.87878418, 402.488983154, 311.356628418, 317.876525879, 294.421722412, 321.63369751, 203.561187744, 306.459838867, 295.900146484, 106.187103271, 29.6221809387, 5.48311328888, 0.292382717133, 0.00307292025536, 1.16803948913e-05, 2.51852778632e-08], "dvar": [0.330780446529, 12.9825754166, 190.995529175, 780.571105957, 2176.92822266, 872.061645508, 262.094909668, 721.05670166, 519.36505127, 596.22644043, 730.171142578, 365.653869629, 737.198303223, 1512.67626953, 1907.93579102, 4329.76123047, 1299.76013184, 2949.66699219, 981.561645508, 2152.51000977, 878.268737793, 664.408447266, 1557.95129395, 514.889404297, 309.212036133, 269.413574219, 171.024581909, 372.826599121, 289.846160889, 288.58682251, 174.002243042, 225.917572021, 245.748519897, 72.2936553955, 25.1342964172, 4.71797990799, 0.318289875984, 0.00366208702326, 1.43230781759e-05, 2.61299106796e-08], "mean": [0.50839394331, 2.7079012394, 5.17347574234, 6.39503288269, 8.31730365753, 6.82054185867, 6.80592298508, 8.59172058105, 7.85365247726, 6.7373752594, 7.75159549713, 8.54639816284, 12.3924646378, 9.38642787933, 10.6877803802, 12.3474502563, 7.0460319519, 13.0410604477, 11.0037536621, 15.5624036789, 14.3687400818, 10.749874115, 10.3925905228, 9.9447479248, 11.6957988739, 11.0181255341, 9.00870800018, 7.95574569702, 8.621966362, 8.87237930298, 7.80984973907, 10.403169632, 8.20573425293, 4.99621534348, 2.61907982826, 1.00710582733, 0.226796522737, 0.0234979651868, 0.00138349959161, 9.07131543499e-05]}, "zerocrossingrate": {"min": 0.0009765625, "max": 0.5283203125, "dvar2": 0.00103316793684, "median": 0.08837890625, "dmean2": 0.0282114092261, "dmean": 0.0259228572249, "var": 0.00724841700867, "dvar": 0.000924464140553, "mean": 0.10600990802}, "spectral_contrast_coeffs": {"min": [-0.979143440723, -0.974264621735, -0.976553201675, -0.969904005527, -0.967888057232, -0.964066445827], "max": [-0.220445096493, -0.374695658684, -0.478176563978, -0.499735444784, -0.518372178078, -0.563108861446], "dvar2": [0.00624820077792, 0.00498282490298, 0.00324420724064, 0.00218338519335, 0.0013597701909, 0.00106471963227], "median": [-0.674029707909, -0.735619425774, -0.771817564964, -0.783954620361, -0.799980998039, -0.814632117748], "dmean2": [0.0903375819325, 0.0830717086792, 0.0689439177513, 0.0572851933539, 0.0415915250778, 0.0330767594278], "dmean": [0.059077963233, 0.0520883388817, 0.0437013693154, 0.0364605933428, 0.0264456104487, 0.0210928749293], "var": [0.0128846811131, 0.00896673090756, 0.00591641990468, 0.00408329628408, 0.00273674423806, 0.00197484134696], "dvar": [0.00296235946007, 0.00215637451038, 0.00141951965634, 0.000974586000666, 0.000607893860433, 0.000450238381745], "mean": [-0.659829378128, -0.725075542927, -0.765395998955, -0.777105510235, -0.792320787907, -0.811521172523]}, "dissonance": {"min": 0.196042865515, "max": 0.500000119209, "dvar2": 0.000840819324367, "median": 0.475821405649, "dmean2": 0.0281460508704, "dmean": 0.0171474218369, "var": 0.000954751274548, "dvar": 0.000333675794536, "mean": 0.467185527086}, "spectral_energyband_high": {"min": 7.18306114821e-21, "max": 0.0336238630116, "dvar2": 1.31594033519e-05, "median": 0.000665335508529, "dmean2": 0.00217151083052, "dmean": 0.00145282107405, "var": 8.87687292561e-06, "dvar": 6.00876273893e-06, "mean": 0.00194031232968}, "gfcc": {"mean": [-48.1679267883, 33.4811859131, -97.8357543945, 33.1804008484, -66.2847290039, 23.3756637573, -45.7788543701, 17.7428512573, -25.3517208099, 5.89109516144, -13.1621742249, 1.3669809103, -4.34952783585], "icov": [[8.49743082654e-05, -0.000129029140226, 0.000119451986393, -0.000217296226765, 0.000110056891572, -0.000191874947632, 0.000173616586835, -0.000161878910149, 0.000280667387415, -0.000387020030757, 0.000330523442244, -0.00030927703483, 0.00025459236349], [-0.000129029140226, 0.000958305259701, -0.000374361028662, 0.000506961543579, -0.000579352374189, 0.000543427711818, -0.00059662933927, 0.000428942672443, -0.000854367332067, 0.00134005385917, -0.00115647143684, 0.00100246758666, -0.000691840075888], [0.000119451986393, -0.000374361028662, 0.0010503558442, -0.000844838214107, 7.83375653555e-05, -0.000782890827395, 0.00047484372044, -0.000616342411377, 0.000926665728912, -0.000834801991004, 0.00100693211425, -0.000987833132967, 0.0010304080788], [-0.000217296226765, 0.000506961543579, -0.000844838214107, 0.00231442740187, -0.00113095249981, 0.000406793900765, -0.000755270011723, 0.000476098735817, -0.00140375003684, 0.00146599265281, -0.00115619320422, 0.0011479712557, -0.000793041370343], [0.000110056891572, -0.000579352374189, 7.83375653555e-05, -0.00113095249981, 0.00378001132049, -0.000681626726873, -0.00135399401188, -9.51629044721e-05, -0.000422653567512, -0.000714906433132, 0.00132362940349, -0.000988169573247, 0.000126597398776], [-0.000191874947632, 0.000543427711818, -0.000782890827395, 0.000406793900765, -0.000681626726873, 0.00494128698483, -0.00204330007546, -0.000288596522296, -0.00117340788711, 0.000334278622176, -0.000873905373737, 0.000920198566746, -0.000276897917502], [0.000173616586835, -0.00059662933927, 0.00047484372044, -0.000755270011723, -0.00135399401188, -0.00204330007546, 0.00587440282106, -0.000815421284642, 0.000227859156439, -0.00128023140132, -0.000438673712779, 0.00049276323989, 0.000239895947743], [-0.000161878910149, 0.000428942672443, -0.000616342411377, 0.000476098735817, -9.51629044721e-05, -0.000288596522296, -0.000815421284642, 0.00657517882064, -0.002101308899, 0.00045068122563, -0.00174916745164, 0.00130829145201, -0.00154743879102], [0.000280667387415, -0.000854367332067, 0.000926665728912, -0.00140375003684, -0.000422653567512, -0.00117340788711, 0.000227859156439, -0.002101308899, 0.0093214372173, -0.00291268574074, 0.00140476424713, -0.00326172099449, 0.000489661644679], [-0.000387020030757, 0.00134005385917, -0.000834801991004, 0.00146599265281, -0.000714906433132, 0.000334278622176, -0.00128023140132, 0.00045068122563, -0.00291268574074, 0.0131708225235, -0.00561790680513, -0.000237302388996, -0.000358737423085], [0.000330523442244, -0.00115647143684, 0.00100693211425, -0.00115619320422, 0.00132362940349, -0.000873905373737, -0.000438673712779, -0.00174916745164, 0.00140476424713, -0.00561790680513, 0.0114873200655, -0.00201641954482, -0.00166452245321], [-0.00030927703483, 0.00100246758666, -0.000987833132967, 0.0011479712557, -0.000988169573247, 0.000920198566746, 0.00049276323989, 0.00130829145201, -0.00326172099449, -0.000237302388996, -0.00201641954482, 0.0095700956881, -0.00276217865758], [0.00025459236349, -0.000691840075888, 0.0010304080788, -0.000793041370343, 0.000126597398776, -0.000276897917502, 0.000239895947743, -0.00154743879102, 0.000489661644679, -0.000358737423085, -0.00166452245321, -0.00276217865758, 0.0125096710399]], "cov": [[21953.5820313, 746.479492188, 630.782287598, 1436.78369141, 196.486526489, 596.183959961, -117.913314819, 235.958648682, -35.7951889038, 314.865020752, -236.587936401, 327.969512939, -272.356658936], [746.479492188, 2014.48034668, 435.398864746, 347.94140625, 482.04977417, 144.527023315, 356.780792236, 74.3350830078, 151.683654785, -60.1977844238, 106.300727844, -83.1906585693, 71.1976318359], [630.782287598, 435.398864746, 2194.63818359, 936.984191895, 516.415893555, 429.405487061, 259.123199463, 164.408859253, 100.621284485, 42.2893180847, -57.3859519958, 63.3109092712, -86.8640670776], [1436.78369141, 347.94140625, 936.984191895, 1232.96618652, 570.633789063, 336.533721924, 343.683380127, 138.282241821, 185.114318848, 33.2446174622, 27.515007019, 19.9036026001, 4.93872833252], [196.486526489, 482.04977417, 516.415893555, 570.633789063, 688.698669434, 272.753601074, 344.092132568, 106.05216217, 168.946716309, 38.6155052185, 32.4307670593, 26.4093265533, 26.527469635], [596.183959961, 144.527023315, 429.405487061, 336.533721924, 272.753601074, 417.626831055, 238.521972656, 110.089820862, 103.689605713, 55.2901077271, 37.1101074219, 14.1364517212, 2.93810200691], [-117.913314819, 356.780792236, 259.123199463, 343.683380127, 344.092132568, 238.521972656, 420.6144104, 105.052261353, 118.539901733, 46.0031852722, 72.2329559326, -12.8726930618, 32.7495574951], [235.958648682, 74.3350830078, 164.408859253, 138.282241821, 106.05216217, 110.089820862, 105.052261353, 216.975494385, 76.2896499634, 38.8765869141, 49.0120658875, 10.8205490112, 27.7611427307], [-35.7951889038, 151.683654785, 100.621284485, 185.114318848, 168.946716309, 103.689605713, 118.539901733, 76.2896499634, 199.589584351, 49.0899925232, 43.3538894653, 49.2736129761, 30.5572357178], [314.865020752, -60.1977844238, 42.2893180847, 33.2446174622, 38.6155052185, 55.2901077271, 46.0031852722, 38.8765869141, 49.0899925232, 131.76953125, 60.1016769409, 44.3445510864, 13.2925338745], [-236.587936401, 106.300727844, -57.3859519958, 27.515007019, 32.4307670593, 37.1101074219, 72.2329559326, 49.0120658875, 43.3538894653, 60.1016769409, 157.18019104, 24.812330246, 48.755153656], [327.969512939, -83.1906585693, 63.3109092712, 19.9036026001, 26.4093265533, 14.1364517212, -12.8726930618, 10.8205490112, 49.2736129761, 44.3445510864, 24.812330246, 158.569488525, 24.0595436096], [-272.356658936, 71.1976318359, -86.8640670776, 4.93872833252, 26.527469635, 2.93810200691, 32.7495574951, 27.7611427307, 30.5572357178, 13.2925338745, 48.755153656, 24.0595436096, 110.473999023]]}, "spectral_flux": {"min": 6.43727154914e-11, "max": 0.494336098433, "dvar2": 0.00493967533112, "median": 0.0636058449745, "dmean2": 0.0554398410022, "dmean": 0.0388859175146, "var": 0.00768858054653, "dvar": 0.00295035541058, "mean": 0.0928372293711}, "silence_rate_30dB": {"min": 0, "max": 1, "dvar2": 0.115410141647, "median": 1, "dmean2": 0.114939950407, "dmean": 0.0574635230005, "var": 0.0595822446048, "dvar": 0.0541570708156, "mean": 0.936370790005}, "spectral_energyband_middle_high": {"min": 1.34461358965e-21, "max": 0.0984383299947, "dvar2": 0.000127051782329, "median": 0.00105544109829, "dmean2": 0.00294597423635, "dmean": 0.00175543746445, "var": 3.73934963136e-05, "dvar": 4.6777226089e-05, "mean": 0.0024757462088}, "barkbands_spread": {"min": 0.137332171202, "max": 129.483337402, "dvar2": 383.429870605, "median": 24.7048130035, "dmean2": 16.6816616058, "dmean": 11.0215215683, "var": 447.356964111, "dvar": 175.44909668, "mean": 29.0065479279}, "spectral_centroid": {"min": 101.856414795, "max": 11691.5410156, "dvar2": 614245.9375, "median": 1673.43994141, "dmean2": 640.916015625, "dmean": 437.298583984, "var": 1593729.875, "dvar": 317850.53125, "mean": 1864.09973145}, "pitch_salience": {"min": 0.0383378639817, "max": 0.934515893459, "dvar2": 0.019317785278, "median": 0.513504743576, "dmean2": 0.142320156097, "dmean": 0.0935337245464, "var": 0.0360329784453, "dvar": 0.00898597296327, "mean": 0.48203343153}, "erbbands_skewness": {"min": -12.6734609604, "max": 11.1573438644, "dvar2": 0.744063258171, "median": 0.129404693842, "dmean2": 0.773705363274, "dmean": 0.516833007336, "var": 1.07078695297, "dvar": 0.348532706499, "mean": 0.165296211839}, "erbbands_crest": {"min": 2.4328994751, "max": 29.2318058014, "dvar2": 16.5554943085, "median": 7.48950195313, "dmean2": 4.55712413788, "dmean": 2.80540943146, "var": 18.0013141632, "dvar": 6.96880054474, "mean": 8.58997535706}, "melbands": {"min": [1.06948850871e-24, 1.24152457682e-24, 1.01805586237e-24, 1.52104067529e-24, 1.34268435221e-24, 1.86433529048e-24, 3.26038361774e-24, 1.81289209313e-24, 2.26671588329e-24, 1.46774010494e-24, 3.23642492597e-24, 4.17065396336e-24, 2.77711204441e-24, 4.02948690994e-24, 3.74217193535e-24, 3.35245256006e-24, 1.6466299938e-24, 2.16434165653e-24, 2.88486334432e-24, 3.47657627363e-24, 3.23936343284e-24, 3.85806427979e-24, 4.3836558741e-24, 4.25276610056e-24, 4.29167390369e-24, 3.66120364647e-24, 3.44213263435e-24, 5.21629934842e-24, 5.48288542501e-24, 5.60087377288e-24, 4.41822139239e-24, 4.80180579641e-24, 5.3855451169e-24, 5.55434399568e-24, 6.67370488246e-24, 5.46926219161e-24, 6.07736035357e-24, 5.64840067027e-24, 6.49744929598e-24, 6.06954747516e-24], "max": [0.0478295348585, 0.0555833354592, 0.0499446950853, 0.0324666462839, 0.0100244302303, 0.00959390215576, 0.00555082689971, 0.00357646029443, 0.00333207519725, 0.00190023891628, 0.00346347736195, 0.00283101620153, 0.00243245018646, 0.00311011634767, 0.00186913926154, 0.00164557166863, 0.00278244819492, 0.00111899664626, 0.00149080553092, 0.00127870996948, 0.000368737528333, 0.000422798941145, 0.000487861369038, 0.000491508515552, 0.00031286344165, 0.000355532305548, 0.000485776574351, 0.000150463718455, 0.000209791585803, 0.000255964667303, 0.000168916682014, 0.000131984153995, 0.000153765722644, 0.000152873806655, 0.000101432924566, 9.17736979318e-05, 0.000168650367414, 0.000492903462145, 0.000391598296119, 0.000377081334591], "dvar2": [4.63738106191e-05, 6.51194204693e-05, 5.85055349802e-05, 2.3617358238e-05, 1.12229008664e-06, 9.35904779453e-07, 3.29577801494e-07, 2.02167001362e-07, 1.1298550362e-07, 3.54052964724e-08, 4.99292447387e-08, 7.04153322317e-08, 5.94953917243e-08, 8.75574315273e-08, 3.85626357513e-08, 3.06942595785e-08, 2.61370765031e-08, 6.97228808022e-09, 9.53686374316e-09, 1.22361463184e-08, 2.25987184521e-09, 2.4460251602e-09, 2.62229726822e-09, 2.6448974122e-09, 9.28349175311e-10, 4.46510550756e-10, 5.03057373535e-10, 3.07895375862e-10, 2.64647997961e-10, 1.81812884192e-10, 4.0980865923e-10, 2.95660634864e-10, 1.87183560318e-10, 2.84173184983e-10, 1.79394915589e-10, 1.41172851187e-10, 2.64277294493e-10, 3.49370948838e-10, 1.99333383133e-10, 1.13084333564e-10], "median": [0.00016488210531, 0.000133688634378, 5.43786663911e-05, 3.33179414156e-05, 5.24315692019e-05, 5.94820849074e-05, 3.43017200066e-05, 1.03951133497e-05, 8.10542587715e-06, 1.41544596772e-05, 1.88581416296e-05, 6.95722656019e-06, 6.94438995197e-06, 6.20714035904e-06, 3.59134469363e-06, 2.55128770732e-06, 5.90891249885e-06, 4.48622131444e-06, 3.71699661628e-06, 4.72909778182e-06, 3.02775652017e-06, 3.05269281853e-06, 2.24316886488e-06, 2.33194259636e-06, 2.16819648813e-06, 2.30559385272e-06, 2.26095176004e-06, 2.1277403448e-06, 1.67851192145e-06, 1.0751142554e-06, 1.03457739442e-06, 1.15745581297e-06, 1.14151134767e-06, 1.06243157916e-06, 9.80384470495e-07, 1.30027535761e-06, 1.7651896087e-06, 1.50023606693e-06, 1.42522424085e-06, 1.00457737062e-06], "dmean2": [0.00342076946981, 0.00335277803242, 0.00245086383075, 0.00141224067193, 0.000421117874794, 0.00033296449692, 0.000192136605619, 0.000140253061545, 0.000106190695078, 6.91333698342e-05, 8.03440270829e-05, 6.44955944153e-05, 5.70920637983e-05, 6.03265107202e-05, 4.43535464001e-05, 3.59507357643e-05, 4.26719125244e-05, 2.74430840363e-05, 2.88532610284e-05, 3.63305553037e-05, 1.81148170668e-05, 1.6863898054e-05, 1.36935277624e-05, 1.36170710903e-05, 1.06385377876e-05, 8.88507747732e-06, 8.93760079634e-06, 7.89192927186e-06, 7.11155871613e-06, 5.77447235628e-06, 7.82903771324e-06, 7.4537610999e-06, 6.5047024691e-06, 7.61107048675e-06, 6.32295996184e-06, 6.85725626681e-06, 9.40460267884e-06, 7.50026174501e-06, 6.45299496682e-06, 4.9333248171e-06], "dmean": [0.00224097445607, 0.00228521018289, 0.00145759433508, 0.000758549198508, 0.000242867696215, 0.000190372491488, 0.000109776527097, 7.98451001174e-05, 6.22669394943e-05, 4.24442368967e-05, 4.90415804961e-05, 3.72139511455e-05, 3.34471769747e-05, 3.63574072253e-05, 2.54073383985e-05, 1.98131601792e-05, 2.44193797698e-05, 1.60228973982e-05, 1.63869481185e-05, 2.11127389775e-05, 1.08447184175e-05, 9.99558687909e-06, 7.9939409261e-06, 7.75928856456e-06, 6.4416171881e-06, 5.53972677153e-06, 5.55365977561e-06, 4.91214905196e-06, 4.34058620158e-06, 3.54822327608e-06, 4.58731119579e-06, 4.53221446151e-06, 4.10808979723e-06, 4.56847874375e-06, 3.87314912587e-06, 4.44243733e-06, 6.15946919424e-06, 5.00353735333e-06, 4.36556729255e-06, 3.3120631997e-06], "var": [4.86800126964e-05, 4.39249524788e-05, 1.82952207979e-05, 4.72086958325e-06, 3.42820527521e-07, 2.29590241929e-07, 8.07694320315e-08, 5.30987485092e-08, 3.4125612558e-08, 1.53506611866e-08, 2.100910379e-08, 1.79312689141e-08, 1.59278172873e-08, 2.54445708947e-08, 9.62509094649e-09, 6.35888586231e-09, 7.40188799142e-09, 2.36617103688e-09, 2.55381649161e-09, 4.54334259103e-09, 1.04725295103e-09, 8.89463891429e-10, 7.16749881668e-10, 6.75372036074e-10, 3.52922829849e-10, 3.25544119439e-10, 4.38883152043e-10, 1.81662310195e-10, 1.70893618701e-10, 9.02729835328e-11, 1.1753790996e-10, 1.05786684967e-10, 9.11144423799e-11, 1.08377133656e-10, 7.1834260762e-11, 8.09543196367e-11, 1.46642281651e-10, 1.61110763619e-10, 1.09832865025e-10, 7.43655623192e-11], "dvar": [1.94579606614e-05, 2.95414265565e-05, 2.33334812947e-05, 8.20241984911e-06, 4.04399031595e-07, 3.33957444809e-07, 1.16393700011e-07, 7.25146449554e-08, 4.20754666663e-08, 1.35341275964e-08, 1.90016518076e-08, 2.5283224403e-08, 2.17628937094e-08, 3.34643353028e-08, 1.41181537572e-08, 1.06356976559e-08, 9.41380662312e-09, 2.59333532426e-09, 3.28693827711e-09, 4.38955449766e-09, 8.38332903097e-10, 9.10458985981e-10, 9.3165841708e-10, 9.33407684478e-10, 3.50025092244e-10, 1.84608800469e-10, 2.14251991149e-10, 1.24436821958e-10, 9.96307619738e-11, 7.31639818174e-11, 1.49126072602e-10, 1.13327160156e-10, 7.63448609886e-11, 1.07947671635e-10, 7.03959737725e-11, 6.35217781153e-11, 1.16906553882e-10, 1.38503514213e-10, 8.64675414602e-11, 5.19920773101e-11], "mean": [0.00426285201684, 0.00306350947358, 0.00121121841948, 0.000544824346434, 0.000254114391282, 0.000194465057575, 0.000112392459414, 7.5050869782e-05, 5.98977458139e-05, 5.47959425603e-05, 6.11466384726e-05, 3.68065302609e-05, 3.39748585247e-05, 3.43870378856e-05, 2.19745979848e-05, 1.65019700944e-05, 2.52729951171e-05, 1.71611736732e-05, 1.70975836227e-05, 2.54962269537e-05, 1.46198781295e-05, 1.22077508422e-05, 9.01394741959e-06, 8.33248213894e-06, 7.89149544289e-06, 8.32995101518e-06, 8.26322866487e-06, 7.16523345545e-06, 6.25044458502e-06, 4.41613610747e-06, 4.6221653065e-06, 4.90286129207e-06, 4.8664287533e-06, 4.91381797474e-06, 4.26229416917e-06, 5.21799665876e-06, 6.8581762207e-06, 5.77756009079e-06, 5.15404235557e-06, 3.98379370381e-06]}, "spectral_entropy": {"min": 3.57957100868, "max": 9.82538127899, "dvar2": 0.134838417172, "median": 7.95387268066, "dmean2": 0.33604735136, "dmean": 0.234148070216, "var": 0.248623296618, "dvar": 0.0704750269651, "mean": 7.90622091293}, "spectral_rolloff": {"min": 21.533203125, "max": 19638.28125, "dvar2": 9939713, "median": 1550.390625, "dmean2": 2139.32373047, "dmean": 1302.00073242, "var": 12717522, "dvar": 4903251, "mean": 2873.13012695}, "barkbands": {"min": [2.444669838e-25, 4.53210845241e-24, 1.23673964239e-24, 7.3137651245e-25, 1.38297540323e-23, 8.48624060767e-24, 1.27356228894e-23, 6.22160278122e-24, 1.38153525876e-23, 2.2534853054e-23, 2.49362497792e-23, 3.32829913798e-23, 3.0559367063e-23, 2.34005710995e-23, 4.31365929935e-23, 4.81508169436e-23, 8.64748062126e-23, 1.03638904897e-22, 1.18141147074e-22, 1.70435632627e-22, 2.9096643502e-22, 3.11293297955e-22, 4.26946213651e-22, 6.12733685339e-22, 9.2648489717e-22, 1.32445853431e-21, 1.99528444158e-21], "max": [0.0507968813181, 0.164072498679, 0.142293691635, 0.130997493863, 0.140161186457, 0.0411068350077, 0.0217942912132, 0.0229909457266, 0.0121494550258, 0.0170150026679, 0.0200972668827, 0.0284754373133, 0.0128173399717, 0.0240274239331, 0.0179857406765, 0.014550996013, 0.00555158825591, 0.0109307942912, 0.00899005215615, 0.00732564367354, 0.00560048036277, 0.00552877504379, 0.00518871704116, 0.0233575329185, 0.0207292623818, 0.00519017782062, 0.000251105957432], "dvar2": [1.14506310638e-05, 0.000561963883229, 0.000585588335525, 0.00038087167195, 0.000342601939337, 2.09946465475e-05, 6.61955436954e-06, 4.64139020551e-06, 1.67285475072e-06, 2.4753865091e-06, 3.27903103425e-06, 8.3066543084e-06, 1.94813037524e-06, 2.46280296778e-06, 1.62646938406e-06, 1.29645957259e-06, 4.84393922306e-07, 1.39591895731e-06, 3.07559389512e-07, 3.39672908467e-07, 3.58154096602e-07, 5.31040882379e-07, 6.73142210417e-07, 1.51170718254e-06, 8.80231539213e-07, 3.30870136622e-07, 1.31924127178e-09], "median": [5.16292857355e-05, 0.000426330399932, 0.000156120484462, 7.82053830335e-05, 0.000220752728637, 0.000305048539303, 0.000129218562506, 4.30500440416e-05, 9.03464679141e-05, 0.000100523495348, 5.39702487004e-05, 4.61053095933e-05, 2.40400549956e-05, 5.92490578128e-05, 5.46739684069e-05, 4.91534847242e-05, 5.27356496605e-05, 4.95185122418e-05, 6.37926277705e-05, 7.52405248932e-05, 5.02326729475e-05, 6.44359388389e-05, 6.34941461612e-05, 0.000146148115164, 9.54481438384e-05, 2.34774925048e-05, 7.71248835463e-07], "dmean2": [0.00163088086993, 0.0117349978536, 0.00818441063166, 0.00571439322084, 0.00551915727556, 0.00167323788628, 0.000833669269923, 0.000679085089359, 0.000477292691357, 0.000513185048476, 0.000438105751527, 0.000573751691263, 0.000311154493829, 0.000428316387115, 0.000388667685911, 0.000390528119169, 0.000255510618445, 0.000295757607091, 0.000234741703025, 0.00026183083537, 0.000265678419964, 0.000340158410836, 0.000391040783143, 0.000658697739709, 0.000494722567964, 0.000262741959887, 1.52449465531e-05], "dmean": [0.000985865830444, 0.00781359802932, 0.00482587749138, 0.00316455028951, 0.00297638308257, 0.000959973374847, 0.000472323416034, 0.000392273912439, 0.000290104508167, 0.000306492467644, 0.000254363170825, 0.000340385362506, 0.000170707382495, 0.000243705668254, 0.000222343966016, 0.00023135849915, 0.000152177468408, 0.000170547646121, 0.000145709200297, 0.000162615717272, 0.000159685034305, 0.000213488281588, 0.000241802117671, 0.000443235883722, 0.000336216588039, 0.000160139214131, 8.9809691417e-06], "var": [2.95861973427e-05, 0.000557701976504, 0.000176899586222, 8.81456944626e-05, 6.88697691658e-05, 5.40260680282e-06, 1.54930694407e-06, 1.32420848331e-06, 6.49798380437e-07, 8.2919984834e-07, 8.80435834461e-07, 2.29186434808e-06, 4.05460809816e-07, 6.85671523115e-07, 4.6572816359e-07, 5.62549416827e-07, 1.89247586491e-07, 3.50750411826e-07, 2.3226078838e-07, 2.05108491969e-07, 1.6102721645e-07, 2.36329498193e-07, 2.78249956409e-07, 8.94155675724e-07, 6.30016870673e-07, 1.38168275043e-07, 3.88864718204e-10], "dvar": [4.58997965325e-06, 0.000241500412812, 0.000225254101679, 0.000138671486638, 0.000118363408546, 7.56170720706e-06, 2.33374703384e-06, 1.70504006292e-06, 6.34098569208e-07, 9.21869911963e-07, 1.17991612569e-06, 3.13861164614e-06, 6.73958595598e-07, 8.85208805812e-07, 5.69500912206e-07, 4.76285720197e-07, 1.82840480534e-07, 4.91619516652e-07, 1.2613385536e-07, 1.38252815418e-07, 1.39656151532e-07, 2.11152510587e-07, 2.65711236125e-07, 6.68153461447e-07, 4.18110488454e-07, 1.31626961775e-07, 5.00050278962e-10], "mean": [0.00207419670187, 0.0140033997595, 0.00425725523382, 0.002225384349, 0.00230105244555, 0.000987867359072, 0.000456716254121, 0.000374084542273, 0.000351139664417, 0.000355369935278, 0.000262929388555, 0.000299878040096, 0.000144689853187, 0.000249977281783, 0.000236156294704, 0.00029555967194, 0.00019287437317, 0.000185538083315, 0.000218973087613, 0.000243964896072, 0.000197317174752, 0.000252271915087, 0.000270449760137, 0.000519274035469, 0.000407586980145, 0.000157008136739, 7.62369154472e-06]}, "melbands_flatness_db": {"min": 0.00422607921064, "max": 0.734317541122, "dvar2": 0.00269196578301, "median": 0.184860214591, "dmean2": 0.0516112521291, "dmean": 0.0361658781767, "var": 0.0116072436795, "dvar": 0.00143207667861, "mean": 0.202309772372}, "melbands_skewness": {"min": -6.48623275757, "max": 31.6721324921, "dvar2": 6.98312139511, "median": 3.21872186661, "dmean2": 2.19442439079, "dmean": 1.51216578484, "var": 19.9748077393, "dvar": 3.5077483654, "mean": 4.83987236023}, "barkbands_skewness": {"min": -10.851026535, "max": 33.815032959, "dvar2": 3.93200349808, "median": 1.61534619331, "dmean2": 1.51023375988, "dmean": 1.05283534527, "var": 8.70561408997, "dvar": 1.96819019318, "mean": 2.34515881538}, "silence_rate_60dB": {"min": 0, "max": 1, "dvar2": 0.122432097793, "median": 0, "dmean2": 0.118531823158, "dmean": 0.0592592582107, "var": 0.143251165748, "dvar": 0.0557454228401, "mean": 0.173268988729}, "spectral_energyband_low": {"min": 1.66195748231e-23, "max": 0.19246789813, "dvar2": 0.000999703654088, "median": 0.00150478677824, "dmean2": 0.0162136293948, "dmean": 0.0109284762293, "var": 0.00113629177213, "dvar": 0.000468514394015, "mean": 0.0210828948766}, "spectral_energyband_middle_low": {"min": 1.49651684751e-22, "max": 0.199584066868, "dvar2": 0.00111830013338, "median": 0.00217921147123, "dmean2": 0.0123219154775, "dmean": 0.0070991544053, "var": 0.00030147031066, "dvar": 0.000421966513386, "mean": 0.00687266606838}, "melbands_kurtosis": {"min": -1.93419909477, "max": 2167.23510742, "dvar2": 9495.17871094, "median": 14.4085283279, "dmean2": 47.4447097778, "dmean": 31.9382648468, "var": 12347.5537109, "dvar": 4599.00048828, "mean": 60.4186058044}, "spectral_decrease": {"min": -5.91499649261e-08, "max": 2.21187096416e-11, "dvar2": 9.51783129561e-17, "median": -2.62375565718e-09, "dmean2": 5.55437384975e-09, "dmean": 3.68098218573e-09, "var": 1.06781148939e-16, "dvar": 4.540775878e-17, "mean": -7.7802813081e-09}, "erbbands_kurtosis": {"min": -1.95993924141, "max": 204.979553223, "dvar2": 39.2377128601, "median": -0.312068969011, "dmean2": 2.22594714165, "dmean": 1.40959894657, "var": 33.0181350708, "dvar": 17.9908466339, "mean": 0.64225512743}, "melbands_crest": {"min": 1.69541394711, "max": 37.9250831604, "dvar2": 34.0167655945, "median": 17.1642169952, "dmean2": 6.34970998764, "dmean": 4.07897520065, "var": 71.4727172852, "dvar": 14.7432413101, "mean": 17.9417114258}, "melbands_spread": {"min": 0.184311881661, "max": 292.171722412, "dvar2": 1125.71166992, "median": 21.0341472626, "dmean2": 21.1262702942, "dmean": 13.9622249603, "var": 1347.32702637, "dvar": 527.461120605, "mean": 32.7983093262}, "spectral_energy": {"min": 1.01454493767e-20, "max": 0.231500729918, "dvar2": 0.00153208943084, "median": 0.0121878813952, "dmean2": 0.0225221216679, "dmean": 0.0149577083066, "var": 0.00163877487648, "dvar": 0.000727043836378, "mean": 0.0315287075937}, "mfcc": {"mean": [-690.755371094, 67.0700378418, 20.8122806549, 11.0087890625, 10.3523817062, -0.70218205452, 2.66626811028, 1.16626143456, 1.11515402794, 4.97179889679, -5.85581207275, -2.3215880394, 0.182465419173], "icov": [[9.03747204575e-05, -2.5699075195e-05, -4.23362598667e-06, -6.95474009262e-05, -3.36076664098e-05, -7.62394774938e-05, 9.60704273893e-05, 1.98492834897e-05, 5.64285801374e-05, 2.27326313507e-06, 6.60475343466e-05, -0.000110449473141, -8.15289386082e-05], [-2.5699075195e-05, 0.000747011508793, -9.61296154856e-06, 5.85678662901e-06, -0.000184919786989, 9.5595161838e-05, -0.000345925829606, -0.000119873788208, -4.70774539281e-05, -8.25696261018e-05, -2.75212387351e-05, 5.34441205673e-05, 0.000223164621275], [-4.23362598667e-06, -9.61296154856e-06, 0.001038823626, -0.000235222716583, -0.00059170066379, -0.00010728725465, -0.000220331712626, -0.00024307637068, 0.000236830033828, 0.000325941626215, -0.000745041237678, 0.000173670166987, 0.000568229181226], [-6.95474009262e-05, 5.85678662901e-06, -0.000235222716583, 0.00243427651003, -0.0010974991601, -0.000447872967925, -0.000380407407647, -0.000299155013636, -0.000763261225075, 0.000355894648237, -0.000124727710499, -0.000914092350286, 0.000486982637085], [-3.36076664098e-05, -0.000184919786989, -0.00059170066379, -0.0010974991601, 0.0050312099047, -0.000711614557076, 0.000375375762815, -0.000984051497653, -0.000848804542329, -0.000539995904546, 0.000790397985838, -0.000787215889432, -0.0003243086976], [-7.62394774938e-05, 9.5595161838e-05, -0.00010728725465, -0.000447872967925, -0.000711614557076, 0.00432517006993, -0.00128502049483, -0.000729787803721, -0.00113753892947, 0.00101236440241, -0.00153036322445, 0.00129028246738, -0.00120160006918], [9.60704273893e-05, -0.000345925829606, -0.000220331712626, -0.000380407407647, 0.000375375762815, -0.00128502049483, 0.00554425828159, -0.000920056249015, 0.000164101889823, -0.00317757879384, 0.00099454796873, -0.00179063307587, 0.000489032419864], [1.98492834897e-05, -0.000119873788208, -0.00024307637068, -0.000299155013636, -0.000984051497653, -0.000729787803721, -0.000920056249015, 0.00882037729025, -0.00379094365053, 0.000628959271125, -0.00159210094716, 0.000891556439456, -0.00155822793022], [5.64285801374e-05, -4.70774539281e-05, 0.000236830033828, -0.000763261225075, -0.000848804542329, -0.00113753892947, 0.000164101889823, -0.00379094365053, 0.0115912109613, -0.00287677673623, 4.26162514486e-05, -0.000195403394173, 7.96424938017e-05], [2.27326313507e-06, -8.25696261018e-05, 0.000325941626215, 0.000355894648237, -0.000539995904546, 0.00101236440241, -0.00317757879384, 0.000628959271125, -0.00287677673623, 0.0092329448089, -0.0023017723579, 0.00188155565411, -0.00142879481427], [6.60475343466e-05, -2.75212387351e-05, -0.000745041237678, -0.000124727710499, 0.000790397985838, -0.00153036322445, 0.00099454796873, -0.00159210094716, 4.26162514486e-05, -0.0023017723579, 0.0113888327032, -0.00432872399688, 0.000251186691457], [-0.000110449473141, 5.34441205673e-05, 0.000173670166987, -0.000914092350286, -0.000787215889432, 0.00129028246738, -0.00179063307587, 0.000891556439456, -0.000195403394173, 0.00188155565411, -0.00432872399688, 0.0133893508464, -0.00515793217346], [-8.15289386082e-05, 0.000223164621275, 0.000568229181226, 0.000486982637085, -0.0003243086976, -0.00120160006918, 0.000489032419864, -0.00155822793022, 7.96424938017e-05, -0.00142879481427, 0.000251186691457, -0.00515793217346, 0.0120769320056]], "cov": [[12839.7265625, 506.830352783, 620.225830078, 937.185546875, 564.353393555, 555.458435059, 56.3843078613, 248.881515503, 163.02456665, -17.894859314, 133.481170654, 261.889343262, 216.471374512], [506.830352783, 1520.27685547, 248.589416504, 234.256759644, 196.746780396, 140.853424072, 206.637069702, 137.603347778, 108.449409485, 95.5907516479, 59.1426048279, 37.8541145325, 8.40208721161], [620.225830078, 248.589416504, 1529.3984375, 563.530700684, 417.000946045, 349.564971924, 216.161148071, 252.792709351, 161.156723022, 49.0799674988, 178.390579224, 83.1449127197, 11.2960348129], [937.185546875, 234.256759644, 563.530700684, 911.29699707, 412.911895752, 369.91986084, 233.759628296, 260.008331299, 214.152099609, 79.9021911621, 141.943969727, 129.450363159, 71.0877838135], [564.353393555, 196.746780396, 417.000946045, 412.911895752, 447.947113037, 257.936798096, 149.136657715, 193.64289856, 154.119720459, 70.3617477417, 89.142364502, 79.4485473633, 59.927898407], [555.458435059, 140.853424072, 349.564971924, 369.91986084, 257.936798096, 492.674804688, 197.497970581, 207.728439331, 164.833816528, 69.3939590454, 121.202148438, 66.7584686279, 77.6474227905], [56.3843078613, 206.637069702, 216.161148071, 233.759628296, 149.136657715, 197.497970581, 351.961090088, 141.292907715, 116.290290833, 131.81678772, 71.5894241333, 63.941280365, 45.2468338013], [248.881515503, 137.603347778, 252.792709351, 260.008331299, 193.64289856, 207.728439331, 141.292907715, 263.469604492, 147.025619507, 67.8109130859, 89.1368103027, 52.7068977356, 58.6093864441], [163.02456665, 108.449409485, 161.156723022, 214.152099609, 154.119720459, 164.833816528, 116.290290833, 147.025619507, 191.078201294, 81.7476959229, 64.4205780029, 40.746963501, 42.1526298523], [-17.894859314, 95.5907516479, 49.0799674988, 79.9021911621, 70.3617477417, 69.3939590454, 131.81678772, 67.8109130859, 81.7476959229, 180.594772339, 49.666343689, 19.3816566467, 32.8584976196], [133.481170654, 59.1426048279, 178.390579224, 141.943969727, 89.142364502, 121.202148438, 71.5894241333, 89.1368103027, 64.4205780029, 49.666343689, 149.305999756, 62.174571991, 37.6458244324], [261.889343262, 37.8541145325, 83.1449127197, 129.450363159, 79.4485473633, 66.7584686279, 63.941280365, 52.7068977356, 40.746963501, 19.3816566467, 62.174571991, 129.129394531, 60.8044891357], [216.471374512, 8.40208721161, 11.2960348129, 71.0877838135, 59.927898407, 77.6474227905, 45.2468338013, 58.6093864441, 42.1526298523, 32.8584976196, 37.6458244324, 60.8044891357, 124.570747375]]}, "spectral_contrast_valleys": {"min": [-28.3004188538, -27.8734588623, -27.8079929352, -27.5645446777, -27.4903907776, -27.4118003845], "max": [-4.89592313766, -4.28124761581, -4.55282449722, -5.06961202621, -5.31758022308, -7.23294401169], "dvar2": [0.73050236702, 0.861842155457, 0.598341524601, 0.619758248329, 0.473026096821, 0.478250354528], "median": [-8.05749702454, -7.67008209229, -8.00058078766, -8.39545536041, -7.90727710724, -9.42188453674], "dmean2": [0.874420642853, 0.839147150517, 0.703538954258, 0.670884132385, 0.564846754074, 0.623324036598], "dmean": [0.574432373047, 0.548501253128, 0.451724857092, 0.438022643328, 0.390500992537, 0.481199353933], "var": [6.22004508972, 4.15521383286, 3.65497469902, 3.67573189735, 3.65485477448, 3.53178906441], "dvar": [0.42197099328, 0.421274572611, 0.294893801212, 0.305983930826, 0.257491350174, 0.297161966562], "mean": [-8.50940036774, -7.96915435791, -8.32207870483, -8.62030696869, -8.15543365479, -9.64148426056]}, "barkbands_flatness_db": {"min": 0.0234014205635, "max": 0.590855062008, "dvar2": 0.00195337785408, "median": 0.135965883732, "dmean2": 0.0439954735339, "dmean": 0.0302265826613, "var": 0.00641505559906, "dvar": 0.0010082613444, "mean": 0.15217666328}, "dynamic_complexity": 4.91896915436, "spectral_skewness": {"min": -1.5071502924, "max": 8.14693069458, "dvar2": 0.1328856498, "median": 1.17790985107, "dmean2": 0.344574183226, "dmean": 0.238622888923, "var": 0.216224089265, "dvar": 0.0702914372087, "mean": 1.17035591602}, "erbbands_flatness_db": {"min": 0.0467135831714, "max": 0.546442747116, "dvar2": 0.000849905889481, "median": 0.124675281346, "dmean2": 0.0290742497891, "dmean": 0.0198407117277, "var": 0.00320112449117, "dvar": 0.000457054731669, "mean": 0.137292146683}, "hfc": {"min": 1.06053706456e-16, "max": 312.30789