{"lowlevel": {"spectral_complexity": {"min": 0, "max": 40, "dvar2": 10.0650014877, "median": 9, "dmean2": 2.93179750443, "dmean": 1.97732877731, "var": 56.6539344788, "dvar": 5.3905172348, "mean": 10.6540222168}, "silence_rate_20dB": {"min": 1, "max": 1, "dvar2": 0, "median": 1, "dmean2": 0, "dmean": 0, "var": 0, "dvar": 0, "mean": 1}, "average_loudness": 0.663636505604, "erbbands_spread": {"min": 2.72717118263, "max": 183.314071655, "dvar2": 196.469512939, "median": 33.5799407959, "dmean2": 11.4703168869, "dmean": 7.84129095078, "var": 539.934387207, "dvar": 105.385314941, "mean": 39.2280387878}, "spectral_kurtosis": {"min": -1.19941723347, "max": 41.7652282715, "dvar2": 16.0581169128, "median": 4.84024238586, "dmean2": 3.02787661552, "dmean": 1.83953416348, "var": 25.0530166626, "dvar": 5.88184785843, "mean": 6.22588396072}, "barkbands_kurtosis": {"min": -1.84986388683, "max": 275.810058594, "dvar2": 183.235900879, "median": 5.16530513763, "dmean2": 7.32075738907, "dmean": 4.81693077087, "var": 202.842819214, "dvar": 84.4140014648, "mean": 9.76480007172}, "spectral_strongpeak": {"min": 0, "max": 14.5717849731, "dvar2": 1.28205001354, "median": 0.32846736908, "dmean2": 0.610288798809, "dmean": 0.379666596651, "var": 1.51104474068, "dvar": 0.557976722717, "mean": 0.759526133537}, "spectral_spread": {"min": 1299266.5, "max": 39780292, "dvar2": 1162815602690.0, "median": 4313944.5, "dmean2": 802815.375, "dmean": 573387.875, "var": 4506060324860.0, "dvar": 726045818880, "mean": 4789252.5}, "spectral_rms": {"min": 3.14476417997e-12, "max": 0.0183466747403, "dvar2": 1.79053006377e-06, "median": 0.00304182851687, "dmean2": 0.000966276042163, "dmean": 0.000746253179386, "var": 6.22137395112e-06, "dvar": 1.08853180336e-06, "mean": 0.00355892744847}, "erbbands": {"min": [2.34696645863e-22, 2.71840326931e-21, 7.83549985636e-21, 1.75591283182e-20, 1.88431808163e-19, 3.62720663158e-19, 5.6067061891e-19, 6.77636077176e-19, 5.68437172778e-19, 1.01940425542e-18, 5.28531446788e-19, 1.83665735645e-18, 2.11349340757e-18, 4.10192041525e-18, 3.71605885747e-18, 3.83344157665e-18, 2.0602198742e-18, 4.77227626906e-18, 8.06453120764e-18, 1.05548122085e-17, 1.05597115992e-17, 1.04691270504e-17, 8.75941007148e-18, 2.3533736759e-17, 1.3554381695e-17, 2.49462518797e-17, 1.89457745284e-17, 1.83206377436e-17, 1.75231562237e-17, 1.73362713079e-17, 2.53655993631e-17, 1.89947088791e-17, 1.2879827486e-17, 1.05485711307e-17, 8.61669329167e-18, 5.73639497766e-18, 2.54930736857e-18, 9.89798117126e-19, 2.8936103901e-19, 2.50570148922e-20], "max": [7.05357551575, 78.2087554932, 61.1966056824, 60.1577415466, 166.925994873, 257.134918213, 714.551391602, 407.262298584, 754.451599121, 2021.15185547, 2218.75537109, 2398.35229492, 1989.60144043, 1694.33605957, 1232.18725586, 2956.44970703, 1270.67773438, 1415.96337891, 1534.6550293, 2191.26879883, 1728.40539551, 957.314025879, 1267.08081055, 414.464385986, 164.337539673, 107.574790955, 125.556602478, 121.944000244, 45.9064979553, 39.8787612915, 52.7807044983, 48.2599029541, 27.2116622925, 26.1860637665, 16.4869041443, 13.3570051193, 2.52956414223, 0.349579781294, 0.0319250039756, 0.00140009925235], "dvar2": [0.382631480694, 33.525718689, 17.2463035583, 43.6097106934, 161.886322021, 162.37512207, 620.600646973, 875.511169434, 1822.62695312, 2422.59814453, 5589.93359375, 4952.53808594, 4459.43554688, 3173.5402832, 3045.5559082, 7069.17236328, 3260.07861328, 4087.68408203, 3008.76586914, 2605.27001953, 3054.47705078, 1324.00354004, 736.777038574, 451.712188721, 51.3829841614, 26.9347667694, 24.458978653, 20.2960987091, 6.36593389511, 9.123254776, 5.93589019775, 3.97329449654, 2.46118450165, 1.79255104065, 1.78897762299, 0.449941396713, 0.0567980967462, 0.00107988633681, 6.02096770308e-06, 6.78689637823e-09], "median": [0.00946240499616, 0.157089725137, 0.596242666245, 1.35788607597, 2.62865591049, 3.09142112732, 4.45907497406, 6.7019701004, 5.3991727829, 3.31150770187, 2.4594643116, 2.68847417831, 2.08001613617, 1.55182778835, 2.12563657761, 1.87073457241, 2.26652598381, 2.0975856781, 1.82032740116, 1.69143199921, 2.10288381577, 2.19733047485, 1.71968197823, 1.42216837406, 1.01056098938, 0.604884147644, 0.454742223024, 0.441509544849, 0.332704752684, 0.384640753269, 0.230771303177, 0.173787981272, 0.136331647635, 0.0680060088634, 0.0225543193519, 0.00461578834802, 0.000763674499467, 0.000157642294653, 2.73733694485e-05, 1.32566001412e-05], "dmean2": [0.169108211994, 1.68238222599, 1.69689667225, 3.30227303505, 5.77235603333, 6.61056995392, 10.5472679138, 14.9476165771, 16.5318889618, 16.0882015228, 18.7866611481, 15.7654275894, 14.578710556, 12.7370166779, 13.8822984695, 18.1580619812, 15.7098579407, 15.9877519608, 12.6872911453, 11.2823677063, 11.4661817551, 11.7777404785, 8.46348285675, 6.29670381546, 2.91360330582, 1.95580863953, 1.69200527668, 1.57082641125, 0.918597459793, 1.10192584991, 0.799413025379, 0.65642362833, 0.528923809528, 0.423617362976, 0.334733992815, 0.164914920926, 0.0544374957681, 0.00754988985136, 0.000586313311942, 2.70256023214e-05], "dmean": [0.10733614862, 1.14634978771, 1.09085786343, 1.98945605755, 3.49562048912, 4.05796432495, 6.62280893326, 9.49532032013, 10.7035493851, 11.0295267105, 12.8349523544, 10.6937570572, 10.3505029678, 9.35323905945, 10.1606893539, 12.8593835831, 11.3143444061, 11.0734519958, 8.8504114151, 8.30581760406, 8.74111461639, 8.99038887024, 6.31821727753, 4.50351715088, 2.00698971748, 1.30428528786, 1.15680813789, 1.06169629097, 0.612488389015, 0.719205319881, 0.515467405319, 0.443381547928, 0.379157364368, 0.311321854591, 0.244472563267, 0.119912162423, 0.0355853773654, 0.00481439242139, 0.000385102175642, 1.94086387637e-05], "var": [0.161447167397, 19.8136768341, 11.9913663864, 22.5522651672, 85.4012069702, 149.086669922, 569.553588867, 1052.25305176, 1798.75891113, 4889.66162109, 8373.36523438, 5240.16455078, 5723.41699219, 8559.03125, 4525.37353516, 11326.9091797, 4678.94287109, 5635.99414062, 3661.87280273, 7004.546875, 5750.22460938, 3673.00219727, 1897.38659668, 539.924804688, 110.479171753, 62.4274520874, 64.0900344849, 29.3639774323, 6.41758584976, 8.50109291077, 5.50267696381, 4.76904344559, 3.86097240448, 2.94722962379, 1.63809561729, 0.396854549646, 0.0306173767895, 0.000543136091437, 3.49648939846e-06, 6.42944231188e-09], "dvar": [0.164245545864, 15.9222049713, 7.42292690277, 16.0272274017, 61.4534645081, 63.5208129883, 250.01625061, 366.190307617, 821.937194824, 1450.83679199, 2766.2512207, 2253.51757812, 2285.52075195, 1985.85229492, 1593.67114258, 3832.22827148, 1732.72253418, 2028.3092041, 1619.73339844, 1612.63134766, 1719.68701172, 896.357055664, 517.019348145, 232.405776978, 24.8426246643, 12.6669330597, 11.998456955, 9.88928127289, 2.82865691185, 3.81122684479, 2.45959639549, 1.91635668278, 1.31274080276, 0.995820105076, 0.880279183388, 0.233098477125, 0.026304256171, 0.000496012100484, 2.93298830911e-06, 3.70727692989e-09], "mean": [0.105535365641, 1.28673255444, 1.71467900276, 2.96315073967, 5.47632312775, 7.26492452621, 12.5448694229, 18.4448280334, 19.3995609283, 20.7566509247, 25.1057415009, 20.1777057648, 18.7017383575, 18.5271110535, 19.6804141998, 24.0536422729, 22.3913669586, 21.6513366699, 16.8429050446, 17.7947902679, 18.5364513397, 19.3190879822, 13.6201992035, 8.77662372589, 4.6387424469, 3.12201309204, 2.77698135376, 2.19029211998, 1.19134712219, 1.38964188099, 0.994280397892, 0.877359569073, 0.786992073059, 0.629147708416, 0.39980340004, 0.160237655044, 0.0366011597216, 0.00472874939442, 0.000404561229516, 3.7402001908e-05]}, "zerocrossingrate": {"min": 0.00341796875, "max": 0.51904296875, "dvar2": 0.000137277165777, "median": 0.03955078125, "dmean2": 0.0100170420483, "dmean": 0.00806960742921, "var": 0.00312426220626, "dvar": 9.9137709185e-05, "mean": 0.0496730655432}, "spectral_contrast_coeffs": {"min": [-0.960062503815, -0.980601608753, -0.965131759644, -0.956371963024, -0.959611415863, -0.960779905319], "max": [-0.338874876499, -0.35482609272, -0.335500568151, -0.468660622835, -0.519425749779, -0.642905712128], "dvar2": [0.00417246064171, 0.00358528573997, 0.00224903319031, 0.00163287611213, 0.00102344714105, 0.000411154876929], "median": [-0.656561076641, -0.703495681286, -0.772786617279, -0.780337095261, -0.794100046158, -0.797509431839], "dmean2": [0.0792786553502, 0.0726155340672, 0.0555280484259, 0.0463316217065, 0.035269767046, 0.0223580822349], "dmean": [0.0484953299165, 0.0455141104758, 0.0358074530959, 0.0304899979383, 0.0235069766641, 0.0143856443465], "var": [0.0069343498908, 0.00793567206711, 0.00689492793754, 0.00616985233501, 0.00452557392418, 0.00173332367558], "dvar": [0.00160763086751, 0.00150016706903, 0.00109583535232, 0.000869150448125, 0.000581099360716, 0.000201729693799], "mean": [-0.654806017876, -0.698670566082, -0.759666442871, -0.768290936947, -0.782736778259, -0.794254362583]}, "dissonance": {"min": 0.188796281815, "max": 0.500000059605, "dvar2": 0.00122220325284, "median": 0.456246674061, "dmean2": 0.0368252545595, "dmean": 0.0221473667771, "var": 0.00134575518314, "dvar": 0.000473553751362, "mean": 0.447726666927}, "spectral_energyband_high": {"min": 7.09478304383e-21, "max": 0.00771993864328, "dvar2": 2.36205622173e-07, "median": 6.48909699521e-05, "dmean2": 0.000173456894117, "dmean": 0.000130312808324, "var": 4.13217520645e-07, "dvar": 1.26465479866e-07, "mean": 0.000301444291836}, "gfcc": {"mean": [-84.5872802734, 106.809310913, -98.2643508911, 29.7795162201, -55.417842865, 9.57552528381, -45.1296577454, 4.51059484482, -20.2285671234, -1.99315440655, -9.78956985474, -1.13223266602, -9.25581932068], "icov": [[0.000154736524564, -0.000361807324225, 0.000346856220858, -0.000334645184921, 0.000305260153254, -0.000303464854369, 0.000412025110563, -0.000524605624378, 0.000580781372264, -0.00057820539223, 0.000460068549728, -0.000377999152988, 0.000328585971147], [-0.000361807324225, 0.00202930439264, -0.000913816853426, 0.00123935542069, -0.0010775164701, 0.000942354497965, -0.000857737439219, 0.00174848421011, -0.00210338737816, 0.00272126612253, -0.00218436098658, 0.00188800483011, -0.00113300955854], [0.000346856220858, -0.000913816853426, 0.00174118811265, -0.00122905056924, 0.000615550554357, -0.00130364741199, 0.00081479101209, -0.00123056781013, 0.00135954038706, -0.00164563488215, 0.00199717120267, -0.00160935416352, 0.00090778071899], [-0.000334645184921, 0.00123935542069, -0.00122905056924, 0.00366290658712, -0.00045287120156, -0.00014681094035, 8.17333711893e-05, 0.00164997356478, -0.00211462494917, 0.00159164797515, -0.00122609443497, 0.00144999322947, -0.00133898644708], [0.000305260153254, -0.0010775164701, 0.000615550554357, -0.00045287120156, 0.00470810104162, -0.00104474369437, 7.22292043065e-06, -0.000571450276766, -0.000434479647083, -0.00190791673958, 0.00133230979554, -0.00173475779593, 0.000618146441411], [-0.000303464854369, 0.000942354497965, -0.00130364741199, -0.00014681094035, -0.00104474369437, 0.00821185763925, -0.00312356301583, -0.000614753342234, 0.0017778222682, -0.000842657173052, -0.00068971834844, 0.00183655531146, -0.00273576937616], [0.000412025110563, -0.000857737439219, 0.00081479101209, 8.17333711893e-05, 7.22292043065e-06, -0.00312356301583, 0.0071797799319, -0.00129601883236, 5.40514629392e-05, 0.000443689001258, 0.000371151050786, -0.0023748727981, 0.00155479810201], [-0.000524605624378, 0.00174848421011, -0.00123056781013, 0.00164997356478, -0.000571450276766, -0.000614753342234, -0.00129601883236, 0.00931774545461, -0.00413495395333, 0.0016385082854, -0.00194105191622, 0.000784168019891, -0.000433728884673], [0.000580781372264, -0.00210338737816, 0.00135954038706, -0.00211462494917, -0.000434479647083, 0.0017778222682, 5.40514629392e-05, -0.00413495395333, 0.0119906263426, -0.00485290819779, 0.00192807719577, -6.80283628753e-05, -0.000100017845398], [-0.00057820539223, 0.00272126612253, -0.00164563488215, 0.00159164797515, -0.00190791673958, -0.000842657173052, 0.000443689001258, 0.0016385082854, -0.00485290819779, 0.0127350511029, -0.00328491302207, 0.000176195448148, -0.000701120763551], [0.000460068549728, -0.00218436098658, 0.00199717120267, -0.00122609443497, 0.00133230979554, -0.00068971834844, 0.000371151050786, -0.00194105191622, 0.00192807719577, -0.00328491302207, 0.0140571314842, -0.00510790431872, 0.000353666662704], [-0.000377999152988, 0.00188800483011, -0.00160935416352, 0.00144999322947, -0.00173475779593, 0.00183655531146, -0.0023748727981, 0.000784168019891, -6.80283628753e-05, 0.000176195448148, -0.00510790431872, 0.0163400378078, -0.00356847979128], [0.000328585971147, -0.00113300955854, 0.00090778071899, -0.00133898644708, 0.000618146441411, -0.00273576937616, 0.00155479810201, -0.000433728884673, -0.000100017845398, -0.000701120763551, 0.000353666662704, -0.00356847979128, 0.0152103500441]], "cov": [[21257.6191406, 924.643920898, -2095.95703125, 395.481811523, -806.068359375, 56.6107406616, -814.193908691, 300.822265625, -429.196166992, 145.07749939, -24.8250961304, -118.427459717, -119.038871765], [924.643920898, 1500.51306152, -326.13684082, -256.699432373, 113.411026001, -185.416931152, 41.4063568115, -117.489761353, 102.254867554, -204.138809204, 98.3639068604, -80.5324859619, 13.2047748566], [-2095.95703125, -326.13684082, 1493.30456543, 294.653320312, 41.0519180298, 222.624893188, 30.5885219574, 53.2752761841, -25.7692775726, 106.828422546, -104.756401062, 60.8479309082, 16.0323505402], [395.481811523, -256.699432373, 294.653320312, 468.780639648, -34.5609931946, 81.3767318726, -61.983417511, 6.19191741943, -1.69134175777, 45.4551315308, -34.6923789978, -2.68313860893, 20.8319892883], [-806.068359375, 113.411026001, 41.0519180298, -34.5609931946, 301.878234863, 13.1543207169, 62.9880027771, -1.98786377907, 62.8959846497, 19.2734375, 8.11714839935, 19.9014339447, 9.7534198761], [56.6107406616, -185.416931152, 222.624893188, 81.3767318726, 13.1543207169, 222.357391357, 52.6504821777, 45.0730476379, -39.5583648682, 51.1807136536, -17.3940582275, 17.7362670898, 20.8695716858], [-814.193908691, 41.4063568115, 30.5885219574, -61.983417511, 62.9880027771, 52.6504821777, 220.742645264, 13.4588871002, 20.2603321075, -18.6337566376, 17.2498779297, 23.3159408569, 2.46401572227], [300.822265625, -117.489761353, 53.2752761841, 6.19191741943, -1.98786377907, 45.0730476379, 13.4588871002, 159.31401062, 22.2002429962, 34.460773468, -1.22762811184, 13.2398910522, -1.66076672077], [-429.196166992, 102.254867554, -25.7692775726, -1.69134175777, 62.8959846497, -39.5583648682, 20.2603321075, 22.2002429962, 145.961929321, 17.4048595428, 9.73464393616, -6.07613945007, 7.27890729904], [145.07749939, -204.138809204, 106.828422546, 45.4551315308, 19.2734375, 51.1807136536, -18.6337566376, 34.460773468, 17.4048595428, 145.432998657, -1.47703814507, 24.0819625854, 3.09748458862], [-24.8250961304, 98.3639068604, -104.756401062, -34.6923789978, 8.11714839935, -17.3940582275, 17.2498779297, -1.22762811184, 9.73464393616, -1.47703814507, 102.223602295, 19.9874305725, 8.1129693985], [-118.427459717, -80.5324859619, 60.8479309082, -2.68313860893, 19.9014339447, 17.7362670898, 23.3159408569, 13.2398910522, -6.07613945007, 24.0819625854, 19.9874305725, 85.8485031128, 13.8134851456], [-119.038871765, 13.2047748566, 16.0323505402, 20.8319892883, 9.7534198761, 20.8695716858, 2.46401572227, -1.66076672077, 7.27890729904, 3.09748458862, 8.1129693985, 13.8134851456, 76.4777297974]]}, "spectral_flux": {"min": 1.00681581128e-10, "max": 0.414101421833, "dvar2": 0.0026235813275, "median": 0.0453085154295, "dmean2": 0.0371363572776, "dmean": 0.0234852470458, "var": 0.00300302985124, "dvar": 0.00104575615842, "mean": 0.06171618402}, "silence_rate_30dB": {"min": 0, "max": 1, "dvar2": 0.0443897582591, "median": 1, "dmean2": 0.0387639440596, "dmean": 0.0193801987916, "var": 0.0168005619198, "dvar": 0.019005311653, "mean": 0.982906758785}, "spectral_energyband_middle_high": {"min": 1.78395473926e-21, "max": 0.0853772982955, "dvar2": 1.46410311572e-05, "median": 0.000598726561293, "dmean2": 0.00148996664211, "dmean": 0.00123202381656, "var": 6.83560210746e-05, "dvar": 1.09895163405e-05, "mean": 0.00366158527322}, "barkbands_spread": {"min": 0.698299109936, "max": 124.659065247, "dvar2": 78.4069137573, "median": 12.2971687317, "dmean2": 6.44666337967, "dmean": 4.18532133102, "var": 119.812843323, "dvar": 34.5614242554, "mean": 14.9958906174}, "spectral_centroid": {"min": 169.993881226, "max": 10880.0830078, "dvar2": 93080.109375, "median": 757.33392334, "dmean2": 253.102279663, "dmean": 170.322875977, "var": 363475.3125, "dvar": 48084.3164062, "mean": 911.33782959}, "pitch_salience": {"min": 0.0995734930038, "max": 0.846968173981, "dvar2": 0.0110605852678, "median": 0.576240420341, "dmean2": 0.120160095394, "dmean": 0.0757705643773, "var": 0.0153728174046, "dvar": 0.00482979184017, "mean": 0.564445793629}, "erbbands_skewness": {"min": -2.9715681076, "max": 6.12496376038, "dvar2": 0.236751183867, "median": 0.691752374172, "dmean2": 0.513912379742, "dmean": 0.344547480345, "var": 0.878815114498, "dvar": 0.116094410419, "mean": 0.775248944759}, "erbbands_crest": {"min": 2.05038905144, "max": 31.5961208344, "dvar2": 11.8309183121, "median": 8.41721916199, "dmean2": 3.65975093842, "dmean": 2.27597403526, "var": 18.9174079895, "dvar": 4.98316526413, "mean": 9.4020357132}, "melbands": {"min": [3.03563182103e-24, 4.06606954556e-24, 6.52726942149e-24, 2.17388561131e-23, 1.93565703322e-23, 1.49015667224e-23, 1.07394561226e-23, 1.02205520967e-23, 3.798411407e-24, 1.25257685336e-23, 1.0088021098e-23, 1.67158079649e-23, 1.15895507779e-23, 9.95652666257e-24, 8.20864045513e-24, 3.4859171756e-24, 9.98286515048e-24, 1.2592723103e-23, 1.29854985254e-23, 1.6599163836e-23, 1.00117832135e-23, 1.09087811716e-23, 6.51654959065e-24, 1.17533774664e-23, 2.0513632065e-23, 7.96224369569e-24, 1.38621273061e-23, 1.71577325772e-23, 1.05410355169e-23, 1.35507165751e-23, 1.04702344618e-23, 1.1274430823e-23, 6.32351177726e-24, 1.17922604204e-23, 1.61241607083e-23, 1.09385259609e-23, 1.23599310387e-23, 9.21516780562e-24, 7.89238769595e-24, 9.48162214244e-24], "max": [0.0799885243177, 0.0619446635246, 0.0122376736253, 0.0109963444993, 0.0186383426189, 0.0097681703046, 0.0102675892413, 0.0240121912211, 0.0181336700916, 0.0134228793904, 0.00960155855864, 0.00705188000575, 0.00486935023218, 0.008490011096, 0.00416139839217, 0.00361705967225, 0.0029474068433, 0.00258806603961, 0.0030280884821, 0.00247595598921, 0.00199613324367, 0.00130506884307, 0.00125389150344, 0.000874702585861, 0.000397494382923, 0.000129549312987, 7.8588098404e-05, 7.47928352212e-05, 0.000100482538983, 7.78421526775e-05, 5.67557144677e-05, 2.88140508928e-05, 1.95922784769e-05, 2.93871635222e-05, 2.74435242318e-05, 4.11153268942e-05, 2.81023785647e-05, 2.28219923883e-05, 2.48216128966e-05, 2.04942043638e-05], "dvar2": [4.34601424786e-05, 1.45228268593e-05, 1.27725036236e-06, 9.45382907958e-07, 5.00745102272e-07, 4.08952018915e-07, 4.01614130396e-07, 2.59209656406e-07, 4.01638516223e-07, 2.02835934715e-07, 1.16028587627e-07, 5.62390347625e-08, 4.69195242658e-08, 3.87031562354e-08, 3.04044895927e-08, 2.10802770795e-08, 1.74845080636e-08, 1.01384811657e-08, 8.8221394634e-09, 5.5547175748e-09, 4.6440424839e-09, 1.90305038394e-09, 1.30383370767e-09, 4.48017650756e-10, 3.88434479026e-10, 4.94997202949e-11, 1.8091380824e-11, 1.84971152978e-11, 1.16634956901e-11, 1.16487956434e-11, 6.26963194902e-12, 2.42183963856e-12, 2.3352372553e-12, 3.72836527276e-12, 2.76224420941e-12, 1.62810975639e-12, 1.89693248089e-12, 1.37351143913e-12, 1.70847960345e-12, 1.32032199843e-12], "median": [0.000129710388137, 0.000308853574097, 0.000297882652376, 0.000231605343288, 0.000162051481311, 0.000157736809342, 7.62837662478e-05, 2.82917935692e-05, 1.65763485711e-05, 1.56218084157e-05, 8.45206159283e-06, 4.41900465376e-06, 6.2616154537e-06, 4.83463554701e-06, 4.07310926676e-06, 4.14037003793e-06, 2.92299887406e-06, 2.56156772593e-06, 2.00449039767e-06, 2.29726128964e-06, 2.19400317292e-06, 2.27885834647e-06, 1.68596693584e-06, 1.32481909532e-06, 1.05078584056e-06, 7.39571248687e-07, 5.20639900969e-07, 3.28217140577e-07, 2.43636321784e-07, 2.85351973162e-07, 2.28843376249e-07, 1.47901914715e-07, 2.14901419326e-07, 1.93204726884e-07, 1.20972600826e-07, 1.16085807633e-07, 9.61551052114e-08, 9.92709416892e-08, 7.38957837143e-08, 4.81024002852e-08], "dmean2": [0.00184495770372, 0.00128263048828, 0.000584761262871, 0.000457924412331, 0.0003290430177, 0.000333606731147, 0.000249600561801, 0.000168731930899, 0.000156470545335, 0.000100837634818, 7.36647707527e-05, 5.24865426996e-05, 5.05021962454e-05, 4.68029902549e-05, 4.1081897507e-05, 3.75145718863e-05, 3.22669329762e-05, 2.21234822675e-05, 1.89368929568e-05, 1.60831659741e-05, 1.46995134855e-05, 1.38019358928e-05, 1.13086616693e-05, 6.45564114166e-06, 5.5596360653e-06, 2.63631250164e-06, 1.71937062987e-06, 1.44576392813e-06, 1.10913674689e-06, 1.15070781703e-06, 9.2905463589e-07, 5.44720762718e-07, 5.73946238092e-07, 6.87985732384e-07, 5.14924636263e-07, 4.26192883651e-07, 4.4357844331e-07, 4.01879134415e-07, 3.92687041995e-07, 3.637731254e-07], "dmean": [0.00121417408809, 0.000904370157514, 0.000352727656718, 0.000279589090496, 0.000207744378713, 0.000212028156966, 0.000162683631061, 0.000117128583952, 0.000107231498987, 6.77615607856e-05, 5.19010573043e-05, 3.8120582758e-05, 3.68159089703e-05, 3.25969485857e-05, 2.89493236778e-05, 2.67318391707e-05, 2.18246823351e-05, 1.4992371689e-05, 1.3428641978e-05, 1.143386271e-05, 1.10040473373e-05, 1.03047323137e-05, 8.27365602163e-06, 4.69210590381e-06, 3.88326179745e-06, 1.82645101177e-06, 1.11321310214e-06, 9.43332736369e-07, 7.46374041682e-07, 7.72062264787e-07, 6.10377412613e-07, 3.54880796749e-07, 3.72652237957e-07, 4.40457682771e-07, 3.21919515045e-07, 2.83211363694e-07, 2.91690838594e-07, 2.79344760656e-07, 2.82572102606e-07, 2.60681389364e-07], "var": [2.16260414163e-05, 1.10750206659e-05, 6.81418100612e-07, 5.68494783693e-07, 5.38245274129e-07, 5.08704943059e-07, 4.14051299913e-07, 6.14259420217e-07, 7.00955354205e-07, 1.9442720145e-07, 1.41203656767e-07, 1.37034206205e-07, 6.70623805377e-08, 8.44086258667e-08, 3.83942762028e-08, 2.71497633264e-08, 2.3835603713e-08, 1.06906608011e-08, 1.54806905073e-08, 9.86492754151e-09, 8.60740279052e-09, 4.62725546768e-09, 2.88793500225e-09, 9.3360164044e-10, 3.85012854931e-10, 7.83099973756e-11, 3.15041048804e-11, 3.42149850119e-11, 2.53051503363e-11, 2.04374434043e-11, 7.43679597071e-12, 2.03298922835e-12, 2.25110446776e-12, 3.11058687488e-12, 1.84990911478e-12, 2.21406421842e-12, 1.89237492863e-12, 1.93695775565e-12, 2.22081489483e-12, 2.0432366736e-12], "dvar": [1.9629000235e-05, 7.20609341442e-06, 4.6093310857e-07, 3.73309774204e-07, 2.01277543965e-07, 1.71573091734e-07, 1.87101676374e-07, 1.62636453638e-07, 2.07403488162e-07, 9.09574353614e-08, 5.89772497506e-08, 3.41328245668e-08, 2.45226843276e-08, 2.18423448217e-08, 1.6235084388e-08, 1.1177681003e-08, 8.58820747851e-09, 5.17198150973e-09, 5.33940136549e-09, 2.91768587068e-09, 2.68987432328e-09, 1.23627186266e-09, 8.34878888245e-10, 2.81153877957e-10, 1.89947516049e-10, 2.45785666125e-11, 7.93301535573e-12, 8.21478215313e-12, 5.60161379087e-12, 5.56662398468e-12, 2.85208705611e-12, 1.04803351327e-12, 9.7394683464e-13, 1.53850749415e-12, 1.06929135685e-12, 7.68948489951e-13, 8.75139912794e-13, 6.97677918042e-13, 8.79568716038e-13, 6.9803630107e-13], "mean": [0.00126605539117, 0.00125087902416, 0.00056925410172, 0.000464220356662, 0.000419092568336, 0.000419399410021, 0.000292950979201, 0.000222246540943, 0.000207111588679, 0.00012302583491, 8.88359645614e-05, 7.0608293754e-05, 6.63918835926e-05, 6.23869054834e-05, 5.10442732775e-05, 4.90813399665e-05, 3.91770408896e-05, 2.58026793745e-05, 2.48107935477e-05, 2.32507645705e-05, 2.16340413317e-05, 2.07159373531e-05, 1.63538643392e-05, 9.36258857109e-06, 7.02049328538e-06, 3.80580422643e-06, 2.40224972003e-06, 2.05199603442e-06, 1.68082590335e-06, 1.63014033205e-06, 1.14124895845e-06, 6.14915109054e-07, 7.22322909041e-07, 7.89694126979e-07, 5.6175571217e-07, 5.4580931419e-07, 5.34028572474e-07, 5.53596123609e-07, 5.43044052392e-07, 5.1656610367e-07]}, "spectral_entropy": {"min": 4.83929204941, "max": 9.79682254791, "dvar2": 0.0765337347984, "median": 7.23270893097, "dmean2": 0.27312797308, "dmean": 0.186259612441, "var": 0.299084931612, "dvar": 0.0390514954925, "mean": 7.20599412918}, "spectral_rolloff": {"min": 43.06640625, "max": 19530.6152344, "dvar2": 1183873.625, "median": 559.86328125, "dmean2": 478.789764404, "dmean": 289.317779541, "var": 4705239.5, "dvar": 491135.53125, "mean": 1097.91564941}, "barkbands": {"min": [6.37591541277e-24, 1.02871311682e-23, 8.26993179202e-24, 5.79275551061e-24, 1.05147743373e-22, 8.04587257574e-23, 6.60907729503e-23, 2.2732450089e-23, 7.27922536252e-23, 1.18116988998e-22, 5.82107971918e-23, 1.06813571481e-22, 3.81477482765e-23, 1.22105166812e-22, 1.43656316628e-22, 2.4246052654e-22, 1.64001203457e-22, 2.54433970955e-22, 2.86482600122e-22, 5.20628204555e-22, 4.50645210831e-22, 4.78149673018e-22, 8.23140786438e-22, 8.44665910155e-22, 1.10535078968e-21, 1.41592116288e-21, 1.88487501491e-21], "max": [0.00153501832392, 0.309438824654, 0.0343617126346, 0.0309315882623, 0.0586515814066, 0.0719867423177, 0.0581017136574, 0.0927057638764, 0.0884569585323, 0.0439492240548, 0.0452165529132, 0.0630816146731, 0.0332618914545, 0.0350116305053, 0.0351508408785, 0.0286974366754, 0.0167691968381, 0.0183966886252, 0.00479502277449, 0.00346899637952, 0.00231278152205, 0.00101576070301, 0.00191427476238, 0.00158616784029, 0.001861755969, 0.00207802955993, 0.000203486677492], "dvar2": [1.10592317526e-08, 0.000601153180469, 1.1094321053e-05, 7.10589074515e-06, 1.51517606355e-05, 1.0894847037e-05, 9.73822898231e-06, 8.90246337804e-06, 9.83895461104e-06, 4.17511228079e-06, 2.96891425933e-06, 3.27417842527e-06, 2.11564702113e-06, 1.48801234445e-06, 1.37322786031e-06, 1.10754820071e-06, 6.54608356854e-07, 2.35939396021e-07, 8.25308035246e-08, 1.37770559405e-08, 1.32740218817e-08, 5.01347674486e-09, 7.94958943118e-09, 7.97547539122e-09, 2.00159284702e-08, 1.63046269819e-08, 2.1520245308e-10], "median": [1.39362373375e-06, 0.000587548012845, 0.000517383392435, 0.000466673722258, 0.00114491512068, 0.000842295587063, 0.000253696838627, 9.8805889138e-05, 0.000106941661215, 4.82950199512e-05, 4.31565385952e-05, 2.9815137168e-05, 3.59264740837e-05, 2.98845316138e-05, 3.02825064864e-05, 3.04713648802e-05, 3.94155176764e-05, 3.16170480801e-05, 2.23262177315e-05, 1.18001134979e-05, 1.15979291877e-05, 1.01139812614e-05, 9.49044442677e-06, 8.25256211101e-06, 4.70907389172e-06, 5.82807047067e-07, 1.247171042e-07], "dmean2": [3.17005396937e-05, 0.00702304719016, 0.00145762274042, 0.00130606081802, 0.00199538422748, 0.00173246557824, 0.00115930777974, 0.000838712905534, 0.000738692004234, 0.000439183291746, 0.000402177800424, 0.000417259550886, 0.000372065696865, 0.000307483802317, 0.000262432557065, 0.00022863553022, 0.00024947381462, 0.000160799507285, 9.13977637538e-05, 4.27959676017e-05, 4.1870665882e-05, 2.66821007244e-05, 3.08121561829e-05, 3.00591436826e-05, 4.01891302317e-05, 3.06203619402e-05, 3.44583349943e-06], "dmean": [2.10026664718e-05, 0.00472286855802, 0.000873352051713, 0.000773109903093, 0.00123528263066, 0.00109959859401, 0.000760964874644, 0.000570630654693, 0.00050076644402, 0.000313047290547, 0.000291664124234, 0.000288924347842, 0.000263309280854, 0.000205822012504, 0.00018266918778, 0.000164613607922, 0.000180950984941, 0.000115397750051, 6.2803082983e-05, 2.8570782888e-05, 2.86013619188e-05, 1.77260553755e-05, 1.99985388463e-05, 2.1084852051e-05, 3.04813402181e-05, 2.13279963646e-05, 2.22868879973e-06], "var": [5.49048406739e-09, 0.000332159019308, 4.80372045786e-06, 3.20077970173e-06, 1.22647534226e-05, 1.32953291541e-05, 1.07243195089e-05, 1.49572424561e-05, 1.4835654838e-05, 5.08482798978e-06, 5.11078269483e-06, 5.87635122429e-06, 2.49792469731e-06, 2.08523715628e-06, 2.40290592046e-06, 1.87303965049e-06, 1.19904950679e-06, 5.23456037627e-07, 9.00810022131e-08, 2.52668872491e-08, 2.84037096066e-08, 5.20757836853e-09, 7.58740981155e-09, 1.14128262396e-08, 2.74715450388e-08, 1.17563256907e-08, 1.19001752896e-10], "dvar": [5.02123276291e-09, 0.000280126172584, 4.0338773033e-06, 2.46956142291e-06, 6.05491959504e-06, 4.61342187918e-06, 4.95767926623e-06, 4.78070705867e-06, 4.82267023472e-06, 2.17280353354e-06, 1.64486505128e-06, 1.76594846835e-06, 1.08930066745e-06, 7.66574657973e-07, 8.07308595085e-07, 6.03557111845e-07, 3.72667244619e-07, 1.56714563104e-07, 3.96010122472e-08, 6.49035447609e-09, 6.56880505545e-09, 2.19902740461e-09, 3.35004846086e-09, 4.11888390062e-09, 1.09858557806e-08, 8.11423994662e-09, 1.03235038573e-10], "mean": [2.1495461624e-05, 0.00514902919531, 0.00124456803314, 0.0010765461484, 0.00227305362932, 0.00218838406727, 0.00128293922171, 0.00108091440052, 0.000926783424802, 0.000531302532181, 0.000517871114425, 0.000539944507182, 0.000466950674308, 0.000360373029253, 0.000342035433277, 0.000320578285027, 0.000352649396518, 0.000233114435105, 0.000122078767163, 6.31077200524e-05, 6.4358500822e-05, 3.46169217664e-05, 3.86506471841e-05, 4.35987203673e-05, 5.69889161852e-05, 2.53361085925e-05, 2.27886266657e-06]}, "melbands_flatness_db": {"min": 0.00388750177808, "max": 0.514386951923, "dvar2": 0.00133244541939, "median": 0.235455870628, "dmean2": 0.0383163653314, "dmean": 0.0259514525533, "var": 0.00539702409878, "dvar": 0.000655284442473, "mean": 0.242206245661}, "melbands_skewness": {"min": -1.45373296738, "max": 19.9131183624, "dvar2": 2.0212700367, "median": 2.68562817574, "dmean2": 1.19682490826, "dmean": 0.813679635525, "var": 4.5189538002, "dvar": 1.03554046154, "mean": 3.0975830555}, "barkbands_skewness": {"min": -2.25352597237, "max": 15.5313386917, "dvar2": 0.97497344017, "median": 1.98949337006, "dmean2": 0.887413561344, "dmean": 0.605153501034, "var": 2.41750311852, "dvar": 0.485288083553, "mean": 2.14674925804}, "silence_rate_60dB": {"min": 0, "max": 1, "dvar2": 0.111172035336, "median": 0, "dmean2": 0.111537761986, "dmean": 0.0557637810707, "var": 0.194636821747, "dvar": 0.0526567921042, "mean": 0.264716625214}, "spectral_energyband_low": {"min": 2.20619277859e-23, "max": 0.330326110125, "dvar2": 0.000578690785915, "median": 0.00171286251862, "dmean2": 0.00766700087115, "dmean": 0.00536671513692, "var": 0.000387818552554, "dvar": 0.000280532694887, "mean": 0.00704064033926}, "spectral_energyband_middle_low": {"min": 3.78781067838e-22, "max": 0.110656760633, "dvar2": 6.45224718028e-05, "median": 0.00525200041011, "dmean2": 0.00492516765371, "dmean": 0.00330069824122, "var": 0.000123320278362, "dvar": 2.95431927952e-05, "mean": 0.00906396657228}, "melbands_kurtosis": {"min": -1.79082238674, "max": 587.214355469, "dvar2": 1289.33056641, "median": 12.20063591, "dmean2": 17.591802597, "dmean": 11.6693048477, "var": 1358.83862305, "dvar": 608.329223633, "mean": 24.220533371}, "spectral_decrease": {"min": -8.93924081424e-08, "max": 2.44587463683e-18, "dvar2": 4.30629465889e-17, "median": -2.38705299971e-09, "dmean2": 2.88241941426e-09, "dmean": 2.0949153523e-09, "var": 4.7664856739e-17, "dvar": 2.13532837013e-17, "mean": -4.83550088859e-09}, "erbbands_kurtosis": {"min": -1.82908475399, "max": 43.5381317139, "dvar2": 6.2305688858, "median": 0.201729893684, "dmean2": 1.61322557926, "dmean": 1.05524945259, "var": 12.9414730072, "dvar": 2.91301631927, "mean": 1.29355990887}, "melbands_crest": {"min": 1.591345191, "max": 37.856754303, "dvar2": 17.5652179718, "median": 12.8443393707, "dmean2": 4.95536279678, "dmean": 3.08460593224, "var": 22.051733017, "dvar": 7.17405605316, "mean": 13.4851360321}, "melbands_spread": {"min": 0.622605264187, "max": 185.519256592, "dvar2": 80.0932846069, "median": 11.1680078506, "dmean2": 6.41616725922, "dmean": 4.32267570496, "var": 325.79864502, "dvar": 38.4354705811, "mean": 15.9190101624}, "spectral_energy": {"min": 1.01367801362e-20, "max": 0.345015496016, "dvar2": 0.00062834873097, "median": 0.00948403775692, "dmean2": 0.0111966328695, "dmean": 0.00819846894592, "var": 0.000744920340367, "dvar": 0.000315371929901, "mean": 0.0193594936281}, "mfcc": {"mean": [-726.586547852, 135.205383301, 16.3166484833, 22.3282756805, 13.4220504761, 1.29380059242, -5.20651102066, 1.00105166435, -5.45008802414, -4.02722501755, -0.804439246655, 1.23861420155, -1.03539812565], "icov": [[9.08328511287e-05, 2.22507460421e-05, 9.46135187405e-05, -9.0284687758e-05, 6.89686521582e-06, 0.000133733716211, -9.18075966183e-05, 0.000180772825843, 7.75099942985e-06, 7.05377096892e-05, -0.000169351522345, -7.11751999916e-05, 4.81645511172e-05], [2.22507460421e-05, 0.000781863171142, 0.00013329696958, 0.000303328648442, -0.000374521419872, 9.72131165327e-05, 0.000187201483641, -0.000506786396727, 0.000252931087743, 0.00020616837719, -0.000114011338155, 4.13179404859e-05, 5.14181192557e-05], [9.46135187405e-05, 0.00013329696958, 0.00134791794699, -0.000710118038114, -0.000303626962705, -0.000208976794966, -0.000772206753027, 0.000373523507733, -0.000742133765016, 0.000308816961478, -0.000628902402241, 0.00147332809865, -0.00073288474232], [-9.0284687758e-05, 0.000303328648442, -0.000710118038114, 0.00489266961813, -0.00132534420118, -0.00117402290925, 0.00181328516919, -0.00125087960623, 0.00131493899971, -0.00140765856486, 0.00168538792059, -0.00128847628366, 0.000181461902685], [6.89686521582e-06, -0.000374521419872, -0.000303626962705, -0.00132534420118, 0.00527754845098, -0.000494527106639, 0.000271473167231, 0.000912253279239, -0.00136940565426, -0.000186444551218, -0.000307586393319, -2.1640387331e-06, -0.000989099615254], [0.000133733716211, 9.72131165327e-05, -0.000208976794966, -0.00117402290925, -0.000494527106639, 0.00728008337319, -0.00290485122241, 0.00150669680443, -0.00165203993674, 3.81682693842e-05, 0.000473585969303, 4.07130501117e-05, -0.00011023463594], [-9.18075966183e-05, 0.000187201483641, -0.000772206753027, 0.00181328516919, 0.000271473167231, -0.00290485122241, 0.00847919937223, -0.00383876007982, 0.00154224282596, -0.000860019761603, 0.00130016962066, -0.00158694654237, 0.000136829417897], [0.000180772825843, -0.000506786396727, 0.000373523507733, -0.00125087960623, 0.000912253279239, 0.00150669680443, -0.00383876007982, 0.0115234171972, -0.0050389659591, 0.00415024720132, -0.00432782480493, 0.00140926497988, 0.000273711630143], [7.75099942985e-06, 0.000252931087743, -0.000742133765016, 0.00131493899971, -0.00136940565426, -0.00165203993674, 0.00154224282596, -0.0050389659591, 0.0150157669559, -0.00840472523123, 0.00398955168203, -0.00300366338342, 0.000724657671526], [7.05377096892e-05, 0.00020616837719, 0.000308816961478, -0.00140765856486, -0.000186444551218, 3.81682693842e-05, -0.000860019761603, 0.00415024720132, -0.00840472523123, 0.0173368677497, -0.00719516305253, 0.00302578345872, -0.00130162411369], [-0.000169351522345, -0.000114011338155, -0.000628902402241, 0.00168538792059, -0.000307586393319, 0.000473585969303, 0.00130016962066, -0.00432782480493, 0.00398955168203, -0.00719516305253, 0.0162484198809, -0.00583069678396, 0.00238673668355], [-7.11751999916e-05, 4.13179404859e-05, 0.00147332809865, -0.00128847628366, -2.1640387331e-06, 4.07130501117e-05, -0.00158694654237, 0.00140926497988, -0.00300366338342, 0.00302578345872, -0.00583069678396, 0.0173902306706, -0.00549881206825], [4.81645511172e-05, 5.14181192557e-05, -0.00073288474232, 0.000181461902685, -0.000989099615254, -0.00011023463594, 0.000136829417897, 0.000273711630143, 0.000724657671526, -0.00130162411369, 0.00238673668355, -0.00549881206825, 0.0130374217406]], "cov": [[13826.8828125, -164.84954834, -1371.84875488, -42.9988670349, -183.340164185, -386.958404541, -134.455062866, -194.765182495, -223.899642944, -74.2811584473, 158.499130249, 173.53729248, -89.424659729], [-164.84954834, 1486.3704834, -260.961364746, -128.97984314, 24.1365242004, -80.6075592041, -26.8692970276, 74.0037536621, -40.1111412048, -51.5001945496, 28.7481594086, 3.92914366722, -24.7674236298], [-1371.84875488, -260.961364746, 1211.16833496, 193.42388916, 147.200241089, 165.101730347, 93.6967468262, 7.08267593384, 95.6317062378, 58.1940803528, -28.5131645203, -70.1664581299, 59.0411758423], [-42.9988670349, -128.97984314, 193.42388916, 296.880187988, 95.1542739868, 59.3267021179, -30.1537075043, -14.4185171127, 19.4511833191, 27.0940151215, -21.1235027313, 2.66355776787, 22.3626003265], [-183.340164185, 24.1365242004, 147.200241089, 95.1542739868, 248.640945435, 47.9969329834, -11.9451780319, -17.3369216919, 39.6369972229, 30.1533355713, -5.96443939209, 3.27096247673, 30.5698280334], [-386.958404541, -80.6075592041, 165.101730347, 59.3267021179, 47.9969329834, 198.726501465, 62.083026886, -3.29948186874, 38.5975189209, 21.0740718842, -18.9871196747, -3.53819179535, 16.8843135834], [-134.455062866, -26.8692970276, 93.6967468262, -30.1537075043, -11.9451780319, 62.083026886, 175.274780273, 51.2452850342, 12.6609764099, -1.42532742023, 0.136014908552, 4.83210468292, 4.15985965729], [-194.765182495, 74.0037536621, 7.08267593384, -14.4185171127, -17.3369216919, -3.29948186874, 51.2452850342, 134.28225708, 28.0055599213, -9.16770458221, 22.9691848755, 2.33013772964, -9.36773014069], [-223.899642944, -40.1111412048, 95.6317062378, 19.4511833191, 39.6369972229, 38.5975189209, 12.6609764099, 28.0055599213, 115.779426575, 51.4450531006, 0.0207373015583, 5.43690061569, 9.69320392609], [-74.2811584473, -51.5001945496, 58.1940803528, 27.0940151215, 30.1533355713, 21.0740718842, -1.42532742023, -9.16770458221, 51.4450531006, 98.3514175415, 25.814157486, 0.587172865868, 8.52657413483], [158.499130249, 28.7481594086, -28.5131645203, -21.1235027313, -5.96443939209, -18.9871196747, 0.136014908552, 22.9691848755, 0.0207373015583, 25.814157486, 92.0349807739, 23.6561107635, -7.39957857132], [173.53729248, 3.92914366722, -70.1664581299, 2.66355776787, 3.27096247673, -3.53819179535, 4.83210468292, 2.33013772964, 5.43690061569, 0.587172865868, 23.6561107635, 81.3494262695, 25.217206955], [-89.424659729, -24.7674236298, 59.0411758423, 22.3626003265, 30.5698280334, 16.8843135834, 4.15985965729, -9.36773014069, 9.69320392609, 8.52657413483, -7.39957857132, 25.217206955, 95.0560150146]]}, "spectral_contrast_valleys": {"min": [-27.7500095367, -27.5173053741, -27.3849945068, -27.2947483063, -27.197227478, -27.2003631592], "max": [-4.88888216019, -4.48118686676, -4.68162202835, -6.02060461044, -6.27510404587, -8.01276874542], "dvar2": [0.28991985321, 0.242180556059, 0.203181535006, 0.174356132746, 0.144566982985, 0.231395155191], "median": [-7.53896522522, -7.25905704498, -8.24362754822, -8.60881710052, -8.51316261292, -10.8294200897], "dmean2": [0.655446708202, 0.565739750862, 0.505250394344, 0.453061133623, 0.365619122982, 0.346128255129], "dmean": [0.415127903223, 0.35857000947, 0.325544238091, 0.300399929285, 0.252994954586, 0.263713359833], "var": [2.32110452652, 2.24789428711, 2.02068972588, 2.04620218277, 2.04189324379, 2.01420807838], "dvar": [0.134358733892, 0.118305660784, 0.101510226727, 0.092905305326, 0.0829418301582, 0.140517786145], "mean": [-7.71751117706, -7.46277570724, -8.41354560852, -8.82709980011, -8.82172107697, -11.0235948563]}, "barkbands_flatness_db": {"min": 0.0321669951081, "max": 0.385202229023, "dvar2": 0.000950132438447, "median": 0.161311089993, "dmean2": 0.0326950661838, "dmean": 0.0217385292053, "var": 0.00270631420426, "dvar": 0.000451034720754, "mean": 0.166364520788}, "dynamic_complexity": 6.04973697662, "spectral_skewness": {"min": 0.0672074109316, "max": 4.99919939041, "dvar2": 0.144812017679, "median": 1.789706707, "dmean2": 0.357401490211, "dmean": 0.226608723402, "var": 0.411963522434, "dvar": 0.0593042597175, "mean": 1.90733528137}, "erbbands_flatness_db": {"min": 0.0267170574516, "max": 0.357151776552, "dvar2": 0.000620950188022, "median": 0.159723728895, "dmean2": 0.0242364201695, "dmean": 0.0173593442887, "var