{"lowlevel": {"spectral_complexity": {"min": 0, "max": 64, "dvar2": 43.7042884827, "median": 14, "dmean2": 5.88698577881, "dmean": 3.91926074028, "var": 107.245903015, "dvar": 20.9376296997, "mean": 16.2605361938}, "silence_rate_20dB": {"min": 0, "max": 1, "dvar2": 0.00934388767928, "median": 1, "dmean2": 0.00625488674268, "dmean": 0.00312722101808, "var": 0.00156097381841, "dvar": 0.00311775063165, "mean": 0.998436510563}, "average_loudness": 0.89817237854, "erbbands_spread": {"min": 2.88431715965, "max": 163.550827026, "dvar2": 241.446044922, "median": 44.7736740112, "dmean2": 14.9088611603, "dmean": 9.86356544495, "var": 338.550323486, "dvar": 105.161895752, "mean": 47.2515182495}, "spectral_kurtosis": {"min": -1.20076596737, "max": 63.7152633667, "dvar2": 9.90228652954, "median": 4.13860940933, "dmean2": 2.68945622444, "dmean": 1.65704071522, "var": 10.802447319, "dvar": 4.12769031525, "mean": 4.84072065353}, "barkbands_kurtosis": {"min": -1.95121133327, "max": 1199.24084473, "dvar2": 1096.80957031, "median": 9.39356040955, "dmean2": 13.9903211594, "dmean": 8.89514732361, "var": 670.12890625, "dvar": 442.638244629, "mean": 15.0531082153}, "spectral_strongpeak": {"min": 0, "max": 12.6500301361, "dvar2": 0.745888769627, "median": 0.305678278208, "dmean2": 0.538550198078, "dmean": 0.312611281872, "var": 0.419659674168, "dvar": 0.283674865961, "mean": 0.497483700514}, "spectral_spread": {"min": 1911649, "max": 40093648, "dvar2": 1258531979260.0, "median": 4389409, "dmean2": 923632.9375, "dmean": 640185.125, "var": 1699127754750.0, "dvar": 625813553152, "mean": 4578420.5}, "spectral_rms": {"min": 3.19744035936e-12, "max": 0.0234526656568, "dvar2": 8.21718094812e-06, "median": 0.00574329448864, "dmean2": 0.00248558376916, "dmean": 0.00170813116711, "var": 1.01602745417e-05, "dvar": 4.15934709963e-06, "mean": 0.00618867343292}, "erbbands": {"min": [1.80247320483e-21, 4.69706998358e-21, 3.5490636546e-21, 9.83529542112e-21, 5.06086934842e-20, 1.92776225364e-19, 6.39377371183e-19, 1.83197939159e-19, 1.4204571661e-19, 6.18770130775e-19, 7.89363569308e-19, 1.04939689385e-18, 1.46379856091e-18, 1.01976862848e-18, 1.2850635455e-18, 6.32340287218e-18, 4.71911585263e-18, 5.59870745598e-18, 5.38862715504e-18, 5.85562437756e-18, 6.46138362939e-18, 6.64093476187e-18, 1.36824251179e-17, 8.39297485038e-18, 2.17219001976e-17, 1.66369182242e-17, 2.31102533726e-17, 1.85657876073e-17, 1.46265947117e-17, 2.11022012981e-17, 1.6145576249e-17, 1.49928388541e-17, 1.10446851108e-17, 1.39772992899e-17, 9.56211689125e-18, 6.66897535745e-18, 3.32832621714e-18, 1.11041066641e-18, 3.20394399901e-19, 4.04719472753e-20], "max": [15.982047081, 106.557022095, 177.087402344, 238.608352661, 578.60369873, 364.28805542, 367.094573975, 451.133239746, 1062.02099609, 771.492370605, 916.957763672, 1693.875, 1225.96923828, 1210.35058594, 438.395355225, 651.225585938, 531.58001709, 397.859710693, 510.269714355, 252.319885254, 334.519195557, 313.925079346, 261.34274292, 522.303649902, 452.573516846, 497.23425293, 914.217285156, 692.006469727, 452.386871338, 420.796081543, 329.554260254, 164.807617188, 89.3863372803, 121.68157959, 53.704624176, 14.6021766663, 2.89694666862, 0.68026381731, 0.0661288797855, 0.00283249560744], "dvar2": [5.26317596436, 147.537658691, 594.13293457, 966.432312012, 1146.11132812, 946.068115234, 745.163879395, 857.914550781, 1834.67163086, 1322.63696289, 1469.78710938, 3440.24609375, 1815.86901855, 1093.0703125, 829.386474609, 617.026245117, 489.25869751, 395.076721191, 360.592590332, 273.967895508, 392.749664307, 402.661956787, 313.593353271, 450.825622559, 439.956542969, 431.092803955, 1066.46850586, 802.133178711, 490.548828125, 235.879333496, 84.013343811, 25.6204357147, 9.51891040802, 8.13621520996, 1.83888602257, 0.305979639292, 0.0871670991182, 0.00257202237844, 1.36681182994e-05, 3.35314354061e-08], "median": [0.329740554094, 1.85973632336, 3.85372257233, 5.18183994293, 7.90040493011, 6.98538160324, 8.06091403961, 10.7737979889, 8.28559112549, 6.07073783875, 5.29533720016, 6.98932981491, 6.62198877335, 4.976790905, 4.11375570297, 4.42274284363, 4.18271017075, 3.68891906738, 4.73115873337, 4.82504463196, 7.1073102951, 6.85532236099, 5.12473917007, 4.46755361557, 4.04150485992, 2.82296252251, 2.08390474319, 2.14382052422, 1.58546841145, 0.60505759716, 0.301133096218, 0.210399255157, 0.142788887024, 0.138911753893, 0.0721880719066, 0.0281452387571, 0.00633717468008, 0.000651201582514, 3.7975521991e-05, 4.24192148785e-05], "dmean2": [1.28333318233, 6.15275859833, 12.4309644699, 15.1903066635, 17.9820842743, 16.6804904938, 16.9079551697, 18.5917568207, 18.8608360291, 15.6073579788, 14.2731666565, 19.303319931, 15.3761024475, 13.1582612991, 11.9299192429, 10.0487594604, 9.87109279633, 8.42621517181, 8.86323070526, 8.40236854553, 12.1831922531, 11.2453422546, 9.36295700073, 8.81852436066, 8.9931230545, 8.15197944641, 9.41875267029, 9.22835636139, 7.49609994888, 4.53789281845, 2.76746034622, 1.79253590107, 1.12315034866, 1.01468789577, 0.553318798542, 0.220010027289, 0.0954878926277, 0.0149857550859, 0.000853275007103, 7.4611940363e-05], "dmean": [0.827326238155, 3.79660964012, 7.19937753677, 8.92932891846, 10.8537578583, 9.89887714386, 10.3024816513, 11.5248699188, 11.6201190948, 9.81601810455, 9.09374237061, 12.2236976624, 9.41187000275, 8.11476993561, 7.4030418396, 6.27894449234, 6.19429969788, 5.20578861237, 5.43323040009, 5.12570762634, 7.39143180847, 6.69314241409, 5.66686725616, 5.48889970779, 5.63773775101, 5.23680973053, 6.11768484116, 6.05905532837, 4.83994436264, 2.95213699341, 1.76589202881, 1.13022100925, 0.721471905708, 0.644981682301, 0.355101674795, 0.147084400058, 0.0624342896044, 0.00957372691482, 0.000523404509295, 4.87631150463e-05], "var": [2.53526949883, 60.9823074341, 187.250961304, 309.603088379, 459.50289917, 374.73236084, 449.331573486, 820.016418457, 1851.46252441, 1374.73132324, 1928.42419434, 6468.75146484, 2270.50708008, 1079.26708984, 700.215576172, 612.747375488, 602.252929688, 419.901672363, 295.819366455, 195.334503174, 341.501647949, 287.706481934, 208.810333252, 332.758483887, 563.835754395, 749.438720703, 1591.8248291, 1440.35009766, 597.052429199, 232.943908691, 69.8645248413, 25.9808444977, 8.56983280182, 7.29018735886, 1.32320094109, 0.214338332415, 0.0483813807368, 0.0011841179803, 4.93107290822e-06, 1.51453320996e-08], "dvar": [2.2379553318, 60.3515205383, 215.670349121, 353.461730957, 426.657592773, 351.429595947, 289.003265381, 354.639862061, 717.138122559, 555.62902832, 669.020385742, 1413.17858887, 752.393798828, 480.257720947, 333.576843262, 264.635070801, 214.864746094, 156.30921936, 144.872879028, 108.092918396, 154.077377319, 151.723892212, 122.379310608, 184.4815979, 185.851730347, 194.850234985, 460.633666992, 392.539245605, 215.075454712, 111.019973755, 39.79712677, 12.0444831848, 4.40171718597, 3.89738368988, 0.828045666218, 0.136503174901, 0.0383773930371, 0.00110792764463, 5.62886725675e-06, 1.42752476506e-08], "mean": [0.887550771236, 4.25541639328, 8.39640712738, 11.0300664902, 14.6965513229, 13.0998516083, 15.3032979965, 19.8677158356, 19.5593280792, 15.5250415802, 15.6679639816, 24.1395664215, 16.9196510315, 13.4699192047, 11.7910604477, 10.6763753891, 10.5393829346, 9.02061462402, 9.37192630768, 8.92303943634, 13.1847896576, 12.0935001373, 9.76104354858, 9.78015327454, 10.9288682938, 11.0925598145, 13.0186042786, 12.7003974915, 8.92436027527, 4.56344890594, 2.36149263382, 1.59151625633, 0.986896753311, 0.817432105541, 0.421121299267, 0.194103017449, 0.077907808125, 0.0108876088634, 0.000496462453157, 7.50969411456e-05]}, "zerocrossingrate": {"min": 0.001953125, "max": 0.5751953125, "dvar2": 0.000143015291542, "median": 0.03173828125, "dmean2": 0.0108841015026, "dmean": 0.00872246641666, "var": 0.000889211718459, "dvar": 0.000112567933684, "mean": 0.0382091253996}, "spectral_contrast_coeffs": {"min": [-0.962857186794, -0.9560983181, -0.961972951889, -0.962577581406, -0.959334850311, -0.960365951061], "max": [-0.294262051582, -0.398934364319, -0.507944703102, -0.622772872448, -0.562838435173, -0.435013175011], "dvar2": [0.00484006246552, 0.00426797149703, 0.00225150655024, 0.00122169940732, 0.000925100408494, 0.000911956769414], "median": [-0.68961751461, -0.741342484951, -0.815212368965, -0.819082319736, -0.804667592049, -0.752694427967], "dmean2": [0.0888243094087, 0.0825408324599, 0.0606381781399, 0.0449100881815, 0.0368734672666, 0.0346526019275], "dmean": [0.0551218353212, 0.0504776127636, 0.0364104956388, 0.0273884944618, 0.0228260159492, 0.0229979846627], "var": [0.00587277021259, 0.00555447954684, 0.00353391771205, 0.0017453962937, 0.00192250183318, 0.00302638532594], "dvar": [0.00190021120943, 0.00159393786453, 0.000838664127514, 0.000470559956739, 0.000377923861379, 0.000448243081337], "mean": [-0.685063421726, -0.735097229481, -0.80444329977, -0.815224647522, -0.799577653408, -0.744090974331]}, "dissonance": {"min": 0.231311768293, "max": 0.500000119209, "dvar2": 0.000644241983537, "median": 0.473181128502, "dmean2": 0.0275253169239, "dmean": 0.0163964629173, "var": 0.000679105869494, "dvar": 0.000242984635406, "mean": 0.466829419136}, "spectral_energyband_high": {"min": 7.89471839496e-21, "max": 0.039920642972, "dvar2": 2.63993251792e-06, "median": 0.000191683866433, "dmean2": 0.000660835648887, "dmean": 0.00044554026681, "var": 5.43280066267e-06, "dvar": 1.37676988743e-06, "mean": 0.000963153375778}, "gfcc": {"mean": [-17.6874771118, 110.206062317, -90.9403457642, 47.2268714905, -47.272857666, 11.7407073975, -30.3617076874, 11.9551734924, -22.0750789642, 6.53099966049, -17.1200332642, 4.67959976196, -6.07551288605], "icov": [[0.000172093947185, -0.000267970608547, 3.68682849512e-05, -0.000320449529681, 0.000267347175395, -0.000329809263349, 0.000324004271533, -0.000575792393647, 0.000546147988643, -0.000690526620019, 0.000619985105004, -0.000618721009232, 0.00034846822382], [-0.000267970608547, 0.00243738736026, -0.000250617653364, 0.00165422959253, -0.00111874763388, 0.00146386248525, -0.000714074936695, 0.00155277294107, -0.00166335981339, 0.00303838937543, -0.00269202631898, 0.00234632985666, -0.00136809411924], [3.68682849512e-05, -0.000250617653364, 0.00178614491597, -6.25525863143e-05, -0.000314589124173, -0.000862978689838, 0.000108016749437, 8.70931544341e-05, -4.64518416265e-05, 0.00067930680234, 0.00041000591591, -0.00191882275976, 0.00212661735713], [-0.000320449529681, 0.00165422959253, -6.25525863143e-05, 0.00623459089547, -0.000630119000562, -0.000264412607066, -0.000515772728249, 0.00294277025387, -0.00315358233638, 0.00251542776823, -0.00204052706249, 0.00166933820583, -0.00182286184281], [0.000267347175395, -0.00111874763388, -0.000314589124173, -0.000630119000562, 0.00541489804164, -0.00101312680636, 0.00040388511843, -0.00168316229247, 0.000233914834098, -0.00135667982977, -6.77956704749e-05, -0.000648997956887, -0.000561286287848], [-0.000329809263349, 0.00146386248525, -0.000862978689838, -0.000264412607066, -0.00101312680636, 0.00781655777246, -0.00119640876073, -0.000595775025431, -0.000405301630963, 0.00187394651584, -0.00240986631252, 0.0011435104534, -0.000475465960335], [0.000324004271533, -0.000714074936695, 0.000108016749437, -0.000515772728249, 0.00040388511843, -0.00119640876073, 0.00758729828522, -0.00262617040426, 0.00129169994034, -0.00284061045386, 0.00122801656835, -0.000377208809368, 0.000248439930147], [-0.000575792393647, 0.00155277294107, 8.70931544341e-05, 0.00294277025387, -0.00168316229247, -0.000595775025431, -0.00262617040426, 0.0144040742889, -0.00423544133082, 0.000454620778328, -0.00034792732913, 0.00214286963455, -0.00207835598849], [0.000546147988643, -0.00166335981339, -4.64518416265e-05, -0.00315358233638, 0.000233914834098, -0.000405301630963, 0.00129169994034, -0.00423544133082, 0.0135594122112, -0.00445634452626, -0.000324985419866, -0.00100895785727, 0.00110637769103], [-0.000690526620019, 0.00303838937543, 0.00067930680234, 0.00251542776823, -0.00135667982977, 0.00187394651584, -0.00284061045386, 0.000454620778328, -0.00445634452626, 0.0179112590849, -0.00364621379413, 0.000449495040812, 0.000754148582928], [0.000619985105004, -0.00269202631898, 0.00041000591591, -0.00204052706249, -6.77956704749e-05, -0.00240986631252, 0.00122801656835, -0.00034792732913, -0.000324985419866, -0.00364621379413, 0.0184741169214, -0.00354394549504, -0.00147432496306], [-0.000618721009232, 0.00234632985666, -0.00191882275976, 0.00166933820583, -0.000648997956887, 0.0011435104534, -0.000377208809368, 0.00214286963455, -0.00100895785727, 0.000449495040812, -0.00354394549504, 0.0202159099281, -0.00499768042937], [0.00034846822382, -0.00136809411924, 0.00212661735713, -0.00182286184281, -0.000561286287848, -0.000475465960335, 0.000248439930147, -0.00207835598849, 0.00110637769103, 0.000754148582928, -0.00147432496306, -0.00499768042937, 0.0189488120377]], "cov": [[12710.6455078, -795.691894531, 242.310043335, 118.496231079, -478.045288086, 387.742889404, -155.99256897, 316.479766846, -305.675384521, 340.260131836, -372.856079102, 276.693023682, -226.393463135], [-795.691894531, 1011.32312012, -9.41285610199, -118.15045166, 155.950286865, -132.545089722, -9.17820453644, -62.9589271545, 54.466129303, -124.047264099, 111.373764038, -73.3011474609, 62.9380226135], [242.310043335, -9.41285610199, 767.911376953, -0.167229637504, 37.2241134644, 87.7006912231, -15.9664583206, -9.73217487335, -7.85769844055, -30.1717128754, -14.9162302017, 57.9699211121, -73.1006469727], [118.496231079, -118.15045166, -0.167229637504, 229.257629395, -2.76298975945, 37.1881828308, -9.81308269501, -20.3740100861, 28.1292266846, -4.11824369431, 10.5573387146, 4.12904787064, 10.5408582687], [-478.045288086, 155.950286865, 37.2241134644, -2.76298975945, 243.367355347, 7.00451278687, 8.6894235611, 9.52572631836, 30.2164897919, -12.7283258438, 37.3422050476, -8.28179168701, 23.3862400055], [387.742889404, -132.545089722, 87.7006912231, 37.1881828308, 7.00451278687, 178.527938843, 15.8767299652, 26.7001552582, -5.29526233673, 10.6893615723, -3.22141695023, 16.145898819, -11.6663675308], [-155.99256897, -9.17820453644, -15.9664583206, -9.81308269501, 8.6894235611, 15.8767299652, 156.255218506, 28.4447021484, 3.54416203499, 21.2693958282, -1.10442435741, -5.05158376694, 2.30921030045], [316.479766846, -62.9589271545, -9.73217487335, -20.3740100861, 9.52572631836, 26.7001552582, 28.4447021484, 102.61529541, 13.649263382, 26.8346691132, -12.0845575333, 3.87488532066, -1.18228936195], [-305.675384521, 54.466129303, -7.85769844055, 28.1292266846, 30.2164897919, -5.29526233673, 3.54416203499, 13.649263382, 104.80393219, 9.12686634064, 23.8247566223, -7.48906373978, 8.75044822693], [340.260131836, -124.047264099, -30.1717128754, -4.11824369431, -12.7283258438, 10.6893615723, 21.2693958282, 26.8346691132, 9.12686634064, 92.9603652954, -8.74631595612, 12.9196910858, -11.1735534668], [-372.856079102, 111.373764038, -14.9162302017, 10.5573387146, 37.3422050476, -3.22141695023, -1.10442435741, -12.0845575333, 23.8247566223, -8.74631595612, 83.9301147461, -2.4105899334, 22.1533718109], [276.693023682, -73.3011474609, 57.9699211121, 4.12904787064, -8.28179168701, 16.145898819, -5.05158376694, 3.87488532066, -7.48906373978, 12.9196910858, -2.4105899334, 69.3782501221, 2.19542574883], [-226.393463135, 62.9380226135, -73.1006469727, 10.5408582687, 23.3862400055, -11.6663675308, 2.30921030045, -1.18228936195, 8.75044822693, -11.1735534668, 22.1533718109, 2.19542574883, 73.1758117676]]}, "spectral_flux": {"min": 1.02368037658e-10, "max": 0.637030184269, "dvar2": 0.00720524974167, "median": 0.100062429905, "dmean2": 0.0761718600988, "dmean": 0.0473913624883, "var": 0.00651660840958, "dvar": 0.00335315731354, "mean": 0.12013592571}, "silence_rate_30dB": {"min": 0, "max": 1, "dvar2": 0.17059700191, "median": 1, "dmean2": 0.180823087692, "dmean": 0.0904051139951, "var": 0.0945695862174, "dvar": 0.0822380036116, "mean": 0.894250571728}, "spectral_energyband_middle_high": {"min": 1.4025386488e-21, "max": 0.0429011061788, "dvar2": 5.68813993596e-06, "median": 0.00148851820268, "dmean2": 0.00137703015935, "dmean": 0.000890154507942, "var": 1.02284611785e-05, "dvar": 2.46979629992e-06, "mean": 0.00244414224289}, "barkbands_spread": {"min": 0.195594996214, "max": 118.467506409, "dvar2": 96.162147522, "median": 11.5333433151, "dmean2": 7.82041597366, "dmean": 5.0242638588, "var": 193.65071106, "dvar": 45.168056488, "mean": 15.591129303}, "spectral_centroid": {"min": 116.055519104, "max": 10974.59375, "dvar2": 163022.875, "median": 864.367492676, "dmean2": 349.64465332, "dmean": 226.016830444, "var": 512783.09375, "dvar": 82834.09375, "mean": 1045.83520508}, "pitch_salience": {"min": 0.0596338994801, "max": 0.884631216526, "dvar2": 0.0190077703446, "median": 0.538563191891, "dmean2": 0.167091995478, "dmean": 0.103846430779, "var": 0.0149894105271, "dvar": 0.00765906227753, "mean": 0.528736889362}, "erbbands_skewness": {"min": -5.58869743347, "max": 7.57172632217, "dvar2": 0.324055552483, "median": 0.511247217655, "dmean2": 0.590506970882, "dmean": 0.377775192261, "var": 0.73287820816, "dvar": 0.140544578433, "mean": 0.535679042339}, "erbbands_crest": {"min": 2.21083903313, "max": 29.5455474854, "dvar2": 11.2085361481, "median": 6.75454282761, "dmean2": 3.59693360329, "dmean": 2.23566102982, "var": 14.0075340271, "dvar": 4.50709199905, "mean": 7.69101285934}, "melbands": {"min": [1.33753622622e-23, 3.16327405144e-24, 2.52354059504e-24, 6.9647661575e-24, 2.0204546896e-23, 4.38233413766e-24, 1.98222443909e-24, 7.8079409249e-24, 7.98162916357e-24, 6.15236445957e-24, 7.4891038574e-24, 4.59914348556e-24, 3.1668379278e-24, 1.20986121864e-23, 1.31834623807e-23, 1.13379175598e-23, 9.27541705726e-24, 8.11832298123e-24, 8.57838429457e-24, 6.49533238774e-24, 7.6921527101e-24, 6.62986078221e-24, 8.80417679603e-24, 1.16174188671e-23, 5.1033021235e-24, 1.6120901135e-23, 1.19525317128e-23, 1.11153862093e-23, 1.87022039005e-23, 9.25173624174e-24, 1.10124280283e-23, 7.64999598332e-24, 1.04079420604e-23, 1.19234598219e-23, 8.72058278362e-24, 8.93314135454e-24, 1.00429384861e-23, 8.31297204301e-24, 7.08503825769e-24, 1.39008793092e-23], "max": [0.143876448274, 0.0895008966327, 0.036839324981, 0.0395309999585, 0.00992941111326, 0.00929902493954, 0.0143253495917, 0.00714909797534, 0.00841241329908, 0.00918153114617, 0.00598449725658, 0.00546443881467, 0.00206060661003, 0.00186297856271, 0.00186872971244, 0.00167045730632, 0.00089018617291, 0.00104075775016, 0.000454860535683, 0.000351617083652, 0.00041255200631, 0.000392624991946, 0.000222605784074, 0.000353830895619, 0.000462579104351, 0.000569422787521, 0.000458735739812, 0.000450118765002, 0.000566406466532, 0.000889841467142, 0.000420468626544, 0.000278850930044, 0.000229471275816, 0.000250864832196, 0.00021054231911, 0.00013249561016, 0.000100676203147, 4.70713312097e-05, 0.000104757316876, 0.000131700959173], "dvar2": [0.000314431235893, 0.00015913581592, 2.45365645242e-05, 6.29181704426e-06, 8.04671174137e-07, 4.4552041345e-07, 3.70624064772e-07, 1.26925144173e-07, 1.42285173865e-07, 1.14221087699e-07, 4.64822562662e-08, 2.04608703314e-08, 1.15699432257e-08, 6.009904574e-09, 3.83748632871e-09, 2.04024575012e-09, 1.80747805612e-09, 1.43117662166e-09, 6.29938823327e-10, 4.96589658283e-10, 6.95048851806e-10, 5.06539532541e-10, 4.2392306332e-10, 2.64074678791e-10, 3.70466074484e-10, 3.33024718913e-10, 2.63252697419e-10, 2.7987334672e-10, 4.99489283268e-10, 6.02111693837e-10, 3.46483092217e-10, 2.26899277145e-10, 1.18129186988e-10, 8.02351310392e-11, 3.62259701403e-11, 1.87236528365e-11, 9.55070137559e-12, 5.08014984246e-12, 6.79109372903e-12, 7.7406197771e-12], "median": [0.00294117396697, 0.00246083829552, 0.0010932359146, 0.000605952693149, 0.000291395321256, 0.000259581545833, 0.000122243960504, 5.85504531045e-05, 4.17922019551e-05, 4.22863849963e-05, 3.04960067297e-05, 1.95151551452e-05, 1.38056402648e-05, 1.01501582321e-05, 1.15562952487e-05, 7.04759395376e-06, 6.42322311251e-06, 7.55971223043e-06, 5.49765309188e-06, 6.315421615e-06, 8.29416785564e-06, 6.56653128317e-06, 5.53172958462e-06, 3.23714584738e-06, 3.38611835105e-06, 3.00306669487e-06, 2.36310438595e-06, 1.58664681749e-06, 1.15939565148e-06, 1.2700051002e-06, 1.15735440431e-06, 9.85371912066e-07, 4.98040833463e-07, 2.52395324196e-07, 1.58007978257e-07, 1.56016795927e-07, 1.11096724709e-07, 8.52803907492e-08, 1.15635423015e-07, 1.12501027161e-07], "dmean2": [0.00968222506344, 0.00663111312315, 0.0025544106029, 0.00133309012745, 0.000564821413718, 0.000432523258496, 0.000277241400909, 0.000155821646331, 0.00013022661733, 0.000118655450933, 7.784240006e-05, 5.53772188141e-05, 4.43148383056e-05, 3.02505432046e-05, 2.6637033443e-05, 1.92406660062e-05, 1.71331103047e-05, 1.66182417161e-05, 1.15193033707e-05, 1.22814199131e-05, 1.60925046657e-05, 1.24328234961e-05, 1.14746726467e-05, 7.53693302613e-06, 7.82656752563e-06, 7.62117406339e-06, 6.51120762996e-06, 5.91693242313e-06, 6.19777983957e-06, 6.84978022036e-06, 5.74611249249e-06, 4.90668207931e-06, 3.48878234036e-06, 2.49634786087e-06, 1.7867311044e-06, 1.29359193579e-06, 1.09268614779e-06, 8.25938627713e-07, 8.00956399871e-07, 9.25784036099e-07], "dmean": [0.00626741116866, 0.00398595351726, 0.00152069691103, 0.000798965978902, 0.000342541199643, 0.000267432362307, 0.000170711180544, 9.8254349723e-05, 8.28338525025e-05, 7.50621838961e-05, 4.75972301501e-05, 3.41352933901e-05, 2.73733148788e-05, 1.88163776329e-05, 1.66648223967e-05, 1.19505102703e-05, 1.05375811472e-05, 1.00926490632e-05, 6.9263264777e-06, 7.45899342292e-06, 9.67368305282e-06, 7.39350389267e-06, 6.81146411807e-06, 4.59127159047e-06, 4.8123383749e-06, 4.72386909678e-06, 4.09393715017e-06, 3.75120521312e-06, 3.96108134737e-06, 4.44848274128e-06, 3.6661294871e-06, 3.1332015169e-06, 2.23296660806e-06, 1.59985597747e-06, 1.11941085379e-06, 8.09461766949e-07, 6.83243683852e-07, 5.2099505865e-07, 5.14609382662e-07, 5.80300195452e-07], "var": [0.000153123677592, 5.9185862483e-05, 8.51216464071e-06, 2.41484826802e-06, 4.48574581924e-07, 4.33657447729e-07, 3.96073090769e-07, 1.24436965621e-07, 2.09864438716e-07, 2.05151806654e-07, 5.62904212131e-08, 1.98971257248e-08, 1.03400443763e-08, 5.70394753652e-09, 4.97548668932e-09, 2.34506947194e-09, 1.71800762505e-09, 1.06453923454e-09, 3.70392272409e-10, 3.57654045269e-10, 5.59533475109e-10, 3.29879595862e-10, 2.665624943e-10, 1.683095191e-10, 2.40933523132e-10, 3.82816583988e-10, 3.13446157918e-10, 4.10915662608e-10, 6.96791568888e-10, 7.19159176654e-10, 4.58028948103e-10, 2.29062893653e-10, 1.17951745593e-10, 6.66499980206e-11, 2.56570424628e-11, 1.53517146911e-11, 9.39878123246e-12, 3.84205991674e-12, 5.55072394298e-12, 5.78293012435e-12], "dvar": [0.000134432062623, 6.15571843809e-05, 9.05751767277e-06, 2.32833053815e-06, 3.08520100134e-07, 1.80661615445e-07, 1.44544799241e-07, 5.33831716609e-08, 6.25590175218e-08, 4.70782239859e-08, 1.92625346784e-08, 9.03724028944e-09, 4.7082640009e-09, 2.57685606186e-09, 1.71872849286e-09, 9.03206731628e-10, 7.02008118303e-10, 5.70505032105e-10, 2.44346209932e-10, 1.9546546326e-10, 2.68840533169e-10, 1.89473492451e-10, 1.60328250676e-10, 1.04436480297e-10, 1.49158907448e-10, 1.4164941442e-10, 1.11163821204e-10, 1.21265886222e-10, 2.11975326181e-10, 2.54566978608e-10, 1.55379709099e-10, 9.423397479e-11, 5.12333266089e-11, 3.73867360681e-11, 1.65234267241e-11, 8.30017825304e-12, 4.42303832449e-12, 2.21706073639e-12, 3.12365476367e-12, 3.50951060747e-12], "mean": [0.00710408110172, 0.00487655727193, 0.00203838106245, 0.00107202900108, 0.000518878689036, 0.000467679608846, 0.000290403957479, 0.000151676053065, 0.000145547135617, 0.000144147052197, 8.16811880213e-05, 5.45153925486e-05, 4.20550750277e-05, 2.91951619147e-05, 2.80368003587e-05, 1.88139001693e-05, 1.7073489289e-05, 1.63149834407e-05, 1.11322970042e-05, 1.24584794321e-05, 1.61868792929e-05, 1.24370635604e-05, 1.1045136489e-05, 7.30084957468e-06, 7.87333647168e-06, 8.20518016553e-06, 7.57794350648e-06, 7.26329699319e-06, 7.87369936006e-06, 8.42696317704e-06, 6.96777988196e-06, 5.45733701074e-06, 3.51511039298e-06, 2.19346770791e-06, 1.3769696352e-06, 1.10647272322e-06, 9.22781453028e-07, 6.66597486543e-07, 6.86519456394e-07, 6.93675815455e-07]}, "spectral_entropy": {"min": 4.33843946457, "max": 9.7902173996, "dvar2": 0.0933050960302, "median": 7.53050470352, "dmean2": 0.280291229486, "dmean": 0.186175093055, "var": 0.197548002005, "dvar": 0.0426918081939, "mean": 7.4693312645}, "spectral_rolloff": {"min": 21.533203125, "max": 19681.3476562, "dvar2": 1168877.125, "median": 344.53125, "dmean2": 524.833679199, "dmean": 315.662353516, "var": 1219247.375, "dvar": 523388.5, "mean": 704.888061523}, "barkbands": {"min": [1.34162852106e-23, 3.44835998122e-23, 2.78061951721e-24, 4.00891223424e-24, 6.56808871348e-23, 3.86289976048e-23, 1.11413641878e-23, 3.66714582012e-23, 5.454200707e-23, 5.14220053919e-23, 1.76692804752e-23, 1.40214371348e-22, 8.72806244718e-23, 1.02613997877e-22, 1.22672073813e-22, 9.0376108353e-23, 1.24221712175e-22, 2.00343217567e-22, 3.31815545959e-22, 4.13521593336e-22, 4.79923537204e-22, 4.98895477891e-22, 5.99103077665e-22, 6.9029918484e-22, 1.28872861316e-21, 1.72262583996e-21, 2.54987370133e-21], "max": [0.0418293848634, 0.5057284832, 0.17818236351, 0.0740308463573, 0.154467046261, 0.0439786948264, 0.059976477176, 0.0334202870727, 0.0661173909903, 0.0353665426373, 0.0167763214558, 0.0141580505297, 0.0144743472338, 0.0093343295157, 0.00561574613675, 0.0048804525286, 0.00734658446163, 0.00769192026928, 0.00908269733191, 0.0108728101477, 0.0207086447626, 0.0136156147346, 0.0108133908361, 0.00610925816, 0.00920171476901, 0.00154819095042, 0.000333191303071], "dvar2": [3.6259261833e-05, 0.00338194449432, 0.000555122096557, 7.66441953601e-05, 9.88386091194e-05, 1.38591312862e-05, 7.94704919826e-06, 2.14380816033e-06, 6.16904299022e-06, 1.63666936714e-06, 7.05879415364e-07, 4.25165126217e-07, 2.66971312612e-07, 2.38055775981e-07, 9.42593274544e-08, 1.20208369481e-07, 1.43041191336e-07, 1.14476954138e-07, 1.76765041715e-07, 2.17609780861e-07, 5.70489305574e-07, 3.52371642975e-07, 1.32853145374e-07, 4.00071655804e-08, 4.7416790494e-08, 1.77068031348e-08, 4.83691309228e-10], "median": [0.00103856774513, 0.0102162752301, 0.0028932436835, 0.00143348518759, 0.00242647225969, 0.00139034248423, 0.000538271502592, 0.00018996084691, 0.000304736662656, 0.00016860976757, 9.59760945989e-05, 9.74413997028e-05, 7.90978083387e-05, 7.61288538342e-05, 7.88844772615e-05, 0.000114856615255, 0.000116151670227, 7.81988928793e-05, 8.56590704643e-05, 6.0149912315e-05, 5.34064602107e-05, 4.01135439461e-05, 1.18775369629e-05, 8.87654368853e-06, 1.17679383038e-05, 4.44113948106e-06, 1.0225672753e-07], "dmean2": [0.00384449935518, 0.030984448269, 0.0115515673533, 0.00469805672765, 0.00536885298789, 0.00244209216908, 0.00128282676451, 0.000578318547923, 0.000859781575855, 0.000469174148748, 0.000332702853484, 0.000266897695838, 0.000222693328396, 0.000197625457076, 0.000156541922479, 0.000212034967262, 0.000208739336813, 0.000164980941918, 0.000186956429388, 0.000179122507689, 0.000236084772041, 0.000199836300453, 0.000107689091237, 7.27160804672e-05, 8.49025527714e-05, 4.73253749078e-05, 5.61278511668e-06], "dmean": [0.00243277801201, 0.0198894869536, 0.00661387853324, 0.00278184353374, 0.00322498567402, 0.00150517967995, 0.000799175701104, 0.000364934559911, 0.000544206646737, 0.000289439456537, 0.00020440746448, 0.000165930367075, 0.000138973875437, 0.000120141266962, 9.51167894527e-05, 0.000129182662931, 0.000123898484162, 0.000100486307929, 0.000116767478175, 0.000114417292934, 0.000154712572112, 0.000128559913719, 6.92942048772e-05, 4.642206477e-05, 5.43837049918e-05, 3.14412245643e-05, 3.43725673702e-06], "var": [1.8037200789e-05, 0.00158625829499, 0.000167170204804, 3.25292276102e-05, 3.85698331229e-05, 1.19794303828e-05, 8.37735842651e-06, 2.05533729059e-06, 1.13039395728e-05, 1.73933312908e-06, 5.97838322847e-07, 3.97893728632e-07, 3.50510845237e-07, 1.96792669271e-07, 7.21402386716e-08, 1.02236000998e-07, 9.40992492815e-08, 7.3477607998e-08, 1.83603603432e-07, 3.69542931367e-07, 9.7169493074e-07, 4.13950573375e-07, 1.14221997194e-07, 3.75637370098e-08, 3.96851227435e-08, 1.12228546456e-08, 1.75686479253e-10], "dvar": [1.54988283612e-05, 0.00142923241947, 0.000199097587029, 2.82535947917e-05, 3.68943583453e-05, 5.50067306904e-06, 3.14518956657e-06, 9.59416183832e-07, 2.51572259913e-06, 7.12090240995e-07, 2.83019232938e-07, 1.76951289177e-07, 1.1885455109e-07, 9.10348845196e-08, 3.79913593918e-08, 4.718025437e-08, 5.31709822837e-08, 4.54818582796e-08, 7.43441148643e-08, 9.7964999668e-08, 2.64845340325e-07, 1.549233275e-07, 6.33701517927e-08, 1.84723560892e-08, 2.23281695355e-08, 7.98674548719e-09, 1.98738622781e-10], "mean": [0.00256230565719, 0.0230188407004, 0.00728784315288, 0.00356115819886, 0.00430509680882, 0.00253996648826, 0.00131886464078, 0.000538677617442, 0.00104531820398, 0.000477542285807, 0.000302543310681, 0.000260168977547, 0.000222106784349, 0.000191610117326, 0.000157540169312, 0.000223314506002, 0.000213216204429, 0.000163471326232, 0.000212705490412, 0.000239269676968, 0.000330886512529, 0.00022847931541, 9.42020415096e-05, 6.50658039376e-05, 6.73713511787e-05, 4.09897693316e-05, 3.10070731757e-06]}, "melbands_flatness_db": {"min": 0.00799081195146, "max": 0.691645503044, "dvar2": 0.00275048008189, "median": 0.260947614908, "dmean2": 0.0578431077302, "dmean": 0.0379491969943, "var": 0.00608799234033, "dvar": 0.00119869282935, "mean": 0.263863474131}, "melbands_skewness": {"min": -0.210704997182, "max": 30.3650608063, "dvar2": 3.58741259575, "median": 3.81372594833, "dmean2": 1.81501352787, "dmean": 1.19944310188, "var": 4.63369941711, "dvar": 1.60108649731, "mean": 4.20301866531}, "barkbands_skewness": {"min": -2.35568857193, "max": 27.2856712341, "dvar2": 1.95440244675, "median": 2.64085149765, "dmean2": 1.31700587273, "dmean": 0.879069626331, "var": 2.85571885109, "dvar": 0.889631152153, "mean": 2.85417795181}, "silence_rate_60dB": {"min": 0, "max": 1, "dvar2": 0.00988006964326, "median": 0, "dmean2": 0.00852939113975, "dmean": 0.00426439242437, "var": 0.0470824986696, "dvar": 0.00424668658525, "mean": 0.0495345033705}, "spectral_energyband_low": {"min": 5.02353187767e-23, "max": 0.542796254158, "dvar2": 0.00458082137629, "median": 0.018699856475, "dmean2": 0.0394492782652, "dmean": 0.0254438277334, "var": 0.00250861886889, "dvar": 0.00202589086257, "mean": 0.0346277095377}, "spectral_energyband_middle_low": {"min": 2.23056794947e-22, "max": 0.194231256843, "dvar2": 0.000277702463791, "median": 0.00935336202383, "dmean2": 0.0106109483168, "dmean": 0.00655780173838, "var": 0.000170163752045, "dvar": 0.000109686698124, "mean": 0.0134847173467}, "melbands_kurtosis": {"min": -1.91553640366, "max": 1554.02368164, "dvar2": 3085.20385742, "median": 23.5098457336, "dmean2": 29.600522995, "dmean": 19.1323680878, "var": 2492.42675781, "dvar": 1298.93725586, "mean": 35.727016449}, "spectral_decrease": {"min": -1.47863204347e-07, "max": 4.10892076206e-17, "dvar2": 3.35137505897e-16, "median": -8.62041993344e-09, "dmean2": 1.11410116688e-08, "dmean": 7.33652605334e-09, "var": 2.1055705145e-16, "dvar": 1.51479467994e-16, "mean": -1.27569634856e-08}, "erbbands_kurtosis": {"min": -1.7944637537, "max": 85.7405471802, "dvar2": 10.4491024017, "median": -0.408654212952, "dmean2": 1.63625144958, "dmean": 1.01725113392, "var": 8.28749656677, "dvar": 4.20620727539, "mean": 0.409235864878}, "melbands_crest": {"min": 2.22113656998, "max": 38.1449890137, "dvar2": 35.8995056152, "median": 16.8541412354, "dmean2": 7.79086685181, "dmean": 4.86549901962, "var": 34.1870155334, "dvar": 15.4110975266, "mean": 17.4507656097}, "melbands_spread": {"min": 0.244867146015, "max": 220.472869873, "dvar2": 190.692001343, "median": 7.99304533005, "dmean2": 7.9705953598, "dmean": 5.20533084869, "var": 238.791595459, "dvar": 89.4909439087, "mean": 13.0036468506}, "spectral_energy": {"min": 1.04792151383e-20, "max": 0.563778221607, "dvar2": 0.00487174140289, "median": 0.0338100641966, "dmean2": 0.0425905138254, "dmean": 0.0280804298818, "var": 0.00310390396044, "dvar": 0.00220680865459, "mean": 0.0496715083718}, "mfcc": {"mean": [-665.29510498, 136.238983154, 16.8661212921, 41.3470497131, 9.01431274414, 9.98532962799, 4.05379486084, 5.14609575272, 7.25695848465, -2.35790371895, 2.64554667473, 0.127595961094, 0.783138930798], "icov": [[0.000112471578177, -1.98299903786e-06, 1.78274785867e-06, -0.000110685985419, 0.000146583173773, -9.55483774305e-05, 4.03390367865e-05, 1.32555660457e-05, -0.000128645420773, -4.65021221316e-05, 4.85023265355e-05, -2.99692528642e-05, -1.25067879253e-06], [-1.98299903786e-06, 0.000988045358099, 0.000135334354127, -0.000426009384682, -0.00047659224947, 0.000864204484969, -0.000342155282851, -0.000110914137622, 0.000279288855381, 0.000678832759149, -0.00067608745303, 0.000546172785107, -0.000343566382071], [1.78274785867e-06, 0.000135334354127, 0.00234052841552, -6.71258094371e-05, -2.05257783819e-05, -0.000950619520154, 0.000495197775308, -0.00161325547379, 0.00099263957236, 0.000547731353436, -0.000588723574765, 0.0010719288839, -0.0010828654049], [-0.000110685985419, -0.000426009384682, -6.71258094371e-05, 0.00592447910458, -0.000327377754729, -0.000932920258492, 0.000861721811816, 0.000382814439945, -0.000314740143949, -5.85236994084e-05, 0.000646262080409, -0.000861951557454, 0.000582085107453], [0.000146583173773, -0.00047659224947, -2.05257783819e-05, -0.000327377754729, 0.00523056648672, -0.00148422410712, 0.000812828890048, -0.00158167839982, 0.0012593481224, -0.0011689402163, 0.000954775023274, -0.000308355258312, -0.000428571860539], [-9.55483774305e-05, 0.000864204484969, -0.000950619520154, -0.000932920258492, -0.00148422410712, 0.0105864414945, -0.00194288161583, -0.000904852466192, 1.22801529869e-05, 0.00129914423451, -0.00241055060178, -5.62585046282e-05, -0.000294769939501], [4.03390367865e-05, -0.000342155282851, 0.000495197775308, 0.000861721811816, 0.000812828890048, -0.00194288161583, 0.00888312328607, -0.00171514076646, -0.00143889070023, -0.00056068028789, 0.000449814338936, -0.000221203968977, 0.000485508906422], [1.32555660457e-05, -0.000110914137622, -0.00161325547379, 0.000382814439945, -0.00158167839982, -0.000904852466192, -0.00171514076646, 0.0138302594423, -0.00203382922336, -0.000722576398402, -0.000841548549943, 0.00134278147016, -0.00183272315189], [-0.000128645420773, 0.000279288855381, 0.00099263957236, -0.000314740143949, 0.0012593481224, 1.22801529869e-05, -0.00143889070023, -0.00203382922336, 0.014562995173, -0.00402295123786, -0.000575300015043, 0.000248326367, -0.000792929087766], [-4.65021221316e-05, 0.000678832759149, 0.000547731353436, -5.85236994084e-05, -0.0011689402163, 0.00129914423451, -0.00056068028789, -0.000722576398402, -0.00402295123786, 0.0145698608831, -0.0025654823985, -0.00166453572456, 0.000748373044189], [4.85023265355e-05, -0.00067608745303, -0.000588723574765, 0.000646262080409, 0.000954775023274, -0.00241055060178, 0.000449814338936, -0.000841548549943, -0.000575300015043, -0.0025654823985, 0.0141448257491, -0.00312669156119, 0.000260130444076], [-2.99692528642e-05, 0.000546172785107, 0.0010719288839, -0.000861951557454, -0.000308355258312, -5.62585046282e-05, -0.000221203968977, 0.00134278147016, 0.000248326367, -0.00166453572456, -0.00312669156119, 0.0179300550371, -0.00453256210312], [-1.25067879253e-06, -0.000343566382071, -0.0010828654049, 0.000582085107453, -0.000428571860539, -0.000294769939501, 0.000485508906422, -0.00183272315189, -0.000792929087766, 0.000748373044189, 0.000260130444076, -0.00453256210312, 0.0178168639541]], "cov": [[9678.94042969, -187.963272095, -85.4269332886, 176.615966797, -290.077789307, 57.879108429, -5.59953308105, -38.6815299988, 131.063705444, 52.8402938843, -4.06522703171, 32.9455986023, -11.6996250153], [-187.963272095, 1243.26586914, -41.7157974243, 67.0177536011, 96.2810134888, -74.2913742065, 8.66287708282, 7.66776561737, -40.4033317566, -53.627243042, 18.1907501221, -29.322183609, 13.6049594879], [-85.4269332886, -41.7157974243, 576.979980469, 1.62669754028, 47.9823303223, 74.3194885254, -19.3040733337, 76.3614730835, -40.1081771851, -31.8427734375, 22.7173690796, -27.2044048309, 37.2686653137], [176.615966797, 67.0177536011, 1.62669754028, 183.747207642, 17.1651535034, 10.8221874237, -16.1452922821, -5.24474048615, -0.752966880798, -2.44405627251, -3.94822645187, 5.98635625839, -2.45741295815], [-290.077789307, 96.2810134888, 47.9823303223, 17.1651535034, 236.734359741, 28.291015625, -12.8099393845, 31.7951984406, -23.2763500214, 2.7638733387, -2.84875559807, -0.541049778461, 12.725859642], [57.879108429, -74.2913742065, 74.3194885254, 10.8221874237, 28.291015625, 122.909103394, 18.9676036835, 23.1138095856, 0.0235126893967, -2.7132101059, 18.6406497955, 2.79854512215, 7.86437892914], [-5.59953308105, 8.66287708282, -19.3040733337, -16.1452922821, -12.8099393845, 18.9676036835, 127.911682129, 17.2486724854, 19.6349067688, 9.68918037415, 4.27861642838, 1.23310184479, -1.46667480469], [-38.6815299988, 7.66776561737, 76.3614730835, -5.24474048615, 31.7951984406, 23.1138095856, 17.2486724854, 93.354133606, 8.9208946228, 5.39045619965, 10.5734815598, -5.55523014069, 13.8405628204], [131.063705444, -40.4033317566, -40.1081771851, -0.752966880798, -23.2763500214, 0.0235126893967, 19.6349067688, 8.9208946228, 86.7839355469, 29.0783672333, 7.57866764069, 5.97929048538, 0.691439568996], [52.8402938843, -53.627243042, -31.8427734375, -2.44405627251, 2.7638733387, -2.7132101059, 9.68918037415, 5.39045619965, 29.0783672333, 85.8530883789, 15.067032814, 13.0033283234, -1.79781889915], [-4.06522703171, 18.1907501221, 22.7173690796, -3.94822645187, -2.84875559807, 18.6406497955, 4.27861642838, 10.5734815598, 7.57866764069, 15.067032814, 82.6479721069, 14.175989151, 5.17517280579], [32.9455986023, -29.322183609, -27.2044048309, 5.98635625839, -0.541049778461, 2.79854512215, 1.23310184479, -5.55523014069, 5.97929048538, 13.0033283234, 14.175989151, 66.0308074951, 13.3271446228], [-11.6996250153, 13.6049594879, 37.2686653137, -2.45741295815, 12.725859642, 7.86437892914, -1.46667480469, 13.8405628204, 0.691439568996, -1.79781889915, 5.17517280579, 13.3271446228, 64.0545196533]]}, "spectral_contrast_valleys": {"min": [-27.0367774963, -27.6768722534, -27.3253135681, -27.1172962189, -27.1848106384, -27.2138538361], "max": [-4.55514621735, -4.47230625153, -5.10112190247, -5.79632472992, -5.31790828705, -7.29492712021], "dvar2": [0.333198666573, 0.291212886572, 0.232471302152, 0.221296519041, 0.221066623926, 0.53084307909], "median": [-6.36309814453, -6.5622382164, -7.27868127823, -7.75362157822, -7.7018456459, -10.5482320786], "dmean2": [0.695312082767, 0.633612215519, 0.570474743843, 0.512975513935, 0.461451113224, 0.625216662884], "dmean": [0.453297525644, 0.408092141151, 0.363522410393, 0.342334359884, 0.320755422115, 0.494175046682], "var": [1.37880384922, 1.22970473766, 1.16012883186, 1.11613416672, 1.19635510445, 1.6661440134], "dvar": [0.150087162852, 0.13715185225, 0.110165916383, 0.110646538436, 0.118871308863, 0.276345044374], "mean": [-6.55495357513, -6.73566532135, -7.42614030838, -7.93112897873, -7.8208155632, -10.5813455582]}, "barkbands_flatness_db": {"min": 0.0330407470465, "max": 0.555538773537, "dvar2": 0.00193785969168, "median": 0.163467392325, "dmean2": 0.0481150448322, "dmean": 0.0311773512512, "var": 0.00378503929824, "dvar": 0.000826847855933, "mean": 0.169912829995}, "dynamic_complexity": 3.79364132881, "spectral_skewness": {"min": -0.130981639028, "max": 7.08921289444, "dvar2": 0.13072489202, "median": 1.56143271923, "dmean2": 0.369673997164, "dmean": 0.237223640084, "var": 0.313099980354, "dvar": 0.0572351440787, "mean": 1.61877739429}, "erbbands_flatness_db": {"min": 0.0272961165756, "max": 0.389770299196, "dvar2": 0.00059993629111, "median": 0.132539495826, "dm