{"lowlevel": {"spectral_complexity": {"min": 0, "max": 61, "dvar2": 28.0047245026, "median": 12, "dmean2": 5.08630371094, "dmean": 3.150629282, "var": 127.203765869, "dvar": 11.9363718033, "mean": 15.4220724106}, "silence_rate_20dB": {"min": 1, "max": 1, "dvar2": 0, "median": 1, "dmean2": 0, "dmean": 0, "var": 0, "dvar": 0, "mean": 1}, "average_loudness": 0.706414699554, "erbbands_spread": {"min": 1.97283875942, "max": 128.729690552, "dvar2": 271.558288574, "median": 37.4190063477, "dmean2": 16.2980251312, "dmean": 9.91805458069, "var": 471.505126953, "dvar": 101.302604675, "mean": 40.8044471741}, "spectral_kurtosis": {"min": -1.27821993828, "max": 108.047973633, "dvar2": 92.5933990479, "median": 8.78572463989, "dmean2": 5.85719060898, "dmean": 3.55156540871, "var": 79.1799545288, "dvar": 34.8015556335, "mean": 11.6886930466}, "barkbands_kurtosis": {"min": -1.79899966717, "max": 404.16418457, "dvar2": 651.690307617, "median": 9.00505542755, "dmean2": 14.6292066574, "dmean": 8.50675392151, "var": 397.915130615, "dvar": 227.053833008, "mean": 14.7184419632}, "spectral_strongpeak": {"min": 0, "max": 204.556137085, "dvar2": 1578.8494873, "median": 0.449153900146, "dmean2": 18.6376647949, "dmean": 9.791015625, "var": 1099.02124023, "dvar": 576.38482666, "mean": 15.2658958435}, "spectral_spread": {"min": 1213482.125, "max": 42669036, "dvar2": 975985639424, "median": 4468643, "dmean2": 871900.625, "dmean": 534139.5625, "var": 8818244190210.0, "dvar": 409132728320, "mean": 4580452.5}, "spectral_rms": {"min": 3.12827953645e-12, "max": 0.0153349712491, "dvar2": 2.16940475184e-06, "median": 0.00593770854175, "dmean2": 0.00150375266094, "dmean": 0.000880749779753, "var": 5.78774233873e-06, "dvar": 7.38114522392e-07, "mean": 0.00604693219066}, "erbbands": {"min": [6.79652768551e-23, 6.93484213901e-22, 3.22129717389e-21, 8.10189240328e-21, 1.880841015e-20, 1.90130775749e-20, 2.73114100256e-20, 1.17612843417e-19, 1.52952338555e-19, 1.48081653539e-19, 3.35396250888e-19, 4.1556088314e-19, 6.73964222437e-19, 8.46135404591e-19, 9.60018270906e-19, 1.21676582726e-18, 1.93479757984e-18, 2.47294887866e-18, 2.92683528848e-18, 2.24969345172e-18, 4.24154850265e-18, 3.72160923938e-18, 5.78603574058e-18, 4.48875391025e-18, 7.12915123506e-18, 7.90582998967e-18, 8.84419360272e-18, 7.55867800302e-18, 1.2317296693e-17, 1.08074588101e-17, 1.18468567447e-17, 1.13150681192e-17, 1.09688864154e-17, 9.1061153806e-18, 6.37931200978e-18, 4.34239422703e-18, 2.24639713698e-18, 8.9462767893e-19, 2.47328037129e-19, 2.71111903121e-20], "max": [8.64673137665, 22.8636074066, 50.2727813721, 182.50402832, 200.014251709, 290.504577637, 303.409088135, 482.861968994, 640.380310059, 2207.02734375, 922.95111084, 315.636108398, 450.302185059, 973.783813477, 528.250488281, 1013.9710083, 954.091674805, 860.521972656, 946.848205566, 1157.38134766, 2730.63842773, 953.676330566, 993.767089844, 525.139648438, 897.198181152, 1403.30554199, 895.108337402, 589.575012207, 205.662826538, 226.076828003, 99.5290756226, 45.6988563538, 43.6759376526, 2.61165070534, 0.814824283123, 5.8103761673, 6.54120111465, 7.60468482971, 1.85789501667, 0.208968758583], "dvar2": [0.485482603312, 7.52529573441, 51.0708847046, 563.29309082, 430.09173584, 268.406585693, 728.428955078, 994.913513184, 1052.2232666, 14238.5, 1521.13256836, 929.423706055, 1155.25561523, 3490.6081543, 1295.42834473, 1407.59313965, 820.194519043, 614.580688477, 696.522338867, 1462.26464844, 1451.28051758, 799.462097168, 661.355407715, 449.453735352, 731.461914062, 1841.99890137, 1211.06738281, 895.026428223, 128.767105103, 38.1513023376, 6.64659118652, 2.6631436348, 0.822898983955, 0.0158647038043, 0.00264271977358, 0.0174665860832, 0.018012996763, 0.0151129728183, 0.00183992111124, 3.56931013812e-05], "median": [0.099630266428, 0.460934519768, 1.862803936, 9.9744644165, 8.37203598022, 3.5178565979, 4.30974435806, 6.49655437469, 8.25776481628, 14.0684757233, 6.90754890442, 6.1922416687, 6.24402236938, 5.78018903732, 5.54834127426, 3.34541940689, 2.72139263153, 3.06044149399, 3.46059608459, 2.78583216667, 2.4985268116, 1.95035493374, 1.55321919918, 1.5792952776, 1.77787172794, 2.19527816772, 2.82887887955, 1.99423384666, 0.809029579163, 0.304549813271, 0.143807500601, 0.0880865305662, 0.0541125833988, 0.023102035746, 0.00914004258811, 0.0115086436272, 0.00852171611041, 0.0100093390793, 0.00975216552615, 0.00502378400415], "dmean2": [0.364968329668, 1.40966415405, 4.24445438385, 17.9873657227, 15.4945087433, 7.75034332275, 13.4591722488, 15.7280597687, 17.8954162598, 52.2740097046, 17.8792686462, 15.5882120132, 16.1910686493, 22.7421951294, 16.8840808868, 10.0183572769, 8.22591590881, 8.47825336456, 10.2188100815, 13.4708480835, 11.6424160004, 9.14461517334, 9.63516139984, 7.28163480759, 7.26159763336, 9.21335601807, 12.8250570297, 11.5815572739, 5.00045919418, 1.57753121853, 0.946868419647, 0.760661363602, 0.383206605911, 0.0773772522807, 0.0294953417033, 0.0549373477697, 0.0532127842307, 0.0330394618213, 0.0188848953694, 0.00318795721978], "dmean": [0.212548062205, 0.797725379467, 2.37069225311, 9.85907173157, 8.59782409668, 4.65875768661, 8.45635700226, 9.77998542786, 11.3116979599, 33.6178741455, 10.9715442657, 9.18905639648, 9.69121932983, 13.7661457062, 10.2087469101, 5.92186689377, 4.88511037827, 5.11507940292, 6.12217664719, 7.96884822845, 7.13297557831, 5.65980482101, 5.92087173462, 4.59892654419, 4.63570547104, 5.83369159698, 8.15594482422, 6.69740056992, 2.89102721214, 0.974207878113, 0.587109982967, 0.468124210835, 0.235829561949, 0.0470847263932, 0.017780829221, 0.033622648567, 0.0330090522766, 0.0204817485064, 0.0121933249757, 0.00208058767021], "var": [0.319411724806, 2.95273470879, 17.2090320587, 247.007125854, 195.271118164, 152.896453857, 832.974731445, 1545.91186523, 1478.92272949, 15049.015625, 1129.39562988, 506.272521973, 679.807312012, 2006.74169922, 750.110290527, 607.511657715, 579.838134766, 575.771118164, 689.361022949, 1082.04101562, 2551.1796875, 868.248291016, 995.687133789, 652.298034668, 954.820556641, 2133.41015625, 1617.9765625, 606.947814941, 115.43611145, 34.3474960327, 10.8619642258, 3.82579660416, 0.932031810284, 0.0172758493572, 0.00127633812372, 0.0190195553005, 0.030723804608, 0.0173753444105, 0.00602255109698, 0.000181906856596], "dvar": [0.181066527963, 2.54868483543, 16.1468544006, 166.604980469, 132.764022827, 105.121177673, 307.718994141, 462.707458496, 478.34664917, 6320.07519531, 589.444458008, 345.350067139, 440.13494873, 1434.86816406, 508.045806885, 507.410339355, 314.786315918, 239.490646362, 279.357849121, 564.379943848, 660.145935059, 324.265563965, 280.681427002, 193.284393311, 339.90612793, 726.405700684, 533.868469238, 326.551757812, 46.4538192749, 14.8516359329, 3.03773021698, 1.10437738895, 0.348679035902, 0.00619070231915, 0.00105701177381, 0.00742997415364, 0.00807423889637, 0.00632853480056, 0.000943319813814, 1.55049838213e-05], "mean": [0.32725584507, 1.04484426975, 3.13690018654, 14.6191148758, 12.5592632294, 7.13711452484, 15.1451215744, 18.6916980743, 20.732711792, 55.0308647156, 17.7095336914, 13.5816793442, 14.2420740128, 18.9183692932, 14.7378959656, 8.53697395325, 7.62094211578, 8.70433998108, 10.4145641327, 12.6445045471, 12.8724708557, 11.8339214325, 12.5762062073, 10.6204690933, 10.2589588165, 12.2567863464, 15.4729528427, 10.5021495819, 5.11578035355, 2.50567054749, 1.45498991013, 1.01652193069, 0.481973588467, 0.0823606625199, 0.0216397028416, 0.0694941580296, 0.0802075862885, 0.0570192448795, 0.0348914973438, 0.0100071839988]}, "zerocrossingrate": {"min": 0.013671875, "max": 0.9404296875, "dvar2": 0.00175070436671, "median": 0.27294921875, "dmean2": 0.0482809469104, "dmean": 0.0385450199246, "var": 0.0219244975597, "dvar": 0.00106922618579, "mean": 0.299392968416}, "spectral_contrast_coeffs": {"min": [-0.988243043423, -0.977833271027, -0.975091099739, -0.982607781887, -0.973323643208, -0.966368317604], "max": [-0.342619001865, -0.457529604435, -0.574302613735, -0.566152453423, -0.573446273804, -0.448156028986], "dvar2": [0.00652060750872, 0.00449176644906, 0.00264770374633, 0.00138940417673, 0.0012335301144, 0.00380683946423], "median": [-0.628719687462, -0.761421918869, -0.811073541641, -0.836646735668, -0.827243149281, -0.729792714119], "dmean2": [0.103277362883, 0.0867285728455, 0.0655519142747, 0.0467664897442, 0.039722584188, 0.0603789575398], "dmean": [0.058949213475, 0.0519471690059, 0.0393248200417, 0.0283156279474, 0.0241331998259, 0.0369356572628], "var": [0.00735427299514, 0.00592754362151, 0.00325854984112, 0.00222104578279, 0.00260722986422, 0.00749473227188], "dvar": [0.00212596845813, 0.00162695255131, 0.000973803107627, 0.000519076187629, 0.000472333660582, 0.00144933746196], "mean": [-0.628373861313, -0.752173662186, -0.805946886539, -0.836426317692, -0.829221844673, -0.732381522655]}, "dissonance": {"min": 0.220179408789, "max": 0.5, "dvar2": 0.00182493194006, "median": 0.466804116964, "dmean2": 0.0413373894989, "dmean": 0.0241840537637, "var": 0.00132441183086, "dvar": 0.000643218925688, "mean": 0.456734091043}, "spectral_energyband_high": {"min": 6.74756590378e-21, "max": 0.0307129304856, "dvar2": 1.28007843614e-06, "median": 0.000245174189331, "dmean2": 0.000524492003024, "dmean": 0.000338471931173, "var": 3.71952728528e-06, "dvar": 6.0768388721e-07, "mean": 0.00097366666887}, "gfcc": {"mean": [-29.576915741, 93.4734039307, -68.6011886597, 13.0030384064, -29.2976207733, -19.990732193, -2.75079202652, -15.3640537262, -4.63932991028, -7.65489435196, -12.561372757, -8.64455795288, -8.87753105164], "icov": [[0.00012517144205, -0.000269056938123, 0.000709025422111, -0.000670387002174, 0.000626252731308, -0.00040544863441, 8.24159069452e-05, -3.49112342519e-05, -0.00025868540979, 0.000246557407081, -0.000219588473556, 0.000281250133412, -4.05438950111e-05], [-0.000269056938123, 0.00237966072746, -0.00247143325396, 0.00314623489976, -0.00238678045571, 0.00149091228377, -0.000517407315783, 0.000730224070139, 0.000415721180616, -0.000784544448834, -0.000576802354772, 0.000619052560069, -0.00140514865052], [0.000709025422111, -0.00247143325396, 0.00773394247517, -0.00664120633155, 0.00670788111165, -0.00530560035259, 0.000942790880799, 0.000490350124892, -0.00292463623919, 0.00345807243139, -0.00412034476176, 0.00648335926235, -0.0029722135514], [-0.000670387002174, 0.00314623489976, -0.00664120633155, 0.0114461258054, -0.009376575239, 0.00641790125519, -0.00176323053893, -0.00288241659291, 0.00634281802922, -0.00730095664039, 0.00813961122185, -0.00935830548406, 0.00570357544348], [0.000626252731308, -0.00238678045571, 0.00670788111165, -0.009376575239, 0.0140368407592, -0.00877205561846, 0.000980954966508, 0.0046755913645, -0.0101510183886, 0.0102925188839, -0.0118780173361, 0.0123096704483, -0.00675168773159], [-0.00040544863441, 0.00149091228377, -0.00530560035259, 0.00641790125519, -0.00877205561846, 0.0117766903713, -0.000136983013363, -0.00612296722829, 0.0089505109936, -0.00745152076706, 0.00824168324471, -0.0101829608902, 0.00604498013854], [8.24159069452e-05, -0.000517407315783, 0.000942790880799, -0.00176323053893, 0.000980954966508, -0.000136983013363, 0.00580998742953, 0.0013706474565, -0.00304853403941, -0.000686711282469, 0.00140031927731, 0.00210624933243, -0.00242690066807], [-3.49112342519e-05, 0.000730224070139, 0.000490350124892, -0.00288241659291, 0.0046755913645, -0.00612296722829, 0.0013706474565, 0.0115684866905, -0.00982349272817, 0.0068991840817, -0.0088501162827, 0.00800328794867, -0.00609243148938], [-0.00025868540979, 0.000415721180616, -0.00292463623919, 0.00634281802922, -0.0101510183886, 0.0089505109936, -0.00304853403941, -0.00982349272817, 0.0245260912925, -0.014227155596, 0.0130068194121, -0.0146112367511, 0.0119324056432], [0.000246557407081, -0.000784544448834, 0.00345807243139, -0.00730095664039, 0.0102925188839, -0.00745152076706, -0.000686711282469, 0.0068991840817, -0.014227155596, 0.0224684234709, -0.0154853519052, 0.0119780907407, -0.0117121608928], [-0.000219588473556, -0.000576802354772, -0.00412034476176, 0.00813961122185, -0.0118780173361, 0.00824168324471, 0.00140031927731, -0.0088501162827, 0.0130068194121, -0.0154853519052, 0.0276871640235, -0.0202539972961, 0.0122024007142], [0.000281250133412, 0.000619052560069, 0.00648335926235, -0.00935830548406, 0.0123096704483, -0.0101829608902, 0.00210624933243, 0.00800328794867, -0.0146112367511, 0.0119780907407, -0.0202539972961, 0.0317721739411, -0.0177215579897], [-4.05438950111e-05, -0.00140514865052, -0.0029722135514, 0.00570357544348, -0.00675168773159, 0.00604498013854, -0.00242690066807, -0.00609243148938, 0.0119324056432, -0.0117121608928, 0.0122024007142, -0.0177215579897, 0.0235165655613]], "cov": [[19655.2207031, -753.739135742, -1822.31298828, 600.53918457, -199.471618652, -201.089553833, 114.531326294, 90.0003128052, 243.560546875, 82.5840530396, -78.3877334595, 310.811981201, -165.121292114], [-753.739135742, 1385.0012207, 242.002578735, -389.702972412, 65.8307800293, -48.7804946899, 42.796749115, -106.765419006, -47.4146461487, 34.302570343, 83.0419692993, -111.552955627, 128.744552612], [-1822.31298828, 242.002578735, 548.508361816, 22.8255729675, -43.3925666809, 109.958709717, -31.3985023499, 51.9279785156, -53.0167732239, 6.68760633469, 3.57498240471, -63.2330780029, 25.3221435547], [600.53918457, -389.702972412, 22.8255729675, 379.764007568, 67.5991592407, 4.04481935501, 48.0800628662, 32.5344810486, 33.9210472107, 15.1832141876, -39.5137176514, 33.6028823853, -43.5365104675], [-199.471618652, 65.8307800293, -43.3925666809, 67.5991592407, 285.504425049, 70.8890228271, -15.6428489685, 17.5391712189, 26.9841461182, -31.3631744385, 44.9741401672, -19.8401889801, -19.2126464844], [-201.089553833, -48.7804946899, 109.958709717, 4.04481935501, 70.8890228271, 250.509597778, -80.7710418701, 100.071434021, -26.1492652893, -8.20556163788, 30.8714962006, 20.7354049683, -8.00796318054], [114.531326294, 42.796749115, -31.3985023499, 48.0800628662, -15.6428489685, -80.7710418701, 271.147460938, -58.0326461792, 47.7029914856, 43.5745773315, -56.5130004883, -18.8066635132, 28.9928264618], [90.0003128052, -106.765419006, 51.9279785156, 32.5344810486, 17.5391712189, 100.071434021, -58.0326461792, 196.487258911, 34.2876319885, -6.12861776352, 36.5297775269, 14.8147830963, -11.565571785], [243.560546875, -47.4146461487, -53.0167732239, 33.9210472107, 26.9841461182, -26.1492652893, 47.7029914856, 34.2876319885, 107.171653748, 36.5280303955, -1.22542250156, 17.1568927765, -11.6881818771], [82.5840530396, 34.302570343, 6.68760633469, 15.1832141876, -31.3631744385, -8.20556163788, 43.5745773315, -6.12861776352, 36.5280303955, 113.661872864, 30.3112621307, 22.4875717163, 34.6603088379], [-78.3877334595, 83.0419692993, 3.57498240471, -39.5137176514, 44.9741401672, 30.8714962006, -56.5130004883, 36.5297775269, -1.22542250156, 30.3112621307, 118.466369629, 42.8212356567, 9.9869260788], [310.811981201, -111.552955627, -63.2330780029, 33.6028823853, -19.8401889801, 20.7354049683, -18.8066635132, 14.8147830963, 17.1568927765, 22.4875717163, 42.8212356567, 109.954109192, 31.7334499359], [-165.121292114, 128.744552612, 25.3221435547, -43.5365104675, -19.2126464844, -8.00796318054, 28.9928264618, -11.565571785, -11.6881818771, 34.6603088379, 9.9869260788, 31.7334499359, 102.153289795]]}, "spectral_flux": {"min": 6.44686179441e-11, "max": 0.33868381381, "dvar2": 0.00105321814772, "median": 0.0924579426646, "dmean2": 0.0332744754851, "dmean": 0.0207252446562, "var": 0.00230580265634, "dvar": 0.000432118016761, "mean": 0.0972111746669}, "silence_rate_30dB": {"min": 0, "max": 1, "dvar2": 0.0586210787296, "median": 1, "dmean2": 0.0484677925706, "dmean": 0.0242320019752, "var": 0.0267573110759, "dvar": 0.0236426815391, "mean": 0.972487092018}, "spectral_energyband_middle_high": {"min": 1.21058034108e-21, "max": 0.104560390115, "dvar2": 1.32429286168e-05, "median": 0.00130686140619, "dmean2": 0.001729666139, "dmean": 0.00106216967106, "var": 1.75203840627e-05, "dvar": 5.02628518007e-06, "mean": 0.00260689202696}, "barkbands_spread": {"min": 0.402409106493, "max": 94.6247940063, "dvar2": 118.815727234, "median": 12.4905395508, "dmean2": 9.48341941833, "dmean": 5.68155384064, "var": 252.723236084, "dvar": 45.1407814026, "mean": 17.811132431}, "spectral_centroid": {"min": 150.76991272, "max": 11643.5683594, "dvar2": 229453.234375, "median": 745.657348633, "dmean2": 407.303131104, "dmean": 248.291992188, "var": 1107000.125, "dvar": 94991.0078125, "mean": 1037.78356934}, "pitch_salience": {"min": 0.0781691744924, "max": 0.985908031464, "dvar2": 0.0105378236622, "median": 0.488894999027, "dmean2": 0.120200797915, "dmean": 0.0708410590887, "var": 0.0149800349027, "dvar": 0.00360792642459, "mean": 0.480115026236}, "erbbands_skewness": {"min": -4.18771409988, "max": 10.0220327377, "dvar2": 0.598492503166, "median": 0.68630617857, "dmean2": 0.780622422695, "dmean": 0.485653698444, "var": 1.18571126461, "dvar": 0.22882913053, "mean": 0.701266050339}, "erbbands_crest": {"min": 2.21353769302, "max": 32.0387840271, "dvar2": 20.8228321075, "median": 8.55520820618, "dmean2": 5.062915802, "dmean": 3.03320837021, "var": 24.207901001, "dvar": 8.13137149811, "mean": 9.75562858582}, "melbands": {"min": [1.191114097e-24, 8.89239609713e-25, 1.85885487655e-24, 1.85089014242e-24, 9.65343092e-25, 2.81498387597e-24, 2.66780846346e-24, 1.56528127675e-24, 3.00507273007e-24, 2.55882318788e-24, 3.09031506733e-24, 3.43149878935e-24, 2.8679539136e-24, 3.15586842248e-24, 2.88201733139e-24, 3.6548095344e-24, 3.1149083977e-24, 3.7022796338e-24, 3.09276526931e-24, 3.54926191743e-24, 3.92650230206e-24, 3.1008719984e-24, 4.11684339443e-24, 4.09476869972e-24, 2.69066472211e-24, 4.69858650241e-24, 3.92618123567e-24, 4.21032262284e-24, 5.24808097657e-24, 4.21235709512e-24, 3.84944834099e-24, 6.39275443765e-24, 6.88859769279e-24, 4.42869746521e-24, 6.13398202833e-24, 5.29765575687e-24, 6.31956352843e-24, 6.82015690952e-24, 6.7706219667e-24, 7.30153403338e-24], "max": [0.056543238461, 0.0294947791845, 0.0297217387706, 0.0124494126067, 0.0130723947659, 0.00953469332308, 0.00832305476069, 0.0196967720985, 0.00642219930887, 0.00191095669288, 0.00248196464963, 0.00420804368332, 0.00196247594431, 0.00193500076421, 0.00166145630646, 0.0028221711982, 0.00203931913711, 0.00204812316224, 0.00261070253327, 0.00340691627935, 0.00336071359925, 0.00118023052346, 0.000719926552847, 0.000871896510944, 0.00048144676839, 0.000791136233602, 0.000770080077928, 0.00119041861035, 0.000667537562549, 0.000565180554986, 0.000439988594735, 0.000100122721051, 0.00030502260779, 9.56455769483e-05, 6.19270867901e-05, 4.19154275733e-05, 3.09764072881e-05, 4.89860321977e-05, 1.10674882308e-05, 1.04896219e-06], "dvar2": [2.42257265199e-05, 1.30297121359e-05, 1.50020687215e-05, 9.64795844993e-07, 6.80864673086e-07, 4.61869973378e-07, 3.50824223005e-07, 1.30022601752e-06, 8.9514273327e-08, 4.21768113767e-08, 2.96913409414e-08, 6.06080163834e-08, 2.71114029005e-08, 7.87509257805e-09, 5.74351721738e-09, 5.47875300683e-09, 2.41718334237e-09, 2.27893104388e-09, 4.49009407433e-09, 3.18502513252e-09, 2.55230880875e-09, 1.25604671108e-09, 6.05346439642e-10, 6.44748254786e-10, 3.93821059097e-10, 4.29381502576e-10, 5.3649118481e-10, 1.14055276335e-09, 7.20040305158e-10, 5.44483735876e-10, 3.74149738969e-10, 6.87094756091e-11, 5.04783229105e-11, 6.79806601636e-12, 4.19230232127e-12, 1.53552214346e-12, 1.05303894944e-12, 8.15945672573e-13, 1.14487710761e-13, 4.78485947289e-15], "median": [0.00104401807766, 0.000904156011529, 0.00176047021523, 0.000375728996005, 0.000156047972268, 0.000144547782838, 0.000141897791764, 0.000135737558594, 4.72271422041e-05, 3.76386524295e-05, 2.94763885904e-05, 2.179175317e-05, 2.00611939363e-05, 9.0974244813e-06, 6.44284591544e-06, 5.2854261412e-06, 5.26984422322e-06, 5.24735287399e-06, 4.08331015933e-06, 3.17514536619e-06, 2.67168798018e-06, 2.0278298507e-06, 1.41781958973e-06, 1.31370666168e-06, 1.19647279462e-06, 1.27377211356e-06, 1.10981216039e-06, 1.23527456708e-06, 1.73435932993e-06, 1.41176724355e-06, 9.75690454652e-07, 4.78697643302e-07, 1.95333541342e-07, 1.32691084787e-07, 8.03264583737e-08, 6.22214173518e-08, 4.8734857927e-08, 3.91047905168e-08, 2.83707493054e-08, 1.01919681583e-08], "dmean2": [0.00280379154719, 0.00199797819369, 0.00297729228623, 0.000672478461638, 0.000430379383033, 0.000349106441718, 0.000331007031491, 0.000504411873408, 0.000137662820634, 0.000102323108877, 8.20917848614e-05, 9.30595415412e-05, 7.48345191823e-05, 2.91766064038e-05, 2.37918557104e-05, 1.84710734175e-05, 1.61978314281e-05, 1.63593449543e-05, 2.01943439606e-05, 1.67817343026e-05, 1.38480108944e-05, 1.04242599264e-05, 9.91710476228e-06, 9.27471683099e-06, 6.43852945359e-06, 6.04905244472e-06, 5.82082202527e-06, 6.82437530486e-06, 8.96130950423e-06, 9.02171814232e-06, 7.44027147448e-06, 3.61215711564e-06, 1.51814379024e-06, 7.5136125588e-07, 6.58267026665e-07, 5.23531184626e-07, 4.67946819072e-07, 3.41406320103e-07, 1.6100095479e-07, 3.99270838614e-08], "dmean": [0.00161231821403, 0.00111917243339, 0.00162939669099, 0.000388864747947, 0.000269541953458, 0.000218283312279, 0.000209619058296, 0.000323994987411, 8.27913609101e-05, 6.03871849307e-05, 4.91324535687e-05, 5.62514542253e-05, 4.49424660474e-05, 1.73822336365e-05, 1.39452795338e-05, 1.09069942482e-05, 9.73390888248e-06, 9.81556331681e-06, 1.18358157124e-05, 1.00945335362e-05, 8.43116504257e-06, 6.39540803604e-06, 6.07486072113e-06, 5.64903530176e-06, 4.00565886594e-06, 3.7812969822e-06, 3.66486688108e-06, 4.23211304224e-06, 5.67428378417e-06, 5.3048402151e-06, 4.1668877202e-06, 2.0439142645e-06, 9.20515276448e-07, 4.64100963882e-07, 4.00344447371e-07, 3.21234722378e-07, 2.8609881042e-07, 2.08083918096e-07, 9.74237366336e-08, 2.39697079962e-08], "var": [1.78286391019e-05, 4.36893969891e-06, 6.78426340528e-06, 6.38821688881e-07, 7.32290288852e-07, 7.29810324174e-07, 4.44470316552e-07, 1.36105381898e-06, 5.87695154763e-08, 2.2460930893e-08, 1.71746137312e-08, 3.41578889618e-08, 1.39736817673e-08, 4.73672567836e-09, 2.93841351251e-09, 3.74159858652e-09, 1.92668059285e-09, 1.65759961313e-09, 2.57651255886e-09, 2.86865264876e-09, 3.60430885138e-09, 1.02640174138e-09, 7.8955236793e-10, 7.88198339929e-10, 4.46947950872e-10, 4.45850606434e-10, 7.14009351643e-10, 1.12428366617e-09, 7.84217801808e-10, 4.86769125008e-10, 1.72648562113e-10, 4.39516305295e-11, 2.65263939286e-11, 7.39784969395e-12, 4.66983786709e-12, 1.98917943749e-12, 1.3072382803e-12, 7.41398587488e-13, 1.22478226562e-13, 2.2714946074e-15], "dvar": [8.88314934855e-06, 4.16713510276e-06, 4.42346163254e-06, 3.51076806737e-07, 2.86962631435e-07, 2.12645261399e-07, 1.55176735461e-07, 5.69212943446e-07, 3.41440333784e-08, 1.57995199146e-08, 1.13179048356e-08, 2.50464680107e-08, 1.05074473566e-08, 3.0297637732e-09, 2.1083634838e-09, 2.06861994201e-09, 9.65308388778e-10, 9.27869781009e-10, 1.72852421265e-09, 1.37767552921e-09, 1.04233277565e-09, 5.09638331536e-10, 2.42755787694e-10, 2.73544159546e-10, 1.64872504538e-10, 1.87103402216e-10, 2.40379410821e-10, 4.45863207466e-10, 3.10172526552e-10, 2.04585959285e-10, 1.3019006706e-10, 2.32624058905e-11, 1.87513147371e-11, 2.70305891385e-12, 1.7765943881e-12, 6.44226967779e-13, 4.46587292971e-13, 3.46527358674e-13, 4.40236700718e-14, 1.89522923146e-15], "mean": [0.00287067238241, 0.00152866705321, 0.00250757299364, 0.000628354260698, 0.000479871203424, 0.000427419930929, 0.000379760866053, 0.000531321566086, 0.000121977391245, 8.63820969244e-05, 7.00771051925e-05, 7.5326046499e-05, 5.98218830419e-05, 2.54121732723e-05, 1.85376011359e-05, 1.69242393895e-05, 1.55858524522e-05, 1.56174864969e-05, 1.78179234354e-05, 1.58177736012e-05, 1.46792208398e-05, 1.18895586638e-05, 1.19292881209e-05, 1.07596597445e-05, 8.31587385619e-06, 7.36611173124e-06, 7.54060010877e-06, 8.06946172816e-06, 9.94729452941e-06, 8.30566841614e-06, 5.49181049792e-06, 3.12144243253e-06, 1.90020148239e-06, 1.14997624223e-06, 8.75029797953e-07, 6.92705214078e-07, 5.68258201383e-07, 3.78141379542e-07, 1.8885918962e-07, 2.73665570205e-08]}, "spectral_entropy": {"min": 4.40086460114, "max": 9.82419967651, "dvar2": 0.199569061399, "median": 7.37011814117, "dmean2": 0.427067786455, "dmean": 0.259245157242, "var": 0.376073509455, "dvar": 0.0751677453518, "mean": 7.29220247269}, "spectral_rolloff": {"min": 21.533203125, "max": 22050, "dvar2": 142567376, "median": 21296.3378906, "dmean2": 7109.04003906, "dmean": 3667.47460938, "var": 103077880, "dvar": 52514172, "mean": 12520.3349609}, "barkbands": {"min": [8.98541167255e-25, 2.15054487373e-24, 3.12870320835e-25, 1.52922264199e-24, 9.79363635198e-24, 1.1302197938e-23, 1.18598689554e-23, 1.19010143625e-23, 2.04708268945e-23, 1.93241055505e-23, 1.76839517103e-23, 1.89734016579e-23, 3.75781780811e-23, 3.59162374804e-23, 4.26739923369e-23, 7.46985707126e-23, 5.52794405551e-23, 8.44263300792e-23, 1.34618091112e-22, 1.70510050609e-22, 2.1050327902e-22, 3.67645532544e-22, 4.24362183005e-22, 6.16400007904e-22, 9.18760270212e-22, 1.31083368217e-21, 2.01679477258e-21], "max": [0.0985607653856, 0.14408749342, 0.0495417788625, 0.083558395505, 0.0627937465906, 0.0473298430443, 0.0954373627901, 0.0478831827641, 0.0142559958622, 0.0238717421889, 0.0136264152825, 0.0198314394802, 0.0232220757753, 0.027577586472, 0.0247842427343, 0.0492862388492, 0.0149124581367, 0.0162292793393, 0.0142911821604, 0.0243784449995, 0.0169256143272, 0.00811122078449, 0.00266037438996, 0.00244297785684, 0.000112906011054, 0.00263447966427, 0.012820372358], "dvar2": [0.000123856429127, 0.000189542392036, 4.05968239647e-05, 0.000112099543912, 1.51534077304e-05, 1.40663314596e-05, 2.41478319367e-05, 6.98928897691e-06, 2.46435206464e-06, 1.7730133095e-06, 1.85229839644e-06, 6.88799900672e-07, 4.60641018662e-07, 3.19780724567e-07, 5.30245642949e-07, 4.84426493585e-07, 2.67813163646e-07, 1.97161298843e-07, 2.32573583503e-07, 7.2333875778e-07, 5.5063929949e-07, 9.38914226367e-08, 6.44158371088e-09, 4.17449408374e-09, 7.7082305816e-11, 2.63189003924e-09, 8.0957867965e-08], "median": [0.00134007935412, 0.00283698597923, 0.00176190957427, 0.0042503606528, 0.00119215110317, 0.000733876833692, 0.000812421843875, 0.000303039385471, 0.000284893496428, 0.000149663246702, 0.000140277843457, 7.65204022173e-05, 5.40905020898e-05, 6.01355641265e-05, 5.86599417147e-05, 4.32798697148e-05, 3.28583228111e-05, 2.76434802799e-05, 3.32524214173e-05, 4.3605297833e-05, 6.41358637949e-05, 1.9995673938e-05, 5.40640849067e-06, 3.64942525266e-06, 1.48591402649e-06, 4.1071079977e-06, 8.61701118993e-05], "dmean2": [0.00635062344372, 0.00789690576494, 0.00449814833701, 0.00812167674303, 0.00233730836771, 0.00191344937775, 0.00244008214213, 0.00113421329297, 0.000783184892498, 0.000543122005183, 0.000601034611464, 0.000258716114331, 0.000184855583939, 0.000175350403879, 0.00026133027859, 0.000219817346078, 0.000174635293661, 0.000172949759872, 0.000149375380715, 0.000202162293135, 0.000299202802125, 0.000130727086798, 3.20051185554e-05, 2.93861048704e-05, 5.36296238351e-06, 2.17787182919e-05, 0.000117468618555], "dmean": [0.00399656454101, 0.00451755803078, 0.00250807916746, 0.00444461684674, 0.00140873820055, 0.00119979842566, 0.00156502332538, 0.000702610705048, 0.000462410389446, 0.000330890296027, 0.000358125573257, 0.000155121510033, 0.000108609565359, 0.000105302140582, 0.000155011090101, 0.000132528322865, 0.000106800362119, 0.000106989733467, 9.37883087317e-05, 0.000126711340272, 0.000183435506187, 7.5185103924e-05, 1.99217120098e-05, 1.79693670361e-05, 3.2021325751e-06, 1.35058617161e-05, 7.467870455e-05], "var": [0.000157345391926, 0.000106440747913, 1.5888701455e-05, 5.16712352692e-05, 1.17035160656e-05, 2.10807702388e-05, 2.72718552878e-05, 6.09777862337e-06, 1.38866096222e-06, 1.05417689156e-06, 9.2579369948e-07, 3.77280770181e-07, 3.21317457974e-07, 1.92371416574e-07, 3.79090835168e-07, 8.9455198804e-07, 2.41553152591e-07, 3.24421819187e-07, 2.73013199603e-07, 8.94200240964e-07, 6.52946141599e-07, 7.85316061069e-08, 1.30127721931e-08, 5.54673373898e-09, 4.74218303514e-11, 5.7147890864e-09, 3.34274062652e-07], "dvar": [5.07070144522e-05, 6.82155878167e-05, 1.28641004267e-05, 3.29364993377e-05, 6.03562557444e-06, 6.21566869086e-06, 1.07946762e-05, 2.82235941995e-06, 9.21200467019e-07, 7.47041042359e-07, 7.03347552644e-07, 2.59116035295e-07, 1.73285783944e-07, 1.29214271283e-07, 2.03127854093e-07, 2.39527309986e-07, 1.04199045836e-07, 8.72119727546e-08, 9.88232500276e-08, 2.88764738343e-07, 2.28073687936e-07, 3.40709185309e-08, 2.92610224939e-09, 1.76276904185e-09, 2.97173327612e-11, 1.22162135963e-09, 3.63114942559e-08], "mean": [0.00755821308121, 0.00656044343486, 0.00311488984153, 0.00643792748451, 0.00230991351418, 0.00236483244225, 0.00266207545064, 0.00103503849823, 0.00066431472078, 0.000453660060884, 0.000457569723949, 0.000222190923523, 0.000163536824402, 0.000164657365531, 0.0002402432292, 0.000226290649152, 0.000205353964702, 0.000225251700613, 0.000198262379854, 0.000256588915363, 0.000337825040333, 0.000135105292429, 5.26391304447e-05, 3.84974628105e-05, 4.20097785536e-06, 3.53374234692e-05, 0.000274492776953]}, "melbands_flatness_db": {"min": 0.000913247349672, "max": 0.605883717537, "dvar2": 0.00316032627597, "median": 0.27269423008, "dmean2": 0.065242305398, "dmean": 0.0393796786666, "var": 0.00747358519584, "dvar": 0.00120548857376, "mean": 0.274921327829}, "melbands_skewness": {"min": -1.03283274174, "max": 17.2716178894, "dvar2": 3.06992006302, "median": 3.2044916153, "dmean2": 1.76891744137, "dmean": 1.03937280178, "var": 3.69378256798, "dvar": 1.07174301147, "mean": 3.52196621895}, "barkbands_skewness": {"min": -2.15816545486, "max": 15.5200662613, "dvar2": 2.05673241615, "median": 2.48972940445, "dmean2": 1.39066779613, "dmean": 0.824125230312, "var": 2.22607421875, "dvar": 0.723810136318, "mean": 2.68101716042}, "silence_rate_60dB": {"min": 0, "max": 1, "dvar2": 0.00202885642648, "median": 0, "dmean2": 0.00187617260963, "dmean": 0.000938012963161, "var": 0.0289661269635, "dvar": 0.000937205331866, "mean": 0.0298577453941}, "spectral_energyband_low": {"min": 1.9265007247e-23, "max": 0.188697546721, "dvar2": 0.00044523156248, "median": 0.0119331497699, "dmean2": 0.0156811680645, "dmean": 0.00887501053512, "var": 0.000337868637871, "dvar": 0.000150141320773, "mean": 0.018205858767}, "spectral_energyband_middle_low": {"min": 1.4933629185e-22, "max": 0.129592403769, "dvar2": 0.00017400343495, "median": 0.0117087122053, "dmean2": 0.0111128166318, "dmean": 0.00645580003038, "var": 0.000194458931219, "dvar": 5.98391270614e-05, "mean": 0.0155937504023}, "melbands_kurtosis": {"min": -1.68175125122, "max": 511.88470459, "dvar2": 1622.63537598, "median": 15.6765012741, "dmean2": 24.3755149841, "dmean": 14.0641546249, "var": 1100.74438477, "dvar": 562.606445312, "mean": 25.5985908508}, "spectral_decrease": {"min": -5.29361976476e-08, "max": 8.5498577107e-09, "dvar2": 4.63821047497e-17, "median": -5.4082933687e-09, "dmean2": 5.60404167516e-09, "dmean": 3.27562377223e-09, "var": 5.43633256348e-17, "dvar": 1.59169600713e-17, "mean": -7.35812388797e-09}, "erbbands_kurtosis": {"min": -1.94568431377, "max": 146.414337158, "dvar2": 34.2524719238, "median": 0.190991640091, "dmean2": 2.93591690063, "dmean": 1.76937186718, "var": 26.8906860352, "dvar": 12.6225194931, "mean": 1.67214608192}, "melbands_crest": {"min": 1.37164735794, "max": 36.3408584595, "dvar2": 37.2295913696, "median": 17.1570625305, "dmean2": 7.38692808151, "dmean": 4.27370977402, "var": 39.672908783, "dvar": 12.5098733902, "mean": 17.9221076965}, "melbands_spread": {"min": 0.416075497866, "max": 158.037399292, "dvar2": 117.299736023, "median": 9.23156929016, "dmean2": 8.24818515778, "dmean": 4.88596105576, "var": 260.193206787, "dvar": 43.3087387085, "mean": 13.8705272675}, "spectral_energy": {"min": 1.00307863111e-20, "max": 0.241040363908, "dvar2": 0.000658749835566, "median": 0.0361377969384, "dmean2": 0.0213801655918, "dmean": 0.0124985361472, "var": 0.000970535387751, "dvar": 0.000228959572269, "mean": 0.0434121862054}, "mfcc": {"mean": [-691.935119629, 149.184921265, 11.8849105835, 41.961139679, -6.04602575302, 12.0043439865, -1.77392375469, 2.38000941277, 4.81731319427, 3.77006793022, -3.94035601616, 4.81346511841, -4.25410032272], "icov": [[0.000159483999596, -7.35968278605e-05, 0.000212809682125, -0.000136189948535, 0.000167315738508, -0.000139257012052, 0.000348845904227, -0.000417619594373, 0.000195796543267, -0.000335462042131, 0.000335698743584, -0.000391104142182, -3.61341080861e-05], [-7.35968278605e-05, 0.000867471913807, -0.000136220056447, 0.000322552456055, -0.000132629196742, 0.000184342061402, -0.000816600921098, 0.00114130508155, -0.000501528324094, 0.00043238280341, -0.00074980861973, 0.000902342086192, -0.000613788724877], [0.000212809682125, -0.000136220056447, 0.00230972305872, -8.32123769214e-05, -4.0026523493e-05, 0.000384709157515, -0.000567106995732, -9.29680827539e-05, -0.000409356493037, -0.000302258413285, 0.000543298316188, -0.000472898449516, 5.18919187016e-05], [-0.000136189948535, 0.000322552456055, -8.32123769214e-05, 0.0034426311031, 0.000155674759299, -0.000903626263607, -8.06650714367e-05, 0.000590068055317, -0.000943690654822, -0.000500815745909, -0.000175781387952, -0.000500634138007, 0.00041001176578], [0.000167315738508, -0.000132629196742, -4.0026523493e-05, 0.000155674759299, 0.004071213305, -0.000796165724751, -0.000310062838253, -0.00266059231944, 0.00261037726887, -0.000969436776359, -0.00133968156297, 0.000155723828357, -0.000210899015656], [-0.000139257012052, 0.000184342061402, 0.000384709157515, -0.000903626263607, -0.000796165724751, 0.00820068456233, -0.003214109689, 0.00110537419096, -0.00152828765567, 0.00239731208421, -0.00032170227496, -0.00155987637118, 0.00171573692933], [0.000348845904227, -0.000816600921098, -0.000567106995732, -8.06650714367e-05, -0.000310062838253, -0.003214109689, 0.0114844832569, -0.0021810696926, -0.000242243535467, -0.00134461454581, 0.000378294964321, 0.000639224308543, -0.00173614663072], [-0.000417619594373, 0.00114130508155, -9.29680827539e-05, 0.000590068055317, -0.00266059231944, 0.00110537419096, -0.0021810696926, 0.0112595930696, -0.00190628529526, -0.00306598772295, 0.000210152807995, 0.00162195635494, 5.87012546021e-05], [0.000195796543267, -0.000501528324094, -0.000409356493037, -0.000943690654822, 0.00261037726887, -0.00152828765567, -0.000242243535467, -0.00190628529526, 0.00924296677113, -0.00132471567485, -0.00162248674314, -0.00166055047885, 0.00218395516276], [-0.000335462042131, 0.00043238280341, -0.000302258413285, -0.000500815745909, -0.000969436776359, 0.00239731208421, -0.00134461454581, -0.00306598772295, -0.00132471567485, 0.0155016649514, -0.00373997469433, -0.000273175683105, 1.61868938449e-05], [0.000335698743584, -0.00074980861973, 0.000543298316188, -0.000175781387952, -0.00133968156297, -0.00032170227496, 0.000378294964321, 0.000210152807995, -0.00162248674314, -0.00373997469433, 0.0160209555179, -0.00461527146399, -0.00169505144004], [-0.000391104142182, 0.000902342086192, -0.000472898449516, -0.000500634138007, 0.000155723828357, -0.00155987637118, 0.000639224308543, 0.00162195635494, -0.00166055047885, -0.000273175683105, -0.00461527146399, 0.0159034617245, -0.00355496793054], [-3.61341080861e-05, -0.000613788724877, 5.18919187016e-05, 0.00041001176578, -0.000210899015656, 0.00171573692933, -0.00173614663072, 5.87012546021e-05, 0.00218395516276, 1.61868938449e-05, -0.00169505144004, -0.00355496793054, 0.0143630374223]], "cov": [[11190.2900391, -774.441894531, -1046.70263672, 497.69934082, -253.519241333, 64.5985336304, -351.828033447, 344.139282227, -70.8358078003, 238.767700195, -127.266151428, 248.223876953, -13.8219108582], [-774.441894531, 1784.2980957, 160.532562256, -172.686523438, -37.8724784851, -4.20287942886, 124.105552673, -189.418838501, 46.1356582642, -79.3272476196, 63.7910614014, -67.1773757935, 78.3484191895], [-1046.70263672, 160.532562256, 555.498413086, -35.3163948059, 18.3616580963, -15.4955615997, 62.902469635, -24.7521648407, 37.3635063171, -8.28764915466, 8.70388889313, -13.742436409, 5.0072183609], [497.69934082, -172.686523438, -35.3163948059, 373.578948975, -65.7412109375, 62.885848999, -13.103758812, 1.67700564861, 62.4713401794, 19.1592903137, 3.02020430565, 41.9398498535, -25.5160217285], [-253.519241333, -37.8724784851, 18.3616580963, -65.7412109375, 408.021453857, -6.88283586502, 40.2725906372, 100.354949951, -94.1218719482, 43.1915245056, 32.4126243591, -16.2486743927, 24.8917007446], [64.5985336304, -4.20287942886, -15.4955615997, 62.885848999, -6.88283586502, 165.971130371, 36.0833969116, -12.7972183228, 38.2437324524, -17.1798496246, 5.86968946457, 21.1160526276, -17.1461372375], [-351.828033447, 124.105552673, 62.902469635, -13.103758812, 40.2725906372, 36.0833969116, 125.503715515, 10.1642131805, 13.6860074997, 3.6867544651, 12.9584417343, -8.96874523163, 13.1993322372], [344.139282227, -189.418838501, -24.7521648407, 1.67700564861, 100.354949951, -12.7972183228, 10.1642131805, 160.701293945, -7.08568334579, 53.068031311, 1.88109779358, -0.340383827686, -2.45785069466], [-70.8358078003, 46.1356582642, 37.3635063171, 62.4713401794, -94.1218719482, 38.2437324524, 13.6860074997, -7.08568334579, 165.142852783, 6.70311117172, 17.7529773712, 21.113527298, -22.189414978], [238.767700195, -79.3272476196, -8.28764915466, 19.1592903137, 43.1915245056, -17.1798496246, 3.6867544651, 53.068031311, 6.70311117172, 94.3611679077, 20.9511013031, 12.3593711853, 4.01491737366], [-127.266151428, 63.7910614014, 8.70388889313, 3.02020430565, 32.4126243591, 5.86968946457, 12.9584417343, 1.88109779358, 17.7529773712, 20.9511013031, 85.7116317749, 24.0292949677, 16.9613170624], [248.223876953, -67.1773757935, -13.742436409, 41.9398498535, -16.2486743927, 21.1160526276, -8.96874523163, -0.340383827686, 21.113527298, 12.3593711853, 24.0292949677, 88.9386978149, 14.386961937], [-13.8219108582, 78.3484191895, 5.0072183609, -25.5160217285, 24.8917007446, -17.1461372375, 13.1993322372, -2.45785069466, -22.189414978, 4.01491737366, 16.9613170624, 14.386961937, 86.5980682373]]}, "spectral_contrast_valleys": {"min": [-28.1207618713, -27.9133739471, -27.8321895599, -27.7610149384, -27.6305561066, -27.3839035034], "max": [-5.0108628273, -4.53190660477, -5.01340103149, -5.03887653351, -5.42653465271, -8.77991867065], "dvar2": [0.281849294901, 0.266626149416, 0.274490088224, 0.358977645636, 0.32674407959, 0.690848171711], "median": [-6.838971138, -6.44188213348, -7.23488807678, -7.80517578125, -7.80636501312, -10.7914485931], "dmean2": [0.662794172764, 0.62559223175, 0.595444381237, 0.599727213383, 0.539986252785, 0.843800902367], "dmean": [0.389284282923, 0.37468880415, 0.359522253275, 0.368438869715, 0.339886158705, 0.528082489967], "var": [3.59699654579, 3.58032917976, 3.42216849327, 3.45056509972, 3.75457787514, 2.84048604965], "dvar": [0.106797784567, 0.10493773967, 0.110738098621, 0.147409394383, 0.141397580504, 0.269719064236], "mean": [-7.16651058197, -6.72263002396, -7.55032587051, -8.08007907867, -8.01222610474, -11.0414733887]}, "barkbands_flatness_db": {"min": 0.0225915256888, "max": 0.460856497288, "dvar2": 0.00232097716071, "median": 0.161831393838, "dmean2": 0.0539692379534, "dmean": 0.0327926240861, "var": 0.00471251085401, "dvar": 0.000883030123077, "mean": 0.167774364352}, "dynamic_complexity": 3.0842320919, "spectral_skewness": {"min": -0.081932798028, "max": 8.59950447083, "dvar2": 0.554796278477, "median": 2.04515695572, "dmean2": 0.573375403881, "dmean": 0.352342694998, "var": 0.927448570728, "dvar": 0.213637858629, "mean": 2.24868798256}, "erbbands_flatness_db": {"min": 0.0267301145941, "max": 0.366262406111, "dvar2": 0.00133537303191, "median": 0.136445015669, "dmean2": 0.0384980514646, "dmean": 0.0238190311939, "var": 0.00231762602925, "dvar": 0.000515764812008, "mean": 0.141336545348}, "hfc": {"min": 1.06815189075e-16, "max": 1670.