{"lowlevel": {"spectral_complexity": {"min": 0, "max": 50, "dvar2": 48.585193634, "median": 13, "dmean2": 6.33652353287, "dmean": 3.9681763649, "var": 77.9301757812, "dvar": 19.8847923279, "mean": 14.5915660858}, "silence_rate_20dB": {"min": 1, "max": 1, "dvar2": 0, "median": 1, "dmean2": 0, "dmean": 0, "var": 0, "dvar": 0, "mean": 1}, "average_loudness": 0.912823617458, "erbbands_spread": {"min": 2.36159873009, "max": 172.424728394, "dvar2": 407.839569092, "median": 53.607925415, "dmean2": 18.7102413177, "dmean": 12.2446727753, "var": 587.650390625, "dvar": 184.138565063, "mean": 54.8944358826}, "spectral_kurtosis": {"min": -1.52121055126, "max": 24.2207870483, "dvar2": 3.48240399361, "median": 2.14995098114, "dmean2": 1.42447948456, "dmean": 0.929202437401, "var": 4.39092206955, "dvar": 1.58044219017, "mean": 2.40642499924}, "barkbands_kurtosis": {"min": -1.9265768528, "max": 385.6355896, "dvar2": 817.77130127, "median": 2.91761660576, "dmean2": 10.4879150391, "dmean": 7.08915472031, "var": 634.493164062, "dvar": 360.799621582, "mean": 10.5171079636}, "spectral_strongpeak": {"min": 0, "max": 6.20563983917, "dvar2": 0.45154696703, "median": 0.555941462517, "dmean2": 0.465953290462, "dmean": 0.298107892275, "var": 0.539481163025, "dvar": 0.184939831495, "mean": 0.737009584904}, "spectral_spread": {"min": 2140338.75, "max": 42152624, "dvar2": 2570365173760.0, "median": 7009441.5, "dmean2": 1357963.875, "dmean": 927246.875, "var": 21915466989600.0, "dvar": 1308154396670.0, "mean": 7756110.5}, "spectral_rms": {"min": 3.10670543111e-12, "max": 0.015248786658, "dvar2": 4.00155477109e-06, "median": 0.00406220834702, "dmean2": 0.00137948174961, "dmean": 0.00108871725388, "var": 1.10197152026e-05, "dvar": 2.52213885688e-06, "mean": 0.00499850325286}, "erbbands": {"min": [5.26675978286e-23, 1.28406272178e-22, 2.4808396631e-21, 3.73976473261e-21, 5.94782240362e-21, 2.59702255196e-20, 3.56701315077e-20, 4.94614101305e-20, 1.15073993472e-19, 1.7307825032e-19, 2.84075716788e-19, 1.90114823442e-19, 4.4151788831e-19, 4.82779880312e-19, 9.42278452092e-19, 8.30107901343e-19, 1.88481167581e-18, 1.58488922059e-18, 2.56776941946e-18, 3.04361292505e-18, 2.7649816852e-18, 4.57791612207e-18, 5.49824678417e-18, 5.44565174569e-18, 7.11629767552e-18, 7.23649280879e-18, 8.53985152149e-18, 7.3922608443e-18, 7.71917337573e-18, 1.10147899763e-17, 1.13851476879e-17, 9.86384590893e-18, 7.79206618567e-18, 8.13860109559e-18, 5.95192226293e-18, 4.21968735983e-18, 1.99251265952e-18, 8.97051111329e-19, 2.50278047537e-19, 2.7322282927e-20], "max": [5.77721118927, 39.8598136902, 119.560508728, 223.848297119, 408.526519775, 340.066680908, 302.149871826, 378.175415039, 637.776977539, 173.054473877, 381.297363281, 407.454803467, 1471.7857666, 381.678833008, 479.176452637, 539.766357422, 325.150115967, 388.94519043, 110.222053528, 195.18145752, 111.508659363, 672.211730957, 250.745834351, 263.035583496, 191.53302002, 93.520072937, 115.316230774, 81.6110916138, 89.3500289917, 199.34223938, 140.992843628, 123.679878235, 183.180938721, 79.9007110596, 47.715763092, 24.4955806732, 8.64852428436, 1.18951845169, 0.0237010233104, 0.000869950919878], "dvar2": [0.443976312876, 45.8577346802, 829.198120117, 2664.90917969, 6586.45996094, 2869.05859375, 1041.45446777, 660.124389648, 1227.53515625, 170.482940674, 695.350219727, 854.546813965, 6163.87792969, 912.863037109, 972.966369629, 1519.22607422, 416.476409912, 631.270690918, 118.911308289, 211.104446411, 121.230064392, 827.697814941, 385.644989014, 330.182159424, 357.399291992, 121.38369751, 118.295402527, 72.9145812988, 82.8174133301, 149.055496216, 209.35736084, 138.736480713, 143.064163208, 78.7821044922, 40.4709396362, 8.11298465729, 1.01164186001, 0.0224693268538, 1.46162965393e-05, 1.59575428427e-08], "median": [0.119157716632, 0.678511619568, 0.395460426807, 0.334725439548, 1.18323493004, 2.66104888916, 8.35849380493, 6.62418794632, 4.06539726257, 3.28148317337, 5.41109848022, 4.97582817078, 5.45088291168, 6.55611419678, 5.3918762207, 7.16305446625, 5.11753225327, 6.00109863281, 5.15954685211, 5.16017246246, 5.2969326973, 4.48031425476, 4.35326862335, 4.74676513672, 4.79813861847, 4.25124931335, 4.03053951263, 3.26641130447, 3.23079895973, 3.93574094772, 3.73308038712, 3.25992107391, 2.64321184158, 1.68808996677, 0.935701847076, 0.453262031078, 0.174398258328, 0.0298233982176, 0.000703508674633, 5.67376591789e-05], "dmean2": [0.360360920429, 2.81068849564, 9.28695964813, 15.6934499741, 24.2973499298, 19.0246601105, 18.2308521271, 14.8186903, 14.9325008392, 6.54377174377, 13.9774541855, 12.0591573715, 22.7220115662, 14.2420845032, 11.9816532135, 18.1160984039, 9.50418567657, 12.021188736, 7.54795980453, 8.48705482483, 7.29868602753, 12.1671276093, 9.64543914795, 9.7531337738, 9.43775844574, 7.11198234558, 6.79220962524, 5.58376121521, 6.06208324432, 7.53737688065, 8.2071723938, 6.74280023575, 6.9842839241, 4.98057746887, 3.45754384995, 1.49790215492, 0.535592019558, 0.0932294949889, 0.00236879568547, 7.9932375229e-05], "dmean": [0.351550132036, 2.2784318924, 5.40869092941, 8.52578449249, 12.848069191, 10.2850103378, 11.1777296066, 9.79880142212, 9.42936515808, 4.05598402023, 8.9897108078, 7.83676958084, 14.9418411255, 9.23612499237, 7.42978334427, 11.3167800903, 5.76032590866, 7.31018781662, 4.5767159462, 5.1292014122, 4.36037015915, 7.59891271591, 5.90806913376, 5.93844842911, 5.5457777977, 4.31118965149, 4.14553689957, 3.44462060928, 3.82593989372, 4.78380966187, 5.31924104691, 4.43483018875, 4.53014707565, 3.27796530724, 2.27268433571, 1.00888729095, 0.360061168671, 0.0606565289199, 0.001502932515, 5.5999502365e-05], "var": [1.56747341156, 53.8162918091, 222.826019287, 565.353210449, 1258.99682617, 612.606079102, 929.768737793, 1505.66186523, 2406.73925781, 99.1969604492, 829.712402344, 682.994140625, 10384.4873047, 848.813842773, 423.026855469, 793.90423584, 189.966491699, 449.379394531, 83.8242645264, 206.445053101, 98.2126998901, 1399.29577637, 386.778625488, 303.413269043, 160.35585022, 97.3560791016, 95.9658050537, 60.2096214294, 74.0558929443, 122.192214966, 145.376037598, 107.75717926, 90.5052032471, 53.0779762268, 24.5886058807, 5.461769104, 0.69132745266, 0.0166465174407, 8.44998248795e-06, 1.40058604714e-08], "dvar": [0.443827629089, 26.1045150757, 310.653930664, 946.279296875, 2276.21289062, 989.219116211, 383.106384277, 321.074737549, 538.324707031, 67.9869689941, 313.362182617, 380.075622559, 2803.57910156, 405.177856445, 387.089477539, 619.003967285, 160.368438721, 245.699371338, 47.1577224731, 83.9226531982, 45.9770126343, 378.119873047, 153.899795532, 129.201370239, 131.671829224, 46.8695297241, 46.2460708618, 29.7277908325, 35.3138923645, 63.759262085, 93.0130691528, 63.1414527893, 62.984375, 35.7444839478, 17.6851005554, 3.68237709999, 0.449387043715, 0.0100207980722, 6.08034360994e-06, 7.29889970685e-09], "mean": [0.65751439333, 3.56274795532, 4.15403270721, 5.5331363678, 8.57135772705, 9.68040180206, 20.8512973785, 22.7824573517, 18.793214798, 6.42464971542, 15.0288143158, 13.1505565643, 27.8094158173, 15.7157564163, 10.7250585556, 16.213300705, 8.99331092834, 11.8504571915, 8.00933647156, 9.43902015686, 8.46920013428, 14.3787889481, 10.8328351974, 11.0953626633, 8.94302749634, 7.73283052444, 7.46388483047, 5.97611093521, 6.4624414444, 7.6874089241, 7.88434839249, 6.93822383881, 6.12111186981, 4.34755420685, 2.75090575218, 1.30981898308, 0.502747416496, 0.0861273929477, 0.00196012109518, 0.000103776415926]}, "zerocrossingrate": {"min": 0.00244140625, "max": 0.5400390625, "dvar2": 0.000566576665733, "median": 0.0751953125, "dmean2": 0.0235707368702, "dmean": 0.0213641375303, "var": 0.00623782817274, "dvar": 0.000492404506076, "mean": 0.092428304255}, "spectral_contrast_coeffs": {"min": [-0.980536103249, -0.979678571224, -0.981851220131, -0.976152837276, -0.981971144676, -0.965429782867], "max": [-0.316250383854, -0.37415227294, -0.434571951628, -0.439590543509, -0.513464272022, -0.630179584026], "dvar2": [0.00697521306574, 0.00432949094102, 0.00268831523135, 0.00208891346119, 0.00186524097808, 0.000892285665032], "median": [-0.693881392479, -0.716787219048, -0.792637228966, -0.798092544079, -0.801993608475, -0.802051365376], "dmean2": [0.0897962898016, 0.0795666798949, 0.0631650090218, 0.0571374222636, 0.0472583435476, 0.0316760912538], "dmean": [0.0578368529677, 0.0488698445261, 0.039656534791, 0.0357793979347, 0.0306844655424, 0.0201870128512], "var": [0.0102320471779, 0.00976862199605, 0.00530826579779, 0.00505380425602, 0.00407950486988, 0.00156833336223], "dvar": [0.00306749017909, 0.00171555706766, 0.00107056472916, 0.000909668859094, 0.000917419849429, 0.000410139502492], "mean": [-0.677902519703, -0.711486876011, -0.781460106373, -0.785620212555, -0.790082335472, -0.799913465977]}, "dissonance": {"min": 0.222675830126, "max": 0.500000059605, "dvar2": 0.00102753564715, "median": 0.470632731915, "dmean2": 0.0304709561169, "dmean": 0.0182815026492, "var": 0.00120679428801, "dvar": 0.000383786216844, "mean": 0.461368888617}, "spectral_energyband_high": {"min": 6.61778457762e-21, "max": 0.0206585638225, "dvar2": 7.64642936701e-06, "median": 0.00092877750285, "dmean2": 0.00164070713799, "dmean": 0.00111445074435, "var": 5.84683266425e-06, "dvar": 3.41435429618e-06, "mean": 0.00176180363633}, "gfcc": {"mean": [-14.5191364288, 45.378200531, -86.5656738281, 22.9989795685, -61.7524528503, 21.9580879211, -40.9218101501, 16.6836605072, -24.6792030334, 12.5153112411, -11.6589403152, 12.6050796509, -7.79427337646], "icov": [[0.000140866992297, -0.000244353490416, 4.16791917814e-05, -0.000260055850958, 0.000271729717497, -0.000444706849521, 0.000527205585968, -0.000850806711242, 0.000892475480214, -0.000753883447032, 0.000665626430418, -0.000719316652976, 0.000335393589921], [-0.000244353490416, 0.00168578478042, -0.000131865424919, 2.57581177721e-06, -0.000847077579238, 0.000434411660535, -0.000162565513165, 0.00138920417521, -0.0018494912656, 0.002397301374, -0.00264932471327, 0.00284027331509, -0.00206067482941], [4.16791917814e-05, -0.000131865424919, 0.00136354065035, -0.00075783993816, -0.000496236782055, -0.00070834485814, 0.000180271061254, 0.000457024201751, -0.000336409575539, 0.000320922321407, 9.46568252402e-05, -7.24355777493e-05, -0.000336346653057], [-0.000260055850958, 2.57581177721e-06, -0.00075783993816, 0.00294905202463, -0.00103431893513, 0.000886277179234, -0.000841920264065, 0.00103159074206, -0.00123376329429, 0.000920124526601, -2.4492821467e-05, -0.000315436482197, -0.000801541667897], [0.000271729717497, -0.000847077579238, -0.000496236782055, -0.00103431893513, 0.00470493827015, -0.0015009798808, -0.00141813769005, -0.000906243803911, 0.000960941426456, -0.000516983447596, 0.00129997648764, -0.00252030557021, 0.00196526758373], [-0.000444706849521, 0.000434411660535, -0.00070834485814, 0.000886277179234, -0.0015009798808, 0.00822381582111, -0.00478564342484, 0.00139665359166, -8.15898019937e-05, -0.00211874302477, 0.000674709444866, 0.00258819921874, -0.00159358151723], [0.000527205585968, -0.000162565513165, 0.000180271061254, -0.000841920264065, -0.00141813769005, -0.00478564342484, 0.010884616524, -0.00555138709024, 0.00198303698562, -0.00121218408458, -0.00036047710455, 3.07595728373e-05, 4.89583617309e-05], [-0.000850806711242, 0.00138920417521, 0.000457024201751, 0.00103159074206, -0.000906243803911, 0.00139665359166, -0.00555138709024, 0.0155046079308, -0.00996401812881, 0.00590508850291, -0.00262929825112, 0.000960282224696, -0.000909739697818], [0.000892475480214, -0.0018494912656, -0.000336409575539, -0.00123376329429, 0.000960941426456, -8.15898019937e-05, 0.00198303698562, -0.00996401812881, 0.018053105101, -0.0104601802304, 0.00371219660155, -0.00198478903621, -0.0017257547006], [-0.000753883447032, 0.002397301374, 0.000320922321407, 0.000920124526601, -0.000516983447596, -0.00211874302477, -0.00121218408458, 0.00590508850291, -0.0104601802304, 0.0203010272235, -0.011504329741, 0.00360066653229, 0.000554523314349], [0.000665626430418, -0.00264932471327, 9.46568252402e-05, -2.4492821467e-05, 0.00129997648764, 0.000674709444866, -0.00036047710455, -0.00262929825112, 0.00371219660155, -0.011504329741, 0.019618568942, -0.0103994924575, -0.000176636967808], [-0.000719316652976, 0.00284027331509, -7.24355777493e-05, -0.000315436482197, -0.00252030557021, 0.00258819921874, 3.07595728373e-05, 0.000960282224696, -0.00198478903621, 0.00360066653229, -0.0103994924575, 0.0198373775929, -0.00723730772734], [0.000335393589921, -0.00206067482941, -0.000336346653057, -0.000801541667897, 0.00196526758373, -0.00159358151723, 4.89583617309e-05, -0.000909739697818, -0.0017257547006, 0.000554523314349, -0.000176636967808, -0.00723730772734, 0.0164910182357]], "cov": [[30464.4316406, 846.892700195, -162.571426392, 1486.79333496, -605.039001465, 714.198181152, -701.462219238, 536.042602539, -690.142456055, 194.79826355, -349.680053711, 469.662109375, -148.436813354], [846.892700195, 1405.53710938, 506.802612305, 383.44732666, 250.461578369, 61.4644470215, 46.185382843, 10.8865375519, 92.7177505493, -50.7855873108, 91.5069732666, -10.2230195999, 171.841217041], [-162.571426392, 506.802612305, 1382.01464844, 548.837280273, 423.898345947, 201.050765991, 162.694198608, 2.63068890572, 78.4833908081, -27.6594924927, 20.37317276, 26.6584568024, 111.132797241], [1486.79333496, 383.44732666, 548.837280273, 723.590148926, 254.848831177, 99.4664154053, 71.6851806641, 43.4801445007, 32.8620948792, -15.7878084183, 8.53308200836, 69.53540802, 80.0446243286], [-605.039001465, 250.461578369, 423.898345947, 254.848831177, 479.597015381, 148.824279785, 181.783248901, 35.8144950867, 52.3240394592, -8.92374706268, 18.1029262543, 17.052942276, 36.7512779236], [714.198181152, 61.4644470215, 201.050765991, 99.4664154053, 148.824279785, 279.286956787, 137.634262085, 43.8632659912, 9.10267925262, 39.7790184021, -11.1552038193, -9.43516159058, 8.70884895325], [-701.462219238, 46.185382843, 162.694198608, 71.6851806641, 181.783248901, 137.634262085, 240.43788147, 67.3810119629, 57.6237602234, 20.3081474304, 24.8211994171, -4.56596660614, 25.0892887115], [536.042602539, 10.8865375519, 2.63068890572, 43.4801445007, 35.8144950867, 43.8632659912, 67.3810119629, 146.893508911, 61.6863250732, 17.4789981842, 13.3520975113, 26.8673725128, 18.3011035919], [-690.142456055, 92.7177505493, 78.4833908081, 32.8620948792, 52.3240394592, 9.10267925262, 57.6237602234, 61.6863250732, 154.200057983, 53.2219238281, 51.8185958862, 15.4817876816, 48.3923530579], [194.79826355, -50.7855873108, -27.6594924927, -15.7878084183, -8.92374706268, 39.7790184021, 20.3081474304, 17.4789981842, 53.2219238281, 122.883903503, 64.7980117798, 26.6974945068, 8.02018547058], [-349.680053711, 91.5069732666, 20.37317276, 8.53308200836, 18.1029262543, -11.1552038193, 24.8211994171, 13.3520975113, 51.8185958862, 64.7980117798, 137.136077881, 60.3225784302, 47.9901924133], [469.662109375, -10.2230195999, 26.6584568024, 69.53540802, 17.052942276, -9.43516159058, -4.56596660614, 26.8673725128, 15.4817876816, 26.6974945068, 60.3225784302, 116.668876648, 44.2160568237], [-148.436813354, 171.841217041, 111.132797241, 80.0446243286, 36.7512779236, 8.70884895325, 25.0892887115, 18.3011035919, 48.3923530579, 8.02018547058, 47.9901924133, 44.2160568237, 113.398277283]]}, "spectral_flux": {"min": 6.31998758882e-11, "max": 0.492337346077, "dvar2": 0.00436465023085, "median": 0.0648924410343, "dmean2": 0.0519888438284, "dmean": 0.0374526679516, "var": 0.00849713012576, "dvar": 0.00324862147681, "mean": 0.0919662714005}, "silence_rate_30dB": {"min": 0, "max": 1, "dvar2": 0.1216205284, "median": 1, "dmean2": 0.137992426753, "dmean": 0.0689885392785, "var": 0.11190585047, "dvar": 0.0642300918698, "mean": 0.871606588364}, "spectral_energyband_middle_high": {"min": 1.158360324e-21, "max": 0.0524335056543, "dvar2": 7.59286649554e-06, "median": 0.00169430696405, "dmean2": 0.00178842223249, "dmean": 0.00116471701767, "var": 1.11396047942e-05, "dvar": 3.42409839504e-06, "mean": 0.0027154777199}, "barkbands_spread": {"min": 0.401725918055, "max": 116.411003113, "dvar2": 254.477432251, "median": 25.4576263428, "dmean2": 14.2914161682, "dmean": 9.53816127777, "var": 529.881347656, "dvar": 127.774620056, "mean": 30.9062747955}, "spectral_centroid": {"min": 147.295608521, "max": 11737.7480469, "dvar2": 328239.28125, "median": 1390.22839355, "dmean2": 515.118408203, "dmean": 333.29876709, "var": 2055678.125, "dvar": 147409.96875, "mean": 1599.74719238}, "pitch_salience": {"min": 0.0358003377914, "max": 0.984894573689, "dvar2": 0.0128920674324, "median": 0.507998943329, "dmean2": 0.114469066262, "dmean": 0.078647442162, "var": 0.0255527514964, "dvar": 0.00650601834059, "mean": 0.483982920647}, "erbbands_skewness": {"min": -3.80894374847, "max": 6.58755683899, "dvar2": 0.461896777153, "median": 0.426908791065, "dmean2": 0.67096310854, "dmean": 0.433834403753, "var": 0.926279187202, "dvar": 0.194862350821, "mean": 0.565663278103}, "erbbands_crest": {"min": 2.04461026192, "max": 30.8022022247, "dvar2": 18.8019981384, "median": 7.6747674942, "dmean2": 4.53266525269, "dmean": 2.7954018116, "var": 26.7728939056, "dvar": 7.66622447968, "mean": 9.02069282532}, "melbands": {"min": [9.77899391028e-25, 8.22507351247e-25, 6.55956331619e-25, 1.50069309292e-24, 1.31746792034e-24, 1.23127983746e-24, 1.93191167942e-24, 1.32273544043e-24, 2.10543129907e-24, 7.07671833894e-25, 1.93210416148e-24, 1.37369388275e-24, 2.19071939026e-24, 2.34288848951e-24, 1.68355361455e-24, 3.58729921256e-24, 2.40712405252e-24, 2.37700317379e-24, 2.71895366861e-24, 2.74325768423e-24, 3.22852093413e-24, 4.08935553619e-24, 2.73896174496e-24, 4.68575094662e-24, 3.54079901764e-24, 3.86439528299e-24, 3.5103438591e-24, 3.80107460142e-24, 4.36805693856e-24, 4.00341584589e-24, 3.59267608849e-24, 3.93794433506e-24, 4.06238280412e-24, 4.58069084569e-24, 5.67722012572e-24, 6.18420170242e-24, 5.10526007627e-24, 4.65039853958e-24, 5.69348762088e-24, 6.02869710204e-24], "max": [0.0467388816178, 0.050752915442, 0.0401460081339, 0.0277732908726, 0.00975549407303, 0.00729277729988, 0.00825387891382, 0.00176350213587, 0.00394314946607, 0.00228599412367, 0.00776128796861, 0.00211360235699, 0.00139257044066, 0.00126436760183, 0.00120719277766, 0.000901159539353, 0.000882243388332, 0.000255377992289, 0.000472762330901, 0.000203525531106, 0.000156263602548, 0.000833481492009, 0.000398970383685, 0.000268859323114, 0.000256612169323, 0.00017890460731, 0.000156929396326, 7.557580102e-05, 7.57681991672e-05, 9.82562560239e-05, 6.09128401265e-05, 5.56971899641e-05, 9.03122636373e-05, 0.000102467063698, 8.67385460879e-05, 0.000107176310848, 9.97857423499e-05, 0.000150002888404, 7.34585046303e-05, 7.44293502066e-05], "dvar2": [3.22089326801e-05, 0.000120724187582, 8.86528941919e-05, 2.63558704319e-05, 1.3862374999e-06, 3.31320478608e-07, 2.0975643622e-07, 2.36661286124e-08, 6.35671995042e-08, 2.96723854376e-08, 1.57150694235e-07, 1.58456305854e-08, 9.22964726868e-09, 7.17819848006e-09, 9.24785226175e-09, 2.15608997323e-09, 3.13574144428e-09, 3.70190794685e-10, 5.68159630454e-10, 3.54880652642e-10, 1.84399870373e-10, 1.35033850768e-09, 4.77546946431e-10, 2.49028936361e-10, 2.8345265024e-10, 1.88951299052e-10, 2.42897368885e-10, 6.08744721298e-11, 4.87844070696e-11, 5.24882637354e-11, 2.39684556924e-11, 2.90402788622e-11, 4.03758311507e-11, 5.36515450122e-11, 7.83760556455e-11, 6.39098010624e-11, 5.47489414915e-11, 7.35050770251e-11, 7.36222888209e-11, 5.81663849031e-11], "median": [0.00118544953875, 0.000445138954092, 8.38914784254e-05, 0.000139847776154, 0.000287561560981, 0.000175161199877, 5.56352788408e-05, 2.87125876639e-05, 4.52963868156e-05, 2.79980522464e-05, 2.42471251113e-05, 2.44610273512e-05, 1.81371469807e-05, 1.60605559358e-05, 1.74249689735e-05, 7.00661257724e-06, 1.12364659799e-05, 7.20058915249e-06, 7.05178990756e-06, 6.71609495839e-06, 5.17929947819e-06, 4.63602918899e-06, 3.67987718164e-06, 3.75418949261e-06, 3.6416547573e-06, 3.35875529345e-06, 3.08883727484e-06, 2.65241851594e-06, 2.56479984273e-06, 2.01145394385e-06, 1.73690023075e-06, 1.70331907157e-06, 1.98478005586e-06, 2.18970717469e-06, 2.06098184208e-06, 2.0141155801e-06, 1.97619147002e-06, 1.871729296e-06, 1.60253489412e-06, 1.33818048198e-06], "dmean2": [0.00300236023031, 0.00384286465123, 0.00291180796921, 0.00161862291861, 0.000634162861388, 0.000352413248038, 0.000200512527954, 7.35888752388e-05, 0.000127770268591, 7.26646903786e-05, 0.000115456787171, 5.88342227275e-05, 4.14418354922e-05, 3.846596519e-05, 4.60990995634e-05, 1.56330606842e-05, 2.57257179328e-05, 1.23030404211e-05, 1.43023235069e-05, 1.22081546579e-05, 8.34992351884e-06, 1.47584705701e-05, 9.28150257096e-06, 8.0242734839e-06, 8.57709801494e-06, 6.95565177011e-06, 6.87813098921e-06, 4.8247588893e-06, 4.504835033e-06, 4.02352998208e-06, 3.2385112263e-06, 3.5491689232e-06, 3.89065962736e-06, 4.52201720691e-06, 4.90050751978e-06, 4.62915568278e-06, 4.15949307353e-06, 4.99133193443e-06, 4.9872614909e-06, 4.14072337662e-06], "dmean": [0.00283883651718, 0.00264595192857, 0.00159744010307, 0.000860301137436, 0.000378687138436, 0.000231945115956, 0.00012699070794, 4.53482389275e-05, 8.29595446703e-05, 4.75904271298e-05, 7.58835012675e-05, 3.83894293918e-05, 2.58574254985e-05, 2.40293466049e-05, 2.87460588879e-05, 9.20043385122e-06, 1.56712903845e-05, 7.44463795854e-06, 8.57495797391e-06, 7.32121816327e-06, 4.96166148878e-06, 9.19859303394e-06, 5.72332555748e-06, 4.90070351589e-06, 5.21237780049e-06, 4.0796940084e-06, 4.03132708016e-06, 2.92095296572e-06, 2.72982356364e-06, 2.42203964262e-06, 1.99239207177e-06, 2.2001306661e-06, 2.46498939305e-06, 2.81885922959e-06, 3.1387294257e-06, 2.98323129755e-06, 2.70838995675e-06, 3.21126231029e-06, 3.13603527502e-06, 2.74009357781e-06], "var": [0.000104142294731, 5.89258743275e-05, 1.95345382963e-05, 5.07380627823e-06, 8.64344713136e-07, 6.96855579463e-07, 4.15982640334e-07, 1.30156596612e-08, 8.66947686973e-08, 2.44977922392e-08, 2.6343516879e-07, 1.45360132819e-08, 4.64550486967e-09, 3.65582586426e-09, 5.19505682917e-09, 7.63310525898e-10, 2.18935425345e-09, 2.29475799474e-10, 4.66629845874e-10, 2.80911988115e-10, 1.25596255618e-10, 2.28108731903e-09, 3.87253173972e-10, 2.93137208951e-10, 2.39886055464e-10, 9.38234628878e-11, 8.71978114714e-11, 4.74390388083e-11, 4.16379639101e-11, 2.9167973592e-11, 2.02317607112e-11, 2.29778748112e-11, 3.27358695706e-11, 4.03756680867e-11, 5.07737914213e-11, 4.58371986201e-11, 3.99445858335e-11, 4.63663829553e-11, 4.04397175469e-11, 3.9942719271e-11], "dvar": [2.99273888231e-05, 5.12261867698e-05, 3.18317106576e-05, 9.07578305487e-06, 4.93081358854e-07, 1.54801000463e-07, 9.32395423092e-08, 9.47793310502e-09, 2.97603488519e-08, 1.34984752265e-08, 7.19139450212e-08, 7.29734273008e-09, 3.7315115442e-09, 2.96709146141e-09, 3.71723540837e-09, 8.12946709949e-10, 1.21969989664e-09, 1.49738874078e-10, 2.27277793807e-10, 1.39493375184e-10, 6.97261207105e-11, 6.1001637075e-10, 1.93343466237e-10, 1.02786563982e-10, 1.11373972544e-10, 7.0789006601e-11, 8.84624110076e-11, 2.32203371114e-11, 1.89531133843e-11, 2.00093275282e-11, 9.81528400223e-12, 1.19552891892e-11, 1.6959617738e-11, 2.26356693805e-11, 3.41824207828e-11, 2.86651397063e-11, 2.43042027476e-11, 3.25875403051e-11, 3.06659593552e-11, 2.69448144352e-11], "mean": [0.00545806158334, 0.00305747054517, 0.00106788845733, 0.000651211303193, 0.000657113909256, 0.000544136797544, 0.000249874225119, 6.38572892058e-05, 0.000140296018799, 7.74777654442e-05, 0.000138197108754, 6.18856502115e-05, 3.74749033654e-05, 3.39246726071e-05, 4.0906626964e-05, 1.29278605527e-05, 2.43380145548e-05, 1.19198130051e-05, 1.39528256113e-05, 1.20139966384e-05, 8.76075046108e-06, 1.70671792148e-05, 9.1776573754e-06, 9.12916675588e-06, 9.06951663637e-06, 6.43573275738e-06, 5.95329765929e-06, 5.02022476212e-06, 4.85166901854e-06, 3.83835822504e-06, 3.33589468937e-06, 3.53496602656e-06, 3.98943939217e-06, 4.32749993706e-06, 4.52532913187e-06, 4.38095867139e-06, 4.21187314714e-06, 4.3408822421e-06, 3.98943939217e-06, 3.58493548447e-06]}, "spectral_entropy": {"min": 5.63679075241, "max": 9.82838153839, "dvar2": 0.139848604798, "median": 7.94640254974, "dmean2": 0.323931336403, "dmean": 0.218087896705, "var": 0.34095454216, "dvar": 0.0631548315287, "mean": 7.87366247177}, "spectral_rolloff": {"min": 64.599609375, "max": 19487.5488281, "dvar2": 6114224, "median": 1162.79296875, "dmean2": 1701.06811523, "dmean": 1090.20007324, "var": 12324709, "dvar": 3162745.5, "mean": 2534.80297852}, "barkbands": {"min": [4.85991171297e-25, 3.7151606477e-25, 4.39429297316e-25, 7.45240200517e-25, 1.01625621427e-23, 6.7482080618e-24, 6.77164906359e-24, 1.00493464033e-23, 6.36541251868e-24, 1.66169368722e-23, 8.25145824734e-24, 1.53943839071e-23, 3.22837381157e-23, 2.96857130768e-23, 3.88209527066e-23, 3.7693926064e-23, 7.05105965192e-23, 1.02746356115e-22, 8.78529903902e-23, 1.51341702489e-22, 1.84318082568e-22, 2.26023164386e-22, 3.79671104888e-22, 5.13908523281e-22, 8.4681782173e-22, 1.12503702183e-21, 1.84828398581e-21], "max": [0.00637708883733, 0.158611059189, 0.133380919695, 0.0934000909328, 0.102086655796, 0.0308961570263, 0.0354293957353, 0.0126697849482, 0.0202198214829, 0.04752221331, 0.0125029776245, 0.0109544862062, 0.00683108344674, 0.00748553453013, 0.00434347847477, 0.00223463028669, 0.00968138873577, 0.00622281292453, 0.00434426451102, 0.00284489337355, 0.00265188142657, 0.00336425448768, 0.00446331035346, 0.00786464847624, 0.00665771774948, 0.0051464443095, 0.000296005164273], "dvar2": [7.28403620087e-07, 0.000565313443076, 0.000864092085976, 0.000490191916469, 0.000366703548934, 1.00731758721e-05, 3.22995924762e-06, 9.24883352127e-07, 1.7848033167e-06, 4.59340617454e-06, 7.80263405886e-07, 7.30954297978e-07, 1.6922237478e-07, 2.23990127779e-07, 7.34429193017e-08, 5.00102323997e-08, 1.96496671379e-07, 1.47292055885e-07, 1.04163618175e-07, 9.08044981429e-08, 6.08102297406e-08, 7.11028249611e-08, 2.18265128638e-07, 4.45828646889e-07, 6.34084926787e-07, 3.19423492101e-07, 1.62450175534e-09], "median": [6.8484529038e-05, 0.00419990811497, 0.000140462230775, 0.000108850654215, 0.000814834376797, 0.00109572755173, 0.000212214421481, 0.000199014801183, 0.000207541845157, 0.000173913082108, 0.000161545845913, 0.000159643794177, 8.60865766299e-05, 0.000107302548713, 9.20609454624e-05, 8.58962666825e-05, 8.03770235507e-05, 7.77686800575e-05, 9.48793967837e-05, 9.32958355406e-05, 9.11837269086e-05, 9.84116340987e-05, 0.000131435401272, 0.000160452444106, 0.00013977571507, 9.87187959254e-05, 3.08739208776e-06], "dmean2": [0.000450322026154, 0.0111096929759, 0.00906687788665, 0.0065704244189, 0.00649718288332, 0.00205432833172, 0.000788235920481, 0.000516417319886, 0.000580874446314, 0.000682847457938, 0.000387828971725, 0.000419330550358, 0.000177936206455, 0.000234597348026, 0.000171272957232, 0.000144258330693, 0.000210022320971, 0.000178745816811, 0.00018512897077, 0.000170902800164, 0.000152647655341, 0.000175350316567, 0.000276255450444, 0.000384257233236, 0.000443319440819, 0.000303273292957, 2.36047999351e-05], "dmean": [0.000322102743667, 0.00960005726665, 0.00491090631112, 0.00346040120348, 0.0034748010803, 0.00134517811239, 0.000489522528369, 0.000325957720634, 0.000388120068237, 0.000449011451565, 0.000246042880462, 0.000262502406258, 0.000105521925434, 0.000142876175232, 0.000103372498415, 8.60341388034e-05, 0.000130570522742, 0.000108852356789, 0.000111045250378, 0.000103001861135, 9.36454234761e-05, 0.000111563538667, 0.000178021451575, 0.000251193152508, 0.00029682245804, 0.000206251483178, 1.40186684803e-05], "var": [1.10274970666e-06, 0.00119301350787, 0.000183069889317, 9.43297782214e-05, 7.27723163436e-05, 1.83438369277e-05, 6.54158111502e-06, 6.73404315421e-07, 2.0236200271e-06, 7.5975681284e-06, 4.84917507038e-07, 4.092743211e-07, 6.62402825924e-08, 1.57088791752e-07, 6.02793406301e-08, 3.47300854742e-08, 3.18738131e-07, 1.27635942704e-07, 7.77283872821e-08, 5.40272218075e-08, 4.56733388887e-08, 6.67385080533e-08, 1.59493907859e-07, 2.97369751934e-07, 4.37893447724e-07, 2.2729531679e-07, 6.80275114018e-10], "dvar": [4.09859950423e-07, 0.000408117746701, 0.000306668778649, 0.000169987455592, 0.000125981285237, 4.43806220574e-06, 1.44355226439e-06, 3.91891319396e-07, 8.89550790362e-07, 2.15492264033e-06, 3.26142071572e-07, 3.00442565049e-07, 6.38311661305e-08, 8.81318271695e-08, 2.94710851279e-08, 1.93092652978e-08, 8.89674183213e-08, 5.76585250656e-08, 4.08341875868e-08, 3.39154873075e-08, 2.4029437995e-08, 3.06048342225e-08, 9.73284883798e-08, 1.96115081508e-07, 2.89888873795e-07, 1.44121173662e-07, 6.44157949203e-10], "mean": [0.000555974431336, 0.0183168426156, 0.00310793123208, 0.00209297123365, 0.00301079615019, 0.00310129695572, 0.000897328078281, 0.000480429152958, 0.000640618905891, 0.000810040161014, 0.000364033388905, 0.000371067115339, 0.00015189484111, 0.000223367198487, 0.000169615421328, 0.000143274271977, 0.000238755164901, 0.000193623345695, 0.000192434352357, 0.000173738982994, 0.000164312747074, 0.000192537758267, 0.000268864183454, 0.000360200792784, 0.000382781639928, 0.000285619462375, 1.44675868796e-05]}, "melbands_flatness_db": {"min": 0.00125441222917, "max": 0.545994520187, "dvar2": 0.00234600575641, "median": 0.178422957659, "dmean2": 0.0460226796567, "dmean": 0.0337634719908, "var": 0.00864317920059, "dvar": 0.00131633260753, "mean": 0.195222571492}, "melbands_skewness": {"min": -1.2730461359, "max": 22.1342926025, "dvar2": 3.39930772781, "median": 3.01891756058, "dmean2": 1.53144586086, "dmean": 1.09815943241, "var": 8.07608604431, "dvar": 1.90729486942, "mean": 3.84608864784}, "barkbands_skewness": {"min": -2.52018165588, "max": 17.1651535034, "dvar2": 1.99461603165, "median": 1.70464897156, "dmean2": 1.09572041035, "dmean": 0.785529851913, "var": 4.29182863235, "dvar": 1.0106420517, "mean": 2.18232703209}, "silence_rate_60dB": {"min": 0, "max": 1, "dvar2": 0.0724980458617, "median": 0, "dmean2": 0.0543067008257, "dmean": 0.0271503273398, "var": 0.090450130403, "dvar": 0.0264105480164, "mean": 0.100578546524}, "spectral_energyband_low": {"min": 1.39198529917e-23, "max": 0.200137406588, "dvar2": 0.000886921654455, "median": 0.00484091881663, "dmean2": 0.0131912091747, "dmean": 0.0109873237088, "var": 0.00169909128454, "dvar": 0.000557223742362, "mean": 0.0230207964778}, "spectral_energyband_middle_low": {"min": 1.44313974187e-22, "max": 0.182506173849, "dvar2": 0.00157835637219, "median": 0.00569104170427, "dmean2": 0.0149272885174, "dmean": 0.00838800892234, "var": 0.000365997228073, "dvar": 0.000553592049982, "mean": 0.0107087511569}, "melbands_kurtosis": {"min": -1.75688028336, "max": 878.317810059, "dvar2": 3077.26855469, "median": 13.2825279236, "dmean2": 26.2190685272, "dmean": 17.8897895813, "var": 3202.54907227, "dvar": 1404.08740234, "mean": 33.3755722046}, "spectral_decrease": {"min": -6.1341417279e-08, "max": 2.29127620668e-28, "dvar2": 7.34530163549e-17, "median": -3.83034759466e-09, "dmean2": 4.42646097554e-09, "dmean": 3.56173379679e-09, "var": 1.49780544895e-16, "dvar": 4.49087438775e-17, "mean": -9.18054254839e-09}, "erbbands_kurtosis": {"min": -1.88572704792, "max": 64.8149795532, "dvar2": 13.9637231827, "median": -0.372606277466, "dmean2": 2.04045629501, "dmean": 1.2742754221, "var": 14.9670343399, "dvar": 5.70719575882, "mean": 0.877732634544}, "melbands_crest": {"min": 1.48419725895, "max": 35.9189453125, "dvar2": 23.7081546783, "median": 16.8758163452, "dmean2": 5.42874193192, "dmean": 3.63007187843, "var": 54.3509025574, "dvar": 11.7220306396, "mean": 17.84283638}, "melbands_spread": {"min": 0.408336371183, "max": 217.355072021, "dvar2": 352.792266846, "median": 18.769525528, "dmean2": 13.4519786835, "dmean": 9.18444633484, "var": 709.119750977, "dvar": 169.524765015, "mean": 26.296081543}, "spectral_energy": {"min": 9.8929088739e-21, "max": 0.238338634372, "dvar2": 0.00111547543202, "median": 0.0169140733778, "dmean2": 0.0179381724447, "dmean": 0.0143148982897, "var": 0.00221772352234, "dvar": 0.000670554873068, "mean": 0.0369049087167}, "mfcc": {"mean": [-657.042053223, 87.0498428345, 24.3643608093, 9.46704959869, 6.94424819946, 3.30670309067, 2.44705820084, 3.26948261261, -1.4261983633, 3.15311837196, -1.13241887093, 1.34839975834, 3.07711863518], "icov": [[0.000115738876048, -1.63680469996e-05, -6.50372749078e-05, -0.000103322519863, -6.48938439554e-05, 7.68937607063e-05, -0.000127249804791, -8.36078179418e-05, 6.08484951954e-05, 0.000155377405463, -6.07070069236e-05, 0.00013134231267, -3.05810535792e-05], [-1.63680469996e-05, 0.00126263732091, -0.00019730484928, 0.000165623307112, -0.000969939748757, 0.000277287297649, -0.000384359125746, 6.4009334892e-05, 0.000745196593925, -0.00166612816975, 0.00145183783025, -0.000405512430007, -0.000265523645794], [-6.50372749078e-05, -0.00019730484928, 0.00192653224804, -0.000655989861116, -0.000405027065426, -0.00108329742216, 0.000498563807923, -0.000207479330129, 0.000565139169339, -0.000987474108115, 0.000534566061106, 0.000116894079838, 0.00028018723242], [-0.000103322519863, 0.000165623307112, -0.000655989861116, 0.0035613826476, -0.00199203751981, -0.00040070907562, 0.000707287108526, -0.00117012672126, 0.000474542641314, 7.61059272918e-05, 0.00132275698707, -0.00131539523136, 0.000334168289555], [-6.48938439554e-05, -0.000969939748757, -0.000405027065426, -0.00199203751981, 0.00797613803297, -0.00273136771284, 0.000430133659393, -0.00122628652025, -0.00134422024712, 0.000987302628346, 0.000975791888777, -0.00141779682599, 0.000871487485711], [7.68937607063e-05, 0.000277287297649, -0.00108329742216, -0.00040070907562, -0.00273136771284, 0.00928216986358, -0.00515150511637, 0.00305966613814, -0.00255276751705, 0.00125391967595, -0.00277834711596, 0.00268524349667, -0.00272135646082], [-0.000127249804791, -0.000384359125746, 0.000498563807923, 0.000707287108526, 0.000430133659393, -0.00515150511637, 0.010461429134, -0.00566060841084, 0.00182443542872, -0.000457031070255, -0.000915758428164, 0.00105008145329, -0.00165599747561], [-8.36078179418e-05, 6.4009334892e-05, -0.000207479330129, -0.00117012672126, -0.00122628652025, 0.00305966613814, -0.00566060841084, 0.0159597732127, -0.0101603157818, 0.00378677831031, -9.89453183138e-05, -0.00253777042963, 0.000993677182123], [6.08484951954e-05, 0.000745196593925, 0.000565139169339, 0.000474542641314, -0.00134422024712, -0.00255276751705, 0.00182443542872, -0.0101603157818, 0.020623492077, -0.0111807966605, 0.001000332064, 0.00344214355573, -0.00177077844273], [0.000155377405463, -0.00166612816975, -0.000987474108115, 7.61059272918e-05, 0.000987302628346, 0.00125391967595, -0.000457031070255, 0.00378677831031, -0.0111807966605, 0.0197782348841, -0.00952346902341, 0.00268130074255, -0.000966211257037], [-6.07070069236e-05, 0.00145183783025, 0.000534566061106, 0.00132275698707, 0.000975791888777, -0.00277834711596, -0.000915758428164, -9.89453183138e-05, 0.001000332064, -0.00952346902341, 0.0218580458313, -0.0128639340401, 0.00268576922826], [0.00013134231267, -0.000405512430007, 0.000116894079838, -0.00131539523136, -0.00141779682599, 0.00268524349667, 0.00105008145329, -0.00253777042963, 0.00344214355573, 0.00268130074255, -0.0128639340401, 0.026108045131, -0.0128051936626], [-3.05810535792e-05, -0.000265523645794, 0.00028018723242, 0.000334168289555, 0.000871487485711, -0.00272135646082, -0.00165599747561, 0.000993677182123, -0.00177077844273, -0.000966211257037, 0.00268576922826, -0.0128051936626, 0.0229086950421]], "cov": [[10806.84375, 587.129882812, 915.74432373, 870.002746582, 567.34954834, 266.597198486, 278.831176758, 252.687164307, 10.9409151077, -141.915588379, -155.677398682, -52.0305633545, 0.650504529476], [587.129882812, 1178.79101562, 340.734222412, 190.33883667, 250.289916992, 98.1359176636, 80.1784439087, 45.5751228333, 31.17162323, 72.4340667725, -67.2606201172, -4.7082362175, 24.176202774], [915.74432373, 340.734222412, 870.819519043, 346.666534424, 256.546051025, 192.766052246, 70.3635635376, 63.7083702087, 42.2825737, 33.4527435303, -43.4834861755, -15.8477210999, 5.84554052353], [870.002746582, 190.33883667, 346.666534424, 552.370910645, 251.268188477, 118.201622009, 48.0036735535, 85.6510848999, 27.2973175049, -21.3346138, -51.6779518127, 9.82752227783, 8.06972694397], [567.34954834, 250.289916992, 256.546051025, 251.268188477, 303.43572998, 143.938827515, 78.4417800903, 77.9074859619, 51.243598938, 7.75461530685, -25.3974266052, 6.1160941124, 15.3861761093], [266.597198486, 98.1359176636, 192.766052246, 118.201622009, 143.938827515, 262.228607178, 139.606491089, 52.8889160156, 62.3850822449, 33.1064376831, 24.9106044769, 4.2176990509, 36.5395240784], [278.831176758, 80.1784439087, 70.3635635376, 48.0036735535, 78.4417800903, 139.606491089, 205.08241272, 85.1968154907, 53.3854866028, 25.9986076355, 25.139837265, 10.5757579803, 32.6572341919], [252.687164307, 45.5751228333, 63.7083702087, 85.6510848999, 77.9074859619, 52.8889160156, 85.1968154907, 142.836975098, 77.5437469482, 19.0060596466, 8.23373985291, 11.7044315338, 14.491566658], [10.9409151077, 31.17162323, 42.2825737, 27.2973175049, 51.243598938, 62.3850822449, 53.3854866028, 77.5437469482, 128.335464478, 70.3417205811, 26.0895824432, -0.60621625185, 14.9067611694], [-141.915588379, 72.4340667725, 33.4527435303, -21.3346138, 7.75461530685, 33.1064376831, 25.9986076355, 19.0060596466, 70.3417205811, 118.708633423, 53.2628326416, 10.8047332764, 15.4838895798], [-155.677398682, -67.2606201172, -43.4834861755, -51.6779518127, -25.3974266052, 24.9106044769, 25.139837265, 8.23373985291, 26.0895824432, 53.2628326416, 107.409828186, 49.4497795105, 24.9950771332], [-52.0305633545, -4.7082362175, -15.8477210999, 9.82752227783, 6.1160941124, 4.2176990509, 10.5757579803, 11.7044315338, -0.60621625185, 10.8047332764, 49.4497795105, 83.4634857178, 41.7163581848], [0.650504529476, 24.176202774, 5.84554052353, 8.06972694397, 15.3861761093, 36.5395240784, 32.6572341919, 14.491566658, 14.9067611694, 15.4838895798, 24.9950771332, 41.7163581848, 71.4237823486]]}, "spectral_contrast_valleys": {"min": [-28.2145862579, -28.1815395355, -27.7690868378, -27.7453575134, -27.5302009583, -27.3903484344], "max": [-4.92943286896, -4.70854473114, -5.6567401886, -6.23022317886, -6.0440325737, -7.37781763077], "dvar2": [0.503303587437, 0.491642713547, 0.377377897501, 0.400301545858, 0.448769778013, 0.423850297928], "median": [-7.31996202469, -6.8682718277, -7.42266988754, -7.84991645813, -7.73118782043, -9.30698108673], "dmean2": [0.769645094872, 0.737928688526, 0.636698901653, 0.625852644444, 0.582767307758, 0.579393923283], "dmean": [0.493185311556, 0.445685595274, 0.389983266592, 0.395709007978, 0.383119016886, 0.414703637362], "var": [8.85906505585, 7.81628036499, 7.38453626633, 7.11259937286, 7.31932353973, 6.59890222549], "dvar": [0.23600949347, 0.192934945226, 0.15404252708, 0.172958180308, 0.202933192253, 0.22607113421], "mean": [-7.96334075928, -7.37076330185, -7.94681167603, -8.35591125488, -8.2314043045, -9.77880096436]}, "barkbands_flatness_db": {"min": 0.0134344538674, "max": 0.413370460272, "dvar2": 0.00160018051974, "median": 0.114090144634, "dmean2": 0.0389918684959, "dmean": 0.0278080739081, "var": 0.00532389106229, "dvar": 0.000837623432744, "mean": 0.129574850202}, "dynamic_complexity": 3.58255028725, "spectral_skewness": {"min": -0.275959998369, "max": 4.12538719177, "dvar2": 0.121836811304, "median": 1.35017514229, "dmean2": 0.292752206326, "dmean": 0.194194376469, "var": 0.230737447739, "dvar": 0.0553062483668, "mean": 1.3627641201}, "erbbands_flatness_db": {"min": 0.045495595783, "max": 0.41878670454, "dvar2": 0.000818353786599, "median": 0.103050544858, "dmean2": 0.0269136428833, "dmean": 0.0180236622691, "var": 0.00283405533992, "dvar": 0.000359635538189, "mean": 0.117576897144}, "hfc": {"min": 1.05204681657e-16, "max": 213.819900513, "dvar2": 957.953918457, "median": 16.0918083191, "dmean2": 19.54519844