{"lowlevel": {"spectral_complexity": {"min": 0, "max": 23, "dvar2": 4.40258312225, "median": 12, "dmean2": 2.53869342804, "dmean": 1.49631619453, "var": 9.26587581635, "dvar": 1.61233377457, "mean": 11.6950120926}, "silence_rate_20dB": {"min": 1, "max": 1, "dvar2": 0, "median": 1, "dmean2": 0, "dmean": 0, "var": 0, "dvar": 0, "mean": 1}, "average_loudness": 0.907841682434, "erbbands_spread": {"min": 0.613632798195, "max": 107.628341675, "dvar2": 41.6937866211, "median": 10.2118406296, "dmean2": 4.73151922226, "dmean": 3.08150076866, "var": 86.1156082153, "dvar": 19.8029537201, "mean": 11.7350406647}, "spectral_kurtosis": {"min": -1.23000335693, "max": 216.366043091, "dvar2": 1612.57702637, "median": 70.2874984741, "dmean2": 40.6546211243, "dmean": 23.4786643982, "var": 1959.80847168, "dvar": 540.666442871, "mean": 73.2943267822}, "barkbands_kurtosis": {"min": -1.67917978764, "max": 129.465194702, "dvar2": 58.1587944031, "median": 1.83843958378, "dmean2": 4.03355836868, "dmean": 2.7373046875, "var": 118.763389587, "dvar": 28.702413559, "mean": 5.08345556259}, "spectral_strongpeak": {"min": 0, "max": 8.298371315, "dvar2": 1.52744185925, "median": 1.29693973064, "dmean2": 1.03565955162, "dmean": 0.650233447552, "var": 1.56978428364, "dvar": 0.621735394001, "mean": 1.64188945293}, "spectral_spread": {"min": 378701.125, "max": 41427908, "dvar2": 938977984512, "median": 1016488, "dmean2": 473894, "dmean": 308690, "var": 3626238476290.0, "dvar": 949136457728, "mean": 1472005.625}, "spectral_rms": {"min": 3.29788670331e-12, "max": 0.0124428644776, "dvar2": 7.47973615489e-07, "median": 0.00489449128509, "dmean2": 0.000916771648917, "dmean": 0.000636829994619, "var": 2.66871597887e-06, "dvar": 3.24829926512e-07, "mean": 0.00497278850526}, "erbbands": {"min": [1.24390748028e-21, 1.44804929408e-20, 5.08757177257e-20, 2.09970153441e-20, 6.92483490957e-20, 1.26670096308e-19, 2.13786263956e-19, 4.6166469931e-19, 4.4142746713e-19, 1.24984948455e-19, 2.80779712239e-19, 7.10128403721e-19, 1.89156395115e-18, 1.00830742071e-18, 2.84545850059e-18, 2.59627385657e-18, 1.97272008862e-18, 5.01553602514e-18, 4.29230844094e-18, 4.91662838494e-18, 6.82587456245e-18, 1.12930121753e-17, 1.13093630545e-17, 9.37925869067e-18, 5.99877129129e-18, 1.29557825186e-17, 1.26645909547e-17, 2.18613281073e-17, 1.83558276612e-17, 1.46502934362e-17, 1.93449272243e-17, 1.54511200745e-17, 1.33491830004e-17, 1.3749483823e-17, 8.01207306755e-18, 5.05227111614e-18, 3.08697848904e-18, 1.25271271854e-18, 4.00922552183e-19, 4.02760120989e-20], "max": [0.0204360298812, 1.50047254562, 12.4515380859, 33.4007797241, 214.252960205, 814.86730957, 206.268356323, 751.50213623, 715.576721191, 967.05279541, 1300.33813477, 2862.8894043, 643.398803711, 567.119934082, 296.601531982, 424.987915039, 142.021072388, 216.112289429, 74.0269012451, 12.4586906433, 17.2472076416, 27.6642169952, 28.2430610657, 14.8534345627, 4.22970247269, 1.07485508919, 2.40930485725, 4.74925041199, 18.0282058716, 62.7058372498, 206.66569519, 285.971130371, 128.160644531, 39.820930481, 45.1849365234, 33.5218734741, 7.3365778923, 0.632461309433, 0.0262234080583, 0.00111441512126], "dvar2": [3.96585346607e-06, 0.00968765188009, 1.17849647999, 11.3645563126, 65.7910461426, 461.646850586, 205.93107605, 1748.75878906, 2200.14550781, 2518.31738281, 23603.5507813, 59380.640625, 4955.05175781, 2748.8203125, 815.540893555, 1347.41662598, 244.060943604, 477.841949463, 79.464805603, 2.21023893356, 0.700622022152, 2.34318566322, 1.60697495937, 0.549077153206, 0.10545141995, 0.0126364706084, 0.0276340655982, 0.0293499324471, 0.620696604252, 7.56057167053, 29.6828250885, 112.233398438, 21.539768219, 1.53416728973, 2.274995327, 2.26728725433, 0.106474488974, 0.000579715473577, 1.34785170758e-06, 1.97065408436e-09], "median": [0.00154038192704, 0.0411561317742, 0.425083547831, 2.35423493385, 8.50197696686, 9.74574661255, 11.0336685181, 16.1999435425, 13.6925115585, 13.7509708405, 30.4820175171, 26.3285903931, 14.2967386246, 18.5621852875, 11.6639261246, 11.2499742508, 8.0682554245, 6.53344249725, 3.00054359436, 0.910971462727, 0.396750152111, 0.302689045668, 0.155575111508, 0.070292443037, 0.0319862887263, 0.0141552183777, 0.00742168119177, 0.00285109784454, 0.00105866929516, 0.00115331995767, 0.00246068951674, 0.000941629288718, 0.000625239859801, 0.000774874584749, 0.000387719745049, 0.000120719741972, 4.13041270804e-05, 8.39327640278e-06, 1.48485578393e-05, 2.79337164102e-05], "dmean2": [0.00142023339868, 0.0484625175595, 0.534908294678, 2.12759995461, 6.09093141556, 11.665848732, 10.0402030945, 22.156080246, 24.3219032288, 23.4302520752, 71.9747924805, 109.717964172, 37.339138031, 29.0109157562, 18.3779792786, 19.235452652, 10.967959404, 11.6494140625, 4.90051269531, 0.982514560223, 0.413267850876, 0.530784964561, 0.393319040537, 0.175600603223, 0.120478451252, 0.0444075539708, 0.0413039810956, 0.0309894550592, 0.0827215462923, 0.266911864281, 0.494536161423, 0.8011521101, 0.38271266222, 0.121161825955, 0.117597669363, 0.107154391706, 0.0226842593402, 0.00196905224584, 0.000115226859634, 1.52383454406e-05], "dmean": [0.000862823915668, 0.0313682630658, 0.36364749074, 1.39028418064, 4.35532855988, 8.52946662903, 7.02097034454, 17.9043750763, 17.7517127991, 17.0183372498, 45.7211532593, 70.4398803711, 23.7895774841, 18.6674575806, 11.554476738, 12.0528182983, 6.91866397858, 7.18745040894, 2.96642041206, 0.590105891228, 0.256043404341, 0.323738306761, 0.239986568689, 0.100252531469, 0.0755334720016, 0.0271301679313, 0.0257259327918, 0.021305328235, 0.049926020205, 0.166290834546, 0.354289740324, 0.475706875324, 0.249328330159, 0.0828918591142, 0.0863520950079, 0.0704872682691, 0.0140186678618, 0.00121928134467, 7.20410389476e-05, 1.03255679278e-05], "var": [7.03794376022e-06, 0.0321540012956, 2.04673171043, 26.2328529358, 519.058349609, 2922.07470703, 315.388031006, 5226.1953125, 4283.43554688, 9002.24902344, 20498.0175781, 61628.578125, 4422.9921875, 2004.60339355, 791.895385742, 1140.6048584, 359.449737549, 432.442962646, 55.5508804321, 1.53507447243, 0.516806304455, 1.49845051765, 1.25627398491, 0.277301520109, 0.107436753809, 0.0109821110964, 0.0216223970056, 0.0620629601181, 0.664143323898, 7.66229200363, 66.3980026245, 107.664001465, 23.2815113068, 2.49634361267, 2.55614686012, 1.14349448681, 0.0460479855537, 0.000566028174944, 1.74789590801e-06, 2.87532420096e-09], "dvar": [1.4337816765e-06, 0.00381985749118, 0.509175002575, 4.58097648621, 35.3943252563, 281.658447266, 95.112449646, 1049.00646973, 1184.74926758, 1300.3770752, 8553.9453125, 26026.2050781, 2074.22094727, 1106.73376465, 344.052307129, 528.956237793, 103.414039612, 193.897415161, 28.6097831726, 0.771901667118, 0.313960641623, 1.0497045517, 0.658467769623, 0.204190567136, 0.0441440492868, 0.00500988028944, 0.0120127331465, 0.014817644842, 0.261094778776, 3.16583013535, 18.2482070923, 48.6049423218, 10.4139585495, 0.876392066479, 1.1939368248, 0.885516107082, 0.0394382402301, 0.000257233536104, 6.64455683363e-07, 9.79668235424e-10], "mean": [0.00241425284185, 0.114818766713, 1.02389431, 4.31747579575, 16.2466716766, 26.5023975372, 16.6670856476, 45.0948219299, 39.5339508057, 45.2855377197, 89.4183349609, 121.715507507, 40.508266449, 32.0353431702, 20.9200973511, 22.3549766541, 14.9658594131, 12.9188957214, 5.54265213013, 1.25819504261, 0.55578148365, 0.590877652168, 0.45474666357, 0.17588481307, 0.139956831932, 0.0543238595128, 0.0491960532963, 0.0507800653577, 0.0990561172366, 0.271396934986, 0.719720423222, 0.798606455326, 0.420556515455, 0.152665615082, 0.126074701548, 0.085119985044, 0.0170270111412, 0.00206375354901, 0.000133294219268, 3.60075573553e-05]}, "zerocrossingrate": {"min": 0.0087890625, "max": 0.52783203125, "dvar2": 0.000136743183248, "median": 0.02392578125, "dmean2": 0.00364910485223, "dmean": 0.0029803798534, "var": 0.000414877431467, "dvar": 0.00014004901459, "mean": 0.0263116080314}, "spectral_contrast_coeffs": {"min": [-0.963368713856, -0.971665561199, -0.971730589867, -0.966641247272, -0.960832178593, -0.959501445293], "max": [-0.210387185216, -0.392707437277, -0.449477702379, -0.538547873497, -0.602180063725, -0.649000585079], "dvar2": [0.00304625066929, 0.00317658181302, 0.00245784176514, 0.00126969825942, 0.000605924578849, 0.00119056424592], "median": [-0.531276643276, -0.646521151066, -0.71042996645, -0.739195883274, -0.78551441431, -0.834444642067], "dmean2": [0.0658759325743, 0.07065500319, 0.0645008087158, 0.0466611944139, 0.0302913188934, 0.0347022153437], "dmean": [0.0410036668181, 0.044869042933, 0.0398789383471, 0.0283532645553, 0.0183582901955, 0.0201119612902], "var": [0.00624097231776, 0.00724787497893, 0.00554840872064, 0.00278982333839, 0.00156419433188, 0.00201864051633], "dvar": [0.00112449633889, 0.00128137413412, 0.000946312386077, 0.000465327757411, 0.000236367573962, 0.000399389333325], "mean": [-0.53051918745, -0.637157201767, -0.700126647949, -0.736068367958, -0.784203529358, -0.823086082935]}, "dissonance": {"min": 0.12742562592, "max": 0.499508887529, "dvar2": 0.00444090273231, "median": 0.387462764978, "dmean2": 0.079033844173, "dmean": 0.0466739572585, "var": 0.00379044865258, "dvar": 0.00160397251602, "mean": 0.379889965057}, "spectral_energyband_high": {"min": 8.11049217359e-21, "max": 0.0203296169639, "dvar2": 5.64618005683e-07, "median": 6.1090673853e-07, "dmean2": 6.82600366417e-05, "dmean": 4.36101290688e-05, "var": 8.40096561205e-07, "dvar": 2.75840193353e-07, "mean": 8.78467326402e-05}, "gfcc": {"mean": [-133.896179199, 212.408233643, -112.824226379, -46.0445480347, -47.8810157776, -11.4065570831, -34.2665710449, -15.7570505142, -21.8634033203, -17.7249946594, -8.70411014557, -18.638130188, -9.80972480774], "icov": [[0.000792059057858, -0.000998636125587, 0.000720176962204, -0.000469285238069, 0.00130061805248, -0.00151525868569, 0.00125915557146, -0.000312703923555, 0.000759459508117, -0.000573696102947, 0.00162530608941, -0.000585400732234, 0.000663350627292], [-0.000998636125587, 0.00590253295377, -0.00150090910029, 0.00346836564131, -0.00514676561579, 0.00408656988293, -0.00402247533202, 0.00265455711633, -0.00294912327081, 0.00424654548988, -0.00632656086236, 0.00450696051121, -0.00216332543641], [0.000720176962204, -0.00150090910029, 0.00469936849549, -0.000278065301245, 0.00126017304137, -0.00209996802732, 0.00324555742554, -0.00236299098469, 0.00270398939028, -0.00268501299433, 0.00405113724992, -0.00248786946759, 0.000572008371819], [-0.000469285238069, 0.00346836564131, -0.000278065301245, 0.00474614882842, -0.00160656461958, 0.00161664059851, -0.00338429608382, 0.00210303463973, -0.00154968036804, 0.00233004265465, -0.0027047470212, 0.00140795228072, -0.00137542933226], [0.00130061805248, -0.00514676561579, 0.00126017304137, -0.00160656461958, 0.00858334079385, -0.00397248426452, 0.000470192229841, -0.0010579675436, 0.00200425321236, -0.00301935127936, 0.00693745305762, -0.00327070453204, 0.00118996610399], [-0.00151525868569, 0.00408656988293, -0.00209996802732, 0.00161664059851, -0.00397248426452, 0.00842774566263, -0.00318291084841, 0.00051243690541, -0.00032229477074, 0.0033847335726, -0.00383041100577, 0.00346837937832, 0.00160935148597], [0.00125915557146, -0.00402247533202, 0.00324555742554, -0.00338429608382, 0.000470192229841, -0.00318291084841, 0.0134499156848, -0.00271159061231, 0.0035804361105, -0.00375485210679, 0.00621416699141, 1.44881851156e-05, -0.00123122264631], [-0.000312703923555, 0.00265455711633, -0.00236299098469, 0.00210303463973, -0.0010579675436, 0.00051243690541, -0.00271159061231, 0.00932341534644, -0.00415266118944, 0.00372767890804, -0.00390203786083, 0.00274855340831, 0.00179603940342], [0.000759459508117, -0.00294912327081, 0.00270398939028, -0.00154968036804, 0.00200425321236, -0.00032229477074, 0.0035804361105, -0.00415266118944, 0.0168797299266, -0.00506098615006, 0.00479097291827, -0.00287872250192, 0.00400849990547], [-0.000573696102947, 0.00424654548988, -0.00268501299433, 0.00233004265465, -0.00301935127936, 0.0033847335726, -0.00375485210679, 0.00372767890804, -0.00506098615006, 0.0129700247198, -0.00813835393637, 0.0025822755415, -0.0010532977758], [0.00162530608941, -0.00632656086236, 0.00405113724992, -0.0027047470212, 0.00693745305762, -0.00383041100577, 0.00621416699141, -0.00390203786083, 0.00479097291827, -0.00813835393637, 0.0201157014817, -0.0060483221896, 0.00238364818506], [-0.000585400732234, 0.00450696051121, -0.00248786946759, 0.00140795228072, -0.00327070453204, 0.00346837937832, 1.44881851156e-05, 0.00274855340831, -0.00287872250192, 0.0025822755415, -0.0060483221896, 0.0153801133856, -0.00577081320807], [0.000663350627292, -0.00216332543641, 0.000572008371819, -0.00137542933226, 0.00118996610399, 0.00160935148597, -0.00123122264631, 0.00179603940342, 0.00400849990547, -0.0010532977758, 0.00238364818506, -0.00577081320807, 0.0217464324087]], "cov": [[3516.18798828, -1110.67285156, 49.9887695313, 246.292236328, -724.637756348, 703.891418457, -381.361633301, 197.846466064, -69.2867050171, -129.46824646, -82.7046508789, -17.940279007, -243.04989624], [-1110.67285156, 2288.83666992, -303.624389648, -659.156677246, 1026.81115723, -472.311706543, 479.618835449, -244.722351074, 32.1784439087, -94.6218566895, 1.97183394432, -243.935943604, 178.537261963], [49.9887695313, -303.624389648, 416.27456665, -30.3592891693, -122.023696899, 111.440689087, -130.837142944, 100.851547241, -20.2273025513, 30.679397583, -24.6515541077, 58.9968147278, -38.3335647583], [246.292236328, -659.156677246, -30.3592891693, 540.622802734, -243.825622559, 90.7960281372, -39.1925430298, -9.03231716156, -16.1915988922, 8.6165933609, -8.30238628387, 65.490814209, -11.2524175644], [-724.637756348, 1026.81115723, -122.023696899, -243.825622559, 701.251464844, -151.139343262, 286.984985352, -116.908279419, 0.362141817808, -45.5000267029, -70.3738098145, -109.314537048, 87.1899414063], [703.891418457, -472.311706543, 111.440689087, 90.7960281372, -151.139343262, 400.713043213, -79.9071884155, 112.703887939, -35.5151977539, -49.9517211914, -47.2136573792, -20.9259967804, -97.1131439209], [-381.361633301, 479.618835449, -130.837142944, -39.1925430298, 286.984985352, -79.9071884155, 251.909622192, -62.0199356079, -7.85815858841, -22.9026908875, -37.6215553284, -74.697883606, 54.5427360535], [197.846466064, -244.722351074, 100.851547241, -9.03231716156, -116.908279419, 112.703887939, -62.0199356079, 203.044265747, 18.7231349945, -18.4087123871, -0.855023741722, -7.11167526245, -61.964630127], [-69.2867050171, 32.1784439087, -20.2273025513, -16.1915988922, 0.362141817808, -35.5151977539, -7.85815858841, 18.7231349945, 82.3415145874, 22.9045314789, 8.20147037506, 2.34091496468, -8.90650081635], [-129.46824646, -94.6218566895, 30.679397583, 8.6165933609, -45.5000267029, -49.9517211914, -22.9026908875, -18.4087123871, 22.9045314789, 139.779495239, 45.6343002319, 33.2891387939, 7.06467008591], [-82.7046508789, 1.97183394432, -24.6515541077, -8.30238628387, -70.3738098145, -47.2136573792, -37.6215553284, -0.855023741722, 8.20147037506, 45.6343002319, 112.174667358, 28.4324321747, 4.07582473755], [-17.940279007, -243.935943604, 58.9968147278, 65.490814209, -109.314537048, -20.9259967804, -74.697883606, -7.11167526245, 2.34091496468, 33.2891387939, 28.4324321747, 134.397399902, 16.4886550903], [-243.04989624, 178.537261963, -38.3335647583, -11.2524175644, 87.1899414063, -97.1131439209, 54.5427360535, -61.964630127, -8.90650081635, 7.06467008591, 4.07582473755, 16.4886550903, 87.9902267456]]}, "spectral_flux": {"min": 1.05846019449e-10, "max": 0.185549035668, "dvar2": 0.000784187635873, "median": 0.0554353743792, "dmean2": 0.028511185199, "dmean": 0.0167059507221, "var": 0.000625896209385, "dvar": 0.000265227950877, "mean": 0.0591194406152}, "silence_rate_30dB": {"min": 0, "max": 1, "dvar2": 0.00334303383715, "median": 1, "dmean2": 0.00268006697297, "dmean": 0.00133958470542, "var": 0.00233807601035, "dvar": 0.00133782392368, "mean": 0.997656524181}, "spectral_energyband_middle_high": {"min": 1.2272164457e-21, "max": 0.0172728803009, "dvar2": 3.16762111652e-06, "median": 0.00200249440968, "dmean2": 0.00139353005216, "dmean": 0.000892429961823, "var": 3.96528321289e-06, "dvar": 1.27075634282e-06, "mean": 0.00242758798413}, "barkbands_spread": {"min": 0.434601485729, "max": 77.8648071289, "dvar2": 12.8540554047, "median": 4.80651950836, "dmean2": 2.04161453247, "dmean": 1.38635408878, "var": 36.1197052002, "dvar": 6.88290691376, "mean": 5.75032091141}, "spectral_centroid": {"min": 217.441040039, "max": 11401.8613281, "dvar2": 73559.6640625, "median": 484.931549072, "dmean2": 80.3538284302, "dmean": 55.4622344971, "var": 114783.617188, "dvar": 66207.6171875, "mean": 511.324615479}, "pitch_salience": {"min": 0.156852334738, "max": 0.960387766361, "dvar2": 0.00598879996687, "median": 0.513417840004, "dmean2": 0.0923878625035, "dmean": 0.0591398179531, "var": 0.0114142661914, "dvar": 0.0025996924378, "mean": 0.509293317795}, "erbbands_skewness": {"min": -2.00766348839, "max": 8.48065948486, "dvar2": 0.315737634897, "median": 0.416248857975, "dmean2": 0.593344926834, "dmean": 0.398256450891, "var": 1.16253077984, "dvar": 0.141835510731, "mean": 0.588125169277}, "erbbands_crest": {"min": 3.11626172066, "max": 31.0408878326, "dvar2": 21.4277839661, "median": 13.6728286743, "dmean2": 5.2406373024, "dmean": 3.30964422226, "var": 31.0897006989, "dvar": 8.72126197815, "mean": 14.6987667084}, "melbands": {"min": [1.39640875781e-23, 2.4917143568e-23, 5.07437814398e-24, 7.56969230975e-24, 7.24575288991e-24, 1.00298449728e-23, 6.11424946165e-24, 1.37973211994e-24, 2.57231349822e-24, 5.03664179929e-24, 9.30508690476e-24, 3.53051542688e-24, 7.91215023934e-24, 9.5303027489e-24, 4.03010379917e-24, 6.56385915685e-24, 7.94064152866e-24, 5.53863659177e-24, 6.73222337327e-24, 4.84129144016e-24, 8.72135507845e-24, 1.02364263447e-23, 1.50619752766e-23, 7.74738243979e-24, 5.62100274217e-24, 3.44123214963e-24, 7.0744123013e-24, 8.81158814423e-24, 7.63101362336e-24, 1.11975011075e-23, 1.36660606613e-23, 9.63208000517e-24, 9.73269763591e-24, 5.66773683435e-24, 1.02945440941e-23, 9.1033751713e-24, 9.55231354588e-24, 8.5634740346e-24, 9.36966779163e-24, 1.24648550611e-23], "max": [0.000614055199549, 0.00495921541005, 0.00865851622075, 0.0386381857097, 0.010251538828, 0.0144222909585, 0.00949158612639, 0.0125271007419, 0.0132670402527, 0.0196442678571, 0.00272506452166, 0.00248780241236, 0.00108122488018, 0.000727984705009, 0.000862541201059, 0.000353878422175, 0.000502832350321, 0.000153053202666, 6.24382155365e-05, 1.80425558938e-05, 2.13158200495e-05, 3.0805975257e-05, 2.99864004774e-05, 2.84546986222e-05, 1.34084239107e-05, 4.73832733405e-06, 2.20053607336e-06, 9.15415512281e-07, 2.18009449782e-06, 1.29758348066e-06, 3.46334172718e-06, 5.92136666455e-06, 2.42651422013e-05, 3.72707836505e-05, 0.000104567254311, 0.000166135228937, 0.000211113991099, 0.000103859318187, 6.47294800729e-05, 2.21870559471e-05], "dvar2": [1.66909719379e-09, 1.68581237858e-07, 3.78097922749e-07, 1.16394949146e-06, 2.17597531105e-07, 8.69297878126e-07, 5.39391294296e-07, 2.44009612516e-07, 2.27460600399e-06, 2.80173003375e-06, 1.03631407455e-07, 4.97905716657e-08, 1.08947615374e-08, 5.75055381091e-09, 4.61255078577e-09, 2.26791985192e-09, 2.47689158073e-09, 2.69698097188e-10, 4.46116338315e-11, 1.10862079065e-12, 1.31391338781e-12, 3.26699734973e-12, 1.82645391866e-12, 2.09918193939e-12, 3.87912358485e-13, 5.42419164055e-14, 3.44475899086e-14, 5.66876503488e-15, 1.86383382821e-14, 7.02945570201e-15, 1.75842040852e-14, 6.70321410141e-14, 1.59001110889e-12, 3.04061593612e-12, 7.82363410168e-12, 2.10528833949e-11, 5.57772890375e-11, 1.52704151407e-11, 2.97740564842e-12, 6.59553954421e-13], "median": [2.27000346058e-05, 0.000155737085151, 0.000627587200142, 0.00071655283682, 0.000402651203331, 0.000381190417102, 0.000190260063391, 0.000144561738125, 0.000224885865464, 0.000137736977194, 6.23987652943e-05, 6.5812120738e-05, 3.91894609493e-05, 2.86841641355e-05, 2.03434919968e-05, 1.56246733241e-05, 9.68019139691e-06, 4.69251335744e-06, 1.84854013696e-06, 5.95980395701e-07, 3.85652612067e-07, 3.30754971856e-07, 1.3083098338e-07, 9.91127677707e-08, 3.97005450736e-08, 2.0548377222e-08, 1.39824924972e-08, 6.92452051254e-09, 4.49376891254e-09, 2.87464918536e-09, 1.01218589066e-09, 5.50111900477e-10, 5.12237696704e-10, 4.78107220481e-10, 1.37360389729e-09, 1.05595066024e-09, 3.87338855434e-10, 3.45826478565e-10, 4.65648269943e-10, 5.69818470186e-10], "dmean2": [2.45934679697e-05, 0.000203836141736, 0.000429386913311, 0.000684379192535, 0.000349204579834, 0.000496160180774, 0.000383515260182, 0.000247672724072, 0.000654013361782, 0.000716370646842, 0.000174115251866, 0.00011732828716, 6.57062118989e-05, 4.68261387141e-05, 3.83411352232e-05, 3.03294073092e-05, 2.33272712649e-05, 8.81870982994e-06, 3.21928723679e-06, 7.0044484346e-07, 5.6411101923e-07, 7.11930965736e-07, 4.33715371173e-07, 2.64243681158e-07, 1.53236101141e-07, 8.29078601328e-08, 6.69635724648e-08, 2.47656952723e-08, 2.58413201948e-08, 2.98326234827e-08, 1.81509776098e-08, 3.24241966609e-08, 1.1311029624e-07, 1.71099244994e-07, 2.66998796405e-07, 4.25293478656e-07, 5.13494057941e-07, 3.15955929864e-07, 1.58902381031e-07, 8.36001845528e-08], "dmean": [1.53478922584e-05, 0.000138076618896, 0.000290457392111, 0.000495462852996, 0.000247525924351, 0.000396981864469, 0.000274366058875, 0.000184992823051, 0.000409361819038, 0.000461036805063, 0.000110399836558, 7.55705841584e-05, 4.12429471908e-05, 2.91111355182e-05, 2.54837432294e-05, 1.85621865967e-05, 1.43096667671e-05, 5.41867984793e-06, 1.92565016732e-06, 4.15075987803e-07, 3.49521570797e-07, 4.29524618539e-07, 2.7879897857e-07, 1.53388384661e-07, 8.85020909891e-08, 5.12604287906e-08, 4.2413468293e-08, 1.48823477986e-08, 1.61430815382e-08, 1.86215114439e-08, 1.25952848151e-08, 2.21387743693e-08, 6.48703775141e-08, 1.03432384435e-07, 1.81532428201e-07, 2.90353426635e-07, 2.9877179486e-07, 2.03008653443e-07, 1.13107098798e-07, 5.546087678e-08], "var": [6.03108185615e-09, 3.19723170605e-07, 1.28438034608e-06, 6.78873402649e-06, 6.51587015454e-07, 2.40016470343e-06, 9.08506990527e-07, 1.33089929477e-06, 1.86849422334e-06, 2.8575284432e-06, 8.47057464171e-08, 3.5102431184e-08, 1.09079900668e-08, 4.06327194113e-09, 9.21800236142e-09, 1.83232806705e-09, 2.20402074369e-09, 2.24366442092e-10, 2.33409524347e-11, 7.37710023277e-13, 9.76577434371e-13, 1.88791430406e-12, 1.98753817224e-12, 7.09604955091e-13, 1.82835747952e-13, 5.16454825954e-14, 3.92866417024e-14, 3.57175159132e-15, 1.04279945613e-14, 1.15086425836e-14, 3.01454858526e-14, 9.35863731888e-14, 9.66555069488e-13, 3.00174251774e-12, 1.7794928725e-11, 3.55414378483e-11, 4.51831384807e-11, 1.26022707894e-11, 5.80819463705e-12, 9.28297044268e-13], "dvar": [6.41591391126e-10, 7.23565349858e-08, 1.5913246898e-07, 6.69729786296e-07, 1.07722094356e-07, 5.09498079282e-07, 2.69633687822e-07, 1.40625346035e-07, 8.02319732429e-07, 1.2309134263e-06, 4.26360102779e-08, 1.99579144322e-08, 4.47198944542e-09, 2.19540807755e-09, 2.26199414755e-09, 9.10636288598e-10, 1.00722230556e-09, 1.03649089311e-10, 1.52389958291e-11, 4.26041499172e-13, 5.97334464877e-13, 1.40951768486e-12, 8.57892099373e-13, 7.34455139935e-13, 1.43230086537e-13, 2.34016145085e-14, 1.45738693195e-14, 2.16425218946e-15, 7.89429878753e-15, 2.98082456139e-15, 8.34417069131e-15, 3.09365400864e-14, 5.7443909655e-13, 1.28742979819e-12, 5.05501977083e-12, 1.15650232446e-11, 2.3727820056e-11, 7.12247882201e-12, 1.77931508503e-12, 3.63659054042e-13], "mean": [5.28191703779e-05, 0.000393676600652, 0.00102192675695, 0.00165744195692, 0.000661885133013, 0.000996704562567, 0.000590070907492, 0.000507057004143, 0.000770345621277, 0.000771815830376, 0.000178166403202, 0.000123622157844, 7.49073005863e-05, 5.01949143654e-05, 5.20822322869e-05, 3.0556890124e-05, 2.41480156546e-05, 9.85787028185e-06, 3.31319711222e-06, 8.03350303613e-07, 6.38651840745e-07, 6.89682622124e-07, 5.2753887303e-07, 2.50040443461e-07, 1.33992685392e-07, 8.56000923477e-08, 7.92617314005e-08, 2.59991352891e-08, 2.57919321456e-08, 3.75729740654e-08, 2.76952061284e-08, 4.18306278505e-08, 1.00895796606e-07, 1.64022097238e-07, 3.69262181721e-07, 5.08304424329e-07, 4.86267879296e-07, 2.98493262108e-07, 2.17994553964e-07, 9.39720692372e-08]}, "spectral_entropy": {"min": 4.73097515106, "max": 9.80202960968, "dvar2": 0.033891338855, "median": 5.860683918, "dmean2": 0.207234561443, "dmean": 0.14354416728, "var": 0.199884653091, "dvar": 0.0180894043297, "mean": 5.89881086349}, "spectral_rolloff": {"min": 215.33203125, "max": 19143.0175781, "dvar2": 515594.625, "median": 624.462890625, "dmean2": 221.997512817, "dmean": 132.645507813, "var": 596604, "dvar": 343451.5, "mean": 717.50793457}, "barkbands": {"min": [7.9256705264e-24, 5.88588180265e-23, 3.64515648016e-23, 5.93502894145e-24, 3.30244027751e-23, 4.61317400784e-23, 1.87540557278e-23, 9.25032339186e-24, 3.44508368411e-23, 4.81514227887e-23, 3.89430147322e-23, 7.02346719072e-23, 4.50262872038e-23, 9.67144731978e-23, 8.66848009856e-23, 7.59792516823e-23, 1.74004363632e-22, 1.73385088888e-22, 1.27741104663e-22, 2.87384829806e-22, 4.97439480474e-22, 5.67897759738e-22, 5.49154828527e-22, 7.85815119577e-22, 1.16835666842e-21, 1.66787853973e-21, 2.75106599829e-21], "max": [4.41873853561e-05, 0.00430433871225, 0.0113433413208, 0.0154788577929, 0.146419793367, 0.0646881610155, 0.0399158634245, 0.0565049573779, 0.101866267622, 0.0146917570382, 0.0105629637837, 0.00827916804701, 0.00326819787733, 0.0047565465793, 0.00122094200924, 0.000254401908023, 0.000501918140799, 0.000560229469556, 0.000170402505319, 3.25821565639e-05, 6.73675385769e-05, 0.000771886494476, 0.00570409093052, 0.0109831979498, 0.0048643508926, 0.00502566061914, 0.000147829792695], "dvar2": [1.82943278582e-11, 7.43654027247e-08, 1.29211332478e-06, 3.00060992231e-06, 1.7636544726e-05, 1.69552931766e-05, 1.26994173115e-05, 1.85145272553e-05, 8.7900829385e-05, 2.5442527658e-06, 1.00288878002e-06, 5.4304001651e-07, 1.60739674016e-07, 2.05876773407e-07, 1.74699259503e-08, 1.87588347633e-10, 8.77379724429e-10, 7.29089399965e-10, 7.58076101892e-11, 9.04027200321e-12, 1.12688114048e-11, 1.46923107014e-09, 2.1270649242e-08, 1.43597191027e-07, 2.93734281342e-08, 5.03836652399e-08, 3.16602542794e-11], "median": [1.47084062974e-06, 0.000117273440992, 0.000421036034822, 0.00106389122084, 0.00303416093811, 0.00224551022984, 0.000732820306439, 0.00103118782863, 0.000911375740543, 0.000402546487749, 0.000303761102259, 0.000245484930929, 0.000150376261445, 6.67418789817e-05, 3.13898162858e-05, 5.50343702344e-06, 5.94018183619e-06, 2.31746071222e-06, 9.86214672594e-07, 2.91704253641e-07, 1.08886681005e-07, 2.95219670932e-08, 6.98614570638e-08, 3.08311491892e-08, 6.15539264004e-08, 2.02120791215e-08, 1.35380462396e-08], "dmean2": [3.29938143295e-06, 0.000144823294249, 0.000618994119577, 0.00109254883137, 0.00267341197468, 0.00242119235918, 0.00172807078343, 0.00233791396022, 0.00453172950074, 0.000821912952233, 0.000587572576478, 0.000422997371061, 0.000263007299509, 0.000199295027414, 6.1662060034e-05, 7.18838646208e-06, 1.19336500575e-05, 6.40756525172e-06, 3.19032892548e-06, 1.04463367734e-06, 9.43463646763e-07, 3.66569929611e-06, 1.42755434354e-05, 2.85141231871e-05, 1.37396982609e-05, 1.64418470376e-05, 5.29197848209e-07], "dmean": [1.85705675904e-06, 9.20399543247e-05, 0.000422076904215, 0.00071250682231, 0.00193390378263, 0.00188282621093, 0.00116808933672, 0.0015908293426, 0.00286508840509, 0.000520214845892, 0.000374018156435, 0.000266340677626, 0.000163459859323, 0.000122764788102, 3.65044397768e-05, 4.38994129581e-06, 7.22196364222e-06, 3.89789829569e-06, 1.87922296391e-06, 6.41888391328e-07, 6.00950329499e-07, 2.15971272155e-06, 1.03024658529e-05, 1.61449424922e-05, 1.00614661278e-05, 1.05634790089e-05, 3.50385079173e-07], "var": [6.15804022358e-12, 2.98002248655e-07, 2.06850268114e-06, 5.01314070789e-06, 0.00010493593436, 4.3229865696e-05, 1.62612504937e-05, 3.73495058739e-05, 9.24779233173e-05, 1.63929439623e-06, 1.08035476387e-06, 5.19784407516e-07, 1.8362469234e-07, 1.86546358805e-07, 8.59623661142e-09, 1.33040800598e-10, 5.42541900295e-10, 3.98271110535e-10, 4.58466042907e-11, 7.35149007641e-12, 1.76890238568e-11, 1.12769815708e-09, 5.42354570143e-08, 1.52287341848e-07, 3.20406563503e-08, 2.56574796964e-08, 4.60576993211e-11], "dvar": [5.85395057082e-12, 2.91961708143e-08, 5.85980728829e-07, 1.18418051898e-06, 1.00380048025e-05, 9.54671850195e-06, 5.59664567845e-06, 7.86774489825e-06, 3.71365495084e-05, 1.00198917607e-06, 4.20916876465e-07, 2.1761955793e-07, 6.59942429593e-08, 8.41999323598e-08, 5.90864024375e-09, 7.95842489132e-11, 3.85848103468e-10, 2.82627560244e-10, 2.705143054e-11, 3.59784836472e-12, 5.38710352369e-12, 5.56463763957e-10, 1.40822518091e-08, 6.40551078845e-08, 1.50938301857e-08, 1.95959444227e-08, 1.62948977228e-11], "mean": [2.13644943869e-06, 0.000338917248882, 0.00101318059023, 0.00188867258839, 0.00673101097345, 0.00468192109838, 0.00236215861514, 0.00345793366432, 0.00493310857564, 0.000816284795292, 0.000673212751281, 0.000492675753776, 0.000312428019242, 0.000200661685085, 5.91454117966e-05, 8.28345127957e-06, 1.18682164612e-05, 7.02573015587e-06, 3.12272027259e-06, 1.13979251637e-06, 1.2411417174e-06, 3.793883252e-06, 2.09868758247e-05, 3.19583523378e-05, 1.58034108608e-05, 1.30776679725e-05, 6.12938436007e-07]}, "melbands_flatness_db": {"min": 0.00939239095896, "max": 0.606093287468, "dvar2": 0.000514792103786, "median": 0.427053660154, "dmean2": 0.0265811271966, "dmean": 0.0183073151857, "var": 0.00525428773835, "dvar": 0.000249288073974, "mean": 0.412594467402}, "melbands_skewness": {"min": -3.54159522057, "max": 8.87096786499, "dvar2": 0.440886318684, "median": 1.10181128979, "dmean2": 0.740134000778, "dmean": 0.502398014069, "var": 1.43530595303, "dvar": 0.192042320967, "mean": 1.2528141737}, "barkbands_skewness": {"min": -2.1174519062, "max": 8.60956478119, "dvar2": 0.44468909502, "median": 0.944640815258, "dmean2": 0.713211655617, "dmean": 0.485129565001, "var": 1.59452104568, "dvar": 0.203791499138, "mean": 1.11779105663}, "silence_rate_60dB": {"min": 0, "max": 1, "dvar2": 0.00467400625348, "median": 0, "dmean2": 0.00402010045946, "dmean": 0.00200937711634, "var": 0.015812555328, "dvar": 0.00200524087995, "mean": 0.0160696357489}, "spectral_energyband_low": {"min": 1.06969399908e-22, "max": 0.0163785591722, "dvar2": 3.0033920666e-06, "median": 0.00109071971383, "dmean2": 0.00105872319546, "dmean": 0.000703080906533, "var": 8.25021743367e-06, "dvar": 1.27002692807e-06, "mean": 0.00229820422828}, "spectral_energyband_middle_low": {"min": 2.07324838526e-22, "max": 0.155289158225, "dvar2": 0.000131738808705, "median": 0.0206272676587, "dmean2": 0.00988288968801, "dmean": 0.00681821303442, "var": 0.000281242479105, "dvar": 5.71397249587e-05, "mean": 0.0244021974504}, "melbands_kurtosis": {"min": -1.44626164436, "max": 167.65713501, "dvar2": 57.8732376099, "median": 2.17150068283, "dmean2": 4.39697885513, "dmean": 2.94282007217, "var": 124.594688416, "dvar": 28.5872688293, "mean": 5.5533080101}, "spectral_decrease": {"min": -4.10074356694e-08, "max": 1.32934870888e-28, "dvar2": 8.51412124135e-18, "median": -6.21372908682e-09, "dmean2": 2.58307575329e-09, "dmean": 1.77378389754e-09, "var": 2.0649925409e-17, "dvar": 3.71362487851e-18, "mean": -7.11285741417e-09}, "erbbands_kurtosis": {"min": -1.86607396603, "max": 108.29133606, "dvar2": 29.2840499878, "median": 0.757440447807, "dmean2": 3.22952032089, "dmean": 2.12079834938, "var": 54.7017059326, "dvar": 13.6820249557, "mean": 3.11313867569}, "melbands_crest": {"min": 2.39909434319, "max": 33.0111312866, "dvar2": 15.9325218201, "median": 14.8598709106, "dmean2": 4.44166707993, "dmean": 2.87857627869, "var": 28.5182361603, "dvar": 6.7522187233, "mean": 15.5614614487}, "melbands_spread": {"min": 0.745948910713, "max": 166.25440979, "dvar2": 20.832244873, "median": 7.76188611984, "dmean2": 2.86709451675, "dmean": 1.95432782173, "var": 45.5073432922, "dvar": 14.845375061, "mean": 8.65863609314}, "spectral_energy": {"min": 1.11479583518e-20, "max": 0.158695489168, "dvar2": 0.000136354399729, "median": 0.0245549473912, "dmean2": 0.0102568911389, "dmean": 0.00703019788489, "var": 0.000323085900163, "dvar": 5.91353564232e-05, "mean": 0.0280823241919}, "mfcc": {"mean": [-778.948852539, 249.392852783, 1.5738171339, -27.2224674225, -1.21927571297, -7.42520904541, -7.56907939911, -6.12270355225, -14.3905611038, -4.20853376389, -6.76780509949, -5.18953990936, -11.6444787979], "icov": [[0.00080608134158, 7.22567128832e-05, -3.2114141959e-06, 0.00037064217031, 0.000361489743227, -0.000460674666101, 0.000536469451617, -0.000581081490964, 0.000880396575667, -0.000748482474592, 0.000504897034261, -0.000682257057633, 0.00153298291843], [7.22567128832e-05, 0.00140286691021, 0.00111759884749, 0.00112603313755, -0.00107197125908, 0.000675140996464, -0.00118423067033, 0.000949574634433, -0.000557189574465, 0.000148605977301, -0.000422478566179, 0.0012319185771, -0.00107865757309], [-3.2114141959e-06, 0.00111759884749, 0.00400554202497, 0.0015594526194, -0.0010887683602, 0.000425875914516, 0.000260012224317, -0.000236827647313, -0.000743804092053, 0.000585863657761, 0.000901260995306, -0.000139936862979, -0.00174984172918], [0.00037064217031, 0.00112603313755, 0.0015594526194, 0.00471761124209, -7.46950609027e-05, 3.08067865262e-05, -0.000897657999303, 0.0013925365638, -0.00111214711796, 8.19415727165e-05, 0.00172858184669, -0.000513682374731, -0.000121444420074], [0.000361489743227, -0.00107197125908, -0.0010887683602, -7.46950609027e-05, 0.00840042624623, -0.00230551068671, 0.00110365648288, -0.0025621408131, -0.00163982098456, 0.00176861183718, -0.00226749572903, 0.000776582048275, 0.000538072432391], [-0.000460674666101, 0.000675140996464, 0.000425875914516, 3.08067865262e-05, -0.00230551068671, 0.00707807717845, -0.00265999417752, 0.00156953698024, 1.88852864085e-05, -0.00108557008207, 0.000386564061046, 0.00360044115223, -0.000409453699831], [0.000536469451617, -0.00118423067033, 0.000260012224317, -0.000897657999303, 0.00110365648288, -0.00265999417752, 0.00901713129133, -0.00225289468654, -0.000639723381028, -0.00187574326992, 0.000705189420842, -0.00187250878662, 0.00300989300013], [-0.000581081490964, 0.000949574634433, -0.000236827647313, 0.0013925365638, -0.0025621408131, 0.00156953698024, -0.00225289468654, 0.0105219725519, -0.00294267036952, 0.00156164704822, -0.000870117451996, 0.000605481036473, 0.00326381693594], [0.000880396575667, -0.000557189574465, -0.000743804092053, -0.00111214711796, -0.00163982098456, 1.88852864085e-05, -0.000639723381028, -0.00294267036952, 0.0139579316601, -0.00527053140104, 0.00125375099014, 0.000509118894115, 0.0014899361413], [-0.000748482474592, 0.000148605977301, 0.000585863657761, 8.19415727165e-05, 0.00176861183718, -0.00108557008207, -0.00187574326992, 0.00156164704822, -0.00527053140104, 0.0167386550456, -0.00676717981696, 0.000126248080051, -3.71239075321e-05], [0.000504897034261, -0.000422478566179, 0.000901260995306, 0.00172858184669, -0.00226749572903, 0.000386564061046, 0.000705189420842, -0.000870117451996, 0.00125375099014, -0.00676717981696, 0.0168916638941, -0.00650162016973, 0.00374822784215], [-0.000682257057633, 0.0012319185771, -0.000139936862979, -0.000513682374731, 0.000776582048275, 0.00360044115223, -0.00187250878662, 0.000605481036473, 0.000509118894115, 0.000126248080051, -0.00650162016973, 0.0197185333818, -0.00905617605895], [0.00153298291843, -0.00107865757309, -0.00174984172918, -0.000121444420074, 0.000538072432391, -0.000409453699831, 0.00300989300013, 0.00326381693594, 0.0014899361413, -3.71239075321e-05, 0.00374822784215, -0.00905617605895, 0.0183712672442]], "cov": [[2222.20507813, -477.478515625, 50.2277870178, -180.502288818, -62.9726600647, 123.553283691, -38.6062049866, 193.3621521, -85.4587631226, 74.0697021484, 15.4314899445, -33.3952522278, -245.834411621], [-477.478515625, 1679.52966309, -368.860351563, -209.203491211, 200.31993103, 37.4140815735, 210.666427612, -33.7410240173, 104.311645508, 55.9962425232, 90.8442077637, -99.8364105225, -7.71073150635], [50.2277870178, -368.860351563, 427.253936768, -67.7674255371, -0.588026106358, -51.1753387451, -99.1223449707, 19.4140357971, -22.6991539001, -46.2951049805, -33.8580932617, 40.1667327881, 54.5219421387], [-180.502288818, -209.203491211, -67.7674255371, 337.137054443, -55.8023910522, 2.90260505676, 7.78860616684, -59.9021682739, 4.27878713608, -10.1047525406, -45.6105728149, 16.5600318909, 26.7194042206], [-62.9726600647, 200.31993103, -0.588026106358, -55.8023910522, 201.128189087, 61.6114273071, 40.0958786011, 63.9885292053, 51.1982269287, 5.61206054688, 30.401845932, -41.6972732544, -36.7619438171], [123.553283691, 37.4140815735, -51.1753387451, 2.90260505676, 61.6114273071, 227.610595703, 81.1916732788, 26.5158100128, 28.1276245117, 30.975484848, -0.194650188088, -64.8366622925, -61.8532066345], [-38.6062049866, 210.666427612, -99.1223449707, 7.78860616684, 40.0958786011, 81.1916732788, 199.058319092, 46.551525116, 52.2414970398, 44.2700691223, 21.9035167694, -36.1074066162, -60.4629211426], [193.3621521, -33.7410240173, 19.4140357971, -59.9021682739, 63.9885292053, 26.5158100128, 46.551525116, 177.334182739, 43.0971755981, 14.6772699356, 21.9001178741, -32.1284866333, -80.849571228], [-85.4587631226, 104.311645508, -22.6991539001, 4.27878713608, 51.1982269287, 28.1276245117, 52.2414970398, 43.0971755981, 114.463630676, 36.717338562, 15.5329389572, -25.2482414246, -30.7907352448], [74.0697021484, 55.9962425232, -46.2951049805, -10.1047525406, 5.61206054688, 30.975484848, 44.2700691223, 14.6772699356, 36.717338562, 98.1930923462, 43.105632782, -5.17336797714, -30.8282318115], [15.4314899445, 90.8442077637, -33.8580932617, -45.6105728149, 30.401845932, -0.194650188088, 21.9035167694, 21.9001178741, 15.5329389572, 43.105632782, 98.6988143921, 15.7024812698, -21.4236297607], [-33.3952522278, -99.8364105225, 40.1667327881, 16.5600318909, -41.6972732544, -64.8366622925, -36.1074066162, -32.1284866333, -25.2482414246, -5.17336797714, 15.7024812698, 101.483810425, 61.1202278137], [-245.834411621, -7.71073150635, 54.5219421387, 26.7194042206, -36.7619438171, -61.8532066345, -60.4629211426, -80.849571228, -30.7907352448, -30.8282318115, -21.4236297607, 61.1202278137, 140.766555786]]}, "spectral_contrast_valleys": {"min": [-27.9609222412, -27.429813385, -27.1287498474, -27.1570682526, -27.3689479828, -27.3417682648], "max": [-6.18356370926, -4.94015216827, -6.10630226135, -7.59675359726, -7.96238088608, -7.69784116745], "dvar2": [0.386098533869, 0.259473234415, 0.233229279518, 0.192291513085, 0.174054458737, 0.44278627634], "median": [-7.95379400253, -6.67540407181, -7.38147783279, -8.60498332977, -10.2725801468, -13.1518783569], "dmean2": [0.611950278282, 0.489194661379, 0.43450075388, 0.3373901546, 0.249926283956, 0.52869284153], "dmean": [0.370297193527, 0.302199393511, 0.260747969151, 0.202404364944, 0.15675701201, 0.31429952383], "var": [0.836584925652, 0.751366436481, 0.639368355274, 0.492153257132, 0.402031600475, 1.44504070282], "dvar": [0.248773351312, 0.220139950514, 0.201862558722, 0.180493488908, 0.184761822224, 0.2330724895], "mean": [-8.01947689056, -6.70388698578, -7.48869132996, -8.6906747818, -10.2383022308, -13.1545181274]}, "barkbands_flatness_db": {"min": 0.0295057091862, "max": 0.472066700459, "dvar2": 0.000525112496689, "median": 0.323090046644, "dmean2": 0.026957873255, "dmean": 0.018262738362, "var": 0.00361829460599, "dvar": 0.000243863847572, "mean": 0.312586218119}, "dynamic_complexity": 2.30930781364, "spectral_skewness": {"min": -0.0297078695148, "max": 11.5539751053, "dvar2": 4.06784200668, "median": 5.91374206543, "dmean2": 2.2270693779, "dmean": 1.27966403961, "var": 4.33600664139, "dvar": 1.33946204185, "mean": 5.90166711807}, "erbbands_flatness_db": {"min": 0.