{"lowlevel": {"spectral_complexity": {"min": 0, "max": 54, "dvar2": 65.185043335, "median": 18, "dmean2": 7.85868215561, "dmean": 5.40428972244, "var": 141.608932495, "dvar": 32.523147583, "mean": 18.2525920868}, "silence_rate_20dB": {"min": 0, "max": 1, "dvar2": 0.000609759998042, "median": 1, "dmean2": 0.000406669365475, "dmean": 0.000203314019018, "var": 0.000101631427242, "dvar": 0.000203253002837, "mean": 0.999898374081}, "average_loudness": 0.516071438789, "erbbands_spread": {"min": 1.44443058968, "max": 160.396057129, "dvar2": 487.241973877, "median": 45.4329681396, "dmean2": 21.868024826, "dmean": 14.0714187622, "var": 848.755615234, "dvar": 215.706130981, "mean": 48.0516700745}, "spectral_kurtosis": {"min": -1.3063480854, "max": 505.75982666, "dvar2": 1234.76306152, "median": 3.72773051262, "dmean2": 9.88192272186, "dmean": 5.6963300705, "var": 2912.68212891, "dvar": 384.984222412, "mean": 19.8844032288}, "barkbands_kurtosis": {"min": -1.82312512398, "max": 1091.94055176, "dvar2": 2937.76245117, "median": 2.62473535538, "dmean2": 15.9070205688, "dmean": 10.299952507, "var": 1303.96875, "dvar": 1167.18652344, "mean": 11.5476875305}, "spectral_strongpeak": {"min": 0, "max": 9.57534313202, "dvar2": 0.646908223629, "median": 0.368116557598, "dmean2": 0.554703235626, "dmean": 0.346835494041, "var": 0.434470593929, "dvar": 0.259864211082, "mean": 0.596466600895}, "spectral_spread": {"min": 196575.21875, "max": 49166996, "dvar2": 1636448075780.0, "median": 6654617, "dmean2": 1077649, "dmean": 729407.8125, "var": 14404401758200.0, "dvar": 846751924224, "mean": 5988700}, "spectral_rms": {"min": 3.12198921229e-12, "max": 0.0192751642317, "dvar2": 6.27794406682e-06, "median": 0.00492592528462, "dmean2": 0.00224875495769, "dmean": 0.00157920084894, "var": 1.34510564749e-05, "dvar": 3.09110714625e-06, "mean": 0.00565648591146}, "erbbands": {"min": [9.36621684071e-23, 5.03914299323e-22, 1.09291268726e-21, 4.66865422928e-21, 1.36664825946e-20, 3.63498865631e-20, 6.86757656284e-20, 9.86443964366e-20, 4.55690859087e-20, 1.53692587655e-19, 2.34406183491e-19, 3.12168140408e-19, 6.37396583808e-19, 7.05916400042e-19, 1.24021588064e-18, 1.71162673212e-18, 1.22107802319e-18, 1.82247369049e-18, 2.95178450332e-18, 3.20167121688e-18, 3.68566079714e-18, 3.83705222003e-18, 4.3610574896e-18, 4.67701814972e-18, 7.16945643759e-18, 8.24941848225e-18, 9.54561629239e-18, 1.13078608945e-17, 1.1779424154e-17, 1.24023424405e-17, 1.28138333624e-17, 1.16382095342e-17, 1.06502630609e-17, 9.00169044571e-18, 6.39616540117e-18, 3.71991682784e-18, 2.52507945523e-18, 9.43531734117e-19, 2.51126450502e-19, 2.8098705023e-20], "max": [4.01988172531, 67.8301773071, 279.592498779, 439.072723389, 221.53742981, 181.705291748, 96.3662567139, 79.0605392456, 209.258987427, 433.624206543, 632.782043457, 703.073913574, 797.056152344, 355.050598145, 628.027770996, 290.974151611, 126.416557312, 219.098999023, 252.423233032, 356.653259277, 439.317169189, 460.645874023, 205.735839844, 205.336425781, 249.991363525, 114.42111969, 239.865615845, 221.151657104, 210.728546143, 133.519744873, 127.078407288, 97.993270874, 86.1253738403, 62.6641540527, 23.3019199371, 20.4517364502, 13.0638828278, 4.85098695755, 1.06839251518, 0.0489213764668], "dvar2": [0.219034820795, 67.3336791992, 1874.57995605, 2904.73095703, 1330.30126953, 951.05267334, 111.642044067, 20.6298389435, 68.9405975342, 558.210021973, 458.482147217, 411.491638184, 708.675354004, 289.387359619, 911.776245117, 164.537902832, 130.537567139, 513.101501465, 695.981506348, 2094.77099609, 2484.20898438, 1916.56726074, 671.341247559, 520.397277832, 636.861999512, 237.420196533, 341.381164551, 371.013763428, 381.703918457, 258.995239258, 292.629882812, 131.048477173, 53.3617019653, 17.0293712616, 11.643860817, 11.3657436371, 4.97288036346, 0.647297799587, 0.0234485305846, 4.66733472422e-05], "median": [0.0950166136026, 1.20327329636, 3.45267105103, 2.99187278748, 2.60730791092, 1.5680668354, 0.827257156372, 1.17091846466, 2.18595147133, 5.33494853973, 3.25095176697, 2.38243293762, 2.45032215118, 2.87543439865, 3.75372219086, 3.90381217003, 5.5382976532, 8.94038963318, 10.2546615601, 15.0108547211, 15.7694892883, 16.386138916, 11.8909339905, 11.1348686218, 9.79115390778, 6.07469272614, 5.80972862244, 6.44238710403, 5.6966047287, 4.82831001282, 3.89310216904, 2.71297645569, 1.83842563629, 1.17611789703, 0.722122490406, 0.488360226154, 0.292989134789, 0.125993937254, 0.020978949964, 0.000989952823147], "dmean2": [0.316564589739, 4.98836231232, 22.3986606598, 24.5771503448, 14.9735422134, 10.9851331711, 4.69922971725, 2.79584670067, 4.64478445053, 12.7400522232, 8.4650220871, 6.46370410919, 8.20007324219, 7.79385519028, 10.3050756454, 7.35244274139, 8.33819770813, 15.3047857285, 17.6171646118, 33.0824127197, 31.7229633331, 26.6468830109, 17.7394390106, 15.9698257446, 15.9815235138, 9.95083427429, 11.5605678558, 12.3890476227, 11.6553249359, 9.93716716766, 9.23417949677, 6.52392196655, 4.48062181473, 2.49906373024, 1.89833128452, 1.96649742126, 1.36410868168, 0.520981192589, 0.0961633548141, 0.00421051168814], "dmean": [0.223590627313, 3.40811681747, 14.3760118484, 15.3907346725, 8.88696193695, 6.0813627243, 2.62476372719, 1.75780391693, 2.83314085007, 7.8389377594, 5.36949205399, 4.0995798111, 5.12337684631, 4.7837562561, 6.13880968094, 4.4010310173, 5.07089185715, 9.24157619476, 10.9067935944, 20.0282840729, 19.0901527405, 15.9624729156, 10.9123725891, 9.81967353821, 10.1865653992, 6.35261249542, 7.31439161301, 7.89754104614, 7.70916700363, 6.58604288101, 5.99779367447, 4.32954549789, 2.98717975616, 1.71310007572, 1.2635434866, 1.2933113575, 0.902247846127, 0.343399494886, 0.0645086467266, 0.0028288718313], "var": [0.306551992893, 67.0389099121, 1012.43200684, 1161.36743164, 377.007720947, 199.369735718, 29.4521331787, 18.5385131836, 96.676361084, 438.383270264, 531.222473145, 756.879882812, 1624.68884277, 446.381530762, 927.515014648, 201.402130127, 83.1849136353, 294.391296387, 428.204162598, 1236.22033691, 1224.41723633, 1049.46679688, 433.808410645, 407.74810791, 641.556396484, 196.870422363, 532.051635742, 489.844543457, 428.615783691, 323.351837158, 286.871734619, 146.907516479, 69.226020813, 20.8589000702, 9.01655960083, 7.41697359085, 3.49032044411, 0.533554196358, 0.0199078544974, 3.97922267439e-05], "dvar": [0.12093102932, 34.7685279846, 849.177062988, 1225.56274414, 508.73248291, 333.436401367, 38.8353462219, 9.15573978424, 30.8448810577, 232.679733276, 213.75604248, 193.727645874, 325.241912842, 119.245880127, 338.002532959, 65.5183944702, 51.6377906799, 199.960891724, 272.363006592, 836.329040527, 958.045471191, 694.597717285, 257.645324707, 204.839538574, 273.664001465, 99.451461792, 141.592666626, 157.870132446, 165.246170044, 122.926933289, 125.313980103, 58.5449905396, 24.9918289185, 8.26626396179, 5.11488103867, 5.05738401413, 2.26165771484, 0.30474665761, 0.0113348523155, 2.22759736062e-05], "mean": [0.36339443922, 4.84176778793, 16.1178684235, 15.4872875214, 8.17820167542, 5.0009894371, 2.55844593048, 2.60388350487, 4.30258893967, 11.4308195114, 8.62617492676, 6.95889663696, 9.08720111847, 8.06409645081, 9.98136520386, 6.93518352509, 7.99884223938, 13.850903511, 16.4754562378, 27.8420162201, 26.7548828125, 25.3724994659, 17.8786067963, 17.3029460907, 18.3708934784, 11.1911811829, 14.8716373444, 16.0208435059, 14.7055950165, 12.5589647293, 11.2950897217, 8.15859699249, 5.66294527054, 3.2498884201, 2.08162140846, 1.7956250906, 1.24323427677, 0.492495208979, 0.0917006358504, 0.00411797361448]}, "zerocrossingrate": {"min": 0.00048828125, "max": 0.53466796875, "dvar2": 0.000936459517106, "median": 0.06787109375, "dmean2": 0.0300112273544, "dmean": 0.0244412645698, "var": 0.00600842619315, "dvar": 0.000666823005304, "mean": 0.0883552804589}, "spectral_contrast_coeffs": {"min": [-0.991902649403, -0.992529213428, -0.978278756142, -0.972565889359, -0.968473851681, -0.964300572872], "max": [-0.274148106575, -0.44978171587, -0.412872552872, -0.543459415436, -0.582440674305, -0.597291469574], "dvar2": [0.00825754180551, 0.00449787080288, 0.00295728305355, 0.00190241856035, 0.00114331429359, 0.000609587470535], "median": [-0.637007951736, -0.775165438652, -0.797297358513, -0.785162329674, -0.783408999443, -0.780465006828], "dmean2": [0.103182062507, 0.0821295380592, 0.0664266869426, 0.0536026358604, 0.0400205329061, 0.0266114734113], "dmean": [0.0667741671205, 0.0493603423238, 0.0397365689278, 0.0319568105042, 0.0240333415568, 0.016332834959], "var": [0.00956670194864, 0.00556475436315, 0.00537751009688, 0.00289157824591, 0.00281527615152, 0.00237838388421], "dvar": [0.00347102596425, 0.00162768759765, 0.0010683623841, 0.000698664283846, 0.000437938637333, 0.000241977861151], "mean": [-0.630618572235, -0.765385270119, -0.786956310272, -0.785299420357, -0.786841511726, -0.787335753441]}, "dissonance": {"min": 0, "max": 0.499999940395, "dvar2": 0.0021190282423, "median": 0.48455119133, "dmean2": 0.030472798273, "dmean": 0.0180636122823, "var": 0.00273501570337, "dvar": 0.000750581326429, "mean": 0.462393403053}, "spectral_energyband_high": {"min": 6.96738915156e-21, "max": 0.0249020345509, "dvar2": 1.39156454679e-05, "median": 0.00126974890009, "dmean2": 0.00232150079682, "dmean": 0.00160956347827, "var": 1.63823751791e-05, "dvar": 6.6702609729e-06, "mean": 0.00305606820621}, "gfcc": {"mean": [-25.9113368988, 61.3590049744, -70.5529174805, 30.1047096252, -23.389787674, 10.5026216507, -23.2299518585, 8.54721450806, -9.4731426239, 1.46009409428, -18.2435092926, -3.4564602375, -17.2023124695], "icov": [[9.35258794925e-05, 4.57553760498e-05, 0.000119729535072, -4.12259396398e-05, 5.29949538759e-05, -0.000188728576177, 0.00017074731295, -0.000195637840079, 0.00022878292657, -0.000114231806947, 0.000305293127894, -0.000271777244052, 0.000413938658312], [4.57553760498e-05, 0.000608048867434, 9.4626826467e-05, 0.000551680335775, -0.000256359111518, 0.000431326683611, -0.000510316749569, 0.000475257606013, -0.000598244077992, 0.000957036274485, -0.001144735259, 0.00115217908751, -0.000683733145706], [0.000119729535072, 9.4626826467e-05, 0.00113436952233, 5.09876954311e-05, 0.000153283108375, -0.000648135726806, -0.000207659686566, 0.000762976706028, 9.41194521147e-05, 0.000171885665623, 0.000269405107247, -0.000210166486795, 0.000254578393651], [-4.12259396398e-05, 0.000551680335775, 5.09876954311e-05, 0.00252537056804, -0.000465412216727, 0.000147654194734, -0.00153595209122, 0.000302388769342, -0.000684336351696, 0.000273966637906, -0.000210449070437, 0.000352506962372, -0.000322273466736], [5.29949538759e-05, -0.000256359111518, 0.000153283108375, -0.000465412216727, 0.00322851678357, -0.000885664136149, -0.0014688889496, 0.0001904322271, -0.000782611721661, -8.45598606247e-06, 0.00216280203313, -0.00192314095329, 0.00250702397898], [-0.000188728576177, 0.000431326683611, -0.000648135726806, 0.000147654194734, -0.000885664136149, 0.00712190940976, -0.00246655428782, -0.00132738507818, 0.000205592645216, -0.00158509006724, 0.000371122529032, -0.00143884040881, 0.000546032213606], [0.00017074731295, -0.000510316749569, -0.000207659686566, -0.00153595209122, -0.0014688889496, -0.00246655428782, 0.0108875427395, -0.00125775136985, -0.0003423638409, 0.000770042592194, -0.00153382413555, -3.04929926642e-05, 0.000635621254332], [-0.000195637840079, 0.000475257606013, 0.000762976706028, 0.000302388769342, 0.0001904322271, -0.00132738507818, -0.00125775136985, 0.010842576623, -0.00665073702112, 0.00123421347234, -0.00273463060148, 0.000660305609927, -0.00255458685569], [0.00022878292657, -0.000598244077992, 9.41194521147e-05, -0.000684336351696, -0.000782611721661, 0.000205592645216, -0.0003423638409, -0.00665073702112, 0.0232571624219, -0.0124561022967, -0.000106840598164, 0.00405358429998, -0.0038677866105], [-0.000114231806947, 0.000957036274485, 0.000171885665623, 0.000273966637906, -8.45598606247e-06, -0.00158509006724, 0.000770042592194, 0.00123421347234, -0.0124561022967, 0.0250578708947, -0.00723529607058, -0.00499504432082, 0.0054925638251], [0.000305293127894, -0.001144735259, 0.000269405107247, -0.000210449070437, 0.00216280203313, 0.000371122529032, -0.00153382413555, -0.00273463060148, -0.000106840598164, -0.00723529607058, 0.0200301539153, -0.00657239509746, -0.000909537135158], [-0.000271777244052, 0.00115217908751, -0.000210166486795, 0.000352506962372, -0.00192314095329, -0.00143884040881, -3.04929926642e-05, 0.000660305609927, 0.00405358429998, -0.00499504432082, -0.00657239509746, 0.0267417412251, -0.0116048473865], [0.000413938658312, -0.000683733145706, 0.000254578393651, -0.000322273466736, 0.00250702397898, 0.000546032213606, 0.000635621254332, -0.00255458685569, -0.0038677866105, 0.0054925638251, -0.000909537135158, -0.0116048473865, 0.0227949153632]], "cov": [[33141.859375, -10284.9189453, -1906.57397461, 2275.46289062, 814.29473877, 1732.30664062, -250.222427368, 615.854003906, -274.703460693, 530.422912598, -811.726196289, 419.705291748, -905.059265137], [-10284.9189453, 6482.29882812, 163.718429565, -1373.90856934, -378.092315674, -867.00201416, 51.1801795959, -251.031539917, 94.5155105591, -305.086700439, 360.136657715, -255.784637451, 366.441741943], [-1906.57397461, 163.718429565, 1201.67248535, -55.6795845032, 3.98946738243, 27.045167923, 42.0710792542, -142.31262207, -45.6469345093, -46.623046875, -17.8972682953, -16.4863090515, 1.4980584383], [2275.46289062, -1373.90856934, -55.6795845032, 776.053649902, 220.045181274, 232.75579834, 88.9810638428, 73.5063705444, 9.7968044281, 76.9097061157, -73.3593444824, 55.6309928894, -86.4322738647], [814.29473877, -378.092315674, 3.98946738243, 220.045181274, 510.311828613, 159.729476929, 100.225418091, 9.2864112854, 5.93314981461, 27.4552192688, -68.9646835327, 17.637714386, -84.1477737427], [1732.30664062, -867.00201416, 27.045167923, 232.75579834, 159.729476929, 325.089019775, 62.5819473267, 74.4696655273, 9.93404865265, 70.5630493164, -42.0229606628, 53.2808837891, -63.096912384], [-250.222427368, 51.1801795959, 42.0710792542, 88.9810638428, 100.225418091, 62.5819473267, 144.738342285, 27.4697036743, 24.3473205566, 12.3675327301, 16.6378688812, 6.54376363754, -1.46590673923], [615.854003906, -251.031539917, -142.31262207, 73.5063705444, 9.2864112854, 74.4696655273, 27.4697036743, 180.607437134, 68.2489929199, 53.7142372131, 33.6961479187, 30.0988521576, 15.8900194168], [-274.703460693, 94.5155105591, -45.6469345093, 9.7968044281, 5.93314981461, 9.93404865265, 24.3473205566, 68.2489929199, 97.7019729614, 48.6873092651, 42.3400878906, 7.43562650681, 24.8720645905], [530.422912598, -305.086700439, -46.623046875, 76.9097061157, 27.4552192688, 70.5630493164, 12.3675327301, 53.7142372131, 48.6873092651, 95.6520843506, 24.7105674744, 32.2824249268, -13.5760297775], [-811.726196289, 360.136657715, -17.8972682953, -73.3593444824, -68.9646835327, -42.0229606628, 16.6378688812, 33.6961479187, 42.3400878906, 24.7105674744, 113.628379822, 17.3783950806, 51.2203674316], [419.705291748, -255.784637451, -16.4863090515, 55.6309928894, 17.637714386, 53.2808837891, 6.54376363754, 30.0988521576, 7.43562650681, 32.2824249268, 17.3783950806, 71.4150466919, 16.1850776672], [-905.059265137, 366.441741943, 1.4980584383, -86.4322738647, -84.1477737427, -63.096912384, -1.46590673923, 15.8900194168, 24.8720645905, -13.5760297775, 51.2203674316, 16.1850776672, 100.42011261]]}, "spectral_flux": {"min": 6.54314588622e-11, "max": 0.466235607862, "dvar2": 0.00516696507111, "median": 0.0927701741457, "dmean2": 0.0668086260557, "dmean": 0.043729044497, "var": 0.00839263852686, "dvar": 0.0023740332108, "mean": 0.115402653813}, "silence_rate_30dB": {"min": 0, "max": 1, "dvar2": 0.176463916898, "median": 1, "dmean2": 0.191947951913, "dmean": 0.0959642156959, "var": 0.12630161643, "dvar": 0.0867584943771, "mean": 0.85169750452}, "spectral_energyband_middle_high": {"min": 1.08244075438e-21, "max": 0.0274026934057, "dvar2": 6.57162854623e-06, "median": 0.00263341516256, "dmean2": 0.0022474785801, "dmean": 0.00145378080197, "var": 9.92168588709e-06, "dvar": 2.95172026199e-06, "mean": 0.00329150212929}, "barkbands_spread": {"min": 0.178544059396, "max": 107.041564941, "dvar2": 370.407165527, "median": 26.3734588623, "dmean2": 17.491186142, "dmean": 11.8747606277, "var": 712.139221191, "dvar": 183.633590698, "mean": 32.6404571533}, "spectral_centroid": {"min": 101.299255371, "max": 11676.7314453, "dvar2": 376110.46875, "median": 1495.21325684, "dmean2": 567.24621582, "dmean": 378.794891357, "var": 1444999.25, "dvar": 178685.890625, "mean": 1595.12255859}, "pitch_salience": {"min": 0.0276996772736, "max": 0.97753071785, "dvar2": 0.0312156192958, "median": 0.456910729408, "dmean2": 0.184057667851, "dmean": 0.117425836623, "var": 0.0283498466015, "dvar": 0.0132919382304, "mean": 0.439140051603}, "erbbands_skewness": {"min": -2.9762160778, "max": 5.70755052567, "dvar2": 0.411711007357, "median": -0.362115949392, "dmean2": 0.664508759975, "dmean": 0.423382490873, "var": 1.27236604691, "dvar": 0.178829848766, "mean": -0.0246836673468}, "erbbands_crest": {"min": 2.11537647247, "max": 31.4313526154, "dvar2": 16.1128120422, "median": 7.11318874359, "dmean2": 4.41457653046, "dmean": 2.68732786179, "var": 25.1728191376, "dvar": 6.4327378273, "mean": 8.71097564697}, "melbands": {"min": [1.36059169198e-24, 7.72048750913e-25, 9.08604665822e-25, 1.53738597185e-24, 2.58135266091e-24, 2.35431099821e-24, 6.38711881534e-25, 1.66821184766e-24, 1.90612795794e-24, 1.85771753634e-24, 2.69583038054e-24, 2.77427845604e-24, 3.29426992678e-24, 3.26070034539e-24, 3.03011472507e-24, 3.33620478643e-24, 2.63959820584e-24, 3.26911867454e-24, 3.20381834653e-24, 4.67592883949e-24, 3.36002207488e-24, 3.72234904409e-24, 3.84821890127e-24, 3.64009767295e-24, 2.9343641689e-24, 4.7700868827e-24, 5.08442349875e-24, 4.56251272942e-24, 5.31450069821e-24, 5.05349581253e-24, 6.31693741048e-24, 5.87430203453e-24, 5.56333977101e-24, 5.61833836447e-24, 6.0586888048e-24, 6.34774637313e-24, 5.73566091373e-24, 7.19984670725e-24, 5.92577639189e-24, 7.82647994504e-24], "max": [0.0467353090644, 0.105077013373, 0.0641017258167, 0.013978112489, 0.00414643762633, 0.00175790546928, 0.00282631139271, 0.0041456501931, 0.00419799936935, 0.00559680722654, 0.00412093428895, 0.00181948032696, 0.00278287613764, 0.00115925737191, 0.00068623025436, 0.000421558099333, 0.000470878643682, 0.000501424772665, 0.000553231977392, 0.000326181616401, 0.000539423082955, 0.000608679663856, 0.000179087845027, 0.000299560284475, 0.000188317935681, 0.000227031850955, 0.000111831577669, 7.90921621956e-05, 0.00016504895757, 0.000138258750667, 0.000148055652971, 0.000145613157656, 8.10652782093e-05, 8.00860871095e-05, 8.50463329698e-05, 9.00493760128e-05, 6.14124219283e-05, 6.454182585e-05, 7.42689808249e-05, 3.87828877138e-05], "dvar2": [3.43293322658e-05, 0.000252505240496, 5.93524346186e-05, 6.15584485786e-06, 2.58147508703e-07, 1.01786108431e-08, 2.05458476898e-08, 5.7089916794e-08, 3.41105312884e-08, 2.19930083034e-08, 1.92268458932e-08, 5.22962650962e-09, 1.86750099829e-08, 1.71896330503e-09, 1.24666499346e-09, 1.60490698509e-09, 1.80304493558e-09, 2.63330313111e-09, 5.5552646927e-09, 2.73531575168e-09, 3.68249031268e-09, 3.31123839459e-09, 4.59838167544e-10, 9.30074184335e-10, 3.95058097347e-10, 5.40135214333e-10, 2.40081898806e-10, 1.01009610398e-10, 1.69882441448e-10, 1.41980052715e-10, 1.59534913058e-10, 1.3555657985e-10, 1.34624658643e-10, 7.89945470148e-11, 1.22531013114e-10, 7.76849765072e-11, 4.62960919601e-11, 3.80782801124e-11, 1.49648158448e-11, 1.28212319234e-11], "median": [0.00103261414915, 0.0022415551357, 0.000613841926679, 0.000138935545692, 3.31163828378e-05, 2.58612853941e-05, 4.00971257477e-05, 5.68937502976e-05, 2.14613537537e-05, 1.51533367898e-05, 1.13747410069e-05, 1.06060415419e-05, 1.25211981867e-05, 9.22303297557e-06, 8.02171234682e-06, 1.44526566146e-05, 1.53267756104e-05, 1.27477214846e-05, 2.13939238165e-05, 1.52776283358e-05, 1.58784296218e-05, 1.65959463629e-05, 8.38106006995e-06, 1.00804791145e-05, 7.79412039265e-06, 8.04831142887e-06, 5.2142304412e-06, 3.21746256304e-06, 3.49070319317e-06, 3.46352999259e-06, 3.35161075782e-06, 3.19447394759e-06, 2.63673200607e-06, 2.61841933025e-06, 2.15810177906e-06, 1.97427061721e-06, 1.50281380229e-06, 1.29017257677e-06, 1.09845427687e-06, 9.35645061872e-07], "dmean2": [0.00394050916657, 0.00913473963737, 0.00376667734236, 0.000935768417548, 0.000212596947677, 6.30958093097e-05, 8.56039987411e-05, 0.000129373656819, 6.76939598634e-05, 4.4802789489e-05, 4.22720841016e-05, 3.09390379698e-05, 4.23768069595e-05, 2.17818469537e-05, 2.02176543098e-05, 2.73433433904e-05, 2.848477925e-05, 2.80242875306e-05, 5.0892962463e-05, 3.7071735278e-05, 3.75986855943e-05, 3.3513391827e-05, 1.43822508107e-05, 1.90831924556e-05, 1.33114544951e-05, 1.44173400258e-05, 1.00980769275e-05, 6.21752906227e-06, 8.08443564893e-06, 7.38195285521e-06, 7.78248249844e-06, 7.05767524778e-06, 6.48628702038e-06, 5.72324870518e-06, 5.89138653595e-06, 4.84317070004e-06, 3.97686153519e-06, 3.67250254385e-06, 2.37063841269e-06, 2.16436728806e-06], "dmean": [0.00272758654319, 0.0060822092928, 0.00241621839814, 0.000533960293978, 0.000117897347081, 3.94027811126e-05, 5.23411981703e-05, 8.04286028142e-05, 4.26459882874e-05, 2.84443613054e-05, 2.63658457698e-05, 1.90868577192e-05, 2.53200250881e-05, 1.32149580168e-05, 1.21964676509e-05, 1.62992691912e-05, 1.72110412677e-05, 1.71944975591e-05, 3.06505753542e-05, 2.2503792934e-05, 2.2619487936e-05, 1.97879071493e-05, 8.96328674571e-06, 1.14553222375e-05, 8.07823562354e-06, 8.97737754713e-06, 6.35788410364e-06, 3.87092495657e-06, 5.0460453167e-06, 4.61976878796e-06, 4.9011810006e-06, 4.56538373328e-06, 4.19820935349e-06, 3.73175521418e-06, 3.75344143322e-06, 3.1383044643e-06, 2.59998591901e-06, 2.39395853896e-06, 1.56271835294e-06, 1.46699096604e-06], "var": [4.41542251792e-05, 0.000193183834199, 2.77565613942e-05, 1.46368051901e-06, 6.03953438372e-08, 8.99342289529e-09, 2.26834160344e-08, 5.06792936505e-08, 3.62783545427e-08, 5.28437595904e-08, 4.49536088354e-08, 8.84791440114e-09, 1.90215594387e-08, 1.83233639373e-09, 8.28904000993e-10, 8.61758608917e-10, 1.0215372992e-09, 1.30409427701e-09, 2.96786706322e-09, 1.48223056051e-09, 1.74144088039e-09, 1.62528257519e-09, 2.9926311429e-10, 5.22069776299e-10, 2.58913668283e-10, 5.33479926901e-10, 1.80259099314e-10, 7.02023092436e-11, 2.21042323334e-10, 1.77800468792e-10, 1.75163133997e-10, 1.47092643621e-10, 1.16016966867e-10, 9.4519780891e-11, 1.05544351037e-10, 7.61509466596e-11, 4.82333201157e-11, 4.28458379886e-11, 1.7813014952e-11, 1.44238700844e-11], "dvar": [1.87108325918e-05, 0.000124500744278, 2.66071874648e-05, 2.2420545065e-06, 8.97389256238e-08, 4.42707692727e-09, 8.95585472449e-09, 2.46427251938e-08, 1.49493573076e-08, 1.04899964271e-08, 8.72745431479e-09, 2.26698015915e-09, 6.83308742921e-09, 7.63214547117e-10, 5.03027619558e-10, 6.16201312198e-10, 7.06642355741e-10, 1.0133808237e-09, 2.09823847186e-09, 1.10085818239e-09, 1.40334310839e-09, 1.18486254141e-09, 1.81533302279e-10, 3.48489681556e-10, 1.51522600023e-10, 2.21450260907e-10, 1.00851424434e-10, 3.98787981803e-11, 6.98786861708e-11, 5.61358841356e-11, 6.60203142155e-11, 5.72691824519e-11, 5.77029014848e-11, 3.59919455351e-11, 5.08943269473e-11, 3.34969725568e-11, 2.02851936637e-11, 1.67983977423e-11, 7.07833401267e-12, 6.12306256045e-12], "mean": [0.00428456766531, 0.00804270338267, 0.00255162152462, 0.000454304390587, 0.000109275330033, 5.73692632315e-05, 7.85370139056e-05, 0.000120075237646, 6.62584934616e-05, 4.93933985126e-05, 4.65721495857e-05, 3.15496799885e-05, 4.07093539252e-05, 1.86334600585e-05, 1.67315265571e-05, 2.33474002016e-05, 2.50190223596e-05, 2.3521739422e-05, 4.12085391872e-05, 2.9778411772e-05, 2.99354451272e-05, 2.91878423013e-05, 1.38077039082e-05, 1.7364451196e-05, 1.3034753465e-05, 1.58693874255e-05, 1.0117659258e-05, 6.33153013041e-06, 9.21717037272e-06, 9.07620778889e-06, 9.24461710383e-06, 8.44054193294e-06, 7.33417573429e-06, 6.80358198224e-06, 6.64870321998e-06, 5.74580781176e-06, 4.64687900603e-06, 4.30136560681e-06, 2.93928292194e-06, 2.67109817287e-06]}, "spectral_entropy": {"min": 3.87320899963, "max": 9.82388973236, "dvar2": 0.0974048152566, "median": 7.96283960342, "dmean2": 0.297737300396, "dmean": 0.206426858902, "var": 1.13269352913, "dvar": 0.0483051352203, "mean": 7.52312135696}, "spectral_rolloff": {"min": 64.599609375, "max": 19466.015625, "dvar2": 9802288, "median": 624.462890625, "dmean2": 2103.1237793, "dmean": 1305.9798584, "var": 11205504, "dvar": 4385661, "mean": 2328.10253906}, "barkbands": {"min": [6.01420207873e-25, 2.10205536882e-24, 1.46294521114e-24, 4.99183686645e-25, 9.55332486556e-24, 1.20511866576e-23, 4.65451994338e-24, 9.04849727357e-24, 1.5259955698e-23, 1.58681453678e-23, 1.68803154403e-23, 3.11515681e-23, 2.71011460049e-23, 3.60372487433e-23, 3.78726756342e-23, 7.42302019051e-23, 6.33789973243e-23, 7.60925321083e-23, 1.15205284464e-22, 1.88908584082e-22, 2.1261666894e-22, 3.29615192013e-22, 4.69280957933e-22, 6.15953247574e-22, 9.21513331662e-22, 1.27277771944e-21, 1.92206966775e-21], "max": [0.00180482747965, 0.245813235641, 0.331110924482, 0.110007427633, 0.0558699816465, 0.00772137194872, 0.0151449190453, 0.0293857399374, 0.0391551926732, 0.0241011288017, 0.0173273514956, 0.00759651744738, 0.00303664803505, 0.00561910914257, 0.00584317464381, 0.00649209786206, 0.00678092753515, 0.00388425891288, 0.00488421134651, 0.00244829873554, 0.00579511467367, 0.00476242508739, 0.00412337994203, 0.00400414736941, 0.00347976153716, 0.00569882150739, 0.00583383394405], "dvar2": [3.11253423035e-08, 0.000893057556823, 0.00211856001988, 0.0003081636969, 9.80650802376e-05, 3.55947008757e-07, 1.12927193641e-06, 9.7040287983e-07, 1.54704673605e-06, 4.76029981655e-07, 8.36108313251e-07, 1.28649901399e-07, 8.63853557576e-08, 3.489696212e-07, 6.25907830454e-07, 6.90252079494e-07, 4.53151784541e-07, 2.50726913009e-07, 2.45106548391e-07, 1.10548441512e-07, 2.11681566498e-07, 2.8035819355e-07, 3.02316777834e-07, 2.00297080255e-07, 1.65745390746e-07, 1.10142673293e-06, 7.01157659933e-07], "median": [4.1721155867e-05, 0.00433841953054, 0.00223938934505, 0.00070445012534, 0.000524774426594, 0.000128652493004, 0.000241638670559, 0.000145781697938, 0.000128022002173, 4.33482164226e-05, 8.21691210149e-05, 9.81405755738e-05, 0.000120126482216, 0.000173002466909, 0.000253770005656, 0.000235672006966, 0.000250564480666, 0.000205107906368, 0.000199496047571, 0.000134831207106, 0.000166022975463, 0.000149316736497, 0.00014871332678, 0.000115586299216, 0.000106153711386, 0.000150977750309, 0.000119402095152], "dmean2": [0.00010798148287, 0.0184266343713, 0.022602269426, 0.0069014034234, 0.00367170129903, 0.000361875630915, 0.000613987154793, 0.000416609284002, 0.000378385011572, 0.000206063239602, 0.000305874506012, 0.000211104939808, 0.000213530744077, 0.000351971451892, 0.000562394561712, 0.000551799312234, 0.000430662010331, 0.000342761079082, 0.000327062763972, 0.000227401833399, 0.000299859879306, 0.000306995847495, 0.000318362552207, 0.000272006815067, 0.000236626437982, 0.000645183201414, 0.000529478653334], "dmean": [7.98098626547e-05, 0.0126222763211, 0.0142413685098, 0.00399301853031, 0.00206094700843, 0.000218479515752, 0.000374785420718, 0.00026321853511, 0.000241142348386, 0.000123929188703, 0.00018369666941, 0.000126871047541, 0.000127599341795, 0.000213227671338, 0.000340213387972, 0.000333277363097, 0.000259035179624, 0.000208846307942, 0.000202631577849, 0.000143787328852, 0.000190793885849, 0.000204770869459, 0.000208638317417, 0.000183362848475, 0.000161565563758, 0.000428941275459, 0.00035459944047], "var": [4.06205984405e-08, 0.00092119211331, 0.00098770391196, 7.76572633185e-05, 2.12450413528e-05, 2.173046596e-07, 9.14044335332e-07, 1.08679330424e-06, 3.45314037986e-06, 9.03465945612e-07, 8.85030146947e-07, 1.28651691966e-07, 4.79208104309e-08, 1.80114057002e-07, 3.64555916121e-07, 3.37965076369e-07, 2.5990138397e-07, 1.63668573805e-07, 2.3534681759e-07, 9.56826013976e-08, 3.34049389039e-07, 3.14365337317e-07, 3.42187689739e-07, 2.69449628831e-07, 1.63710737411e-07, 8.01962755759e-07, 6.02398642968e-07], "dvar": [1.59781468057e-08, 0.000455833825981, 0.000929758767597, 0.000113835565571, 3.47435379808e-05, 1.40671716053e-07, 4.65705170427e-07, 4.70536406283e-07, 7.11474228865e-07, 2.02168834562e-07, 3.0546243579e-07, 5.11446387463e-08, 3.35522294392e-08, 1.35254921929e-07, 2.40582352262e-07, 2.68690229177e-07, 1.66206007179e-07, 9.64968549511e-08, 9.87270283304e-08, 4.67567140561e-08, 8.84645530164e-08, 1.2548608197e-07, 1.32711164724e-07, 9.42546378724e-08, 7.64048451174e-08, 5.08290895596e-07, 3.35893759029e-07], "mean": [0.000129912717966, 0.0185848586261, 0.0147446002811, 0.00340464129113, 0.00171778770164, 0.000290214869892, 0.000532381993253, 0.000387740583392, 0.000421488191932, 0.00018937625282, 0.00029126717709, 0.000186437100638, 0.00018285716942, 0.000299586856272, 0.000470859813504, 0.000440230913227, 0.000401966943173, 0.000334114069119, 0.000364108273061, 0.000248360942351, 0.000405785860494, 0.000394899892854, 0.000400907709263, 0.00035535680945, 0.00028916427982, 0.000600563536864, 0.000510226935148]}, "melbands_flatness_db": {"min": 0.00292782322504, "max": 0.757113218307, "dvar2": 0.00455389823765, "median": 0.238921880722, "dmean2": 0.0695668756962, "dmean": 0.0471624061465, "var": 0.0209264345467, "dvar": 0.00200545880944, "mean": 0.262143462896}, "melbands_skewness": {"min": -1.96998441219, "max": 19.744594574, "dvar2": 8.16813278198, "median": 3.52325773239, "dmean2": 2.51515722275, "dmean": 1.70788681507, "var": 12.033041954, "dvar": 3.47343182564, "mean": 4.36938476562}, "barkbands_skewness": {"min": -2.84227776527, "max": 30.867181778, "dvar2": 5.03428268433, "median": 1.56903481483, "dmean2": 1.6474366188, "dmean": 1.12165498734, "var": 5.66949510574, "dvar": 2.12072014809, "mean": 2.11307835579}, "silence_rate_60dB": {"min": 0, "max": 1, "dvar2": 0.0529167354107, "median": 0, "dmean2": 0.0422936156392, "dmean": 0.0211446583271, "var": 0.100975342095, "dvar": 0.0206943619996, "mean": 0.113945923746}, "spectral_energyband_low": {"min": 1.17270003243e-23, "max": 0.37851023674, "dvar2": 0.002240259666, "median": 0.0128970267251, "dmean2": 0.0313554555178, "dmean": 0.0218858942389, "var": 0.00269128452055, "dvar": 0.00119351653848, "mean": 0.0358078032732}, "spectral_energyband_middle_low": {"min": 1.49928555996e-22, "max": 0.12223366648, "dvar2": 0.000323969870806, "median": 0.00344660785049, "dmean2": 0.00890698097646, "dmean": 0.00561360130087, "var": 0.000136339789606, "dvar": 0.000141813943628, "mean": 0.0067901131697}, "melbands_kurtosis": {"min": -1.83875989914, "max": 661.671264648, "dvar2": 6293.30761719, "median": 14.5460634232, "dmean2": 43.3276290894, "dmean": 28.8776550293, "var": 4740.23876953, "dvar": 2619.68334961, "mean": 41.0640678406}, "spectral_decrease": {"min": -9.9619960281e-08, "max": 1.03012961818e-20, "dvar2": 1.38375418314e-16, "median": -5.53284440485e-09, "dmean2": 8.38859914865e-09, "dmean": 6.00270100293e-09, "var": 1.98148257001e-16, "dvar": 7.38262137775e-17, "mean": -1.13184421835e-08}, "erbbands_kurtosis": {"min": -1.84995090961, "max": 60.9283370972, "dvar2": 17.6768817902, "median": 0.376986980438, "dmean2": 2.46099829674, "dmean": 1.53687238693, "var": 22.5848197937, "dvar": 7.07888507843, "mean": 1.57299554348}, "melbands_crest": {"min": 1.69906008244, "max": 31.9436511993, "dvar2": 30.4908657074, "median": 18.5379276276, "dmean2": 6.58693981171, "dmean": 4.08027982712, "var": 35.4730529785, "dvar": 12.5261001587, "mean": 18.3759040833}, "melbands_spread": {"min": 0.325597077608, "max": 262.519561768, "dvar2": 725.032104492, "median": 12.9015369415, "dmean2": 19.3786849976, "dmean": 12.0851535797, "var": 877.650024414, "dvar": 298.867523193, "mean": 24.4772262573}, "spectral_energy": {"min": 9.99048710561e-21, "max": 0.380820274353, "dvar2": 0.00207467237487, "median": 0.0248713605106, "dmean2": 0.0330966338515, "dmean": 0.0237757898867, "var": 0.00304219243117, "dvar": 0.00109224824701, "mean": 0.0465829260647}, "mfcc": {"mean": [-676.120117188, 101.024482727, 18.5609664917, 32.6458206177, 22.1621494293, 13.4855737686, 2.97889828682, 10.1332349777, 8.45648670197, 9.89327526093, 4.3317656517, 3.05471682549, 2.0410091877], "icov": [[0.000127064166008, 0.000136056289193, 0.000164108030731, 0.00010414391727, -7.94052903075e-05, -0.000207281424082, 0.000129282358103, -0.000277765589999, 0.000143214361742, -7.42327101761e-05, 4.44618490292e-05, -3.60997764801e-05, 5.01827635162e-05], [0.000136056289193, 0.000535236613359, 0.000158957293024, 0.000298501574434, -0.000128717772895, 0.000494791427627, -0.000470824481454, 0.000273288460448, -7.69773323555e-05, 0.000122229786939, -3.46763663401e-05, 0.00010976192425, -0.000202497452847], [0.000164108030731, 0.000158957293024, 0.00118750100955, -6.54345130897e-05, 0.000265227776254, -0.000219200868742, -0.000133187189931, 0.000104757215013, 9.79936667136e-05, 0.000474321393995, 2.26469401241e-05, 3.81405843655e-05, 0.000203902178328], [0.00010414391727, 0.000298501574434, -6.54345130897e-05, 0.00335477245972, -0.000685092585627, -0.00028637968353, -0.000434867833974, -0.000336298166076, -0.000804655021057, 0.000160794399562, 0.000383156409953, -0.00128251733258, 0.00132323941216], [-7.94052903075e-05, -0.000128717772895, 0.000265227776254, -0.000685092585627, 0.00647947657853, -0.0022011694964, -0.000451575237093, -0.000845347123686, -0.00157021998893, -1.60112376761e-05, -0.00056886888342, 0.000614608230535, -0.00109484035056], [-0.000207281424082, 0.000494791427627, -0.000219200868742, -0.00028637968353, -0.0022011694964, 0.00893557444215, -0.00551993958652, 0.00173107744195, -0.00275613856502, 0.00329539249651, -0.00436562718824, 0.000630844035186, 0.000938134151511], [0.000129282358103, -0.000470824481454, -0.000133187189931, -0.000434867833974, -0.000451575237093, -0.00551993958652, 0.0173863153905, -0.0101674003527, 0.00357287493534, -0.00110617245082, -0.000470703846077, 0.000127099920064, 0.000189809696167], [-0.000277765589999, 0.000273288460448, 0.000104757215013, -0.000336298166076, -0.000845347123686, 0.00173107744195, -0.0101674003527, 0.0218562688679, -0.00815689750016, -0.00188165123109, 0.00075826694956, 0.000785494281445, -0.00234985770658], [0.000143214361742, -7.69773323555e-05, 9.79936667136e-05, -0.000804655021057, -0.00157021998893, -0.00275613856502, 0.00357287493534, -0.00815689750016, 0.0195347238332, -0.00339315645397, -0.00139907887205, -0.00029438835918, 0.000425509439083], [-7.42327101761e-05, 0.000122229786939, 0.000474321393995, 0.000160794399562, -1.60112376761e-05, 0.00329539249651, -0.00110617245082, -0.00188165123109, -0.00339315645397, 0.01216755528, -0.00459269294515, 0.00286152749322, -0.00399422179908], [4.44618490292e-05, -3.46763663401e-05, 2.26469401241e-05, 0.000383156409953, -0.00056886888342, -0.00436562718824, -0.000470703846077, 0.00075826694956, -0.00139907887205, -0.00459269294515, 0.0235194303095, -0.012231098488, 0.00368197727948], [-3.60997764801e-05, 0.00010976192425, 3.81405843655e-05, -0.00128251733258, 0.000614608230535, 0.000630844035186, 0.000127099920064, 0.000785494281445, -0.00029438835918, 0.00286152749322, -0.012231098488, 0.0244899690151, -0.0113019561395], [5.01827635162e-05, -0.000202497452847, 0.000203902178328, 0.00132323941216, -0.00109484035056, 0.000938134151511, 0.000189809696167, -0.00234985770658, 0.000425509439083, -0.00399422179908, 0.00368197727948, -0.0113019561395, 0.0203167162836]], "cov": [[18712.7285156, -5181.70996094, -1979.75280762, 303.95513916, 842.292358398, 1188.87084961, 398.764221191, 567.909362793, 328.433502197, 225.779907227, 319.475219727, 140.66116333, 12.5173978806], [-5181.70996094, 3779.95239258, 166.006271362, -378.780059814, -293.747833252, -566.116271973, -145.145858765, -193.957290649, -137.041687012, -20.3757266998, -139.041229248, -59.7462882996, 53.5381355286], [-1979.75280762, 166.006271362, 1168.61694336, 35.6158905029, -114.314285278, -47.1740036011, -30.1852245331, -77.2960510254, -50.8574829102, -98.5877075195, -35.3493843079, -24.8044834137, -45.8527145386], [303.95513916, -378.780059814, 35.6158905029, 394.70489502, 102.038360596, 132.329528809, 62.0184326172, 50.7906646729, 51.2170257568, -7.82604646683, 36.8634986877, 24.9392700195, -21.3260288239], [842.292358398, -293.747833252, -114.314285278, 102.038360596, 272.178649902, 178.309661865, 85.3955001831, 78.6640014648, 69.3462295532, 20.7943630219, 54.3257980347, 24.014623642, 10.3769617081], [1188.87084961, -566.116271973, -47.1740036011, 132.329528809, 178.309661865, 352.457092285, 130.432174683, 84.126121521, 73.8253707886, -18.1249675751, 84.33543396, 31.2283115387, -17.9003181458], [398.764221191, -145.145858765, -30.1852245331, 62.0184326172, 85.3955001831, 130.432174683, 135.216400146, 77.9191436768, 37.7755241394, 15.6568822861, 36.8364753723, 14.6644411087, 3.92883062363], [567.909362793, -193.957290649, -77.2960510254, 50.7906646729, 78.6640014648, 84.126121521, 77.9191436768, 114.381134033, 58.000957489, 39.0112037659, 29.3847236633, 14.5748052597, 16.2250328064], [328.433502197, -137.041687012, -50.8574829102, 51.2170257568, 69.3462295532, 73.8253707886, 37.7755241394, 58.000957489, 92.0986328125, 34.1244277954, 31.2259731293, 15.1310100555, 9.21912956238], [225.779907227, -20.3757266998, -98.5877075195, -7.82604646683, 20.7943630219, -18.1249675751, 15.6568822861, 39.0112037659, 34.1244277954, 126.757316589, 23.5162448883, 11.5531806946, 33.4323043823], [319.475219727, -139.041229248, -35.3493843079, 36.8634986877, 54.3257980347, 84.33543396, 36.8364753723, 29.3847236633, 31.2259731293, 23.5162448883, 85.3384780884, 43.5485038757, 10.5957164764], [140.66116333, -59.7462882996, -24.8044834137, 24.9392700195, 24.014623642, 31.2283115387, 14.6644411087, 14.5748052597, 15.1310100555, 11.5531806946, 43.5485038757, 78.1943511963, 36.6433753967], [12.5173978806, 53.5381355286, -45.8527145386, -21.3260288239, 10.3769617081, -17.9003181458, 3.92883062363, 16.2250328064, 9.21912956238, 33.4323043823, 10.5957164764, 36.6433753967, 79.641746521]]}, "spectral_contrast_valleys": {"min": [-28.1250076294, -27.8675880432, -27.6310119629, -27.6799964905, -27.4814968109, -27.4291706085], "max": [-5.01678371429, -5.1286482811, -5.50953102112, -5.81066131592, -5.76108980179, -7.4907169342], "dvar2": [0.46392378211, 0.610547184944, 0.539388477802, 0.313407123089, 0.264453858137, 0.35643234849], "median": [-7.17147493362, -7.17588996887, -7.80099964142, -7.58382701874, -7.30799007416, -9.26215744019], "dmean2": [0.768389046192, 0.831016659737, 0.727570474148, 0.595983028412, 0.483056992292, 0.512552499771], "dmean": [0.459087461233, 0.491134554148, 0.435366690159, 0.376559317112, 0.32411685586, 0.365529119968], "var": [3.31450462341, 3.31985616684, 3.74740433693, 4.96760702133, 5.90938329697, 6.90397787094], "dvar": [0.175986543298, 0.218045547605, 0.200226262212, 0.131880760193, 0.128561869264, 0.181581094861], "mean": [-7.41940593719, -7.43425989151, -8.2331571579, -8.26862812042, -8.17067241669, -10.2930421829]}, "barkbands_flatness_db": {"min": 0.0164623558521, "max": 0.596236169338, "dvar2": 0.00287172431126, "median": 0.139684587717, "dmean2": 0.0550132654607, "dmean": 0.0374357178807, "var": 0.0134700462222, "dvar": 0.00129486073274, "mean": 0.168660193682}, "dynamic_complexity": 4.39008903503, "spectral_skewness": {"min": -0.352095484734, "max": 19.1995296478, "dvar2": 1.01765406132, "median": 1.56593930721, "dmean2": 0.543098986149, "dmean": 0.335277616978, "var": 7.47354745865, "dvar": 0.362574368715, "mean": 2.41472554207}, "erbbands_flatness_db": {"min": 0.031259201467, "max": 0.497907996178, "dvar2": 0.000672475376632, "median": 0.0910249054432, "dmean2": 0.0281451288611, "dmean": 0.01819319278, "var": 0.00999080110341, "dvar": 0.000296960934065, "mean": 0.138710930943}, "hfc"