{"lowlevel": {"spectral_complexity": {"min": 0, "max": 42, "dvar2": 6.51935815811, "median": 10, "dmean2": 2.41216301918, "dmean": 1.45281398296, "var": 21.1609477997, "dvar": 2.63772940636, "mean": 9.75086021423}, "silence_rate_20dB": {"min": 1, "max": 1, "dvar2": 0, "median": 1, "dmean2": 0, "dmean": 0, "var": 0, "dvar": 0, "mean": 1}, "average_loudness": 0.676181674004, "erbbands_spread": {"min": 1.9905796051, "max": 112.838790894, "dvar2": 119.633354187, "median": 14.3749713898, "dmean2": 7.63337898254, "dmean": 4.85904693604, "var": 298.407714844, "dvar": 49.0742073059, "mean": 20.5073604584}, "spectral_kurtosis": {"min": -1.29043447971, "max": 161.988464355, "dvar2": 113.55581665, "median": 9.12601852417, "dmean2": 7.77895593643, "dmean": 4.56790208817, "var": 227.489562988, "dvar": 40.7229003906, "mean": 13.8757305145}, "barkbands_kurtosis": {"min": -1.82372295856, "max": 134.433395386, "dvar2": 105.313621521, "median": 4.65505027771, "dmean2": 6.52654838562, "dmean": 4.084004879, "var": 112.369651794, "dvar": 43.1284751892, "mean": 8.02486419678}, "spectral_strongpeak": {"min": 0, "max": 9.84034538269, "dvar2": 0.740795731544, "median": 0.548993229866, "dmean2": 0.607409477234, "dmean": 0.361162960529, "var": 0.606846451759, "dvar": 0.29640853405, "mean": 0.80521517992}, "spectral_spread": {"min": 527677.125, "max": 48981012, "dvar2": 1694044258300.0, "median": 3311550, "dmean2": 798484, "dmean": 502674.09375, "var": 4381013966850.0, "dvar": 705797947392, "mean": 3631977}, "spectral_rms": {"min": 3.16252731468e-12, "max": 0.017409959808, "dvar2": 4.56378074887e-06, "median": 0.00451403716579, "dmean2": 0.00140091974754, "dmean": 0.0008957957034, "var": 8.41296423459e-06, "dvar": 1.88769354281e-06, "mean": 0.00479030748829}, "erbbands": {"min": [1.48958358057e-22, 1.23529276578e-21, 2.24938176457e-21, 3.52183535684e-21, 2.87996501192e-20, 6.65516562883e-20, 6.91484670368e-20, 9.89568445259e-20, 1.69337972234e-19, 3.35850812484e-19, 3.16090475776e-19, 3.51240817973e-19, 7.36183610739e-19, 3.67233062647e-19, 8.99723214901e-19, 1.2791330741e-18, 2.4022540944e-18, 3.06853215459e-18, 3.01259716759e-18, 4.57498748911e-18, 4.49920616447e-18, 5.99354020109e-18, 4.43957057821e-18, 8.67954330179e-18, 7.21412584503e-18, 8.86777652198e-18, 8.90060566614e-18, 1.29315320645e-17, 1.20890279311e-17, 1.24936731063e-17, 1.26873855708e-17, 1.32632505153e-17, 1.02137970748e-17, 8.55496576564e-18, 8.24384824801e-18, 4.59990092839e-18, 2.23611962466e-18, 9.92486247322e-19, 2.43748490576e-19, 2.81121531703e-20], "max": [2.49007081985, 36.9932785034, 149.830184937, 400.412567139, 368.738006592, 541.40045166, 488.851287842, 720.557861328, 855.199707031, 1216.26330566, 1754.86303711, 1089.22119141, 1350.99206543, 1068.33007812, 2523.89697266, 824.691223145, 1711.9206543, 153.070037842, 741.221557617, 224.2784729, 132.583953857, 146.199478149, 60.0928573608, 163.160690308, 108.547660828, 83.0484542847, 46.8919563293, 69.5654830933, 74.4715881348, 89.3735733032, 79.7387542725, 49.2457466125, 54.6112136841, 26.4363498688, 4.05867481232, 2.03126645088, 0.784042000771, 0.257828444242, 0.0188284292817, 0.000551735167392], "dvar2": [0.0745381340384, 16.3229961395, 354.668243408, 1008.06689453, 1011.51843262, 509.43963623, 649.762451172, 1651.32897949, 3356.46459961, 7775.57226562, 5895.97753906, 3731.34472656, 2682.79199219, 1075.56762695, 3398.57421875, 902.479492188, 1299.45532227, 61.6453819275, 719.456481934, 80.3267288208, 31.4527854919, 44.2727470398, 6.9646229744, 10.384645462, 13.4411468506, 6.60811138153, 2.76466655731, 3.20391511917, 5.14429092407, 7.47297000885, 4.04600334167, 4.23192977905, 2.34570455551, 2.24994492531, 0.322400838137, 0.0424545034766, 0.00898453872651, 0.000916758028325, 2.77412254945e-06, 3.78760134367e-09], "median": [0.0131843537092, 0.262347877026, 1.08080554008, 3.34148836136, 3.69716119766, 5.45910406113, 6.25106525421, 11.15675354, 19.9697799683, 27.8173522949, 21.9229164124, 11.0614337921, 10.7727012634, 6.41366958618, 5.26475858688, 4.82583904266, 1.50385355949, 0.934436559677, 0.414192527533, 0.351832568645, 0.315758794546, 0.268431305885, 0.296567440033, 0.265310168266, 0.322601377964, 0.302207648754, 0.267369747162, 0.20496596396, 0.161283373833, 0.121070444584, 0.0729313492775, 0.0401836112142, 0.0240514222533, 0.0109287947416, 0.00380219146609, 0.00139427301474, 0.000528662931174, 9.32746770559e-05, 1.61726311489e-05, 2.38853353949e-05], "dmean2": [0.105610907078, 1.68844890594, 8.31012058258, 14.2569246292, 12.974281311, 9.03235816956, 12.0788259506, 19.828119278, 29.3622245789, 43.6823883057, 33.7221183777, 25.7393684387, 20.099773407, 9.04546260834, 12.0014076233, 10.6015720367, 5.42899847031, 2.91032147408, 4.63582611084, 2.04507756233, 1.69199740887, 1.5734513998, 0.89391875267, 0.77776658535, 1.02639651299, 0.742623627186, 0.579298436642, 0.507500886917, 0.618634521961, 0.667163908482, 0.484872311354, 0.612188577652, 0.414198756218, 0.406820684671, 0.170790717006, 0.0609364137053, 0.0246409103274, 0.00776211172342, 0.000355612719432, 2.73978785117e-05], "dmean": [0.0623342804611, 0.980207026005, 4.86383104324, 8.69735717773, 7.99341487885, 5.56731653214, 7.25994539261, 11.9389371872, 18.0381889343, 28.9958953857, 21.864610672, 16.769575119, 13.4780340195, 5.86057853699, 7.97636556625, 7.15711164474, 3.63814806938, 1.840955019, 2.8566904068, 1.2058454752, 1.03757965565, 0.953042209148, 0.544912874699, 0.494293391705, 0.629860639572, 0.457982003689, 0.366892188787, 0.330824941397, 0.403986394405, 0.425167292356, 0.314609587193, 0.367460548878, 0.256534576416, 0.240813449025, 0.105800390244, 0.0393309742212, 0.0147183435038, 0.00445515057072, 0.000202986280783, 1.70153180079e-05], "var": [0.0315675511956, 6.75047826767, 164.861968994, 626.264770508, 441.244293213, 189.26361084, 376.267028809, 943.471923828, 2140.17578125, 10063.1621094, 6863.5703125, 4639.93164062, 4972.26611328, 1160.28723145, 3714.17504883, 1360.92248535, 2814.72509766, 70.0211639404, 888.071472168, 52.5054550171, 50.2485427856, 48.0207672119, 4.86696767807, 11.2303953171, 21.2654895782, 6.07973003387, 2.70257520676, 3.18046045303, 5.08405447006, 5.31088256836, 3.12303805351, 2.00625371933, 1.81774055958, 0.830581068993, 0.119056716561, 0.0171629656106, 0.00247241207398, 0.000241682631895, 6.91272930453e-07, 2.16267781461e-09], "dvar": [0.0269526541233, 5.79521131516, 122.263771057, 391.192474365, 409.322998047, 185.106155396, 241.823989868, 600.399841309, 1296.31628418, 3468.54321289, 2658.65942383, 1636.55212402, 1199.8828125, 480.368377686, 1692.8770752, 479.397888184, 707.911621094, 25.3058071136, 272.231048584, 29.1283035278, 12.9439535141, 15.6879358292, 2.59694647789, 4.79426240921, 5.49104309082, 2.70909976959, 1.27440404892, 1.53024065495, 2.4204351902, 3.45852279663, 1.95477497578, 1.70569860935, 1.07256662846, 0.856157779694, 0.126910015941, 0.0173406787217, 0.00336174294353, 0.000344871950801, 1.03002525975e-06, 1.4794860892e-09], "mean": [0.0831733569503, 1.40606725216, 7.51737499237, 14.0014333725, 10.7291946411, 9.19948291779, 13.6683645248, 21.2258110046, 33.992389679, 68.6695175171, 48.4904785156, 39.1984100342, 35.737197876, 14.1446352005, 17.9330196381, 13.8998775482, 8.23410797119, 3.69427251816, 5.71334695816, 2.20978164673, 2.25544905663, 1.91851973534, 1.02376461029, 1.01720225811, 1.3064160347, 0.939659714699, 0.731808781624, 0.654125809669, 0.710189759731, 0.649191439152, 0.44978582859, 0.407941699028, 0.325529098511, 0.238140165806, 0.108902879059, 0.0409449115396, 0.0123148560524, 0.00330798025243, 0.000153258966748, 3.85557650588e-05]}, "zerocrossingrate": {"min": 0.00439453125, "max": 0.52685546875, "dvar2": 5.97830076003e-05, "median": 0.02392578125, "dmean2": 0.00548799568787, "dmean": 0.00421402044594, "var": 0.00101119966712, "dvar": 4.0430950321e-05, "mean": 0.0311336722225}, "spectral_contrast_coeffs": {"min": [-0.975065886974, -0.979158401489, -0.979236721992, -0.968450427055, -0.967410743237, -0.964640021324], "max": [-0.339612901211, -0.419804334641, -0.477066010237, -0.556070923805, -0.610817432404, -0.653208136559], "dvar2": [0.00444608088583, 0.00359632214531, 0.00221718265675, 0.0011326847598, 0.000445686746389, 0.00043959217146], "median": [-0.622259497643, -0.713735640049, -0.72422850132, -0.817016363144, -0.852197408676, -0.789434254169], "dmean2": [0.0836178734899, 0.0731991007924, 0.0581856183708, 0.0418104305863, 0.0257945861667, 0.0239379554987], "dmean": [0.0503546781838, 0.0443130284548, 0.0359754115343, 0.0253068935126, 0.0155298830941, 0.0144605832174], "var": [0.00612955959514, 0.00636685220525, 0.00729524996132, 0.00293086399324, 0.00136059185024, 0.00075143459253], "dvar": [0.00163232791238, 0.00134850363247, 0.000897584832273, 0.00043766113231, 0.000176073139301, 0.000171228006366], "mean": [-0.626099169254, -0.719126880169, -0.72968018055, -0.81135737896, -0.845480561256, -0.789865612984]}, "dissonance": {"min": 0.161856010556, "max": 0.500000059605, "dvar2": 0.00281341699883, "median": 0.416451454163, "dmean2": 0.0590807087719, "dmean": 0.0350513011217, "var": 0.0033208404202, "dvar": 0.0010290251812, "mean": 0.409499973059}, "spectral_energyband_high": {"min": 7.2067820063e-21, "max": 0.00943039171398, "dvar2": 1.36278586638e-07, "median": 2.10619473364e-05, "dmean2": 0.000110966095235, "dmean": 7.34359564376e-05, "var": 9.9636189077e-08, "dvar": 6.03347416472e-08, "mean": 0.00011029477173}, "gfcc": {"mean": [-97.6028366089, 144.015670776, -82.6198730469, 13.1177330017, -76.3719940186, 2.93445897102, -23.840467453, 4.08079719543, -21.8993053436, -1.75691318512, -13.1937494278, -4.13490104675, -14.1626415253], "icov": [[0.000119542215543, -0.000434980203863, 3.91810535803e-05, -2.00965896511e-05, 0.000218144850805, -0.000346281885868, 0.000580832129344, -0.000652769987937, 0.000258289073827, -0.000411025277572, 0.00025517528411, -0.000118835494504, 0.000318882084684], [-0.000434980203863, 0.00457742996514, -0.000715006666724, 0.00201396946795, -0.00197111233138, 0.00254265987314, -0.0041247010231, 0.0041300682351, -0.00283868215047, 0.00370931997895, -0.00376063375734, 0.00303965597413, -0.00186589255463], [3.91810535803e-05, -0.000715006666724, 0.00183571828529, -0.000289944466203, 0.000400406483095, -0.00113654055167, -0.000547243282199, -0.000271011929726, 0.000935835530981, -0.0014912665356, 0.00169713608921, -0.00183379801456, 0.00144857843406], [-2.00965896511e-05, 0.00201396946795, -0.000289944466203, 0.00389322382398, -0.00149424746633, 0.00075118051609, 0.000209697507671, -0.0016150228912, 0.00169629184529, 0.00125254341401, -0.002150881337, 0.00237653311342, -0.00176631554496], [0.000218144850805, -0.00197111233138, 0.000400406483095, -0.00149424746633, 0.00502614211291, -0.00255032861605, 0.00190080842003, 0.000266143702902, -0.00294360634871, 0.000265630544163, 0.00253926729783, -0.0018634791486, 0.00176961009856], [-0.000346281885868, 0.00254265987314, -0.00113654055167, 0.00075118051609, -0.00255032861605, 0.00850316416472, -0.00299599883147, -0.00107354333159, 0.00188663916197, -0.00206887559034, 0.000323615648085, 0.00301131838933, -0.0019818583969], [0.000580832129344, -0.0041247010231, -0.000547243282199, 0.000209697507671, 0.00190080842003, -0.00299599883147, 0.0149193685502, -0.00817613117397, 0.00232624053024, 0.00135099177714, -0.00253617065027, -0.00148191582412, 0.00276678614318], [-0.000652769987937, 0.0041300682351, -0.000271011929726, -0.0016150228912, 0.000266143702902, -0.00107354333159, -0.00817613117397, 0.0208690855652, -0.0119659062475, 0.00264442199841, 0.00380163756199, -0.00323887518607, 0.00283574406058], [0.000258289073827, -0.00283868215047, 0.000935835530981, 0.00169629184529, -0.00294360634871, 0.00188663916197, 0.00232624053024, -0.0119659062475, 0.0265925135463, -0.0120514351875, -0.00192216178402, 0.0113523257896, -0.00813144538552], [-0.000411025277572, 0.00370931997895, -0.0014912665356, 0.00125254341401, 0.000265630544163, -0.00206887559034, 0.00135099177714, 0.00264442199841, -0.0120514351875, 0.0259785894305, -0.00765512371436, -0.00304124504328, 0.00292842113413], [0.00025517528411, -0.00376063375734, 0.00169713608921, -0.002150881337, 0.00253926729783, 0.000323615648085, -0.00253617065027, 0.00380163756199, -0.00192216178402, -0.00765512371436, 0.0254967752844, -0.0133381504565, 0.00130435812753], [-0.000118835494504, 0.00303965597413, -0.00183379801456, 0.00237653311342, -0.0018634791486, 0.00301131838933, -0.00148191582412, -0.00323887518607, 0.0113523257896, -0.00304124504328, -0.0133381504565, 0.030750837177, -0.0128337042406], [0.000318882084684, -0.00186589255463, 0.00144857843406, -0.00176631554496, 0.00176961009856, -0.0019818583969, 0.00276678614318, 0.00283574406058, -0.00813144538552, 0.00292842113413, 0.00130435812753, -0.0128337042406, 0.0280480775982]], "cov": [[17749.1328125, 1088.35449219, 602.953674316, -642.480102539, -52.8760414124, 591.124938965, -59.1654472351, 447.152496338, 242.472808838, 252.694763184, -195.260162354, -221.022781372, -243.395874023], [1088.35449219, 1600.86242676, -109.179145813, -717.078979492, 81.7569274902, -356.069824219, 197.817687988, -250.48034668, 110.82258606, -100.840827942, 183.82043457, -32.7699394226, 49.2116851807], [602.953674316, -109.179145813, 839.041381836, 35.8702392578, -33.2941322327, 192.447784424, 71.6731262207, 80.1114501953, -48.7100791931, 47.5997772217, -50.8988685608, 27.4811668396, -58.8134651184], [-642.480102539, -717.078979492, 35.8702392578, 642.57019043, 53.380027771, 152.404434204, -93.1670761108, 126.05329895, -52.776260376, 20.0294513702, -80.3580932617, -0.314245551825, -11.7375078201], [-52.8760414124, 81.7569274902, -33.2941322327, 53.380027771, 324.128326416, 56.5217437744, -18.4363460541, 10.735786438, 55.970123291, -3.66435909271, -33.0877494812, -36.7978096008, -3.29135894775], [591.124938965, -356.069824219, 192.447784424, 152.404434204, 56.5217437744, 305.081451416, -8.34264469147, 121.979118347, -5.25018119812, 51.2508049011, -80.5007019043, -19.9867458344, -36.5429229736], [-59.1654472351, 197.817687988, 71.6731262207, -93.1670761108, -18.4363460541, -8.34264469147, 141.183410645, 9.44405078888, 6.1814789772, -15.9350309372, 31.2170085907, 6.81909227371, -4.92020750046], [447.152496338, -250.48034668, 80.1114501953, 126.05329895, 10.735786438, 121.979118347, 9.44405078888, 156.23651123, 29.6928882599, 33.0132598877, -55.8034172058, -15.6744661331, -26.1475963593], [242.472808838, 110.82258606, -48.7100791931, -52.776260376, 55.970123291, -5.25018119812, 6.1814789772, 29.6928882599, 98.9698410034, 25.1736736298, 1.43456244469, -31.6846923828, 7.79356718063], [252.694763184, -100.840827942, 47.5997772217, 20.0294513702, -3.66435909271, 51.2508049011, -15.9350309372, 33.0132598877, 25.1736736298, 73.8380355835, 1.71998775005, 5.71822786331, -6.56628274918], [-195.260162354, 183.82043457, -50.8988685608, -80.3580932617, -33.0877494812, -80.5007019043, 31.2170085907, -55.8034172058, 1.43456244469, 1.71998775005, 100.526870728, 39.2174987793, 24.484500885], [-221.022781372, -32.7699394226, 27.4811668396, -0.314245551825, -36.7978096008, -19.9867458344, 6.81909227371, -15.6744661331, -31.6846923828, 5.71822786331, 39.2174987793, 73.7916641235, 22.872833252], [-243.395874023, 49.2116851807, -58.8134651184, -11.7375078201, -3.29135894775, -36.5429229736, -4.92020750046, -26.1475963593, 7.79356718063, -6.56628274918, 24.484500885, 22.872833252, 57.018989563]]}, "spectral_flux": {"min": 6.56337692528e-11, "max": 0.487815290689, "dvar2": 0.00384475570172, "median": 0.0585664846003, "dmean2": 0.0416288301349, "dmean": 0.0263120960444, "var": 0.00348240812309, "dvar": 0.00164861523081, "mean": 0.0715133398771}, "silence_rate_30dB": {"min": 0, "max": 1, "dvar2": 0.107753716409, "median": 1, "dmean2": 0.0940906479955, "dmean": 0.0470426268876, "var": 0.0422221794724, "dvar": 0.0448274351656, "mean": 0.955828368664}, "spectral_energyband_middle_high": {"min": 1.24625543325e-21, "max": 0.0900757312775, "dvar2": 6.83844473315e-06, "median": 0.000818730914034, "dmean2": 0.000841534114443, "dmean": 0.000569930358324, "var": 1.03524052975e-05, "dvar": 3.18437673741e-06, "mean": 0.00173176510725}, "barkbands_spread": {"min": 0.638696312904, "max": 103.658729553, "dvar2": 32.7746047974, "median": 5.97170591354, "dmean2": 3.44433808327, "dmean": 2.11498236656, "var": 138.305755615, "dvar": 12.6534671783, "mean": 9.2904624939}, "spectral_centroid": {"min": 159.885040283, "max": 11484.5507812, "dvar2": 57672.0078125, "median": 474.859436035, "dmean2": 137.655654907, "dmean": 85.4632492065, "var": 409550.4375, "dvar": 24789.4394531, "mean": 629.961730957}, "pitch_salience": {"min": 0.153411224484, "max": 0.874926149845, "dvar2": 0.0095228459686, "median": 0.5756290555, "dmean2": 0.115764439106, "dmean": 0.0711544007063, "var": 0.0128345089033, "dvar": 0.00363621977158, "mean": 0.570536613464}, "erbbands_skewness": {"min": -2.4849011898, "max": 5.80133962631, "dvar2": 0.271314203739, "median": 1.06524908543, "dmean2": 0.577235162258, "dmean": 0.368818432093, "var": 0.809042990208, "dvar": 0.112410902977, "mean": 1.04293632507}, "erbbands_crest": {"min": 2.11108493805, "max": 28.7350444794, "dvar2": 13.7368040085, "median": 10.7769737244, "dmean2": 4.07477617264, "dmean": 2.55438566208, "var": 22.9052391052, "dvar": 5.85076665878, "mean": 11.5061712265}, "melbands": {"min": [1.51628029416e-24, 1.04409063883e-24, 1.01750080012e-24, 4.16875280858e-24, 3.50817251946e-24, 1.7182352926e-24, 2.4912617873e-24, 3.5229230351e-24, 2.80402344255e-24, 1.36411070187e-24, 3.50653602751e-24, 1.11722899018e-24, 3.00473371709e-24, 3.01887720426e-24, 2.35309536355e-24, 4.72706753653e-24, 6.11046095715e-24, 3.53107157382e-24, 5.07343703292e-24, 4.1481939101e-24, 4.80366790258e-24, 4.40903037398e-24, 4.80205113215e-24, 3.5178885248e-24, 6.32993389389e-24, 5.82706109923e-24, 4.47762182969e-24, 5.6241570025e-24, 4.31944693515e-24, 5.91239967752e-24, 7.00935967561e-24, 5.45728018332e-24, 6.45715033664e-24, 6.22305073542e-24, 7.00318210586e-24, 7.95547526912e-24, 5.92711508885e-24, 5.97560045224e-24, 5.72473676792e-24, 6.83109841027e-24], "max": [0.0329700186849, 0.0644417032599, 0.0632077381015, 0.0307105407119, 0.0180620290339, 0.0153415538371, 0.0123382499442, 0.0129245566204, 0.0132170803845, 0.00585173303261, 0.0066477553919, 0.00368362711743, 0.0119864074513, 0.00171061453875, 0.00315718003549, 0.00229837745428, 0.000191122526303, 0.00140334351454, 0.000256344384979, 0.000240834531724, 0.000182636969839, 0.000221553214942, 8.87055575731e-05, 4.62447169411e-05, 0.000153179193148, 7.28642480681e-05, 6.0096681409e-05, 5.5508891819e-05, 3.68583096133e-05, 2.56980347331e-05, 4.63768446934e-05, 3.65814412362e-05, 5.97216021561e-05, 5.29355311301e-05, 4.82357099827e-05, 4.14234709751e-05, 2.68420426437e-05, 3.05148678308e-05, 5.12891929247e-05, 1.24576772578e-05], "dvar2": [1.05956951302e-05, 6.81419041939e-05, 2.89228919428e-05, 2.63578567683e-06, 8.61283297127e-07, 8.31478928376e-07, 6.42685904495e-07, 9.29793543492e-07, 3.29745773797e-07, 1.15572980519e-07, 6.65667130306e-08, 1.57664157285e-08, 7.63400436199e-08, 4.33535873867e-09, 4.98871477461e-09, 2.94252400224e-09, 1.63475441517e-10, 2.72401257106e-09, 1.60752355871e-10, 9.71884378531e-11, 5.26324851757e-11, 8.67908245272e-11, 1.32229409713e-11, 3.78852678395e-12, 8.96527557054e-12, 7.20297519546e-12, 8.30543186309e-12, 3.19963673612e-12, 1.39160720707e-12, 1.27435768101e-12, 1.40446443538e-12, 2.28666261273e-12, 2.10915768357e-12, 2.69050168429e-12, 1.43891636887e-12, 1.59959567293e-12, 1.9124829758e-12, 1.08812427384e-12, 2.37152615254e-12, 1.47211659095e-12], "median": [0.000193815969396, 0.000503221119288, 0.00065745372558, 0.000314842211083, 0.000254341721302, 0.000280618551187, 0.000362196064088, 0.000284390116576, 0.000159638162586, 5.9898593463e-05, 4.39915093011e-05, 2.1148356609e-05, 1.79969247256e-05, 1.05704239104e-05, 7.3521368904e-06, 2.16348485083e-06, 1.36230255521e-06, 5.57272755941e-07, 4.20234016474e-07, 3.94232813505e-07, 3.30528905579e-07, 2.57294061612e-07, 2.34019609024e-07, 2.40474662405e-07, 1.97208507302e-07, 2.18934786744e-07, 2.27225825711e-07, 1.8020496384e-07, 1.67227796055e-07, 1.40235727031e-07, 1.07593578491e-07, 8.89836115903e-08, 7.9318951407e-08, 6.01140044409e-08, 4.23810604389e-08, 3.05804590539e-08, 2.11218420532e-08, 1.7263321439e-08, 1.2597190846e-08, 7.81064102284e-09], "dmean2": [0.0013197415974, 0.00359298335388, 0.00240740901791, 0.00068644824205, 0.00041519178194, 0.000465553428512, 0.000438670191215, 0.00045324707753, 0.000263696681941, 0.00014793437731, 9.98155810521e-05, 3.53643263225e-05, 5.56820159545e-05, 2.37867952819e-05, 1.8333988919e-05, 9.8967593658e-06, 4.8403976507e-06, 8.60402906255e-06, 3.1690999549e-06, 2.32405773204e-06, 2.11167639463e-06, 1.97647227651e-06, 1.06235859221e-06, 7.30120120807e-07, 6.81103131228e-07, 7.74842817464e-07, 7.74814509441e-07, 5.27218617208e-07, 4.13305372149e-07, 3.91099177932e-07, 3.10649312496e-07, 3.90072472101e-07, 3.74131246872e-07, 4.03376219538e-07, 2.77983019714e-07, 3.26686034668e-07, 4.15910534457e-07, 2.82598307422e-07, 3.49802377286e-07, 3.34287449277e-07], "dmean": [0.000774726329837, 0.00209068879485, 0.00148491119035, 0.000425402482506, 0.000249430333497, 0.000283008237602, 0.00027341034729, 0.000298403087072, 0.000170821906067, 9.63736893027e-05, 6.67146014166e-05, 2.25673175009e-05, 3.68316432287e-05, 1.5828614778e-05, 1.24639545902e-05, 6.44022975393e-06, 3.0088776839e-06, 5.31097930434e-06, 1.90625246432e-06, 1.37337940487e-06, 1.31610352128e-06, 1.18697437301e-06, 6.26998371445e-07, 4.53923291843e-07, 4.29359687359e-07, 4.75334786643e-07, 4.71299273386e-07, 3.18308423175e-07, 2.55003044458e-07, 2.49470843983e-07, 1.95862924102e-07, 2.50311217087e-07, 2.31615558732e-07, 2.523125886e-07, 1.77247400757e-07, 2.01380387921e-07, 2.44492866841e-07, 1.74442874368e-07, 2.11315864362e-07, 1.94812713517e-07], "var": [4.40923167844e-06, 3.15142897307e-05, 1.73312691913e-05, 1.08835411083e-06, 4.09299531157e-07, 5.37673599865e-07, 4.68360212835e-07, 9.99997382678e-07, 3.92836170704e-07, 1.45186689338e-07, 1.22872705788e-07, 1.69863128008e-08, 8.24904731189e-08, 5.94055293845e-09, 1.08806759158e-08, 5.38615951839e-09, 1.4141648963e-10, 3.24081694814e-09, 1.5957987709e-10, 4.69743792475e-11, 8.91771517741e-11, 9.1704623062e-11, 6.01470262485e-12, 3.22051131423e-12, 8.89230095807e-12, 1.00502219394e-11, 9.57951253044e-12, 2.47237495234e-12, 1.15429150613e-12, 1.16992472567e-12, 1.10230509616e-12, 1.95192169719e-12, 1.64652449661e-12, 1.6291415916e-12, 1.13301219535e-12, 7.9218418934e-13, 8.18385723772e-13, 7.5543808405e-13, 1.36759071949e-12, 4.58667663312e-13], "dvar": [3.84720351576e-06, 2.36434680119e-05, 1.14574495456e-05, 1.03336799384e-06, 3.14872977469e-07, 3.08622901457e-07, 2.51660281947e-07, 4.03115734571e-07, 1.48446787307e-07, 5.04145241109e-08, 2.9755291564e-08, 6.98757585127e-09, 3.78676396906e-08, 2.21288187774e-09, 2.82797474327e-09, 1.47763978831e-09, 6.55309070896e-11, 1.02261521473e-09, 6.10017383829e-11, 3.52355575273e-11, 2.25164123457e-11, 3.01912696232e-11, 4.81779980493e-12, 1.50801734381e-12, 4.114753243e-12, 3.19335573609e-12, 3.27296132904e-12, 1.30613261092e-12, 6.18547530903e-13, 5.933232421e-13, 6.27607503727e-13, 9.99701298306e-13, 9.89998014123e-13, 1.18704156747e-12, 7.03613328625e-13, 6.62416031316e-13, 7.50343418041e-13, 4.75925505602e-13, 9.8161734817e-13, 5.46286540309e-13], "mean": [0.00107673625462, 0.0033242739737, 0.00242365594022, 0.000635494245216, 0.000470893282909, 0.00052132201381, 0.00055801984854, 0.000695173162967, 0.000372098642401, 0.000222541333642, 0.000171099774889, 5.05627867824e-05, 7.84100557212e-05, 2.93640005111e-05, 2.54967399087e-05, 1.39262529046e-05, 5.29121416548e-06, 1.02204858194e-05, 3.54174312633e-06, 2.23197321247e-06, 2.8006274988e-06, 2.28213320952e-06, 1.00101590306e-06, 8.11297752534e-07, 8.08394361229e-07, 9.19940987387e-07, 8.95255141131e-07, 5.78457502343e-07, 4.61534085616e-07, 4.36139515614e-07, 3.45685833736e-07, 4.19330660861e-07, 3.68600723277e-07, 3.50899881596e-07, 2.52850583138e-07, 2.47197732506e-07, 2.52180967664e-07, 2.24491458312e-07, 2.31067801337e-07, 1.84973060868e-07]}, "spectral_entropy": {"min": 4.72297668457, "max": 9.82337760925, "dvar2": 0.0606524944305, "median": 6.65653753281, "dmean2": 0.251530021429, "dmean": 0.161485552788, "var": 0.407746493816, "dvar": 0.0262804068625, "mean": 6.7186293602}, "spectral_rolloff": {"min": 107.666015625, "max": 19272.2167969, "dvar2": 602532.1875, "median": 538.330078125, "dmean2": 272.516021729, "dmean": 157.0703125, "var": 1185681.75, "dvar": 244019.703125, "mean": 746.377990723}, "barkbands": {"min": [6.80565192684e-25, 5.57498848557e-24, 2.65302698503e-24, 1.61807717334e-24, 1.9354808017e-23, 6.08606425036e-24, 1.27196421452e-23, 1.79406596707e-23, 9.91107959696e-24, 1.19596267278e-23, 2.00210010514e-23, 2.37884382294e-23, 2.86263170573e-23, 6.39566959424e-23, 5.78426957608e-23, 5.45706900526e-23, 9.27791553752e-23, 8.51254501679e-23, 1.67300383845e-22, 1.7500293532e-22, 2.78222406029e-22, 3.5450159525e-22, 4.14782432876e-22, 6.73392065484e-22, 9.56095984005e-22, 1.40855368165e-21, 1.89621381126e-21], "max": [0.00590973068029, 0.142815545201, 0.145253077149, 0.151659801602, 0.132124423981, 0.0799979865551, 0.0527468770742, 0.073374196887, 0.0412287153304, 0.0290688164532, 0.0821172073483, 0.0159481149167, 0.0342656075954, 0.00676233693957, 0.0098523888737, 0.00194004864898, 0.00328155164607, 0.000960926990956, 0.00271737854928, 0.00189565960318, 0.00121631321963, 0.00234459317289, 0.00252021383494, 0.00303859473206, 0.0015916058328, 0.00043173393351, 0.000144312900375], "dvar2": [8.48395771413e-08, 0.000215054111322, 0.000363082479453, 0.00016050915292, 4.31919215771e-05, 1.91201706912e-05, 1.62164797075e-05, 1.90044011106e-05, 6.08321215623e-06, 1.60601257448e-06, 3.69167923964e-06, 3.50890047685e-07, 5.45050170331e-07, 6.90973891437e-08, 1.13829017323e-07, 1.03339283797e-08, 1.6792494506e-08, 2.23767293583e-09, 5.06151032198e-09, 3.65001406877e-09, 1.61205326865e-09, 4.02036492986e-09, 5.74107206219e-09, 8.68390781505e-09, 1.13854827788e-08, 2.28669394531e-09, 2.30428620629e-10], "median": [1.30482776513e-05, 0.000936608179472, 0.00091509683989, 0.00130004994571, 0.00160025304649, 0.00162473274395, 0.00189500208944, 0.000869970477652, 0.000364706298569, 0.000247669639066, 0.000120560063806, 9.13065305213e-05, 1.89011734619e-05, 1.40428765008e-05, 6.20908758719e-06, 5.13738268637e-06, 4.43865792477e-06, 5.06962078362e-06, 5.64477295484e-06, 6.49547291687e-06, 5.86099213251e-06, 4.46313106295e-06, 2.8097510949e-06, 1.62949049809e-06, 7.35344144687e-07, 2.85916769371e-07, 2.30262422463e-08], "dmean2": [0.000106597595732, 0.00611045537516, 0.00860725622624, 0.00539227202535, 0.00280051422305, 0.00228185206652, 0.00232032872736, 0.00173143169377, 0.00106999068521, 0.000477798719658, 0.00039125859621, 0.00021361981635, 0.000112726651423, 6.84219703544e-05, 6.8124041718e-05, 3.04875902657e-05, 3.02614425891e-05, 1.61611624208e-05, 1.91307863133e-05, 1.76964222192e-05, 1.30772714328e-05, 1.71542305907e-05, 1.8061567971e-05, 2.71969311143e-05, 2.97850492643e-05, 1.34084139063e-05, 3.26464464706e-06], "dmean": [6.74021721352e-05, 0.00356481596828, 0.00508105708286, 0.00332014169544, 0.00171467370819, 0.00139546871651, 0.00148579163942, 0.00110003293958, 0.000696033064742, 0.000314928562148, 0.000256979517872, 0.000142629141919, 7.44370845496e-05, 4.31427542935e-05, 4.18446143158e-05, 1.81894447451e-05, 1.84209293366e-05, 9.89793352346e-06, 1.18859325084e-05, 1.0824286619e-05, 8.57654140418e-06, 1.11739127533e-05, 1.17314120871e-05, 1.65401070262e-05, 1.80122733582e-05, 8.37353491079e-06, 1.82875271548e-06], "var": [7.0745869607e-08, 8.9000146545e-05, 0.000185889235581, 8.07327887742e-05, 1.65484871104e-05, 1.21478869914e-05, 1.77835081558e-05, 1.55781835929e-05, 7.24731899027e-06, 3.1168597161e-06, 3.78643107979e-06, 5.05266541495e-07, 1.13788871658e-06, 7.34106464506e-08, 1.28183245351e-07, 9.20664344761e-09, 1.97583620576e-08, 1.58183954824e-09, 7.1179719896e-09, 3.08015546402e-09, 1.62292335126e-09, 3.98999278062e-09, 3.86394560792e-09, 5.69267166739e-09, 3.90561938346e-09, 7.88331677715e-10, 5.47890795233e-11], "dvar": [3.7736530345e-08, 7.70214610384e-05, 0.000128018509713, 6.40235739411e-05, 1.64245666383e-05, 7.0986461651e-06, 6.84964788888e-06, 8.12738016975e-06, 2.58827526523e-06, 7.33199499336e-07, 1.81116467957e-06, 1.83616933214e-07, 2.93216089631e-07, 2.71421551901e-08, 4.5155580608e-08, 3.98448118943e-09, 6.16356299332e-09, 8.52347026292e-10, 2.25714003044e-09, 1.48694989655e-09, 7.73069996907e-10, 1.9744286206e-09, 2.63057109429e-09, 3.78245612609e-09, 4.31852331673e-09, 9.07789343696e-10, 8.45056594145e-11], "mean": [7.91918646428e-05, 0.00497139850631, 0.00781991891563, 0.00468031456694, 0.00266505824402, 0.00266403704882, 0.00334537308663, 0.00224303989671, 0.00155363162048, 0.000784792122431, 0.000530216202606, 0.000263578724116, 0.000157118076459, 7.69044054323e-05, 7.70252227085e-05, 3.41179620591e-05, 3.51897833752e-05, 1.78070931725e-05, 2.41574634856e-05, 2.0868392312e-05, 1.67515099747e-05, 1.96915261768e-05, 1.69991017174e-05, 1.96450819203e-05, 1.79342350748e-05, 7.7601052908e-06, 1.24269524804e-06]}, "melbands_flatness_db": {"min": 0.00346645968966, "max": 0.559765636921, "dvar2": 0.00107077951543, "median": 0.314525067806, "dmean2": 0.0351219698787, "dmean": 0.0221321098506, "var": 0.00588998664171, "dvar": 0.000426089332905, "mean": 0.308427810669}, "melbands_skewness": {"min": -1.47329771519, "max": 11.8562850952, "dvar2": 1.68860244751, "median": 1.56563162804, "dmean2": 1.06901848316, "dmean": 0.665304422379, "var": 2.53136086464, "dvar": 0.665916144848, "mean": 1.94182825089}, "barkbands_skewness": {"min": -2.02195620537, "max": 9.31999015808, "dvar2": 1.00810289383, "median": 1.38904643059, "dmean2": 0.922965943813, "dmean": 0.580328583717, "var": 1.70944607258, "dvar": 0.419503927231, "mean": 1.64730107784}, "silence_rate_60dB": {"min": 0, "max": 1, "dvar2": 0.030975356698, "median": 0, "dmean2": 0.0263912789524, "dmean": 0.0131948823109, "var": 0.116890020669, "dvar": 0.0130206067115, "mean": 0.135153740644}, "spectral_energyband_low": {"min": 3.21935744697e-23, "max": 0.241384416819, "dvar2": 0.00113572494593, "median": 0.00299216713756, "dmean2": 0.0150807350874, "dmean": 0.00890548434108, "var": 0.00062377017457, "dvar": 0.000411731161876, "mean": 0.0154950534925}, "spectral_energyband_middle_low": {"min": 1.92025947809e-22, "max": 0.209848091006, "dvar2": 0.000370460358681, "median": 0.0133646242321, "dmean2": 0.0102096870542, "dmean": 0.00669162767008, "var": 0.000315666053211, "dvar": 0.000157248345204, "mean": 0.0177275426686}, "melbands_kurtosis": {"min": -1.72423279285, "max": 312.322235107, "dvar2": 537.940551758, "median": 5.20185518265, "dmean2": 11.2533388138, "dmean": 6.81761360168, "var": 381.866424561, "dvar": 205.612579346, "mean": 11.8984336853}, "spectral_decrease": {"min": -8.05479132282e-08, "max": 1.55661181269e-28, "dvar2": 1.10105429002e-16, "median": -5.30401589316e-09, "dmean2": 5.31209209953e-09, "dmean": 3.29772742447e-09, "var": 8.22645479039e-17, "dvar": 4.29468435181e-17, "mean": -8.26205504012e-09}, "erbbands_kurtosis": {"min": -1.78735983372, "max": 49.6648368835, "dvar2": 12.5376901627, "median": 3.31099033356, "dmean2": 2.98949360847, "dmean": 1.90051603317, "var": 20.0308628082, "dvar": 5.21462631226, "mean": 4.34972190857}, "melbands_crest": {"min": 1.7310025692, "max": 31.7965354919, "dvar2": 19.4987945557, "median": 13.1033496857, "dmean2": 5.00678157806, "dmean": 3.01698184013, "var": 20.363161087, "dvar": 7.20765781403, "mean": 13.7402620316}, "melbands_spread": {"min": 0.588827371597, "max": 196.979171753, "dvar2": 82.3856048584, "median": 7.42119979858, "dmean2": 4.57685089111, "dmean": 2.8066072464, "var": 167.995223999, "dvar": 31.6365375519, "mean": 10.3617191315}, "spectral_energy": {"min": 1.0251618493e-20, "max": 0.310684382915, "dvar2": 0.00162568804808, "median": 0.0208859443665, "dmean2": 0.0204568430781, "dmean": 0.0127222007141, "var": 0.00122899934649, "dvar": 0.000635648844764, "mean": 0.0321437567472}, "mfcc": {"mean": [-746.709472656, 173.468505859, 37.4091110229, 17.7976741791, -18.8457870483, -3.08668708801, -0.861411869526, 2.19356989861, -2.15635991096, -1.23633301258, -0.348354488611, 2.71905899048, 2.48977589607], "icov": [[0.000129189967993, -0.000114708665933, -7.12518958608e-05, 7.79082402005e-05, -7.21010073903e-05, -9.41926628002e-05, 0.000234029663261, -0.000244582712185, 4.60213450424e-05, -0.000417671748437, -8.00300331321e-05, -0.000101524296042, 2.62818175543e-05], [-0.000114708665933, 0.000688621250447, 0.000161446470884, 0.000314074452035, 0.000451848871307, 0.000161753239809, -1.16615374282e-05, 0.000342666229699, -0.000187976809684, 0.000921975937672, -0.000679863442201, 0.000342463346897, -0.000925550528336], [-7.12518958608e-05, 0.000161446470884, 0.00174309394788, -0.000198970490601, 0.000793194049038, -0.000659178709611, -0.00149413524196, 0.000564521527849, -0.0010828623781, 0.000937953474931, -0.000685531937052, 0.000345188047504, -0.00020911890897], [7.79082402005e-05, 0.000314074452035, -0.000198970490601, 0.00433155708015, -0.00141374079976, 0.00117122661322, -0.000406081759138, -0.00122506998014, 0.00155147060286, -0.000913783966098, 0.00150446349289, -0.000920924765524, 0.000235395433265], [-7.21010073903e-05, 0.000451848871307, 0.000793194049038, -0.00141374079976, 0.00642453506589, -0.00528780929744, 0.00138713535853, 0.000357007811544, -0.00298205576837, 0.0012222599471, -0.00229941238649, 0.00294485432096, -0.000731466745492], [-9.41926628002e-05, 0.000161753239809, -0.000659178709611, 0.00117122661322, -0.00528780929744, 0.0161132123321, -0.00835412461311, 0.0038200004492, -0.00080494582653, -0.00224873749539, 0.00249938387424, -0.00248644058593, 0.000275401544059], [0.000234029663261, -1.16615374282e-05, -0.00149413524196, -0.000406081759138, 0.00138713535853, -0.00835412461311, 0.0220547188073, -0.0122923590243, 0.00164262857288, 0.00278515578248, -0.00178237177897, -5.62119639653e-05, -0.00255373725668], [-0.000244582712185, 0.000342666229699, 0.000564521527849, -0.00122506998014, 0.000357007811544, 0.0038200004492, -0.0122923590243, 0.0231549907476, -0.0112511571497, 0.00540247466415, -0.0039348253049, 6.22586376267e-05, 0.000636973476503], [4.60213450424e-05, -0.000187976809684, -0.0010828623781, 0.00155147060286, -0.00298205576837, -0.00080494582653, 0.00164262857288, -0.0112511571497, 0.0266243349761, -0.0172984264791, 0.00599313993007, -0.00197107135318, 0.00219736178406], [-0.000417671748437, 0.000921975937672, 0.000937953474931, -0.000913783966098, 0.0012222599471, -0.00224873749539, 0.00278515578248, 0.00540247466415, -0.0172984264791, 0.0321653150022, -0.019480727613, 0.010619035922, -0.00276979012415], [-8.00300331321e-05, -0.000679863442201, -0.000685531937052, 0.00150446349289, -0.00229941238649, 0.00249938387424, -0.00178237177897, -0.0039348253049, 0.00599313993007, -0.019480727613, 0.0326523184776, -0.0183305796236, 0.00760528445244], [-0.000101524296042, 0.000342463346897, 0.000345188047504, -0.000920924765524, 0.00294485432096, -0.00248644058593, -5.62119639653e-05, 6.22586376267e-05, -0.00197107135318, 0.010619035922, -0.0183305796236, 0.0325319394469, -0.0113231586292], [2.62818175543e-05, -0.000925550528336, -0.00020911890897, 0.000235395433265, -0.000731466745492, 0.000275401544059, -0.00255373725668, 0.000636973476503, 0.00219736178406, -0.00276979012415, 0.00760528445244, -0.0113231586292, 0.0239884648472]], "cov": [[11544.0732422, 1724.02526855, 236.625915527, -396.698028564, 118.627532959, 98.0866165161, -60.5165290833, 120.123565674, 284.377288818, 394.220031738, 321.863555908, 71.8736877441, 4.03682899475], [1724.02526855, 2401.76269531, -135.26965332, -288.056671143, -336.984436035, -142.078552246, -70.564743042, -69.5576019287, -107.05355072, -88.7450942993, 16.3981647491, 59.8088302612, 100.708503723], [236.625915527, -135.26965332, 735.973754883, 20.3372440338, -28.4010467529, 64.7394714355, 103.745513916, 54.7283096313, 40.3179244995, 1.73623549938, 19.6040592194, 18.0695018768, 7.54115533829], [-396.698028564, -288.056671143, 20.3372440338, 294.28805542, 80.3935623169, 13.2262144089, 21.2319889069, 21.6223754883, 0.0272480044514, -5.36740112305, -16.9261665344, -6.90135383606, -7.91791915894], [118.627532959, -336.984436035, -28.4010467529, 80.3935623169, 336.969665527, 118.329429626, 20.4426708221, 26.004360199, 82.4101715088, 69.8797607422, 24.7883872986, -27.1550998688, -23.9231281281], [98.0866165161, -142.078552246, 64.7394714355, 13.2262144089, 118.329429626, 130.291381836, 51.0041542053, 20.7593574524, 40.0232849121, 29.3858299255, 12.2474584579, -0.345955610275, -2.48327827454], [-60.5165290833, -70.564743042, 103.745513916, 21.2319889069, 20.4426708221, 51.0041542053, 104.240081787, 57.2591438293, 19.1845531464, -5.20998859406, 8.1610584259, 12.6557884216, 8.68177986145], [120.123565674, -69.5576019287, 54.7283096313, 21.6223754883, 26.004360199, 20.7593574524, 57.2591438293, 94.6499099731, 47.9250030518, 17.6067295074, 20.7449874878, 7.87023830414, -3.63253450394], [284.377288818, -107.05355072, 40.3179244995, 0.0272480044514, 82.4101715088, 40.0232849121, 19.1845531464, 47.9250030518, 110.409507751, 76.5337677002, 33.6852302551, -8.12118911743, -17.0573577881], [394.220031738, -88.7450942993, 1.73623549938, -5.36740112305, 69.8797607422, 29.3858299255, -5.20998859406, 17.6067295074, 76.5337677002, 111.835533142, 55.9036216736, -9.1674747467, -19.1654453278], [321.863555908, 16.3981647491, 19.6040592194, -16.9261665344, 24.7883872986, 12.2474584579, 8.1610584259, 20.7449874878, 33.6852302551, 55.9036216736, 79.6215515137, 24.4035511017, -8.80458259583], [71.8736877441, 59.8088302612, 18.0695018768, -6.90135383606, -27.1550998688, -0.345955610275, 12.6557884216, 7.87023830414, -8.12118911743, -9.1674747467, 24.4035511017, 55.9971923828, 21.1489696503], [4.03682899475, 100.708503723, 7.54115533829, -7.91791915894, -23.9231281281, -2.48327827454, 8.68177986145, -3.63253450394, -17.0573577881, -19.1654453278, -8.80458259583, 21.1489696503, 58.1548957825]]}, "spectral_contrast_valleys": {"min": [-28.0929298401, -27.5614738464, -27.6400279999, -27.5154628754, -27.3829421997, -27.4107456207], "max": [-4.52138137817, -4.1511425972, -5.41126823425, -6.11747837067, -5.59614229202, -7.79316997528], "dvar2": [0.346078932285, 0.235823512077, 0.211816087365, 0.218650832772, 0.104906946421, 0.26431158185], "median": [-7.21690797806, -6.30827760696, -7.71754789352, -8.96780586243, -8.79105567932, -11.4136638641], "dmean2": [0.718987286091, 0.570404529572, 0.537288248539, 0.477679252625, 0.30280610919, 0.335928052664], "dmean": [0.42849200964, 0.346860378981, 0.327853798866, 0.299112826586, 0.190230041742, 0.230804607272], "var": [2.53290820122, 2.33195710182, 1.92990481853, 1.82454252243, 1.48798429966, 2.02056360245], "dvar": [0.134257212281, 0.0958827883005, 0.0911285504699, 0.0991019457579, 0.050035674125, 0.125255286694], "mean": [-7.47474431992, -6.64200115204, -7.97655630112, -9.1310377121, -8.93655967712, -11.4636621475]}, "barkbands_flatness_db": {"min": 0.0339296944439, "max": 0.429305940866, "dvar2": 0.000766246696003, "median": 0.22083362937, "dmean2": 0.03023102507, "dmean": 0.0191545076668, "var": 0.00390110490844, "dvar": 0.000312106014462, "mean": 0.21704287827}, "dynamic_complexity": 5.73794794083, "spectral_skewness": {"min": -0.0529846437275, "max": 10.2603578568, "dvar2": 0.415414512157, "median": 2.56538629532, "dmean2": 0.622464478016, "dmean": 0.375483065844, "var": 1.57496547699, "dvar": 0.15427044034, "mean": 2.74442815781}, "erbbands_flatness_db": {"min": 0.0248352456838, "max": 0.414738625288, "dvar2": 0.000717872928362, "median": 0.219881534576, "dmean2": 0.0257719606161, "dmean": 0.0172136723995, "var": 0.0042341761291, "dvar": 