{"lowlevel": {"spectral_complexity": {"min": 0, "max": 51, "dvar2": 26.368844986, "median": 16, "dmean2": 4.4350476265, "dmean": 2.82849264145, "var": 89.1612701416, "dvar": 11.4533748627, "mean": 17.5716056824}, "silence_rate_20dB": {"min": 1, "max": 1, "dvar2": 0, "median": 1, "dmean2": 0, "dmean": 0, "var": 0, "dvar": 0, "mean": 1}, "average_loudness": 0.72583770752, "erbbands_spread": {"min": 4.4276714325, "max": 137.139175415, "dvar2": 172.036727905, "median": 30.0921592712, "dmean2": 10.0986127853, "dmean": 6.63375806808, "var": 286.06237793, "dvar": 75.578994751, "mean": 32.8900375366}, "spectral_kurtosis": {"min": -1.20535683632, "max": 62.4132194519, "dvar2": 24.2858772278, "median": 5.24885845184, "dmean2": 3.76575636864, "dmean": 2.23998355865, "var": 28.4699172974, "dvar": 8.50281047821, "mean": 6.39104032516}, "barkbands_kurtosis": {"min": -1.92516684532, "max": 134.881530762, "dvar2": 91.6211929321, "median": 0.886511683464, "dmean2": 3.62215995789, "dmean": 2.20995473862, "var": 51.9978141785, "dvar": 34.0400009155, "mean": 3.0207221508}, "spectral_strongpeak": {"min": 0, "max": 10.3593263626, "dvar2": 2.02475905418, "median": 0.402991533279, "dmean2": 0.924000024796, "dmean": 0.552720606327, "var": 2.13121819496, "dvar": 0.798530995846, "mean": 1.13628315926}, "spectral_spread": {"min": 1052244.125, "max": 40239128, "dvar2": 1437025435650.0, "median": 3582376, "dmean2": 836994.6875, "dmean": 608603.125, "var": 2428935602180.0, "dvar": 745957228544, "mean": 3902857.25}, "spectral_rms": {"min": 3.17102529131e-12, "max": 0.0112744392827, "dvar2": 2.36932396547e-06, "median": 0.00400902144611, "dmean2": 0.00100503303111, "dmean": 0.000649752328172, "var": 3.64252946383e-06, "dvar": 9.58071836976e-07, "mean": 0.0041847191751}, "erbbands": {"min": [7.63019033656e-22, 2.9672820439e-21, 2.44625337569e-20, 5.42874887856e-20, 1.85009038186e-19, 1.57781586992e-19, 7.49440433751e-20, 1.18660390115e-19, 3.98914700493e-19, 1.01278939546e-18, 7.44049529678e-19, 1.01282703217e-18, 1.9336858491e-18, 1.87069563186e-18, 1.90441399517e-18, 2.67128445567e-18, 2.76935705705e-18, 3.59528883367e-18, 2.10654736517e-18, 2.33620206813e-18, 5.17746324749e-18, 1.0846428116e-17, 6.23085749165e-18, 6.92468335457e-18, 1.08861666998e-17, 1.2871446492e-17, 1.84061434035e-17, 1.45904535364e-17, 1.36855824663e-17, 1.77730640304e-17, 1.35733431562e-17, 1.44341461791e-17, 1.32091777187e-17, 9.2593323911e-18, 7.92068449911e-18, 6.47843264899e-18, 3.17196509313e-18, 1.30102957889e-18, 3.00394568557e-19, 3.18028779671e-20], "max": [3.18126440048, 22.7647266388, 33.3493537903, 71.0592651367, 129.846069336, 191.988265991, 247.411376953, 353.116729736, 561.449890137, 681.766967773, 2266.68701172, 2725.74658203, 1962.49206543, 2722.18017578, 1749.45361328, 2045.60339355, 1952.4519043, 1770.50085449, 1200.08081055, 1100.0378418, 1139.97668457, 852.858703613, 316.630187988, 545.102905273, 338.778869629, 174.266921997, 85.9829940796, 136.053222656, 116.720245361, 264.015960693, 243.156967163, 367.93838501, 205.962265015, 40.6642303467, 16.9664649963, 5.85254430771, 1.59659838676, 0.490141063929, 0.0538021698594, 0.00241150334477], "dvar2": [0.283231377602, 17.064371109, 23.1293563843, 16.9248065948, 75.350692749, 253.347549438, 168.378814697, 314.295318604, 719.493835449, 3199.5859375, 9779.17578125, 14623.4257813, 7006.87158203, 8414.91210938, 4869.77294922, 9434.69726563, 10650.9414063, 10883.7382813, 3799.5715332, 2401.32202148, 1247.2947998, 971.786376953, 481.339141846, 384.388763428, 327.442108154, 252.373672485, 108.186691284, 96.5930786133, 75.8443374634, 134.300827026, 69.2720870972, 43.2027778625, 21.1162586212, 2.71444320679, 0.742071628571, 0.134241789579, 0.0275970716029, 0.00207869475707, 1.81527484528e-05, 3.82127289811e-08], "median": [0.0436800047755, 0.391797661781, 0.882941782475, 1.95432281494, 3.19349241257, 2.99334859848, 3.44602203369, 3.86691665649, 5.07133197784, 8.19863700867, 8.80198574066, 7.61217212677, 10.627456665, 7.42456817627, 9.30426597595, 8.94513130188, 13.20840168, 11.0851182938, 11.4871387482, 10.4747028351, 9.28250312805, 8.61022853851, 7.67487764359, 6.98822307587, 4.50371170044, 2.47152256966, 1.3602232933, 0.980957508087, 0.864183247089, 0.569729566574, 0.376960605383, 0.323743581772, 0.213122993708, 0.108836129308, 0.045479118824, 0.0147344823927, 0.00395238772035, 0.000574518286157, 2.85174974124e-05, 2.39647579292e-05], "dmean2": [0.16743427515, 1.29701185226, 1.86836791039, 2.63392734528, 4.91361379623, 6.39328861237, 6.31966304779, 7.17153406143, 11.0083589554, 25.5477466583, 33.5885696411, 36.5044326782, 29.692363739, 26.1516399384, 25.6044425964, 32.2155342102, 38.5127182007, 37.5555229187, 26.2413330078, 20.5494041443, 16.3672084808, 16.1090011597, 12.00826931, 10.6089868546, 9.57124137878, 6.37947177887, 4.16422796249, 3.55581879616, 3.32424807549, 3.3722012043, 2.13030672073, 1.635379076, 1.22144138813, 0.601455390453, 0.301989525557, 0.131627157331, 0.05621830374, 0.0159304458648, 0.00127632170916, 6.0850103182e-05], "dmean": [0.0936488211155, 0.715732514858, 1.05261349678, 1.59841990471, 2.95655965805, 3.93731594086, 3.94339299202, 4.58624076843, 7.21085500717, 16.8125514984, 21.8857192993, 23.795507431, 19.8459396362, 17.2165088654, 16.4285984039, 20.3601760864, 24.3910560608, 23.9949474335, 16.3971118927, 12.977640152, 10.3516349792, 10.1216964722, 7.52348899841, 6.79149532318, 6.06191730499, 3.82391643524, 2.46338176727, 2.18249440193, 2.11963891983, 2.13360977173, 1.361541152, 1.10286867619, 0.820436835289, 0.399355560541, 0.199970588088, 0.0856535881758, 0.0357563458383, 0.00995307695121, 0.000765336561017, 3.71745481971e-05], "var": [0.066558599472, 3.6375951767, 6.04529237747, 11.5944519043, 42.8886146545, 129.810165405, 117.937217712, 251.749069214, 728.412902832, 3608.35766602, 9551.23535156, 16225.5908203, 10474.3681641, 12051.3701172, 6201.91992188, 9992.91992188, 9547.43066406, 11674.0371094, 4287.0078125, 2705.45922852, 2067.39990234, 1451.734375, 670.082580566, 548.942626953, 508.513336182, 148.328903198, 48.4718208313, 52.4266319275, 70.4363479614, 85.6673965454, 55.1145973206, 64.5798187256, 27.0316009521, 2.54422283173, 0.431163370609, 0.0725451856852, 0.0104271741584, 0.000741913798265, 5.95481787968e-06, 1.39010545297e-08], "dvar": [0.100864440203, 6.03176164627, 8.11576461792, 6.22950410843, 28.600479126, 98.4978179932, 66.6055450439, 130.581604004, 343.263549805, 1398.94763184, 4057.08911133, 5780.72509766, 3180.41430664, 3626.75854492, 2075.42041016, 3714.69873047, 4090.92895508, 4260.53271484, 1451.87158203, 917.188964844, 493.422729492, 377.122406006, 193.306381226, 162.023727417, 135.526885986, 93.5732345581, 40.1322402954, 37.5488471985, 31.5244350433, 55.3009414673, 30.3498096466, 24.0796279907, 10.1806221008, 1.2927314043, 0.31570404768, 0.0571109056473, 0.0110672907904, 0.00083329185145, 7.1171180025e-06, 1.52698280687e-08], "mean": [0.0980856120586, 0.759018421173, 1.58691048622, 3.00614213943, 5.0625243187, 6.48658418655, 7.02261829376, 8.46556854248, 13.1648626328, 31.0757865906, 41.0003242493, 47.5834617615, 42.158531189, 35.3211364746, 31.7045650482, 38.8998260498, 46.9092407227, 46.9287567139, 34.9195976257, 29.4361076355, 25.4271411896, 23.633102417, 18.1252613068, 15.7684354782, 13.7211437225, 6.72200965881, 3.76904177666, 3.37673664093, 3.78273415565, 3.2527885437, 2.12385106087, 1.78206384182, 1.20525991917, 0.559167981148, 0.243391647935, 0.0961313173175, 0.0348729863763, 0.00885682087392, 0.000604459142778, 4.97151668242e-05]}, "zerocrossingrate": {"min": 0.0029296875, "max": 0.50927734375, "dvar2": 0.000215756444959, "median": 0.05126953125, "dmean2": 0.0106078870595, "dmean": 0.00880761537701, "var": 0.000919886340853, "dvar": 0.000162489144714, "mean": 0.0553001984954}, "spectral_contrast_coeffs": {"min": [-0.961824178696, -0.985431194305, -0.981644511223, -0.972853422165, -0.977356731892, -0.962275922298], "max": [-0.286703765392, -0.347123831511, -0.453176558018, -0.465438485146, -0.341846287251, -0.532814562321], "dvar2": [0.00384578853846, 0.00344362249598, 0.00227947672829, 0.00170324963983, 0.00127016659826, 0.00105316238478], "median": [-0.670805573463, -0.719975888729, -0.752720832825, -0.744962334633, -0.758108139038, -0.758834242821], "dmean2": [0.0717099457979, 0.0687655583024, 0.058979626745, 0.0515315271914, 0.0423833802342, 0.0350070521235], "dmean": [0.043656039983, 0.0429181568325, 0.0368988700211, 0.0321002192795, 0.0272878296673, 0.0231484156102], "var": [0.00565839884803, 0.0062689059414, 0.00515156844631, 0.0036297144834, 0.00351025955752, 0.00219373544678], "dvar": [0.00151137204375, 0.00139244040474, 0.000932060822379, 0.000700902426615, 0.000594561337493, 0.000478371657664], "mean": [-0.663088202477, -0.711101412773, -0.743368446827, -0.741330087185, -0.751785635948, -0.757928550243]}, "dissonance": {"min": 0.23019747436, "max": 0.5, "dvar2": 0.00105545390397, "median": 0.465519756079, "dmean2": 0.03267012164, "dmean": 0.0195032637566, "var": 0.000995742739178, "dvar": 0.00038883916568, "mean": 0.458080291748}, "spectral_energyband_high": {"min": 7.57328198659e-21, "max": 0.0292402338237, "dvar2": 1.07937000848e-06, "median": 0.000142210425111, "dmean2": 0.000384559447411, "dmean": 0.000262551970081, "var": 1.13018654702e-06, "dvar": 5.02162890825e-07, "mean": 0.000466538447654}, "gfcc": {"mean": [-23.2709369659, 107.697891235, -124.661727905, 26.5903663635, -48.5250205994, 14.3442277908, -35.6914863586, 9.26171970367, -21.3733615875, -0.0133321611211, -14.134106636, -4.16787433624, -13.5371685028], "icov": [[0.000266668794211, 0.000114815127745, 0.000356105389073, -3.47995664924e-05, 0.000122343393741, -0.000279827683698, 0.000229545476031, -0.000594489218201, 8.07893447927e-05, -0.000430695392424, 0.00031184143154, -0.000530197983608, 0.000338166602887], [0.000114815127745, 0.00200377847068, 0.000328613474267, 0.000563844921999, -0.000959233148023, 0.000823077862151, -0.00103772117291, 0.000913049094379, -0.00133411574643, 0.00156870402861, -0.00192651618272, 0.00136322190519, -0.0015226152027], [0.000356105389073, 0.000328613474267, 0.00201467680745, -0.000403878308134, -0.000369483110262, -0.000526307267137, -3.05962712446e-05, -0.000630064168945, 0.000412810768466, -0.00135646737181, 0.000531378784217, -0.00131709931884, 0.000390395260183], [-3.47995664924e-05, 0.000563844921999, -0.000403878308134, 0.00314902793616, -0.000451598985819, 0.000297417369438, 0.000232287784456, 0.000780890579335, -0.000296050187899, 9.00199211173e-07, -0.000309031747747, 0.000453453947557, -0.00167178374249], [0.000122343393741, -0.000959233148023, -0.000369483110262, -0.000451598985819, 0.00432297494262, -0.000441700365627, -0.000209384903428, -0.000464075477794, -0.000459109782241, -0.000828128017019, 0.000941822479945, -0.000760202063248, -0.000319527898682], [-0.000279827683698, 0.000823077862151, -0.000526307267137, 0.000297417369438, -0.000441700365627, 0.00683575356379, -0.00291410204954, 0.000859192223288, -0.000212585902773, 0.000126819795696, -0.000901067280211, -0.000164476165082, -0.000590044248383], [0.000229545476031, -0.00103772117291, -3.05962712446e-05, 0.000232287784456, -0.000209384903428, -0.00291410204954, 0.00606900407001, -0.00169821595773, 0.00106778403278, -0.000112536006782, 0.000253131758654, -0.000485315074911, 0.000513003440574], [-0.000594489218201, 0.000913049094379, -0.000630064168945, 0.000780890579335, -0.000464075477794, 0.000859192223288, -0.00169821595773, 0.00947402231395, -0.00324812158942, 0.0018605600344, -0.00202649016865, 0.00158157071564, 0.000982144963928], [8.07893447927e-05, -0.00133411574643, 0.000412810768466, -0.000296050187899, -0.000459109782241, -0.000212585902773, 0.00106778403278, -0.00324812158942, 0.00963995140046, -0.00331541197374, 0.00100510090124, 0.000374577270122, -0.00139686570037], [-0.000430695392424, 0.00156870402861, -0.00135646737181, 9.00199211173e-07, -0.000828128017019, 0.000126819795696, -0.000112536006782, 0.0018605600344, -0.00331541197374, 0.0131400758401, -0.0027764714323, 0.00166916113812, -0.000354177696863], [0.00031184143154, -0.00192651618272, 0.000531378784217, -0.000309031747747, 0.000941822479945, -0.000901067280211, 0.000253131758654, -0.00202649016865, 0.00100510090124, -0.0027764714323, 0.0135990409181, -0.00317563256249, 0.00134470930789], [-0.000530197983608, 0.00136322190519, -0.00131709931884, 0.000453453947557, -0.000760202063248, -0.000164476165082, -0.000485315074911, 0.00158157071564, 0.000374577270122, 0.00166916113812, -0.00317563256249, 0.0148416552693, -0.00421916507185], [0.000338166602887, -0.0015226152027, 0.000390395260183, -0.00167178374249, -0.000319527898682, -0.000590044248383, 0.000513003440574, 0.000982144963928, -0.00139686570037, -0.000354177696863, 0.00134470930789, -0.00421916507185, 0.0169041454792]], "cov": [[8865.49902344, -1941.60266113, -767.08203125, -60.230304718, -611.035217285, 225.63053894, -384.832977295, 460.512939453, -86.7733917236, 240.491333008, -187.613540649, 188.228012085, -299.460296631], [-1941.60266113, 1588.86425781, -222.153076172, -151.339630127, 307.134613037, -120.015068054, 219.304214478, -93.8387680054, 154.560546875, -152.749252319, 144.213562012, -114.28503418, 142.107452393], [-767.08203125, -222.153076172, 826.819335938, 137.274154663, 90.7234344482, 74.1859817505, 35.1663093567, -20.4131660461, -33.7101287842, 75.2043304443, -16.6463985443, 62.6482048035, 9.99039077759], [-60.230304718, -151.339630127, 137.274154663, 392.005493164, 28.8066043854, -4.53037452698, -48.8230895996, -36.4901542664, -3.39181089401, 31.2338619232, -15.7213773727, 18.3666763306, 33.3685417175], [-611.035217285, 307.134613037, 90.7234344482, 28.8066043854, 332.730957031, 5.18302059174, 69.8059616089, -18.079750061, 50.3195571899, -4.9729847908, 17.3266735077, -5.07175636292, 47.4541397095], [225.63053894, -120.015068054, 74.1859817505, -4.53037452698, 5.18302059174, 208.446884155, 81.7928085327, 14.2234678268, -17.0376052856, 18.760881424, 0.768252015114, 25.729347229, -8.07404994965], [-384.832977295, 219.304214478, 35.1663093567, -48.8230895996, 69.8059616089, 81.7928085327, 261.073852539, 15.0148954391, 2.91999697685, -23.791519165, 27.6851425171, -5.53917884827, 13.3484516144], [460.512939453, -93.8387680054, -20.4131660461, -36.4901542664, -18.079750061, 14.2234678268, 15.0148954391, 159.22593689, 33.0968704224, 9.0800447464, 3.48677539825, -2.00004053116, -28.2057685852], [-86.7733917236, 154.560546875, -33.7101287842, -3.39181089401, 50.3195571899, -17.0376052856, 2.91999697685, 33.0968704224, 148.419158936, 16.6621780396, 11.42162323, -18.2649173737, 21.5919361115], [240.491333008, -152.749252319, 75.2043304443, 31.2338619232, -4.9729847908, 18.760881424, -23.791519165, 9.0800447464, 16.6621780396, 110.323768616, -1.23844134808, 10.6047363281, -10.0284366608], [-187.613540649, 144.213562012, -16.6463985443, -15.7213773727, 17.3266735077, 0.768252015114, 27.6851425171, 3.48677539825, 11.42162323, -1.23844134808, 96.2419052124, 3.49156999588, 9.01760292053], [188.228012085, -114.28503418, 62.6482048035, 18.3666763306, -5.07175636292, 25.729347229, -5.53917884827, -2.00004053116, -18.2649173737, 10.6047363281, 3.49156999588, 92.1836013794, 8.84013080597], [-299.460296631, 142.107452393, 9.99039077759, 33.3685417175, 47.4541397095, -8.07404994965, 13.3484516144, -28.2057685852, 21.5919361115, -10.0284366608, 9.01760292053, 8.84013080597, 85.9293136597]]}, "spectral_flux": {"min": 6.68250801916e-11, "max": 0.323097139597, "dvar2": 0.00196440960281, "median": 0.0604040548205, "dmean2": 0.0338289141655, "dmean": 0.0220182370394, "var": 0.00270548625849, "dvar": 0.000984534504823, "mean": 0.072100520134}, "silence_rate_30dB": {"min": 1, "max": 1, "dvar2": 0, "median": 1, "dmean2": 0, "dmean": 0, "var": 0, "dvar": 0, "mean": 1}, "spectral_energyband_middle_high": {"min": 9.95226817053e-22, "max": 0.0917764231563, "dvar2": 2.44087605097e-05, "median": 0.00355496210977, "dmean2": 0.0027885553427, "dmean": 0.00186538405251, "var": 7.91540296632e-05, "dvar": 1.02475314634e-05, "mean": 0.00674147903919}, "barkbands_spread": {"min": 1.32491254807, "max": 105.242042542, "dvar2": 108.424758911, "median": 19.204498291, "dmean2": 7.62063598633, "dmean": 4.91769552231, "var": 149.135269165, "dvar": 49.9335021973, "mean": 21.0463447571}, "spectral_centroid": {"min": 198.243972778, "max": 11127.0439453, "dvar2": 179724.28125, "median": 1229.72924805, "dmean2": 329.011962891, "dmean": 212.206436157, "var": 318214.25, "dvar": 81751.0546875, "mean": 1279.7010498}, "pitch_salience": {"min": 0.124670997262, "max": 0.986093878746, "dvar2": 0.0107849072665, "median": 0.575886487961, "dmean2": 0.10312075913, "dmean": 0.0630523785949, "var": 0.010399335064, "dvar": 0.00410824129358, "mean": 0.564246118069}, "erbbands_skewness": {"min": -2.95235681534, "max": 3.91191577911, "dvar2": 0.180910944939, "median": 0.126484617591, "dmean2": 0.447660893202, "dmean": 0.290795952082, "var": 0.502793252468, "dvar": 0.0806376859546, "mean": 0.166017279029}, "erbbands_crest": {"min": 2.42153668404, "max": 29.9744815826, "dvar2": 11.5391435623, "median": 7.93579483032, "dmean2": 3.56746315956, "dmean": 2.23145961761, "var": 17.3537197113, "dvar": 4.79977226257, "mean": 8.95393466949}, "melbands": {"min": [5.60542786689e-24, 9.58097128484e-24, 1.17337845281e-23, 1.37289107873e-23, 2.70652516504e-24, 2.86764468012e-24, 6.75639486027e-24, 1.03455092418e-23, 5.58648297782e-24, 7.0479404959e-24, 9.75968377862e-24, 7.16852498501e-24, 5.1903466135e-24, 7.42125314208e-24, 8.59309339501e-24, 5.09872357481e-24, 7.16970590979e-24, 3.43366066266e-24, 2.66605167022e-24, 3.59778909045e-24, 6.62031714298e-24, 1.12644746095e-23, 1.10558311553e-23, 2.56759492672e-24, 5.52248742575e-24, 9.93276696097e-24, 4.98088787152e-24, 9.3704069543e-24, 1.21312812831e-23, 8.66762655106e-24, 8.1838015918e-24, 6.3899366265e-24, 9.81833479806e-24, 1.02933836797e-23, 7.97862123694e-24, 7.67889116942e-24, 8.42979208788e-24, 9.72693421814e-24, 9.07424411579e-24, 7.02954583731e-24], "max": [0.0285061169416, 0.0210900697857, 0.0140238311142, 0.0100407795981, 0.00767927104607, 0.00701321056113, 0.00798404496163, 0.00808315910399, 0.0173939540982, 0.0149451075122, 0.00958109367639, 0.0117529658601, 0.0101025626063, 0.00491472147405, 0.00526777654886, 0.00228190445341, 0.00311228376813, 0.00160608312581, 0.00201830687001, 0.00184037385043, 0.00136443390511, 0.0012146710651, 0.000351350550773, 0.000498496403452, 0.000526921008714, 0.000271717843134, 0.000180728209671, 0.000100197561551, 6.63663740852e-05, 7.77120076236e-05, 9.44905987126e-05, 7.96618696768e-05, 9.14437987376e-05, 0.000214312021853, 0.000150828811456, 0.000190311126062, 0.000234544160776, 0.000175253357156, 6.79143122397e-05, 2.47449315793e-05], "dvar2": [2.4680617571e-05, 1.28487863549e-05, 5.20939579474e-07, 8.94626339232e-07, 1.93004879634e-07, 1.46478740248e-07, 1.63138594189e-07, 4.61079991965e-07, 7.53501240069e-07, 4.60552712411e-07, 1.77426201731e-07, 1.47775907067e-07, 7.44407344655e-08, 5.35928137424e-08, 8.09302633797e-08, 3.30790186354e-08, 4.91859850626e-08, 1.27484813817e-08, 7.51851203518e-09, 4.91569851491e-09, 2.02272132377e-09, 1.49552192852e-09, 9.64006319215e-10, 5.83149473155e-10, 3.24931997975e-10, 2.34486652317e-10, 2.00084698809e-10, 1.06270742206e-10, 4.04677298615e-11, 6.09308159483e-11, 2.85723580212e-11, 2.82353550263e-11, 2.75101382646e-11, 6.60216672999e-11, 2.86699639723e-11, 2.06943351344e-11, 2.06192320162e-11, 1.67988782607e-11, 3.79836136502e-12, 1.96779723592e-12], "median": [0.000454890949186, 0.000519532535691, 0.000414789363276, 0.000246964511462, 0.000131947308546, 8.95671255421e-05, 7.264247688e-05, 8.850525046e-05, 6.60090881865e-05, 4.13952038798e-05, 4.52740932815e-05, 2.51770761679e-05, 2.9840382922e-05, 1.97957706405e-05, 2.73146943073e-05, 2.24113100558e-05, 1.80547940545e-05, 1.58758539328e-05, 1.49817169586e-05, 1.16213759611e-05, 9.43881968851e-06, 8.37966581457e-06, 6.88037562213e-06, 5.72317094338e-06, 5.07563117935e-06, 3.34004221259e-06, 2.27760983762e-06, 1.26213831209e-06, 8.34446780118e-07, 6.44125179861e-07, 4.99160080381e-07, 5.06838432557e-07, 3.55858162493e-07, 2.77591936992e-07, 1.98987322619e-07, 2.07933993579e-07, 1.74801726871e-07, 1.4874262888e-07, 1.12360538651e-07, 7.56871116891e-08], "dmean2": [0.00155720976181, 0.00124835199676, 0.000488947611302, 0.000412934896303, 0.000223846393055, 0.000164879747899, 0.00017000817752, 0.000303071457893, 0.00029334865394, 0.000214941072045, 0.000149591389345, 0.0001092418388, 9.25549757085e-05, 8.11565114418e-05, 9.81743141892e-05, 7.22563927411e-05, 7.90892008808e-05, 4.6497592848e-05, 3.51250491804e-05, 2.8929212931e-05, 2.0960049369e-05, 1.88363719644e-05, 1.63227814483e-05, 1.08316780825e-05, 9.47198986978e-06, 8.20566401671e-06, 6.66067944621e-06, 3.9928681872e-06, 2.72570787274e-06, 2.5768335945e-06, 2.05156516131e-06, 2.07710672839e-06, 1.84858959074e-06, 2.09194649869e-06, 1.3627862927e-06, 1.11411884518e-06, 1.02036290173e-06, 1.01400632957e-06, 6.31994964806e-07, 5.01834676925e-07], "dmean": [0.000871885567904, 0.00069784396328, 0.000296357960906, 0.000250740355114, 0.000141472337418, 0.000105345476186, 0.000111950954306, 0.000199067682843, 0.000190530729014, 0.000140499643749, 9.96747476165e-05, 7.1701782872e-05, 6.01143292442e-05, 5.10921527166e-05, 6.19277125224e-05, 4.59923612652e-05, 4.98464432894e-05, 2.8778826163e-05, 2.20712990995e-05, 1.80299375643e-05, 1.31373371914e-05, 1.17353929454e-05, 1.01109681054e-05, 6.65434254188e-06, 6.02031605013e-06, 5.23046628587e-06, 4.09472249885e-06, 2.37379208556e-06, 1.608649427e-06, 1.51325457409e-06, 1.26205407014e-06, 1.29778709379e-06, 1.17759668683e-06, 1.30367789097e-06, 8.4770272224e-07, 7.35966466436e-07, 6.8727223379e-07, 6.58985413793e-07, 4.25008039429e-07, 3.24294973097e-07], "var": [5.75584226681e-06, 2.92242907562e-06, 3.57002903684e-07, 4.46436786206e-07, 1.51693740236e-07, 1.23216196357e-07, 1.67633217529e-07, 5.15471128892e-07, 7.65541756209e-07, 5.11851453666e-07, 2.61838096094e-07, 2.1034284714e-07, 1.20156556704e-07, 5.24608836372e-08, 7.23685928961e-08, 3.43115829082e-08, 4.95421694779e-08, 1.29113315595e-08, 7.797818391e-09, 5.66068480978e-09, 2.92282509307e-09, 2.01439598335e-09, 1.11647735501e-09, 4.90353202487e-10, 4.12407968886e-10, 3.49690054691e-10, 2.00325797617e-10, 5.14370421256e-11, 2.04767782591e-11, 2.05024486971e-11, 1.82114705261e-11, 2.31635422648e-11, 2.30596670231e-11, 3.39729563925e-11, 1.89812124352e-11, 1.87881151609e-11, 2.97443701613e-11, 1.81401473703e-11, 4.76577674893e-12, 1.27985740495e-12], "dvar": [8.80529842107e-06, 4.54126029581e-06, 1.94443899204e-07, 3.4787493064e-07, 7.76204842623e-08, 6.06473093967e-08, 7.76801414304e-08, 1.97950043912e-07, 3.09454662784e-07, 1.82804640758e-07, 8.07369957556e-08, 6.32708463399e-08, 3.46226372017e-08, 2.08680521752e-08, 3.08340410982e-08, 1.3603190574e-08, 1.87957756026e-08, 4.84095252773e-09, 3.07586867088e-09, 1.89999349587e-09, 8.1069878588e-10, 5.82129844329e-10, 3.7776937134e-10, 2.18061430024e-10, 1.36740146983e-10, 9.95342697152e-11, 7.74463201902e-11, 3.91569693337e-11, 1.51799232906e-11, 2.20707341292e-11, 1.14384673608e-11, 1.13947002875e-11, 1.14710073038e-11, 2.65032024105e-11, 1.19922318603e-11, 9.52341417532e-12, 1.11737216701e-11, 7.56584812162e-12, 1.96377332798e-12, 8.54696033999e-13], "mean": [0.000946524145547, 0.00091642618645, 0.000578312319703, 0.00042386224959, 0.00026299819001, 0.000195954737137, 0.000201641436433, 0.000368441687897, 0.000357591139618, 0.000276309205219, 0.000202748604352, 0.000139973271871, 0.00011106691818, 8.86169145815e-05, 0.000114500056952, 8.53680976434e-05, 9.10997478059e-05, 5.5955559219e-05, 4.43047320005e-05, 3.74072114937e-05, 2.90497591777e-05, 2.53782527579e-05, 2.10241141758e-05, 1.390867601e-05, 1.25514361571e-05, 1.11598328658e-05, 7.63429670769e-06, 3.61187403541e-06, 2.37511335399e-06, 2.03333797799e-06, 1.91637400349e-06, 2.18268542085e-06, 1.97030249183e-06, 1.75998934537e-06, 1.21834295896e-06, 1.13583405437e-06, 1.06523793875e-06, 9.14820191156e-07, 6.23325036031e-07, 4.18040713157e-07]}, "spectral_entropy": {"min": 5.71120977402, "max": 9.81436157227, "dvar2": 0.062297899276, "median": 7.40967845917, "dmean2": 0.228985637426, "dmean": 0.162645310163, "var": 0.191106081009, "dvar": 0.0346471853554, "mean": 7.39891958237}, "spectral_rolloff": {"min": 64.599609375, "max": 19272.2167969, "dvar2": 1710530, "median": 1291.9921875, "dmean2": 658.477050781, "dmean": 396.003723145, "var": 1493118.5, "dvar": 749791.125, "mean": 1422.49829102}, "barkbands": {"min": [2.19350643584e-24, 1.55595761138e-23, 3.00590714769e-23, 1.28954681969e-23, 6.10036235427e-23, 1.36940778452e-23, 4.62680299993e-23, 3.86037351232e-23, 4.49308381898e-23, 5.19708853434e-23, 3.60032583046e-23, 6.54685257792e-23, 6.34393104737e-23, 6.48624155467e-23, 3.24510302702e-23, 6.44676695497e-23, 1.69843242263e-22, 9.11014060019e-23, 2.18684536536e-22, 2.45775711339e-22, 4.36016574205e-22, 4.32690484193e-22, 5.22743815907e-22, 7.08857888631e-22, 1.03040713566e-21, 1.85234617771e-21, 2.1715696356e-21], "max": [0.00830000359565, 0.104408957064, 0.0207716301084, 0.0423915088177, 0.0383928790689, 0.0291566252708, 0.0343561246991, 0.0827615186572, 0.0950302481651, 0.0669477432966, 0.0870679989457, 0.0413837134838, 0.0463117323816, 0.0314368084073, 0.027819506824, 0.0243912301958, 0.0143982181326, 0.008305137977, 0.00869033299387, 0.00370296486653, 0.00271918182261, 0.00409617135301, 0.00928378943354, 0.0158050730824, 0.00257670856081, 0.000908171467017, 0.000293351826258], "dvar2": [6.43758255592e-07, 0.000342422077665, 9.20242382563e-06, 3.38446920978e-06, 1.35785912789e-05, 3.77282572117e-06, 4.66299752588e-06, 1.77366982825e-05, 2.42328278546e-05, 9.12419363885e-06, 5.13836130267e-06, 4.68072812509e-06, 5.8495961639e-06, 4.4266707846e-06, 1.3796826579e-06, 5.77173750571e-07, 5.10492611738e-07, 1.78171006837e-07, 1.38205535904e-07, 1.06518179166e-07, 6.455806556e-08, 6.33124770388e-08, 1.12333310653e-07, 7.58832356951e-08, 1.65224651738e-08, 7.78595410367e-09, 6.0298604998e-10], "median": [2.2252826966e-05, 0.00169562513474, 0.000810258556157, 0.000677030300722, 0.00112327584065, 0.000481174211018, 0.000315619661706, 0.000391324691009, 0.000256511208136, 0.000288785493467, 0.000204488111194, 0.000143349199789, 0.000251545920037, 0.00017865015252, 0.000216831598664, 0.00014341872884, 0.000155702146003, 0.000114416186989, 0.000116788491141, 5.05276038893e-05, 2.76235168712e-05, 2.29939832934e-05, 1.43677098094e-05, 1.42608296301e-05, 8.18906300992e-06, 2.53114285442e-06, 9.18475819844e-08], "dmean2": [0.000313892785925, 0.00580912129954, 0.00138482067268, 0.0011413077591, 0.0017449936131, 0.000881973886862, 0.000931667047553, 0.00168908794876, 0.00155671779066, 0.00102621177211, 0.000710888474714, 0.00073836336378, 0.000885725021362, 0.000769599806517, 0.000495880958624, 0.000333707866957, 0.000367687258404, 0.00021315527556, 0.000211696780752, 0.000142866469105, 9.49968016357e-05, 9.25255808397e-05, 8.61937296577e-05, 7.34390196158e-05, 4.69916994916e-05, 3.06806323351e-05, 8.0758572949e-06], "dmean": [0.000233015147387, 0.00321535742842, 0.000797781744041, 0.000695635739248, 0.0010706433095, 0.000554772210307, 0.000607140013017, 0.00110085867345, 0.0010136855999, 0.000679324381053, 0.000458737515146, 0.000462487369077, 0.000555910577532, 0.000479735055706, 0.000312591990223, 0.000208311263123, 0.000227324271691, 0.000132485016366, 0.000134532339871, 8.5348081484e-05, 5.70665069972e-05, 5.93704789935e-05, 5.50683616893e-05, 5.07896547788e-05, 3.11310359393e-05, 1.97725421458e-05, 4.90123238706e-06], "var": [6.893101272e-07, 7.56203517085e-05, 3.25376640831e-06, 2.31775720749e-06, 7.65340428188e-06, 2.94387632493e-06, 4.58421163785e-06, 1.7703829144e-05, 2.60928845819e-05, 1.20065715237e-05, 8.13554197521e-06, 4.60522642243e-06, 4.79411528431e-06, 4.51784671895e-06, 1.50735365878e-06, 8.1794757989e-07, 6.85832674208e-07, 1.95015687154e-07, 2.21770719122e-07, 6.87536143573e-08, 2.98365883111e-08, 5.51676215821e-08, 7.72769368496e-08, 1.28149025613e-07, 1.19204388582e-08, 3.26297433517e-09, 2.08728229145e-10], "dvar": [3.49200803385e-07, 0.000121610661154, 3.21534230352e-06, 1.27968814922e-06, 5.28522878085e-06, 1.51457356878e-06, 2.21232107833e-06, 7.45718671169e-06, 9.5398945632e-06, 3.95150891563e-06, 2.39646578848e-06, 1.81934558441e-06, 2.24920245273e-06, 1.69560894392e-06, 5.4632806723e-07, 2.30598558915e-07, 1.97482208364e-07, 6.9586626239e-08, 5.84395820624e-08, 3.98510948685e-08, 2.43144135936e-08, 2.62694612729e-08, 4.78097348378e-08, 4.27091073618e-08, 7.34889393783e-09, 3.1722364735e-09, 2.40058806167e-10], "mean": [0.000337851728546, 0.0034038356971, 0.00136335613206, 0.00114348111674, 0.00193737947848, 0.00101432891097, 0.00102341349702, 0.00197691912763, 0.00193463137839, 0.00134022301063, 0.00082559324801, 0.000793320883531, 0.000981306307949, 0.000880221254192, 0.000629609741736, 0.000447878235718, 0.000493282452226, 0.000287963426672, 0.000306584057398, 0.000145809797687, 8.50005380926e-05, 0.000105095394247, 8.13401056803e-05, 7.96015592641e-05, 4.11191685998e-05, 2.02083119802e-05, 3.92851052311e-06]}, "melbands_flatness_db": {"min": 0.00107822043356, "max": 0.503928244114, "dvar2": 0.00184064882342, "median": 0.192413568497, "dmean2": 0.0360720865428, "dmean": 0.0234783217311, "var": 0.00505745736882, "dvar": 0.000770782004111, "mean": 0.202911287546}, "melbands_skewness": {"min": -1.45928144455, "max": 17.1971263885, "dvar2": 2.3733549118, "median": 1.83631157875, "dmean2": 0.9807716012, "dmean": 0.629010260105, "var": 2.97698354721, "dvar": 0.962741911411, "mean": 2.1563501358}, "barkbands_skewness": {"min": -2.41039633751, "max": 10.9661779404, "dvar2": 1.01124238968, "median": 1.01775193214, "dmean2": 0.722611188889, "dmean": 0.465618222952, "var": 1.42427718639, "dvar": 0.412269920111, "mean": 1.21578514576}, "silence_rate_60dB": {"min": 0, "max": 1, "dvar2": 0.0375684462488, "median": 0, "dmean2": 0.0331428572536, "dmean": 0.0165698509663, "var": 0.0645042806864, "dvar": 0.0162953678519, "mean": 0.069320127368}, "spectral_energyband_low": {"min": 5.71009898051e-23, "max": 0.118936307728, "dvar2": 0.000420226686401, "median": 0.00337184639648, "dmean2": 0.00719676120207, "dmean": 0.00410657608882, "var": 0.000105866442027, "dvar": 0.000151297921548, "mean": 0.00565793830901}, "spectral_energyband_middle_low": {"min": 2.49817885104e-22, "max": 0.0984556600451, "dvar2": 6.20081627858e-05, "median": 0.00666152033955, "dmean2": 0.00503083365038, "dmean": 0.00323850661516, "var": 8.90178998816e-05, "dvar": 2.51713518082e-05, "mean": 0.00968316011131}, "melbands_kurtosis": {"min": -1.70790100098, "max": 492.86907959, "dvar2": 942.583129883, "median": 4.17054462433, "dmean2": 9.83470153809, "dmean": 5.96104049683, "var": 548.704345703, "dvar": 352.17276001, "mean": 10.2208414078}, "spectral_decrease": {"min": -3.36523022781e-08, "max": 1.8342697624e-28, "dvar2": 3.07530564711e-17, "median": -4.00042843296e-09, "dmean2": 2.88871770948e-09, "dmean": 1.77968828563e-09, "var": 2.153065604e-17, "dvar": 1.14673206371e-17, "mean": -5.29731192245e-09}, "erbbands_kurtosis": {"min": -1.74177670479, "max": 23.8770618439, "dvar2": 2.09047889709, "median": -0.102648496628, "dmean2": 1.08541810513, "dmean": 0.693154036999, "var": 3.34106183052, "dvar": 0.90645802021, "mean": 0.418883532286}, "melbands_crest": {"min": 1.43652248383, "max": 32.6305198669, "dvar2": 21.3145961761, "median": 11.688079834, "dmean2": 4.60232877731, "dmean": 2.85848283768, "var": 22.2188930511, "dvar": 8.24560642242, "mean": 12.4757986069}, "melbands_spread": {"min": 0.924901723862, "max": 195.577957153, "dvar2": 219.229568481, "median": 22.0103111267, "dmean2": 10.0374011993, "dmean": 6.41379261017, "var": 265.474578857, "dvar": 93.9733810425, "mean": 24.5473327637}, "spectral_energy": {"min": 1.03067867547e-20, "max": 0.130290791392, "dvar2": 0.000452465232229, "median": 0.016474056989, "dmean2": 0.011382102035, "dmean": 0.00705346697941, "var": 0.000354473449988, "dvar": 0.000169896287844, "mean": 0.0216832794249}, "mfcc": {"mean": [-662.855041504, 136.241195679, -10.9130115509, 18.0494422913, 8.53373527527, 4.91538286209, 1.32105588913, 4.87036466599, -1.26472687721, 3.30096435547, 2.86047768593, -0.964980185032, -2.74379873276], "icov": [[0.000237701431615, 0.000283242174191, 0.000306776637444, 0.000109864042315, 7.81442286097e-05, 7.5527910667e-05, 0.00019796154811, -0.000228334203712, 4.25766193075e-05, -0.000158614813699, -0.000179697541171, -8.28066768008e-05, -0.000176465080585], [0.000283242174191, 0.00127444043756, 0.000801210000645, 0.000128698593471, -0.000175053603016, 0.000188452366274, -0.000183872325579, -0.000243650065386, -0.00034828032949, 0.000118366791867, -0.000389101536712, -0.000432224042015, -8.67090930115e-05], [0.000306776637444, 0.000801210000645, 0.00237246206962, 1.70572093339e-05, -0.000111806228233, -0.000377869728254, -0.000466873840196, 9.88293686532e-05, -0.000242411231739, 4.46960366389e-05, -0.000293465185678, -0.000223687835387, -0.00127700553276], [0.000109864042315, 0.000128698593471, 1.70572093339e-05, 0.00405481038615, -0.00129379075952, -0.000153915811097, -0.000284400884993, 0.00101481494494, -0.000898354395758, 0.000130951375468, 0.00133509957232, 5.87709146203e-05, -0.00124051072635], [7.81442286097e-05, -0.000175053603016, -0.000111806228233, -0.00129379075952, 0.00494616664946, -0.000421868113335, 0.00129469169769, -7.1600501542e-05, -0.000380607496481, -0.000510645797476, 6.51525842841e-05, -0.000547311617993, -0.000188441714272], [7.5527910667e-05, 0.000188452366274, -0.000377869728254, -0.000153915811097, -0.000421868113335, 0.00535586336628, -0.00177287810948, 0.000556543178391, -0.00113117264118, 0.000154186505824, 0.000655749696307, -0.000564997666515, 0.000761912611779], [0.00019796154811, -0.000183872325579, -0.000466873840196, -0.000284400884993, 0.00129469169769, -0.00177287810948, 0.00665452471003, -0.00215621688403, 0.000205031319638, 0.000625086133368, -0.00139899435453, -0.000249745702604, 0.000221945738303], [-0.000228334203712, -0.000243650065386, 9.88293686532e-05, 0.00101481494494, -7.1600501542e-05, 0.000556543178391, -0.00215621688403, 0.00872469786555, -0.00243400037289, 0.00115605129395, -0.0014873300679, -1.45563381011e-05, -0.000995827605948], [4.25766193075e-05, -0.00034828032949, -0.000242411231739, -0.000898354395758, -0.000380607496481, -0.00113117264118, 0.000205031319638, -0.00243400037289, 0.0105156032369, -0.00281147332862, 0.00110887840856, -0.00141293276101, 0.00124054471962], [-0.000158614813699, 0.000118366791867, 4.46960366389e-05, 0.000130951375468, -0.000510645797476, 0.000154186505824, 0.000625086133368, 0.00115605129395, -0.00281147332862, 0.00977377500385, -0.00354696181603, 0.00114502536599, -0.00115430506412], [-0.000179697541171, -0.000389101536712, -0.000293465185678, 0.00133509957232, 6.51525842841e-05, 0.000655749696307, -0.00139899435453, -0.0014873300679, 0.00110887840856, -0.00354696181603, 0.0135282082483, -0.00353569840081, 0.00266889319755], [-8.28066768008e-05, -0.000432224042015, -0.000223687835387, 5.87709146203e-05, -0.000547311617993, -0.000564997666515, -0.000249745702604, -1.45563381011e-05, -0.00141293276101, 0.00114502536599, -0.00353569840081, 0.0143327470869, -0.00379529315978], [-0.000176465080585, -8.67090930115e-05, -0.00127700553276, -0.00124051072635, -0.000188441714272, 0.000761912611779, 0.000221945738303, -0.000995827605948, 0.00124054471962, -0.00115430506412, 0.00266889319755, -0.00379529315978, 0.0139499446377]], "cov": [[7415.88671875, -1208.19555664, -657.87713623, -350.9402771, -204.122436523, -289.816986084, -298.309417725, 127.740097046, -91.6461715698, 163.394073486, 126.065925598, -13.5448942184, 15.6721534729], [-1208.19555664, 1286.51062012, -271.641571045, -10.9053907394, 41.881603241, -12.2298202515, 65.2897949219, 44.6491622925, 48.6548461914, -22.5703315735, 34.2093162537, 36.3287162781, -32.5965652466], [-657.87713623, -271.641571045, 659.337768555, 73.6219329834, 28.6046981812, 94.6511764526, 69.4664764404, -20.8974761963, 14.7797708511, -11.8452711105, -20.420042038, 16.069978714, 55.4975776672], [-350.9402771, -10.9053907394, 73.6219329834, 339.192352295, 104.409721375, 38.5739707947, -9.86788463593, -50.5160827637, 28.0952167511, -7.41423416138, -56.7985267639, 1.69247722626, 36.4649505615], [-204.122436523, 41.881603241, 28.6046981812, 104.409721375, 253.015594482, 19.9646186829, -43.9868354797, -23.2874336243, 23.7258281708, 13.6376533508, -19.3450565338, 10.6217556, 16.5557804108], [-289.816986084, -12.2298202515, 94.6511764526, 38.5739707947, 19.9646186829, 234.663009644, 72.1982040405, -3.08633351326, 30.6378936768, -9.58056926727, -11.8273029327, 10.3519620895, -4.00156641006], [-298.309417725, 65.2897949219, 69.4664764404, -9.86788463593, -43.9868354797, 72.1982040405, 217.452575684, 52.8131065369, 13.1314468384, -19.2012844086, 23.9816513062, 13.5987863541, -5.75823736191], [127.740097046, 44.6491622925, -20.8974761963, -50.5160827637, -23.2874336243, -3.08633351326, 52.8131065369, 151.396728516, 26.6642017365, -2.97234201431, 30.0967235565, 12.4006414413, 0.308087795973], [-91.6461715698, 48.6548461914, 14.7797708511, 28.0952167511, 23.7258281708, 30.6378936768, 13.1314468384, 26.6642017365, 118.968254089, 27.3056545258, 1.54439973831, 12.8803310394, -1.77526390553], [163.394073486, -22.5703315735, -11.8452711105, -7.41423416138, 13.6376533508, -9.58056926727, -19.2012844086, -2.97234201431, 27.3056545258, 127.145950317, 30.7471618652, 0.947589159012, 3.45165276527], [126.065925598, 34.2093162537, -20.420042038, -56.7985267639, -19.3450565338, -11.8273029327, 23.9816513062, 30.0967235565, 1.54439973831, 30.7471618652, 104.419540405, 20.4057693481, -14.9801120758], [-13.5448942184, 36.3287162781, 16.069978714, 1.69247722626, 10.6217556, 10.3519620895, 13.5987863541, 12.4006414413, 12.8803310394, 0.947589159012, 20.4057693481, 83.5333938599, 19.6784934998], [15.6721534729, -32.5965652466, 55.4975776672, 36.4649505615, 16.5557804108, -4.00156641006, -5.75823736191, 0.308087795973, -1.77526390553, 3.45165276527, -14.9801120758, 19.6784934998, 89.2226486206]]}, "spectral_contrast_valleys": {"min": [-27.3252849579, -27.1295509338, -27.1968536377, -27.4029655457, -27.3573551178, -27.2289466858], "max": [-5.09981107712, -4.78548669815, -4.8884062767, -5.70258522034, -5.89347648621, -7.27355480194], "dvar2": [0.30646148324, 0.187573492527, 0.157983288169, 0.155232787132, 0.22548083961, 0.387656539679], "median": [-7.08920669556, -6.95576381683, -7.44908428192, -7.78855705261, -8.01142978668, -10.6523370743], "dmean2": [0.565224647522, 0.51638507843, 0.487524420023, 0.452154308558, 0.453610301018, 0.529084444046], "dmean": [0.354275465012, 0.315187007189, 0.3073143363, 0.285825490952, 0.30899810791, 0.434815913439], "var": [0.794828951359, 0.828815340996, 0.920253098011, 1.01048457623, 1.21365094185, 2.06686306], "dvar": [0.148605078459, 0.0822068452835, 0.0729675590992, 0.0767781659961, 0.11916924268, 0.253092557192], "mean": [-7.29088640213, -7.01562595367, -7.51586580276, -7.87132644653, -8.09113693237, -10.8627767563]}, "barkbands_flatness_db": {"min": 0.0210324339569, "max": 0.368443965912, "dvar2": 0.00104070699308, "median": 0.128062307835, "dmean2": 0.0294953435659, "dmean": 0.0196313168854, "var": 0.00288249645382, "dvar": 0.000449396058684, "mean": 0.135675549507}, "dynamic_complexity": 4.3317899704, "spectral_skewness": {"min": -0.00944077409804, "max": 5.82504987717, "dvar2": 0.183851405978, "median": 1.69099640846, "dmean2": 0.417940527201, "dmean": 0.254724919796, "var": 0.328914523125, "dvar": 0.0692279487848, "mean": 1.75953650475}, "erbbands_flatness_db": {"min": 0.0316024944186, "max": 0.368099182844, "dvar2": 0.000710866821464, "median": 0.167479708791, "dmean2": 0.0257302559912, "dmean": 0.0191988125443, "var": 0.00245578610338, "dvar": 0.000