{"lowlevel": {"spectral_complexity": {"min": 0, "max": 64, "dvar2": 53.2118415833, "median": 17, "dmean2": 6.30023050308, "dmean": 4.6049952507, "var": 180.632705688, "dvar": 37.0979156494, "mean": 18.2843990326}, "silence_rate_20dB": {"min": 1, "max": 1, "dvar2": 0, "median": 1, "dmean2": 0, "dmean": 0, "var": 0, "dvar": 0, "mean": 1}, "average_loudness": 0.914970397949, "erbbands_spread": {"min": 9.68990135193, "max": 150.15322876, "dvar2": 198.762161255, "median": 49.4401245117, "dmean2": 14.9330034256, "dmean": 9.75053977966, "var": 355.203552246, "dvar": 85.9746627808, "mean": 51.2691383362}, "spectral_kurtosis": {"min": -1.23817873001, "max": 13.8185157776, "dvar2": 1.84927368164, "median": 2.78975582123, "dmean2": 1.3326382637, "dmean": 0.846415102482, "var": 2.19491958618, "dvar": 0.70638602972, "mean": 2.92208003998}, "barkbands_kurtosis": {"min": -1.86386966705, "max": 151.424575806, "dvar2": 52.507434845, "median": 0.0249662399292, "dmean2": 3.14123606682, "dmean": 2.01761889458, "var": 44.8992156982, "dvar": 24.7973327637, "mean": 1.69884443283}, "spectral_strongpeak": {"min": 0, "max": 9.05582141876, "dvar2": 1.39042913914, "median": 0.274893015623, "dmean2": 0.646932244301, "dmean": 0.371746093035, "var": 0.550682604313, "dvar": 0.503407895565, "mean": 0.528661549091}, "spectral_spread": {"min": 2457328.75, "max": 41962892, "dvar2": 1576320499710.0, "median": 5335430, "dmean2": 1066159.125, "dmean": 756104.875, "var": 3351260168190.0, "dvar": 830194384896, "mean": 5649565.5}, "spectral_rms": {"min": 3.19043229335e-12, "max": 0.0122629180551, "dvar2": 2.51327696787e-06, "median": 0.00332851731218, "dmean2": 0.00110045738984, "dmean": 0.000777933048084, "var": 3.751719305e-06, "dvar": 1.17667480026e-06, "mean": 0.00334164290689}, "erbbands": {"min": [1.51429830243e-21, 6.62435517049e-21, 2.28256887275e-20, 2.67175137328e-20, 2.23245659103e-20, 4.65046013321e-20, 1.59319251128e-19, 2.75699918549e-19, 2.66559986371e-19, 6.25500485829e-19, 7.42860199054e-19, 1.24114025497e-18, 7.57909509528e-19, 2.02683631224e-18, 2.41428647039e-18, 2.66828571916e-18, 4.22971899271e-18, 5.52513387639e-18, 4.88693301454e-18, 4.75984912113e-18, 6.90796231208e-18, 7.80217267839e-18, 4.5781282939e-18, 9.13455385006e-18, 1.16691493978e-17, 1.53965460064e-17, 1.75580814435e-17, 1.52931649734e-17, 1.25002169321e-17, 1.65650577356e-17, 1.5510921924e-17, 1.78515138397e-17, 1.49071462513e-17, 1.28881348609e-17, 8.07825247964e-18, 4.55864322739e-18, 3.20952550359e-18, 1.19119798472e-18, 3.28333653571e-19, 3.48764969464e-20], "max": [0.741388559341, 4.45830154419, 29.8663368225, 106.731338501, 260.108917236, 314.246887207, 347.9503479, 507.329498291, 351.360076904, 510.907958984, 446.249420166, 581.025695801, 570.403625488, 414.578033447, 468.731323242, 546.708129883, 659.741210938, 564.937194824, 537.678588867, 721.473083496, 988.275024414, 408.543273926, 412.966827393, 344.341400146, 515.983154297, 208.257385254, 186.797348022, 479.631317139, 368.569976807, 200.958511353, 102.329986572, 98.4878387451, 73.9653091431, 28.1537284851, 19.2722511292, 9.10082530975, 4.26746320724, 1.0431997776, 0.0587460845709, 0.00243072910234], "dvar2": [0.00957780145109, 0.353767484426, 13.6058397293, 158.576782227, 891.008605957, 1079.08056641, 1631.22363281, 939.652954102, 553.789794922, 1195.07250977, 1007.53265381, 2537.1015625, 1016.58905029, 850.957458496, 1143.16540527, 1093.50927734, 2598.26391602, 1747.25195312, 2345.99121094, 3296.43945312, 2460.89453125, 1605.65222168, 1521.19995117, 1165.9588623, 1006.6505127, 527.679870605, 321.798919678, 405.580352783, 279.640716553, 209.137039185, 106.320487976, 61.6668701172, 22.4584197998, 6.84128952026, 2.1475892067, 0.495068103075, 0.14814004302, 0.00656713498756, 2.9618935514e-05, 4.80714170692e-08], "median": [0.0048114079982, 0.0647244602442, 0.389642059803, 1.61046218872, 2.79324412346, 3.76001620293, 3.41822075844, 4.14014101028, 6.78266477585, 6.22938203812, 4.89411973953, 4.80438184738, 5.26556158066, 6.08606815338, 6.05130767822, 6.18769550323, 5.24451398849, 3.90461945534, 4.74247932434, 6.53154659271, 6.61027860641, 10.2209682465, 12.2064390182, 11.357878685, 8.89313411713, 5.48053121567, 4.2045750618, 3.6204855442, 3.67990803719, 2.51866555214, 1.63087964058, 1.27041232586, 0.865185022354, 0.477184593678, 0.213418215513, 0.0838793367147, 0.0240605399013, 0.0036558592692, 0.000272972858511, 2.92436307063e-05], "dmean2": [0.0381130464375, 0.261358529329, 1.54676246643, 6.08748912811, 10.4411153793, 13.2207336426, 14.7927246094, 12.4575119019, 13.6625747681, 14.654583931, 13.2213039398, 19.7969722748, 13.099773407, 14.5436935425, 14.8680477142, 14.1886920929, 19.3834056854, 15.7611598969, 19.7240409851, 23.8821372986, 19.4733161926, 20.9412479401, 20.2096004486, 18.5036811829, 15.3293600082, 10.2519626617, 7.79656124115, 7.44481611252, 7.30120754242, 6.30673933029, 4.80220270157, 3.79148745537, 2.39053368568, 1.29185390472, 0.660260498524, 0.352427691221, 0.17633767426, 0.0348492115736, 0.00244205351919, 0.00010282581934], "dmean": [0.0290912706405, 0.182455524802, 0.888233840466, 3.57337498665, 6.04684257507, 7.896443367, 9.11256504059, 7.65131139755, 8.49692058563, 8.97826385498, 8.23219585419, 12.5328636169, 8.1712808609, 9.18111133575, 9.33919906616, 9.0260477066, 12.0716209412, 10.0478582382, 12.3520622253, 15.1897039413, 12.289144516, 13.8690567017, 13.6464204788, 12.2344932556, 10.2672672272, 7.08894300461, 5.68037843704, 5.42623186111, 5.42629814148, 4.56964969635, 3.57867217064, 2.84942269325, 1.74405038357, 0.911635518074, 0.458995759487, 0.250474959612, 0.123791009188, 0.0248209200799, 0.00179243355524, 7.69316175138e-05], "var": [0.00921682454646, 0.273245602846, 4.52131748199, 57.414730072, 230.899017334, 346.488342285, 629.312927246, 362.913421631, 319.854705811, 438.709259033, 482.951873779, 1430.69299316, 527.056091309, 564.857116699, 840.098022461, 715.054870605, 1452.17443848, 1081.25256348, 1258.11730957, 1980.39099121, 1960.39025879, 1197.85864258, 1125.49182129, 863.028625488, 662.453979492, 407.721343994, 330.128997803, 300.770324707, 250.986114502, 165.036468506, 108.808029175, 64.3428115845, 21.477022171, 5.90099143982, 1.85725176334, 0.582597792149, 0.113688841462, 0.00439851684496, 2.33440478041e-05, 4.09171008187e-08], "dvar": [0.0057473173365, 0.167154341936, 4.78628253937, 61.158996582, 318.065002441, 398.313140869, 656.174621582, 360.178924561, 222.566436768, 445.214538574, 383.65322876, 1000.32159424, 389.718658447, 347.26449585, 438.479736328, 449.316375732, 1019.70007324, 693.734924316, 925.731567383, 1282.43408203, 997.829650879, 685.297119141, 670.480651855, 525.129577637, 436.668609619, 247.206665039, 169.055770874, 189.508453369, 138.598358154, 98.1594009399, 55.3316383362, 32.1390380859, 10.9371118546, 3.05430293083, 0.948192000389, 0.252413898706, 0.0683996975422, 0.00296857580543, 1.43502147694e-05, 2.37635262579e-08], "mean": [0.0356415770948, 0.272234141827, 1.22689306736, 4.01593780518, 6.60766267776, 9.41417598724, 10.8634490967, 9.9154586792, 12.619512558, 12.5586509705, 11.6697130203, 17.2377052307, 12.3166646957, 14.0759162903, 14.8146409988, 14.2558660507, 17.0072364807, 14.1897726059, 16.9640979767, 22.076379776, 18.9645137787, 23.3798885345, 23.8135299683, 21.3781642914, 17.6938915253, 12.0305271149, 9.98279762268, 9.04115104675, 8.97461700439, 6.9444861412, 5.41670465469, 4.29991436005, 2.7244477272, 1.48215293884, 0.75664293766, 0.377104252577, 0.15515050292, 0.0296268817037, 0.00221176468767, 0.000107405539893]}, "zerocrossingrate": {"min": 0.0068359375, "max": 0.50830078125, "dvar2": 0.000397136056563, "median": 0.0888671875, "dmean2": 0.0208217278123, "dmean": 0.018865428865, "var": 0.00305608776398, "dvar": 0.000355127849616, "mean": 0.102295897901}, "spectral_contrast_coeffs": {"min": [-0.971291482449, -0.962717533112, -0.975767374039, -0.96112370491, -0.967334985733, -0.961964547634], "max": [-0.226137518883, -0.473835736513, -0.542213559151, -0.575746655464, -0.616587877274, -0.606393098831], "dvar2": [0.00657421117648, 0.00371004664339, 0.00209681480192, 0.00144855119288, 0.000668629538268, 0.00074003986083], "median": [-0.623742997646, -0.763549089432, -0.805366516113, -0.801120519638, -0.797729849815, -0.780780434608], "dmean2": [0.0928312838078, 0.0752026289701, 0.0572081245482, 0.0469565279782, 0.0324572250247, 0.0301357153803], "dmean": [0.0591642446816, 0.0451372228563, 0.0349649786949, 0.0289363022894, 0.0203322097659, 0.0196126755327], "var": [0.0100560970604, 0.00376940146089, 0.00348476087674, 0.00280423928052, 0.00161512754858, 0.00168794498313], "dvar": [0.00282730464824, 0.00138020794839, 0.000823538051918, 0.000575542217121, 0.000282288063318, 0.00033382922993], "mean": [-0.620085537434, -0.76097291708, -0.798039138317, -0.796887934208, -0.796517491341, -0.779776275158]}, "dissonance": {"min": 0.322300046682, "max": 0.500000059605, "dvar2": 0.000373278075131, "median": 0.484063744545, "dmean2": 0.0193074215204, "dmean": 0.0114347934723, "var": 0.000247861666139, "dvar": 0.000137937546242, "mean": 0.480043977499}, "spectral_energyband_high": {"min": 7.77900438987e-21, "max": 0.0241609998047, "dvar2": 2.41432030634e-06, "median": 0.000511103135068, "dmean2": 0.00082312442828, "dmean": 0.000657254189719, "var": 3.51263747689e-06, "dvar": 1.4431298041e-06, "mean": 0.0012010402279}, "gfcc": {"mean": [-23.3085651398, 53.0678710938, -108.164230347, 34.1187667847, -62.4733009338, 4.19334030151, -43.2495002747, 8.24950122833, -29.8290348053, -2.45180392265, -18.529838562, 2.55258226395, -16.310754776], "icov": [[0.000102837751911, -0.000119909462228, 0.000174771237653, 2.06937820622e-05, 8.74134566402e-05, -0.000217684937525, 0.000307291542413, -8.19870401756e-05, 0.000292892305879, -0.000515347986948, 0.000665828527417, -0.000445935380412, 0.000407527259085], [-0.000119909462228, 0.00155167421326, 0.000447730970336, -0.000217778419028, -0.00105851073749, 0.000489400525112, -0.000685286591761, -0.000279507978121, -0.00100759556517, 0.00253507494926, -0.00293640606105, 0.00233732629567, -0.000971725326963], [0.000174771237653, 0.000447730970336, 0.00242827064358, -0.000640648358967, -0.000811784411781, -0.000707809522282, 0.000246094947215, -0.000460232113255, 0.000611280731391, -0.00169543968514, 0.0017867294373, -0.00254141236655, 0.00192165805493], [2.06937820622e-05, -0.000217778419028, -0.000640648358967, 0.00474084774032, -0.00063018896617, -0.000541983055882, 0.00130297825672, 4.11330256611e-05, -0.00219913944602, 0.00246812659316, -0.0030018708203, 0.00182386185043, -0.00154423562344], [8.74134566402e-05, -0.00105851073749, -0.000811784411781, -0.00063018896617, 0.00687893573195, 4.29347273894e-05, -0.00193381798454, 0.000173506065039, -0.00112584803719, -0.00308606447652, 0.0026465007104, -0.00144650402945, -6.09030248597e-05], [-0.000217684937525, 0.000489400525112, -0.000707809522282, -0.000541983055882, 4.29347273894e-05, 0.00759436516091, -0.0035497804638, 0.000103241727629, -0.000881952932104, 0.000215705425944, -0.00171920226421, 0.00221473746933, -0.00129910337273], [0.000307291542413, -0.000685286591761, 0.000246094947215, 0.00130297825672, -0.00193381798454, -0.0035497804638, 0.0111483158544, -0.00299883028492, 0.00111309578642, -0.000509225705173, -0.00138273241464, -0.000964626087807, 0.00280747446232], [-8.19870401756e-05, -0.000279507978121, -0.000460232113255, 4.11330256611e-05, 0.000173506065039, 0.000103241727629, -0.00299883028492, 0.013111977838, -0.00575939705595, 0.00114781653974, -0.00152409181464, -0.00268802675419, 6.56601059745e-07], [0.000292892305879, -0.00100759556517, 0.000611280731391, -0.00219913944602, -0.00112584803719, -0.000881952932104, 0.00111309578642, -0.00575939705595, 0.0191072002053, -0.0101530477405, 0.00601749727502, -0.00112588971388, -0.000540589913726], [-0.000515347986948, 0.00253507494926, -0.00169543968514, 0.00246812659316, -0.00308606447652, 0.000215705425944, -0.000509225705173, 0.00114781653974, -0.0101530477405, 0.0273524820805, -0.0152753554285, 0.0068583781831, -0.00390789238736], [0.000665828527417, -0.00293640606105, 0.0017867294373, -0.0030018708203, 0.0026465007104, -0.00171920226421, -0.00138273241464, -0.00152409181464, 0.00601749727502, -0.0152753554285, 0.0312833636999, -0.0163225717843, 0.00595286954194], [-0.000445935380412, 0.00233732629567, -0.00254141236655, 0.00182386185043, -0.00144650402945, 0.00221473746933, -0.000964626087807, -0.00268802675419, -0.00112588971388, 0.0068583781831, -0.0163225717843, 0.0288527756929, -0.0100413728505], [0.000407527259085, -0.000971725326963, 0.00192165805493, -0.00154423562344, -6.09030248597e-05, -0.00129910337273, 0.00280747446232, 6.56601059745e-07, -0.000540589913726, -0.00390789238736, 0.00595286954194, -0.0100413728505, 0.023406997323]], "cov": [[16528.8691406, 668.413452148, -1390.91479492, -394.734161377, -429.969146729, -7.67565441132, -462.488006592, -192.281234741, -240.648590088, -81.1741638184, -287.504089355, -147.623214722, -127.266914368], [668.413452148, 1328.01843262, -409.915039062, 122.497703552, 122.499664307, -16.27435112, 77.3530883789, 54.8755874634, 50.4461746216, -60.5659103394, 62.0745849609, -66.8952941895, 21.934173584], [-1390.91479492, -409.915039062, 779.40826416, 59.6468162537, 111.455337524, 71.2386856079, 56.4743728638, 48.451171875, 37.6123466492, 70.2283172607, 20.2861232758, 73.6744995117, -16.3444423676], [-394.734161377, 122.497703552, 59.6468162537, 281.670288086, 52.943523407, 21.4691085815, 0.439783275127, 24.1237545013, 46.1492729187, 0.473039239645, 28.7552757263, -0.15205091238, 20.6861763], [-429.969146729, 122.499664307, 111.455337524, 52.943523407, 225.710372925, 31.4832115173, 68.5449066162, 40.8303413391, 52.6259727478, 35.8472747803, 19.1609363556, 12.2669992447, 8.61585235596], [-7.67565441132, -16.27435112, 71.2386856079, 21.4691085815, 31.4832115173, 174.380493164, 64.3305664062, 24.0090847015, 19.2473182678, 21.3934173584, 16.1439571381, 2.87482786179, -1.7867834568], [-462.488006592, 77.3530883789, 56.4743728638, 0.439783275127, 68.5449066162, 64.3305664062, 157.784133911, 50.0379142761, 21.888879776, 18.4424762726, 34.1585769653, 12.954659462, -8.06677055359], [-192.281234741, 54.8755874634, 48.451171875, 24.1237545013, 40.8303413391, 24.0090847015, 50.0379142761, 114.257919312, 45.8146324158, 19.0905647278, 24.9050102234, 21.1564407349, 5.6609582901], [-240.648590088, 50.4461746216, 37.6123466492, 46.1492729187, 52.6259727478, 19.2473182678, 21.888879776, 45.8146324158, 95.2322006226, 35.2495918274, 10.8490114212, 4.41524791718, 12.0387220383], [-81.1741638184, -60.5659103394, 70.2283172607, 0.473039239645, 35.8472747803, 21.3934173584, 18.4424762726, 19.0905647278, 35.2495918274, 74.0534439087, 27.3691368103, 13.0179452896, 4.03429269791], [-287.504089355, 62.0745849609, 20.2861232758, 28.7552757263, 19.1609363556, 16.1439571381, 34.1585769653, 24.9050102234, 10.8490114212, 27.3691368103, 74.1662750244, 30.9053821564, 3.87840747833], [-147.623214722, -66.8952941895, 73.6744995117, -0.15205091238, 12.2669992447, 2.87482786179, 12.954659462, 21.1564407349, 4.41524791718, 13.0179452896, 30.9053821564, 67.0704345703, 15.5596952438], [-127.266914368, 21.934173584, -16.3444423676, 20.6861763, 8.61585235596, -1.7867834568, -8.06677055359, 5.6609582901, 12.0387220383, 4.03429269791, 3.87840747833, 15.5596952438, 56.0860137939]]}, "spectral_flux": {"min": 6.48880740806e-11, "max": 0.348815441132, "dvar2": 0.00168777629733, "median": 0.0591041333973, "dmean2": 0.0308680851012, "dmean": 0.0209902487695, "var": 0.00236157374457, "dvar": 0.000901136838365, "mean": 0.0672922357917}, "silence_rate_30dB": {"min": 1, "max": 1, "dvar2": 0, "median": 1, "dmean2": 0, "dmean": 0, "var": 0, "dvar": 0, "mean": 1}, "spectral_energyband_middle_high": {"min": 1.16295283238e-21, "max": 0.0436343774199, "dvar2": 2.18216518988e-05, "median": 0.00228717457503, "dmean2": 0.0025371783413, "dmean": 0.00178502092604, "var": 2.18323366425e-05, "dvar": 1.01678933788e-05, "mean": 0.00383338076063}, "barkbands_spread": {"min": 2.00665426254, "max": 120.400337219, "dvar2": 159.582214355, "median": 32.7702598572, "dmean2": 12.7904844284, "dmean": 8.55798149109, "var": 273.83291626, "dvar": 74.5905914307, "mean": 35.4424133301}, "spectral_centroid": {"min": 226.485275269, "max": 11233.3886719, "dvar2": 257382.953125, "median": 1791.65612793, "dmean2": 506.593444824, "dmean": 335.321014404, "var": 461549.6875, "dvar": 120918.109375, "mean": 1846.72583008}, "pitch_salience": {"min": 0.0845997035503, "max": 0.858203887939, "dvar2": 0.00957946013659, "median": 0.625159442425, "dmean2": 0.113301172853, "dmean": 0.0706891342998, "var": 0.0110776629299, "dvar": 0.00413319701329, "mean": 0.610765278339}, "erbbands_skewness": {"min": -3.04447698593, "max": 2.76941871643, "dvar2": 0.2065102458, "median": -0.141513779759, "dmean2": 0.506447017193, "dmean": 0.331639498472, "var": 0.381477445364, "dvar": 0.0896624103189, "mean": -0.123697429895}, "erbbands_crest": {"min": 2.31522893906, "max": 26.9894981384, "dvar2": 12.6226797104, "median": 5.78238964081, "dmean2": 3.51965355873, "dmean": 2.14327049255, "var": 11.0197048187, "dvar": 4.98863792419, "mean": 6.71434211731}, "melbands": {"min": [1.7382411207e-23, 1.38268983558e-23, 4.44878738588e-24, 2.49059441098e-24, 5.14612662103e-24, 6.68861593129e-24, 4.4849724356e-24, 7.86663138739e-24, 6.29765252236e-24, 7.44033016535e-24, 3.20851680208e-24, 7.61204388517e-24, 7.49651914991e-24, 8.0163067001e-24, 5.75772929756e-24, 9.52548359763e-24, 9.48755437645e-24, 7.67141592348e-24, 5.39284641901e-24, 7.95553680027e-24, 7.85772514777e-24, 8.18533277082e-24, 5.33293834972e-24, 4.09094785193e-24, 7.70272581281e-24, 7.04190413225e-24, 9.66747303854e-24, 1.06521142321e-23, 1.08596919352e-23, 9.41568283709e-24, 8.42703028585e-24, 6.08699747281e-24, 7.85834677016e-24, 1.00001577704e-23, 7.40085872109e-24, 1.1022887535e-23, 1.08825436579e-23, 1.00776546768e-23, 9.94185621632e-24, 9.71746157639e-24], "max": [0.00620812550187, 0.0111477486789, 0.0207761600614, 0.0173083543777, 0.0110484957695, 0.0102151669562, 0.004860623274, 0.00553002720699, 0.00291998661123, 0.00353564065881, 0.00281797535717, 0.0015937697608, 0.00205015600659, 0.00211868318729, 0.00145927013364, 0.00176328094676, 0.000919909682125, 0.000842302979436, 0.000826433883049, 0.000866562244482, 0.00155289412942, 0.000394569942728, 0.000415454735048, 0.000562865461688, 0.000265841983492, 0.00034984870581, 0.000351992581272, 0.000145656827954, 0.000144847901538, 0.000147392391227, 0.000354277901351, 0.000241139074205, 0.000162205222296, 0.000102301142761, 6.36433978798e-05, 0.000100865865534, 7.43712007534e-05, 6.73001195537e-05, 3.4538035834e-05, 2.92615950457e-05], "dvar2": [6.13867598531e-07, 1.99926853384e-06, 7.05091315467e-06, 4.98712552144e-06, 1.72917827967e-06, 5.0729937584e-07, 1.29131478843e-07, 1.34695611109e-07, 5.99638880772e-08, 9.61473460848e-08, 2.70919837675e-08, 1.6435873107e-08, 1.52972639e-08, 1.37288029833e-08, 1.01762580584e-08, 1.11502611588e-08, 6.60119514606e-09, 7.60110019371e-09, 5.47606182622e-09, 5.95727067676e-09, 3.9250891426e-09, 1.98823202346e-09, 2.03329308945e-09, 1.44302492178e-09, 8.2407758395e-10, 5.76722336554e-10, 5.1433501902e-10, 2.51670045914e-10, 1.64236291234e-10, 1.27365853975e-10, 1.83287593436e-10, 1.09576230034e-10, 8.21300527587e-11, 6.17938547554e-11, 3.94095971135e-11, 4.1049382643e-11, 2.43494634178e-11, 1.65595349932e-11, 5.70391867419e-12, 6.21147014032e-12], "median": [5.55021615583e-05, 0.000181775729288, 0.000314764038194, 0.00025867583463, 0.000135996859171, 9.3978807854e-05, 0.000105023296783, 6.48199056741e-05, 3.83640945074e-05, 2.66655588348e-05, 2.53962480201e-05, 2.48537489824e-05, 1.66289682966e-05, 1.90553309949e-05, 1.27251078084e-05, 8.72748933034e-06, 6.7513697104e-06, 7.54391021474e-06, 7.14788802725e-06, 8.13957831269e-06, 7.04231160853e-06, 9.38125231187e-06, 1.08484045995e-05, 1.01594932858e-05, 8.42566350912e-06, 6.98465919413e-06, 4.59273587694e-06, 3.20504432239e-06, 2.6384091143e-06, 2.00119575311e-06, 2.0433312784e-06, 2.05158562494e-06, 1.81287646228e-06, 1.10432404199e-06, 9.53381800173e-07, 7.33136005238e-07, 7.78630123932e-07, 6.31853083632e-07, 4.66715391667e-07, 3.69075053186e-07], "dmean2": [0.00030823412817, 0.00062036444433, 0.00115930219181, 0.000862439337652, 0.000510327576194, 0.000286304799374, 0.00020800436323, 0.000156942944159, 0.000109006934508, 0.000121246943309, 6.78160140524e-05, 6.38553174213e-05, 4.9626280088e-05, 4.88591867907e-05, 4.26125225204e-05, 3.74993869627e-05, 3.11364856316e-05, 3.54589428753e-05, 2.921999112e-05, 3.23075910273e-05, 2.33418904827e-05, 2.16898642975e-05, 2.48501128226e-05, 1.87920468306e-05, 1.59051651281e-05, 1.22956107589e-05, 1.02174672065e-05, 6.86224939273e-06, 5.64464971831e-06, 4.48376658824e-06, 4.8655028877e-06, 4.44962915935e-06, 4.17917999584e-06, 3.42763974004e-06, 2.95526092486e-06, 2.64812661044e-06, 2.41490602093e-06, 1.97062377083e-06, 1.25345786728e-06, 1.1442811001e-06], "dmean": [0.00024264898093, 0.000362229940947, 0.00067431118805, 0.000510109530296, 0.000315955869155, 0.000175681692781, 0.000129136096803, 9.60087199928e-05, 6.83740072418e-05, 7.65817603678e-05, 4.2141553422e-05, 4.0124028601e-05, 3.10346986225e-05, 3.06725487462e-05, 2.67922496278e-05, 2.36323812715e-05, 1.96086730284e-05, 2.20105521294e-05, 1.82435996976e-05, 2.04476873478e-05, 1.45461999637e-05, 1.39760204547e-05, 1.65840228874e-05, 1.22953160826e-05, 1.0311456208e-05, 8.09254106571e-06, 6.69870541969e-06, 4.64413687951e-06, 3.98166093873e-06, 3.1474116895e-06, 3.414535513e-06, 3.21735774378e-06, 2.98871327686e-06, 2.42869055e-06, 2.13464750232e-06, 1.94280892174e-06, 1.7601065565e-06, 1.39837698043e-06, 8.86537065981e-07, 7.79367780979e-07], "var": [5.97198948071e-07, 7.60337059091e-07, 2.29793067774e-06, 1.42134945236e-06, 6.98970950452e-07, 1.89837223274e-07, 7.40797432286e-08, 5.26897636632e-08, 3.11460155444e-08, 5.3459530136e-08, 1.40688101169e-08, 1.05007371687e-08, 1.11750821929e-08, 1.07126201243e-08, 5.59221113861e-09, 6.03293059953e-09, 3.92496302126e-09, 3.91671006739e-09, 3.33304917e-09, 3.44199069247e-09, 3.19840220975e-09, 1.21953869225e-09, 1.58736146449e-09, 8.72186545209e-10, 5.79664038991e-10, 3.87953724701e-10, 2.99545110938e-10, 1.77173942184e-10, 1.49894804902e-10, 9.92944823586e-11, 1.13531621604e-10, 8.82973624772e-11, 6.49167317124e-11, 4.63992594346e-11, 3.70258823601e-11, 3.42454467561e-11, 2.2585166376e-11, 1.33101819497e-11, 5.69565965572e-12, 4.27590905391e-12], "dvar": [3.49611838146e-07, 7.09615790129e-07, 2.64898221758e-06, 1.79556229796e-06, 7.00542386767e-07, 1.94030349121e-07, 5.2134030426e-08, 5.02671362312e-08, 2.31978347642e-08, 3.78050515337e-08, 1.03568611465e-08, 6.65065158501e-09, 5.88283777248e-09, 5.62078383837e-09, 4.05640587786e-09, 4.40908376476e-09, 2.62462029887e-09, 3.01300362437e-09, 2.1162716024e-09, 2.39437647487e-09, 1.55703061555e-09, 8.21415824248e-10, 8.85516604487e-10, 6.05123340325e-10, 3.65571461991e-10, 2.49139625597e-10, 2.17866266694e-10, 1.13922066225e-10, 8.21112206006e-11, 5.97622090703e-11, 8.08786163042e-11, 5.21449411428e-11, 3.86921258921e-11, 2.84303015158e-11, 1.97244026667e-11, 1.98864102269e-11, 1.20355505076e-11, 7.65603639513e-12, 2.75402378853e-12, 2.60260866677e-12], "mean": [0.000321808765875, 0.000540802371688, 0.000752517022192, 0.000602258020081, 0.00038814425352, 0.000223752111197, 0.00019309821073, 0.000133154157083, 9.7262665804e-05, 0.000104102153273, 6.15833632764e-05, 5.94688135607e-05, 4.66830460937e-05, 4.68173602712e-05, 3.63855688192e-05, 3.23830390698e-05, 2.60411834461e-05, 2.8224028938e-05, 2.58605068666e-05, 2.82038436126e-05, 2.10652306123e-05, 2.21222144319e-05, 2.66921051661e-05, 1.99263649847e-05, 1.69348968484e-05, 1.37679899126e-05, 1.06286388473e-05, 7.4070685514e-06, 6.60571549815e-06, 5.17030593983e-06, 5.34352011528e-06, 5.15927331435e-06, 4.60892078991e-06, 3.51855419467e-06, 3.16583032145e-06, 2.78051834357e-06, 2.60188267021e-06, 2.06745176001e-06, 1.43214947457e-06, 1.19929848097e-06]}, "spectral_entropy": {"min": 6.62559318542, "max": 9.8103427887, "dvar2": 0.0373337306082, "median": 7.9280591011, "dmean2": 0.210992887616, "dmean": 0.14900752902, "var": 0.0890315920115, "dvar": 0.0188031364232, "mean": 7.94598388672}, "spectral_rolloff": {"min": 64.599609375, "max": 19078.4179688, "dvar2": 3878534.25, "median": 2347.11914062, "dmean2": 1577.85998535, "dmean": 1007.21270752, "var": 6196835, "dvar": 1946395.875, "mean": 2866.16699219}, "barkbands": {"min": [9.69030503972e-24, 4.7121899354e-23, 1.54810103008e-23, 5.34575221183e-24, 1.05305476111e-23, 4.57467475577e-23, 2.36270830421e-23, 3.47177305735e-23, 4.31238954884e-23, 4.2869598287e-23, 3.99732165873e-23, 7.2285584043e-23, 1.05310709415e-22, 9.79103295322e-23, 7.49425622351e-23, 1.38958365947e-22, 1.30233917745e-22, 7.28268057329e-23, 1.95759695894e-22, 3.40059533694e-22, 3.42173958599e-22, 3.47865823533e-22, 6.39560762133e-22, 8.54821793801e-22, 1.18889885882e-21, 1.52019933541e-21, 2.34160634442e-21], "max": [0.00084710365627, 0.0210301801562, 0.0319802574813, 0.0597076155245, 0.0742597654462, 0.0487168878317, 0.0202435962856, 0.0220880545676, 0.0205328147858, 0.012842730619, 0.0126833897084, 0.0139675335959, 0.0149135757238, 0.00968056824058, 0.0108998427168, 0.0162176415324, 0.00695927720517, 0.0107934530824, 0.00659074634314, 0.00459772488102, 0.00858061946929, 0.0101532787085, 0.00391617463902, 0.00417012860999, 0.00245752511546, 0.00217699143104, 0.000331453193212], "dvar2": [1.25448753607e-08, 6.98193844073e-06, 1.78870122909e-05, 4.37545677414e-05, 8.3237006038e-05, 2.16351545532e-05, 3.77374999516e-06, 2.45805244958e-06, 3.5845603179e-06, 1.1694925206e-06, 7.21177059404e-07, 8.27577252949e-07, 1.25278063479e-06, 8.43691509544e-07, 9.99279109237e-07, 9.59714725468e-07, 5.44088607057e-07, 6.41436542992e-07, 3.40616480798e-07, 2.6158963351e-07, 2.05553448041e-07, 2.20570399279e-07, 1.22245992884e-07, 9.66184998674e-08, 4.45076722144e-08, 3.30654650327e-08, 1.18287157846e-09], "median": [2.09767458728e-05, 0.000222286529606, 0.000430343439803, 0.000517051841598, 0.00118727446534, 0.000458282098407, 0.000484483200125, 0.000188036559848, 0.000192813196918, 0.000189150683582, 8.1913334725e-05, 0.000153158398462, 0.000107919229777, 7.73868523538e-05, 9.8673721368e-05, 0.000108852036647, 0.000173291016836, 0.000218900007894, 0.000187565092347, 0.000113824447908, 9.11737442948e-05, 0.000102092490124, 5.92876931478e-05, 5.72525786993e-05, 3.6751251173e-05, 1.57823378686e-05, 1.49955417328e-06], "dmean2": [4.96432803629e-05, 0.00108700664714, 0.00176623254083, 0.002776511712, 0.00358659517951, 0.00173453451134, 0.00104456453118, 0.00062724709278, 0.000792930601165, 0.000495848362334, 0.000325922737829, 0.000401569879614, 0.000437621056335, 0.000368032982806, 0.000411837623687, 0.000405411206884, 0.000394150672946, 0.000408935156884, 0.000316893361742, 0.000231559301028, 0.000180045026354, 0.000208693047171, 0.000165379227838, 0.000158570241183, 0.000100693381683, 8.67036287673e-05, 1.51215044752e-05], "dmean": [3.60507983714e-05, 0.000837168830913, 0.00100026349537, 0.00162181979977, 0.00215885345824, 0.00106190156657, 0.000643116130959, 0.000383924081689, 0.000501470465679, 0.000308426155243, 0.000201110684429, 0.000253559061093, 0.00027311858139, 0.000231500569498, 0.000253944162978, 0.000256448081927, 0.000256761268247, 0.000273949466646, 0.000210174111999, 0.000157897244208, 0.000132057612063, 0.000154494060553, 0.000124312355183, 0.00011872297182, 7.1134789323e-05, 6.18973572273e-05, 1.09546390377e-05], "var": [1.04457491545e-08, 6.52337803331e-06, 5.20464254805e-06, 1.47749324242e-05, 2.62337671302e-05, 7.46069645174e-06, 1.82770361334e-06, 1.15029058634e-06, 2.1373537038e-06, 6.64215008328e-07, 5.30659633569e-07, 6.03411422162e-07, 7.1135576718e-07, 4.81657139062e-07, 5.44519707546e-07, 7.07822380264e-07, 3.80593633054e-07, 4.42338347284e-07, 2.57373216073e-07, 1.95645569079e-07, 1.81263771992e-07, 1.94524218955e-07, 1.31338396159e-07, 1.02477649477e-07, 4.0602500917e-08, 3.09492627082e-08, 8.70872485237e-10], "dvar": [7.13678405262e-09, 3.69911117559e-06, 6.23940422884e-06, 1.66580375662e-05, 3.08858434437e-05, 8.26904579299e-06, 1.47784680848e-06, 9.25594292767e-07, 1.4263423509e-06, 4.47926481684e-07, 2.79519611013e-07, 3.41128156833e-07, 4.99944519561e-07, 3.366165231e-07, 3.80772576136e-07, 3.87878230867e-07, 2.29611970326e-07, 2.81428071958e-07, 1.51909830493e-07, 1.20804713788e-07, 1.01794640273e-07, 1.08497069107e-07, 6.48971578698e-08, 4.96340746281e-08, 1.98881053848e-08, 1.6105834888e-08, 5.60155699603e-10], "mean": [4.88086261612e-05, 0.00117996684276, 0.0012719174847, 0.00165853207, 0.00266462564468, 0.00126512849238, 0.000928710447624, 0.000505756062921, 0.000700469536241, 0.000452071428299, 0.000284954672679, 0.000377132877475, 0.000376558484277, 0.00030234848964, 0.000346041284502, 0.000369717861759, 0.000412267254433, 0.000447547092335, 0.000368409790099, 0.000261438894086, 0.000226833144552, 0.000250981654972, 0.00019013673591, 0.000184177100891, 0.000119525117043, 8.39066051412e-05, 1.3270886484e-05]}, "melbands_flatness_db": {"min": 0.00482308585197, "max": 0.405537813902, "dvar2": 0.00126129842829, "median": 0.135839447379, "dmean2": 0.0395932644606, "dmean": 0.026634497568, "var": 0.00277909869328, "dvar": 0.000597191567067, "mean": 0.139240860939}, "melbands_skewness": {"min": -1.17935621738, "max": 23.1307544708, "dvar2": 1.72844791412, "median": 2.32441139221, "dmean2": 1.17531764507, "dmean": 0.771225333214, "var": 3.12119865417, "dvar": 0.868354439735, "mean": 2.65201282501}, "barkbands_skewness": {"min": -2.71544384956, "max": 11.7282161713, "dvar2": 0.674122452736, "median": 1.01366019249, "dmean2": 0.799827694893, "dmean": 0.532778203487, "var": 1.23270559311, "dvar": 0.325267374516, "mean": 1.14144432545}, "silence_rate_60dB": {"min": 0, "max": 1, "dvar2": 0.0943949595094, "median": 0, "dmean2": 0.0863344222307, "dmean": 0.0431619770825, "var": 0.148545950651, "dvar": 0.0412977151573, "mean": 0.181476548314}, "spectral_energyband_low": {"min": 9.14297867087e-23, "max": 0.0444202460349, "dvar2": 4.82896393805e-05, "median": 0.00143195781857, "dmean2": 0.00360656576231, "dmean": 0.00220585637726, "var": 2.26326919801e-05, "dvar": 1.73816115421e-05, "mean": 0.00339213968255}, "spectral_energyband_middle_low": {"min": 1.96752890706e-22, "max": 0.129435941577, "dvar2": 0.000330898648826, "median": 0.00510500045493, "dmean2": 0.00791594572365, "dmean": 0.00498961191624, "var": 0.00013305133325, "dvar": 0.000130287138745, "mean": 0.00781025970355}, "melbands_kurtosis": {"min": -1.8399014473, "max": 713.380249023, "dvar2": 893.688903809, "median": 5.90719604492, "dmean2": 11.3262729645, "dmean": 7.38472032547, "var": 810.419799805, "dvar": 446.047454834, "mean": 12.2401103973}, "spectral_decrease": {"min": -3.83906417767e-08, "max": 6.63260120006e-29, "dvar2": 3.27066155412e-17, "median": -2.62572119603e-09, "dmean2": 2.8302249433e-09, "dmean": 1.83645354479e-09, "var": 1.74204948379e-17, "dvar": 1.34085042581e-17, "mean": -3.59624663382e-09}, "erbbands_kurtosis": {"min": -1.75326454639, "max": 11.9773445129, "dvar2": 1.34997034073, "median": -0.675930500031, "dmean2": 0.978274464607, "dmean": 0.607397139072, "var": 1.26987409592, "dvar": 0.569730818272, "mean": -0.338459223509}, "melbands_crest": {"min": 1.90108811855, "max": 33.9834022522, "dvar2": 25.1808185577, "median": 12.0207796097, "dmean2": 6.07965135574, "dmean": 3.73720431328, "var": 29.7981033325, "dvar": 10.5260858536, "mean": 13.0461893082}, "melbands_spread": {"min": 0.92982929945, "max": 212.5390625, "dvar2": 429.207427979, "median": 31.636051178, "dmean2": 18.1068973541, "dmean": 11.9357337952, "var": 717.989501953, "dvar": 201.511642456, "mean": 37.6593551636}, "spectral_energy": {"min": 1.04333292325e-20, "max": 0.154138639569, "dvar2": 0.000518185086548, "median": 0.0113560026512, "dmean2": 0.0113597223535, "dmean": 0.00752860307693, "var": 0.000304647604935, "dvar": 0.000218575660256, "mean": 0.0152912354097}, "mfcc": {"mean": [-666.259643555, 87.4380874634, 5.19132089615, 25.4560565948, 1.84500062466, -3.93159627914, -3.3173892498, 3.35675048828, -6.29568529129, -5.4780960083, -2.62927317619, -3.16799855232, -3.14050292969], "icov": [[9.32272087084e-05, -9.83961654129e-05, 0.000100331773865, 0.000119193333376, 1.65234341694e-05, -0.000116282069939, 0.000250749377301, 3.98814063374e-06, 0.000101095298305, 1.33073144752e-05, 0.000131392123876, -9.16968710953e-05, 0.000232669161051], [-9.83961654129e-05, 0.00158145348541, 0.000721799093299, -0.000756141380407, -0.000415632937802, 0.000507604388986, -0.000975218368694, -0.000620078353677, -2.01788734557e-05, 0.000176435205503, -0.00122559221927, 0.000754570646677, -0.000322506966768], [0.000100331773865, 0.000721799093299, 0.00283720484003, -0.000202147653908, -0.00105330708902, -0.000532982463483, -0.000230156671023, -0.000759366957936, 0.000521982903592, 0.000160951516591, -1.02266694739e-05, -0.000839395273943, 9.7346091934e-05], [0.000119193333376, -0.000756141380407, -0.000202147653908, 0.00574833201244, -0.00236706156284, 0.00059186265571, 0.000438105809735, -0.000493485131301, 0.00078919850057, -0.000921853410546, 0.00174774986226, -0.000593451375607, -0.00156691623852], [1.65234341694e-05, -0.000415632937802, -0.00105330708902, -0.00236706156284, 0.00947771966457, -0.00272709457204, 0.00161011889577, 0.000732719025109, -0.00313666346483, -0.000320793653373, 0.000446768972324, -0.000518478336744, -0.00230486574583], [-0.000116282069939, 0.000507604388986, -0.000532982463483, 0.00059186265571, -0.00272709457204, 0.010498650372, -0.00443118577823, 0.00116784090642, -0.000364795676433, -0.0019137567142, -0.00109740823973, 0.00069943733979, 0.00148380885366], [0.000250749377301, -0.000975218368694, -0.000230156671023, 0.000438105809735, 0.00161011889577, -0.00443118577823, 0.0136968474835, -0.00535818515345, 0.00166557077318, -0.000101157682366, -0.0015933373943, -0.00266883987933, 0.000802834343631], [3.98814063374e-06, -0.000620078353677, -0.000759366957936, -0.000493485131301, 0.000732719025109, 0.00116784090642, -0.00535818515345, 0.0155547084287, -0.00571674993262, 0.00204772409052, -0.00160597567447, -0.00118304020725, -0.00068579002982], [0.000101095298305, -2.01788734557e-05, 0.000521982903592, 0.00078919850057, -0.00313666346483, -0.000364795676433, 0.00166557077318, -0.00571674993262, 0.0199161693454, -0.00935662630945, 0.00172014231794, 0.000566021015402, -0.00186058599502], [1.33073144752e-05, 0.000176435205503, 0.000160951516591, -0.000921853410546, -0.000320793653373, -0.0019137567142, -0.000101157682366, 0.00204772409052, -0.00935662630945, 0.0214492734522, -0.00790777150542, 0.00159025972243, 0.000640922982711], [0.000131392123876, -0.00122559221927, -1.02266694739e-05, 0.00174774986226, 0.000446768972324, -0.00109740823973, -0.0015933373943, -0.00160597567447, 0.00172014231794, -0.00790777150542, 0.0217841211706, -0.00712721003219, 0.0001478199556], [-9.16968710953e-05, 0.000754570646677, -0.000839395273943, -0.000593451375607, -0.000518478336744, 0.00069943733979, -0.00266883987933, -0.00118304020725, 0.000566021015402, 0.00159025972243, -0.00712721003219, 0.0201491173357, -0.00730741536245], [0.000232669161051, -0.000322506966768, 9.7346091934e-05, -0.00156691623852, -0.00230486574583, 0.00148380885366, 0.000802834343631, -0.00068579002982, -0.00186058599502, 0.000640922982711, 0.0001478199556, -0.00730741536245, 0.0230675768107]], "cov": [[14709.2167969, 796.647338867, -956.41784668, -370.515533447, -269.326385498, -77.8880996704, -312.691772461, -208.77104187, -175.494171143, -125.24797821, -146.13041687, -198.433227539, -248.18057251], [796.647338867, 965.735473633, -244.819046021, 104.532356262, 27.5904998779, -21.8021240234, 63.0943565369, 63.3472557068, 22.4105968475, 19.5703201294, 52.7690734863, -3.34746313095, 17.3121833801], [-956.41784668, -244.819046021, 511.381500244, 40.1575965881, 77.9884338379, 53.2668647766, 34.9422340393, 30.7574234009, 13.4817771912, 9.90249633789, 12.568107605, 46.7541656494, 26.4008045197], [-370.515533447, 104.532356262, 40.1575965881, 246.693069458, 85.827796936, -3.75992965698, 1.86184346676, 19.126001358, 19.7453746796, 13.8609304428, -2.89588975906, 18.1897125244, 38.0960006714], [-269.326385498, 27.5904998779, 77.9884338379, 85.827796936, 170.458297729, 39.4478759766, 0.841912567616, 12.2808141708, 41.2007865906, 26.5449371338, 8.00056838989, 18.4863777161, 31.8239345551], [-77.8880996704, -21.8021240234, 53.2668647766, -3.75992965698, 39.4478759766, 134.286483765, 46.840839386, 11.5078678131, 17.0350971222, 25.9117584229, 21.1179714203, 9.90624141693, -2.32697510719], [-312.691772461, 63.0943565369, 34.9422340393, 1.86184346676, 0.841912567616, 46.840839386, 127.830276489, 52.7225112915, 9.43594264984, 13.7774620056, 34.8963432312, 29.989068985, 7.85934066772], [-208.77104187, 63.3472557068, 30.7574234009, 19.126001358, 12.2808141708, 11.5078678131, 52.7225112915, 100.292495728, 30.449886322, 12.2085466385, 24.5646190643, 23.7177143097, 15.267121315], [-175.494171143, 22.4105968475, 13.4817771912, 19.7453746796, 41.2007865906, 17.0350971222, 9.43594264984, 30.449886322, 83.8322601318, 40.775894165, 14.3792438507, 7.97526025772, 15.0286579132], [-125.24797821, 19.5703201294, 9.90249633789, 13.8609304428, 26.5449371338, 25.9117584229, 13.7774620056, 12.2085466385, 40.775894165, 76.9802322388, 30.6924114227, 7.93492174149, 6.7726764679], [-146.13041687, 52.7690734863, 12.568107605, -2.89588975906, 8.00056838989, 21.1179714203, 34.8963432312, 24.5646190643, 14.3792438507, 30.6924114227, 75.327583313, 30.9820556641, 10.5576295853], [-198.433227539, -3.34746313095, 46.7541656494, 18.1897125244, 18.4863777161, 9.90624141693, 29.989068985, 23.7177143097, 7.97526025772, 7.93492174149, 30.9820556641, 77.3051986694, 28.5774841309], [-248.18057251, 17.3121833801, 26.4008045197, 38.0960006714, 31.8239345551, -2.32697510719, 7.85934066772, 15.267121315, 15.0286579132, 6.7726764679, 10.5576295853, 28.5774841309, 62.0915565491]]}, "spectral_contrast_valleys": {"min": [-27.9728755951, -27.4657459259, -27.4438972473, -27.3925495148, -27.4224185944, -27.2130641937], "max": [-5.76946592331, -4.71900510788, -5.15273618698, -5.49037122726, -5.23072481155, -7.6737742424], "dvar2": [0.386888116598, 0.311555743217, 0.242597475648, 0.24676515162, 0.176880717278, 0.251331746578], "median": [-7.75977325439, -6.75530433655, -7.34192085266, -7.83341026306, -7.28878498077, -9.69187927246], "dmean2": [0.690790534019, 0.609573125839, 0.531822681427, 0.488990277052, 0.362371772528, 0.456338554621], "dmean": [0.437424778938, 0.399187654257, 0.357298731804, 0.349511355162, 0.280250310898, 0.387643694878], "var": [1.70848309994, 1.9193161726, 1.94573223591, 1.90218281746, 1.64834344387, 1.54399430752], "dvar": [0.187427267432, 0.161408856511, 0.13751065731, 0.148059353232, 0.120247669518, 0.160251662135], "mean": [-8.0428943634, -7.09298038483, -7.68598270416, -8.09593009949, -7.54189014435, -9.84613704681]}, "barkbands_flatness_db": {"min": 0.0165658984333, "max": 0.299925386906, "dvar2": 0.00067149696406, "median": 0.0775754228234, "dmean2": 0.0288942288607, "dmean": 0.0191533211619, "var": 0.00119654659647, "dvar": 0.000317866069963, "mean": 0.0826992243528}, "dynamic_complexity": 5.26095628738, "spectral_skewness": {"min": -0.00237053516321, "max": 2.38400316238, "dvar2": 0.0430817715824, "median": 1.27535700798, "dmean2": 0.227182105184, "dmean": 0.150121420622, "var": 0.0755749493837, "dvar": 0.0186744872481, "mean": 1.27587306499}, "erbbands_flatness_db": {"min": 0.0322689414024, "max": 0.297330468893, "dvar2": 0.000436971662566, "median": 0.114730857313, "dmean2": 0.0231564622372, "dmean": 0.0165337659419, "var": 0.00106381729711, "dvar": 0.000217993627302, "mean": 0.117883466184}, "hfc": {"min": 1.17787382559e-16, "max": 177.099975586, "dvar2": 344.445251465, 