{"lowlevel": {"spectral_complexity": {"min": 0, "max": 62, "dvar2": 59.5384597778, "median": 12, "dmean2": 5.72625684738, "dmean": 3.97076964378, "var": 131.474838257, "dvar": 33.4750289917, "mean": 14.4492721558}, "silence_rate_20dB": {"min": 1, "max": 1, "dvar2": 0, "median": 1, "dmean2": 0, "dmean": 0, "var": 0, "dvar": 0, "mean": 1}, "average_loudness": 0.847384691238, "erbbands_spread": {"min": 3.99192237854, "max": 172.749099731, "dvar2": 374.732391357, "median": 60.706325531, "dmean2": 18.9826278687, "dmean": 12.4664640427, "var": 747.252197266, "dvar": 168.419219971, "mean": 63.9500465393}, "spectral_kurtosis": {"min": -1.22447836399, "max": 78.5201034546, "dvar2": 5.5193977356, "median": 1.61357533932, "dmean2": 1.21983528137, "dmean": 0.74088871479, "var": 13.7224988937, "dvar": 1.92286014557, "mean": 2.33910894394}, "barkbands_kurtosis": {"min": -1.90523123741, "max": 333.970428467, "dvar2": 738.927734375, "median": 3.89766764641, "dmean2": 13.599770546, "dmean": 8.58807373047, "var": 636.679321289, "dvar": 303.592102051, "mean": 13.0741224289}, "spectral_strongpeak": {"min": 0, "max": 32.7145423889, "dvar2": 2.67933392525, "median": 0.272483319044, "dmean2": 0.608177304268, "dmean": 0.350621521473, "var": 1.12485992908, "dvar": 1.0492272377, "mean": 0.512588977814}, "spectral_spread": {"min": 1122634.625, "max": 40854260, "dvar2": 1173486305280.0, "median": 6059951, "dmean2": 951983.5625, "dmean": 606899.1875, "var": 2849689305090.0, "dvar": 556725174272, "mean": 6286259}, "spectral_rms": {"min": 3.21857297758e-12, "max": 0.020933367312, "dvar2": 8.80597781361e-06, "median": 0.00426926277578, "dmean2": 0.00223568384536, "dmean": 0.00147935689893, "var": 6.94412301527e-06, "dvar": 3.73055081582e-06, "mean": 0.00465173693374}, "erbbands": {"min": [1.19632031076e-22, 3.29883162383e-21, 1.2284083653e-20, 2.42953447223e-20, 4.73290354465e-20, 1.10982189476e-19, 1.67856284962e-19, 2.58976136021e-19, 7.21953364168e-19, 7.42126541549e-19, 8.49712185258e-19, 5.57585803912e-19, 4.36318903064e-19, 6.2106705624e-19, 2.08415744715e-18, 3.4376205575e-18, 3.11496428391e-18, 2.90082624848e-18, 4.6484030772e-18, 6.74458669648e-18, 7.27614619299e-18, 6.89723295236e-18, 1.08701466929e-17, 1.19770880604e-17, 1.10384994542e-17, 1.0027942826e-17, 1.61472438451e-17, 1.76347379253e-17, 1.35944362618e-17, 1.27748268334e-17, 2.09189758294e-17, 1.9161177323e-17, 1.11784468333e-17, 1.31990067059e-17, 6.54994324013e-18, 5.19550447024e-18, 3.29733858383e-18, 1.17687369805e-18, 3.25410991822e-19, 3.6008813501e-20], "max": [7.67347955704, 69.4185943604, 170.679138184, 199.58934021, 487.700500488, 574.403320313, 203.233917236, 429.041748047, 601.178649902, 548.393249512, 535.688964844, 627.685180664, 707.399108887, 435.65524292, 1382.84741211, 915.409606934, 852.502624512, 1351.74194336, 816.986877441, 741.120605469, 1189.98388672, 981.79095459, 1481.92651367, 633.782348633, 713.674743652, 563.449768066, 539.66998291, 1423.11279297, 700.801574707, 400.611938477, 320.382476807, 361.746673584, 98.7917404175, 56.2825088501, 19.8954849243, 7.01075983047, 1.81793940067, 0.346269100904, 0.052750851959, 0.0021829220932], "dvar2": [1.09842038155, 67.878578186, 437.100128174, 586.828125, 3895.92163086, 1726.75732422, 201.965866089, 694.433410645, 844.548706055, 651.76739502, 1608.75146484, 822.330383301, 887.838256836, 963.290588379, 5420.65136719, 4061.93139648, 1902.54980469, 6367.10742188, 3253.76245117, 3846.79296875, 3954.76831055, 6463.44970703, 7226.75830078, 2935.92016602, 2320.56030273, 2282.70629883, 1484.01208496, 1375.84606934, 600.649169922, 293.617706299, 136.430099487, 191.346206665, 16.3994235992, 5.24377632141, 1.95652413368, 0.18486058712, 0.00724050309509, 0.000266116985586, 6.49116645945e-06, 2.31498358261e-08], "median": [0.0584694780409, 0.757376253605, 2.58191227913, 4.82132530212, 5.9388461113, 4.580950737, 2.79754686356, 2.81511831284, 3.22104978561, 3.29532909393, 3.49233078957, 3.12336158752, 3.12135839462, 2.62246584892, 2.70758962631, 2.37397456169, 2.53338003159, 2.41083407402, 2.60039520264, 2.468791008, 3.45478320122, 3.70676898956, 5.28597688675, 6.06632375717, 5.8253068924, 6.02226114273, 5.84740543365, 6.07963085175, 5.63014698029, 3.78371071815, 2.50967931747, 1.91235041618, 1.30441367626, 0.697832286358, 0.355019271374, 0.107599839568, 0.0232653692365, 0.00330502958968, 0.000187554192962, 3.60019112122e-05], "dmean2": [0.441388815641, 3.45047044754, 8.81407260895, 12.2337732315, 27.3037700653, 18.0894298553, 6.78406906128, 9.58082103729, 10.812169075, 9.31038188934, 12.7511119843, 11.1027936935, 11.3041372299, 10.125213623, 17.8348789215, 16.0099830627, 11.6948137283, 18.6954479218, 15.6455793381, 18.0632266998, 15.042517662, 20.7871608734, 21.1630859375, 17.6269035339, 15.8985462189, 16.0776443481, 12.8130674362, 13.2336645126, 9.88775062561, 6.84590148926, 4.35557031631, 3.8613038063, 1.96065509319, 1.11003279686, 0.641149878502, 0.197988122702, 0.0396987907588, 0.00677261129022, 0.00088118534768, 6.79059376125e-05], "dmean": [0.268660128117, 2.03921413422, 5.06664133072, 7.20534420013, 15.52937603, 10.3540697098, 4.03040409088, 5.93418931961, 6.43305158615, 5.74770736694, 7.89649868011, 7.39859247208, 7.46364164352, 6.62533855438, 11.5273151398, 9.97977161407, 7.38383674622, 11.4087362289, 9.57899951935, 10.9467000961, 8.88708114624, 12.0957126617, 12.1771297455, 10.2247819901, 9.27648544312, 9.3771648407, 7.7774271965, 8.49304580688, 6.35955572128, 4.5620470047, 2.91821146011, 2.54885482788, 1.32548606396, 0.745696246624, 0.426767587662, 0.131712764502, 0.0271558761597, 0.00470201671124, 0.000565700232983, 4.28799103247e-05], "var": [0.38573679328, 20.3943252563, 116.308074951, 185.140960693, 1035.05029297, 513.069274902, 113.177536011, 424.300048828, 779.167053223, 381.827789307, 862.725708008, 1087.59667969, 1012.09436035, 561.22479248, 2207.26733398, 1478.16320801, 793.431640625, 2048.24267578, 1050.90991211, 1622.15869141, 1067.26220703, 1753.44946289, 1745.85595703, 935.553588867, 766.578918457, 839.171936035, 635.751342773, 1399.54418945, 448.447937012, 436.093780518, 222.999954224, 170.993927002, 26.3705482483, 6.18689775467, 1.73470175266, 0.172261819243, 0.00892897043377, 0.000257973821135, 3.73452553504e-06, 1.0364923142e-08], "dvar": [0.434267342091, 25.523317337, 155.023223877, 211.387557983, 1416.68933105, 626.339599609, 75.6616363525, 291.441772461, 315.140014648, 251.812026978, 606.571838379, 392.999023438, 423.057403564, 397.43081665, 2211.4699707, 1597.34509277, 749.938659668, 2437.24975586, 1234.91845703, 1441.7824707, 1433.25769043, 2339.73242188, 2541.28466797, 1033.74365234, 822.316589355, 802.643493652, 534.080078125, 621.223815918, 234.839553833, 133.094772339, 67.07447052, 80.9452972412, 8.26751899719, 2.60393285751, 0.93449395895, 0.0872457101941, 0.00360214221291, 0.000128845655126, 2.85480314233e-06, 9.59498347441e-09], "mean": [0.257814913988, 2.07735776901, 5.67287921906, 9.0355424881, 15.1869058609, 11.3642148972, 6.03204345703, 8.88319206238, 12.3637418747, 10.1233491898, 12.8664312363, 13.1934328079, 12.8080778122, 10.1030263901, 13.4728813171, 12.0899391174, 10.2693777084, 12.9229631424, 11.4347066879, 14.2378473282, 11.0724048615, 14.0998916626, 15.1210031509, 15.1050271988, 14.3190498352, 15.4249925613, 13.930809021, 16.6722755432, 12.9863004684, 10.7488079071, 7.1398024559, 5.57737255096, 2.97560691833, 1.53468418121, 0.792916536331, 0.247817784548, 0.0551850348711, 0.00860203802586, 0.000747360347304, 6.30642753094e-05]}, "zerocrossingrate": {"min": 0.00244140625, "max": 0.5068359375, "dvar2": 0.000324509222992, "median": 0.0693359375, "dmean2": 0.0183075964451, "dmean": 0.0159446112812, "var": 0.00237879669294, "dvar": 0.000266524875769, "mean": 0.0780383199453}, "spectral_contrast_coeffs": {"min": [-0.972682118416, -0.97243386507, -0.985683262348, -0.988417327404, -0.978388130665, -0.95940810442], "max": [-0.297501713037, -0.463664501905, -0.487574160099, -0.533827662468, -0.62305855751, -0.570262849331], "dvar2": [0.00799203291535, 0.00351202348247, 0.00240818760358, 0.00153140095063, 0.000826956878882, 0.00070023315493], "median": [-0.655708134174, -0.760085105896, -0.785550534725, -0.821359276772, -0.809967458248, -0.751693367958], "dmean2": [0.100798904896, 0.0718516930938, 0.0586588978767, 0.0462750270963, 0.0337526723742, 0.026889340952], "dmean": [0.0613621324301, 0.0431209802628, 0.0364118143916, 0.0285602286458, 0.0206717066467, 0.0167026277632], "var": [0.00680573470891, 0.00545691139996, 0.00499476818368, 0.00399735243991, 0.00211992417462, 0.00217551807873], "dvar": [0.00310392957181, 0.001343538519, 0.0009803842986, 0.000636417244095, 0.000332029710989, 0.000274062564131], "mean": [-0.652391374111, -0.75326615572, -0.779641985893, -0.806261599064, -0.805328071117, -0.752157151699]}, "dissonance": {"min": 0.270189344883, "max": 0.500000059605, "dvar2": 0.000686755869538, "median": 0.47688806057, "dmean2": 0.0248444341123, "dmean": 0.0145951593295, "var": 0.000683018181007, "dvar": 0.000244411698077, "mean": 0.469737440348}, "spectral_energyband_high": {"min": 7.66383322207e-21, "max": 0.0369217917323, "dvar2": 3.74023329641e-06, "median": 0.000734550703783, "dmean2": 0.00085401465185, "dmean": 0.000587496266235, "var": 5.61533352084e-06, "dvar": 1.69781355908e-06, "mean": 0.00155550974887}, "gfcc": {"mean": [-22.0932884216, 64.0575714111, -82.0674591064, 55.9933128357, -61.555809021, 20.561580658, -33.4948730469, 9.89890956879, -26.5450344086, 3.25655245781, -19.0732860565, -1.1906311512, -13.9906167984], "icov": [[0.000147845537867, -0.000294624187518, 0.000238257096498, -0.000312100397423, 0.000306899804855, -0.000554002355784, 0.000573443016037, -0.000715249858331, 0.000764201278798, -0.000586718320847, 0.000557871826459, -0.000153574044816, 3.94362650695e-05], [-0.000294624187518, 0.00173596723471, -0.000582693319302, 0.000839624844957, -0.000632365758065, 0.00156828062609, -0.00179566617589, 0.00232429779135, -0.00224233209155, 0.00203720317222, -0.00202184636146, 0.00200334517285, -0.000709027284756], [0.000238257096498, -0.000582693319302, 0.00146525562741, -0.000577674829401, -0.00011515832739, -0.000263055524556, -8.96163983271e-05, -0.0016225501895, 0.00247829942964, -0.00244868523441, 0.000818038824946, 2.42101541517e-05, 0.000381825724617], [-0.000312100397423, 0.000839624844957, -0.000577674829401, 0.00318154064007, -0.00106535071973, 0.000396652583731, -0.000692815985531, 0.000835793092847, -0.00202886760235, 0.00372977368534, -0.00285447132774, 0.000718223454896, 0.0010592348408], [0.000306899804855, -0.000632365758065, -0.00011515832739, -0.00106535071973, 0.00460272002965, -0.00344250490889, 0.000390786473872, 0.00110510946251, -0.000417330564233, -0.000884437991772, 0.00135656807106, 0.000387752923416, -0.00043632418965], [-0.000554002355784, 0.00156828062609, -0.000263055524556, 0.000396652583731, -0.00344250490889, 0.0121189374477, -0.00648175831884, -0.000347671622876, 0.00127891870216, -0.000747669953853, -8.97749032447e-06, 0.00117189530283, -0.000886423629709], [0.000573443016037, -0.00179566617589, -8.96163983271e-05, -0.000692815985531, 0.000390786473872, -0.00648175831884, 0.0155440550297, -0.00708226952702, 0.000949799839873, 0.00172415887937, -0.000865607813466, -0.00109977647662, -0.000161819509231], [-0.000715249858331, 0.00232429779135, -0.0016225501895, 0.000835793092847, 0.00110510946251, -0.000347671622876, -0.00708226952702, 0.021321810782, -0.0126134166494, 0.00026268165675, 0.00170838017948, -0.00087520229863, 0.000832923396956], [0.000764201278798, -0.00224233209155, 0.00247829942964, -0.00202886760235, -0.000417330564233, 0.00127891870216, 0.000949799839873, -0.0126134166494, 0.021836111322, -0.00986541621387, -0.00281919818372, 0.00679639726877, -0.00272004492581], [-0.000586718320847, 0.00203720317222, -0.00244868523441, 0.00372977368534, -0.000884437991772, -0.000747669953853, 0.00172415887937, 0.00026268165675, -0.00986541621387, 0.027301184833, -0.0101941758767, -0.00502022495493, 0.00566587271169], [0.000557871826459, -0.00202184636146, 0.000818038824946, -0.00285447132774, 0.00135656807106, -8.97749032447e-06, -0.000865607813466, 0.00170838017948, -0.00281919818372, -0.0101941758767, 0.0259092599154, -0.0123958755285, -0.000797633838374], [-0.000153574044816, 0.00200334517285, 2.42101541517e-05, 0.000718223454896, 0.000387752923416, 0.00117189530283, -0.00109977647662, -0.00087520229863, 0.00679639726877, -0.00502022495493, -0.0123958755285, 0.0299324691296, -0.00996794644743], [3.94362650695e-05, -0.000709027284756, 0.000381825724617, 0.0010592348408, -0.00043632418965, -0.000886423629709, -0.000161819509231, 0.000832923396956, -0.00272004492581, 0.00566587271169, -0.000797633838374, -0.00996794644743, 0.0223012939095]], "cov": [[21924.71875, 375.139068604, -2217.25146484, 705.167724609, -947.563354492, 410.935394287, -457.611663818, 173.593887329, -447.734710693, -156.910964966, -421.452697754, -75.0371246338, -97.7411727905], [375.139068604, 1262.70251465, 96.0426712036, -65.062461853, 72.9895095825, -93.3299179077, 58.2326126099, -61.7769432068, 77.3480682373, -53.2050094604, 31.6490955353, -81.8202285767, 28.8882312775], [-2217.25146484, 96.0426712036, 1285.06262207, 25.992521286, 213.710617065, 45.6710243225, 126.846961975, 40.0006942749, -1.62187802792, 76.0720214844, 37.2016830444, 0.788633525372, -28.6807117462], [705.167724609, -65.062461853, 25.992521286, 490.331878662, 88.2854919434, 61.2614784241, 24.8836517334, 24.3580532074, 10.2384166718, -35.4087219238, 4.87325000763, -19.2324390411, -21.793762207], [-947.563354492, 72.9895095825, 213.710617065, 88.2854919434, 388.135437012, 97.9725418091, 73.7222900391, -6.98127937317, 25.6912994385, -2.35136842728, 2.73588609695, -22.804813385, 2.06339478493], [410.935394287, -93.3299179077, 45.6710243225, 61.2614784241, 97.9725418091, 177.839645386, 65.4113998413, 38.6131858826, -12.4034967422, 4.42176437378, -17.2885913849, -2.73333740234, -3.84384703636], [-457.611663818, 58.2326126099, 126.846961975, 24.8836517334, 73.7222900391, 65.4113998413, 135.321990967, 49.1248817444, 36.5000228882, 6.4702963829, 15.6433925629, -3.31768321991, 4.38102293015], [173.593887329, -61.7769432068, 40.0006942749, 24.3580532074, -6.98127937317, 38.6131858826, 49.1248817444, 114.022132874, 60.3863296509, 30.4263820648, 5.40550947189, -0.592291116714, -7.05309820175], [-447.734710693, 77.3480682373, -1.62187802792, 10.2384166718, 25.6912994385, -12.4034967422, 36.5000228882, 60.3863296509, 131.565002441, 39.4168701172, 37.296672821, -11.2221488953, 3.1619925499], [-156.910964966, -53.2050094604, 76.0720214844, -35.4087219238, -2.35136842728, 4.42176437378, 6.4702963829, 30.4263820648, 39.4168701172, 82.7571029663, 39.2148742676, 23.6160049438, -6.25396537781], [-421.452697754, 31.6490955353, 37.2016830444, 4.87325000763, 2.73588609695, -17.2885913849, 15.6433925629, 5.40550947189, 37.296672821, 39.2148742676, 86.3413619995, 35.3528404236, 13.6367883682], [-75.0371246338, -81.8202285767, 0.788633525372, -19.2324390411, -22.804813385, -2.73333740234, -3.31768321991, -0.592291116714, -11.2221488953, 23.6160049438, 35.3528404236, 67.7112579346, 22.0350914001], [-97.7411727905, 28.8882312775, -28.6807117462, -21.793762207, 2.06339478493, -3.84384703636, 4.38102293015, -7.05309820175, 3.1619925499, -6.25396537781, 13.6367883682, 22.0350914001, 59.9519577026]]}, "spectral_flux": {"min": 1.03044614508e-10, "max": 0.578917205334, "dvar2": 0.00647082505748, "median": 0.0692398399115, "dmean2": 0.0655647292733, "dmean": 0.0419825017452, "var": 0.00569125590846, "dvar": 0.00307358289137, "mean": 0.0930791944265}, "silence_rate_30dB": {"min": 0, "max": 1, "dvar2": 0.104451425374, "median": 1, "dmean2": 0.0883461087942, "dmean": 0.0441701859236, "var": 0.0322048440576, "dvar": 0.0422210358083, "mean": 0.966679632664}, "spectral_energyband_middle_high": {"min": 1.40311218224e-21, "max": 0.0989706218243, "dvar2": 9.2402966402e-05, "median": 0.00121494056657, "dmean2": 0.00288864434697, "dmean": 0.00182886386756, "var": 3.47680288542e-05, "dvar": 3.57705976057e-05, "mean": 0.00283454684541}, "barkbands_spread": {"min": 0.557531356812, "max": 120.07384491, "dvar2": 214.535934448, "median": 25.0407600403, "dmean2": 13.2631883621, "dmean": 8.77764129639, "var": 421.530517578, "dvar": 105.920066833, "mean": 28.5753002167}, "spectral_centroid": {"min": 147.505584717, "max": 11593.5429688, "dvar2": 375977.8125, "median": 1395.09106445, "dmean2": 563.953552246, "dmean": 363.583007813, "var": 845196.625, "dvar": 172127.78125, "mean": 1523.0333252}, "pitch_salience": {"min": 0.0206187386066, "max": 0.955032527447, "dvar2": 0.0169414486736, "median": 0.558346509933, "dmean2": 0.139495834708, "dmean": 0.085771612823, "var": 0.0170033052564, "dvar": 0.0065362257883, "mean": 0.538545429707}, "erbbands_skewness": {"min": -3.67036294937, "max": 4.60028219223, "dvar2": 0.323335200548, "median": 0.0744822770357, "dmean2": 0.561532914639, "dmean": 0.367057681084, "var": 0.960159659386, "dvar": 0.143380388618, "mean": 0.178301796317}, "erbbands_crest": {"min": 2.27439069748, "max": 31.9551372528, "dvar2": 9.79625034332, "median": 6.35949897766, "dmean2": 3.26733255386, "dmean": 2.01828169823, "var": 13.8523864746, "dvar": 4.00501966476, "mean": 7.37190103531}, "melbands": {"min": [2.1372152938e-24, 6.03915739765e-24, 4.35886631459e-24, 6.09229427936e-24, 5.55188906054e-24, 6.60838601622e-24, 1.06036095416e-23, 1.07088143985e-23, 5.95256650266e-24, 3.82169660877e-24, 2.0310028643e-24, 2.20178513661e-24, 6.41807766157e-24, 6.55710966295e-24, 4.58010314432e-24, 8.13162317609e-24, 4.68520781588e-24, 7.14539479441e-24, 8.8037192567e-24, 5.76432851346e-24, 1.06909119891e-23, 4.39810662259e-24, 8.64542406088e-24, 6.54668841596e-24, 1.0322113205e-23, 9.57320337151e-24, 4.21246398577e-24, 7.36618907317e-24, 1.05390105109e-23, 9.30683107623e-24, 7.34307623751e-24, 7.3981063854e-24, 7.04368932448e-24, 7.07941999032e-24, 1.14423532773e-23, 1.2956661715e-23, 1.12611740155e-23, 6.36279862807e-24, 9.87636182852e-24, 1.11275559665e-23], "max": [0.0751584768295, 0.086524091661, 0.0396374724805, 0.0400959737599, 0.0120384441689, 0.00879213027656, 0.00837812479585, 0.00651255715638, 0.00355548714288, 0.00354200927541, 0.00385022419505, 0.00220314925537, 0.00364553462714, 0.00210895808414, 0.00337776145898, 0.00224262010306, 0.00301804603077, 0.00152237270959, 0.00144630589057, 0.00121025543194, 0.00168867921457, 0.000994524220005, 0.00196742732078, 0.00120976590551, 0.000559379695915, 0.000582915963605, 0.000679860706441, 0.000333753967425, 0.000496880325954, 0.000360210426152, 0.00129178503994, 0.000335044926032, 0.000451951316791, 0.000330105278408, 0.00027771902387, 0.000168910235516, 0.000258268468315, 7.66454686527e-05, 7.21613760106e-05, 4.8570731451e-05], "dvar2": [8.69619616424e-05, 0.00011008913134, 1.97537156055e-05, 1.95118591364e-05, 3.37169780096e-07, 2.97835242691e-07, 1.7825800569e-07, 9.95557769556e-08, 9.13101487754e-08, 2.93272286456e-08, 2.52374245946e-08, 1.95073344145e-08, 4.34180513764e-08, 2.29690151343e-08, 2.96298381386e-08, 7.8420949734e-09, 2.97842372987e-08, 9.22142096016e-09, 9.06884167762e-09, 5.73963632178e-09, 6.30965724113e-09, 6.39219743803e-09, 1.15514300347e-08, 4.11486178464e-09, 2.05379713236e-09, 1.24900623177e-09, 1.83632242745e-09, 9.49711753684e-10, 8.08536737562e-10, 4.34327851462e-10, 6.90510426615e-10, 2.34251534836e-10, 1.52442294898e-10, 1.08024353351e-10, 5.64146021564e-11, 4.94561232245e-11, 9.80112935256e-11, 8.26629910355e-12, 9.30065399696e-12, 3.92671572341e-12], "median": [0.000723173841834, 0.00138033390976, 0.000944915926084, 0.000404428574257, 0.000114375929115, 6.48979766993e-05, 4.8477704695e-05, 3.21801853715e-05, 2.62836001639e-05, 1.73698390427e-05, 1.35775053423e-05, 9.49024251895e-06, 8.44393707666e-06, 5.57184102945e-06, 5.48416983293e-06, 4.36854861618e-06, 3.91762205254e-06, 3.40675205734e-06, 3.17647823067e-06, 2.81509392153e-06, 3.78478193852e-06, 3.23602216667e-06, 4.33314107795e-06, 4.46836338597e-06, 4.51256937595e-06, 3.93040591007e-06, 4.07288189308e-06, 3.73030161427e-06, 3.3031676594e-06, 3.33927391694e-06, 3.44803584085e-06, 3.17821741191e-06, 2.30289333558e-06, 1.9350745788e-06, 1.50895243678e-06, 1.07252935777e-06, 1.14176054922e-06, 9.11748543331e-07, 6.91435616318e-07, 5.31753130417e-07], "dmean2": [0.00393409887329, 0.00448648910969, 0.00245098164305, 0.00187374744564, 0.00026651317603, 0.000208331854083, 0.000157094429596, 0.000110676235636, 0.000100623889011, 6.66275227559e-05, 5.9104320826e-05, 4.40877047367e-05, 5.54609687242e-05, 4.01306788262e-05, 3.95904462493e-05, 2.28542558034e-05, 3.82890611945e-05, 2.51156270679e-05, 2.69306365226e-05, 2.06543572858e-05, 1.82627445611e-05, 2.11856786336e-05, 2.42514779529e-05, 1.74258293555e-05, 1.49178931679e-05, 1.11630206447e-05, 1.33996472869e-05, 1.07320520328e-05, 8.75694058777e-06, 8.16848660179e-06, 8.56062251842e-06, 6.35414153294e-06, 4.37754852101e-06, 3.93065147364e-06, 2.83230178866e-06, 2.35886227529e-06, 2.56875819105e-06, 1.43523345741e-06, 1.33041544359e-06, 9.51456058829e-07], "dmean": [0.00239894795232, 0.00263678468764, 0.00143834773917, 0.00106403895188, 0.000157534726895, 0.000128281826619, 9.37149234232e-05, 6.82291356497e-05, 6.33823510725e-05, 4.42484561063e-05, 3.88691732951e-05, 2.84839934466e-05, 3.58796351065e-05, 2.52414447459e-05, 2.47190164373e-05, 1.43008464875e-05, 2.31272224482e-05, 1.5215100575e-05, 1.62553860719e-05, 1.24566640807e-05, 1.07080932139e-05, 1.23512800201e-05, 1.38546556627e-05, 1.00375300462e-05, 8.62956858327e-06, 6.49735284242e-06, 7.77340574132e-06, 6.25319944447e-06, 5.18261549587e-06, 5.06447440785e-06, 5.45372768102e-06, 4.01870693167e-06, 2.83319150185e-06, 2.58663658315e-06, 1.86097861388e-06, 1.54595920776e-06, 1.66497829923e-06, 9.55000018621e-07, 8.67671758442e-07, 6.30124702639e-07], "var": [3.05101166305e-05, 3.16139885399e-05, 6.36514141661e-06, 5.23872813574e-06, 1.56910388682e-07, 1.841978019e-07, 1.51281099647e-07, 5.34440047772e-08, 5.98733862489e-08, 3.58844260973e-08, 2.74113407528e-08, 1.12312461553e-08, 1.96035099265e-08, 8.74264038941e-09, 1.08993214454e-08, 2.99000979531e-09, 9.01664876096e-09, 2.86303181163e-09, 3.61923180314e-09, 2.07658024109e-09, 1.61303437274e-09, 1.83471771109e-09, 2.64915156478e-09, 1.07352327028e-09, 6.65952681889e-10, 3.91798732347e-10, 5.94993998515e-10, 3.44376666073e-10, 2.94984231486e-10, 3.08173875307e-10, 7.23141491132e-10, 1.50713913571e-10, 1.32287417132e-10, 1.57436716441e-10, 8.00423130554e-11, 8.39674094144e-11, 7.23187829066e-11, 1.16737990802e-11, 1.03230826665e-11, 3.95323357383e-12], "dvar": [3.43707179127e-05, 4.02063160436e-05, 7.18388992027e-06, 7.09922642272e-06, 1.23097734672e-07, 1.23483246739e-07, 6.6271283572e-08, 3.82060676429e-08, 3.54602924801e-08, 1.38612694656e-08, 1.19981731217e-08, 8.05999711417e-09, 1.81273254185e-08, 9.18043330245e-09, 1.14705080989e-08, 2.96371038822e-09, 1.12669695795e-08, 3.48257489513e-09, 3.37725691857e-09, 2.1550106144e-09, 2.26004526205e-09, 2.33056196564e-09, 4.06460243241e-09, 1.44211220743e-09, 7.2069522572e-10, 4.44831366186e-10, 6.42496444936e-10, 3.33693489507e-10, 2.87722928816e-10, 1.72175149138e-10, 3.3044728065e-10, 9.02995525576e-11, 5.97679336578e-11, 5.07552853912e-11, 2.80465286412e-11, 2.33195129873e-11, 4.0184054001e-11, 4.07373310432e-12, 4.24272162541e-12, 1.88874458608e-12], "mean": [0.00244355248287, 0.00297452462837, 0.00175447098445, 0.00105997652281, 0.000234753548284, 0.00019835671992, 0.000180973380338, 0.000111180605018, 0.000107813204522, 7.67459350755e-05, 6.39915160718e-05, 4.17523442593e-05, 4.34399335063e-05, 3.014541835e-05, 3.06414331135e-05, 1.9414937924e-05, 2.48861688306e-05, 1.73285043275e-05, 2.01911734621e-05, 1.56028418132e-05, 1.27057628561e-05, 1.42372409755e-05, 1.52944376168e-05, 1.28754300022e-05, 1.23249283206e-05, 9.44919611356e-06, 1.16465853353e-05, 9.78415937425e-06, 8.29523014545e-06, 9.10276776267e-06, 9.98958421405e-06, 7.45546640246e-06, 6.09415428698e-06, 5.81835229241e-06, 4.17558385379e-06, 3.56011923941e-06, 3.3106769024e-06, 2.01443231163e-06, 1.6899127786e-06, 1.19681158139e-06]}, "spectral_entropy": {"min": 5.31828927994, "max": 9.81234645844, "dvar2": 0.0638878121972, "median": 7.86686229706, "dmean2": 0.249857440591, "dmean": 0.164920046926, "var": 0.230515792966, "dvar": 0.0308682098985, "mean": 7.75718927383}, "spectral_rolloff": {"min": 21.533203125, "max": 19013.8183594, "dvar2": 3296773.75, "median": 667.529296875, "dmean2": 1261.59313965, "dmean": 769.086975098, "var": 4555000.5, "dvar": 1610922.5, "mean": 1743.58105469}, "barkbands": {"min": [2.36600191682e-25, 1.15948763779e-23, 1.10326331226e-23, 9.50694299977e-24, 2.92314143924e-23, 3.16983907023e-23, 4.53697761746e-23, 4.19496602537e-23, 2.48257272109e-23, 1.55302431099e-23, 3.72186058142e-23, 8.72682172675e-23, 7.01061948647e-23, 5.49298615782e-23, 1.25733182291e-22, 6.47641360997e-23, 8.59664011364e-23, 2.03385519601e-22, 2.36973336301e-22, 2.07046010906e-22, 3.92100372067e-22, 3.68810825251e-22, 6.43100765979e-22, 7.55576831524e-22, 1.03193921713e-21, 1.71672490796e-21, 2.34298504609e-21], "max": [0.0116596156731, 0.284893065691, 0.157456636429, 0.0649928599596, 0.152188956738, 0.035235106945, 0.0362277850509, 0.0299930423498, 0.0288137421012, 0.0268647428602, 0.0245263371617, 0.0196777880192, 0.0194188468158, 0.0291710663587, 0.0191646292806, 0.019500778988, 0.0184219740331, 0.0256918091327, 0.0124573530629, 0.0135300075635, 0.0253816526383, 0.0183293838054, 0.0148904919624, 0.0095977736637, 0.00276178005151, 0.00109501357656, 0.000294182769721], "dvar2": [1.6312195612e-06, 0.00117253779899, 0.00036246565287, 6.25911779935e-05, 0.000286927504931, 6.07836318522e-06, 3.47820287061e-06, 3.58133956979e-06, 1.22684355119e-06, 1.68031056091e-06, 1.99810256163e-06, 2.25271173804e-06, 8.03036471098e-07, 2.66763481704e-06, 1.56368491844e-06, 1.15530360745e-06, 2.29036959354e-06, 1.91497269952e-06, 9.32745763293e-07, 1.16873604838e-06, 7.84408541676e-07, 3.64620206028e-07, 2.10184595062e-07, 1.58403253181e-07, 3.70175996522e-08, 3.43844264172e-09, 1.97839050697e-10], "median": [7.41265830584e-05, 0.00302845402621, 0.00229452946223, 0.00155371741857, 0.00158577156253, 0.000336729397532, 0.000199853733648, 0.000134320842335, 0.00011249812087, 8.22418660391e-05, 5.6493889133e-05, 4.53676402685e-05, 4.54004366475e-05, 3.90156637877e-05, 4.23514284194e-05, 4.7698878916e-05, 6.31936418358e-05, 0.000100686018413, 0.000112080801046, 0.000129335705424, 0.000148720748257, 0.000144508958329, 9.02976971702e-05, 8.6830710643e-05, 5.49379801669e-05, 1.56550158863e-05, 1.09513700863e-06], "dmean2": [0.000612297386397, 0.0145897399634, 0.00805856287479, 0.00436860183254, 0.00718694087118, 0.00100391544402, 0.000682856771164, 0.000600736937486, 0.000439144845586, 0.000433856534073, 0.000389643362723, 0.000371431553503, 0.00023305270588, 0.000370872061467, 0.000355666707037, 0.000265606620815, 0.000392192130676, 0.000368670123862, 0.000317957397783, 0.00035405359813, 0.0003268266737, 0.000247960560955, 0.000161923962878, 0.000140267118695, 9.11506867851e-05, 2.73021614703e-05, 4.96312713949e-06], "dmean": [0.000396675546654, 0.00884427968413, 0.00463033327833, 0.00256163836457, 0.00408232258633, 0.000613820273429, 0.000405856000725, 0.000367820292013, 0.000295650679618, 0.00028228588053, 0.000253656529821, 0.000227844051551, 0.000145876707393, 0.000226263990044, 0.000214117128053, 0.000158379596542, 0.000227714612265, 0.000212483530049, 0.000184711403563, 0.000205294199986, 0.000206552867894, 0.000162221534993, 0.000108625288703, 9.57812808338e-05, 6.12567891949e-05, 1.85178560059e-05, 3.21493689626e-06], "var": [9.52783750563e-07, 0.000400439137593, 9.60500765359e-05, 2.19435296458e-05, 7.81521375757e-05, 3.68701762454e-06, 2.97919586956e-06, 1.76952573838e-06, 1.73530111169e-06, 1.29244563141e-06, 9.43497241224e-07, 7.68852601141e-07, 3.03741614971e-07, 8.19780723305e-07, 5.74391265218e-07, 3.3828897017e-07, 6.05691582223e-07, 4.77957939893e-07, 3.09174225777e-07, 3.97299402266e-07, 6.38468407033e-07, 3.52469839981e-07, 3.62247504881e-07, 2.05168404932e-07, 3.64304462153e-08, 3.7934775321e-09, 1.2176776254e-10], "dvar": [7.13474321401e-07, 0.000458813941805, 0.000128000843688, 2.28211720241e-05, 0.000104691025626, 2.4810906325e-06, 1.27133932892e-06, 1.3553659528e-06, 5.9339896552e-07, 7.43305520245e-07, 8.39072072267e-07, 8.62495880938e-07, 3.06389409843e-07, 1.00822194327e-06, 5.8119633195e-07, 4.25419756311e-07, 8.2677155433e-07, 6.70100860134e-07, 3.31512325147e-07, 4.09319284245e-07, 3.23836587768e-07, 1.47487270397e-07, 1.03644424598e-07, 7.47506732068e-08, 1.80582588882e-08, 1.67194758038e-09, 8.78557365747e-11], "mean": [0.000459383154521, 0.00918282102793, 0.00512243714184, 0.00314485863782, 0.00412396434695, 0.000932163849939, 0.00080003682524, 0.000541249115486, 0.000537478306796, 0.000425694102887, 0.000318329024594, 0.000268902571406, 0.000195718021132, 0.000253319274634, 0.000261165056145, 0.000191770363017, 0.000257553620031, 0.000275924336165, 0.000274880265351, 0.000330329290591, 0.000397195923142, 0.000354591145879, 0.000266388029559, 0.00022050710686, 0.000119641095807, 3.67110405932e-05, 4.393513791e-06]}, "melbands_flatness_db": {"min": 0.00687078898773, "max": 0.600997805595, "dvar2": 0.0029444382526, "median": 0.196929067373, "dmean2": 0.0545488335192, "dmean": 0.0374775640666, "var": 0.00902144983411, "dvar": 0.00154111790471, "mean": 0.213210090995}, "melbands_skewness": {"min": -2.101988554, "max": 24.7258682251, "dvar2": 5.7366065979, "median": 3.94470071793, "dmean2": 2.0824201107, "dmean": 1.38663721085, "var": 9.0284948349, "dvar": 2.74730324745, "mean": 4.74796819687}, "barkbands_skewness": {"min": -2.77037525177, "max": 16.0419330597, "dvar2": 2.73206377029, "median": 2.0931019783, "dmean2": 1.40640199184, "dmean": 0.938717842102, "var": 4.52249670029, "dvar": 1.27478194237, "mean": 2.56202483177}, "silence_rate_60dB": {"min": 0, "max": 1, "dvar2": 0.0639256238937, "median": 0, "dmean2": 0.0582044944167, "dmean": 0.0291003566235, "var": 0.0772560611367, "dvar": 0.02825435251, "mean": 0.0843725651503}, "spectral_energyband_low": {"min": 2.90596194199e-23, "max": 0.374387592077, "dvar2": 0.00212813937105, "median": 0.00782604608685, "dmean2": 0.0210399664938, "dmean": 0.0131660206243, "var": 0.00082728790585, "dvar": 0.000852060911711, "mean": 0.0164254307747}, "spectral_energyband_middle_low": {"min": 3.03401432485e-22, "max": 0.20532554388, "dvar2": 0.000586343579926, "median": 0.00618769507855, "dmean2": 0.0122224735096, "dmean": 0.00719237700105, "var": 0.000199363203137, "dvar": 0.00021846780146, "mean": 0.010226642713}, "melbands_kurtosis": {"min": -1.78557956219, "max": 983.715332031, "dvar2": 5487.48974609, "median": 20.8630886078, "dmean2": 40.7700309753, "dmean": 26.1602573395, "var": 4591.75683594, "dvar": 2382.6496582, "mean": 46.5512771606}, "spectral_decrease": {"min": -1.13096639609e-07, "max": 7.64147673101e-29, "dvar2": 1.97093528928e-16, "median": -4.55793891518e-09, "dmean2": 8.10521250116e-09, "dmean": 5.03016073239e-09, "var": 8.22061026306e-17, "dvar": 7.82409693509e-17, "mean": -7.28736404554e-09}, "erbbands_kurtosis": {"min": -1.83109927177, "max": 25.077381134, "dvar2": 4.12946939468, "median": -0.55921959877, "dmean2": 1.36421275139, "dmean": 0.862767875195, "var": 6.4550151825, "dvar": 1.73950600624, "mean": 0.27316364646}, "melbands_crest": {"min": 1.94932639599, "max": 39.5909881592, "dvar2": 28.5866451263, "median": 15.200094223, "dmean2": 5.89255189896, "dmean": 3.65435838699, "var": 31.9218635559, "dvar": 11.0493879318, "mean": 15.8118314743}, "melbands_spread": {"min": 0.499217659235, "max": 196.825912476, "dvar2": 439.067138672, "median": 15.6039609909, "dmean2": 14.7788581848, "dmean": 9.68136119843, "var": 664.593139648, "dvar": 206.559585571, "mean": 24.0102729797}, "spectral_energy": {"min": 1.06181927903e-20, "max": 0.449160993099, "dvar2": 0.00297255371697, "median": 0.0186822712421, "dmean2": 0.0315587259829, "dmean": 0.0196244549006, "var": 0.00125106691848, "dvar": 0.00117740745191, "mean": 0.0292974058539}, "mfcc": {"mean": [-663.172302246, 86.2440490723, 34.5045318604, 37.5420608521, 5.15611314774, 12.3488473892, 5.21499967575, 5.87950754166, 1.76012802124, 1.07213675976, 1.48490798473, 0.184003517032, -3.56963562965], "icov": [[0.000111131921585, -4.76076311315e-05, 0.000128012514324, -0.000134605157655, 0.00019903521752, -0.000162888929481, 0.000192332590814, -0.000238605061895, 1.57523718372e-05, 7.9898731201e-05, 6.54430914437e-05, 8.31118359201e-06, 0.000165936042322], [-4.76076311315e-05, 0.000998633331619, -0.000264715781668, 4.77572139062e-05, -3.24689863191e-05, 6.66437408654e-05, -0.000187282130355, 0.000833080965094, -0.00100382091478, 0.000139796582516, 0.000367283588275, -0.000250656623393, -8.45740432851e-05], [0.000128012514324, -0.000264715781668, 0.00203172466718, -0.0010824262863, 0.000373881222913, 0.000894014840014, -0.00192790757865, 0.000934657291509, -0.000174627144588, 0.000297675462207, -0.00175333290827, 0.000819432316348, -0.000130877437186], [-0.000134605157655, 4.77572139062e-05, -0.0010824262863, 0.00494685396552, -0.0025073189754, -0.00101998192258, 0.00157852831762, -0.00300343544222, 0.0030357115902, -0.00161386432592, 0.000435037072748, 8.16818283056e-05, -1.83777319762e-05], [0.00019903521752, -3.24689863191e-05, 0.000373881222913, -0.0025073189754, 0.00814767740667, -0.00421781418845, -0.00113303645048, 0.00248071132228, -0.00295998039655, -0.000610314309597, 0.000460296752863, -0.000420162657974, -0.000297523627523], [-0.000162888929481, 6.66437408654e-05, 0.000894014840014, -0.00101998192258, -0.00421781418845, 0.014998042956, -0.00825560744852, -0.000503097136971, -0.000315106386552, 0.00182773370761, -0.000617750571109, 3.23489111906e-05, 0.000542865134776], [0.000192332590814, -0.000187282130355, -0.00192790757865, 0.00157852831762, -0.00113303645048, -0.00825560744852, 0.0189297255129, -0.00815639644861, -0.00150882289745, 0.00539224222302, -0.0025560525246, -0.00046705279965, 0.00180822261609], [-0.000238605061895, 0.000833080965094, 0.000934657291509, -0.00300343544222, 0.00248071132228, -0.000503097136971, -0.00815639644861, 0.0220031570643, -0.0080586373806, -0.00551619846374, 0.00372503930703, -0.00156413193326, -0.00153163052164], [1.57523718372e-05, -0.00100382091478, -0.000174627144588, 0.0030357115902, -0.00295998039655, -0.000315106386552, -0.00150882289745, -0.0080586373806, 0.0229247044772, -0.00727527355775, -0.00341006694362, 0.00311961700208, -6.55763942632e-05], [7.9898731201e-05, 0.000139796582516, 0.000297675462207, -0.00161386432592, -0.000610314309597, 0.00182773370761, 0.00539224222302, -0.00551619846374, -0.00727527355775, 0.0199825037271, -0.00823411904275, 0.000620166596491, 0.000500270340126], [6.54430914437e-05, 0.000367283588275, -0.00175333290827, 0.000435037072748, 0.000460296752863, -0.000617750571109, -0.0025560525246, 0.00372503930703, -0.00341006694362, -0.00823411904275, 0.0255632232875, -0.0137755749747, 0.00353698641993], [8.31118359201e-06, -0.000250656623393, 0.000819432316348, 8.16818283056e-05, -0.000420162657974, 3.23489111906e-05, -0.00046705279965, -0.00156413193326, 0.00311961700208, 0.000620166596491, -0.0137755749747, 0.0293115451932, -0.014121806249], [0.000165936042322, -8.45740432851e-05, -0.000130877437186, -1.83777319762e-05, -0.000297523627523, 0.000542865134776, 0.00180822261609, -0.00153163052164, -6.55763942632e-05, 0.000500270340126, 0.00353698641993, -0.014121806249, 0.0220934767276]], "cov": [[11875.6455078, 118.293296814, -994.67010498, 149.361450195, -285.724121094, 9.44731807709, -203.868606567, 128.041687012, -63.9626350403, -43.2001419067, -208.625549316, -122.137367249, -116.907409668], [118.293296814, 1128.55444336, 174.548095703, -15.1154270172, 20.9619045258, 7.16712856293, 27.6231803894, -29.4825954437, 44.8509941101, -8.49860858917, 7.59776830673, 3.77099776268, 1.77415943146], [-994.67010498, 174.548095703, 784.674560547, 130.715530396, 67.6755218506, 31.4280586243, 108.657737732, 2.41701674461, 28.1435050964, 14.3912391663, 79.0703277588, 17.3276138306, 2.48414230347], [149.361450195, -15.1154270172, 130.715530396, 339.601135254, 124.36164856, 70.4435272217, 36.8347358704, 53.0841140747, 5.39246034622, 34.2309837341, 13.1740112305, 5.92151641846, 1.40313434601], [-285.724121094, 20.9619045258, 67.6755218506, 124.36164856, 239.685470581, 111.531455994, 77.1126022339, 31.3731021881, 41.3505058289, 18.4463863373, 21.2675094604, 10.4273290634, 2.04682660103], [9.44731807709, 7.16712856293, 31.4280586243, 70.4435272217, 111.531455994, 157.706069946, 96.8476104736, 41.9072532654, 28.2554397583, -5.65324163437, 10.7743778229, 3.13480567932, -6.70233345032], [-203.868606567, 27.6231803894, 108.657737732, 36.8347358704, 77.1126022339, 96.8476104736, 140.143127441, 50.5082855225, 35.799156189, -6.48390960693, 21.7058372498, 6.76939916611, -5.89336824417], [128.041687012, -29.4825954437, 2.41701674461, 53.0841140747, 31.3731021881, 41.9072532654, 50.5082855225, 94.9170150757, 44.5508575439, 34.2730712891, 11.4048786163, 7.03604650497, 2.85070586205], [-63.9626350403, 44.8509941101, 28.1435050964, 5.39246034622, 41.3505058289, 28.2554397583, 35.799156189, 44.5508575439, 85.9328765869, 43.4533119202, 26.7758865356, 5.22843551636, -0.829130351543], [-43.2001419067, -8.49860858917, 14.3912391663, 34.2309837341, 18.4463863373, -5.65324163437, -6.48390960693, 34.2730712891, 43.4533119202, 96.4428405762, 39.1514129639, 15.816151619, 5.48642158508], [-208.625549316, 7.59776830673, 79.0703277588, 13.1740112305, 21.2675094604, 10.7743778229, 21.7058372498, 11.4048786163, 26.7758865356, 39.1514129639, 80.8699493408, 39.5372505188, 12.6290845871], [-122.137367249, 3.77099776268, 17.3276138306, 5.92151641846, 10.4273290634, 3.13480567932, 6.76939916611, 7.03604650497, 5.22843551636, 15.816151619, 39.5372505188, 71.2181015015, 39.8857650757], [-116.907409668, 1.77415943146, 2.48414230347, 1.40313434601, 2.04682660103, -6.70233345032, -5.89336824417, 2.85070586205, -0.829130351543, 5.48642158508, 12.6290845871, 39.8857650757, 70.3810195923]]}, "spectral_contrast_valleys": {"min": [-27.3502922058, -27.2895622253, -27.8383293152, -27.2868766785, -27.1769123077, -27.3115825653], "max": [-4.81719112396, -4.32968854904, -4.67464876175, -5.27319383621, -4.74187755585, -7.67186117172], "dvar2": [0.403488188982, 0.400128901005, 0.382706791162, 0.398520648479, 0.362598598003, 0.111046425998], "median": [-6.83623504639, -7.10105133057, -7.95871639252, -8.26472854614, -7.52014350891, -9.61848068237], "dmean2": [0.715915739536, 0.666238605976, 0.621464669704, 0.600490808487, 0.484364122152, 0.301436364651], "dmean": [0.462779164314, 0.414929121733, 0.396491199732, 0.396431148052, 0.321239709854, 0.218058794737], "var": [3.04612159729, 2.25704264641, 2.19051194191, 2.28569126129, 2.35694408417, 2.03761792183], "dvar": [0.200730100274, 0.176419332623, 0.17653721571, 0.198249742389, 0.171325549483, 0.0722757205367], "mean": [-7.18636703491, -7.2981095314, -8.1211309433, -8.41872501373, -7.7898068428, -9.87656593323]}, "barkbands_flatness_db": {"min": 0.0188878979534, "max": 0.448159188032, "dvar2": 0.00185612880159, "median": 0.12024654448, "dmean2": 0.0423048995435, "dmean": 0.0285339131951, "var": 0.00494412286207, "dvar": 0.000929561676458, "mean": 0.138036802411}, "dynamic_complexity": 3.9499540329, "spectral_skewness": {"min": -0.0673904642463, "max": 7.2925157547, "dvar2": 0.0656741559505, "median": 1.06095290184, "dmean2": 0.228570014238, "dmean": 0.146037325263, "var": 0.312598407269, "dvar": 0.0265010334551, "mean": 1.17389535904}, "erbbands_flatness_db": {"min": 0.0360688492656, "max": 0.399019598961, "dvar2": 0.000369896210032, "median": 0.113441199064, "dmean2": 0.0198696255684, "dmean": 0.0132366549224, "var": 0.00101857271511, "dvar": 0.00016929328558, "mean": 0.116230800748}, "hfc": {"min": 1.18