{"lowlevel": {"spectral_complexity": {"min": 0, "max": 59, "dvar2": 67.3906021118, "median": 24, "dmean2": 8.2931842804, "dmean": 6.04934883118, "var": 124.240959167, "dvar": 39.1549682617, "mean": 23.9144268036}, "silence_rate_20dB": {"min": 1, "max": 1, "dvar2": 0, "median": 1, "dmean2": 0, "dmean": 0, "var": 0, "dvar": 0, "mean": 1}, "average_loudness": 0.967388153076, "erbbands_spread": {"min": 2.43579101562, "max": 87.1578674316, "dvar2": 104.393035889, "median": 33.4926261902, "dmean2": 11.5758247375, "dmean": 7.4670419693, "var": 142.148468018, "dvar": 45.7890396118, "mean": 34.0723495483}, "spectral_kurtosis": {"min": -1.24619626999, "max": 96.0582046509, "dvar2": 47.9480934143, "median": 14.2644929886, "dmean2": 5.95526170731, "dmean": 4.08960485458, "var": 61.2658004761, "dvar": 21.4729938507, "mean": 15.8336791992}, "barkbands_kurtosis": {"min": -1.49908041954, "max": 282.18762207, "dvar2": 352.018249512, "median": 5.70886421204, "dmean2": 10.5994539261, "dmean": 6.72597932816, "var": 266.293670654, "dvar": 143.214706421, "mean": 10.7613801956}, "spectral_strongpeak": {"min": 0, "max": 105.219520569, "dvar2": 183.845046997, "median": 0.228451982141, "dmean2": 3.39801573753, "dmean": 1.81763005257, "var": 52.8831672668, "dvar": 66.9682769775, "mean": 1.44613647461}, "spectral_spread": {"min": 1423223.75, "max": 41742604, "dvar2": 638663458816, "median": 4254567, "dmean2": 738421.5625, "dmean": 498526.375, "var": 4362978721790.0, "dvar": 290086387712, "mean": 4301965.5}, "spectral_rms": {"min": 3.14639937368e-12, "max": 0.0162126515061, "dvar2": 4.64680897494e-06, "median": 0.00714787188917, "dmean2": 0.00224527716637, "dmean": 0.00152639334556, "var": 7.24984192857e-06, "dvar": 2.30319164984e-06, "mean": 0.00726619316265}, "erbbands": {"min": [2.07919374592e-22, 1.30236487539e-21, 4.63395545661e-21, 1.38300155554e-20, 2.31628504532e-20, 3.56227172565e-20, 3.93672314114e-20, 1.02458597327e-19, 1.63577770792e-19, 1.23145001504e-19, 3.12614714541e-19, 6.97238344838e-19, 7.52339016789e-19, 6.07756220919e-19, 6.68328020538e-19, 2.42807308966e-18, 2.03597500365e-18, 1.74009311892e-18, 2.73953409404e-18, 4.42291819171e-18, 4.18026393184e-18, 5.26225215541e-18, 5.30441396482e-18, 8.02368668335e-18, 8.36647611946e-18, 8.4179805203e-18, 1.09643493297e-17, 1.10823491257e-17, 1.3353911992e-17, 1.41896746034e-17, 1.32677569953e-17, 1.31294681133e-17, 1.06707531518e-17, 8.41206038865e-18, 5.79409123898e-18, 4.46210421887e-18, 2.30506781705e-18, 9.41535643901e-19, 2.59773098692e-19, 3.13529466438e-20], "max": [6.17838382721, 40.0839958191, 73.7585144043, 226.74432373, 174.189712524, 315.171234131, 303.831237793, 814.356628418, 1172.27966309, 1216.59802246, 573.139404297, 1187.98278809, 445.311309814, 523.531005859, 329.133911133, 900.637023926, 1001.3972168, 1021.85070801, 752.372070312, 982.456970215, 470.523864746, 559.962219238, 311.572753906, 431.221984863, 190.85194397, 178.209182739, 119.717842102, 76.660949707, 78.9244995117, 80.6479721069, 65.2378845215, 48.7246055603, 18.9095611572, 1.37668597698, 0.58326369524, 3.04447793961, 6.19201183319, 1.63009357452, 1.19173169136, 0.249820664525], "dvar2": [0.698092520237, 55.9073181152, 149.294830322, 192.925216675, 352.99230957, 1333.60314941, 1465.5369873, 3091.4128418, 11073.0947266, 4244.79931641, 1321.25195312, 1303.43054199, 1284.73754883, 1792.47644043, 1033.46936035, 2498.20874023, 3245.67626953, 7984.77441406, 5440.65039062, 7899.58007812, 3080.9140625, 2969.67041016, 1301.31347656, 515.107299805, 449.557250977, 189.336547852, 126.14099884, 106.865364075, 102.122451782, 46.7209396362, 55.3676376343, 32.0643043518, 4.08603906631, 0.0243020374328, 0.00371084734797, 0.0742952227592, 0.28972953558, 0.0600573457778, 0.0111584477127, 0.000696461822372], "median": [0.331268966198, 1.70531594753, 3.21598935127, 3.94776272774, 5.15617084503, 7.50469779968, 11.6610603333, 17.0618724823, 20.3168582916, 20.7259349823, 12.7202692032, 10.4882822037, 11.24858284, 11.8977622986, 10.5027017593, 14.6203174591, 18.4477977753, 28.4669532776, 25.7268638611, 28.381942749, 23.1904411316, 20.4806194305, 11.2293281555, 6.78831148148, 5.14192056656, 3.22642397881, 2.23830604553, 1.98419737816, 1.60846495628, 0.96270108223, 0.739654123783, 0.37565356493, 0.116114251316, 0.0313333533704, 0.0154018132016, 0.0236437693238, 0.0462524108589, 0.0434055365622, 0.0292012356222, 0.0220705345273], "dmean2": [0.599664628506, 5.19429731369, 8.36808490753, 9.42028427124, 13.2083921432, 22.7859134674, 25.7015895844, 36.7412376404, 50.5630836487, 44.741859436, 24.0911407471, 20.7379646301, 21.5995807648, 24.4789466858, 22.1013240814, 26.7545928955, 35.0305976868, 60.1412467957, 47.7938461304, 51.2430343628, 38.1194725037, 36.5368728638, 21.9435367584, 13.1174449921, 11.954539299, 7.20420074463, 6.32064342499, 5.52917003632, 5.23749017715, 3.63751363754, 4.05555152893, 2.58752417564, 0.852391064167, 0.0996831506491, 0.0447047054768, 0.116461582482, 0.243778005242, 0.132261961699, 0.0526805780828, 0.0177270695567], "dmean": [0.395109057426, 3.17893433571, 4.88387107849, 5.58434104919, 7.78943920135, 13.3697729111, 15.4669342041, 22.3444671631, 29.9022541046, 26.7554340363, 14.3008623123, 12.3968048096, 13.154671669, 14.8582353592, 13.6938295364, 16.4960956573, 21.7469329834, 36.5539512634, 29.7860851288, 31.5700531006, 24.4521598816, 22.678976059, 13.894449234, 8.51699256897, 7.61858701706, 4.70241928101, 4.16609287262, 3.58381605148, 3.4303560257, 2.43264937401, 2.72646403313, 1.70795893669, 0.548142075539, 0.0632185563445, 0.0283037349582, 0.0755379647017, 0.164077997208, 0.0896786302328, 0.0354933813214, 0.0118477614596], "var": [0.670526206493, 27.2477931976, 55.6671485901, 125.580123901, 152.217697144, 468.761993408, 612.159973145, 1487.87463379, 4376.64697266, 2594.48266602, 666.746337891, 747.011047363, 768.215454102, 1122.4621582, 821.370178223, 1317.11450195, 1697.54492188, 5098.40625, 3267.7890625, 4468.41894531, 2200.72607422, 1843.60583496, 633.223999023, 303.499542236, 215.205810547, 84.1615066528, 60.0579948425, 46.9282569885, 40.8241729736, 21.1852588654, 28.6130599976, 12.9169740677, 1.37687659264, 0.0104449633509, 0.00205216230825, 0.024462075904, 0.113325729966, 0.0275879390538, 0.00469122547656, 0.000602625892498], "dvar": [0.339023798704, 23.1257705688, 56.7707481384, 75.696472168, 134.929092407, 512.859863281, 582.856445312, 1231.42724609, 4536.06738281, 1766.63769531, 526.601745605, 521.579284668, 522.127197266, 685.800109863, 418.945465088, 966.628112793, 1331.16699219, 3034.93774414, 2131.60668945, 3092.69384766, 1321.4876709, 1204.01000977, 537.64642334, 220.317855835, 189.212554932, 77.0495834351, 53.6742095947, 43.5682067871, 41.1585540771, 19.7884273529, 25.0720081329, 13.4061727524, 1.61978149414, 0.00988063216209, 0.00159627094399, 0.0289464630187, 0.118083834648, 0.0253812279552, 0.0044638523832, 0.000297166348901], "mean": [0.646722197533, 3.73552393913, 5.75156593323, 7.07857942581, 9.25386619568, 14.9500265121, 19.3097343445, 28.6821708679, 35.6283226013, 35.6421127319, 19.5763816833, 17.1984596252, 19.3591995239, 22.7089691162, 21.7947101593, 24.6953163147, 31.7835884094, 56.0002937317, 46.2466087341, 49.2841262817, 39.6076469421, 34.9462547302, 19.6494293213, 12.8111371994, 10.3586959839, 6.38042831421, 5.16403436661, 4.49659395218, 4.004114151, 2.76051139832, 2.87753462791, 1.68440830708, 0.514407455921, 0.0687257051468, 0.0321915857494, 0.0758332908154, 0.172796070576, 0.107363544405, 0.0523704253137, 0.0284407921135]}, "zerocrossingrate": {"min": 0.001953125, "max": 0.60107421875, "dvar2": 0.00138684804551, "median": 0.2197265625, "dmean2": 0.0450023673475, "dmean": 0.0372388139367, "var": 0.00879304111004, "dvar": 0.000956779636908, "mean": 0.231605187058}, "spectral_contrast_coeffs": {"min": [-0.98018014431, -0.980571508408, -0.975470125675, -0.98496901989, -0.971768498421, -0.963445842266], "max": [-0.315763682127, -0.496510803699, -0.599927961826, -0.644622802734, -0.644033312798, -0.495968967676], "dvar2": [0.0054000671953, 0.0047311685048, 0.0023785084486, 0.00139869004488, 0.000859300023876, 0.00259829568677], "median": [-0.700371026993, -0.76096791029, -0.817060649395, -0.809333384037, -0.804729878902, -0.723703145981], "dmean2": [0.0934856161475, 0.090219847858, 0.0623634904623, 0.0490653514862, 0.0369095876813, 0.0608284398913], "dmean": [0.0564808882773, 0.0537327155471, 0.037269141525, 0.0295078493655, 0.022767951712, 0.0399016849697], "var": [0.00530376518145, 0.00381382880732, 0.00209529348649, 0.00158231996465, 0.00124190631323, 0.00391638372093], "dvar": [0.0020390432328, 0.00172897358425, 0.000877629616298, 0.000519935972989, 0.000346134562278, 0.0011485615978], "mean": [-0.694886982441, -0.7569860816, -0.813947081566, -0.807050764561, -0.805112063885, -0.730138361454]}, "dissonance": {"min": 0.275503605604, "max": 0.500000178814, "dvar2": 0.000714016729034, "median": 0.479750692844, "dmean2": 0.0279518086463, "dmean": 0.0165034290403, "var": 0.000422935088864, "dvar": 0.00026075146161, "mean": 0.474839389324}, "spectral_energyband_high": {"min": 7.34593010276e-21, "max": 0.0138477822766, "dvar2": 4.15423164668e-06, "median": 0.000636867654976, "dmean2": 0.00116452260409, "dmean": 0.000797222892288, "var": 2.18952186515e-06, "dvar": 1.78206778401e-06, "mean": 0.00118765980005}, "gfcc": {"mean": [28.5479393005, 89.3180923462, -85.4544830322, 4.23331260681, -10.7822141647, -15.8870124817, -10.8750610352, -18.3421802521, 8.38813114166, -4.74581623077, -3.10617303848, 1.22215354443, -10.2488861084], "icov": [[0.000152538166731, -0.000321177212754, 0.000674467824865, -0.000835523707792, 0.000633552554063, -0.000204406620469, 0.00022577100026, -4.0444174374e-05, 0.000132442568429, 6.16092893324e-06, 4.84822485305e-05, -0.000298819708405, 0.000111162109533], [-0.000321177212754, 0.00364617281593, -0.00376362283714, 0.00428490433842, -0.00301527720876, 0.00200966163538, -0.00212184456177, 0.000390414323192, -0.0010756792035, 0.00122724554967, -0.00150808424223, 0.00216227537021, -0.00189654377755], [0.000674467824865, -0.00376362283714, 0.00943807139993, -0.00987570360303, 0.00790463667363, -0.00308898626827, 0.00189088494517, -0.00116180430632, 0.0013590172166, -0.000680993020069, -0.00239705201238, 0.00185777375009, -0.00251097325236], [-0.000835523707792, 0.00428490433842, -0.00987570360303, 0.0184217393398, -0.0131869483739, 0.00452055083588, 0.00013769180805, -0.00174862029962, 0.000993735622615, -0.0083581097424, 0.0104841245338, -0.0116678988561, 0.00878960546106], [0.000633552554063, -0.00301527720876, 0.00790463667363, -0.0131869483739, 0.0203800611198, -0.00869893282652, -0.00403680186719, 0.00743873184547, -0.00745108816773, 0.0089015327394, -0.0135271791369, 0.0151135763153, -0.012517134659], [-0.000204406620469, 0.00200966163538, -0.00308898626827, 0.00452055083588, -0.00869893282652, 0.0138048706576, 0.000300990184769, -0.00888051837683, 0.00823024753481, -0.00633058557287, 0.00652639288455, -0.00832908786833, 0.00619990145788], [0.00022577100026, -0.00212184456177, 0.00189088494517, 0.00013769180805, -0.00403680186719, 0.000300990184769, 0.0148934666067, -0.00471261981875, -0.00246862624772, 0.00210894597694, 0.00385582749732, -0.0077396761626, 0.00377470068634], [-4.0444174374e-05, 0.000390414323192, -0.00116180430632, -0.00174862029962, 0.00743873184547, -0.00888051837683, -0.00471261981875, 0.0214697215706, -0.00649952329695, -0.000765381555539, -0.00552490260452, 0.0104515794665, -0.0103489430621], [0.000132442568429, -0.0010756792035, 0.0013590172166, 0.000993735622615, -0.00745108816773, 0.00823024753481, -0.00246862624772, -0.00649952329695, 0.0264899712056, -0.0192358233035, 0.0137724354863, -0.0162285640836, 0.0122490199283], [6.16092893324e-06, 0.00122724554967, -0.000680993020069, -0.0083581097424, 0.0089015327394, -0.00633058557287, 0.00210894597694, -0.000765381555539, -0.0192358233035, 0.0485134236515, -0.0301768183708, 0.0208183154464, -0.0157279651612], [4.84822485305e-05, -0.00150808424223, -0.00239705201238, 0.0104841245338, -0.0135271791369, 0.00652639288455, 0.00385582749732, -0.00552490260452, 0.0137724354863, -0.0301768183708, 0.0480771660805, -0.0319922529161, 0.0158370342106], [-0.000298819708405, 0.00216227537021, 0.00185777375009, -0.0116678988561, 0.0151135763153, -0.00832908786833, -0.0077396761626, 0.0104515794665, -0.0162285640836, 0.0208183154464, -0.0319922529161, 0.0517076551914, -0.0209393054247], [0.000111162109533, -0.00189654377755, -0.00251097325236, 0.00878960546106, -0.012517134659, 0.00619990145788, 0.00377470068634, -0.0103489430621, 0.0122490199283, -0.0157279651612, 0.0158370342106, -0.0209393054247, 0.0315791219473]], "cov": [[11698.0849609, -383.549560547, -524.253112793, 424.190460205, -201.540863037, -66.392868042, -81.9283294678, -136.861755371, 61.8927650452, -61.3806800842, -64.4552078247, 171.012908936, -234.734436035], [-383.549560547, 761.680175781, 123.97933197, -151.462493896, 62.9451904297, -70.5208969116, 72.418510437, 15.1539831161, -1.74388599396, -3.20452332497, 29.0404071808, -38.1273994446, 93.4500656128], [-524.253112793, 123.97933197, 485.13067627, 154.116607666, -77.2588882446, 68.1026535034, -53.0785903931, 94.612159729, -17.8993492126, 72.8618469238, 25.4526309967, 11.0330314636, 36.1088371277], [424.190460205, -151.462493896, 154.116607666, 263.688293457, 36.2339706421, 41.0997924805, -6.76186466217, 18.1045227051, 42.82421875, 43.1106948853, 3.64396905899, 40.8828048706, -28.5533046722], [-201.540863037, 62.9451904297, -77.2588882446, 36.2339706421, 182.846908569, 23.8041229248, 60.1237792969, -18.1304149628, 32.5891265869, -0.418632000685, 13.4615764618, -2.20825314522, 21.8708152771], [-66.392868042, -70.5208969116, 68.1026535034, 41.0997924805, 23.8041229248, 159.112442017, -2.77935957909, 62.4833717346, -22.5471630096, 23.1114749908, 7.17215442657, 7.32607889175, 10.4970617294], [-81.9283294678, 72.418510437, -53.0785903931, -6.76186466217, 60.1237792969, -2.77935957909, 115.381309509, 4.45435571671, 33.6918373108, -10.4892406464, -0.0871123299003, 11.4706354141, 3.70133495331], [-136.861755371, 15.1539831161, 94.612159729, 18.1045227051, -18.1304149628, 62.4833717346, 4.45435571671, 104.580444336, 3.25082278252, 34.0827026367, 10.0051279068, -0.918150484562, 28.2496109009], [61.8927650452, -1.74388599396, -17.8993492126, 42.82421875, 32.5891265869, -22.5471630096, 33.6918373108, 3.25082278252, 87.7456130981, 22.9154319763, 5.14468765259, 18.5189819336, -12.2057933807], [-61.3806800842, -3.20452332497, 72.8618469238, 43.1106948853, -0.418632000685, 23.1114749908, -10.4892406464, 34.0827026367, 22.9154319763, 60.9368743896, 28.0439853668, 8.06953334808, 14.2852916718], [-64.4552078247, 29.0404071808, 25.4526309967, 3.64396905899, 13.4615764618, 7.17215442657, -0.0871123299003, 10.0051279068, 5.14468765259, 28.0439853668, 52.7739219666, 20.1532096863, 9.06603717804], [171.012908936, -38.1273994446, 11.0330314636, 40.8828048706, -2.20825314522, 7.32607889175, 11.4706354141, -0.918150484562, 18.5189819336, 8.06953334808, 20.1532096863, 50.718006134, 2.97944188118], [-234.734436035, 93.4500656128, 36.1088371277, -28.5533046722, 21.8708152771, 10.4970617294, 3.70133495331, 28.2496109009, -12.2057933807, 14.2852916718, 9.06603717804, 2.97944188118, 73.6253433228]]}, "spectral_flux": {"min": 6.29900576143e-11, "max": 0.468569219112, "dvar2": 0.00462127197534, "median": 0.131092354655, "dmean2": 0.0680622681975, "dmean": 0.0424679592252, "var": 0.00358582753688, "dvar": 0.00199693697505, "mean": 0.139337658882}, "silence_rate_30dB": {"min": 0, "max": 1, "dvar2": 0.226154699922, "median": 1, "dmean2": 0.249885335565, "dmean": 0.124931208789, "var": 0.112665958703, "dvar": 0.109323397279, "mean": 0.87058609724}, "spectral_energyband_middle_high": {"min": 1.18563496892e-21, "max": 0.0558531619608, "dvar2": 3.77030555683e-05, "median": 0.00477625709027, "dmean2": 0.00438790023327, "dmean": 0.00295422808267, "var": 3.72449831048e-05, "dvar": 1.67966918525e-05, "mean": 0.00643564667553}, "barkbands_spread": {"min": 0.434785872698, "max": 101.289382935, "dvar2": 167.422317505, "median": 24.6872272491, "dmean2": 12.9261484146, "dmean": 8.29600048065, "var": 245.257446289, "dvar": 76.6867980957, "mean": 26.765203476}, "spectral_centroid": {"min": 201.232894897, "max": 11634.0068359, "dvar2": 165322.34375, "median": 1062.28930664, "dmean2": 395.336608887, "dmean": 253.483627319, "var": 497637.9375, "dvar": 79527.046875, "mean": 1130.25744629}, "pitch_salience": {"min": 0.133630558848, "max": 0.885420918465, "dvar2": 0.0137204462662, "median": 0.571343183517, "dmean2": 0.138857290149, "dmean": 0.0873567536473, "var": 0.0185757074505, "dvar": 0.00569392740726, "mean": 0.554740190506}, "erbbands_skewness": {"min": -2.72065520287, "max": 4.23889923096, "dvar2": 0.290300428867, "median": -0.000538256310392, "dmean2": 0.615220248699, "dmean": 0.392301082611, "var": 0.491249233484, "dvar": 0.128986269236, "mean": 0.100288368762}, "erbbands_crest": {"min": 2.59495639801, "max": 26.8695755005, "dvar2": 13.609954834, "median": 6.31676387787, "dmean2": 3.93345427513, "dmean": 2.36440658569, "var": 10.0619134903, "dvar": 5.54732370377, "mean": 7.12035608292}, "melbands": {"min": [2.36555837978e-24, 2.17045552576e-24, 2.76251693437e-24, 1.97059800985e-24, 1.46178272599e-24, 2.53036503073e-24, 2.395978434e-24, 1.50060326139e-24, 2.46443381121e-24, 3.89063831872e-24, 3.82511671523e-24, 2.4038066952e-24, 1.99242756604e-24, 4.30650448871e-24, 4.53104349019e-24, 4.5628219629e-24, 1.99159393728e-24, 3.41428821098e-24, 4.62482169688e-24, 4.164706741e-24, 3.60485767859e-24, 4.06507084765e-24, 4.68828634557e-24, 3.83544882093e-24, 6.27905985969e-24, 5.0843840557e-24, 5.17814964062e-24, 5.43265549573e-24, 6.17229897465e-24, 6.12783877403e-24, 5.39798032578e-24, 6.05660423986e-24, 6.261213065e-24, 7.95658914072e-24, 6.92418399709e-24, 6.48325058855e-24, 5.93240361236e-24, 7.11368968577e-24, 6.4971956772e-24, 6.87716788714e-24], "max": [0.0574932619929, 0.0446317158639, 0.0360669232905, 0.0134596740827, 0.0111642321572, 0.0156217534095, 0.0168649684638, 0.0117421383038, 0.00790129229426, 0.00640121800825, 0.00224294676445, 0.00203603622504, 0.00151472503785, 0.00185620936099, 0.00183999584988, 0.00175962946378, 0.00178566866089, 0.00119071907829, 0.0017000149237, 0.00101388536859, 0.000540835026186, 0.000731877109502, 0.000376271287678, 0.000212899947655, 0.00039285744424, 0.000171225678059, 0.000103373611637, 0.000146979044075, 9.10426024348e-05, 5.64421097806e-05, 5.42412817595e-05, 4.35334768554e-05, 4.54005712527e-05, 4.07294137403e-05, 4.3562387873e-05, 4.73759973829e-05, 3.30905168084e-05, 1.82458315976e-05, 4.97895780427e-06, 6.81736821662e-07], "dvar2": [5.69883050048e-05, 5.45790826436e-05, 5.28200735062e-06, 3.36471657647e-06, 1.9208696358e-06, 1.51613608068e-06, 2.10597704609e-06, 3.88826094877e-07, 8.87408404537e-08, 4.85195386091e-08, 3.3553870793e-08, 2.92105539756e-08, 1.66598770335e-08, 1.45998297896e-08, 1.83055899328e-08, 1.93766034329e-08, 2.92128614632e-08, 1.907085867e-08, 2.0289853353e-08, 9.03309693712e-09, 4.09914102661e-09, 3.99906108228e-09, 2.16357065597e-09, 6.95087765124e-10, 3.49720585824e-10, 3.67440272653e-10, 1.37443417758e-10, 9.89009152352e-11, 5.28770811858e-11, 4.59345339543e-11, 3.86362955518e-11, 3.78561591796e-11, 2.18340918262e-11, 1.29087174977e-11, 2.13757293116e-11, 1.80898473284e-11, 1.11378233025e-11, 2.76507722968e-12, 2.10490967104e-13, 5.97010505268e-15], "median": [0.00355834374204, 0.0020588315092, 0.00076885020826, 0.00047513100435, 0.000415276561398, 0.000387505395338, 0.000322950218106, 0.000208136654692, 9.09496084205e-05, 6.32105802651e-05, 5.60697226319e-05, 4.74824919365e-05, 3.26023073285e-05, 2.82622277155e-05, 4.19974930992e-05, 3.75717172574e-05, 5.3875901358e-05, 4.00483695557e-05, 3.56045820809e-05, 3.76847601729e-05, 2.18048753595e-05, 2.12904178625e-05, 1.26252698465e-05, 8.26847463031e-06, 4.8086476454e-06, 4.30045611211e-06, 2.79147047877e-06, 1.85297392363e-06, 1.38834627705e-06, 1.20080551369e-06, 1.10280279841e-06, 9.52786479047e-07, 6.73126237416e-07, 4.57044194491e-07, 4.33310020753e-07, 3.46642565319e-07, 1.74875111725e-07, 8.58245101654e-08, 3.51525528686e-08, 1.61148285827e-08], "dmean2": [0.00563545757905, 0.00515233725309, 0.00163976056501, 0.00122056459077, 0.000916770484764, 0.000816355983261, 0.000752499967348, 0.000437840877566, 0.000187303347047, 0.000132899760501, 0.00011214074766, 0.000103454352939, 8.28193296911e-05, 6.14089440205e-05, 9.07828143681e-05, 8.78793143784e-05, 0.000117453571875, 8.89246439328e-05, 7.59443937568e-05, 6.29398637102e-05, 4.36948139395e-05, 4.1846120439e-05, 2.86378126475e-05, 1.71228130057e-05, 1.03839092844e-05, 1.0860090697e-05, 6.56365864415e-06, 4.63033120468e-06, 3.97956227971e-06, 3.74044088858e-06, 3.24756592818e-06, 3.15661941386e-06, 2.45979799729e-06, 1.92864672499e-06, 2.49644290307e-06, 2.15323962038e-06, 1.42626663546e-06, 6.99649717717e-07, 1.91337790056e-07, 5.44864171559e-08], "dmean": [0.00365845044143, 0.00308890780434, 0.000976067734882, 0.000724417041056, 0.00055259821238, 0.000496027932968, 0.000445235753432, 0.000260879955022, 0.000111412882688, 7.92990831542e-05, 6.8066867243e-05, 6.25315733487e-05, 5.15911597176e-05, 3.79298289772e-05, 5.53471327294e-05, 5.33135789738e-05, 7.08287043381e-05, 5.47178278794e-05, 4.640798943e-05, 3.92220390495e-05, 2.77077560895e-05, 2.57380524999e-05, 1.77080110007e-05, 1.06404422695e-05, 6.67070526106e-06, 6.87946021571e-06, 4.10272605222e-06, 3.01273462355e-06, 2.60318893197e-06, 2.42582837018e-06, 2.06673439607e-06, 2.03063814297e-06, 1.60378840519e-06, 1.28448220948e-06, 1.63632319072e-06, 1.44347666264e-06, 9.18835723951e-07, 4.4938039423e-07, 1.1734353933e-07, 3.42439214762e-08], "var": [5.5565546063e-05, 2.27118307521e-05, 3.33084403792e-06, 1.28330009375e-06, 8.00426505521e-07, 6.9372561029e-07, 8.75640125741e-07, 2.31343904034e-07, 5.10852231628e-08, 2.75518221571e-08, 1.97320133566e-08, 1.82162960272e-08, 1.35125750589e-08, 7.97651100726e-09, 1.01651078666e-08, 1.00205497233e-08, 1.85237265526e-08, 1.10722986335e-08, 8.50933634666e-09, 6.35304964192e-09, 2.73350431179e-09, 2.40291009312e-09, 9.81833059299e-10, 3.56198431861e-10, 1.95686480908e-10, 1.72294747913e-10, 5.97399699154e-11, 3.8312051448e-11, 2.37124174463e-11, 2.09828768943e-11, 1.56514471522e-11, 1.41949871996e-11, 9.17169118431e-12, 5.88691075054e-12, 1.00909064091e-11, 8.62189920153e-12, 3.97560370041e-12, 9.39305057346e-13, 5.85666497938e-14, 3.20323444927e-15], "dvar": [2.73881978501e-05, 2.13099519897e-05, 2.06807931136e-06, 1.29316970288e-06, 7.67091421494e-07, 5.98843826083e-07, 8.67271978677e-07, 1.60359462598e-07, 3.62669538845e-08, 1.91979321329e-08, 1.358499091e-08, 1.11725642071e-08, 6.70731292729e-09, 5.70198466221e-09, 7.27834770231e-09, 7.57921281291e-09, 1.11517470813e-08, 7.393373469e-09, 7.74310393581e-09, 3.65966346116e-09, 1.71898950629e-09, 1.59796065269e-09, 8.81783868145e-10, 2.81619921827e-10, 1.4752137012e-10, 1.51805637505e-10, 5.64271719627e-11, 3.8894654858e-11, 2.1898018121e-11, 1.93970482038e-11, 1.52582842194e-11, 1.49842083186e-11, 8.97141128747e-12, 5.50836936827e-12, 9.36736018614e-12, 7.97220102433e-12, 4.50061168888e-12, 1.09995834056e-12, 7.85567086641e-14, 2.54651159405e-15], "mean": [0.00632567703724, 0.00376753951423, 0.00128998758737, 0.000856365135405, 0.000694490096066, 0.000638085417449, 0.000547540606931, 0.000348183064489, 0.000148343649926, 0.000107589628897, 9.77042654995e-05, 9.24820778891e-05, 7.93216531747e-05, 5.39202483196e-05, 7.76150482125e-05, 7.34647401259e-05, 0.000106276653241, 7.90797857917e-05, 6.35718752164e-05, 6.28804482403e-05, 4.15006106778e-05, 3.81574573112e-05, 2.32818383665e-05, 1.48565713971e-05, 9.63624279393e-06, 9.04186708794e-06, 5.41327426617e-06, 3.90353170587e-06, 3.17505987368e-06, 2.93158245768e-06, 2.51971118814e-06, 2.32630873143e-06, 1.85848148249e-06, 1.40176712193e-06, 1.69262284544e-06, 1.47864284372e-06, 8.63967613896e-07, 4.17368966055e-07, 1.09589279873e-07, 3.74328337216e-08]}, "spectral_entropy": {"min": 5.77992582321, "max": 9.82581329346, "dvar2": 0.0792388916016, "median": 7.65771245956, "dmean2": 0.284165471792, "dmean": 0.1903899014, "var": 0.124832332134, "dvar": 0.038186583668, "mean": 7.61382722855}, "spectral_rolloff": {"min": 21.533203125, "max": 21963.8671875, "dvar2": 116177760, "median": 2433.25195312, "dmean2": 8075.24951172, "dmean": 4308.38476562, "var": 91386896, "dvar": 51540360, "mean": 8966.46484375}, "barkbands": {"min": [1.23446072184e-24, 6.82231681068e-24, 1.85612699554e-24, 4.0398209878e-24, 1.07862789617e-23, 1.31702694709e-23, 1.18907836255e-23, 6.22720961011e-24, 2.31488061416e-23, 3.02023980371e-23, 1.10454876111e-23, 3.97925232638e-23, 4.92455444653e-23, 4.20334562145e-23, 7.53234558346e-23, 7.80048319168e-23, 7.95134810664e-23, 9.15929231439e-23, 1.38765669316e-22, 2.16417691082e-22, 2.64663313329e-22, 3.56495684157e-22, 4.75859527768e-22, 7.11458378072e-22, 7.94057592698e-22, 1.37590448321e-21, 2.0330344525e-21], "max": [0.150942876935, 0.191922783852, 0.0600054003298, 0.104245446622, 0.0664477571845, 0.0630138143897, 0.0715006440878, 0.0198917426169, 0.0588155537844, 0.0125958202407, 0.0113572925329, 0.0179418623447, 0.0188433136791, 0.0181462336332, 0.0207490827888, 0.0103930681944, 0.00903757102787, 0.00550437439233, 0.00544258626178, 0.00329050142318, 0.00246167229488, 0.0022426629439, 0.00193534139544, 0.00176340900362, 7.66999437474e-05, 0.00208763452247, 0.0111315380782], "dvar2": [0.000247214600677, 0.000895459612366, 9.44347557379e-05, 2.7045414754e-05, 6.76403578836e-05, 3.37559758918e-05, 3.98629417759e-05, 3.26463214151e-06, 2.79691766991e-06, 1.29803800064e-06, 1.08989320324e-06, 1.14123656658e-06, 1.52486188654e-06, 3.89373099097e-06, 2.69203178505e-06, 1.26795953292e-06, 8.29852524475e-07, 3.83464481502e-07, 2.00557408903e-07, 7.81172886377e-08, 6.92125823321e-08, 6.71023983045e-08, 5.73954110905e-08, 3.42172405965e-08, 7.00997176972e-11, 3.97187882584e-08, 1.39457051773e-06], "median": [0.00223972112872, 0.00929634273052, 0.00249085924588, 0.00120412791148, 0.00235553923994, 0.00199115741998, 0.00148552819155, 0.000628578709438, 0.000469326187158, 0.000348838773789, 0.000220686444663, 0.000305037159706, 0.00036658346653, 0.000619737373199, 0.000471044681035, 0.000493111438118, 0.000352372677298, 0.000178417263669, 0.000107972111437, 6.72588066664e-05, 5.2116214647e-05, 4.19340212829e-05, 2.63745387201e-05, 1.08408921733e-05, 1.79510163889e-06, 2.10471789615e-05, 0.000709813088179], "dmean2": [0.00954593531787, 0.0215217787772, 0.00657974556088, 0.00347629212774, 0.00558054354042, 0.00400528917089, 0.00349720357917, 0.00131426088046, 0.000967588101048, 0.000768146186601, 0.000615292869043, 0.000610655930359, 0.000793528161012, 0.00135505269282, 0.000910538423341, 0.000783570983913, 0.000625096203294, 0.00038147388841, 0.000256264058407, 0.000150316103827, 0.000147850121721, 0.000134584537591, 0.000133582594572, 8.01708520157e-05, 5.93281220063e-06, 9.87186358543e-05, 0.000750607810915], "dmean": [0.00684862956405, 0.0134323863313, 0.00386601872742, 0.00203602714464, 0.00332402833737, 0.0024408029858, 0.00207971176133, 0.000771652325056, 0.000577484664973, 0.000465062796138, 0.000382120255381, 0.000375910603907, 0.000490587030072, 0.000820884073619, 0.000559455889743, 0.000494779611472, 0.000388639920857, 0.000238642111071, 0.000165719990036, 9.78429452516e-05, 9.70672845142e-05, 8.8189910457e-05, 9.1128567874e-05, 5.2037074056e-05, 3.73378384211e-06, 6.70048320899e-05, 0.000499093730468], "var": [0.000302374945022, 0.00056218157988, 3.49071960954e-05, 1.92005172721e-05, 2.73720434052e-05, 1.52668708324e-05, 1.81941104529e-05, 1.43072099945e-06, 1.80495851509e-06, 8.23291372853e-07, 7.79951278673e-07, 6.58576709611e-07, 8.14913221348e-07, 2.57099418377e-06, 1.15825059765e-06, 9.03307238787e-07, 5.27898464497e-07, 1.8215092723e-07, 1.05272377482e-07, 3.4819500172e-08, 3.30739382548e-08, 2.6924430685e-08, 3.14088204334e-08, 1.232340896e-08, 3.78934106315e-11, 1.74534395825e-08, 1.04995694983e-06], "dvar": [0.000139693918754, 0.000396790943341, 3.52792922058e-05, 1.06440056697e-05, 2.66778679361e-05, 1.33517069116e-05, 1.64595057868e-05, 1.25016742913e-06, 1.15412967716e-06, 5.20405023963e-07, 4.30228283221e-07, 4.47693849992e-07, 6.21275603407e-07, 1.49615266309e-06, 1.02341061847e-06, 5.34341609182e-07, 3.40168696766e-07, 1.5582979529e-07, 8.54151380736e-08, 3.18979367364e-08, 2.922985054e-08, 2.69986610846e-08, 2.65559076951e-08, 1.38328752897e-08, 2.99563394923e-11, 1.68264335798e-08, 5.89948285779e-07], "mean": [0.010747470893, 0.0182248633355, 0.00446177087724, 0.00239896099083, 0.00410656537861, 0.00317273265682, 0.00258649233729, 0.000982204102911, 0.000795043306425, 0.000668743683491, 0.000566686328966, 0.000546197930817, 0.00068162183743, 0.00124721764587, 0.000795150524937, 0.000795491796453, 0.000598186219577, 0.000324931956129, 0.000226920077694, 0.000131262597279, 0.000121392375149, 0.000104104721686, 9.78705284069e-05, 4.96950051456e-05, 4.11891278418e-06, 7.17493530829e-05, 0.0010161466198]}, "melbands_flatness_db": {"min": 0.0031673728954, "max": 0.599014997482, "dvar2": 0.00286324531771, "median": 0.232186108828, "dmean2": 0.0599653832614, "dmean": 0.0395073667169, "var": 0.00481553887948, "dvar": 0.00136366311926, "mean": 0.235959708691}, "melbands_skewness": {"min": -1.62752068043, "max": 12.0584173203, "dvar2": 1.93048989773, "median": 2.62603282928, "dmean2": 1.42359745502, "dmean": 0.90040063858, "var": 2.57989001274, "dvar": 0.801832199097, "mean": 2.89658951759}, "barkbands_skewness": {"min": -2.30113172531, "max": 13.019908905, "dvar2": 1.58680224419, "median": 2.26499581337, "dmean2": 1.21059703827, "dmean": 0.78592979908, "var": 2.33417677879, "dvar": 0.705088973045, "mean": 2.48550653458}, "silence_rate_60dB": {"min": 0, "max": 1, "dvar2": 0.00784057751298, "median": 0, "dmean2": 0.00697183748707, "dmean": 0.00348559906706, "var": 0.0199467837811, "dvar": 0.00347344949841, "mean": 0.0203613676131}, "spectral_energyband_low": {"min": 2.09983902467e-23, "max": 0.236309543252, "dvar2": 0.00115428562276, "median": 0.0207464825362, "dmean2": 0.026439294219, "dmean": 0.0169189684093, "var": 0.000981490826234, "dvar": 0.000509496254381, "mean": 0.0307645518333}, "spectral_energyband_middle_low": {"min": 1.55673533357e-22, "max": 0.134179636836, "dvar2": 0.000287901842967, "median": 0.0107179572806, "dmean2": 0.0130899436772, "dmean": 0.00811224337667, "var": 0.000157101094374, "dvar": 0.00011792989244, "mean": 0.0142058636993}, "melbands_kurtosis": {"min": -1.74997961521, "max": 238.060455322, "dvar2": 504.097137451, "median": 9.16218852997, "dmean2": 14.5931091309, "dmean": 9.03290367126, "var": 364.957366943, "dvar": 197.535476685, "mean": 14.8608703613}, "spectral_decrease": {"min": -6.70225119848e-08, "max": 3.13356340875e-09, "dvar2": 1.03958094005e-16, "median": -9.59323998018e-09, "dmean2": 9.13271858138e-09, "dmean": 5.9231539673e-09, "var": 1.01900789942e-16, "dvar": 4.67509809808e-17, "mean": -1.21816379206e-08}, "erbbands_kurtosis": {"min": -1.66336321831, "max": 28.4960155487, "dvar2": 4.14319992065, "median": -0.185096248984, "dmean2": 1.44444453716, "dmean": 0.880380630493, "var": 2.91007137299, "dvar": 1.64200603962, "mean": 0.285909920931}, "melbands_crest": {"min": 1.74330532551, "max": 37.0112800598, "dvar2": 28.4601593018, "median": 15.662815094, "dmean2": 6.62948036194, "dmean": 4.1679110527, "var": 44.9829177856, "dvar": 12.3956451416, "mean": 16.3325653076}, "melbands_spread": {"min": 0.359281212091, "max": 165.214431763, "dvar2": 116.676765442, "median": 14.4257106781, "dmean2": 10.4671554565, "dmean": 6.63830280304, "var": 223.54359436, "dvar": 53.8060569763, "mean": 18.5840549469}, "spectral_energy": {"min": 1.01473242656e-20, "max": 0.269421339035, "dvar2": 0.00165827246383, "median": 0.0523693747818, "dmean2": 0.037547942251, "dmean": 0.0248924158514, "var": 0.00173515453935, "dvar": 0.00077238708036, "mean": 0.0615485906601}, "mfcc": {"mean": [-634.705993652, 151.555038452, -12.4369869232, 33.1196174622, 9.88243865967, 19.1186542511, -12.5876502991, 7.27881097794, -4.17932415009, 8.84427261353, 0.285561472178, 7.13765192032, 0.697455585003], "icov": [[0.000220956688281, -8.14007871668e-05, 0.000148513921886, -0.000175844776095, -0.000114585374831, -3.60756566806e-05, 8.99053266039e-05, -0.000333353586029, 0.000120692864584, -0.000121502860566, 0.0004012248246, -0.000497680099215, 0.000508151890244], [-8.14007871668e-05, 0.0013841263717, -3.57621029252e-05, -0.000277651910437, 0.000577863422222, 0.000293146964395, -0.000333931675414, 0.000241349131102, -0.000443246972281, 0.000946528103668, -0.000844137801323, 0.00110652018338, -0.00127108185552], [0.000148513921886, -3.57621029252e-05, 0.0026218702551, -0.000939574791119, -0.00125078111887, 0.00190178467892, -0.00101664906833, 0.000590338546317, -0.000304402958136, -0.000667241693009, 0.000627522997092, -0.00178459566087, 0.000430726766353], [-0.000175844776095, -0.000277651910437, -0.000939574791119, 0.00677551748231, -0.0011190448422, -0.00334900734015, 0.00391987385228, -0.00108092592563, -0.000483998068376, 0.000430809071986, -0.00267443526536, 0.000220464440645, -0.000806556665339], [-0.000114585374831, 0.000577863422222, -0.00125078111887, -0.0011190448422, 0.0115753319114, -0.00485447747633, -0.00335107720457, 0.00450964877382, -0.00120147434063, -0.00114636472426, -0.00107806373853, -4.39727336925e-05, -0.00197486486286], [-3.60756566806e-05, 0.000293146964395, 0.00190178467892, -0.00334900734015, -0.00485447747633, 0.0171973686665, -0.00273402151652, -0.00552772497758, 0.00305075757205, -0.00458483025432, 0.00186743680388, 0.000671884859912, 0.000629932794254], [8.99053266039e-05, -0.000333931675414, -0.00101664906833, 0.00391987385228, -0.00335107720457, -0.00273402151652, 0.0150721501559, -0.0045631788671, -0.00259012239985, 0.00512218521908, -0.00474656140432, 0.00272821611725, -0.00141098687891], [-0.000333353586029, 0.000241349131102, 0.000590338546317, -0.00108092592563, 0.00450964877382, -0.00552772497758, -0.0045631788671, 0.0206749998033, -0.00435803085566, -0.00476817786694, 0.00507003162056, -0.00452363770455, -0.00105823925696], [0.000120692864584, -0.000443246972281, -0.000304402958136, -0.000483998068376, -0.00120147434063, 0.00305075757205, -0.00259012239985, -0.00435803085566, 0.0172580964863, -0.00428909063339, -0.0054116290994, 0.00702676456422, -0.0026197489351], [-0.000121502860566, 0.000946528103668, -0.000667241693009, 0.000430809071986, -0.00114636472426, -0.00458483025432, 0.00512218521908, -0.00476817786694, -0.00428909063339, 0.0257816426456, -0.00573015026748, -0.00503744836897, 0.00455817347392], [0.0004012248246, -0.000844137801323, 0.000627522997092, -0.00267443526536, -0.00107806373853, 0.00186743680388, -0.00474656140432, 0.00507003162056, -0.0054116290994, -0.00573015026748, 0.0292179174721, -0.00530299078673, -0.00608382420614], [-0.000497680099215, 0.00110652018338, -0.00178459566087, 0.000220464440645, -4.39727336925e-05, 0.000671884859912, 0.00272821611725, -0.00452363770455, 0.00702676456422, -0.00503744836897, -0.00530299078673, 0.025716656819, -0.00712875090539], [0.000508151890244, -0.00127108185552, 0.000430726766353, -0.000806556665339, -0.00197486486286, 0.000629932794254, -0.00141098687891, -0.00105823925696, -0.0026197489351, 0.00455817347392, -0.00608382420614, -0.00712875090539, 0.0266356579959]], "cov": [[6565.08007812, -226.1456604, -411.545654297, 252.411987305, -47.1737060547, 220.432632446, -217.620819092, 214.704940796, -179.881896973, 138.043136597, -166.898925781, 155.360275269, -171.306396484], [-226.1456604, 966.564025879, 19.7778663635, -3.47210764885, -26.1559772491, -65.1634521484, 65.564781189, -36.3668937683, 71.1416244507, -68.2219924927, 53.2754211426, -59.632976532, 66.5254745483], [-411.545654297, 19.7778663635, 516.252807617, 41.6896476746, 69.5658798218, -44.577255249, 35.3001594543, -32.9009361267, 27.8379249573, 4.22196006775, 31.363073349, 24.8301048279, 24.3088436127], [252.411987305, -3.47210764885, 41.6896476746, 224.367477417, 37.4288215637, 55.2189254761, -41.2465820312, 20.5763072968, 0.427235603333, 28.9135360718, 14.7582273483, 22.8219661713, 5.81345176697], [-47.1737060547, -26.1559772491, 69.5658798218, 37.4288215637, 135.950561523, 37.8864479065, 35.5530052185, -9.02478694916, 17.9647159576, 11.8706111908, 21.7546062469, 5.05881166458, 16.4272670746], [220.432632446, -65.1634521484, -44.577255249, 55.2189254761, 37.8864479065, 109.097160339, 3.4072239399, 38.8100776672, -9.30816364288, 29.7830677032, -5.72608089447, 12.4502925873, -6.95878314972], [-217.620819092, 65.564781189, 35.3001594543, -41.2465820312, 35.5530052185, 3.4072239399, 118.417732239, 6.97812461853, 38.1422386169, -17.5981369019, 24.3270149231, -18.3541812897, 21.9737014771], [214.704940796, -36.3668937683, -32.9009361267, 20.5763072968, -9.02478694916, 38.8100776672, 6.97812461853, 80.7445068359, 7.87654781342, 24.2255325317, -8.93807029724, 15.3368425369, -3.9936273098], [-179.881896973, 71.1416244507, 27.8379249573, 0.427235603333, 17.9647159576, -9.30816364288, 38.1422386169, 7.87654781342, 93.5966720581, 4.79299068451, 28.7920837402, -20.2022285461, 19.8299922943], [138.043136597, -68.2219924927, 4.22196006775, 28.9135360718, 11.8706111908, 29.7830677032, -17.5981369019, 24.2255325317, 4.79299068451, 62.9238624573, 5.43297863007, 20.843290329, -8.3532781601], [-166.898925781, 53.2754211426, 31.363073349, 14.7582273483, 21.7546062469, -5.72608089447, 24.3270149231, -8.93807029724, 28.7920837402, 5.43297863007, 57.7522506714, 4.49946308136, 24.6455879211], [155.360275269, -59.632976532, 24.8301048279, 22.8219661713, 5.05881166458, 12.4502925873, -18.3541812897, 15.3368425369, -20.2022285461, 20.843290329, 4.49946308136, 62.6273956299, 6.43289232254], [-171.306396484, 66.5254745483, 24.3088436127, 5.81345176697, 16.4272670746, -6.95878314972, 21.9737014771, -3.9936273098, 19.8299922943, -8.3532781601, 24.6455879211, 6.43289232254, 56.8881835938]]}, "spectral_contrast_valleys": {"min": [-28.1067619324, -28.0411529541, -27.57995224, -27.6150016785, -27.4874095917, -27.423910141], "max": [-4.67171144485, -4.39413070679, -5.29002857208, -5.14608764648, -5.64530658722, -8.65839576721], "dvar2": [0.311461478472, 0.32290071249, 0.281030237675, 0.285252124071, 0.346357375383, 0.61220985651], "median": [-6.34786367416, -6.02496194839, -6.83829593658, -6.7831196785, -7.30066585541, -10.584859848], "dmean2": [0.687680125237, 0.69183909893, 0.597906410694, 0.538255751133, 0.558813631535, 0.912664175034], "dmean": [0.426295280457, 0.424242287874, 0.383466035128, 0.373628914356, 0.414618045092, 0.626544058323], "var": [2.13253068924, 2.0181760788, 1.8765617609, 1.91678702831, 2.02481293678, 1.7386251688], "dvar": [0.132237896323, 0.136696144938, 0.126111879945, 0.145961970091, 0.18079444766, 0.265998184681], "mean": [-6.53399705887, -6.19260406494, -6.99838066101, -6.98346948624, -7.45436811447, -10.7451305389]}, "barkbands_flatness_db": {"min": 0.0223247148097, "max": 0.499707221985, "dvar2": 0.00168688257691, "median": 0.123445942998, "dmean2": 0.0449872426689, "dmean": 0.0301634334028, "var": 0.00296388170682, "dvar": 0.000829325173981, "mean": 0.131050378084}, "dynamic_complexity": 2.08939862251, "spectral_skewness": {"min": -0.0869517698884, "max": 8.10745811462, "dvar2": 0.280293017626, "median": 2.63099551201, "dmean2": 0.505282819271, "dmean": 0.353240847588, "var": 0.45513394475, "dvar": 0.133777186275, "mean": 2.71952104568}, "erbbands_flatness_db": {"min": 0.0475749187171, "max": 0.372141748667, "dvar2": 0.00067906366894, "median": 0.117038063705, "dmean2": 0.0297982897609, "dmean": 0.0201605726033, "var": 0.00129735958762, "dvar": 0.00033360303496, "mean": 0.123100779951}, "hfc": {"min": 1.08793130121e-16, "max": 1024.64599609, "dvar2": 12154.5410156, "median": 149.445251465, "dmean2": 90.22826