{"lowlevel": {"spectral_complexity": {"min": 0, "max": 33, "dvar2": 3.46527457237, "median": 6, "dmean2": 1.69254338741, "dmean": 1.0031491518, "var": 32.4824256897, "dvar": 1.54653382301, "mean": 8.34357452393}, "silence_rate_20dB": {"min": 1, "max": 1, "dvar2": 0, "median": 1, "dmean2": 0, "dmean": 0, "var": 0, "dvar": 0, "mean": 1}, "average_loudness": 0.0638019070029, "erbbands_spread": {"min": 0.95043617487, "max": 110.329879761, "dvar2": 17.237859726, "median": 8.10236358643, "dmean2": 2.84510731697, "dmean": 1.90201663971, "var": 70.2028808594, "dvar": 8.30089664459, "mean": 10.3094024658}, "spectral_kurtosis": {"min": -1.19316399097, "max": 320.846466064, "dvar2": 860.644042969, "median": 36.7837219238, "dmean2": 22.5783824921, "dmean": 13.4458427429, "var": 3937.59228516, "dvar": 304.418823242, "mean": 66.9253997803}, "barkbands_kurtosis": {"min": -1.76754546165, "max": 214.156524658, "dvar2": 61.2594337463, "median": 4.27293252945, "dmean2": 4.29714345932, "dmean": 2.77568626404, "var": 118.810997009, "dvar": 26.2781772614, "mean": 7.39176416397}, "spectral_strongpeak": {"min": 0, "max": 13.7488641739, "dvar2": 1.08999085426, "median": 0.537942171097, "dmean2": 0.50898629427, "dmean": 0.318085074425, "var": 1.84144508839, "dvar": 0.460931777954, "mean": 1.06531620026}, "spectral_spread": {"min": 288482.8125, "max": 40424152, "dvar2": 242119245824, "median": 1765914.875, "dmean2": 444819.65625, "dmean": 287340.34375, "var": 2555048886270.0, "dvar": 187128201216, "mean": 2057774.625}, "spectral_rms": {"min": 3.22520721067e-12, "max": 0.0139097804204, "dvar2": 4.86240594455e-07, "median": 0.00228767469525, "dmean2": 0.000460712617496, "dmean": 0.00032231566729, "var": 5.24013967151e-06, "dvar": 2.3376614422e-07, "mean": 0.00309907994233}, "erbbands": {"min": [6.63734842904e-22, 1.08523018673e-20, 7.72932944759e-20, 1.35857462125e-19, 1.63099647473e-19, 9.18278116811e-19, 4.23820229858e-19, 2.76721951895e-19, 3.92177159308e-19, 2.04846315615e-18, 1.52655665059e-18, 1.93752644868e-18, 1.27324633987e-18, 1.14018379179e-18, 3.25626327615e-18, 6.96864180028e-18, 1.14463830414e-17, 8.24510225382e-18, 8.06811041815e-18, 5.26237871405e-18, 4.87836590493e-18, 4.96289549173e-18, 1.06979930366e-17, 1.28225940322e-17, 8.57321667867e-18, 1.50108267237e-17, 1.91404002004e-17, 1.59755393479e-17, 1.44027265507e-17, 1.46290415119e-17, 2.13847446887e-17, 1.94342246801e-17, 1.27396774476e-17, 1.39184106477e-17, 8.22623426404e-18, 4.79106609026e-18, 3.41552635654e-18, 1.41351042576e-18, 2.94096725565e-19, 3.40203650124e-20], "max": [0.150108575821, 6.82410144806, 40.7371635437, 31.6356220245, 84.032081604, 97.7375183105, 344.064666748, 623.484924316, 563.372741699, 908.78314209, 3537.97729492, 2186.87207031, 2980.68286133, 2835.0402832, 700.946655273, 874.636169434, 1349.40002441, 3615.96313477, 1119.75415039, 268.147094727, 162.477401733, 73.479019165, 123.529014587, 46.649181366, 23.7999095917, 26.1521663666, 28.166179657, 10.6019153595, 6.13325452805, 6.10690879822, 3.34838581085, 4.24964046478, 5.19439601898, 3.43673729897, 2.9718682766, 0.72556835413, 0.120068624616, 0.00903597939759, 0.000554163532797, 0.000233273225604], "dvar2": [3.72501890524e-05, 0.0383052192628, 1.62232363224, 1.82065844536, 14.4205303192, 30.4528274536, 238.516830444, 1480.09326172, 378.021331787, 947.186096191, 15358.3642578, 15269.7578125, 13554.5908203, 7983.60107422, 1143.8359375, 2453.57910156, 4465.87695313, 8606.20703125, 2087.13598633, 118.877990723, 79.0449981689, 17.4742355347, 22.7717208862, 11.7043323517, 1.77296721935, 1.49410367012, 1.5923871994, 0.0505132116377, 0.0213712528348, 0.0164175108075, 0.00702857924625, 0.00638241646811, 0.00779855903238, 0.00390968378633, 0.0025807316415, 0.000163256423548, 3.42061548508e-06, 3.09338901161e-08, 2.0258630884e-10, 1.40956940564e-10], "median": [0.000591565272771, 0.016126897186, 0.162756323814, 0.498918950558, 1.27364099026, 2.86178207397, 7.16310071945, 9.4907989502, 7.54114246368, 3.54079914093, 5.09000492096, 2.66031169891, 1.71968448162, 0.907480239868, 0.66539400816, 0.563679873943, 0.301686614752, 0.317356705666, 0.214651182294, 0.0634427145123, 0.0558105409145, 0.0240556970239, 0.0130026750267, 0.0108701642603, 0.00484287366271, 0.00314508378506, 0.00259742559865, 0.00165162817575, 0.00106066418812, 0.00079175690189, 0.00127952778712, 0.00151475216262, 0.00152420182712, 0.00137238926254, 0.000731385604013, 0.000191256694961, 3.61634592991e-05, 6.48625973554e-06, 3.33023808707e-06, 6.06217645327e-06], "dmean2": [0.00185222201981, 0.058245614171, 0.443411320448, 0.646706461906, 1.5895011425, 2.54875206947, 7.14850139618, 13.893198967, 6.91658210754, 9.57088088989, 36.9357032776, 35.2452011108, 25.2785186768, 16.3755874634, 9.23795032501, 12.9128952026, 14.6825380325, 14.0696191788, 9.14624595642, 2.75589823723, 2.59766530991, 1.19216489792, 1.32012808323, 1.00467264652, 0.406907856464, 0.332562953234, 0.299159824848, 0.0593924969435, 0.0260140690953, 0.0206756554544, 0.0195186585188, 0.0181940831244, 0.016111202538, 0.0125018227845, 0.00736538926139, 0.00182038987987, 0.000259290769463, 2.95986046694e-05, 3.50650338987e-06, 5.4476877267e-06], "dmean": [0.00112180842552, 0.0348658710718, 0.274716079235, 0.405440926552, 1.00011241436, 1.63860309124, 5.01572751999, 8.60728931427, 4.95345306396, 7.10373401642, 27.0073280334, 23.2859363556, 16.3926734924, 10.7359886169, 5.72728538513, 7.97769403458, 9.17652606964, 8.51337051392, 5.9843788147, 1.72731137276, 1.63098120689, 0.740313231945, 0.82820469141, 0.615773022175, 0.257722437382, 0.209590241313, 0.190471500158, 0.0390293411911, 0.0192362517118, 0.0153751336038, 0.0139903249219, 0.0139753716066, 0.0129377292469, 0.0102053359151, 0.00580924283713, 0.00153095240239, 0.000226029311307, 2.36624655372e-05, 2.44344869316e-06, 3.78068557438e-06], "var": [4.83682961203e-05, 0.0904866680503, 10.2538948059, 7.22084093094, 35.5630836487, 68.8993988037, 644.983825684, 2040.90002441, 1811.03063965, 3322.57763672, 39631.8710938, 17263.4492188, 15896.3564453, 10278.7607422, 1054.66882324, 2231.38964844, 3473.81982422, 6412.93408203, 2259.23193359, 133.99647522, 98.6507644653, 21.505449295, 24.6588878632, 12.7605495453, 3.08549046516, 2.34806060791, 1.87390971184, 0.0945501774549, 0.0337652079761, 0.0226062890142, 0.01497536432, 0.0214022919536, 0.0274859108031, 0.0172976776958, 0.00664483103901, 0.000549363263417, 1.23820927911e-05, 9.59582777682e-08, 3.08008230032e-10, 6.0902738408e-10], "dvar": [1.45129815792e-05, 0.0146397063509, 0.619648337364, 0.685037791729, 5.69067001343, 12.4324626923, 111.776321411, 526.927429199, 199.392166138, 546.494140625, 8160.52636719, 7268.67236328, 6035.65087891, 3871.09960938, 485.2265625, 980.445800781, 1766.38049316, 3633.61791992, 879.998779297, 46.4118766785, 32.357837677, 6.97406148911, 9.0152721405, 4.45935821533, 0.761567294598, 0.595124304295, 0.663901388645, 0.0253792162985, 0.0115131400526, 0.00857236515731, 0.00399194424972, 0.00438118679449, 0.00599786825478, 0.00349272205494, 0.00169733865187, 0.000126880579046, 2.9636880754e-06, 2.23863594329e-08, 9.57599277651e-11, 6.8905096906e-11], "mean": [0.0024940110743, 0.0964966267347, 1.07407903671, 1.39982950687, 3.255869627, 5.7123632431, 16.1304340363, 26.0012073517, 21.903049469, 23.6475715637, 75.3377227783, 40.5826683044, 29.8395500183, 18.3510112762, 10.6112413406, 15.3261394501, 15.5019884109, 14.9590930939, 11.6915798187, 3.84659409523, 3.5191385746, 1.73914790154, 1.7731385231, 1.32735168934, 0.67331302166, 0.550979733467, 0.445401012897, 0.107758231461, 0.0471838675439, 0.0357016921043, 0.0362303964794, 0.0387956909835, 0.0374292507768, 0.0298390928656, 0.0162294358015, 0.00430514244363, 0.000628994777799, 6.8118373747e-05, 9.90927492239e-06, 1.74048400368e-05]}, "zerocrossingrate": {"min": 0.00390625, "max": 0.51953125, "dvar2": 1.68797068909e-05, "median": 0.0205078125, "dmean2": 0.0029062461108, "dmean": 0.00226340745576, "var": 0.000418992916821, "dvar": 1.51258773258e-05, "mean": 0.0239413231611}, "spectral_contrast_coeffs": {"min": [-0.961333274841, -0.981701850891, -0.986138522625, -0.978105962276, -0.978900432587, -0.959591448307], "max": [-0.333032608032, -0.345686405897, -0.385302305222, -0.508095443249, -0.624869406223, -0.620204269886], "dvar2": [0.00260430783965, 0.00202180910856, 0.00176069082227, 0.00103513989598, 0.000383258593502, 0.000208516648854], "median": [-0.570718228817, -0.644495844841, -0.737511754036, -0.766943693161, -0.83362698555, -0.875198721886], "dmean2": [0.0640063732862, 0.0499849840999, 0.0461428910494, 0.0365127101541, 0.023443095386, 0.0163888409734], "dmean": [0.0385998748243, 0.0314905904233, 0.0288472622633, 0.0225126314908, 0.0143231758848, 0.00983865652233], "var": [0.00561637524515, 0.0060606515035, 0.0054539963603, 0.00402139592916, 0.00325346412137, 0.00177006120794], "dvar": [0.000960304809269, 0.000807839853223, 0.000706219638232, 0.000400461023673, 0.000156935639097, 8.34917082102e-05], "mean": [-0.572240889072, -0.640038669109, -0.726485610008, -0.761902987957, -0.825439333916, -0.860689222813]}, "dissonance": {"min": 0.0809210240841, "max": 0.499789267778, "dvar2": 0.00356197939254, "median": 0.378394991159, "dmean2": 0.0671064853668, "dmean": 0.0397541187704, "var": 0.00603843061253, "dvar": 0.00132702640258, "mean": 0.36599484086}, "spectral_energyband_high": {"min": 7.58605562627e-21, "max": 0.000907711393666, "dvar2": 9.90384885213e-10, "median": 5.57408611712e-07, "dmean2": 8.55415146361e-06, "dmean": 6.22759898761e-06, "var": 2.62313282207e-09, "dvar": 5.17922316146e-10, "mean": 1.99215883185e-05}, "gfcc": {"mean": [-204.694854736, 182.236404419, -79.8820800781, -30.8469581604, -63.028011322, -8.50932502747, -48.4601287842, -6.05324792862, -22.6040267944, -4.07302427292, -9.82039928436, -12.3435382843, -5.72740840912], "icov": [[0.00032440922223, -0.000908316345885, 0.00103113485966, -0.000706156773958, 0.000729842518922, -0.000956606934778, 0.00116207799874, -0.000480157439597, 0.000435229681898, -0.000501571688801, 0.000111984940304, 0.000186126068002, 5.43770329386e-05], [-0.000908316345885, 0.00606651371345, -0.00380925019272, 0.00416251039132, -0.00445150770247, 0.00257825106382, -0.00422674231231, 0.002849759534, -0.00401494558901, 0.00553367566317, -0.00392127688974, 0.00340251764283, -0.00223873229697], [0.00103113485966, -0.00380925019272, 0.0043927798979, -0.00254614767618, 0.00339282792993, -0.00386292231269, 0.00402600457892, -0.00101050932426, 0.00166871503461, -0.00279591279104, 0.00226088473573, -0.00197390909307, 0.00138148094993], [-0.000706156773958, 0.00416251039132, -0.00254614767618, 0.00552299432456, -0.00351962936111, 0.00211601657793, -0.00353628024459, 0.000374873139663, -0.000926071312279, 0.0019415988354, -0.000997658935376, 0.00164468411822, -0.00147828785703], [0.000729842518922, -0.00445150770247, 0.00339282792993, -0.00351962936111, 0.0080256415531, -0.00323364441283, 0.00247833156027, -0.00100696354639, -0.000596358731855, 0.000677993812133, 0.000203999763471, -0.00232341745868, 0.00190418667626], [-0.000956606934778, 0.00257825106382, -0.00386292231269, 0.00211601657793, -0.00323364441283, 0.0102615039796, -0.00624568248168, -0.000657572119962, 0.00343208108097, -0.00388034014031, 0.00208236626349, -0.00127385172527, -0.000429206935223], [0.00116207799874, -0.00422674231231, 0.00402600457892, -0.00353628024459, 0.00247833156027, -0.00624568248168, 0.0121439546347, -0.00143622804899, -0.000283652159851, -0.000201494898647, -0.00144570984412, 0.00163025560323, 0.001799242571], [-0.000480157439597, 0.002849759534, -0.00101050932426, 0.000374873139663, -0.00100696354639, -0.000657572119962, -0.00143622804899, 0.0100801475346, -0.00284127285704, 0.00216390145943, -0.00049865472829, 0.00157944031525, -0.00191898702178], [0.000435229681898, -0.00401494558901, 0.00166871503461, -0.000926071312279, -0.000596358731855, 0.00343208108097, -0.000283652159851, -0.00284127285704, 0.013915123418, -0.0111174415797, 0.00777812162414, -0.00361893582158, 0.00167615176179], [-0.000501571688801, 0.00553367566317, -0.00279591279104, 0.0019415988354, 0.000677993812133, -0.00388034014031, -0.000201494898647, 0.00216390145943, -0.0111174415797, 0.0303251296282, -0.0133129432797, 0.0100069576874, -0.00195997394621], [0.000111984940304, -0.00392127688974, 0.00226088473573, -0.000997658935376, 0.000203999763471, 0.00208236626349, -0.00144570984412, -0.00049865472829, 0.00777812162414, -0.0133129432797, 0.0253887660801, -0.0102514345199, 0.00447576865554], [0.000186126068002, 0.00340251764283, -0.00197390909307, 0.00164468411822, -0.00232341745868, -0.00127385172527, 0.00163025560323, 0.00157944031525, -0.00361893582158, 0.0100069576874, -0.0102514345199, 0.0217336192727, -0.0101110227406], [5.43770329386e-05, -0.00223873229697, 0.00138148094993, -0.00147828785703, 0.00190418667626, -0.000429206935223, 0.001799242571, -0.00191898702178, 0.00167615176179, -0.00195997394621, 0.00447576865554, -0.0101110227406, 0.0211155898869]], "cov": [[22957.5195313, -1704.40014648, -5440.61816406, 1467.35656738, -62.8656654358, 217.706359863, -240.867034912, 904.905273438, -445.085021973, 163.308944702, 115.836029053, -649.594421387, 46.5934715271], [-1704.40014648, 1950.81506348, 545.991638184, -753.59564209, 534.218017578, -208.285980225, 200.289123535, -354.542053223, 360.118682861, -139.966705322, 76.7183914185, 19.2025947571, -27.6011543274], [-5440.61816406, 545.991638184, 2082.15893555, -351.919494629, -138.791931152, 156.067810059, -27.570476532, -218.042175293, 36.5423431396, -2.61502099037, -51.5657615662, 171.700836182, -0.73778128624], [1467.35656738, -753.59564209, -351.919494629, 633.719116211, -83.9134597778, 102.968994141, -12.1059970856, 180.760894775, -133.229858398, 44.4327697754, -25.1021690369, -38.3398323059, 12.4949512482], [-62.8656654358, 534.218017578, -138.791931152, -83.9134597778, 401.998718262, -64.7757644653, 96.7591400146, -68.4988861084, 124.844039917, -60.340965271, 32.7442207336, 6.20842218399, -11.5104999542], [217.706359863, -208.285980225, 156.067810059, 102.968994141, -64.7757644653, 263.880859375, 38.3660011292, 61.5311737061, -94.5400543213, 41.6281890869, -10.5393276215, -1.12087202072, 0.948246896267], [-240.867034912, 200.289123535, -27.570476532, -12.1059970856, 96.7591400146, 38.3660011292, 187.768981934, -17.3121109009, 43.7546958923, -7.25296258926, 18.1321868896, -21.7617530823, -21.1173381805], [904.905273438, -354.542053223, -218.042175293, 180.760894775, -68.4988861084, 61.5311737061, -17.3121109009, 194.680969238, -47.4593162537, 27.6669960022, -17.2591896057, -25.8608837128, 11.2065944672], [-445.085021973, 360.118682861, 36.5423431396, -133.229858398, 124.844039917, -94.5400543213, 43.7546958923, -47.4593162537, 197.948760986, -0.494653970003, -3.4824950695, -4.71423578262, -10.8908233643], [163.308944702, -139.966705322, -2.61502099037, 44.4327697754, -60.340965271, 41.6281890869, -7.25296258926, 27.6669960022, -0.494653970003, 72.7704467773, 7.55212879181, -22.3407287598, -8.06291103363], [115.836029053, 76.7183914185, -51.5657615662, -25.1021690369, 32.7442207336, -10.5393276215, 18.1321868896, -17.2591896057, -3.4824950695, 7.55212879181, 66.3531417847, 12.3747415543, -3.99031496048], [-649.594421387, 19.2025947571, 171.700836182, -38.3398323059, 6.20842218399, -1.12087202072, -21.7617530823, -25.8608837128, -4.71423578262, -22.3407287598, 12.3747415543, 101.96496582, 33.2151184082], [46.5934715271, -27.6011543274, -0.73778128624, 12.4949512482, -11.5104999542, 0.948246896267, -21.1173381805, 11.2065944672, -10.8908233643, -8.06291103363, -3.99031496048, 33.2151184082, 65.976890564]]}, "spectral_flux": {"min": 1.03257007111e-10, "max": 0.241432189941, "dvar2": 0.000598670216277, "median": 0.0179321542382, "dmean2": 0.0163763426244, "dmean": 0.00983363296837, "var": 0.00103811721783, "dvar": 0.00021566147916, "mean": 0.031340058893}, "silence_rate_30dB": {"min": 0, "max": 1, "dvar2": 0.0129756750539, "median": 1, "dmean2": 0.0115764383227, "dmean": 0.00578772649169, "var": 0.00701488368213, "dvar": 0.00575356464833, "mean": 0.992936193943}, "spectral_energyband_middle_high": {"min": 1.43871406811e-21, "max": 0.17773117125, "dvar2": 3.46379565599e-05, "median": 0.000101706231362, "dmean2": 0.00142940925434, "dmean": 0.000929554691538, "var": 6.04874257988e-05, "dvar": 1.5995990907e-05, "mean": 0.00238546053879}, "barkbands_spread": {"min": 0.508683979511, "max": 117.345115662, "dvar2": 5.93324327469, "median": 3.24714612961, "dmean2": 1.3381922245, "dmean": 0.879040300846, "var": 29.237247467, "dvar": 2.96934747696, "mean": 4.62456941605}, "spectral_centroid": {"min": 153.055328369, "max": 10835.5214844, "dvar2": 9499.40917969, "median": 398.996917725, "dmean2": 50.0743598938, "dmean": 32.7953643799, "var": 52950.96875, "dvar": 6595.53662109, "mean": 468.710296631}, "pitch_salience": {"min": 0.147949650884, "max": 0.977566897869, "dvar2": 0.00502412440255, "median": 0.556894540787, "dmean2": 0.0747896507382, "dmean": 0.0477188825607, "var": 0.0112231196836, "dvar": 0.00208660494536, "mean": 0.553599655628}, "erbbands_skewness": {"min": -3.1881313324, "max": 7.29777193069, "dvar2": 0.263064414263, "median": 1.07425928116, "dmean2": 0.480319917202, "dmean": 0.321731299162, "var": 0.927553772926, "dvar": 0.117549225688, "mean": 1.15494227409}, "erbbands_crest": {"min": 2.51429963112, "max": 29.4407691956, "dvar2": 12.2163934708, "median": 13.6772518158, "dmean2": 3.389939785, "dmean": 2.19265842438, "var": 25.106294632, "dvar": 5.11222743988, "mean": 14.4024934769}, "melbands": {"min": [1.07286605612e-23, 3.25273699177e-23, 2.16897526772e-23, 3.75538496108e-23, 2.24322601156e-23, 6.43151314608e-24, 5.7206630902e-24, 2.47961891032e-23, 1.11348702848e-23, 1.22835740362e-23, 6.59854655415e-24, 4.49938058561e-24, 7.81288313847e-24, 1.77963438789e-23, 2.01081559819e-23, 2.57982775333e-23, 1.32624431345e-23, 1.30565457051e-23, 7.0551743504e-24, 7.21094519133e-24, 5.865233684e-24, 4.53910919852e-24, 8.4628193274e-24, 9.95257683602e-24, 1.0691218856e-23, 7.59022399253e-24, 4.61917148065e-24, 1.22683474431e-23, 1.20203059086e-23, 1.10113015349e-23, 9.32070161752e-24, 8.80794439571e-24, 6.0200638083e-24, 9.84753054016e-24, 1.05281676178e-23, 1.71915857541e-23, 9.54090819491e-24, 8.05338158493e-24, 1.16423026955e-23, 1.14900769955e-23], "max": [0.00362670607865, 0.0147899268195, 0.00589731428772, 0.0068351784721, 0.0114227188751, 0.0119658187032, 0.00733027048409, 0.0195745620877, 0.0231363233179, 0.0163566730917, 0.0176563113928, 0.0153363691643, 0.00204674364068, 0.00396144064143, 0.00527087273076, 0.00539722526446, 0.00658205896616, 0.00254371133633, 0.000805015210062, 0.000336490949849, 0.000224560775678, 8.52206139825e-05, 0.000114303882583, 9.0251211077e-05, 4.572238322e-05, 2.84325524262e-05, 2.47999705607e-05, 1.99947589863e-05, 2.57292176684e-05, 7.26689131625e-06, 5.81816584599e-06, 3.31951127919e-06, 4.31209264207e-06, 2.62187541011e-06, 2.3569411951e-06, 1.82844303254e-06, 3.40169208357e-06, 3.58132774636e-06, 3.39746270583e-06, 3.16589853355e-06], "dvar2": [1.3668472576e-08, 2.54731986615e-07, 5.87965267584e-08, 1.28674344069e-07, 2.1240884962e-07, 5.80765060931e-07, 7.06594818212e-08, 3.6539768189e-07, 1.02399997104e-06, 7.0654192541e-07, 4.25693144734e-07, 2.32202907569e-07, 8.4079161411e-09, 3.50052431486e-08, 4.12217744383e-08, 5.43133431563e-08, 2.63842920845e-08, 1.03986455002e-08, 7.95187915514e-10, 1.04158598413e-10, 1.24942931001e-10, 2.43206097622e-11, 2.04604753279e-11, 1.64026708882e-11, 1.01000744226e-11, 2.41830080266e-12, 1.39405089035e-12, 7.58029001981e-13, 1.05776780564e-12, 7.08645517484e-14, 1.58645222203e-14, 5.43213198151e-15, 1.49539313088e-14, 3.74425662729e-15, 3.3434226372e-15, 2.52376452426e-15, 4.05881501775e-15, 4.68373771503e-15, 4.66088518963e-15, 3.42021189135e-15], "median": [8.27107578516e-06, 6.68624052196e-05, 0.000117491174024, 0.000140935444506, 0.00023811700521, 0.000224691204494, 9.59821627475e-05, 3.54707080987e-05, 3.33806638082e-05, 1.29924956127e-05, 7.95819141786e-06, 3.48863272848e-06, 1.78290963504e-06, 2.07150401366e-06, 5.31133537152e-07, 7.26456846678e-07, 5.00151713823e-07, 3.76637387944e-07, 7.70086074908e-08, 5.88092916587e-08, 5.93616320543e-08, 2.22178258014e-08, 9.84798553816e-09, 1.03324779843e-08, 8.4644655729e-09, 4.1051588795e-09, 1.90790983012e-09, 1.92528926135e-09, 1.81393577936e-09, 9.45321820822e-10, 8.95393315048e-10, 6.15502371293e-10, 3.91805921041e-10, 4.38731495578e-10, 6.36786623431e-10, 8.40029490412e-10, 8.8391344244e-10, 9.08666919486e-10, 1.19009446742e-09, 1.07720543596e-09], "dmean2": [3.36022822012e-05, 0.00017523180577, 0.000117534655146, 0.000150486303028, 0.000217611159314, 0.000286202237476, 9.55898867687e-05, 0.000170644139871, 0.000299894629279, 0.000233072554693, 0.000134711604915, 8.16041501821e-05, 2.4228806069e-05, 4.47924685432e-05, 3.73740513169e-05, 4.0759001422e-05, 2.37863168877e-05, 1.89555630641e-05, 5.5069785958e-06, 3.05166054204e-06, 3.12862425744e-06, 1.36630649195e-06, 1.07048106202e-06, 1.18891955481e-06, 8.94377592431e-07, 4.30716369237e-07, 3.21854599861e-07, 2.31990213706e-07, 2.57024311168e-07, 6.96658801758e-08, 3.14665129508e-08, 1.56569068821e-08, 1.62438222873e-08, 1.18397744941e-08, 1.22876526731e-08, 1.22154153459e-08, 1.32583197754e-08, 1.31626469724e-08, 1.34824116316e-08, 1.17878045103e-08], "dmean": [2.00846516236e-05, 0.000108185275167, 7.41630938137e-05, 9.44467246882e-05, 0.000152774984599, 0.000178951129783, 6.7827917519e-05, 0.00012934692495, 0.000215490465052, 0.000153264889377, 8.73867029441e-05, 5.36133920832e-05, 1.5137419723e-05, 2.75882903225e-05, 2.34667877521e-05, 2.51743786066e-05, 1.43942443174e-05, 1.24314074128e-05, 3.43171882378e-06, 1.9081062419e-06, 1.94397625819e-06, 8.38443725115e-07, 6.65806226152e-07, 7.3978577575e-07, 5.44667727809e-07, 2.64896442559e-07, 1.99920791033e-07, 1.44187225715e-07, 1.6239873446e-07, 4.40361738185e-08, 2.05366443851e-08, 1.10533804332e-08, 1.13381215527e-08, 8.57725090952e-09, 8.37800140374e-09, 8.5944433792e-09, 9.69318758592e-09, 9.97328353236e-09, 1.0272839468e-08, 9.15852282901e-09], "var": [2.38904558358e-08, 1.43875513459e-06, 2.22064343802e-07, 2.85914040887e-07, 6.7292961603e-07, 8.3213092239e-07, 3.11901914074e-07, 1.3485640693e-06, 2.08762594411e-06, 7.86523969509e-07, 5.15135013757e-07, 3.00587146285e-07, 8.06046696056e-09, 2.6839341416e-08, 3.20999546943e-08, 3.91631900243e-08, 1.96245935058e-08, 1.08326911885e-08, 7.01509905721e-10, 1.59800617183e-10, 1.33972041794e-10, 2.51925251493e-11, 1.79512307796e-11, 1.86408093822e-11, 9.0991528548e-12, 2.47352919397e-12, 1.7344667369e-12, 9.39629016955e-13, 1.23960444774e-12, 9.75521678953e-14, 2.21237653577e-14, 9.85305485476e-15, 1.12951453881e-14, 6.23925866552e-15, 4.69172438869e-15, 5.66383360907e-15, 9.7486114572e-15, 1.34754065003e-14, 1.37310520552e-14, 1.2620171733e-14], "dvar": [5.19827514367e-09, 9.72643405817e-08, 2.19668034873e-08, 5.12792759366e-08, 1.00169970096e-07, 2.08847922067e-07, 3.66216497127e-08, 2.1845089293e-07, 5.1485125141e-07, 3.36886614605e-07, 1.92426668377e-07, 1.12806347374e-07, 3.53622864324e-09, 1.38044304876e-08, 1.70880358752e-08, 2.1437786657e-08, 1.12008171627e-08, 4.37977210055e-09, 3.04856168087e-10, 4.44363469632e-11, 5.00977939688e-11, 9.62786968206e-12, 8.00543572405e-12, 6.47299054635e-12, 3.79373138806e-12, 9.885596031e-13, 5.60679378359e-13, 2.94797010154e-13, 4.4520970569e-13, 3.01804513726e-14, 7.81529263641e-15, 3.04541865867e-15, 6.46925733334e-15, 2.09215909774e-15, 1.62703276585e-15, 1.41274317108e-15, 2.40274342137e-15, 3.13601709095e-15, 3.41948471356e-15, 2.74913458053e-15], "mean": [4.48588907602e-05, 0.000418640614953, 0.000282514723949, 0.000318357138894, 0.000521285459399, 0.000556082522962, 0.000288158626063, 0.000418927811552, 0.000553191814106, 0.000252778321737, 0.000155852379976, 8.92355164979e-05, 2.71884273388e-05, 4.93331572216e-05, 3.67493375961e-05, 4.05161845265e-05, 2.45907212957e-05, 2.29079123528e-05, 6.41604356133e-06, 4.18571789851e-06, 3.87079489883e-06, 1.74469596459e-06, 1.40850784192e-06, 1.53900361965e-06, 1.06232607777e-06, 5.45188015622e-07, 4.38168655137e-07, 3.37293528219e-07, 3.51261377318e-07, 1.07001852712e-07, 4.61346125746e-08, 2.58399417419e-08, 2.16486828464e-08, 1.9127259776e-08, 1.97684322245e-08, 2.18714717448e-08, 2.44266917804e-08, 2.57397889669e-08, 2.66712554264e-08, 2.48811371506e-08]}, "spectral_entropy": {"min": 4.22689771652, "max": 9.798579216, "dvar2": 0.0291231032461, "median": 5.70527267456, "dmean2": 0.164993733168, "dmean": 0.113398499787, "var": 0.503777742386, "dvar": 0.0138482153416, "mean": 5.83692026138}, "spectral_rolloff": {"min": 107.666015625, "max": 18841.5527344, "dvar2": 111789.75, "median": 538.330078125, "dmean2": 119.358413696, "dmean": 66.2689437866, "var": 310478.9375, "dvar": 46534.7929688, "mean": 589.167663574}, "barkbands": {"min": [3.8221598279e-23, 3.61582410735e-23, 8.21862617201e-23, 3.53139705783e-23, 1.76131498664e-22, 3.17009623888e-23, 3.87586926486e-23, 1.08503677571e-22, 7.87537007295e-23, 3.59741177828e-23, 6.01825960452e-23, 1.29219177564e-22, 2.58389458374e-22, 1.40950511101e-22, 1.16373215122e-22, 9.55674315763e-23, 9.80362254218e-23, 2.18831782157e-22, 2.0491664182e-22, 3.51056885801e-22, 4.14321662377e-22, 3.66694986707e-22, 7.79453290853e-22, 8.17669297686e-22, 1.21118436872e-21, 1.60412625974e-21, 2.40494099514e-21], "max": [9.49871027842e-05, 0.0230882838368, 0.0460526533425, 0.0122133530676, 0.0480634793639, 0.0484673082829, 0.0309700202197, 0.170549452305, 0.0992425307631, 0.154167890549, 0.0170887336135, 0.0269532781094, 0.0424030907452, 0.0641665905714, 0.00740742776543, 0.00353163224645, 0.00142009404954, 0.00188608048484, 0.00058550509857, 0.000455081637483, 0.000443512166385, 0.000214220010093, 0.000117772804515, 0.000268917734502, 0.000365538464393, 8.87627320481e-05, 3.11036637868e-06], "dvar2": [2.21968832204e-11, 4.2057845917e-07, 1.56317798883e-06, 1.90554658275e-07, 2.70663304036e-06, 1.10597466119e-05, 1.26312522752e-06, 2.69726006081e-05, 3.57127901225e-05, 2.5806019039e-05, 6.91041577738e-07, 2.18581749323e-06, 3.53580890078e-06, 3.34173705596e-06, 7.4836883357e-08, 2.49306282285e-08, 5.23860199664e-09, 7.27327043037e-09, 2.08820361003e-09, 7.73015929045e-10, 3.57981144727e-10, 1.99055841255e-11, 6.64756878016e-12, 1.64490279037e-11, 3.29382944531e-11, 2.66124448867e-12, 6.41229521467e-15], "median": [6.61706849314e-07, 4.30660438724e-05, 0.000188751437236, 0.000121554301586, 0.0010299612768, 0.00102333305404, 0.00031461881008, 0.000205175922019, 8.95773118827e-05, 3.04993500322e-05, 1.04729688246e-05, 1.55276320584e-05, 6.51559184917e-06, 5.807607522e-06, 1.01383716355e-06, 8.59666215547e-07, 3.65078847153e-07, 2.14056484538e-07, 1.3793045639e-07, 6.76671447764e-08, 4.63301894627e-08, 2.62157868747e-08, 4.06836662137e-08, 8.21190013767e-08, 1.13437380378e-07, 2.45773090768e-08, 3.66692454179e-09], "dmean2": [2.33772584579e-06, 0.000187803496374, 0.000475029781228, 0.000200035909074, 0.000819600129034, 0.00136208545882, 0.000343345716828, 0.00142274750397, 0.00172337912954, 0.000766573706642, 0.000186397097423, 0.000385161023587, 0.000383509992389, 0.000306392175844, 6.19433485554e-05, 4.8316516768e-05, 1.9954813979e-05, 2.39477485593e-05, 1.33959792947e-05, 7.78760750109e-06, 4.45304249297e-06, 7.18733986105e-07, 6.24256642823e-07, 8.63297486831e-07, 9.6816995665e-07, 2.31512672144e-07, 1.22908732081e-08], "dmean": [1.33271271352e-06, 0.000112398498459, 0.000297591788694, 0.000125581325847, 0.000544590875506, 0.000870055344421, 0.000253427715506, 0.00107581238262, 0.00113364192657, 0.000500716152601, 0.000118059761007, 0.000237635904341, 0.000238906563027, 0.000190841819858, 3.90795830754e-05, 3.05620633299e-05, 1.2324421732e-05, 1.48468698171e-05, 8.25841925689e-06, 4.96638813274e-06, 2.81215534415e-06, 5.31643422619e-07, 4.6092196726e-07, 7.02742909198e-07, 8.15179930669e-07, 1.94030974399e-07, 7.88396903317e-09], "var": [7.80355988161e-12, 9.1068210395e-07, 1.25598289742e-05, 3.19412720273e-07, 1.06618526843e-05, 1.59761639225e-05, 5.58412966711e-06, 9.06512650545e-05, 3.81247300538e-05, 3.39376238117e-05, 6.27674808129e-07, 1.82177143415e-06, 2.47891125582e-06, 2.75801085081e-06, 7.91404204392e-08, 3.37811840723e-08, 5.98534155571e-09, 8.08777134154e-09, 2.12986006609e-09, 1.25281551799e-09, 3.70350083934e-10, 2.55067668375e-11, 1.83061552028e-11, 7.38982555704e-11, 1.34026068022e-10, 8.86739379841e-12, 5.40698272627e-15], "dvar": [8.55620869294e-12, 1.63643363749e-07, 6.26989731245e-07, 7.21200663634e-08, 1.21124730867e-06, 4.0939239625e-06, 6.76882166317e-07, 1.56064270413e-05, 1.65459332493e-05, 1.22958472275e-05, 2.89548069077e-07, 8.67693302098e-07, 1.37022288982e-06, 1.42162662087e-06, 2.92850046435e-08, 1.03823918352e-08, 2.08563100124e-09, 2.84635004455e-09, 8.18232315236e-10, 3.16371484566e-10, 1.44507683597e-10, 1.01083169612e-11, 4.31705842949e-12, 1.39037410057e-11, 2.78586719665e-11, 2.08702564779e-12, 3.03015533672e-15], "mean": [1.32521506657e-06, 0.000262463785475, 0.00116951100063, 0.000322258769302, 0.00213635037653, 0.00256428960711, 0.00109979929402, 0.00334183359519, 0.00186932750512, 0.000865493202582, 0.000196264634724, 0.000429468636867, 0.000376154843252, 0.00033633527346, 7.7857854194e-05, 6.41018559691e-05, 2.69234806183e-05, 3.20101753459e-05, 1.7216152628e-05, 1.27118191813e-05, 6.29219402981e-06, 1.22064500374e-06, 1.22237611322e-06, 2.06930144486e-06, 2.50767152465e-06, 5.27898976088e-07, 1.40205846932e-08]}, "melbands_flatness_db": {"min": 0.000154354231199, "max": 0.617584586143, "dvar2": 0.000397207622882, "median": 0.412675559521, "dmean2": 0.0203444510698, "dmean": 0.0140229957178, "var": 0.0104933632538, "dvar": 0.000183131865924, "mean": 0.403790146112}, "melbands_skewness": {"min": -2.42119836807, "max": 11.4231891632, "dvar2": 0.358158797026, "median": 1.11424064636, "dmean2": 0.541006743908, "dmean": 0.356223583221, "var": 1.38018763065, "dvar": 0.155065089464, "mean": 1.25592076778}, "barkbands_skewness": {"min": -3.28127551079, "max": 11.1075735092, "dvar2": 0.418738484383, "median": 1.11713194847, "dmean2": 0.587954938412, "dmean": 0.382041394711, "var": 1.46961903572, "dvar": 0.176754951477, "mean": 1.24942135811}, "silence_rate_60dB": {"min": 0, "max": 1, "dvar2": 0.0768236592412, "median": 0, "dmean2": 0.0711610466242, "dmean": 0.0355774946511, "var": 0.233215719461, "dvar": 0.0343089997768, "mean": 0.370382964611}, "spectral_energyband_low": {"min": 1.66370865885e-22, "max": 0.0501712448895, "dvar2": 3.04232321469e-06, "median": 0.000383487524232, "dmean2": 0.000670398760121, "dmean": 0.000414393900428, "var": 1.67941179825e-05, "dvar": 1.16506168979e-06, "mean": 0.00161555269733}, "spectral_energyband_middle_low": {"min": 4.77132206533e-22, "max": 0.175555422902, "dvar2": 7.54895663704e-05, "median": 0.00447011459619, "dmean2": 0.00402310118079, "dmean": 0.00282859499566, "var": 0.000256615283433, "dvar": 3.77688011213e-05, "mean": 0.011401203461}, "melbands_kurtosis": {"min": -1.81765139103, "max": 261.234191895, "dvar2": 75.9576644897, "median": 3.94034814835, "dmean2": 4.1317076683, "dmean": 2.69971203804, "var": 226.02104187, "dvar": 33.5531845093, "mean": 7.30897283554}, "spectral_decrease": {"min": -4.83907776072e-08, "max": -6.35614840102e-29, "dvar2": 6.57062937289e-18, "median": -1.37430111735e-09, "dmean2": 1.19872600735e-09, "dmean": 8.32134638973e-10, "var": 2.86835266791e-17, "dvar": 3.21909660366e-18, "mean": -3.83098752721e-09}, "erbbands_kurtosis": {"min": -1.60128831863, "max": 81.8966293335, "dvar2": 18.1223526001, "median": 3.07473325729, "dmean2": 2.70125865936, "dmean": 1.78942251205, "var": 40.3928070068, "dvar": 7.79355335236, "mean": 4.94185781479}, "melbands_crest": {"min": 1.208745718, "max": 30.8023681641, "dvar2": 11.7668142319, "median": 13.8961849213, "dmean2": 3.4009346962, "dmean": 2.16540575027, "var": 21.4525032043, "dvar": 4.60044336319, "mean": 14.6509237289}, "melbands_spread": {"min": 0.673927724361, "max": 148.532073975, "dvar2": 7.73548412323, "median": 4.68735694885, "dmean2": 1.85021352768, "dmean": 1.20492732525, "var": 34.5177764893, "dvar": 3.57775259018, "mean": 6.45312690735}, "spectral_energy": {"min": 1.06620099368e-20, "max": 0.198319047689, "dvar2": 0.00010639919492, "median": 0.00536429090425, "dmean2": 0.00477919960395, "dmean": 0.00331790652126, "var": 0.000460232869955, "dvar": 5.20862049598e-05, "mean": 0.0152154965326}, "mfcc": {"mean": [-836.807067871, 202.845870972, 34.2285232544, -6.60050153732, -5.62404251099, -12.4585781097, -9.29978942871, -15.899105072, -10.0840425491, -4.42195796967, -4.58162307739, -3.77343654633, -7.05283784866], "icov": [[0.000305129418848, -0.000253161619185, 0.000564229732845, -0.000127812294522, -1.95615721168e-05, 0.000288274022751, -0.000426197831985, 0.000352818402462, 4.44288052677e-05, -0.000708693871275, 0.000967386295088, -0.000807486183476, 0.000716252601705], [-0.000253161619185, 0.000916725140996, -0.000461683375761, 0.000660523539409, -0.000256804836681, -0.000614947348367, 0.00067130534444, 2.96797425108e-05, -9.6732401289e-06, 0.00084997410886, -0.00147764605936, 0.000785226817243, -0.000799117377028], [0.000564229732845, -0.000461683375761, 0.00186466891319, -0.000263587193331, 0.000640720245428, -0.000278657913441, -0.000749032304157, 0.00126100133639, -0.000844982627314, 0.000390517932829, 0.00057650328381, -0.000114593371109, 0.000608896894846], [-0.000127812294522, 0.000660523539409, -0.000263587193331, 0.00484226923436, -0.00118687062059, 0.000172226209543, -0.000304540124489, -0.00091537181288, -0.00062881532358, 4.32265951531e-05, -0.00100515410304, 0.000322990614222, -0.0006888929056], [-1.95615721168e-05, -0.000256804836681, 0.000640720245428, -0.00118687062059, 0.00707805389538, -0.00154326751363, 0.000293646153295, -2.67305622401e-05, -0.0033526760526, 0.0027063107118, 0.000254275393672, -0.000523545197211, 0.000428638188168], [0.000288274022751, -0.000614947348367, -0.000278657913441, 0.000172226209543, -0.00154326751363, 0.00836573448032, -0.00354002951644, -0.000782109797001, 0.000629229762126, -0.000567427021451, -0.0019363546744, 0.00233136140741, -0.00245870952494], [-0.000426197831985, 0.00067130534444, -0.000749032304157, -0.000304540124489, 0.000293646153295, -0.00354002951644, 0.0104334205389, -0.00777230970562, 0.00679943151772, -0.00625616172329, 0.00555642833933, -0.00338108255528, 0.00287928571925], [0.000352818402462, 2.96797425108e-05, 0.00126100133639, -0.00091537181288, -2.67305622401e-05, -0.000782109797001, -0.00777230970562, 0.0228280406445, -0.0152252456173, 0.0115755312145, -0.00770393712446, 0.00324699026532, -0.00267074722797], [4.44288052677e-05, -9.6732401289e-06, -0.000844982627314, -0.00062881532358, -0.0033526760526, 0.000629229762126, 0.00679943151772, -0.0152252456173, 0.0280391480774, -0.0195466727018, 0.0126051539555, -0.00501750176772, 0.0015819252003], [-0.000708693871275, 0.00084997410886, 0.000390517932829, 4.32265951531e-05, 0.0027063107118, -0.000567427021451, -0.00625616172329, 0.0115755312145, -0.0195466727018, 0.0322802476585, -0.0229315236211, 0.00958258192986, -0.00427402555943], [0.000967386295088, -0.00147764605936, 0.00057650328381, -0.00100515410304, 0.000254275393672, -0.0019363546744, 0.00555642833933, -0.00770393712446, 0.0126051539555, -0.0229315236211, 0.0352935753763, -0.0195865258574, 0.0109202452004], [-0.000807486183476, 0.000785226817243, -0.000114593371109, 0.000322990614222, -0.000523545197211, 0.00233136140741, -0.00338108255528, 0.00324699026532, -0.00501750176772, 0.00958258192986, -0.0195865258574, 0.0312020853162, -0.0162542313337], [0.000716252601705, -0.000799117377028, 0.000608896894846, -0.0006888929056, 0.000428638188168, -0.00245870952494, 0.00287928571925, -0.00267074722797, 0.0015819252003, -0.00427402555943, 0.0109202452004, -0.0162542313337, 0.0229990985245]], "cov": [[14486.328125, 606.237182617, -4159.40185547, 117.91569519, 256.13760376, -537.668029785, 292.774139404, -96.5528564453, 82.6496734619, 367.476165771, -3.70262098312, 219.712631226, -206.903564453], [606.237182617, 1809.92932129, 192.955062866, -231.66569519, 17.1896972656, 87.6971206665, -125.012519836, -71.5327453613, -50.3516159058, -23.3395080566, 58.6226043701, 11.058339119, 27.4649620056], [-4159.40185547, 192.955062866, 1879.06567383, -74.1512298584, -125.853126526, 198.430358887, -63.6638793945, -15.1940765381, -43.9042167664, -116.222930908, -11.5604534149, -84.0760040283, 41.5258560181], [117.91569519, -231.66569519, -74.1512298584, 264.83682251, 51.7299385071, -1.7235263586, 39.4001464844, 40.8864898682, 35.873588562, 18.0280895233, 1.28539299965, 10.1522569656, 4.28863620758], [256.13760376, 17.1896972656, -125.853126526, 51.7299385071, 187.515106201, 21.2846813202, 6.72379779816, 31.3569965363, 35.9162101746, -7.11254549026, -12.2710084915, 8.00586986542, 6.77437973022], [-537.668029785, 87.6971206665, 198.430358887, -1.7235263586, 21.2846813202, 194.820281982, 61.6965179443, 32.0854721069, -1.99210441113, -2.49033546448, 11.2681770325, -8.79961776733, 19.0239677429], [292.774139404, -125.012519836, -63.6638793945, 39.4001464844, 6.72379779816, 61.6965179443, 194.594482422, 53.2930412292, -1.05742180347, 21.6186714172, -6.35481786728, 3.81861376762, -12.4920339584], [-96.5528564453, -71.5327453613, -15.1940765381, 40.8864898682, 31.3569965363, 32.0854721069, 53.2930412292, 96.658782959, 43.0114364624, -1.82974720001, -2.10003519058, 4.11814260483, 10.1557636261], [82.6496734619, -50.3516159058, -43.9042167664, 35.873588562, 35.9162101746, -1.99210441113, -1.05742180347, 43.0114364624, 91.0094680786, 40.0647888184, 1.07390797138, 5.56363296509, 6.76585292816], [367.476165771, -23.3395080566, -116.222930908, 18.0280895233, -7.11254549026, -2.49033546448, 21.6186714172, -1.82974720001, 40.0647888184, 99.8406906128, 48.3277778625, 13.2735815048, -9.45837688446], [-3.70262098312, 58.6226043701, -11.5604534149, 1.28539299965, -12.2710084915, 11.2681770325, -6.35481786728, -2.10003519058, 1.07390797138, 48.3277778625, 82.1796112061, 32.3191108704, -2.78998804092], [219.712631226, 11.058339119, -84.0760040283, 10.1522569656, 8.00586986542, -8.79961776733, 3.81861376762, 4.11814260483, 5.56363296509, 13.2735815048, 32.3191108704, 71.8593902588, 32.5059623718], [-206.903564453, 27.4649620056, 41.5258560181, 4.28863620758, 6.77437973022, 19.0239677429, -12.4920339584, 10.1557636261, 6.76585292816, -9.45837688446, -2.78998804092, 32.5059623718, 76.6322631836]]}, "spectral_contrast_valleys": {"min": [-27.1356391907, -27.2099304199, -27.2903518677, -27.0245246887, -27.3178806305, -27.2119998932], "max": [-5.87923622131, -4.94751405716, -5.88070774078, -6.45739030838, -6.75423669815, -9.10039615631], "dvar2": [0.286878436804, 0.115119948983, 0.0974776446819, 0.0954672694206, 0.0464535877109, 0.0490372031927], "median": [-8.54385280609, -7.4710111618, -8.83094215393, -10.2066326141, -11.0203208923, -12.9508295059], "dmean2": [0.658683300018, 0.397376477718, 0.361738026142, 0.337191730738, 0.244262382388, 0.206765636802], "dmean": [0.393086344004, 0.243574351072, 0.220986306667, 0.209021344781, 0.157205492258, 0.139710023999], "var": [1.48317325115, 1.93523335457, 2.16419315338, 3.19612789154, 3.73572778702, 2.47403979301], "dvar": [0.10902864486, 0.0519873611629, 0.0451783165336, 0.0457036159933, 0.0271120686084, 0.0260235648602], "mean": [-8.66956329346, -7.58484363556, -8.82173442841, -10.0697288513, -10.7778606415, -12.9127979279]}, "barkbands_flatness_db": {"min": 0.0485188290477, "max": 0.496684879065, "dvar2": 0.000376040086849, "median": 0.309880375862, "dmean2": 0.0207223761827, "dmean": 0.0140241505578, "var": 0.00589406909421, "dvar": 0.000169074599398, "mean": 0.305633962154}, "dynamic_complexity": 7.65747308731, "spectral_skewness": {"min": 0.0179012194276, "max": 14.436797142, "dvar2": 1.63201880455, "median": 5.08326625824, "dmean2": 1.14784526825, "dmean": 0.6862000226