{"lowlevel": {"spectral_complexity": {"min": 0, "max": 26, "dvar2": 2.85145807266, "median": 5, "dmean2": 1.44763219357, "dmean": 0.84708493948, "var": 24.6116085052, "dvar": 1.104560256, "mean": 5.66217041016}, "silence_rate_20dB": {"min": 0, "max": 1, "dvar2": 0.00230475026183, "median": 1, "dmean2": 0.00221760221757, "dmean": 0.00110874988604, "var": 0.00184464873746, "dvar": 0.00110772857442, "mean": 0.998152196407}, "average_loudness": 0.00645021675155, "erbbands_spread": {"min": 0.639425456524, "max": 144.676513672, "dvar2": 42.0155830383, "median": 13.955950737, "dmean2": 5.07840633392, "dmean": 3.37716698647, "var": 290.441223145, "dvar": 16.7043094635, "mean": 17.8531684875}, "spectral_kurtosis": {"min": -1.26629161835, "max": 114.79473114, "dvar2": 137.658706665, "median": 17.652469635, "dmean2": 10.2332630157, "dmean": 5.96160316467, "var": 236.068435669, "dvar": 47.8315353394, "mean": 21.8668384552}, "barkbands_kurtosis": {"min": -1.81264686584, "max": 6168.53857422, "dvar2": 39499, "median": 6.40850734711, "dmean2": 34.3456497192, "dmean": 19.9684524536, "var": 16607.9335938, "dvar": 12099.2207031, "mean": 31.4702377319}, "spectral_strongpeak": {"min": 0, "max": 15.9266996384, "dvar2": 0.283967375755, "median": 0.442172974348, "dmean2": 0.331216365099, "dmean": 0.229732200503, "var": 1.01907551289, "dvar": 0.145702570677, "mean": 0.74998319149}, "spectral_spread": {"min": 769876.0625, "max": 42451428, "dvar2": 792841945088, "median": 2556624, "dmean2": 474482.0625, "dmean": 285358.03125, "var": 5209202360320.0, "dvar": 324694605824, "mean": 3098553}, "spectral_rms": {"min": 3.14366479896e-12, "max": 0.033449485898, "dvar2": 4.83395922402e-07, "median": 0.00198739510961, "dmean2": 0.000548361276742, "dmean": 0.000412799650803, "var": 6.54545647194e-06, "dvar": 3.16081838037e-07, "mean": 0.00278566498309}, "erbbands": {"min": [8.62978867996e-23, 4.52316636695e-22, 1.05225360976e-21, 2.99503682112e-21, 1.95958683217e-20, 4.80914730203e-20, 5.05752508305e-20, 8.72614024685e-20, 6.20127934826e-20, 2.51978730876e-19, 3.10627645764e-19, 4.88304878117e-19, 6.82306287215e-19, 8.80522078137e-19, 9.43395869702e-19, 1.23364093214e-18, 1.70823622218e-18, 2.21792309875e-18, 3.63356289421e-18, 3.93102200556e-18, 3.20134427374e-18, 4.96267173937e-18, 5.74073560792e-18, 5.78821370713e-18, 1.02184731268e-17, 8.94095305487e-18, 8.95321352591e-18, 1.07372882516e-17, 1.05516689221e-17, 1.35511970496e-17, 1.25801829635e-17, 1.22768765123e-17, 1.08890932648e-17, 8.60310188703e-18, 6.99844180902e-18, 4.66897505903e-18, 2.33540611359e-18, 1.00682645722e-18, 2.58036200351e-19, 2.7097412585e-20], "max": [1.04139006138, 9.18783378601, 32.3535881042, 160.108093262, 511.8046875, 578.049377441, 911.744750977, 12150.3642578, 4899.27392578, 3180.33618164, 997.556091309, 853.501403809, 556.881164551, 635.202758789, 670.806274414, 198.101806641, 835.430786133, 443.045623779, 516.072814941, 309.40536499, 417.976470947, 90.8126678467, 93.0177459717, 100.362846375, 30.5157108307, 21.2008838654, 14.5832681656, 8.54524707794, 10.9837884903, 8.67496585846, 2.32718086243, 7.28066110611, 0.956082165241, 0.59426099062, 0.143829926848, 0.0645947828889, 0.0247568618506, 0.00685753906146, 0.00185603718273, 0.0013470252743], "dvar2": [0.000323126325384, 0.0162250716239, 0.206931203604, 7.88340330124, 110.889648438, 212.459640503, 1169.59020996, 15110.1933594, 2842.21191406, 3574.05541992, 919.057983398, 779.719665527, 340.661071777, 519.635070801, 461.459838867, 63.7867393494, 342.820373535, 287.915222168, 224.987594604, 131.33972168, 149.087890625, 16.4842624664, 4.74538803101, 6.69203186035, 1.36208117008, 0.665168344975, 0.222436130047, 0.0658454969525, 0.0897186249495, 0.0457576029003, 0.00629653548822, 0.0160597339272, 0.000815652078018, 0.000366929714801, 1.80274000741e-05, 2.77705225926e-06, 3.37218466484e-07, 1.81472827876e-08, 5.22599519215e-10, 2.25448174018e-10], "median": [0.00549644511193, 0.0134834162891, 0.0186721477658, 0.035266302526, 0.140832275152, 0.901740849018, 3.61766266823, 5.70251703262, 2.44834566116, 1.51318705082, 1.80249202251, 1.47428238392, 1.02029359341, 0.616046309471, 0.427574187517, 0.421345382929, 0.432306081057, 0.46541967988, 0.23536029458, 0.259631752968, 0.209717229009, 0.0852761045098, 0.0661574676633, 0.0449246317148, 0.0262029413134, 0.0192510467023, 0.0103841088712, 0.00487386714667, 0.00423032511026, 0.00300939986482, 0.0018068094505, 0.0016942556249, 0.000778460584115, 0.000519762048498, 0.00029971258482, 0.000167231366504, 8.31116703921e-05, 3.4858861909e-05, 1.03714419311e-05, 5.73530360271e-06], "dmean2": [0.0108742071316, 0.050775129348, 0.157360672951, 0.64631319046, 3.08797216415, 4.53200054169, 11.1835985184, 28.2184791565, 12.7535762787, 11.9678821564, 9.0092124939, 7.84727907181, 6.01355791092, 5.99060153961, 4.98195075989, 2.66546201706, 3.9543569088, 4.22162103653, 3.22350430489, 2.97823500633, 2.60976934433, 0.926221251488, 0.603969931602, 0.573913455009, 0.284595280886, 0.194760262966, 0.113700546324, 0.0606227070093, 0.0575335137546, 0.0422438457608, 0.0185947529972, 0.0236235614866, 0.00545592280105, 0.00375159760006, 0.000987243955024, 0.00041556765791, 0.000153147091623, 3.51308444806e-05, 6.30946760793e-06, 5.60638272873e-06], "dmean": [0.00669456273317, 0.0376237519085, 0.116481348872, 0.463960886002, 2.19148445129, 3.22217440605, 8.81188678741, 25.6484451294, 11.6176195145, 8.51554107666, 6.00515413284, 5.14932250977, 3.89001226425, 3.73683214188, 3.19020867348, 1.63000237942, 2.54976320267, 2.58889603615, 2.00514960289, 1.83112859726, 1.59505009651, 0.56354123354, 0.378041446209, 0.360610425472, 0.172833114862, 0.119338564575, 0.0699979886413, 0.0384251438081, 0.0376825742424, 0.0268948059529, 0.0119609432295, 0.0157878976315, 0.00366266700439, 0.00257156812586, 0.000670970475767, 0.000286907015834, 0.000105271785287, 2.36412379309e-05, 4.63927699457e-06, 4.58203658127e-06], "var": [0.00108185445424, 0.169633775949, 1.7347420454, 41.9381217957, 454.733642578, 634.220092773, 3496.96337891, 95014.71875, 17594.2773438, 4713.0859375, 865.153137207, 751.426452637, 354.231109619, 374.232635498, 410.828887939, 61.4489479065, 367.639129639, 212.789733887, 220.264175415, 132.503173828, 107.91153717, 15.3156480789, 6.43131065369, 6.67469024658, 1.73660576344, 0.811908125877, 0.323323339224, 0.120830066502, 0.127296298742, 0.0548314936459, 0.0123734828085, 0.0206352788955, 0.00129049434327, 0.000549231888726, 4.54470282421e-05, 7.51486959416e-06, 9.67905293692e-07, 5.09322966025e-08, 1.86298554361e-09, 1.53013202109e-09], "dvar": [0.000165046774782, 0.0104893082753, 0.117353655398, 3.68944072723, 54.7002677917, 102.328315735, 684.480712891, 14929.7685547, 3003.12915039, 1910.68908691, 354.856872559, 327.202087402, 153.612197876, 200.47756958, 202.8515625, 24.9566516876, 152.579452515, 104.512184143, 92.1497116089, 51.6870193481, 53.6323051453, 5.94711589813, 2.02447605133, 2.85923504829, 0.509747207165, 0.245810091496, 0.0830254480243, 0.0266062635928, 0.0394194275141, 0.0182153601199, 0.00265127071179, 0.00790204387158, 0.000340936501743, 0.000166667203302, 8.3938239186e-06, 1.40873157761e-06, 1.75110841383e-07, 9.07517172521e-09, 2.93627511194e-10, 2.01078848017e-10], "mean": [0.0130494078621, 0.133032679558, 0.414596140385, 1.54426133633, 6.29509067535, 8.79211807251, 23.6711425781, 67.8827819824, 28.6124782562, 16.0282077789, 11.1815872192, 9.13887023926, 6.87861347198, 6.22025728226, 5.34811782837, 3.07627463341, 4.48140573502, 4.52817583084, 3.79258179665, 3.50967121124, 2.83368372917, 1.16191411018, 0.810164511204, 0.722946345806, 0.417465388775, 0.289736181498, 0.17649205029, 0.100860744715, 0.0902911350131, 0.0632023066282, 0.0340850949287, 0.035741623491, 0.0101700294763, 0.00626163976267, 0.00212748278864, 0.000916439399589, 0.000352836708771, 9.34660856728e-05, 2.30834102695e-05, 1.78731861524e-05]}, "zerocrossingrate": {"min": 0, "max": 0.53955078125, "dvar2": 5.57938838028e-05, "median": 0.017578125, "dmean2": 0.00430323649198, "dmean": 0.00311786285602, "var": 0.00103178981226, "dvar": 3.07407244691e-05, "mean": 0.022385282442}, "spectral_contrast_coeffs": {"min": [-0.97490298748, -0.999214231968, -0.997769653797, -0.985051572323, -0.986395895481, -0.96493190527], "max": [-0.202840447426, -0.182412832975, -0.359582185745, -0.474116742611, -0.544403851032, -0.660429239273], "dvar2": [0.00265660695732, 0.00204986822791, 0.00179619621485, 0.00102234992664, 0.000426749233156, 0.000171627514646], "median": [-0.670683443546, -0.642567753792, -0.731763601303, -0.771302759647, -0.819230794907, -0.832943677902], "dmean2": [0.0643972083926, 0.0558896251023, 0.0531581677496, 0.0396925806999, 0.0255407504737, 0.0161371938884], "dmean": [0.0394732691348, 0.036859691143, 0.0331768095493, 0.0246649514884, 0.0157254282385, 0.00973364152014], "var": [0.0188633427024, 0.0170501992106, 0.00682047288865, 0.00608935719356, 0.0037384913303, 0.00210349285044], "dvar": [0.000997566385195, 0.000897931226064, 0.000705216894858, 0.000415399175836, 0.000170781539055, 6.51415175525e-05], "mean": [-0.665536105633, -0.637318730354, -0.733083248138, -0.76784080267, -0.814567267895, -0.825944602489]}, "dissonance": {"min": 0, "max": 0.499999940395, "dvar2": 0.00214544520713, "median": 0.388053655624, "dmean2": 0.0541961863637, "dmean": 0.0328956544399, "var": 0.00375952292234, "dvar": 0.000820970861241, "mean": 0.38257753849}, "spectral_energyband_high": {"min": 7.26463537377e-21, "max": 0.000560864107683, "dvar2": 2.28427207705e-10, "median": 7.9277384657e-07, "dmean2": 4.07682864534e-06, "dmean": 2.79328901343e-06, "var": 1.09171593987e-09, "dvar": 1.07693062801e-10, "mean": 1.13466676339e-05}, "gfcc": {"mean": [-202.597213745, 142.440078735, -89.2719345093, -4.38222169876, -45.7879676819, -9.6859254837, -34.4944190979, -2.23825764656, -9.43356513977, 4.25587892532, -3.05859971046, 3.57950806618, 0.910409092903], "icov": [[0.000745875004213, -0.00154008029494, 0.00151149241719, -0.00207576644607, 0.00213367701508, -0.00139134074561, 0.00168421817943, -0.000845684437081, 0.000565970782191, -0.000398395233788, -5.14051607752e-05, 0.000421585864387, -0.000278219376924], [-0.00154008029494, 0.00498088495806, -0.003351934487, 0.00561963114887, -0.00563377607614, 0.0048348614946, -0.004486173857, 0.00365885719657, -0.002345131943, 0.00327182281762, -0.00143413525075, 0.000992388697341, 0.000613296986558], [0.00151149241719, -0.003351934487, 0.0044013815932, -0.00485165370628, 0.00272511132061, -0.00184616609477, 0.00273122778162, -0.00225366000086, 0.00261493725702, -0.00314908567816, 0.00164986611344, 4.96356879012e-05, -0.000621863931883], [-0.00207576644607, 0.00561963114887, -0.00485165370628, 0.0123312743381, -0.00792589690536, 0.00258920807391, -0.00490074045956, 0.00452807312831, -0.00384344323538, 0.00315574882552, -0.000546534836758, 0.000263940164587, 0.00187919859309], [0.00213367701508, -0.00563377607614, 0.00272511132061, -0.00792589690536, 0.0151581149548, -0.00936070550233, 0.00494431657717, -0.00210573826917, -0.000542280904483, 0.000872445874847, -0.0015911962837, 0.00193663605023, -0.00194130244199], [-0.00139134074561, 0.0048348614946, -0.00184616609477, 0.00258920807391, -0.00936070550233, 0.018383724615, -0.0108444690704, 0.000631492352113, 0.00178788416088, -0.00200309907086, 0.00367523590103, -0.00240485509858, 0.00310710724443], [0.00168421817943, -0.004486173857, 0.00273122778162, -0.00490074045956, 0.00494431657717, -0.0108444690704, 0.0224675703794, -0.013624060899, 0.00547950575128, -0.000334648939315, -0.00220933719538, 0.00245805527084, -0.00115431926679], [-0.000845684437081, 0.00365885719657, -0.00225366000086, 0.00452807312831, -0.00210573826917, 0.000631492352113, -0.013624060899, 0.0243089981377, -0.0134136127308, 0.00309328734875, 0.00236045313068, -0.00252274377272, 0.00154190312605], [0.000565970782191, -0.002345131943, 0.00261493725702, -0.00384344323538, -0.000542280904483, 0.00178788416088, 0.00547950575128, -0.0134136127308, 0.0237190797925, -0.0145341157913, 0.00348186749034, -0.000647453125566, -0.00230628577992], [-0.000398395233788, 0.00327182281762, -0.00314908567816, 0.00315574882552, 0.000872445874847, -0.00200309907086, -0.000334648939315, 0.00309328734875, -0.0145341157913, 0.0276861730963, -0.0160706266761, 0.00276199169457, 0.00168109708466], [-5.14051607752e-05, -0.00143413525075, 0.00164986611344, -0.000546534836758, -0.0015911962837, 0.00367523590103, -0.00220933719538, 0.00236045313068, 0.00348186749034, -0.0160706266761, 0.0273095704615, -0.0152155347168, 0.00327994651161], [0.000421585864387, 0.000992388697341, 4.96356879012e-05, 0.000263940164587, 0.00193663605023, -0.00240485509858, 0.00245805527084, -0.00252274377272, -0.000647453125566, 0.00276199169457, -0.0152155347168, 0.0277847163379, -0.0142648089677], [-0.000278219376924, 0.000613296986558, -0.000621863931883, 0.00187919859309, -0.00194130244199, 0.00310710724443, -0.00115431926679, 0.00154190312605, -0.00230628577992, 0.00168109708466, 0.00327994651161, -0.0142648089677, 0.0197696983814]], "cov": [[15686.5800781, 2632.08398438, -3819.30664062, -726.937683105, -1336.75158691, -1068.66357422, -982.752746582, -874.744812012, -374.727233887, -533.447265625, 27.367181778, -290.18536377, -76.6752166748], [2632.08398438, 1671.42321777, -161.58984375, -307.406524658, -70.7413635254, -383.108795166, -220.308044434, -312.975708008, -174.696502686, -238.565261841, -48.4563713074, -156.191635132, -30.6148891449], [-3819.30664062, -161.58984375, 1589.75537109, 318.739746094, 447.250396729, 253.266983032, 237.830123901, 159.673599243, 30.6443824768, 72.8281478882, -77.6993865967, -21.9155502319, -29.0213260651], [-726.937683105, -307.406524658, 318.739746094, 326.099090576, 179.251464844, 177.21786499, 109.695716858, 79.1827392578, 27.4103012085, 17.8401451111, -46.3625717163, -30.6690864563, -44.4431495667], [-1336.75158691, -70.7413635254, 447.250396729, 179.251464844, 318.037231445, 181.565765381, 130.628479004, 81.9049530029, 20.0134143829, 3.96231579781, -45.0282974243, -28.6339225769, -26.8469829559], [-1068.66357422, -383.108795166, 253.266983032, 177.21786499, 181.565765381, 283.144866943, 180.107070923, 139.151229858, 32.1256713867, 34.9905395508, -43.121799469, -9.53621959686, -37.9957313538], [-982.752746582, -220.308044434, 237.830123901, 109.695716858, 130.628479004, 180.107070923, 199.771362305, 136.122421265, 29.6816558838, 23.5290412903, -28.7312717438, -6.69304084778, -22.9744052887], [-874.744812012, -312.975708008, 159.673599243, 79.1827392578, 81.9049530029, 139.151229858, 136.122421265, 181.473526001, 88.8082580566, 65.1978225708, -1.31515562534, 29.7519435883, 1.36383795738], [-374.727233887, -174.696502686, 30.6443824768, 27.4103012085, 20.0134143829, 32.1256713867, 29.6816558838, 88.8082580566, 133.387252808, 97.7436141968, 45.8180160522, 50.3818130493, 26.2276725769], [-533.447265625, -238.565261841, 72.8281478882, 17.8401451111, 3.96231579781, 34.9905395508, 23.5290412903, 65.1978225708, 97.7436141968, 151.951751709, 88.4304580688, 72.9327697754, 28.1019935608], [27.367181778, -48.4563713074, -77.6993865967, -46.3625717163, -45.0282974243, -43.121799469, -28.7312717438, -1.31515562534, 45.8180160522, 88.4304580688, 130.367248535, 91.4134292603, 46.7876815796], [-290.18536377, -156.191635132, -21.9155502319, -30.6690864563, -28.6339225769, -9.53621959686, -6.69304084778, 29.7519435883, 50.3818130493, 72.9327697754, 91.4134292603, 137.027450562, 82.3447570801], [-76.6752166748, -30.6148891449, -29.0213260651, -44.4431495667, -26.8469829559, -37.9957313538, -22.9744052887, 1.36383795738, 26.2276725769, 28.1019935608, 46.7876815796, 82.3447570801, 107.975708008]]}, "spectral_flux": {"min": 6.49345091586e-11, "max": 0.309000372887, "dvar2": 0.000433611945482, "median": 0.022516168654, "dmean2": 0.0159805584699, "dmean": 0.00951359048486, "var": 0.000782257353421, "dvar": 0.000155715562869, "mean": 0.031876064837}, "silence_rate_30dB": {"min": 0, "max": 1, "dvar2": 0.017225401476, "median": 1, "dmean2": 0.0155232157558, "dmean": 0.00776124931872, "var": 0.0149715496227, "dvar": 0.0077017149888, "mean": 0.984801590443}, "spectral_energyband_middle_high": {"min": 1.21616128586e-21, "max": 0.0276761520654, "dvar2": 1.32563729949e-06, "median": 9.89083491731e-05, "dmean2": 0.000386550789699, "dmean": 0.000252109603025, "var": 3.16090267916e-06, "dvar": 5.63225967198e-07, "mean": 0.000746022735257}, "barkbands_spread": {"min": 0.0384842678905, "max": 138.301467896, "dvar2": 14.2811765671, "median": 4.46406745911, "dmean2": 2.78266763687, "dmean": 1.73640739918, "var": 26.4274406433, "dvar": 5.43876886368, "mean": 5.79964733124}, "spectral_centroid": {"min": 111.207420349, "max": 11670.3144531, "dvar2": 51699.5039062, "median": 407.85369873, "dmean2": 90.8514175415, "dmean": 59.7438659668, "var": 284513.6875, "dvar": 22464.0214844, "mean": 525.86138916}, "pitch_salience": {"min": 0.0144425015897, "max": 0.996097803116, "dvar2": 0.0112523566931, "median": 0.477379024029, "dmean2": 0.117096439004, "dmean": 0.0721970945597, "var": 0.0241234377027, "dvar": 0.00414448603988, "mean": 0.454112201929}, "erbbands_skewness": {"min": -2.21832227707, "max": 9.76060771942, "dvar2": 0.421626597643, "median": 1.40430855751, "dmean2": 0.670919954777, "dmean": 0.460384786129, "var": 1.85700714588, "dvar": 0.196373611689, "mean": 1.70134162903}, "erbbands_crest": {"min": 2.16301298141, "max": 31.2658596039, "dvar2": 14.1219034195, "median": 13.7247219086, "dmean2": 3.79504442215, "dmean": 2.51674032211, "var": 39.3439483643, "dvar": 5.80203008652, "mean": 14.791437149}, "melbands": {"min": [9.83776996418e-25, 7.97598131392e-25, 8.18096090369e-25, 2.71073748506e-24, 1.88625024085e-24, 2.06098293136e-24, 1.1683297233e-24, 2.40201105056e-24, 2.2569525463e-24, 3.22077234789e-24, 3.24740389762e-24, 2.83103364551e-24, 3.14237259011e-24, 2.97385513747e-24, 2.32800110651e-24, 3.66424983285e-24, 3.28948193552e-24, 4.95828503443e-24, 4.75190561099e-24, 5.33877710371e-24, 3.10187444339e-24, 3.97380003535e-24, 6.4362565667e-24, 4.79113921368e-24, 3.75981717608e-24, 6.17632689843e-24, 5.18838787188e-24, 5.30859015788e-24, 4.09352742709e-24, 5.53828830968e-24, 5.90926513872e-24, 5.76572085296e-24, 6.0158919174e-24, 7.54842856405e-24, 6.85565722797e-24, 6.58295314063e-24, 6.53682568249e-24, 6.94220946877e-24, 7.34339335959e-24, 6.95229032228e-24], "max": [0.00887132436037, 0.0149067956954, 0.0303382053971, 0.0317687690258, 0.0279463529587, 0.251927018166, 0.0730378851295, 0.0311602912843, 0.00734134670347, 0.00473011052236, 0.00272462284192, 0.00282856891863, 0.00264762132429, 0.000788166013081, 0.00103135162499, 0.00130055856425, 0.000796950655058, 0.000773737265263, 0.000637270626612, 0.000510377751198, 0.000624410808086, 0.000109938337118, 9.5251154562e-05, 0.000126939034089, 7.9983874457e-05, 2.93760658678e-05, 2.73340774584e-05, 1.45635658555e-05, 1.06404831968e-05, 5.2867053455e-06, 5.44710655959e-06, 6.49658841212e-06, 9.22813251236e-06, 2.7497951578e-06, 1.30020623601e-06, 2.71083149528e-06, 5.35354456588e-06, 7.12561813998e-07, 7.75683133725e-07, 6.45522504783e-07], "dvar2": [3.64236960593e-08, 3.87469540897e-08, 4.11359735608e-07, 8.73426984072e-07, 9.83498466667e-07, 6.62551201458e-06, 6.17005298409e-07, 3.28379854864e-07, 5.99424154757e-08, 2.61250914235e-08, 9.50892431462e-09, 9.69792779415e-09, 9.23594267732e-09, 5.77318193251e-10, 1.2396018656e-09, 1.45292011755e-09, 9.5885965834e-10, 6.60958954235e-10, 4.60635085631e-10, 1.57431415126e-10, 2.80845319223e-10, 2.02407708649e-11, 1.02146702555e-11, 9.12814008408e-12, 5.05795448927e-12, 1.3956213572e-12, 5.8381137381e-13, 2.91230283162e-13, 1.53809419628e-13, 4.11191229449e-14, 2.19336877762e-14, 3.5155773827e-14, 4.6693040195e-14, 8.72228111677e-15, 2.2850225706e-15, 4.24350843432e-15, 9.21735069862e-15, 5.76459336622e-16, 2.59355718037e-16, 3.43711835133e-16], "median": [5.50016775378e-05, 1.25625902001e-05, 7.08766765456e-06, 2.61786044575e-05, 0.000105045815872, 0.000135064779897, 3.3952328522e-05, 1.09420980152e-05, 1.34653209898e-05, 8.42955887492e-06, 4.32685919804e-06, 1.98954057851e-06, 1.34809135943e-06, 8.89621730948e-07, 7.48432285036e-07, 8.73065971518e-07, 6.96079609952e-07, 2.60057447576e-07, 3.49969894842e-07, 2.40953511366e-07, 2.03593501169e-07, 6.8352264293e-08, 5.56450281408e-08, 5.72829961243e-08, 3.14351993325e-08, 1.96131395569e-08, 1.52065950942e-08, 1.11763389654e-08, 6.9979133599e-09, 3.43439210404e-09, 2.31580621346e-09, 2.17097317901e-09, 2.33391395099e-09, 1.3124956677e-09, 9.6764851687e-10, 1.03839914445e-09, 9.92472215522e-10, 5.12784148476e-10, 4.45873643562e-10, 4.23020785068e-10], "dmean2": [9.91246779449e-05, 7.4559407949e-05, 0.000180978808203, 0.000274006131804, 0.000338576501235, 0.000611332594417, 0.000192364124814, 0.000120230652101, 7.5124517025e-05, 4.88779332954e-05, 3.14842545777e-05, 2.55203576671e-05, 2.19358607865e-05, 7.822641237e-06, 8.44482474349e-06, 1.04404871308e-05, 7.44401586417e-06, 5.48631305719e-06, 5.46254796063e-06, 2.85446367343e-06, 3.27177212966e-06, 1.0003349189e-06, 6.75925093674e-07, 7.0321215162e-07, 4.92825734e-07, 2.90766621447e-07, 1.86188160001e-07, 1.32850374257e-07, 9.43022939737e-08, 4.97183414438e-08, 3.49776207997e-08, 3.67441472804e-08, 3.8413233483e-08, 2.02220640233e-08, 1.14637073168e-08, 1.40267673032e-08, 1.681070394e-08, 4.58733495634e-09, 2.97191316001e-09, 3.59536400651e-09], "dmean": [6.28871130175e-05, 5.57189632673e-05, 0.000128760264488, 0.000193661820958, 0.000263011839706, 0.000556636136025, 0.00017433508765, 8.49214557093e-05, 4.97519286e-05, 3.22059277096e-05, 2.0302084522e-05, 1.58716648002e-05, 1.39723151733e-05, 4.82346877106e-06, 5.17213084095e-06, 6.71931456964e-06, 4.54851215181e-06, 3.39817529493e-06, 3.3918677218e-06, 1.76974072019e-06, 1.98289944819e-06, 6.04583931363e-07, 4.21316769916e-07, 4.36208068777e-07, 3.08394135118e-07, 1.77680377078e-07, 1.13737812057e-07, 8.07412021686e-08, 5.74871563686e-08, 3.09408427768e-08, 2.21565414904e-08, 2.35802790627e-08, 2.46940263793e-08, 1.2642964009e-08, 7.17789339078e-09, 9.03309249622e-09, 1.1048112647e-08, 2.96851987436e-09, 1.95686400417e-09, 2.42323094923e-09], "var": [1.25126589978e-07, 4.10150249763e-07, 1.99475380214e-06, 2.86762451651e-06, 3.03270940094e-06, 4.19197203883e-05, 3.90655259253e-06, 4.2476065687e-07, 5.25229602033e-08, 2.61282675496e-08, 9.42310496299e-09, 6.9683667725e-09, 7.68341124058e-09, 5.2158088959e-10, 1.17032505909e-09, 1.61358404416e-09, 6.79768241696e-10, 6.04149341665e-10, 4.47765907685e-10, 1.53384069335e-10, 1.8399456958e-10, 1.64786448376e-11, 9.21149181238e-12, 8.59430929201e-12, 4.47529817024e-12, 1.40430928604e-12, 7.19673235935e-13, 2.86869350974e-13, 1.73368101559e-13, 5.52241595281e-14, 3.37035426152e-14, 4.38027774317e-14, 4.35205629943e-14, 9.82002734608e-15, 3.42132277506e-15, 6.17061299789e-15, 9.22836297396e-15, 6.70418636818e-16, 3.36203973317e-16, 4.65481821026e-16], "dvar": [1.63674993559e-08, 2.42161970476e-08, 1.97806073743e-07, 4.18290795778e-07, 5.70466227146e-07, 6.6245979724e-06, 6.58042949908e-07, 1.75094271526e-07, 2.29774919092e-08, 1.10691420474e-08, 4.22536272637e-09, 3.79155729036e-09, 3.95367072414e-09, 2.45967468615e-10, 4.72801409135e-10, 6.64654165039e-10, 3.51513596009e-10, 2.62251664829e-10, 1.98560418108e-10, 6.55292070606e-11, 9.96705079581e-11, 7.25364473347e-12, 4.05059492892e-12, 3.85341931974e-12, 2.12997956946e-12, 5.38426291399e-13, 2.17710330558e-13, 1.07249224692e-13, 5.66401106247e-14, 1.61628302837e-14, 8.7590635225e-15, 1.50832088654e-14, 1.9501351353e-14, 3.41019699729e-15, 9.26829380116e-16, 1.79884090547e-15, 4.4732517217e-15, 2.24597694577e-16, 1.2098732745e-16, 1.55565726986e-16], "mean": [0.000151192594785, 0.000204463503906, 0.00040437959251, 0.000552296754904, 0.000710635329597, 0.00147344532888, 0.000427850638516, 0.000156127978698, 8.7073778559e-05, 5.63975954719e-05, 3.43345345755e-05, 2.5303395887e-05, 2.2159953005e-05, 8.08967251942e-06, 8.72872624313e-06, 1.11282442958e-05, 7.4910699368e-06, 5.91082198298e-06, 5.80666528549e-06, 3.26598319589e-06, 3.23929612023e-06, 1.09794154923e-06, 7.69436610426e-07, 8.1095799942e-07, 5.63071580473e-07, 3.53419835619e-07, 2.43850678316e-07, 1.71071874888e-07, 1.2460455423e-07, 6.88855550379e-08, 5.14221376591e-08, 5.06356307994e-08, 5.03004535801e-08, 2.72039972771e-08, 1.76691248299e-08, 2.16367581629e-08, 2.17958060489e-08, 6.97455160292e-09, 4.75483963314e-09, 5.34830402188e-09]}, "spectral_entropy": {"min": 3.63366866112, "max": 9.81710720062, "dvar2": 0.0444793961942, "median": 6.22961807251, "dmean2": 0.226495832205, "dmean": 0.164016008377, "var": 0.584259212017, "dvar": 0.0217755306512, "mean": 6.20359992981}, "spectral_rolloff": {"min": 21.533203125, "max": 20435.0097656, "dvar2": 109897.164062, "median": 387.59765625, "dmean2": 159.58404541, "dmean": 90.7731781006, "var": 1534200.5, "dvar": 50297.1875, "mean": 535.345947266}, "barkbands": {"min": [4.53687415836e-25, 2.8473015351e-24, 1.4535607739e-25, 1.38070636316e-24, 1.35709082589e-23, 9.02825904704e-24, 9.70632601585e-24, 7.9853533759e-24, 2.1477235127e-23, 2.42598473069e-23, 2.17087263596e-23, 2.14554641438e-23, 3.01018687587e-23, 3.4916498278e-23, 6.71944650874e-23, 5.210974064e-23, 8.22684357829e-23, 1.11701972116e-22, 1.2638428915e-22, 1.92649930475e-22, 2.61747456231e-22, 3.0069499587e-22, 4.72012915777e-22, 6.16220475784e-22, 9.73857647981e-22, 1.38772906642e-21, 1.98794725262e-21], "max": [0.0672401785851, 0.0313414037228, 0.0238651968539, 0.0751405805349, 0.116834245622, 1.09935748577, 0.0960361361504, 0.0617781430483, 0.0289617124945, 0.0266173090786, 0.0160740427673, 0.00542120588943, 0.0150263532996, 0.00773884169757, 0.0103889312595, 0.00626928312704, 0.00156812474597, 0.00246530887671, 0.000714726687875, 0.000557832827326, 0.000256601517322, 0.000302542117424, 9.10087110242e-05, 0.000176109737367, 3.69387307728e-05, 1.32665618366e-05, 8.07605010777e-06], "dvar2": [8.76867943589e-06, 2.66738283017e-07, 2.41039259663e-07, 2.59237049249e-06, 1.47093733176e-05, 0.000137137743877, 5.44993417861e-06, 2.14197871173e-06, 1.43557440424e-06, 4.98514339142e-07, 5.18028741681e-07, 4.34889848577e-08, 1.36332857892e-07, 1.07871628074e-07, 8.0570920602e-08, 4.7239826273e-08, 5.3093729413e-09, 3.42586914392e-09, 7.26264881568e-10, 2.68232103195e-10, 6.67146615729e-11, 5.91689613971e-11, 9.5296825986e-12, 1.23632692625e-11, 1.0926528779e-12, 9.09847081032e-14, 1.3433468205e-14], "median": [0.000116994451673, 0.000106134597445, 1.15109851322e-05, 7.63828575145e-06, 0.000236960244365, 0.000757800647989, 7.50463368604e-05, 5.1490333135e-05, 6.77080533933e-05, 1.12316629384e-05, 8.33543072076e-06, 9.29300767893e-06, 7.37027221476e-06, 6.92323510521e-06, 4.34074627265e-06, 3.97754001824e-06, 1.10134919851e-06, 1.1199583696e-06, 5.41230974704e-07, 4.02469964911e-07, 1.73984403773e-07, 1.17389546972e-07, 6.3563255992e-08, 6.26845704232e-08, 4.35896190254e-08, 4.50521113748e-08, 6.51549072472e-08], "dmean2": [0.000569649157114, 0.000250721845077, 0.000151768428623, 0.000377203163225, 0.00130078697111, 0.00303997262381, 0.000631036818959, 0.000391611160012, 0.000390627246816, 0.000171003528521, 0.000176892965101, 7.21320029697e-05, 8.95874909475e-05, 8.5914551164e-05, 6.81996971252e-05, 4.98093468195e-05, 1.57985959959e-05, 1.3895126358e-05, 6.89190801495e-06, 4.09658969147e-06, 2.03788135877e-06, 1.57318186211e-06, 6.83111750277e-07, 6.93420361131e-07, 2.11676265849e-07, 7.71593491322e-08, 3.18751212092e-08], "dmean": [0.000310407544021, 0.000175640074303, 0.000107927327917, 0.000268124509603, 0.000937809352763, 0.00274017266929, 0.000459593051346, 0.000267363182502, 0.000258047220996, 0.000108341999294, 0.000111585228296, 4.4140877435e-05, 5.8073845139e-05, 5.2477374993e-05, 4.25228790846e-05, 3.07548252749e-05, 9.5457144198e-06, 8.75044315762e-06, 4.21785944127e-06, 2.5434719646e-06, 1.28610815864e-06, 1.03129877971e-06, 4.45289998652e-07, 4.64107216658e-07, 1.48348789253e-07, 5.4188273424e-08, 2.16892761529e-08], "var": [1.82660494374e-06, 2.37958033722e-06, 1.07069558908e-06, 1.18067764561e-05, 5.26910007466e-05, 0.000840331194922, 9.35935440793e-06, 2.21312279791e-06, 1.49877894273e-06, 3.96527525481e-07, 3.94979480234e-07, 3.75185216228e-08, 1.48956331714e-07, 7.57676161811e-08, 8.11331091199e-08, 3.55421789777e-08, 4.47373826873e-09, 3.4492597667e-09, 7.8711487328e-10, 3.71608604999e-10, 1.24539462076e-10, 9.16121276062e-11, 1.68014682028e-11, 1.76515174005e-11, 2.10186295452e-12, 3.04052139369e-13, 4.06539392265e-14], "dvar": [2.32017305279e-06, 1.69164252384e-07, 1.1245803222e-07, 1.22975075101e-06, 7.32255648472e-06, 0.000134521556902, 2.85138708023e-06, 9.39506662689e-07, 6.15711599039e-07, 2.04318652663e-07, 2.11587675381e-07, 1.79671566514e-08, 6.0967572324e-08, 3.9498672777e-08, 3.44201644964e-08, 1.8139404645e-08, 1.90931470634e-09, 1.52626089545e-09, 2.78576828272e-10, 1.01283322007e-10, 2.63351701557e-11, 2.53305189324e-11, 4.12081566786e-12, 5.9200196828e-12, 5.19116433867e-13, 4.85715864773e-14, 7.64211251518e-15], "mean": [0.000297741149552, 0.000543712754734, 0.00033360812813, 0.000816625833977, 0.00272021512501, 0.00729379290715, 0.000937914242968, 0.000487366312882, 0.000451977393823, 0.000167219797731, 0.000173174878, 7.3962022725e-05, 9.63847123785e-05, 8.44170135679e-05, 7.46959194657e-05, 5.18462438777e-05, 1.77336532943e-05, 1.64582324942e-05, 8.96590518096e-06, 6.06935236647e-06, 3.34229503096e-06, 2.54193082583e-06, 1.2085229173e-06, 1.10454629976e-06, 4.16844414985e-07, 1.98093971449e-07, 1.14391966122e-07]}, "melbands_flatness_db": {"min": -9.14631755222e-07, "max": 0.680872499943, "dvar2": 0.00154187879525, "median": 0.371416687965, "dmean2": 0.0357703082263, "dmean": 0.0237845573574, "var": 0.00676688691601, "dvar": 0.000567869457882, "mean": 0.365485578775}, "melbands_skewness": {"min": -2.32622241974, "max": 116.619499207, "dvar2": 13.940279007, "median": 1.76170444489, "dmean2": 1.60269761086, "dmean": 0.994369924068, "var": 21.0503692627, "dvar": 4.78955936432, "mean": 2.83285403252}, "barkbands_skewness": {"min": -2.5318171978, "max": 58.8628921509, "dvar2": 7.7608127594, "median": 1.44504737854, "dmean2": 1.62171459198, "dmean": 0.980168402195, "var": 11.9527759552, "dvar": 2.57365489006, "mean": 2.40590214729}, "silence_rate_60dB": {"min": 0, "max": 1, "dvar2": 0.064508870244, "median": 0, "dmean2": 0.0583968572319, "dmean": 0.0291970800608, "var": 0.24885250628, "dvar": 0.0283458195627, "mean": 0.466300189495}, "spectral_energyband_low": {"min": 1.09621531339e-23, "max": 0.0604691058397, "dvar2": 1.84800580882e-06, "median": 0.00030413683271, "dmean2": 0.00058588385582, "dmean": 0.000397188094212, "var": 1.11626641228e-05, "dvar": 8.46410159738e-07, "mean": 0.00130786420777}, "spectral_energyband_middle_low": {"min": 1.87681318462e-22, "max": 1.13922703266, "dvar2": 0.000172918124008, "median": 0.00292326603085, "dmean2": 0.00456272251904, "dmean": 0.00382147124037, "var": 0.00109724642243, "dvar": 0.000157511647558, "mean": 0.0127397337928}, "melbands_kurtosis": {"min": -1.38188529015, "max": 21314.7675781, "dvar2": 276707.59375, "median": 8.07078838348, "dmean2": 59.0906867981, "dmean": 34.5823173523, "var": 126901.078125, "dvar": 89175.7890625, "mean": 53.1604385376}, "spectral_decrease": {"min": -2.93274524665e-07, "max": 1.06074419058e-16, "dvar2": 1.19719562319e-17, "median": -1.02949815339e-09, "dmean2": 1.28611588046e-09, "dmean": 1.04754172003e-09, "var": 7.6919803094e-17, "dvar": 1.05120138836e-17, "mean": -3.75174291634e-09}, "erbbands_kurtosis": {"min": -1.61565411091, "max": 150.242675781, "dvar2": 54.0698547363, "median": 2.75498342514, "dmean2": 4.35344409943, "dmean": 2.95349812508, "var": 125.300598145, "dvar": 25.3357067108, "mean": 6.61008024216}, "melbands_crest": {"min": 1.00003838539, "max": 39.8998718262, "dvar2": 29.3541145325, "median": 18.5023212433, "dmean2": 5.18589353561, "dmean": 3.217461586, "var": 54.4882659912, "dvar": 10.7369241714, "mean": 19.555431366}, "melbands_spread": {"min": 0.0167503654957, "max": 160.761779785, "dvar2": 21.0209083557, "median": 5.02967357635, "dmean2": 2.9280397892, "dmean": 1.89071941376, "var": 102.586791992, "dvar": 8.55183506012, "mean": 7.12317371368}, "spectral_energy": {"min": 1.01296933632e-20, "max": 1.1468398571, "dvar2": 0.000181952113053, "median": 0.00404848251492, "dmean2": 0.00500118266791, "dmean": 0.00407857866958, "var": 0.00117544515524, "dvar": 0.000160285213497, "mean": 0.0146630415693}, "mfcc": {"mean": [-855.488769531, 180.049026489, 14.6061983109, 13.3869276047, 5.67754507065, -2.71054959297, -8.92407798767, -5.73749160767, -4.44108104706, 2.23546624184, -1.21764600277, -0.340754747391, 2.74628710747], "icov": [[0.000521777488757, -0.000468797574285, 0.00100797438063, -0.000951077090576, 0.00133940041997, -0.000918374396861, 0.00114075001329, -0.000587751215789, 0.000838938634843, -0.000603844004218, 0.000652429298498, -0.00034601642983, 0.000406575156376], [-0.000468797574285, 0.00133036973421, -0.000890548108146, 0.000899837934412, -0.00180541793816, 0.0021270790603, -0.0016426271759, 0.00140292965807, -0.00051270914264, 0.00104803021532, -0.00013405669597, 0.000937187753152, 0.000267224415438], [0.00100797438063, -0.000890548108146, 0.00380712398328, -0.00257932837121, 0.00164305535145, -0.00168042071164, 0.000722415803466, 0.00039899215335, -0.000602669548243, 6.33754389128e-05, 0.000514502287842, -0.000815018138383, 0.000896333658602], [-0.000951077090576, 0.000899837934412, -0.00257932837121, 0.00902797747403, -0.005169745069, 0.000573057855945, -0.00154562760144, -5.32434387424e-06, -7.04098602e-06, -7.45180805097e-05, -0.000125148086227, 0.000504035968333, -0.000448188424343], [0.00133940041997, -0.00180541793816, 0.00164305535145, -0.005169745069, 0.0128208175302, -0.00746555440128, 0.00312151503749, -0.000243333837716, -0.000796268635895, -9.29297311814e-05, 0.000514795945492, -0.000734355766326, 4.05352038797e-05], [-0.000918374396861, 0.0021270790603, -0.00168042071164, 0.000573057855945, -0.00746555440128, 0.0173565726727, -0.00863905344158, 0.00196188641712, -0.000903952051885, 0.000219605746679, -0.00167820660863, 0.00250675855204, 0.000223838535021], [0.00114075001329, -0.0016426271759, 0.000722415803466, -0.00154562760144, 0.00312151503749, -0.00863905344158, 0.0178151465952, -0.011436634697, 0.00537794502452, -0.00375605677254, 0.00210384815, -0.0010166662978, 0.000214009909541], [-0.000587751215789, 0.00140292965807, 0.00039899215335, -5.32434387424e-06, -0.000243333837716, 0.00196188641712, -0.011436634697, 0.0227256640792, -0.0143726794049, 0.00566167803481, -0.00231198011898, 0.000294499419397, 0.00119863706641], [0.000838938634843, -0.00051270914264, -0.000602669548243, -7.04098602e-06, -0.000796268635895, -0.000903952051885, 0.00537794502452, -0.0143726794049, 0.0240329336375, -0.012331392616, 0.00403541931883, -0.000176503002876, -0.00128924637102], [-0.000603844004218, 0.00104803021532, 6.33754389128e-05, -7.45180805097e-05, -9.29297311814e-05, 0.000219605746679, -0.00375605677254, 0.00566167803481, -0.012331392616, 0.021529648453, -0.00944506283849, 0.00315054296516, 5.01407521369e-05], [0.000652429298498, -0.00013405669597, 0.000514502287842, -0.000125148086227, 0.000514795945492, -0.00167820660863, 0.00210384815, -0.00231198011898, 0.00403541931883, -0.00944506283849, 0.0187335517257, -0.010572431609, 0.00416355999187], [-0.00034601642983, 0.000937187753152, -0.000815018138383, 0.000504035968333, -0.000734355766326, 0.00250675855204, -0.0010166662978, 0.000294499419397, -0.000176503002876, 0.00315054296516, -0.010572431609, 0.0208310354501, -0.00896887294948], [0.000406575156376, 0.000267224415438, 0.000896333658602, -0.000448188424343, 4.05352038797e-05, 0.000223838535021, 0.000214009909541, 0.00119863706641, -0.00128924637102, 5.01407521369e-05, 0.00416355999187, -0.00896887294948, 0.0146010210738]], "cov": [[14001.4384766, 2636.27612305, -3068.74414062, -478.851531982, -1209.71411133, -831.053771973, -964.555603027, -685.309265137, -924.162414551, -430.16595459, -536.066040039, -319.061035156, -301.196105957], [2636.27612305, 1999.32519531, -307.154968262, -94.5303726196, -116.618904114, -253.767303467, -190.483917236, -245.980941772, -250.648361206, -200.790512085, -213.265686035, -172.81022644, -133.626113892], [-3068.74414062, -307.154968262, 1076.60754395, 221.553009033, 314.37322998, 217.588027954, 228.514038086, 137.090820312, 205.17338562, 81.4398803711, 93.4644012451, 44.0044784546, 31.185464859], [-478.851531982, -94.5303726196, 221.553009033, 218.327819824, 137.085708618, 93.3071670532, 71.0902786255, 46.0968818665, 51.6705436707, 28.101808548, 17.3896961212, 2.12865805626, 2.34245061874], [-1209.71411133, -116.618904114, 314.37322998, 137.085708618, 266.468597412, 143.316711426, 108.093559265, 67.0481262207, 93.1346282959, 40.9471931458, 38.9108924866, 11.2389411926, 14.5943593979], [-831.053771973, -253.767303467, 217.588027954, 93.3071670532, 143.316711426, 185.863952637, 129.626907349, 83.8965377808, 82.1087875366, 52.4795036316, 42.5898361206, 8.35801696777, 5.31704282761], [-964.555603027, -190.483917236, 228.514038086, 71.0902786255, 108.093559265, 129.626907349, 198.226577759, 121.772842407, 92.9594116211, 52.1678543091, 39.1925697327, 11.953663826, 7.50525808334], [-685.309265137, -245.980941772, 137.090820312, 46.0968818665, 67.0481262207, 83.8965377808, 121.772842407, 156.717895508, 114.985656738, 52.4832420349, 39.1143417358, 17.002117157, 9.72434997559], [-924.162414551, -250.648361206, 205.17338562, 51.6705436707, 93.1346282959, 82.1087875366, 92.9594116211, 114.985656738, 163.598846436, 82.7703018188, 47.2611122131, 20.6335659027, 20.3516521454], [-430.16595459, -200.790512085, 81.4398803711, 28.101808548, 40.9471931458, 52.4795036316, 52.1678543091, 52.4832420349, 82.7703018188, 111.500228882, 64.2492218018, 20.7275657654, 6.86164283752], [-536.066040039, -213.265686035, 93.4644012451, 17.3896961212, 38.9108924866, 42.5898361206, 39.1925697327, 39.1143417358, 47.2611122131, 64.2492218018, 125.272583008, 62.5767707825, 15.7489261627], [-319.061035156, -172.81022644, 44.0044784546, 2.12865805626, 11.2389411926, 8.35801696777, 11.953663826, 17.002117157, 20.6335659027, 20.7275657654, 62.5767707825, 104.770523071, 55.9442100525], [-301.196105957, -133.626113892, 31.185464859, 2.34245061874, 14.5943593979, 5.31704282761, 7.50525808334, 9.72434997559, 20.3516521454, 6.86164283752, 15.7489261627, 55.9442100525, 108.095146179]]}, "spectral_contrast_valleys": {"min": [-27.9547462463, -28.2338867188, -27.7652702332, -27.8016757965, -27.5712985992, -27.4174308777], "max": [-5.75795888901, -4.93760156631, -6.31059837341, -6.54557132721, -7.00685834885, -9.94372367859], "dvar2": [0.249519661069, 0.208111763, 0.164059326053, 0.126639261842, 0.101138554513, 0.0730162486434], "median": [-8.85576248169, -8.26625156403, -9.40003681183, -10.028380394, -10.3646945953, -13.0504217148], "dmean2": [0.58279722929, 0.497676312923, 0.422121554613, 0.338781386614, 0.231031522155, 0.173750847578], "dmean": [0.342849701643, 0.30171957612, 0.251018255949, 0.203529477119, 0.139122784138, 0.107763394713], "var": [1.52866506577, 2.95287919044, 2.41953229904, 2.05542635918, 1.65642428398, 0.855634331703], "dvar": [0.0923265293241, 0.0815842375159, 0.0648019164801, 0.0520161874592, 0.0423038899899, 0.0311329681426], "mean": [-8.76243591309, -8.38213920593, -9.52413368225, -10.045668602, -10.3024225235, -12.8624477386]}, "barkbands_flatness_db": {"min": 0.0587867572904, "max": 0.644007086754, "dvar2": 0.00199984875508, "median": 0.266076356173, "dmean2": 0.0386178456247, "dmean": 0.0248675011098, "var": 0.0046470137313, "dvar": 0.000687540217768, "mean": 0.266286492348}, "dynamic_complexity": 10.2470273972, "spectral_skewness": {"min": -0.0750173553824, "max": 8.76303100586, "dvar2": 0.574607491493, "median": 3.2752571106, "dmean2": 0.74771040678, "dmean": 0.439650058746, "var": 1.46897566319, "dvar": 0.1