{"lowlevel": {"spectral_complexity": {"min": 0, "max": 34, "dvar2": 15.3011522293, "median": 10, "dmean2": 3.70649528503, "dmean": 2.46274614334, "var": 22.2372226715, "dvar": 7.28388786316, "mean": 10.5929784775}, "silence_rate_20dB": {"min": 1, "max": 1, "dvar2": 0, "median": 1, "dmean2": 0, "dmean": 0, "var": 0, "dvar": 0, "mean": 1}, "average_loudness": 0.966979801655, "erbbands_spread": {"min": 1.15335774422, "max": 254.31842041, "dvar2": 272.801940918, "median": 32.1749229431, "dmean2": 15.0814228058, "dmean": 9.93214511871, "var": 400.102172852, "dvar": 114.560646057, "mean": 35.2169494629}, "spectral_kurtosis": {"min": -1.26576030254, "max": 129.158721924, "dvar2": 29.8327960968, "median": 6.16631412506, "dmean2": 4.66515541077, "dmean": 2.93088960648, "var": 159.258422852, "dvar": 12.6313428879, "mean": 9.04694652557}, "barkbands_kurtosis": {"min": -1.98302078247, "max": 671.761474609, "dvar2": 647.940490723, "median": 8.31353664398, "dmean2": 14.3181810379, "dmean": 9.07133102417, "var": 2506.79101562, "dvar": 256.584350586, "mean": 19.6923751831}, "spectral_strongpeak": {"min": 0, "max": 19.8213558197, "dvar2": 1.91402351856, "median": 0.452252715826, "dmean2": 0.72684520483, "dmean": 0.439420461655, "var": 0.914923608303, "dvar": 0.765259563923, "mean": 0.745506048203}, "spectral_spread": {"min": 732287.6875, "max": 42930596, "dvar2": 1866771726340.0, "median": 4079249.25, "dmean2": 1168756.375, "dmean": 800801.125, "var": 19616971620400.0, "dvar": 852239646720, "mean": 4762390.5}, "spectral_rms": {"min": 3.10014644164e-12, "max": 0.0163729730994, "dvar2": 4.29783767686e-06, "median": 0.00632698880509, "dmean2": 0.00169482955243, "dmean": 0.00120901595801, "var": 7.53825543143e-06, "dvar": 2.18062018575e-06, "mean": 0.00586373498663}, "erbbands": {"min": [6.77860224138e-23, 4.87129409231e-22, 1.70488851077e-21, 9.99589770692e-21, 8.37208804231e-21, 2.92572684061e-20, 5.34559202384e-20, 1.02021942899e-19, 1.22165929852e-19, 1.73184956619e-19, 2.87369886029e-19, 3.97153839764e-19, 5.29015554241e-19, 6.78377386101e-19, 9.9999549632e-19, 1.24298176581e-18, 1.90945235228e-18, 2.37049656274e-18, 2.70799679921e-18, 3.02697232587e-18, 3.53108679684e-18, 4.26605827779e-18, 4.53423230033e-18, 7.06722104978e-18, 7.07147110376e-18, 6.57261791508e-18, 8.50772134495e-18, 9.78693134685e-18, 9.30770922205e-18, 1.01164205459e-17, 9.19655020979e-18, 9.43065390367e-18, 9.59368623932e-18, 7.88199808905e-18, 6.13646129451e-18, 4.3178071105e-18, 2.42553157723e-18, 9.41174476167e-19, 2.58829750902e-19, 2.85892715938e-20], "max": [4.02181625366, 44.3863754272, 79.2631988525, 97.5476303101, 163.575378418, 124.267959595, 320.898925781, 854.689941406, 3184.68847656, 1290.58703613, 606.493408203, 583.434997559, 1162.79931641, 1750.08215332, 1571.65563965, 704.659179688, 1151.27844238, 790.899353027, 588.125732422, 599.545410156, 427.341064453, 780.485168457, 1282.97290039, 2131.90087891, 715.463378906, 1147.8293457, 792.258056641, 484.125915527, 242.74772644, 270.922332764, 840.927612305, 367.436187744, 384.87020874, 222.353424072, 15.7058534622, 9.5941696167, 4.39356184006, 0.269866257906, 0.0222920998931, 0.00258731958456], "dvar2": [0.435679197311, 35.05078125, 113.118751526, 114.383010864, 208.900131226, 42.8330535889, 244.016021729, 5125.69287109, 37460.2539062, 9880.66503906, 1420.01660156, 1093.94995117, 2800.24731445, 14240.4296875, 1716.08154297, 1269.91418457, 4524.30224609, 1126.19714355, 752.52532959, 336.65032959, 324.187896729, 712.965637207, 4058.89453125, 8328.6484375, 1677.97814941, 2304.71459961, 1488.87121582, 609.732543945, 194.333938599, 291.55166626, 1755.07678223, 353.537963867, 248.624908447, 38.744972229, 1.66932117939, 0.428590595722, 0.0513898506761, 0.000499638204928, 2.49372624239e-06, 1.48865639815e-08], "median": [0.237517595291, 3.22936463356, 5.76727962494, 6.30762434006, 6.84330892563, 4.51044368744, 4.52197790146, 8.95993995667, 8.03799438477, 6.8597817421, 4.50914859772, 6.8479309082, 8.9903755188, 6.75269508362, 4.84193277359, 1.89405441284, 2.71732902527, 1.54353892803, 1.5503565073, 1.57752251625, 1.48687291145, 2.1521024704, 2.69793438911, 1.51070058346, 1.20656359196, 1.70003890991, 1.29521405697, 0.834552705288, 0.430297106504, 0.232472077012, 0.119602002203, 0.0806664302945, 0.068267762661, 0.0475400798023, 0.0406167209148, 0.0201021768153, 0.00499664666131, 0.00104155449662, 0.000105628198071, 5.34520258952e-05], "dmean2": [0.332966506481, 3.3633787632, 6.83159399033, 7.57297706604, 10.0999641418, 4.92837429047, 7.31147003174, 27.6801128387, 57.3298835754, 39.5743560791, 15.7640953064, 14.9742546082, 18.4283409119, 41.6624069214, 15.1181287766, 9.49116134644, 16.3982162476, 9.33172798157, 6.82677841187, 5.22544908524, 4.41143941879, 6.90327167511, 15.5492200851, 12.8847808838, 10.1128158569, 12.4927225113, 10.3291921616, 7.31193447113, 4.69516086578, 5.06417798996, 7.19923067093, 3.29880023003, 2.60856747627, 1.08057892323, 0.436227858067, 0.206676006317, 0.0643080621958, 0.00957069080323, 0.000714076450095, 4.82982613903e-05], "dmean": [0.199464127421, 2.0826382637, 4.19091796875, 4.99795866013, 6.6979932785, 3.12486219406, 4.80686903, 18.5292701721, 38.7649841309, 27.4142627716, 11.0084886551, 11.191031456, 12.8093452454, 27.5759620667, 10.8587207794, 6.56285524368, 11.6735467911, 6.41260576248, 4.56367969513, 3.71324324608, 3.19886779785, 4.61152696609, 10.1022720337, 7.99934482574, 6.24638032913, 7.9393901825, 6.48828983307, 4.62730979919, 3.0407640934, 3.1991083622, 4.40067338943, 1.96350681782, 1.55981016159, 0.669604003429, 0.265869259834, 0.123418167233, 0.0380922593176, 0.00591132044792, 0.00044429016998, 3.18737547786e-05], "var": [0.234712988138, 24.5552864075, 103.420204163, 106.673240662, 220.411254883, 49.7729148865, 258.847381592, 3681.83276367, 22538.7363281, 9184.49414062, 2145.10498047, 2137.85693359, 2382.23950195, 8312.90527344, 2225.41601562, 1071.66247559, 3516.42895508, 787.461914062, 406.595397949, 301.389587402, 325.632995605, 623.763305664, 2233.14990234, 3057.79248047, 640.298461914, 1066.58361816, 591.757507324, 271.863708496, 123.939186096, 135.057891846, 537.921691895, 105.79120636, 66.5493469238, 13.7961778641, 0.579063057899, 0.130591094494, 0.0146226417273, 0.000174034299562, 8.73083138231e-07, 5.2575725995e-09], "dvar": [0.165769442916, 13.8130607605, 46.3628540039, 52.8786888123, 101.33719635, 19.042301178, 119.566986084, 2311.4465332, 17124.1113281, 5022.42236328, 774.715332031, 643.807678223, 1261.86523438, 6224.49951172, 962.508605957, 636.346679688, 2192.66918945, 523.973388672, 329.973358154, 169.203186035, 171.903900146, 333.905487061, 1706.19726562, 3319.90869141, 640.141784668, 1009.56896973, 592.399169922, 254.289489746, 86.8536453247, 120.133544922, 670.466003418, 133.605743408, 92.0707550049, 15.4270305634, 0.655256569386, 0.161770418286, 0.0190959405154, 0.000197167842998, 1.00098179701e-06, 5.62848034846e-09], "mean": [0.411605387926, 4.53512048721, 8.81056880951, 9.52449035645, 11.8156471252, 6.58452892303, 8.83745479584, 26.9010009766, 47.6352272034, 37.6378974915, 18.0030555725, 23.1918144226, 22.181854248, 34.0899162292, 16.5379428864, 9.06441116333, 15.8306264877, 8.24521541595, 5.82307767868, 5.45458316803, 5.04370737076, 6.94677829742, 13.030632019, 8.17176818848, 6.99002170563, 8.49577903748, 6.83913850784, 5.02868127823, 3.4722058773, 3.36826753616, 4.02963495255, 1.72353255749, 1.32398486137, 0.609002232552, 0.240860044956, 0.109771795571, 0.0320010893047, 0.00521330814809, 0.000411999004427, 6.43484891043e-05]}, "zerocrossingrate": {"min": 0.0029296875, "max": 0.63720703125, "dvar2": 0.000135859794682, "median": 0.02734375, "dmean2": 0.0100324545056, "dmean": 0.00836831517518, "var": 0.00378449517302, "dvar": 9.72364141489e-05, "mean": 0.0384130366147}, "spectral_contrast_coeffs": {"min": [-0.98135381937, -0.979176521301, -0.975167393684, -0.972188353539, -0.967812538147, -0.964858353138], "max": [-0.39837872982, -0.272386610508, -0.448111772537, -0.505148947239, -0.525276303291, -0.522846341133], "dvar2": [0.00391652341932, 0.00616242131218, 0.00422087218612, 0.00224968511611, 0.00195468263701, 0.00133336265571], "median": [-0.668505549431, -0.68738669157, -0.705450236797, -0.766720235348, -0.768740296364, -0.747692644596], "dmean2": [0.0736983641982, 0.0925720408559, 0.0761988312006, 0.0564062595367, 0.0507356338203, 0.0417897701263], "dmean": [0.044565923512, 0.059645652771, 0.050857771188, 0.0377181619406, 0.0343492478132, 0.0288922823966], "var": [0.00451281527057, 0.0096991257742, 0.00747060962021, 0.00507952738553, 0.00456067081541, 0.0039873868227], "dvar": [0.00144156150054, 0.00270755845122, 0.00194946862757, 0.00112030084711, 0.000948137312662, 0.000671382702421], "mean": [-0.668405115604, -0.681688904762, -0.706605613232, -0.762324333191, -0.766247272491, -0.747323811054]}, "dissonance": {"min": 0.195346742868, "max": 0.5, "dvar2": 0.0019173186738, "median": 0.439630508423, "dmean2": 0.0481978468597, "dmean": 0.0292133558542, "var": 0.00191302062012, "dvar": 0.000722064112779, "mean": 0.430856406689}, "spectral_energyband_high": {"min": 7.14136122869e-21, "max": 0.0358532220125, "dvar2": 7.42229667594e-06, "median": 9.386929014e-05, "dmean2": 0.000868831877597, "dmean": 0.000560743093956, "var": 3.27137217937e-06, "dvar": 3.06600668409e-06, "mean": 0.000616854755208}, "gfcc": {"mean": [-53.50050354, 117.301864624, -74.140953064, 33.5597343445, -46.5969657898, 6.34005880356, -20.0505905151, 11.9693164825, -23.1015396118, 3.07188344002, -16.5235710144, 1.53097319603, -8.49152469635], "icov": [[0.00024634131114, -0.000609810638707, 0.000427782128099, -0.00074660894461, 0.000686904066242, -0.000790883030277, 0.000408909399994, -0.000858445768245, 0.000577961560339, -0.000906324828975, 0.000661458296236, -0.000636737095192, 0.000462107127532], [-0.000609810638707, 0.0026039283257, -0.000789641344454, 0.00202838727273, -0.0022244642023, 0.00287854997441, -0.00191113038454, 0.00242828507908, -0.00173731683753, 0.00261769024655, -0.0019686948508, 0.00231662928127, -0.00168905791361], [0.000427782128099, -0.000789641344454, 0.00206537055783, -0.00108676787931, -0.00032755752909, -0.00160600699019, 0.000374819937861, -0.00146589288488, 0.000464052689495, -0.00159700820222, 0.00137979746796, -0.00132418889552, 0.00107869913336], [-0.00074660894461, 0.00202838727273, -0.00108676787931, 0.00602559139952, -0.00207426981069, 0.000640004815068, -0.000856995233335, 0.00266877864487, -0.00296122557484, 0.00403530150652, -0.00242495117709, 0.00251426314935, -0.00180769816507], [0.000686904066242, -0.0022244642023, -0.00032755752909, -0.00207426981069, 0.00665054377168, -0.00270936894231, 0.000553654681426, -0.00205796957016, 0.00196239212528, -0.00185825652443, 0.00144715444185, -0.000753203989007, 4.88957302878e-05], [-0.000790883030277, 0.00287854997441, -0.00160600699019, 0.000640004815068, -0.00270936894231, 0.0102190123871, -0.00268971500918, 0.00145500444341, -0.00148201279808, 0.00355442124419, -0.00261141825467, 0.00350629189052, -0.000581628235523], [0.000408909399994, -0.00191113038454, 0.000374819937861, -0.000856995233335, 0.000553654681426, -0.00268971500918, 0.00865314994007, -0.00166705157608, -0.000668579188641, -0.00109880592208, 0.000622375519015, -0.000567098031752, -0.00029139558319], [-0.000858445768245, 0.00242828507908, -0.00146589288488, 0.00266877864487, -0.00205796957016, 0.00145500444341, -0.00166705157608, 0.0124744214118, -0.00222880579531, 0.00340163125657, -0.000845339382067, 0.00172129774, -0.00151696940884], [0.000577961560339, -0.00173731683753, 0.000464052689495, -0.00296122557484, 0.00196239212528, -0.00148201279808, -0.000668579188641, -0.00222880579531, 0.0104147763923, -0.00252588116564, -0.000449874467449, -0.000240451277932, 0.00161884643603], [-0.000906324828975, 0.00261769024655, -0.00159700820222, 0.00403530150652, -0.00185825652443, 0.00355442124419, -0.00109880592208, 0.00340163125657, -0.00252588116564, 0.0135657684878, -0.00616384390742, 0.00264348229393, -0.000243452086579], [0.000661458296236, -0.0019686948508, 0.00137979746796, -0.00242495117709, 0.00144715444185, -0.00261141825467, 0.000622375519015, -0.000845339382067, -0.000449874467449, -0.00616384390742, 0.0143492929637, -0.00374642340466, 0.00252108019777], [-0.000636737095192, 0.00231662928127, -0.00132418889552, 0.00251426314935, -0.000753203989007, 0.00350629189052, -0.000567098031752, 0.00172129774, -0.000240451277932, 0.00264348229393, -0.00374642340466, 0.0152972983196, -0.00473907031119], [0.000462107127532, -0.00168905791361, 0.00107869913336, -0.00180769816507, 4.88957302878e-05, -0.000581628235523, -0.00029139558319, -0.00151696940884, 0.00161884643603, -0.000243452086579, 0.00252108019777, -0.00473907031119, 0.0123765580356]], "cov": [[28082.1425781, 951.387451172, -4126.07666016, 836.511657715, -2007.72583008, 196.787796021, -561.768005371, 440.388671875, -406.24621582, 302.966339111, -139.470077515, 150.484191895, -233.820236206], [951.387451172, 1500.44580078, -32.2885437012, -102.149620056, 211.887542725, -167.196578979, 193.778656006, -78.4442977905, 73.3280944824, -50.527431488, 29.822599411, -59.4713478088, 103.962738037], [-4126.07666016, -32.2885437012, 1391.87133789, 5.17676830292, 479.895446777, 105.75163269, 130.507400513, 0.374382287264, 83.4793243408, -39.7245140076, -7.17933082581, -32.7392311096, 12.5136041641], [836.511657715, -102.149620056, 5.17676830292, 349.942810059, 7.51288700104, 102.796356201, 2.55909657478, 15.3255252838, 41.7613105774, -44.3941230774, 1.40140652657, -24.0458602905, -3.60140013695], [-2007.72583008, 211.887542725, 479.895446777, 7.51288700104, 429.11630249, 37.6050262451, 99.0357818604, -15.8238248825, 36.1527671814, -45.6386222839, -0.418037682772, -35.2251434326, 44.5859336853], [196.787796021, -167.196578979, 105.75163269, 102.796356201, 37.6050262451, 196.204437256, 20.1984825134, 30.5578269958, 12.3590803146, -19.53307724, -2.36607909203, -23.7711086273, -21.6959762573], [-561.768005371, 193.778656006, 130.507400513, 2.55909657478, 99.0357818604, 20.1984825134, 178.453353882, -3.98303151131, 44.5627326965, -19.6061649323, 9.35698604584, -20.5039787292, 24.7192554474], [440.388671875, -78.4442977905, 0.374382287264, 15.3255252838, -15.8238248825, 30.5578269958, -3.98303151131, 115.347640991, -3.2828476429, -8.0476102829, -16.412481308, 2.65597724915, -4.76862430573], [-406.24621582, 73.3280944824, 83.4793243408, 41.7613105774, 36.1527671814, 12.3590803146, 44.5627326965, -3.2828476429, 138.571502686, 3.77378869057, 25.9362983704, -20.7213401794, -6.18436050415], [302.966339111, -50.527431488, -39.7245140076, -44.3941230774, -45.6386222839, -19.53307724, -19.6061649323, -8.0476102829, 3.77378869057, 128.015060425, 38.1233863831, 5.41295528412, -27.0835399628], [-139.470077515, 29.822599411, -7.17933082581, 1.40140652657, -0.418037682772, -2.36607909203, 9.35698604584, -16.412481308, 25.9362983704, 38.1233863831, 100.351707458, 6.04693555832, -12.5616521835], [150.484191895, -59.4713478088, -32.7392311096, -24.0458602905, -35.2251434326, -23.7711086273, -20.5039787292, 2.65597724915, -20.7213401794, 5.41295528412, 6.04693555832, 91.1241226196, 20.9484500885], [-233.820236206, 103.962738037, 12.5136041641, -3.60140013695, 44.5859336853, -21.6959762573, 24.7192554474, -4.76862430573, -6.18436050415, -27.0835399628, -12.5616521835, 20.9484500885, 111.757537842]]}, "spectral_flux": {"min": 6.39343231135e-11, "max": 0.417898088694, "dvar2": 0.00436703022569, "median": 0.0672888085246, "dmean2": 0.0588414743543, "dmean": 0.0390125140548, "var": 0.00355293392204, "dvar": 0.00204645027407, "mean": 0.0851196870208}, "silence_rate_30dB": {"min": 0, "max": 1, "dvar2": 0.106243886054, "median": 1, "dmean2": 0.0907922908664, "dmean": 0.0453896671534, "var": 0.0348008461297, "dvar": 0.0433323681355, "mean": 0.96389323473}, "spectral_energyband_middle_high": {"min": 1.19401188918e-21, "max": 0.0500564426184, "dvar2": 2.44968487095e-05, "median": 0.00122782844119, "dmean2": 0.00247915205546, "dmean": 0.00173255894333, "var": 1.81366958714e-05, "dvar": 1.11997624117e-05, "mean": 0.00273263501003}, "barkbands_spread": {"min": 0.223672494292, "max": 148.027893066, "dvar2": 122.078552246, "median": 8.48573970795, "dmean2": 7.3760099411, "dmean": 4.84814453125, "var": 139.321395874, "dvar": 54.2120857239, "mean": 11.8009185791}, "spectral_centroid": {"min": 92.3691940308, "max": 11711.2851562, "dvar2": 244150, "median": 623.984680176, "dmean2": 359.404571533, "dmean": 236.443008423, "var": 1589108.75, "dvar": 113008.734375, "mean": 894.425476074}, "pitch_salience": {"min": 0.0596160069108, "max": 0.812062263489, "dvar2": 0.0101072164252, "median": 0.465667784214, "dmean2": 0.108974531293, "dmean": 0.0683173462749, "var": 0.0178448148072, "dvar": 0.00415782118216, "mean": 0.462883353233}, "erbbands_skewness": {"min": -3.29132604599, "max": 12.8710651398, "dvar2": 0.538319885731, "median": 0.856610357761, "dmean2": 0.691435813904, "dmean": 0.462868571281, "var": 1.9627405405, "dvar": 0.247594326735, "mean": 1.06150496006}, "erbbands_crest": {"min": 2.64994049072, "max": 29.1417579651, "dvar2": 23.473361969, "median": 10.5844049454, "dmean2": 4.95802974701, "dmean": 3.18833589554, "var": 28.5120162964, "dvar": 10.2192115784, "mean": 11.7910146713}, "melbands": {"min": [1.25963317472e-24, 1.05698023159e-24, 1.73857962092e-24, 1.62073938168e-24, 1.67591073567e-24, 2.53939058556e-24, 2.06565496007e-24, 2.03693352059e-24, 2.47905791188e-24, 2.24441813816e-24, 2.54828992265e-24, 2.72867835141e-24, 2.33077829133e-24, 2.2602929778e-24, 3.11687897224e-24, 3.08588304955e-24, 3.85947910183e-24, 3.74569735473e-24, 3.48532868537e-24, 4.0316921706e-24, 3.23197259502e-24, 3.24684262308e-24, 3.85563182719e-24, 4.2105513925e-24, 4.89191264445e-24, 4.77839674348e-24, 4.82838685904e-24, 3.78587995709e-24, 5.47895216454e-24, 4.52732677204e-24, 4.99631956855e-24, 4.6667082388e-24, 6.03330641631e-24, 4.87647148109e-24, 4.72961121852e-24, 5.87887427234e-24, 4.98069657275e-24, 5.8070883244e-24, 6.01468851009e-24, 6.27701986539e-24], "max": [0.0430566519499, 0.0417946465313, 0.0215829946101, 0.00849145464599, 0.00912808347493, 0.0182090122253, 0.0487634204328, 0.0115253506228, 0.00464706635103, 0.00393927330151, 0.00583822280169, 0.00772302784026, 0.00391060812399, 0.00245445617475, 0.00170299084857, 0.0036267163232, 0.0018201507628, 0.000895422883332, 0.000528445118107, 0.00118863629177, 0.000292546697892, 0.000466751342174, 0.00165187520906, 0.000740062037949, 0.00204682420008, 0.000568516668864, 0.000625175365712, 0.00114211894106, 0.00066599494312, 0.000660070101731, 0.00023382170184, 0.000206995056942, 0.00019248011813, 0.000119877680845, 0.000680728757288, 0.000390845962102, 0.000161307587405, 0.000452108884929, 0.000233581333305, 0.000139463169035], "dvar2": [4.15061404055e-05, 3.63016988558e-05, 3.96480618292e-06, 4.08725043144e-07, 2.13894452372e-07, 2.39681980929e-06, 8.58620569488e-06, 8.80031564066e-07, 7.21192279229e-08, 4.76738115651e-08, 7.16551440405e-08, 2.5517365998e-07, 2.36116441954e-08, 9.23848997303e-09, 5.05037300869e-09, 3.78847353488e-08, 4.22227675045e-09, 2.08499395526e-09, 7.26139481877e-10, 2.21934048916e-09, 1.98487268288e-10, 3.12212394826e-10, 4.84371698306e-09, 1.76336134583e-09, 7.89134180224e-09, 1.13877030028e-09, 8.00765009856e-10, 1.76150583009e-09, 9.53611078991e-10, 7.42374162144e-10, 2.17826201521e-10, 1.08121553377e-10, 9.06382469079e-11, 6.64489366309e-11, 1.15268472545e-09, 3.02793151663e-10, 8.03676847294e-11, 2.66416361194e-10, 6.89088786032e-11, 1.60725894399e-11], "median": [0.00345326354727, 0.00455518858507, 0.00125282839872, 0.000427596125519, 0.000176330649992, 0.000187221521628, 0.000112857123895, 6.82647587382e-05, 2.56607308984e-05, 3.85129060305e-05, 4.06008875871e-05, 2.29190864047e-05, 1.36137241498e-05, 5.46143201063e-06, 3.80535743716e-06, 4.96497341373e-06, 1.62752496635e-06, 1.91677258954e-06, 2.09909694604e-06, 1.68819838109e-06, 1.49994923504e-06, 2.00461317945e-06, 1.75251204837e-06, 2.25474809668e-06, 7.01336318798e-07, 6.56223107853e-07, 8.91679860615e-07, 9.86457166618e-07, 7.76379579293e-07, 5.45599107227e-07, 3.67393795386e-07, 2.44485676149e-07, 1.5928677044e-07, 9.95310003304e-08, 6.75617570778e-08, 4.54712498765e-08, 4.48014638721e-08, 4.36862670483e-08, 4.44515464437e-08, 3.40911014973e-08], "dmean2": [0.00336170545779, 0.00379810808226, 0.00140124093741, 0.000491831335239, 0.000238831707975, 0.000593543867581, 0.000883580185473, 0.000388971820939, 0.000109723470814, 9.4959505077e-05, 9.30487221922e-05, 0.00017562933499, 5.45249531569e-05, 2.95606896543e-05, 2.22030048462e-05, 4.01016841352e-05, 1.53256369231e-05, 1.11283134174e-05, 7.16290287528e-06, 9.80818822427e-06, 4.14248552261e-06, 5.92606102146e-06, 1.57411705004e-05, 1.07977994048e-05, 1.1074651411e-05, 7.55134215069e-06, 6.394128377e-06, 9.36692958931e-06, 7.43444934415e-06, 5.96620247961e-06, 3.92990887121e-06, 3.07599384541e-06, 2.64754498858e-06, 2.34525896303e-06, 5.34113223694e-06, 2.41370503318e-06, 1.73202624865e-06, 2.20706874643e-06, 1.34084109504e-06, 7.71911402353e-07], "dmean": [0.00206117238849, 0.00235831621103, 0.00094211724354, 0.000322629930452, 0.000155983754667, 0.000397337222239, 0.00060133554507, 0.000269457756076, 7.59636968723e-05, 7.11275934009e-05, 6.38990240986e-05, 0.000115710907266, 3.82729813282e-05, 2.06991699088e-05, 1.54942008521e-05, 2.84272609861e-05, 1.03305310404e-05, 7.34333752916e-06, 4.83852272737e-06, 7.21158767192e-06, 2.89350305138e-06, 3.88241915061e-06, 1.03953680082e-05, 6.87077135808e-06, 6.80589073454e-06, 4.63766718894e-06, 3.99838245357e-06, 5.92919150222e-06, 4.65445782538e-06, 3.71280998479e-06, 2.47385696639e-06, 1.99423902814e-06, 1.64753328136e-06, 1.46651927935e-06, 3.25175437865e-06, 1.42022156524e-06, 1.01884097603e-06, 1.29742659283e-06, 8.24065125471e-07, 4.74219660873e-07], "var": [2.52613717748e-05, 3.10265677399e-05, 4.23016172135e-06, 4.714973727e-07, 2.27505381645e-07, 1.71388319359e-06, 5.47145782548e-06, 8.4370157083e-07, 1.16992318056e-07, 9.55244772172e-08, 5.97609499664e-08, 1.46457750816e-07, 2.29377867811e-08, 9.01789309893e-09, 5.55452084328e-09, 2.5439678808e-08, 3.0709803589e-09, 1.06396602639e-09, 4.65363497737e-10, 2.20924056826e-09, 1.7775236838e-10, 2.73947364793e-10, 3.56819196412e-09, 8.10361944215e-10, 2.83103673837e-09, 4.41185560307e-10, 2.87619872363e-10, 7.99813937302e-10, 3.98707095117e-10, 2.95497848413e-10, 9.01752492122e-11, 7.17698261932e-11, 3.47504108822e-11, 3.38355558849e-11, 3.53911788764e-10, 8.69439936713e-11, 2.3534294305e-11, 6.46181164132e-11, 2.32132941341e-11, 5.62386075209e-12], "dvar": [1.59917253768e-05, 1.49720999616e-05, 1.9243072984e-06, 1.89636594428e-07, 1.03873567525e-07, 1.08297842871e-06, 3.9930391722e-06, 4.48390068186e-07, 4.0358010267e-08, 2.82829315523e-08, 3.21662376734e-08, 1.10860987945e-07, 1.19552474587e-08, 4.73674344192e-09, 2.7108757461e-09, 1.77475705243e-08, 1.9737556034e-09, 8.99545937738e-10, 3.35149519248e-10, 1.16810783268e-09, 1.00615807352e-10, 1.46212972285e-10, 2.17838902472e-09, 7.11583625357e-10, 3.12615200393e-09, 4.32265584438e-10, 3.14114650957e-10, 7.72162944696e-10, 3.95728977365e-10, 2.9437832727e-10, 8.70647096085e-11, 4.93997655282e-11, 3.60774604635e-11, 2.79816794735e-11, 4.41357977943e-10, 1.12547721143e-10, 3.04298565512e-11, 9.6679157735e-11, 2.70080537795e-11, 6.35457962292e-12], "mean": [0.00453434791416, 0.00534744607285, 0.00185684184544, 0.00064441957511, 0.000302897708025, 0.000571620650589, 0.000746207020711, 0.000373679213226, 0.000124094862258, 0.000146405262058, 0.000106852363388, 0.000139589436003, 5.51712109882e-05, 2.91011238005e-05, 2.07595694519e-05, 3.75801828341e-05, 1.252605216e-05, 8.89494458534e-06, 6.48355717203e-06, 1.05410899778e-05, 4.48586843049e-06, 5.84733197684e-06, 1.35949458127e-05, 8.40132270241e-06, 6.46084708933e-06, 5.07560071128e-06, 4.33376635556e-06, 6.12727353655e-06, 4.79468781123e-06, 3.76241109734e-06, 2.59198623098e-06, 2.25553162636e-06, 1.64215452969e-06, 1.51890128564e-06, 2.93746325042e-06, 1.21391406083e-06, 8.69896211952e-07, 1.05061849354e-06, 7.25977031379e-07, 4.24417294198e-07]}, "spectral_entropy": {"min": 3.58678436279, "max": 9.82772922516, "dvar2": 0.186745226383, "median": 6.8788189888, "dmean2": 0.438138842583, "dmean": 0.29853746295, "var": 0.588272690773, "dvar": 0.0819103121758, "mean": 6.83362579346}, "spectral_rolloff": {"min": 86.1328125, "max": 19638.28125, "dvar2": 1307998.25, "median": 409.130859375, "dmean2": 498.201782227, "dmean": 289.13168335, "var": 5521202, "dvar": 526197.9375, "mean": 854.304992676}, "barkbands": {"min": [1.34269076171e-24, 2.34560670698e-24, 1.42808219368e-24, 1.69564369678e-24, 7.48790242224e-24, 1.38650602909e-23, 6.35200503873e-24, 8.3071044956e-24, 1.58170208703e-23, 2.03807752667e-23, 1.60339828627e-23, 2.30784034613e-23, 2.39019048266e-23, 4.26124801189e-23, 4.92216104254e-23, 6.11322457356e-23, 5.6779847686e-23, 7.60174830372e-23, 1.41464936764e-22, 1.5063959104e-22, 2.16762846127e-22, 2.91354352637e-22, 3.28374925965e-22, 5.52988818744e-22, 8.23273870428e-22, 1.37142536886e-21, 1.98146834431e-21], "max": [0.00608190055937, 0.177676975727, 0.0605047605932, 0.0567549020052, 0.0276178587228, 0.0801942870021, 0.213487342, 0.0421798750758, 0.0207182019949, 0.0465558469296, 0.0338542275131, 0.0138256615028, 0.0269775241613, 0.015487964265, 0.00955020543188, 0.0131215266883, 0.021931162104, 0.0182168520987, 0.0277636479586, 0.028248121962, 0.0163626484573, 0.00668897340074, 0.0183963961899, 0.0175762884319, 0.0129842376336, 0.00187702768017, 0.000165930439834], "dvar2": [7.29842781766e-07, 0.000614673655946, 6.8674031354e-05, 2.9005597753e-05, 5.17309717907e-06, 4.27137019869e-05, 0.000169789971551, 7.48333013689e-06, 1.35752884489e-06, 8.7822563728e-06, 3.06683796225e-06, 5.81756751217e-07, 2.36791424868e-06, 3.43453763207e-07, 2.10358095387e-07, 2.70357787713e-07, 5.09891322054e-07, 8.15907071683e-07, 1.67936082107e-06, 1.26672671286e-06, 5.68161567571e-07, 2.5505761414e-07, 8.93096910204e-07, 9.30734188387e-07, 1.53424977611e-07, 1.40752014488e-08, 1.22047330575e-10], "median": [0.000128793719341, 0.014762185514, 0.00373182212934, 0.00193507282529, 0.00171379966196, 0.000893702323083, 0.000445632729679, 0.000177416470251, 0.000208516634302, 0.000274221441941, 9.13986004889e-05, 2.83355311694e-05, 4.87005454488e-05, 1.13014557428e-05, 3.16372097586e-05, 1.99333844648e-05, 3.67416650988e-05, 3.86270148738e-05, 2.22622456931e-05, 3.19918544847e-05, 2.59269127127e-05, 1.13561864055e-05, 4.11749397244e-06, 3.93890695705e-06, 5.13831128046e-06, 3.62336209037e-06, 5.68465168271e-07], "dmean2": [0.000457935791928, 0.0135351717472, 0.00529340095818, 0.00353744998574, 0.00177993939724, 0.00256357644685, 0.00399984745309, 0.0010828692466, 0.00053204264259, 0.00113345647696, 0.000511759717483, 0.000204517520615, 0.0003608619445, 0.000137417606311, 0.000114747293992, 0.000105287217593, 0.000149855215568, 0.000224943229114, 0.000251625664532, 0.000270637596259, 0.000207046366995, 0.000159365037689, 0.000183923533768, 0.000168136655702, 7.86175078247e-05, 3.79630619136e-05, 4.82110999656e-06], "dmean": [0.000293531338684, 0.00840033218265, 0.00323328585364, 0.00235194060951, 0.00114505493548, 0.00172418216243, 0.00271801021881, 0.000746835430618, 0.000392345478758, 0.000748283579014, 0.000356981559889, 0.000136052738526, 0.000256578437984, 9.16326025617e-05, 7.73587817093e-05, 7.7434204286e-05, 0.000101031117083, 0.000141800381243, 0.000155702291522, 0.000171338964719, 0.00013011948613, 0.000102730948129, 0.000112021232781, 0.000100021628896, 4.8700512707e-05, 2.26316260523e-05, 2.97539759231e-06], "var": [3.75490770921e-07, 0.000397272320697, 6.14278251305e-05, 2.48270807788e-05, 5.73753277422e-06, 3.11799012707e-05, 0.000115809314593, 8.30145472719e-06, 2.70715077022e-06, 5.27598831468e-06, 2.4301882604e-06, 4.5637347057e-07, 1.75121556367e-06, 2.40067805635e-07, 1.29193651333e-07, 2.72914803645e-07, 4.73526966971e-07, 4.08812610431e-07, 6.24484357559e-07, 5.65885272863e-07, 2.30017306535e-07, 1.41977764656e-07, 2.76880200545e-07, 2.71607603963e-07, 5.50855396853e-08, 4.33549418588e-09, 4.09405009894e-11], "dvar": [3.25585602923e-07, 0.000239357308601, 2.77326471405e-05, 1.36412954816e-05, 2.29029342336e-06, 1.93628511624e-05, 8.02433132776e-05, 3.84749728255e-06, 8.02473266504e-07, 3.76014008907e-06, 1.47413447849e-06, 2.82063865598e-07, 1.13182943551e-06, 1.59515778364e-07, 9.5319919069e-08, 1.43674100173e-07, 2.46367591217e-07, 3.35754720027e-07, 6.64772471737e-07, 5.49874187072e-07, 2.25296432177e-07, 1.08212539374e-07, 3.41393501913e-07, 3.50073747768e-07, 6.1061861345e-08, 5.3251030252e-09, 4.85689613527e-11], "mean": [0.000365287211025, 0.0185831598938, 0.00663634249941, 0.00364467082545, 0.00241621769965, 0.00256897322834, 0.00337876216508, 0.00108126283158, 0.00078963546548, 0.0010063610971, 0.000485973927425, 0.000175326873432, 0.000343566673109, 0.000107381936687, 0.000103658021544, 0.000114956113975, 0.000147526734509, 0.000170655781403, 0.00016092005535, 0.000179133130587, 0.000137406575959, 0.000116753326438, 0.000101825869933, 8.67427515914e-05, 4.47507045465e-05, 1.99242076633e-05, 2.63150081992e-06]}, "melbands_flatness_db": {"min": 0.00353334820829, "max": 0.831627190113, "dvar2": 0.00319406017661, "median": 0.295437514782, "dmean2": 0.0552026443183, "dmean": 0.0386475734413, "var": 0.0147608201951, "dvar": 0.0014265703503, "mean": 0.313587158918}, "melbands_skewness": {"min": -1.57591795921, "max": 25.3279247284, "dvar2": 2.76197886467, "median": 3.10831284523, "dmean2": 1.53902101517, "dmean": 1.01162028313, "var": 4.23769664764, "dvar": 1.15783774853, "mean": 3.39091229439}, "barkbands_skewness": {"min": -6.94078588486, "max": 20.4653129578, "dvar2": 2.3426668644, "median": 2.41403460503, "dmean2": 1.3049300909, "dmean": 0.861965060234, "var": 4.19172048569, "dvar": 0.978296101093, "mean": 2.76342988014}, "silence_rate_60dB": {"min": 0, "max": 1, "dvar2": 0.0297170653939, "median": 0, "dmean2": 0.0234118495136, "dmean": 0.0117042530328, "var": 0.0418940857053, "dvar": 0.011567604728, "mean": 0.04381332919}, "spectral_energyband_low": {"min": 1.40852187478e-23, "max": 0.212369576097, "dvar2": 0.000873370503541, "median": 0.0247154049575, "dmean2": 0.0175971798599, "dmean": 0.0111407535151, "var": 0.000675972027238, "dvar": 0.000355572963599, "mean": 0.0271544642746}, "spectral_energyband_middle_low": {"min": 1.4594463172e-22, "max": 0.217509150505, "dvar2": 0.000270565564279, "median": 0.00958908908069, "dmean2": 0.00990342721343, "dmean": 0.00707141822204, "var": 0.000242770867771, "dvar": 0.000131156513817, "mean": 0.0142095945776}, "melbands_kurtosis": {"min": -1.80903053284, "max": 1129.97949219, "dvar2": 1412.45007324, "median": 15.9089622498, "dmean2": 23.2511062622, "dmean": 14.6940917969, "var": 2976.30541992, "dvar": 576.705932617, "mean": 28.2411880493}, "spectral_decrease": {"min": -7.13870136337e-08, "max": 8.01811499327e-16, "dvar2": 8.31737385111e-17, "median": -1.05863424693e-08, "dmean2": 6.16401685249e-09, "dmean": 4.19553547459e-09, "var": 7.64932690655e-17, "dvar": 3.66460400475e-17, "mean": -1.10228475236e-08}, "erbbands_kurtosis": {"min": -1.93044114113, "max": 256.866668701, "dvar2": 43.8127441406, "median": 0.858634471893, "dmean2": 3.09767889977, "dmean": 1.9831776619, "var": 450.839996338, "dvar": 17.9539451599, "mean": 4.77126789093}, "melbands_crest": {"min": 1.66263449192, "max": 33.0254440308, "dvar2": 20.2122364044, "median": 16.705039978, "dmean2": 4.63980197906, "dmean": 2.91745591164, "var": 26.1911296844, "dvar": 8.01070213318, "mean": 16.6493816376}, "melbands_spread": {"min": 0.267650604248, "max": 275.705444336, "dvar2": 135.316757202, "median": 7.61247348785, "dmean2": 6.9211730957, "dmean": 4.53673028946, "var": 311.677642822, "dvar": 58.444934845, "mean": 11.5521554947}, "spectral_energy": {"min": 9.8511814894e-21, "max": 0.274776130915, "dvar2": 0.00124935607892, "median": 0.0410315580666, "dmean2": 0.0240349844098, "dmean": 0.0164110809565, "var": 0.00115697400179, "dvar": 0.000554391706828, "mean": 0.0429698303342}, "mfcc": {"mean": [-701.995727539, 150.593688965, 25.9302654266, 40.0177383423, 1.5152078867, 6.15922784805, 8.60200691223, 6.98980760574, 8.26747131348, -0.536224246025, -0.296686738729, 2.6447994709, -1.14837384224], "icov": [[0.000113096219138, -1.57692065841e-05, 3.90105597035e-05, -5.64941728953e-05, 0.000282130698906, 4.66580204375e-05, 6.8873683631e-05, -0.000117021139886, 4.67705212941e-05, -0.000136228030897, 5.22476693732e-05, -0.000170483122929, 6.44145329716e-05], [-1.57692065841e-05, 0.000779146270361, 0.000279111496639, -0.000694717746228, 4.53398133686e-05, 0.000286012189463, -0.000470618222607, 0.00027101719752, -0.000541864079423, 0.000333042524289, -0.000221933718421, -2.17648739635e-05, -0.000288891693344], [3.90105597035e-05, 0.000279111496639, 0.00313878618181, -0.000640233280137, -0.000931519898586, -0.000380146637326, -3.84005725209e-05, -0.00103996670805, -0.000373529095668, -0.000951767317019, -0.000395233073505, -0.000212214727071, -0.000390684755985], [-5.64941728953e-05, -0.000694717746228, -0.000640233280137, 0.00590741075575, -0.0011662094621, -0.00181448715739, 0.000412559485994, -9.08451766009e-05, -0.00094718078617, 0.000607499561738, -0.000379769830033, 0.000196014530957, 0.00022280162375], [0.000282130698906, 4.53398133686e-05, -0.000931519898586, -0.0011662094621, 0.00608641654253, -0.00110648723785, -0.00121381308418, -0.000966521969531, -0.000162357508088, -0.000339995225659, 0.000360003759852, -0.000824518909212, 0.00141359958798], [4.66580204375e-05, 0.000286012189463, -0.000380146637326, -0.00181448715739, -0.00110648723785, 0.00878517888486, -0.00164052064065, -0.00073693000013, 0.000341412436683, -0.00137609918602, -0.00119432935026, 0.000591527554207, -0.000976819777861], [6.8873683631e-05, -0.000470618222607, -3.84005725209e-05, 0.000412559485994, -0.00121381308418, -0.00164052064065, 0.00859066843987, -0.000570207717828, -0.000853352539707, -0.000430226558819, 0.000196794484509, -0.000266068644123, 0.000644208921585], [-0.000117021139886, 0.00027101719752, -0.00103996670805, -9.08451766009e-05, -0.000966521969531, -0.00073693000013, -0.000570207717828, 0.00889720208943, -0.00242361263372, -5.96402333031e-06, 0.000183392956387, 0.0010604650015, -9.59594035521e-05], [4.67705212941e-05, -0.000541864079423, -0.000373529095668, -0.00094718078617, -0.000162357508088, 0.000341412436683, -0.000853352539707, -0.00242361263372, 0.0100713511929, -0.000946036132518, 0.00184235640336, 0.000488507153932, 0.000196203545784], [-0.000136228030897, 0.000333042524289, -0.000951767317019, 0.000607499561738, -0.000339995225659, -0.00137609918602, -0.000430226558819, -5.96402333031e-06, -0.000946036132518, 0.00987684540451, -0.00261201779358, 0.00118569098413, 1.24559674077e-05], [5.22476693732e-05, -0.000221933718421, -0.000395233073505, -0.000379769830033, 0.000360003759852, -0.00119432935026, 0.000196794484509, 0.000183392956387, 0.00184235640336, -0.00261201779358, 0.0109047051519, -0.00358491996303, 0.00105231325142], [-0.000170483122929, -2.17648739635e-05, -0.000212214727071, 0.000196014530957, -0.000824518909212, 0.000591527554207, -0.000266068644123, 0.0010604650015, 0.000488507153932, 0.00118569098413, -0.00358491996303, 0.0102112460881, -0.00209108018316], [6.44145329716e-05, -0.000288891693344, -0.000390684755985, 0.00022280162375, 0.00141359958798, -0.000976819777861, 0.000644208921585, -9.59594035521e-05, 0.000196203545784, 1.24559674077e-05, 0.00105231325142, -0.00209108018316, 0.00944776274264]], "cov": [[11185.3095703, 207.257125854, -457.52633667, -151.600769043, -719.39642334, -258.064788818, -239.660415649, -79.9710540771, -121.571350098, 10.8982200623, -1.09205198288, 153.469741821, 47.8169822693], [207.257125854, 1683.18786621, -135.704330444, 190.281066895, -9.15012550354, -24.6010799408, 75.704574585, -37.6243515015, 91.7642593384, -72.1872253418, 1.89618802071, 19.0552005768, 35.4332733154], [-457.52633667, -135.704330444, 479.907318115, 94.5388946533, 161.573425293, 98.5752639771, 50.1433906555, 97.1845932007, 49.639415741, 73.7299575806, 32.1756782532, -1.87416899204, -4.9563164711], [-151.600769043, 190.281066895, 94.5388946533, 247.795013428, 95.884437561, 72.5939407349, 35.3640785217, 37.637966156, 47.6246261597, 9.02667617798, 13.5354070663, -4.46784448624, -7.44960737228], [-719.39642334, -9.15012550354, 161.573425293, 95.884437561, 290.964294434, 88.4595489502, 71.8031921387, 66.1218338013, 43.3924331665, 33.6690483093, 12.2132225037, -5.61861991882, -33.1174926758], [-258.064788818, -24.6010799408, 98.5752639771, 72.5939407349, 88.4595489502, 168.282272339, 48.2971916199, 41.8971176147, 19.7548313141, 40.1771202087, 25.0061359406, -6.22711992264, 0.0406211912632], [-239.660415649, 75.704574585, 50.1433906555, 35.3640785217, 71.8031921387, 48.2971916199, 147.047348022, 30.7717113495, 31.067861557, 17.0170059204, 4.05648708344, -4.41241502762, -12.3715600967], [-79.9710540771, -37.6243515015, 97.1845932007, 37.637966156, 66.1218338013, 41.8971176147, 30.7717113495, 152.624450684, 48.6976394653, 22.5878314972, -5.07250976562, -20.7604084015, -8.65460586548], [-121.571350098, 91.7642593384, 49.639415741, 47.6246261597, 43.3924331665, 19.7548313141, 31.067861557, 48.6976394653, 131.353622437, 12.4214544296, -19.7794876099, -19.5830631256, -6.38486671448], [10.8982200623, -72.1872253418, 73.7299575806, 9.02667617798, 33.6690483093, 40.1771202087, 17.0170059204, 22.5878314972, 12.4214544296, 128.086502075, 31.3287410736, -5.92089319229, -6.48696517944], [-1.09205198288, 1.89618802071, 32.1756782532, 13.5354070663, 12.2132225037, 25.0061359406, 4.05648708344, -5.07250976562, -19.7794876099, 31.3287410736, 119.784843445, 39.362903595, -2.75353431702], [153.469741821, 19.0552005768, -1.87416899204, -4.46784448624, -5.61861991882, -6.22711992264, -4.41241502762, -20.7604084015, -19.5830631256, -5.92089319229, 39.362903595, 122.690193176, 23.0362949371], [47.8169822693, 35.4332733154, -4.9563164711, -7.44960737228, -33.1174926758, 0.0406211912632, -12.3715600967, -8.65460586548, -6.38486671448, -6.48696517944, -2.75353431702, 23.0362949371, 117.834823608]]}, "spectral_contrast_valleys": {"min": [-27.9887657166, -28.2121238708, -27.8410930634, -27.7999172211, -27.5077533722, -27.4211578369], "max": [-5.03934574127, -4.95374631882, -5.91813707352, -6.67718076706, -6.46251630783, -8.27384090424], "dvar2": [0.310493856668, 0.411972403526, 0.361532390118, 0.307523012161, 0.315954297781, 0.573106884956], "median": [-6.49768638611, -7.04949998856, -7.96922874451, -8.82933616638, -8.59062862396, -11.3250293732], "dmean2": [0.620069980621, 0.745035886765, 0.682788252831, 0.616413295269, 0.612558782101, 0.771268665791], "dmean": [0.395520508289, 0.473808050156, 0.453021615744, 0.418676704168, 0.439308047295, 0.572012066841], "var": [6.32402849197, 6.36425685883, 5.90023374557, 5.47126054764, 5.66620540619, 4.3057923317], "dvar": [0.150315463543, 0.176744297147, 0.157922327518, 0.143371209502, 0.155381917953, 0.280763238668], "mean": [-6.95364809036, -7.43878936768, -8.35674190521, -9.19062423706, -8.96105861664, -11.53236866]}, "barkbands_flatness_db": {"min": 0.0378281101584, "max": 0.660827040672, "dvar2": 0.00205252855085, "median": 0.192170798779, "dmean2": 0.046249140054, "dmean": 0.0324361473322, "var": 0.0096960188821, "dvar": 0.00094320892822, "mean": 0.210419863462}, "dynamic_complexity": 3.14710783958, "spectral_skewness": {"min": -0.0869000926614, "max": 9.63439083099, "dvar2": 0.269486278296, "median": 1.99078333378, "dmean2": 0.554408848286, "dmean": 0.357141077518, "var": 1.27840006351, "dvar": 0.120048634708, "mean": 2.18813443184}, "erbbands_flatness_db": {"min": 0.0456278994679, "max": 0.421744406223, "dvar2": 0.0012301504612, "median": 0.160198703408, "dmean2": 0.0356989018619, "dmean": 0.0249651968479, "var": 0.00312951835804, "dvar": 0.0005