{"lowlevel": {"spectral_complexity": {"min": 0, "max": 54, "dvar2": 13.1624135971, "median": 4, "dmean2": 2.96039867401, "dmean": 2.04067349434, "var": 50.7515449524, "dvar": 7.17679166794, "mean": 6.46364116669}, "silence_rate_20dB": {"min": 1, "max": 1, "dvar2": 0, "median": 1, "dmean2": 0, "dmean": 0, "var": 0, "dvar": 0, "mean": 1}, "average_loudness": 0.173409193754, "erbbands_spread": {"min": 0.966391563416, "max": 137.92086792, "dvar2": 219.06678772, "median": 30.9041843414, "dmean2": 14.6725711823, "dmean": 9.63227081299, "var": 381.327697754, "dvar": 102.000747681, "mean": 34.4866065979}, "spectral_kurtosis": {"min": -1.20908081532, "max": 37.1341209412, "dvar2": 18.4532241821, "median": 3.63568592072, "dmean2": 3.47163629532, "dmean": 2.06897878647, "var": 15.0431222916, "dvar": 6.42291498184, "mean": 4.60791254044}, "barkbands_kurtosis": {"min": -1.92224407196, "max": 346.352325439, "dvar2": 227.635726929, "median": 1.44869565964, "dmean2": 7.1298084259, "dmean": 4.56451749802, "var": 179.439712524, "dvar": 108.531547546, "mean": 5.1717634201}, "spectral_strongpeak": {"min": 0, "max": 25.6956310272, "dvar2": 2.84333848953, "median": 0.342583537102, "dmean2": 0.888497114182, "dmean": 0.583043336868, "var": 2.86171841621, "dvar": 1.29632139206, "mean": 0.980111777782}, "spectral_spread": {"min": 1085779.125, "max": 40956012, "dvar2": 743681687552, "median": 3719471.75, "dmean2": 692294.6875, "dmean": 491179.21875, "var": 2213069193220.0, "dvar": 481336295424, "mean": 3934069.25}, "spectral_rms": {"min": 8.49977197959e-07, "max": 0.0104747144505, "dvar2": 1.01211776382e-06, "median": 0.00147050921805, "dmean2": 0.000770722224843, "dmean": 0.000572475139052, "var": 3.74569754058e-06, "dvar": 5.98203598656e-07, "mean": 0.00209227018058}, "erbbands": {"min": [2.67422017863e-09, 6.24386897741e-09, 1.47804533057e-08, 7.37834611186e-08, 1.90694322555e-07, 2.9543437563e-07, 1.86108920275e-07, 1.19195583181e-07, 1.04948149726e-07, 9.46947338321e-08, 1.00959496763e-07, 1.98507308369e-07, 1.51161970052e-07, 2.24884772138e-07, 1.27609496303e-07, 2.35124474557e-07, 1.27983355469e-07, 9.01402614772e-08, 9.10234234652e-08, 1.6669184788e-07, 1.99572241399e-07, 1.23165065702e-07, 1.38084047308e-07, 3.63494223166e-07, 4.50105346772e-07, 4.61533204543e-07, 5.68970904169e-07, 4.7517048074e-07, 9.31119018333e-07, 4.91053015139e-07, 8.1948718389e-07, 8.7560783868e-07, 4.61378419914e-07, 5.66582798456e-07, 3.39400628491e-07, 2.03057084036e-07, 7.55603579705e-08, 4.01527842087e-08, 6.01495431241e-09, 8.34469826572e-10], "max": [0.0256260056049, 0.522256731987, 13.7702045441, 58.0469779968, 72.1099319458, 145.040298462, 443.464874268, 646.615966797, 231.652160645, 1251.29626465, 2640.0246582, 2449.64770508, 2698.4050293, 1845.75439453, 1231.05395508, 2825.22045898, 1832.1151123, 2121.4128418, 2481.27880859, 3455.36914062, 930.962585449, 2436.66992188, 1614.91113281, 3638.57543945, 1219.13366699, 1351.09216309, 269.278900146, 123.014205933, 51.28855896, 55.1053962708, 36.6378479004, 152.758346558, 74.9205932617, 10.8594722748, 4.20899915695, 0.61245983839, 0.0890245512128, 0.00497467070818, 0.000353969517164, 0.000169788487256], "dvar2": [9.26176596749e-07, 0.000556473387405, 0.450589954853, 8.12981891632, 8.27653121948, 73.3938598633, 525.57800293, 935.380249023, 203.261520386, 5723.60058594, 17788.2128906, 19843.4550781, 10618.3095703, 2438.92358398, 2626.37744141, 6889.61962891, 8917.52734375, 10678.8808594, 5294.58642578, 5987.44726562, 3040.09277344, 11666.53125, 3506.23193359, 9083.66308594, 3397.74975586, 1471.59326172, 129.193557739, 43.0792236328, 6.5983877182, 4.49037981033, 4.07050609589, 10.5766363144, 1.89974427223, 0.100403785706, 0.0134039735422, 0.000314993172651, 4.83027997689e-06, 2.63786006371e-08, 1.16563592112e-10, 1.77296163861e-10], "median": [0.000297571707051, 0.00110409734771, 0.00214973883703, 0.0111602442339, 0.0796035677195, 0.413637399673, 0.663331031799, 0.439622849226, 0.570454537868, 1.09203100204, 1.93158316612, 1.55141317844, 0.779662489891, 0.526800990105, 0.480544447899, 0.47068798542, 0.667441964149, 0.857306718826, 0.755142688751, 0.580274939537, 0.826119840145, 1.15570616722, 0.652490735054, 0.738399982452, 0.821924090385, 0.734969258308, 0.555931210518, 0.391874134541, 0.195700854063, 0.121863156557, 0.101686909795, 0.076924584806, 0.0203926973045, 0.0059005189687, 0.00194669747725, 0.000438921502791, 9.28403169382e-05, 2.88048831862e-05, 6.28286034043e-06, 3.43333204e-06], "dmean2": [0.00057600135915, 0.00443606544286, 0.0690464749932, 0.293162375689, 0.577559888363, 2.95807480812, 7.96786785126, 8.18866348267, 4.55465602875, 18.3252906799, 40.5170326233, 38.0478057861, 22.0181407928, 10.6632165909, 11.7243747711, 13.4167690277, 19.2115535736, 20.5040664673, 16.7790908813, 14.6975231171, 15.7774515152, 26.9020786285, 14.0691289902, 22.0492267609, 12.5924272537, 6.37271976471, 3.06685400009, 2.22636198997, 0.861690104008, 0.627380311489, 0.629902660847, 0.649595320225, 0.235859289765, 0.0680146887898, 0.0225632935762, 0.00379510154016, 0.000434882938862, 3.73577786377e-05, 5.05675643581e-06, 7.10034510121e-06], "dmean": [0.000345429289155, 0.00256924377754, 0.0387754924595, 0.162076950073, 0.347261279821, 1.86037731171, 5.25370550156, 5.33795261383, 2.89606952667, 11.8133897781, 26.0660915375, 24.8052997589, 14.6139345169, 7.28914403915, 7.75409030914, 8.95028686523, 11.9612751007, 12.8529949188, 10.8599843979, 9.77897834778, 10.5811538696, 17.6343574524, 10.5607671738, 15.7884197235, 8.53244304657, 4.31688070297, 2.03743863106, 1.48774063587, 0.578860521317, 0.416237354279, 0.428596615791, 0.453561216593, 0.159000962973, 0.0466560013592, 0.0150332618505, 0.00257483217865, 0.000297074468108, 2.50681423495e-05, 3.56916234523e-06, 5.03105593452e-06], "var": [8.3666776618e-07, 0.000671470246743, 0.31485375762, 3.12267494202, 5.34758377075, 44.2142906189, 507.793792725, 869.810913086, 141.094497681, 3634.94824219, 15866.7021484, 20451.609375, 11794.7324219, 2238.71386719, 1886.9128418, 3617.13647461, 4031.23242188, 3942.97436523, 4386.17822266, 5218.18603516, 2594.66577148, 11180.2480469, 6449.58691406, 12088.7695312, 3624.42016602, 1016.42492676, 86.5621643066, 38.488445282, 5.53232955933, 3.37386441231, 3.97257900238, 9.51335048676, 2.03814935684, 0.113879546523, 0.016114121303, 0.000353185518179, 5.3422450037e-06, 2.82198673318e-08, 1.83167342405e-10, 3.16976417336e-10], "dvar": [3.58020599833e-07, 0.000192124061869, 0.14550511539, 2.5942928791, 2.90472388268, 29.858341217, 251.467590332, 456.634002686, 86.1630325317, 2451.62915039, 8503.79882812, 9584.35742188, 5501.41503906, 1244.89941406, 1225.77160645, 3020.39599609, 3603.22363281, 4147.10302734, 2675.54125977, 3022.48071289, 1438.44335938, 5143.15820312, 2115.43334961, 5174.45703125, 1699.40759277, 661.724975586, 57.2976531982, 19.7441921234, 2.81550574303, 2.02502918243, 2.01521945, 5.57062959671, 1.12471568584, 0.0548734143376, 0.00667828321457, 0.000154594934429, 2.41485167862e-06, 1.25374572946e-08, 5.70055044835e-11, 9.21994078307e-11], "mean": [0.000475545384688, 0.00426388159394, 0.0635716319084, 0.201391473413, 0.496825993061, 2.39664053917, 7.17446517944, 7.31728792191, 3.80926966667, 13.948348999, 33.6419372559, 34.8974380493, 19.7299613953, 9.74628067017, 9.80203151703, 10.5953302383, 13.6294755936, 14.1518115997, 12.895070076, 11.9140024185, 14.1353282928, 25.8258724213, 18.3278465271, 24.8191738129, 12.4685659409, 6.16973686218, 2.96716403961, 2.30741810799, 0.933953046799, 0.62643045187, 0.626288354397, 0.61149084568, 0.21102796495, 0.0602301694453, 0.0205357782543, 0.00364739261568, 0.00046547249076, 5.67889583181e-05, 1.1097571587e-05, 1.10234032036e-05]}, "zerocrossingrate": {"min": 0, "max": 0.4296875, "dvar2": 0.000301442312775, "median": 0.0625, "dmean2": 0.0149449314922, "dmean": 0.012945799157, "var": 0.00168810400646, "dvar": 0.000258778803982, "mean": 0.070955298841}, "spectral_contrast_coeffs": {"min": [-0.968120455742, -0.9580950737, -0.963628649712, -0.960159659386, -0.957447171211, -0.961642980576], "max": [-0.284371227026, -0.269708901644, -0.357580691576, -0.461723953485, -0.430817037821, -0.528537631035], "dvar2": [0.00563230970874, 0.00533669255674, 0.00328862643801, 0.00217025564052, 0.001303617144, 0.000666971085593], "median": [-0.628742277622, -0.727375030518, -0.800042927265, -0.809895038605, -0.809854567051, -0.760708510876], "dmean2": [0.0938546955585, 0.0910436958075, 0.0690744668245, 0.0545827448368, 0.0407636500895, 0.0301114432514], "dmean": [0.0585559941828, 0.0589918345213, 0.0446555800736, 0.0363089181483, 0.0284014828503, 0.0209693275392], "var": [0.0124367177486, 0.0172546468675, 0.0108232935891, 0.0068997554481, 0.00646413769573, 0.00321317836642], "dvar": [0.00225281785242, 0.00256655807607, 0.0016419577878, 0.00112384476233, 0.000767221616115, 0.000377649324946], "mean": [-0.629845738411, -0.702981770039, -0.772980630398, -0.790446817875, -0.789819300175, -0.755423903465]}, "dissonance": {"min": 0.195878848433, "max": 0.500000059605, "dvar2": 0.00195422046818, "median": 0.471223860979, "dmean2": 0.0405873507261, "dmean": 0.0245638042688, "var": 0.00187864608597, "dvar": 0.000758848735131, "mean": 0.456307530403}, "spectral_energyband_high": {"min": 2.45122339093e-10, "max": 0.0122019732371, "dvar2": 2.96385621823e-07, "median": 4.27858431067e-05, "dmean2": 0.000168970145751, "dmean": 0.000117063507787, "var": 2.60204757296e-07, "dvar": 1.36281357754e-07, "mean": 0.0001958450448}, "gfcc": {"mean": [-154.748977661, 77.9926605225, -149.60848999, 24.175037384, -79.2065582275, -11.218126297, -39.8175697327, -1.1249448061, -15.9945850372, -2.80759382248, -7.0979590416, -6.26579809189, -4.00555753708], "icov": [[0.000961548881605, -0.00118802988436, 0.00203883601353, -0.0010853339918, 0.00192515261006, -0.0011401141528, 0.00173694663681, -0.00102029391564, 0.000830401841085, -0.00026627004263, 0.000258625950664, 2.31928224821e-05, -0.000323883956298], [-0.00118802988436, 0.00443580420688, -0.00326012307778, 0.00330954859965, -0.00369682838209, 0.0036175167188, -0.0034778767731, 0.00410217372701, -0.00166820071172, 0.00207761186175, -0.00101812067442, 0.00133437965997, 0.000866184476763], [0.00203883601353, -0.00326012307778, 0.00559767195955, -0.00341290375218, 0.00438479054719, -0.00320038851351, 0.00392271671444, -0.00298787234351, 0.00264300242998, -0.00222934503108, 0.00208831462078, -0.00160215527285, 0.000272777397186], [-0.0010853339918, 0.00330954859965, -0.00341290375218, 0.00550482235849, -0.00357647310011, 0.00283224182203, -0.00131288112607, 0.00199647364207, -0.000545016839169, 0.0012163874926, -0.000550646684133, 0.000899477279745, 0.000682119047269], [0.00192515261006, -0.00369682838209, 0.00438479054719, -0.00357647310011, 0.0066673560068, -0.00296460464597, 0.00422993162647, -0.00360317854211, 0.00202866713516, -0.00178282684647, 0.000835391925648, -0.0006647760747, 0.000164209544891], [-0.0011401141528, 0.0036175167188, -0.00320038851351, 0.00283224182203, -0.00296460464597, 0.00697875861079, -0.00433054519817, 0.00309734302573, 0.000130369953695, -0.000200147653231, -3.40207225236e-05, 0.00102360360324, 0.000847391260322], [0.00173694663681, -0.0034778767731, 0.00392271671444, -0.00131288112607, 0.00422993162647, -0.00433054519817, 0.00806451775134, -0.00505800778046, 0.00322674540803, -0.00153385277372, 0.000871701166034, -0.00114798708819, -0.000173437787453], [-0.00102029391564, 0.00410217372701, -0.00298787234351, 0.00199647364207, -0.00360317854211, 0.00309734302573, -0.00505800778046, 0.010874113068, -0.00434365076944, 0.00503631774336, -0.0031873260159, 0.00243567698635, 0.00208242237568], [0.000830401841085, -0.00166820071172, 0.00264300242998, -0.000545016839169, 0.00202866713516, 0.000130369953695, 0.00322674540803, -0.00434365076944, 0.0101065989584, -0.00539310555905, 0.00254062958993, -0.000485431984998, -0.000976576469839], [-0.00026627004263, 0.00207761186175, -0.00222934503108, 0.0012163874926, -0.00178282684647, -0.000200147653231, -0.00153385277372, 0.00503631774336, -0.00539310555905, 0.0107447840273, -0.0030813717749, 0.00340772583149, -0.00124173192307], [0.000258625950664, -0.00101812067442, 0.00208831462078, -0.000550646684133, 0.000835391925648, -3.40207225236e-05, 0.000871701166034, -0.0031873260159, 0.00254062958993, -0.0030813717749, 0.0138735119253, -0.00598090095446, 0.00374898011796], [2.31928224821e-05, 0.00133437965997, -0.00160215527285, 0.000899477279745, -0.0006647760747, 0.00102360360324, -0.00114798708819, 0.00243567698635, -0.000485431984998, 0.00340772583149, -0.00598090095446, 0.013409034349, -0.00648188078776], [-0.000323883956298, 0.000866184476763, 0.000272777397186, 0.000682119047269, 0.000164209544891, 0.000847391260322, -0.000173437787453, 0.00208242237568, -0.000976576469839, -0.00124173192307, 0.00374898011796, -0.00648188078776, 0.0118852527812]], "cov": [[9510.2265625, 142.031982422, -3371.35375977, -678.671081543, -1008.25097656, -456.319793701, -389.214569092, -83.4950485229, 144.199279785, -428.465118408, 132.351043701, -109.785476685, 286.013763428], [142.031982422, 938.506774902, -68.1118621826, -299.140289307, 134.479263306, -203.723754883, 88.1242675781, -114.387542725, 1.54618346691, -65.8252029419, 6.61456155777, -29.0771389008, -36.494884491], [-3371.35375977, -68.1118621826, 1796.47851562, 438.921325684, 177.791397095, 236.356750488, -1.6586625576, -47.260093689, -116.079353333, 192.942565918, -104.281730652, 52.7631721497, -92.0924377441], [-678.671081543, -299.140289307, 438.921325684, 575.142272949, 188.364822388, -23.7466030121, -182.087051392, 22.2579593658, -23.9993190765, 38.9683036804, -25.8242111206, -5.22833156586, -39.8483047485], [-1008.25097656, 134.479263306, 177.791397095, 188.364822388, 553.351257324, -40.9623184204, -67.795425415, 44.0682563782, 3.72515106201, 28.808423996, 4.74806165695, -30.1228199005, -80.2127685547], [-456.319793701, -203.723754883, 236.356750488, -23.7466030121, -40.9623184204, 379.330078125, 155.995864868, -4.07216405869, -72.1231155396, 60.9845809937, -19.153011322, -2.26165747643, -19.8858947754], [-389.214569092, 88.1242675781, -1.6586625576, -182.087051392, -67.795425415, 155.995864868, 411.132324219, 87.6568527222, -72.0562515259, -32.53515625, 24.5659103394, 5.00190114975, -40.425567627], [-83.4950485229, -114.387542725, -47.260093689, 22.2579593658, 44.0682563782, -4.07216405869, 87.6568527222, 229.66053772, 13.9457597733, -62.0970993042, 35.4317398071, -26.3101348877, -64.2768783569], [144.199279785, 1.54618346691, -116.079353333, -23.9993190765, 3.72515106201, -72.1231155396, -72.0562515259, 13.9457597733, 183.155990601, 61.1972427368, -13.4030790329, -18.4629383087, 25.0558433533], [-428.465118408, -65.8252029419, 192.942565918, 38.9683036804, 28.808423996, 60.9845809937, -32.53515625, -62.0970993042, 61.1972427368, 193.350067139, -16.5046024323, -14.1023130417, 14.8597764969], [132.351043701, 6.61456155777, -104.281730652, -25.8242111206, 4.74806165695, -19.153011322, 24.5659103394, 35.4317398071, -13.4030790329, -16.5046024323, 107.019554138, 28.1028232574, -18.8059444427], [-109.785476685, -29.0771389008, 52.7631721497, -5.22833156586, -30.1228199005, -2.26165747643, 5.00190114975, -26.3101348877, -18.4629383087, -14.1023130417, 28.1028232574, 135.260971069, 65.389289856], [286.013763428, -36.494884491, -92.0924377441, -39.8483047485, -80.2127685547, -19.8858947754, -40.425567627, -64.2768783569, 25.0558433533, 14.8597764969, -18.8059444427, 65.389289856, 157.39515686]]}, "spectral_flux": {"min": 4.59024195152e-05, "max": 0.329824358225, "dvar2": 0.00127897632774, "median": 0.0335025787354, "dmean2": 0.0265950337052, "dmean": 0.0171407498419, "var": 0.00206250767224, "dvar": 0.000559363106731, "mean": 0.0475986488163}, "silence_rate_30dB": {"min": 0, "max": 1, "dvar2": 0.00242163380608, "median": 1, "dmean2": 0.00161637936253, "dmean": 0.00080808083294, "var": 0.000403851998271, "dvar": 0.000807347299997, "mean": 0.999595999718}, "spectral_energyband_middle_high": {"min": 4.31785267263e-11, "max": 0.101203799248, "dvar2": 3.44554828189e-05, "median": 0.000377586577088, "dmean2": 0.00241883099079, "dmean": 0.00173651264049, "var": 4.92667422805e-05, "dvar": 1.85136304935e-05, "mean": 0.00303367478773}, "barkbands_spread": {"min": 0.31936943531, "max": 127.648117065, "dvar2": 117.108055115, "median": 17.3880386353, "dmean2": 10.1134157181, "dmean": 6.54178714752, "var": 204.360900879, "dvar": 56.4675979614, "mean": 20.199131012}, "spectral_centroid": {"min": 256.383789062, "max": 11006.3164062, "dvar2": 280330.1875, "median": 1423.07226562, "dmean2": 512.450134277, "dmean": 338.006378174, "var": 678165, "dvar": 136907.8125, "mean": 1585.67358398}, "pitch_salience": {"min": 0.0453978441656, "max": 0.872460901737, "dvar2": 0.0154601279646, "median": 0.600304961205, "dmean2": 0.147521555424, "dmean": 0.0912319123745, "var": 0.0211541615427, "dvar": 0.00623407587409, "mean": 0.575257241726}, "erbbands_skewness": {"min": -5.34921503067, "max": 11.5036125183, "dvar2": 0.755206823349, "median": 0.358643203974, "dmean2": 0.930975437164, "dmean": 0.620140969753, "var": 1.91031968594, "dvar": 0.354192316532, "mean": 0.426539927721}, "erbbands_crest": {"min": 2.242821455, "max": 33.7569160461, "dvar2": 26.6797161102, "median": 10.3090496063, "dmean2": 5.99493122101, "dmean": 3.69259643555, "var": 32.2855644226, "dvar": 11.0960226059, "mean": 11.5202360153}, "melbands": {"min": [2.44363713292e-11, 7.70665042199e-12, 1.61531864273e-11, 1.86551468717e-11, 5.83119663666e-12, 2.82377615214e-12, 1.39224883792e-12, 1.13186662733e-12, 8.3883632462e-13, 1.19464377626e-12, 5.40139872933e-13, 9.93112818544e-13, 3.21735991798e-13, 3.13499958415e-13, 4.13909656332e-13, 2.96138005611e-13, 1.41504389044e-13, 1.18484174837e-13, 2.02714445707e-13, 2.89786044553e-13, 2.01291037332e-13, 1.14473711001e-13, 1.58326260088e-13, 8.26327667316e-14, 3.22661033092e-13, 3.66601280583e-13, 2.33571923738e-13, 3.58965000736e-13, 3.58247394423e-13, 2.79881180081e-13, 2.69534313488e-13, 6.23789052096e-13, 2.34190298447e-13, 2.79209516835e-13, 4.77334426326e-13, 3.57344335329e-13, 6.24914833422e-13, 2.54005204457e-13, 4.01825464178e-13, 5.15896570255e-13], "max": [0.000185433236766, 0.00507011730224, 0.00907479133457, 0.00724533898756, 0.0119976559654, 0.0129778459668, 0.00507031474262, 0.0162215717137, 0.0197666883469, 0.0182092506438, 0.0130156120285, 0.00721873622388, 0.00392680149525, 0.00319292512722, 0.00839793682098, 0.00352974887937, 0.00475055212155, 0.00455771759152, 0.00629061134532, 0.00336946314201, 0.00142360362224, 0.00234449352138, 0.00291681289673, 0.00181179854553, 0.00322554027662, 0.00127214659005, 0.00103604630567, 0.000817795633338, 0.000301343912724, 7.27880105842e-05, 7.21182950656e-05, 3.18900820275e-05, 2.53583202721e-05, 4.25530743087e-05, 2.49572440225e-05, 4.22808079747e-05, 0.000107688632852, 6.44018873572e-05, 1.7043632397e-05, 7.38099970476e-06], "dvar2": [1.22063081864e-10, 6.36674570842e-08, 2.15496783085e-07, 1.09220231082e-07, 4.6023362188e-07, 4.42038867732e-07, 8.30317006262e-08, 8.26808843613e-07, 1.2305989685e-06, 8.27107839996e-07, 2.75572830333e-07, 4.14473468879e-08, 3.90578165366e-08, 2.42384476934e-08, 5.9270870878e-08, 5.03813097907e-08, 4.55430324564e-08, 1.67947931118e-08, 1.9551332997e-08, 8.95901397513e-09, 6.08641093081e-09, 1.64736846386e-08, 8.32391577887e-09, 4.50525972084e-09, 8.17202838732e-09, 3.44416539733e-09, 1.35012712121e-09, 6.53627707514e-10, 1.10609320314e-10, 2.41098304515e-11, 1.47747925006e-11, 2.57386755138e-12, 1.75274801183e-12, 2.20646634644e-12, 1.52144638034e-12, 2.92909294909e-12, 4.62640602911e-12, 1.3318839304e-12, 2.46567929919e-13, 6.34920786194e-14], "median": [2.19166372517e-06, 1.23651534523e-06, 2.3852526283e-06, 1.50182186189e-05, 2.75717902696e-05, 8.589961908e-06, 5.88870534557e-06, 1.01309251477e-05, 1.29791860672e-05, 7.07874005457e-06, 2.61093782683e-06, 1.68808401213e-06, 1.4919047544e-06, 1.04058790384e-06, 1.15854800242e-06, 1.31300203066e-06, 1.40367342283e-06, 1.08872131932e-06, 7.61789465287e-07, 6.35787273495e-07, 9.15639304822e-07, 1.19104925034e-06, 6.47811361887e-07, 4.43744397671e-07, 5.56131226404e-07, 5.91004322814e-07, 4.0794702727e-07, 4.29985618666e-07, 3.16549858326e-07, 2.1551150553e-07, 1.95674388692e-07, 9.8731561593e-08, 7.26733091483e-08, 5.78067549384e-08, 5.09878717025e-08, 5.72075684602e-08, 3.70576280773e-08, 1.35634232734e-08, 6.19125284373e-09, 3.70825281593e-09], "dmean2": [4.77804678667e-06, 2.64314949163e-05, 5.3949192079e-05, 0.000106622668682, 0.000250835058978, 0.000184886710485, 7.94014631538e-05, 0.000237441068748, 0.000342234474374, 0.000234830804402, 0.000108263302536, 4.3101121264e-05, 4.37791459262e-05, 3.21450752381e-05, 4.14666683355e-05, 4.5271772251e-05, 3.94340531784e-05, 2.88880219159e-05, 2.49316435657e-05, 1.77227466338e-05, 2.13683961192e-05, 3.16311197821e-05, 1.92222014448e-05, 1.35540785777e-05, 2.04330444831e-05, 1.26617596834e-05, 5.90456693317e-06, 4.4180956138e-06, 2.35925449488e-06, 1.59551302659e-06, 1.24964924453e-06, 5.33088837074e-07, 3.81123754778e-07, 3.97303608679e-07, 3.67441543858e-07, 4.69368643508e-07, 3.84138132858e-07, 1.90137328104e-07, 9.47395832895e-08, 4.96483139045e-08], "dmean": [2.8189956538e-06, 1.47278606164e-05, 2.9726401408e-05, 6.68167776894e-05, 0.0001659974223, 0.000120866046927, 5.04136223753e-05, 0.000151116619236, 0.000220434943913, 0.000153702247189, 7.16085487511e-05, 2.90801453957e-05, 2.86565209535e-05, 2.11427141039e-05, 2.67910854745e-05, 2.7853067877e-05, 2.45474402618e-05, 1.84247946891e-05, 1.58796265168e-05, 1.15167558761e-05, 1.40849651871e-05, 2.03450836125e-05, 1.32188488351e-05, 9.84343387245e-06, 1.42784183481e-05, 8.55237340147e-06, 3.89701062886e-06, 2.92151912618e-06, 1.50405787736e-06, 1.04825187464e-06, 8.27752614896e-07, 3.48497479763e-07, 2.44479679168e-07, 2.59044185213e-07, 2.4438162427e-07, 3.19850528285e-07, 2.67033726686e-07, 1.27422623564e-07, 6.28904643918e-08, 3.39287211659e-08], "var": [9.48087233721e-11, 4.15715248892e-08, 9.3585633465e-08, 7.57781037919e-08, 4.49026174465e-07, 4.31900133435e-07, 4.99998051851e-08, 6.02713328135e-07, 1.04689559066e-06, 8.72547900599e-07, 2.94143717383e-07, 3.73443675983e-08, 2.73787144067e-08, 1.52451971047e-08, 3.43128405689e-08, 2.13305604291e-08, 1.60491175905e-08, 1.29294628337e-08, 1.61369868579e-08, 5.94984195246e-09, 4.6045607327e-09, 1.23299361832e-08, 1.18136398441e-08, 5.35101385424e-09, 9.71197433586e-09, 3.36246697152e-09, 9.81191683458e-10, 4.43413278317e-10, 6.23652171572e-11, 1.86016497344e-11, 1.16400162078e-11, 1.9661089163e-12, 9.85003853655e-13, 1.45757646404e-12, 1.20773952905e-12, 2.75034465688e-12, 4.00457141406e-12, 1.42389041096e-12, 1.86714548987e-13, 6.46334656802e-14], "dvar": [4.30040135446e-11, 2.05490895411e-08, 6.86446952614e-08, 4.43338379341e-08, 2.18915076289e-07, 2.18577127953e-07, 3.56014382419e-08, 3.59532634775e-07, 5.73919805902e-07, 3.98097853349e-07, 1.41435791079e-07, 2.1225892155e-08, 1.77844974303e-08, 1.15135350143e-08, 2.57832279971e-08, 2.0763224029e-08, 1.7562699739e-08, 8.43135872231e-09, 9.93400917082e-09, 4.30802726825e-09, 2.8190114687e-09, 6.86878509626e-09, 4.3138488337e-09, 2.42913800186e-09, 4.4557784129e-09, 1.73964398442e-09, 5.98514515726e-10, 2.95877516931e-10, 4.82037534888e-11, 1.07356944515e-11, 6.53514048432e-12, 1.09150655094e-12, 6.91974418304e-13, 9.83639385221e-13, 7.08408375363e-13, 1.46281587104e-12, 2.41736708775e-12, 7.90804596286e-13, 1.19726535001e-13, 3.26665676117e-14], "mean": [3.86924330087e-06, 2.33996233874e-05, 3.9435497456e-05, 8.90469455044e-05, 0.000232810925809, 0.000167053629411, 6.20824866928e-05, 0.000181851297384, 0.000283642468276, 0.000214092418901, 9.32431139518e-05, 3.70268135157e-05, 3.54994372174e-05, 2.46746913035e-05, 3.07055124722e-05, 2.96000889648e-05, 2.60175620497e-05, 2.09096961044e-05, 1.76212870429e-05, 1.35763111757e-05, 1.74742690433e-05, 2.7370017051e-05, 2.05218893825e-05, 1.56713012984e-05, 2.14022838918e-05, 1.16800219985e-05, 5.27214706381e-06, 3.86166721e-06, 1.97293866222e-06, 1.49821801187e-06, 1.2264193856e-06, 5.23977178091e-07, 3.56733636409e-07, 3.5654096564e-07, 3.40831888934e-07, 4.30780374927e-07, 3.45029434357e-07, 1.64036691785e-07, 7.43815675719e-08, 4.23471533395e-08]}, "spectral_entropy": {"min": 5.13723182678, "max": 9.81007003784, "dvar2": 0.0825450643897, "median": 7.42059993744, "dmean2": 0.311102807522, "dmean": 0.217952519655, "var": 0.292068809271, "dvar": 0.0456500723958, "mean": 7.38710260391}, "spectral_rolloff": {"min": 21.533203125, "max": 14082.7148438, "dvar2": 2416452.5, "median": 1528.85742188, "dmean2": 1078.85400391, "dmean": 643.677307129, "var": 2831990, "dvar": 1152761.75, "mean": 1982.01489258}, "barkbands": {"min": [1.25049359756e-10, 4.55699991631e-11, 1.380619577e-11, 3.65023497539e-11, 9.92339405093e-11, 1.97477069419e-11, 6.31106798765e-12, 3.16335456094e-12, 6.38452485324e-12, 8.93934665874e-12, 1.97978374146e-12, 3.18119749293e-12, 2.75597817137e-12, 1.17774149808e-12, 2.37042785574e-12, 4.14490143597e-12, 1.68033208875e-12, 2.69526675284e-12, 9.89627390452e-12, 9.4901976902e-12, 1.21322734845e-11, 1.91798122523e-11, 2.44798712551e-11, 3.38598628302e-11, 5.03192557066e-11, 4.89059383268e-11, 5.279060869e-11], "max": [7.73435313022e-05, 0.00109249271918, 0.0182096511126, 0.0219005215913, 0.0302688051015, 0.0807051733136, 0.0556089170277, 0.100824214518, 0.105318933725, 0.0599849075079, 0.0290092136711, 0.0691844969988, 0.0351794734597, 0.0373050794005, 0.063445314765, 0.0321523807943, 0.0381849743426, 0.0380821488798, 0.0407533049583, 0.0251749381423, 0.00270773214288, 0.00101954117417, 0.00174644123763, 0.00631391769275, 0.000656889635138, 7.86986056482e-05, 1.21735729408e-06], "dvar2": [8.93776372357e-12, 3.90659282701e-09, 9.30829230583e-07, 1.28726526327e-06, 4.1720199988e-06, 1.31296510517e-05, 6.28862471785e-06, 3.29667163896e-05, 4.16063776356e-05, 5.52392930331e-06, 2.16598073166e-06, 4.35851416114e-06, 4.40528719992e-06, 3.76900288757e-06, 2.6045179311e-06, 1.23720303691e-06, 3.68910036741e-06, 1.9740487005e-06, 2.43684667112e-06, 5.92413186951e-07, 3.05538740974e-08, 3.95957266974e-09, 5.6544569027e-09, 1.50718477698e-08, 4.08721889666e-10, 4.25374882887e-12, 1.26165123389e-15], "median": [7.23941241176e-07, 6.70245617584e-06, 1.81047744263e-06, 3.35409868057e-06, 0.000109712666017, 5.14680359629e-05, 2.4672546715e-05, 5.1376180636e-05, 5.1039718528e-05, 1.19967589853e-05, 9.25679705688e-06, 9.0009689302e-06, 1.25910328279e-05, 1.46171005326e-05, 1.04165665107e-05, 1.07301939352e-05, 1.9377865101e-05, 1.00208653748e-05, 1.65176279552e-05, 1.44108944369e-05, 1.03374004539e-05, 4.88010118715e-06, 3.74952105631e-06, 2.34718868342e-06, 3.65252162737e-07, 6.09088957049e-08, 3.34452749939e-08], "dmean2": [1.51405072302e-06, 1.75853292603e-05, 9.63275451795e-05, 0.000124082071125, 0.000729978492018, 0.00107182795182, 0.000549011339899, 0.00165732647292, 0.0017422233941, 0.000472580984933, 0.000318797625368, 0.000330992479576, 0.000445357261924, 0.000388879125239, 0.000331237300998, 0.000273140263744, 0.000495202082675, 0.000304439803585, 0.000381624849979, 0.000134664063808, 6.11240611761e-05, 2.14136525756e-05, 2.36639370996e-05, 2.25025614782e-05, 4.2385568122e-06, 4.23341788292e-07, 1.16500018521e-08], "dmean": [9.14598388135e-07, 1.02203939605e-05, 5.3016570746e-05, 6.95787457516e-05, 0.000464343465865, 0.000705335522071, 0.000348912115442, 0.0010666360613, 0.00113241141662, 0.000315880053677, 0.000210657119169, 0.000216845131945, 0.000275723432424, 0.000247976277024, 0.000211508071516, 0.000177135967533, 0.000326455832692, 0.000217188237002, 0.000264743022854, 9.02772444533e-05, 4.07031766372e-05, 1.40755691973e-05, 1.58436523634e-05, 1.5563233319e-05, 2.86862427856e-06, 2.86507599867e-07, 7.27053128813e-09], "var": [5.76171272151e-12, 2.78253176056e-09, 4.58873984144e-07, 4.83198164147e-07, 2.97520750792e-06, 1.38414170578e-05, 3.17940680361e-06, 2.90589487122e-05, 4.04569509556e-05, 4.69073802378e-06, 1.4283366454e-06, 2.18096079152e-06, 2.03532977139e-06, 1.58991872468e-06, 2.35980496655e-06, 8.76609817624e-07, 3.44382624462e-06, 2.80833046418e-06, 2.87203647531e-06, 4.01919749038e-07, 2.6641499673e-08, 2.94857915861e-09, 4.85542894779e-09, 1.42547209592e-08, 4.75827155455e-10, 4.43800074815e-12, 1.01115532166e-15], "dvar": [3.68471399226e-12, 1.31202160247e-09, 2.95609538625e-07, 4.1689386876e-07, 1.76407047547e-06, 6.62060483592e-06, 2.6828722639e-06, 1.54136178026e-05, 1.93980431504e-05, 2.86666227112e-06, 9.61954015111e-07, 1.92107654584e-06, 1.83712450053e-06, 1.54296321853e-06, 1.33332321184e-06, 5.89211879287e-07, 1.70125815657e-06, 1.12523537155e-06, 1.33314949835e-06, 2.64683450268e-07, 1.39549056755e-08, 1.63548619092e-09, 2.67202748816e-09, 8.29745783193e-09, 2.12550019252e-10, 2.11956277182e-12, 5.42240634921e-16], "mean": [1.18705406749e-06, 1.41375803651e-05, 7.40199757274e-05, 7.8264856711e-05, 0.00061972840922, 0.000979979638942, 0.00039011912304, 0.0013092411682, 0.00153557350859, 0.000367554632248, 0.000256287545199, 0.000242772788624, 0.00029881784576, 0.000267748895567, 0.000239012457314, 0.000214850791963, 0.000450195191661, 0.000346378423274, 0.000384837185265, 0.000123959282064, 6.20215723757e-05, 2.22277794819e-05, 2.26531083172e-05, 2.05502492463e-05, 3.80031337954e-06, 4.12792104498e-07, 3.81996088095e-08]}, "melbands_flatness_db": {"min": 0.0267122760415, "max": 0.475143015385, "dvar2": 0.00173642626032, "median": 0.19135004282, "dmean2": 0.0478908084333, "dmean": 0.0318775586784, "var": 0.0045076678507, "dvar": 0.000818569562398, "mean": 0.196398556232}, "melbands_skewness": {"min": -2.89401674271, "max": 13.9654474258, "dvar2": 2.25418663025, "median": 2.01058292389, "dmean2": 1.44254457951, "dmean": 0.929000794888, "var": 3.14018893242, "dvar": 0.977387964725, "mean": 2.30390810966}, "barkbands_skewness": {"min": -4.26269769669, "max": 16.8865280151, "dvar2": 1.43657207489, "median": 1.2431050539, "dmean2": 1.18958628178, "dmean": 0.785450398922, "var": 2.56284666061, "dvar": 0.675628483295, "mean": 1.39150202274}, "silence_rate_60dB": {"min": 0, "max": 1, "dvar2": 0.175094798207, "median": 1, "dmean2": 0.190732762218, "dmean": 0.0953535363078, "var": 0.248206377029, "dvar": 0.0862625017762, "mean": 0.542283892632}, "spectral_energyband_low": {"min": 1.29587687803e-10, "max": 0.0310184843838, "dvar2": 2.23952133638e-06, "median": 1.32699724418e-05, "dmean2": 0.000156075548148, "dmean": 8.73887111084e-05, "var": 1.11713154638e-06, "dvar": 7.14005238933e-07, "mean": 0.000129546708195}, "spectral_energyband_middle_low": {"min": 2.52416809676e-10, "max": 0.105756819248, "dvar2": 8.46436305437e-05, "median": 0.00123868044466, "dmean2": 0.00442551868036, "dmean": 0.00292444741353, "var": 0.000101875179098, "dvar": 3.96003997594e-05, "mean": 0.00509500131011}, "melbands_kurtosis": {"min": -1.90099835396, "max": 398.893737793, "dvar2": 614.717712402, "median": 5.88029336929, "dmean2": 13.7004079819, "dmean": 8.56656265259, "var": 458.780761719, "dvar": 266.748657227, "mean": 12.4276447296}, "spectral_decrease": {"min": -2.67621285133e-08, "max": -1.18216457686e-16, "dvar2": 6.91732889175e-18, "median": -5.22793475177e-10, "dmean2": 1.37889277774e-09, "dmean": 9.63119362041e-10, "var": 1.12513867926e-17, "dvar": 3.4733574483e-18, "mean": -1.97113103617e-09}, "erbbands_kurtosis": {"min": -1.87060809135, "max": 168.920394897, "dvar2": 41.6378250122, "median": -0.0932939052582, "dmean2": 3.51986217499, "dmean": 2.26474356651, "var": 40.6270866394, "dvar": 20.8291931152, "mean": 1.83749449253}, "melbands_crest": {"min": 3.02730154991, "max": 38.6590499878, "dvar2": 32.7332115173, "median": 13.3604831696, "dmean2": 7.07028150558, "dmean": 4.31610918045, "var": 40.1576499939, "dvar": 13.0694599152, "mean": 14.5580797195}, "melbands_spread": {"min": 0.493533909321, "max": 209.141662598, "dvar2": 501.650115967, "median": 20.6953582764, "dmean2": 16.8294639587, "dmean": 10.8050832748, "var": 698.298828125, "dvar": 234.824157715, "mean": 28.4189338684}, "spectral_energy": {"min": 7.40522809739e-10, "max": 0.112462624907, "dvar2": 0.000118078009109, "median": 0.00221645692363, "dmean2": 0.00572927203029, "dmean": 0.00402992404997, "var": 0.000199166519451, "dvar": 6.02182954026e-05, "mean": 0.00832637213171}, "mfcc": {"mean": [-786.271484375, 102.294441223, -20.9204273224, 20.037694931, -17.6935844421, -10.692065239, -16.2642765045, -6.72798585892, -11.1672878265, 3.03157830238, -5.96827363968, 1.74137282372, -8.63604354858], "icov": [[0.000358498713467, 0.00020814317395, 0.000521580222994, 0.000194899446797, 0.000367276021279, 0.000199160378543, 0.000411966437241, 7.92552164057e-05, 0.000543760019355, 5.01375370732e-06, 0.000441578275058, -6.26865657978e-05, 0.000388297776226], [0.00020814317395, 0.00108615239151, 0.00041266772314, 0.000267376861302, 0.000238289314439, 0.000433085631812, -0.000197043205844, 0.000608822214417, 3.41138329532e-05, 0.000605833600275, -0.000200674970984, 0.000162230644492, -1.01484408788e-06], [0.000521580222994, 0.00041266772314, 0.00177792436443, -0.000232557795243, 0.000572242890485, -0.000263087305939, 9.98023024295e-05, 0.000380399636924, 0.000402006873628, 0.000196482738829, 0.000935709860642, -0.000578175764531, 0.000312127231155], [0.000194899446797, 0.000267376861302, -0.000232557795243, 0.00360199203715, -0.00134434411302, 0.0010986517882, 0.000316952064168, 0.000246625277214, 0.000445735931862, 0.000241309506237, 1.30722073663e-05, 0.00128334574401, -0.000951473775785], [0.000367276021279, 0.000238289314439, 0.000572242890485, -0.00134434411302, 0.00318442611024, -0.000314273522235, 0.000814645958599, 0.000378938304493, 0.000913499214221, -0.000419003074057, -0.000376131560188, 0.000772445171606, -9.11142851692e-05], [0.000199160378543, 0.000433085631812, -0.000263087305939, 0.0010986517882, -0.000314273522235, 0.00532441865653, -0.00173560122494, 0.00284189381637, -0.00124714314006, 0.000600968545768, 0.000729489140213, -0.000194090825971, 0.000312890857458], [0.000411966437241, -0.000197043205844, 9.98023024295e-05, 0.000316952064168, 0.000814645958599, -0.00173560122494, 0.00520134950057, -0.00330564100295, 0.00169360381551, -0.00114118575584, -0.000178424874321, 0.000155080866534, 1.3006696463e-05], [7.92552164057e-05, 0.000608822214417, 0.000380399636924, 0.000246625277214, 0.000378938304493, 0.00284189381637, -0.00330564100295, 0.00707632023841, -0.000862161628902, 0.00161897705402, -0.000953868846409, 0.000590696930885, 0.000361479033018], [0.000543760019355, 3.41138329532e-05, 0.000402006873628, 0.000445735931862, 0.000913499214221, -0.00124714314006, 0.00169360381551, -0.000862161628902, 0.00910592079163, -0.00266102701426, 0.00171696394682, -0.000544912007172, 0.000773736275733], [5.01375370732e-06, 0.000605833600275, 0.000196482738829, 0.000241309506237, -0.000419003074057, 0.000600968545768, -0.00114118575584, 0.00161897705402, -0.00266102701426, 0.00752597209066, -0.00299900723621, 0.000964474573266, -0.000302734581055], [0.000441578275058, -0.000200674970984, 0.000935709860642, 1.30722073663e-05, -0.000376131560188, 0.000729489140213, -0.000178424874321, -0.000953868846409, 0.00171696394682, -0.00299900723621, 0.00998395960778, -0.00309539795853, 0.00130142609123], [-6.26865657978e-05, 0.000162230644492, -0.000578175764531, 0.00128334574401, 0.000772445171606, -0.000194090825971, 0.000155080866534, 0.000590696930885, -0.000544912007172, 0.000964474573266, -0.00309539795853, 0.0104871811345, -0.00170500040986], [0.000388297776226, -1.01484408788e-06, 0.000312127231155, -0.000951473775785, -9.11142851692e-05, 0.000312890857458, 1.3006696463e-05, 0.000361479033018, 0.000773736275733, -0.000302734581055, 0.00130142609123, -0.00170500040986, 0.010189817287]], "cov": [[10461.5039062, -437.905334473, -2608.14306641, -803.659606934, -887.172973633, -646.924499512, -731.698181152, 54.6529464722, -321.507843018, -197.054855347, -186.66368103, -24.7364330292, -344.658538818], [-437.905334473, 1177.99084473, -155.252319336, -82.4230880737, -64.7467193604, -45.4394683838, 61.483001709, -16.8841094971, -6.18702840805, -60.8976516724, 40.707775116, 3.45306539536, 9.23967838287], [-2608.14306641, -155.252319336, 1415.21362305, 186.282211304, 96.9406890869, 265.888519287, 151.579544067, -86.3903427124, 81.7086715698, 2.85855722427, -51.6261711121, 43.6699752808, 76.7706832886], [-803.659606934, -82.4230880737, 186.282211304, 536.981628418, 334.881469727, -59.8301582336, -57.3270339966, -36.4502868652, -28.7012557983, 11.6018533707, 5.25079774857, -71.2800750732, 71.1753311157], [-887.172973633, -64.7467193604, 96.9406890869, 334.881469727, 609.006896973, 6.61953735352, -77.9545059204, -79.6751480103, -21.8438148499, 46.9247093201, 31.7755279541, -65.6275253296, 58.2823181152], [-646.924499512, -45.4394683838, 265.888519287, -59.8301582336, 6.61953735352, 339.665039062, 74.4018173218, -105.007102966, 62.5239181519, 13.2747802734, -30.8662719727, 23.6010475159, 7.71380138397], [-731.698181152, 61.483001709, 151.579544067, -57.3270339966, -77.9545059204, 74.4018173218, 395.462005615, 154.194137573, -2.03759646416, 25.3503570557, 44.461933136, 14.3878173828, 6.57285356522], [54.6529464722, -16.8841094971, -86.3903427124, -36.4502868652, -79.6751480103, -105.007102966, 154.194137573, 274.730987549, -18.1114692688, -18.6590366364, 37.2099723816, -4.20980072021, -14.9083414078], [-321.507843018, -6.18702840805, 81.7086715698, -28.7012557983, -21.8438148499, 62.5239181519, -2.03759646416, -18.1114692688, 152.116989136, 45.3665618896, -9.71817302704, 10.6124305725, -1.58788383007], [-197.054855347, -60.8976516724, 2.85855722427, 11.6018533707, 46.9247093201, 13.2747802734, 25.3503570557, -18.6590366364, 45.3665618896, 184.512329102, 53.0529136658, -2.33307218552, 4.01106643677], [-186.66368103, 40.707775116, -51.6261711121, 5.25079774857, 31.7755279541, -30.8662719727, 44.461933136, 37.2099723816, -9.71817302704, 53.0529136658, 148.237380981, 26.9726047516, -3.06139564514], [-24.7364330292, 3.45306539536, 43.6699752808, -71.2800750732, -65.6275253296, 23.6010475159, 14.3878173828, -4.20980072021, 10.6124305725, -2.33307218552, 26.9726047516, 121.57245636, 7.79092073441], [-344.658538818, 9.23967838287, 76.7706832886, 71.1753311157, 58.2823181152, 7.71380138397, 6.57285356522, -14.9083414078, -1.58788383007, 4.01106643677, -3.06139564514, 7.79092073441, 118.305328369]]}, "spectral_contrast_valleys": {"min": [-27.6918296814, -27.4654788971, -27.2466640472, -27.2361850739, -27.2219600677, -27.2391414642], "max": [-6.56381320953, -4.87644815445, -5.6302614212, -5.6309261322, -5.28079080582, -8.06531620026], "dvar2": [0.295206695795, 0.299628198147, 0.22695364058, 0.200068354607, 0.154502555728, 0.18211351335], "median": [-9.75269603729, -8.14735603333, -8.84750175476, -8.97439575195, -8.57180404663, -11.6236572266], "dmean2": [0.692796707153, 0.650635421276, 0.544953405857, 0.482434213161, 0.381514966488, 0.386523544788], "dmean": [0.407007485628, 0.400448262691, 0.35306468606, 0.329692035913, 0.273442178965, 0.290166169405], "var": [0.387202888727, 1.03229212761, 1.3560281992, 1.24425160885, 1.11803531647, 0.854182839394], "dvar": [0.120175153017, 0.137054935098, 0.116594910622, 0.111157201231, 0.0927908569574, 0.117399387062], "mean": [-9.74799537659, -8.14968395233, -8.83787155151, -9.01145553589, -8.64339160919, -11.6014566422]}, "barkbands_flatness_db": {"min": 0.033639267087, "max": 0.402910649776, "dvar2": 0.00135644152761, "median": 0.156908124685, "dmean2": 0.0424200594425, "dmean": 0.0284411478788, "var": 0.00457106716931, "dvar": 0.000677428906783, "mean": 0.162167042494}, "dynamic_complexity": 8.85996246338, "spectral_skewness": {"min": -0.126151382923, "max": 3.78344511986, "dvar2": 0.180473983288, "median": 1.27511870861, "dmean2": 0.428974181414, "dmean": 0.269271790981, "var": 0.233189985156, "dvar": 0.0686685144901, "mean": 1.3088285923}, "erbbands_flatness_db": {"