{"lowlevel": {"spectral_complexity": {"min": 0, "max": 52, "dvar2": 26.9259357452, "median": 12, "dmean2": 4.87544155121, "dmean": 3.34324741364, "var": 64.2044372559, "dvar": 16.3051376343, "mean": 14.2719335556}, "silence_rate_20dB": {"min": 1, "max": 1, "dvar2": 0, "median": 1, "dmean2": 0, "dmean": 0, "var": 0, "dvar": 0, "mean": 1}, "average_loudness": 0.685834527016, "erbbands_spread": {"min": 1.45894896984, "max": 118.331169128, "dvar2": 191.443634033, "median": 27.2972640991, "dmean2": 12.7434005737, "dmean": 8.63306236267, "var": 346.445556641, "dvar": 98.7462463379, "mean": 30.5305118561}, "spectral_kurtosis": {"min": -1.28326869011, "max": 160.140823364, "dvar2": 171.225250244, "median": 12.9232501984, "dmean2": 8.50970840454, "dmean": 5.70137119293, "var": 152.343490601, "dvar": 72.5908584595, "mean": 16.193271637}, "barkbands_kurtosis": {"min": -1.84729301929, "max": 180.977172852, "dvar2": 144.488723755, "median": 8.34179496765, "dmean2": 9.11898136139, "dmean": 5.80316972733, "var": 140.731613159, "dvar": 62.8629188538, "mean": 11.387881279}, "spectral_strongpeak": {"min": 0, "max": 174.619445801, "dvar2": 472.553039551, "median": 0.538354754448, "dmean2": 7.03579378128, "dmean": 3.7733027935, "var": 329.250640869, "dvar": 179.975769043, "mean": 5.05637788773}, "spectral_spread": {"min": 910539.1875, "max": 43036996, "dvar2": 992946094080, "median": 4006008.5, "dmean2": 929039.4375, "dmean": 646581.125, "var": 15956203012100.0, "dvar": 535650926592, "mean": 4473051.5}, "spectral_rms": {"min": 3.12827866909e-12, "max": 0.0157587472349, "dvar2": 1.93298751583e-06, "median": 0.00605784589425, "dmean2": 0.00138375570532, "dmean": 0.000949873181526, "var": 4.75781007481e-06, "dvar": 9.34195497848e-07, "mean": 0.00611061230302}, "erbbands": {"min": [8.10170625735e-23, 6.70995796355e-22, 2.0360049114e-21, 4.96330743414e-21, 5.63848795458e-21, 1.29563989297e-20, 6.11653340203e-20, 6.59572430076e-20, 9.89725221835e-20, 2.53712242946e-19, 1.92445120474e-19, 3.26420152169e-19, 4.374394743e-19, 4.08794907621e-19, 9.76249932669e-19, 9.51879330666e-19, 1.59227604686e-18, 2.35964002399e-18, 2.17207971523e-18, 3.3211345021e-18, 3.67983206895e-18, 4.623212946e-18, 5.74013962429e-18, 5.38237739192e-18, 7.37581070346e-18, 7.10950321397e-18, 1.01696843599e-17, 7.33375932266e-18, 9.48462992018e-18, 1.1099992061e-17, 8.86829681859e-18, 1.01370247878e-17, 8.00192356143e-18, 7.84314045259e-18, 5.87332645626e-18, 4.34455399561e-18, 2.45045494267e-18, 9.33781032454e-19, 2.35084859335e-19, 2.79545752636e-20], "max": [4.39795589447, 26.5004024506, 100.40838623, 184.579620361, 257.665985107, 397.217803955, 1724.17956543, 1829.27172852, 2525.54589844, 1287.05493164, 1177.00476074, 2403.69921875, 1018.91241455, 1043.13635254, 1180.36694336, 410.930755615, 543.828918457, 335.927368164, 365.026794434, 374.624664307, 347.615814209, 659.85357666, 750.617431641, 408.082794189, 349.408508301, 314.298858643, 202.710617065, 189.544845581, 71.4313201904, 18.238079071, 19.2231197357, 8.09281349182, 2.83939671516, 0.567119300365, 0.353948533535, 0.413462758064, 0.736817419529, 0.68004989624, 0.31294465065, 0.0364981219172], "dvar2": [0.501898646355, 7.18411970139, 57.9743614197, 226.953613281, 257.087158203, 667.596252441, 4744.07080078, 7607.30908203, 6969.47070312, 4956.65039062, 2871.2734375, 6306.21728516, 2172.01269531, 2318.07128906, 2972.98217773, 565.685302734, 609.424987793, 232.581085205, 188.070770264, 300.622650146, 383.575683594, 379.118530273, 430.6277771, 194.777206421, 113.712013245, 151.186233521, 99.0381317139, 43.7508964539, 9.61235046387, 4.41174888611, 1.97779941559, 0.400548577309, 0.06351955235, 0.00354920444079, 0.00135109166149, 0.00145917630289, 0.00933724921197, 0.0118205174804, 0.00183576787822, 1.81396044354e-05], "median": [0.123114310205, 0.531331002712, 1.58110678196, 4.11873245239, 4.44238471985, 6.05023860931, 14.9607810974, 19.0553016663, 14.294459343, 14.6499767303, 10.0593748093, 10.4639034271, 8.16292190552, 8.87269210815, 6.36371326447, 6.63992881775, 5.55189371109, 3.84173488617, 3.54223585129, 3.48217701912, 2.55595779419, 2.67085957527, 2.36063790321, 2.04156208038, 2.01270198822, 2.23481798172, 1.59043419361, 1.08336615562, 0.605071663857, 0.31962543726, 0.188516110182, 0.0927910506725, 0.0352160260081, 0.014656743966, 0.0072483276017, 0.00836169533432, 0.00956037919968, 0.00910107325763, 0.00966036692262, 0.00715105142444], "dmean2": [0.378324866295, 1.43663227558, 4.38388252258, 9.22815704346, 8.95315647125, 12.6119556427, 32.1300315857, 42.3615837097, 31.7848434448, 36.8868103027, 21.9299736023, 29.2637748718, 19.84283638, 19.3554649353, 18.6715660095, 12.9004955292, 12.3809299469, 7.40224218369, 6.64398384094, 7.94794845581, 7.42488956451, 6.17416334152, 5.93356370926, 4.98905229568, 4.80156946182, 5.4161195755, 4.52603673935, 3.11357545853, 1.87503933907, 1.31954205036, 0.855588316917, 0.405890256166, 0.171186581254, 0.041471850127, 0.0239905975759, 0.0282987412065, 0.0537412688136, 0.0543477796018, 0.0235273987055, 0.0034622005187], "dmean": [0.234283074737, 0.852402806282, 2.56701993942, 5.77720832825, 5.57544803619, 8.01546478271, 20.476890564, 27.7271175385, 20.8817863464, 23.686126709, 14.0090866089, 18.9775485992, 12.7361021042, 12.5290222168, 11.9595079422, 7.97947883606, 7.88334989548, 4.69093132019, 4.24440670013, 5.08093643188, 4.81682538986, 4.08099746704, 4.00662231445, 3.44903659821, 3.36442375183, 3.78410983086, 3.28094244003, 2.22375106812, 1.34570288658, 0.940720260143, 0.61522591114, 0.295261412859, 0.119801715016, 0.0261705908924, 0.0148797091097, 0.0194249376655, 0.0388916768134, 0.0382497906685, 0.0164201296866, 0.00239168689586], "var": [0.204503536224, 2.7867910862, 31.6391563416, 228.09854126, 197.223693848, 674.743652344, 5365.45507812, 9207.18261719, 9502.8203125, 5209.45996094, 2030.34204102, 5520.51855469, 2053.88598633, 2273.23730469, 2413.9987793, 629.652526855, 646.896179199, 199.541152954, 149.729370117, 263.156799316, 351.620025635, 340.508636475, 348.093505859, 202.621032715, 135.669906616, 182.052490234, 172.815078735, 75.9917602539, 14.0206260681, 3.52974772453, 1.58367657661, 0.366654008627, 0.0546393916011, 0.00192240555771, 0.000684743048623, 0.00108953705058, 0.00666892621666, 0.00713845575228, 0.00116755731869, 2.85759597318e-05], "dvar": [0.199310153723, 2.63830947876, 21.9735069275, 96.2643737793, 100.694160461, 290.52935791, 2026.52087402, 3367.79663086, 2973.73461914, 2091.50537109, 1158.97290039, 2684.62353516, 933.881103516, 1045.86645508, 1218.38293457, 220.568786621, 267.309539795, 94.1470413208, 79.7561264038, 124.566841125, 157.922393799, 167.790542603, 192.383666992, 94.858291626, 56.7593994141, 75.0559158325, 53.3535919189, 22.8665370941, 4.98276758194, 2.22971177101, 1.02886509895, 0.216945916414, 0.0339327603579, 0.00150480377488, 0.000566001748666, 0.00073065405013, 0.00492254691198, 0.00585952866822, 0.000854907731991, 8.14928444015e-06], "mean": [0.274481028318, 1.10549294949, 3.41036868095, 9.63116550446, 9.5453119278, 13.7284326553, 35.6944694519, 51.9056243896, 41.2389564514, 41.4344520569, 24.619354248, 33.1438446045, 21.834608078, 20.8560428619, 20.4130687714, 14.8444786072, 13.7250585556, 8.20078659058, 7.40425634384, 8.71613788605, 8.18261528015, 7.05276250839, 6.68580675125, 5.54519844055, 5.45618391037, 6.33888816833, 5.63022565842, 3.79878163338, 2.05603575706, 1.18960416317, 0.739273607731, 0.361217141151, 0.139525234699, 0.0300567150116, 0.0164596196264, 0.0230240914971, 0.0436434708536, 0.0423986688256, 0.0229774881154, 0.0084636202082]}, "zerocrossingrate": {"min": 0.02099609375, "max": 0.861328125, "dvar2": 0.00160253222566, "median": 0.2470703125, "dmean2": 0.0490838848054, "dmean": 0.0409567169845, "var": 0.0125820627436, "dvar": 0.00121977634262, "mean": 0.265155225992}, "spectral_contrast_coeffs": {"min": [-0.988883376122, -0.977912545204, -0.977020919323, -0.972839891911, -0.968370735645, -0.965335190296], "max": [-0.362822175026, -0.393208503723, -0.536114573479, -0.617748141289, -0.646726965904, -0.435788810253], "dvar2": [0.00493622338399, 0.00418401276693, 0.00274799135514, 0.00137307518162, 0.000884475768544, 0.00290905637667], "median": [-0.658889889717, -0.720336914062, -0.787528991699, -0.821593940258, -0.828651189804, -0.741822957993], "dmean2": [0.0879686251283, 0.0827341079712, 0.0661604553461, 0.04762089625, 0.0369050316513, 0.0624775961041], "dmean": [0.0541297979653, 0.0511240214109, 0.0408154949546, 0.029012830928, 0.023298965767, 0.042323179543], "var": [0.00840072613209, 0.00708400690928, 0.00416652625427, 0.00236251018941, 0.00189679581672, 0.00665133073926], "dvar": [0.00189901574049, 0.00164214137476, 0.0010620856192, 0.000540478387848, 0.000380252575269, 0.0014009255683], "mean": [-0.65765529871, -0.716738283634, -0.781052410603, -0.81883919239, -0.831169605255, -0.74275290966]}, "dissonance": {"min": 0.0996604561806, "max": 0.500000178814, "dvar2": 0.00241614528932, "median": 0.452679604292, "dmean2": 0.0495511293411, "dmean": 0.0302385948598, "var": 0.00268448516726, "dvar": 0.000918661186006, "mean": 0.438502341509}, "spectral_energyband_high": {"min": 7.10834105106e-21, "max": 0.00812932569534, "dvar2": 2.99610519505e-07, "median": 0.000219641864533, "dmean2": 0.000366407621186, "dmean": 0.000270383723546, "var": 4.56854451159e-07, "dvar": 1.62291641459e-07, "mean": 0.000475749548059}, "gfcc": {"mean": [-25.3686714172, 105.76600647, -72.2934341431, 1.39647686481, -30.6595878601, -22.9721298218, -2.94750332832, -18.2430381775, -2.91188621521, -6.05576229095, -3.32891130447, -1.20423555374, -6.08713769913], "icov": [[0.000112868547149, -0.00033241455094, 0.000459088973003, -0.000409076368669, 0.000452991342172, -0.000248777214438, 0.000108451036795, -7.1907947131e-05, 0.000105750048533, -8.19036285975e-05, 0.000202244002139, -0.000354254356353, 0.000407637126045], [-0.00033241455094, 0.00291430111974, -0.00161066558212, 0.00253124861047, -0.00136167265009, 0.00123835774139, -0.000669832457788, 0.00150909007061, -0.00104965118226, 0.00178204313852, -0.00238976511173, 0.00408028718084, -0.00326367164962], [0.000459088973003, -0.00161066558212, 0.00425393041223, -0.00241708988324, 0.00348233734258, -0.00261679873802, 0.00104033830576, -0.000552852405235, 8.21131689008e-05, -0.000227423981414, 3.25651271851e-05, -0.000375966308638, 0.00220663566142], [-0.000409076368669, 0.00253124861047, -0.00241708988324, 0.00734817842022, -0.00467989267781, 0.00315096159466, -0.00187370099593, 0.00063309178222, 0.00166928919498, -0.00295108719729, 0.00365823041648, -0.00084597984096, 0.00101571937557], [0.000452991342172, -0.00136167265009, 0.00348233734258, -0.00467989267781, 0.00916220992804, -0.00466175749898, 0.000336945377057, 0.00189383153338, -0.0020365358796, 0.00538370199502, -0.00494447955862, 0.00388180464506, -0.00216930243187], [-0.000248777214438, 0.00123835774139, -0.00261679873802, 0.00315096159466, -0.00466175749898, 0.00712701817974, -0.000433625100413, -0.00157415634021, 0.00269383029081, -0.00222262647003, 0.00369521300308, -0.00290442164987, 0.00047120990348], [0.000108451036795, -0.000669832457788, 0.00104033830576, -0.00187370099593, 0.000336945377057, -0.000433625100413, 0.00679180817679, 0.000528197095264, -0.00238957046531, 0.000951046706177, 0.000786018092185, -0.0023795592133, 0.0010034678271], [-7.1907947131e-05, 0.00150909007061, -0.000552852405235, 0.00063309178222, 0.00189383153338, -0.00157415634021, 0.000528197095264, 0.00959501881152, -0.00427603116259, 0.00189795845654, -0.00547894509509, 0.00642209034413, -0.00306132226251], [0.000105750048533, -0.00104965118226, 8.21131689008e-05, 0.00166928919498, -0.0020365358796, 0.00269383029081, -0.00238957046531, -0.00427603116259, 0.0147846033797, -0.00911087915301, 0.0035944969859, -0.00466789398342, 0.00616884883493], [-8.19036285975e-05, 0.00178204313852, -0.000227423981414, -0.00295108719729, 0.00538370199502, -0.00222262647003, 0.000951046706177, 0.00189795845654, -0.00911087915301, 0.0240420661867, -0.0119793796912, 0.00844257324934, -0.00913563650101], [0.000202244002139, -0.00238976511173, 3.25651271851e-05, 0.00365823041648, -0.00494447955862, 0.00369521300308, 0.000786018092185, -0.00547894509509, 0.0035944969859, -0.0119793796912, 0.0292589422315, -0.017702722922, 0.00548134278506], [-0.000354254356353, 0.00408028718084, -0.000375966308638, -0.00084597984096, 0.00388180464506, -0.00290442164987, -0.0023795592133, 0.00642209034413, -0.00466789398342, 0.00844257324934, -0.017702722922, 0.0270927753299, -0.00994963664562], [0.000407637126045, -0.00326367164962, 0.00220663566142, 0.00101571937557, -0.00216930243187, 0.00047120990348, 0.0010034678271, -0.00306132226251, 0.00616884883493, -0.00913563650101, 0.00548134278506, -0.00994963664562, 0.0188011657447]], "cov": [[21019.5644531, 1027.68664551, -1687.47900391, 407.574768066, -246.546722412, -349.524963379, 195.686843872, -352.410339355, -114.064315796, -115.395339966, -133.801956177, 93.0568695068, -119.208755493], [1027.68664551, 1156.60949707, -12.2181062698, -384.894622803, 3.67540407181, -91.3980789185, -61.3112564087, -18.7754535675, 11.2919521332, -23.7189769745, 54.8675880432, -93.9491882324, 122.705604553], [-1687.47900391, -12.2181062698, 637.559143066, -35.029586792, -159.430633545, 100.339515686, -78.8049316406, 85.3313369751, 14.5418996811, 35.0664978027, -8.19359111786, -36.70652771, -46.0483856201], [407.574768066, -384.894622803, -35.029586792, 423.885864258, 102.181793213, -12.4283647537, 94.8371429443, -73.6017303467, -26.2967510223, -14.7737894058, -62.7710990906, 19.4401531219, -69.3459014893], [-246.546722412, 3.67540407181, -159.430633545, 102.181793213, 315.609161377, 77.5050735474, 42.2345466614, -68.9922103882, -37.0873222351, -56.3412971497, -6.40496110916, -3.49475550652, 24.9699993134], [-349.524963379, -91.3980789185, 100.339515686, -12.4283647537, 77.5050735474, 262.757476807, -18.44181633, 16.9582290649, -41.7393989563, -14.4349250793, -15.2816915512, 10.1206150055, 3.20234704018], [195.686843872, -61.3112564087, -78.8049316406, 94.8371429443, 42.2345466614, -18.44181633, 200.351593018, -37.505607605, 26.5982990265, -11.2910661697, -8.76711463928, 27.3673706055, -19.3997459412], [-352.410339355, -18.7754535675, 85.3313369751, -73.6017303467, -68.9922103882, 16.9582290649, -37.505607605, 178.125411987, 50.2873458862, 37.3734703064, 26.1516723633, -21.2182846069, 3.76977562904], [-114.064315796, 11.2919521332, 14.5418996811, -26.2967510223, -37.0873222351, -41.7393989563, 26.5982990265, 50.2873458862, 123.737800598, 45.4272766113, 20.3062362671, 2.13368105888, -15.6345415115], [-115.395339966, -23.7189769745, 35.0664978027, -14.7737894058, -56.3412971497, -14.4349250793, -11.2910661697, 37.3734703064, 45.4272766113, 87.2828598022, 30.6923999786, 5.77300739288, 17.2294006348], [-133.801956177, 54.8675880432, -8.19359111786, -62.7710990906, -6.40496110916, -15.2816915512, -8.76711463928, 26.1516723633, 20.3062362671, 30.6923999786, 80.5858001709, 35.9738578796, 24.9426174164], [93.0568695068, -93.9491882324, -36.70652771, 19.4401531219, -3.49475550652, 10.1206150055, 27.3673706055, -21.2182846069, 2.13368105888, 5.77300739288, 35.9738578796, 90.3718414307, 18.8015346527], [-119.208755493, 122.705604553, -46.0483856201, -69.3459014893, 24.9699993134, 3.20234704018, -19.3997459412, 3.76977562904, -15.6345415115, 17.2294006348, 24.9426174164, 18.8015346527, 106.853843689]]}, "spectral_flux": {"min": 5.99876190388e-11, "max": 0.318329840899, "dvar2": 0.00198119436391, "median": 0.095714956522, "dmean2": 0.0438379012048, "dmean": 0.0274547804147, "var": 0.00217278278433, "dvar": 0.000885084853508, "mean": 0.102938503027}, "silence_rate_30dB": {"min": 0, "max": 1, "dvar2": 0.0526745766401, "median": 1, "dmean2": 0.0423870608211, "dmean": 0.021191559732, "var": 0.0217186100781, "dvar": 0.020741853863, "mean": 0.977788090706}, "spectral_energyband_middle_high": {"min": 1.08912635686e-21, "max": 0.0597995966673, "dvar2": 5.76608863412e-06, "median": 0.00138933281414, "dmean2": 0.0014587668702, "dmean": 0.00101390108466, "var": 1.1002048268e-05, "dvar": 2.65381709141e-06, "mean": 0.00259827333502}, "barkbands_spread": {"min": 1.19564127922, "max": 128.285385132, "dvar2": 115.728897095, "median": 12.2467479706, "dmean2": 8.12969684601, "dmean": 5.53968858719, "var": 201.68522644, "dvar": 57.6175689697, "mean": 16.528263092}, "spectral_centroid": {"min": 183.195007324, "max": 11981.5664062, "dvar2": 143842.890625, "median": 618.5546875, "dmean2": 283.113708496, "dmean": 201.48059082, "var": 1471091.875, "dvar": 82228.5546875, "mean": 927.125183105}, "pitch_salience": {"min": 0.126114681363, "max": 0.966032266617, "dvar2": 0.00916596315801, "median": 0.559684872627, "dmean2": 0.113135010004, "dmean": 0.0700022503734, "var": 0.0112068355083, "dvar": 0.00368692958727, "mean": 0.556178510189}, "erbbands_skewness": {"min": -3.02348971367, "max": 7.08668899536, "dvar2": 0.414417475462, "median": 0.900930285454, "dmean2": 0.703320920467, "dmean": 0.467451155186, "var": 1.01020824909, "dvar": 0.18347004056, "mean": 0.947580933571}, "erbbands_crest": {"min": 2.43000674248, "max": 31.4109020233, "dvar2": 16.8720340729, "median": 9.44134712219, "dmean2": 4.70452022552, "dmean": 2.9472117424, "var": 23.2429008484, "dvar": 7.08029317856, "mean": 10.3108377457}, "melbands": {"min": [9.05555915639e-25, 9.63394309741e-25, 1.02871534535e-24, 8.67394374918e-25, 2.01816040598e-24, 1.40287029776e-24, 1.32897769677e-24, 2.91394016564e-24, 1.18733860871e-24, 1.97104391348e-24, 1.71838931769e-24, 1.33405648189e-24, 2.47925414103e-24, 2.81737964653e-24, 2.42352151251e-24, 3.50064954744e-24, 2.9906754269e-24, 2.36529213922e-24, 2.79309416914e-24, 2.53096357894e-24, 4.03790326694e-24, 3.1061565776e-24, 3.16474941855e-24, 4.71065252438e-24, 3.53092405683e-24, 4.66796528865e-24, 4.02071162123e-24, 4.17923282571e-24, 5.19629462473e-24, 4.05278512792e-24, 2.6444197237e-24, 3.53695726503e-24, 6.35674806492e-24, 5.32207336847e-24, 4.03997875998e-24, 5.01931249735e-24, 5.42729400259e-24, 5.27073232861e-24, 5.04981459311e-24, 6.05838824879e-24], "max": [0.032634191215, 0.0377283617854, 0.0280178338289, 0.0188480466604, 0.0451595447958, 0.0357582718134, 0.0329232960939, 0.0116038341075, 0.0112350648269, 0.0147295854986, 0.00616561342031, 0.00566421495751, 0.00382638652809, 0.0017426504055, 0.00118024670519, 0.00166071916465, 0.00076883751899, 0.000807145843282, 0.000699320982676, 0.000443709461251, 0.000457914487924, 0.000644505023956, 0.000697953393683, 0.000574293371756, 0.000378223223379, 0.000273844139883, 0.000237216925598, 0.000229911063798, 0.000135865993798, 0.000122442404972, 0.000119821066619, 4.9476246204e-05, 1.6837111616e-05, 1.0215245311e-05, 1.49008574226e-05, 6.78410651744e-06, 4.45360501544e-06, 2.48982087214e-06, 6.29040926015e-07, 4.62531517087e-07], "dvar2": [2.33321770793e-05, 1.32043987833e-05, 6.25387747277e-06, 1.38071607125e-06, 3.73801913156e-06, 3.34372271027e-06, 1.33463140628e-06, 4.65423255491e-07, 2.46712403396e-07, 2.43512744191e-07, 5.54446621948e-08, 4.16668441972e-08, 4.15494127992e-08, 9.25832743803e-09, 5.97897331645e-09, 3.76113762357e-09, 1.01709562994e-09, 5.90354154451e-10, 7.76893771537e-10, 7.65476848574e-10, 6.05178629431e-10, 4.20547374702e-10, 5.66155566872e-10, 2.61004023949e-10, 1.66455488282e-10, 7.24929699603e-11, 8.71571634309e-11, 8.1946713304e-11, 5.51088757961e-11, 2.82770907384e-11, 1.75168473476e-11, 4.62918115299e-12, 1.81908437966e-12, 1.47980304226e-12, 8.6644916502e-13, 3.25531648079e-13, 1.24885941432e-13, 4.83334753514e-14, 5.24036668687e-15, 2.32774098323e-15], "median": [0.00119645067025, 0.000860276515596, 0.000772498140577, 0.000375998439267, 0.000525009469129, 0.000443305005319, 0.000220953705139, 0.000139677358675, 7.53983913455e-05, 6.19738639216e-05, 3.7254212657e-05, 3.46470878867e-05, 1.98696179723e-05, 1.76352914423e-05, 1.35791615321e-05, 1.02728445199e-05, 6.07713718637e-06, 5.16101090398e-06, 5.13118993695e-06, 3.37549317919e-06, 2.67600557891e-06, 2.60538354269e-06, 2.25179383051e-06, 1.82134942861e-06, 1.53550286086e-06, 1.39056442094e-06, 1.47007153828e-06, 1.38886707646e-06, 9.53867811404e-07, 7.32952571525e-07, 5.51017819816e-07, 3.57087174052e-07, 2.12262889931e-07, 1.51584600872e-07, 1.09863989906e-07, 7.91124818988e-08, 4.40845333571e-08, 2.51423699638e-08, 1.55041348648e-08, 7.74494601785e-09], "dmean2": [0.00272919959389, 0.00207667518407, 0.00154174224008, 0.000654858537018, 0.000986571540125, 0.000927271146793, 0.00048240594333, 0.000362403079635, 0.000191848681425, 0.000184812117368, 9.94104993879e-05, 8.1838486949e-05, 6.78629075992e-05, 4.70844897791e-05, 3.52197675966e-05, 2.75183974736e-05, 1.38716113725e-05, 1.12235238703e-05, 1.29802192532e-05, 1.06798197521e-05, 9.01795465325e-06, 6.72181931805e-06, 6.72776150168e-06, 4.95721087646e-06, 4.34941648564e-06, 3.67176744476e-06, 4.22797438659e-06, 3.77411834052e-06, 3.24094548887e-06, 2.45962405643e-06, 1.78962318387e-06, 1.22017036119e-06, 8.35175569591e-07, 7.3482812013e-07, 5.46878879959e-07, 3.50520451775e-07, 2.1996771693e-07, 1.42611327192e-07, 5.42124176661e-08, 3.09001748633e-08], "dmean": [0.00175783189479, 0.00121863302775, 0.000968618609477, 0.000413672154536, 0.000631472910754, 0.000606916495599, 0.000316886493238, 0.000233900151215, 0.000121702825709, 0.000119650751003, 6.36558543192e-05, 5.29833559995e-05, 4.32199303759e-05, 2.90844345727e-05, 2.17835495278e-05, 1.74993419932e-05, 8.60755426402e-06, 7.05187085259e-06, 8.06166826806e-06, 6.84799761075e-06, 5.76809770791e-06, 4.36354457634e-06, 4.40253324996e-06, 3.27592692884e-06, 2.91932883556e-06, 2.49311278822e-06, 2.84520774585e-06, 2.59020430349e-06, 2.28321437135e-06, 1.72441434643e-06, 1.24590053474e-06, 8.55268524447e-07, 5.84572205753e-07, 5.18023341556e-07, 3.87547686387e-07, 2.50520656664e-07, 1.57208233986e-07, 9.93228042034e-08, 3.4686472361e-08, 1.90518214538e-08], "var": [1.24861762743e-05, 6.21835079073e-06, 6.34030902802e-06, 1.50871403548e-06, 4.10747179558e-06, 4.16523789681e-06, 1.85327758118e-06, 4.90626121064e-07, 1.61662953246e-07, 2.21169074166e-07, 5.25048804434e-08, 4.14354950351e-08, 3.12531369673e-08, 9.26130194756e-09, 4.36786473657e-09, 3.8063308061e-09, 6.91790624785e-10, 4.16288281624e-10, 4.78598938258e-10, 7.06182889942e-10, 4.77060779769e-10, 3.34420935388e-10, 4.43401731998e-10, 2.00957667174e-10, 1.45712122923e-10, 7.77234596128e-11, 8.28787802276e-11, 8.55468820782e-11, 8.12896416846e-11, 4.36140464022e-11, 2.21095902003e-11, 6.0660513071e-12, 1.50025716676e-12, 1.05337331739e-12, 6.41604607984e-13, 2.60214050828e-13, 1.0757824617e-13, 4.02002582156e-14, 3.19301965544e-15, 1.15472486512e-15], "dvar": [9.86690156424e-06, 4.92308208777e-06, 2.61078594121e-06, 6.08262723745e-07, 1.58532122896e-06, 1.4771540009e-06, 5.7686497712e-07, 1.98333722778e-07, 9.83552155276e-08, 1.04804790624e-07, 2.39361863663e-08, 1.89670448236e-08, 1.68566032244e-08, 3.71495390006e-09, 2.25558860478e-09, 1.74007863674e-09, 3.94743016052e-10, 2.47333903358e-10, 3.03938013646e-10, 3.27380872411e-10, 2.38339126213e-10, 1.8209099506e-10, 2.41016429037e-10, 1.13360411336e-10, 7.75175687528e-11, 3.57294679953e-11, 3.98042189487e-11, 3.88863871659e-11, 2.84330128886e-11, 1.39651389411e-11, 8.11743901263e-12, 2.26704484178e-12, 8.80223682571e-13, 7.26392253639e-13, 4.36988146406e-13, 1.67124831769e-13, 6.60237584548e-14, 2.56811665168e-14, 2.34304199815e-15, 9.73693277868e-16], "mean": [0.00242111436091, 0.00168891064823, 0.00170012516901, 0.000740218092687, 0.0011332485592, 0.00115965679288, 0.000621828308795, 0.00040061204345, 0.000202733674087, 0.000206464203075, 0.00010452492279, 8.4419742052e-05, 6.95000489941e-05, 4.84373267682e-05, 3.4300963307e-05, 2.79311461782e-05, 1.34683341457e-05, 1.13386577141e-05, 1.25801270769e-05, 1.11255885713e-05, 9.02411102288e-06, 7.00276314092e-06, 7.11132497599e-06, 5.13114900969e-06, 4.4126368266e-06, 3.87499676435e-06, 4.25035841545e-06, 4.17887122239e-06, 3.70335169464e-06, 2.84288375951e-06, 1.98671818907e-06, 1.26571649162e-06, 7.64635331052e-07, 6.13729866927e-07, 4.53185947435e-07, 3.03095134768e-07, 1.86940184221e-07, 1.13111170208e-07, 3.9045552569e-08, 2.0134130807e-08]}, "spectral_entropy": {"min": 5.03475141525, "max": 9.82247257233, "dvar2": 0.122185789049, "median": 7.22944545746, "dmean2": 0.377363830805, "dmean": 0.267687231302, "var": 0.376401036978, "dvar": 0.0641648024321, "mean": 7.20898199081}, "spectral_rolloff": {"min": 21.533203125, "max": 22028.4667969, "dvar2": 140125264, "median": 4500.43945312, "dmean2": 8605.03125, "dmean": 4485.85644531, "var": 103912312, "dvar": 61696916, "mean": 10824.2568359}, "barkbands": {"min": [1.00728712215e-25, 2.75946759254e-24, 3.28700047493e-25, 1.80044899564e-24, 7.87618291523e-24, 4.24314120865e-24, 4.86087570099e-24, 8.25106539461e-24, 1.46834703479e-23, 1.15857603013e-23, 1.36052678845e-23, 2.58122861253e-23, 3.5077911841e-23, 2.44348434769e-23, 3.59430240413e-23, 4.14236099368e-23, 7.35019696936e-23, 1.02397565999e-22, 1.52190314875e-22, 1.45963703221e-22, 2.4766839691e-22, 3.57291941422e-22, 3.99188230502e-22, 4.7750646739e-22, 9.26268610442e-22, 1.34161728137e-21, 1.78650777083e-21], "max": [0.103928312659, 0.103212356567, 0.122839286923, 0.0787355974317, 0.0694730207324, 0.193557783961, 0.143279671669, 0.0324555449188, 0.0782592818141, 0.0577510781586, 0.025322791189, 0.0165721420199, 0.0124880960211, 0.00996635016054, 0.00899020489305, 0.00633762264624, 0.0107019189745, 0.0114065753296, 0.00660317204893, 0.00615688133985, 0.00462087197229, 0.00154975650366, 0.000651615613606, 0.000233504164498, 5.01754620927e-05, 0.000323824147927, 0.00182296789717], "dvar2": [0.000121534925711, 0.000186244753422, 5.51693119633e-05, 4.49836043117e-05, 3.18470483762e-05, 9.55580544542e-05, 3.03997021547e-05, 5.25565792486e-06, 9.39381061471e-06, 2.25967346523e-06, 2.29006286645e-06, 5.84096369494e-07, 3.35055744927e-07, 1.05674615725e-07, 1.06220326757e-07, 1.45196850099e-07, 1.07140941452e-07, 1.11346366793e-07, 5.59026531732e-08, 6.47651532404e-08, 3.59990401932e-08, 6.84565559794e-09, 2.93744362168e-09, 4.11051831462e-10, 2.73299594761e-11, 2.22449769716e-09, 7.2214099589e-08], "median": [0.00155583955348, 0.00306156324223, 0.0013897952158, 0.00131770409644, 0.00195396691561, 0.00240750098601, 0.00102596462239, 0.000407081155572, 0.000458126654848, 0.000255377381109, 0.000133210036438, 0.000168291444425, 0.000108740336145, 6.24550884822e-05, 6.58902499708e-05, 4.36085429101e-05, 4.51063242508e-05, 4.09904750995e-05, 3.81495192414e-05, 4.78069305245e-05, 3.22330233757e-05, 1.53559576574e-05, 7.17643797543e-06, 3.01672457681e-06, 8.67839617058e-07, 4.51737014373e-06, 0.000123144636746], "dmean2": [0.00637740315869, 0.00773805053905, 0.00438067968935, 0.00380930281244, 0.00316252489574, 0.00496541662142, 0.00256870826706, 0.00107934989501, 0.00125271745492, 0.000642254541162, 0.000518165412359, 0.000395730079617, 0.000282860040898, 0.000140918855323, 0.000155113637447, 0.00014574782108, 0.000112711793918, 0.000105790997623, 9.34080235311e-05, 0.000119247793918, 9.1026427981e-05, 5.04579984408e-05, 3.30448347086e-05, 1.35210775625e-05, 3.36465905093e-06, 2.57547890214e-05, 0.000166379439179], "dmean": [0.00426397426054, 0.00475452467799, 0.0025962733198, 0.00239651603624, 0.00200958782807, 0.00323009584099, 0.00167348911054, 0.000691979948897, 0.000811123172753, 0.000412134308135, 0.000329126633005, 0.0002437375515, 0.000179158931132, 8.72801902005e-05, 9.74226277322e-05, 9.46338259382e-05, 7.32704429538e-05, 7.11029642844e-05, 6.50993388263e-05, 8.34025850054e-05, 6.66230189381e-05, 3.59287951142e-05, 2.37176518567e-05, 9.72796260612e-06, 2.07519451578e-06, 1.84819327842e-05, 0.000115076829388], "var": [9.59788812906e-05, 8.3327809989e-05, 3.67688408005e-05, 4.70131235488e-05, 2.94375568046e-05, 0.000119513570098, 4.22819503001e-05, 4.61633044324e-06, 8.06225034466e-06, 2.37378048951e-06, 1.72003319676e-06, 6.48971990813e-07, 3.21852780871e-07, 6.66433805918e-08, 7.23537070257e-08, 1.42316707752e-07, 9.76413048193e-08, 9.84335670751e-08, 6.36958290556e-08, 8.24182748715e-08, 7.29266531607e-08, 8.62856897044e-09, 2.30939045665e-09, 3.87775700439e-10, 1.36408540713e-11, 1.51220247435e-09, 5.47657776906e-08], "dvar": [6.18779522483e-05, 7.37095688237e-05, 2.16764583456e-05, 1.91930121218e-05, 1.34759429784e-05, 4.17724040744e-05, 1.31454708026e-05, 2.26556676353e-06, 3.86760939364e-06, 1.03476554614e-06, 9.35238062993e-07, 2.42043597609e-07, 1.47818411733e-07, 4.126789932e-08, 4.26720596636e-08, 6.1096095294e-08, 4.76083492629e-08, 5.04048465189e-08, 2.8432689092e-08, 3.2802581984e-08, 2.01464693816e-08, 3.44026429566e-09, 1.51772105994e-09, 2.26689361726e-10, 1.14411735294e-11, 1.14981046906e-09, 3.33974448097e-08], "mean": [0.0053356429562, 0.00621905038133, 0.00341707956977, 0.00388365681283, 0.00362762040459, 0.00606267759576, 0.00313352770172, 0.00109348597471, 0.00141826912295, 0.000647410925012, 0.000502925540786, 0.000417569361161, 0.000287358503556, 0.000135339359986, 0.000157703660079, 0.00015713389439, 0.000120030024846, 0.000115448390716, 0.00010405730427, 0.000136632661452, 0.000116878036351, 5.29785138497e-05, 2.83929766738e-05, 1.17633853733e-05, 2.21039658754e-06, 2.04452189791e-05, 0.000215383202885]}, "melbands_flatness_db": {"min": 0.00220706616528, "max": 0.519890904427, "dvar2": 0.00186917057727, "median": 0.273343741894, "dmean2": 0.050731074065, "dmean": 0.0349022857845, "var": 0.00510570639744, "dvar": 0.0008772269357, "mean": 0.273308306932}, "melbands_skewness": {"min": -1.24183273315, "max": 12.2292070389, "dvar2": 1.58858728409, "median": 2.26451134682, "dmean2": 1.23792815208, "dmean": 0.813229739666, "var": 2.48503136635, "dvar": 0.689970433712, "mean": 2.44297099113}, "barkbands_skewness": {"min": -2.19914412498, "max": 12.1746788025, "dvar2": 1.01298630238, "median": 2.21802902222, "dmean2": 1.07516312599, "dmean": 0.697087228298, "var": 1.80416750908, "dvar": 0.451185762882, "mean": 2.26504588127}, "silence_rate_60dB": {"min": 0, "max": 1, "dvar2": 0.00315213063732, "median": 0, "dmean2": 0.00297453068197, "dmean": 0.00148712703958, "var": 0.0292915459722, "dvar": 0.0014846615959, "mean": 0.0302044618875}, "spectral_energyband_low": {"min": 6.5686676585e-24, "max": 0.148634374142, "dvar2": 0.00038444637903, "median": 0.00934130698442, "dmean2": 0.0132773481309, "dmean": 0.00867530144751, "var": 0.000276358332485, "dvar": 0.000166666053701, "mean": 0.015061115846}, "spectral_energyband_middle_low": {"min": 1.64443344217e-22, "max": 0.233631104231, "dvar2": 0.000200196387595, "median": 0.0141359753907, "dmean2": 0.0106447096914, "dmean": 0.00696023600176, "var": 0.000352489412762, "dvar": 8.76404010342e-05, "mean": 0.0194187909365}, "melbands_kurtosis": {"min": -1.64398396015, "max": 267.157104492, "dvar2": 337.855499268, "median": 9.36154556274, "dmean2": 12.3518629074, "dmean": 7.84225559235, "var": 277.394714355, "dvar": 140.224075317, "mean": 14.2020330429}, "spectral_decrease": {"min": -6.26908871482e-08, "max": 7.76070585573e-09, "dvar2": 3.67984000988e-17, "median": -6.39319530649e-09, "dmean2": 5.09810860194e-09, "dmean": 3.45256601086e-09, "var": 4.9201950223e-17, "dvar": 1.68974122883e-17, "mean": -8.01761412816e-09}, "erbbands_kurtosis": {"min": -1.84393334389, "max": 79.2855758667, "dvar2": 21.2906951904, "median": 0.947698712349, "dmean2": 3.03981542587, "dmean": 1.94577288628, "var": 24.7116661072, "dvar": 8.63537025452, "mean": 2.6481821537}, "melbands_crest": {"min": 1.63012266159, "max": 35.6062507629, "dvar2": 30.9726333618, "median": 14.2520303726, "dmean2": 6.48199653625, "dmean": 3.98372793198, "var": 28.9004669189, "dvar": 12.3829936981, "mean": 15.0689535141}, "melbands_spread": {"min": 0.746276795864, "max": 165.253265381, "dvar2": 76.8543777466, "median": 9.47016811371, "dmean2": 6.15910768509, "dmean": 4.08934831619, "var": 291.971221924, "dvar": 35.6299743652, "mean": 13.6886196136}, "spectral_energy": {"min": 1.00307814643e-20, "max": 0.254546552896, "dvar2": 0.00053410656983, "median": 0.0376149341464, "dmean2": 0.0195902846754, "dmean": 0.0132667804137, "var": 0.00079476746032, "dvar": 0.000245420727879, "mean": 0.0431497581303}, "mfcc": {"mean": [-685.719482422, 165.516937256, 7.28619098663, 35.4556159973, -10.3807001114, 10.6741285324, -3.92389917374, 2.67393302917, -4.21579504013, 3.35523486137, -3.65305995941, 4.66029405594, 0.707830548286], "icov": [[0.000198239475139, -0.000128433137434, 0.000163211501786, -0.000237629676121, 0.000126264014398, -8.36446779431e-05, 9.95595401037e-05, -0.000209998848732, 7.82726128818e-05, -0.000179903945536, 0.000335222342983, -0.00030718324706, 0.000149634375703], [-0.000128433137434, 0.00084065599367, -0.000156049762154, 0.000406500941608, -6.12276489846e-05, 0.000262590474449, -0.000153279353981, 0.000549017160665, -0.000250529614277, 0.000352442119038, -0.000337832403602, 0.000522669753991, -0.000495233864058], [0.000163211501786, -0.000156049762154, 0.00198038225062, 0.000349995389115, 0.000354468269506, -4.04308630095e-05, 0.000140505493619, 0.000232836449868, 0.000775317952503, -0.0013744517928, -0.000423637247877, 0.000381369696697, 0.000742944888771], [-0.000237629676121, 0.000406500941608, 0.000349995389115, 0.00329235987738, 0.000708666979335, -0.000885509711225, 5.70724769204e-05, 0.000566311297007, 0.00012829375919, -6.21271974524e-05, -0.000795465603005, 0.00012327337754, 0.00111075956374], [0.000126264014398, -6.12276489846e-05, 0.000354468269506, 0.000708666979335, 0.0047537307255, -0.000752203864977, -0.00118060829118, 0.000248759170063, 0.000238938300754, -0.000157358750585, -0.000364186009392, 0.00144578528125, -0.000503898423631], [-8.36446779431e-05, 0.000262590474449, -4.04308630095e-05, -0.000885509711225, -0.000752203864977, 0.00623707380146, -0.00254261936061, -0.00112319097389, 3.68558612536e-05, -0.00073845096631, 0.0047481241636, -0.00107502343599, 0.000203160423553], [9.95595401037e-05, -0.000153279353981, 0.000140505493619, 5.70724769204e-05, -0.00118060829118, -0.00254261936061, 0.0120898727328, -0.00320636923425, -0.00264773610979, 0.00397978583351, -0.000577978324145, 0.00135105871595, -0.00124345463701], [-0.000209998848732, 0.000549017160665, 0.000232836449868, 0.000566311297007, 0.000248759170063, -0.00112319097389, -0.00320636923425, 0.0105244740844, 0.00136670132633, -0.00311537948437, -0.000548370066099, -0.000758645182941, 0.00101061910391], [7.82726128818e-05, -0.000250529614277, 0.000775317952503, 0.00012829375919, 0.000238938300754, 3.68558612536e-05, -0.00264773610979, 0.00136670132633, 0.0123985530809, -0.002727386076, -0.00221609906293, 0.000943026971072, -0.000455094850622], [-0.000179903945536, 0.000352442119038, -0.0013744517928, -6.21271974524e-05, -0.000157358750585, -0.00073845096631, 0.00397978583351, -0.00311537948437, -0.002727386076, 0.0126890046522, -0.00382076529786, -0.000396074872697, 0.000505916483235], [0.000335222342983, -0.000337832403602, -0.000423637247877, -0.000795465603005, -0.000364186009392, 0.0047481241636, -0.000577978324145, -0.000548370066099, -0.00221609906293, -0.00382076529786, 0.0195482447743, -0.00610434217378, -0.000354988675099], [-0.00030718324706, 0.000522669753991, 0.000381369696697, 0.00012327337754, 0.00144578528125, -0.00107502343599, 0.00135105871595, -0.000758645182941, 0.000943026971072, -0.000396074872697, -0.00610434217378, 0.0190926771611, -0.00524563807994], [0.000149634375703, -0.000495233864058, 0.000742944888771, 0.00111075956374, -0.000503898423631, 0.000203160423553, -0.00124345463701, 0.00101061910391, -0.000455094850622, 0.000505916483235, -0.000354988675099, -0.00524563807994, 0.0189673211426]], "cov": [[7633.86279297, 270.012969971, -674.599060059, 684.557495117, -260.4453125, 323.214904785, -17.4159088135, 176.842056274, -56.3307571411, 41.5994682312, -158.169311523, 106.201911926, -63.8344802856], [270.012969971, 1571.54345703, 91.0276260376, -223.04675293, 34.3342132568, -151.265945435, -5.09855365753, -109.840621948, 37.1987915039, -49.2425308228, 35.1094017029, -31.9409389496, 50.4791908264], [-674.599060059, 91.0276260376, 682.344482422, -123.004753113, -30.970911026, -87.3025817871, -56.2956314087, -22.9971961975, -17.0938796997, 79.7422332764, 50.7245635986, -12.2257947922, -19.1471214294], [684.557495117, -223.04675293, -123.004753113, 437.252380371, -72.0382461548, 94.5838623047, -1.39758205414, 23.0494365692, -11.3368883133, 8.69831371307, -20.0884037018, 13.704328537, -33.348991394], [-260.4453125, 34.3342132568, -30.970911026, -72.0382461548, 255.90284729, 37.4123077393, 47.946723938, -0.894253611565, 5.43675994873, -22.3933811188, -13.3724861145, -26.7162494659, 11.0603981018], [323.214904785, -151.265945435, -87.3025817871, 94.5838623047, 37.4123077393, 285.281402588, 74.0107345581, 55.7761116028, -10.4222564697, -18.2547492981, -78.3764343262, -7.57036066055, -12.124124527], [-17.4159088135, -5.09855365753, -56.2956314087, -1.39758205414, 47.946723938, 74.0107345581, 129.070205688, 31.0741500854, 15.1291894913, -38.649230957, -23.4042816162, -13.5355577469, 6.79055452347], [176.842056274, -109.840621948, -22.9971961975, 23.0494365692, -0.894253611565, 55.7761116028, 31.0741500854, 128.435302734, -6.40299463272, 25.3978786469, -6.78431797028, 8.55010604858, -8.73280620575], [-56.3307571411, 37.1987915039, -17.0938796997, -11.3368883133, 5.43675994873, -10.4222564697, 15.1291894913, -6.40299463272, 93.2552871704, 14.2305231094, 16.812538147, -1.06085526943, 6.21742248535], [41.5994682312, -49.2425308228, 79.7422332764, 8.69831371307, -22.3933811188, -18.2547492981, -38.649230957, 25.3978786469, 14.2305231094, 120.519248962, 33.93309021, 15.3597755432, -7.52332639694], [-158.169311523, 35.1094017029, 50.7245635986, -20.0884037018, -13.3724861145, -78.3764343262, -23.4042816162, -6.78431797028, 16.812538147, 33.93309021, 88.9268722534, 24.2467594147, 8.53380012512], [106.201911926, -31.9409389496, -12.2257947922, 13.704328537, -26.7162494659, -7.57036066055, -13.5355577469, 8.55010604858, -1.06085526943, 15.3597755432, 24.2467594147, 70.396774292, 15.5206384659], [-63.8344802856, 50.4791908264, -19.1471214294, -33.348991394, 11.0603981018, -12.124124527, 6.79055452347, -8.73280620575, 6.21742248535, -7.52332639694, 8.53380012512, 15.5206384659, 63.3829803467]]}, "spectral_contrast_valleys": {"min": [-28.5389957428, -28.4317169189, -27.7019424438, -27.7448749542, -27.5744342804, -27.5080337524], "max": [-5.21470117569, -4.20763635635, -5.34969711304, -5.95614099503, -5.62090587616, -9.09808635712], "dvar2": [0.277113735676, 0.208799108863, 0.177720800042, 0.201462760568, 0.282635569572, 0.591250538826], "median": [-6.77658367157, -6.28567934036, -7.18153095245, -7.81369781494, -7.80810451508, -10.9740562439], "dmean2": [0.632175922394, 0.568105220795, 0.508868873119, 0.498204410076, 0.537229418755, 0.909662604332], "dmean": [0.389891415834, 0.355398178101, 0.326886624098, 0.327418684959, 0.385952889919, 0.593003094196], "var": [5.35725975037, 5.53686332703, 5.15122509003, 4.95405197144, 5.11372566223, 3.64283847809], "dvar": [0.119271986187, 0.0935781896114, 0.0833192318678, 0.102148994803, 0.151708438993, 0.256769686937], "mean": [-7.08719301224, -6.58530282974, -7.47390890121, -8.09012699127, -8.11585140228, -11.2644548416]}, "barkbands_flatness_db": {"min": 0.0309722796082, "max": 0.381995081902, "dvar2": 0.00124317849986, "median": 0.160133749247, "dmean2": 0.0414745509624, "dmean": 0.0281539075077, "var": 0.00279972702265, "dvar": 0.000574548961595, "mean": 0.164308175445}, "dynamic_complexity": 2.37303876877, "spectral_skewness": {"min": -0.116785690188, "max": 9.80796813965, "dvar2": 0.770060360432, "median": 2.54788923264, "dmean2": 0.713238954544, "dmean": 0.501456022263, "var": 1.30152308941, "dvar": 0.366348326206, "mean": 2.70714616776}, "erbbands_flatness_db": {"min": 0.04958839342, "max": 0.377661645412, "dvar2": 0.00111188774463, "median": 0.152026832104, "dmean2": 0.0387838184834, "dm