{"lowlevel": {"spectral_complexity": {"min": 0, "max": 42, "dvar2": 13.8804187775, "median": 18, "dmean2": 4.23859500885, "dmean": 2.69449186325, "var": 34.9897346497, "dvar": 6.3329873085, "mean": 17.4578113556}, "silence_rate_20dB": {"min": 1, "max": 1, "dvar2": 0, "median": 1, "dmean2": 0, "dmean": 0, "var": 0, "dvar": 0, "mean": 1}, "average_loudness": 0.752743244171, "erbbands_spread": {"min": 3.25353455544, "max": 114.518920898, "dvar2": 137.999969482, "median": 25.6431808472, "dmean2": 9.69696712494, "dmean": 6.23654508591, "var": 198.70489502, "dvar": 58.3155555725, "mean": 27.1791477203}, "spectral_kurtosis": {"min": -1.27009367943, "max": 25.4067726135, "dvar2": 6.96933460236, "median": 5.7082400322, "dmean2": 2.63666009903, "dmean": 1.59967505932, "var": 8.85217475891, "dvar": 2.65376091003, "mean": 5.95693778992}, "barkbands_kurtosis": {"min": -1.90843594074, "max": 116.623344421, "dvar2": 31.2120857239, "median": 1.30248475075, "dmean2": 3.21605682373, "dmean": 2.07597136497, "var": 41.8173751831, "dvar": 14.7538900375, "mean": 3.1067199707}, "spectral_strongpeak": {"min": 0, "max": 12.5741624832, "dvar2": 2.48230242729, "median": 1.03894329071, "dmean2": 1.20586061478, "dmean": 0.747794091702, "var": 3.10510206223, "dvar": 1.05074977875, "mean": 1.7028324604}, "spectral_spread": {"min": 2183291.25, "max": 42624816, "dvar2": 1646683226110.0, "median": 4006867.5, "dmean2": 901821.5, "dmean": 601946.625, "var": 20248667357200.0, "dvar": 797136650240, "mean": 4855866.5}, "spectral_rms": {"min": 3.14075414981e-12, "max": 0.0110508883372, "dvar2": 9.40190659549e-07, "median": 0.00448351539671, "dmean2": 0.000903616193682, "dmean": 0.000610086251982, "var": 3.01102272715e-06, "dvar": 4.51918452882e-07, "mean": 0.00445078825578}, "erbbands": {"min": [8.95925422822e-23, 2.84511230409e-22, 8.37700912072e-22, 3.50946884512e-21, 1.16564046255e-20, 1.64417010147e-20, 5.48587603962e-20, 9.11119863811e-20, 6.81554690231e-20, 1.15314987374e-19, 1.52162419844e-19, 4.27710641224e-19, 3.88295821078e-19, 8.45356769141e-19, 1.03978608911e-18, 5.66658682762e-19, 1.3930336731e-18, 1.62552550216e-18, 2.2125662771e-18, 2.79774713644e-18, 3.1166670352e-18, 3.43617878169e-18, 4.57200508941e-18, 6.66878179719e-18, 7.19069429981e-18, 6.96274069379e-18, 9.28089119941e-18, 8.65790177543e-18, 1.10344288984e-17, 9.71940363036e-18, 1.13499147569e-17, 9.8725122802e-18, 8.07781159237e-18, 7.40409531732e-18, 6.23936132194e-18, 4.34768570141e-18, 2.22348320003e-18, 1.02612840662e-18, 2.43921423023e-19, 2.65822131571e-20], "max": [0.396640390158, 8.4796257019, 42.2895088196, 81.2634124756, 130.515930176, 674.717407227, 921.327270508, 970.218017578, 1495.77148438, 1495.85791016, 2380.98803711, 2838.61279297, 2854.77490234, 1698.46691895, 1537.24902344, 2119.7253418, 1719.99682617, 2036.0012207, 2016.4777832, 1213.02966309, 692.061279297, 378.556427002, 473.552337646, 492.179779053, 217.378799438, 190.194076538, 347.537841797, 891.936218262, 665.465087891, 563.791320801, 1208.18945312, 345.329803467, 214.562164307, 90.7604980469, 54.3313827515, 16.1796112061, 4.16741132736, 0.271361023188, 0.00526050338522, 0.00037075750879], "dvar2": [0.00125924753956, 0.301228821278, 8.49972343445, 31.4708347321, 125.417068481, 177.240814209, 761.711730957, 1877.03417969, 5897.90966797, 7308.37451172, 20451.9589844, 43396.0585938, 12624.84375, 13447.8359375, 13898.3974609, 12778.7802734, 13959.5146484, 7938.14160156, 6521.28808594, 3243.02661133, 1632.17236328, 505.390563965, 303.998809814, 692.969848633, 323.805633545, 115.737663269, 58.6525993347, 285.126251221, 353.854187012, 664.834655762, 1126.19006348, 82.600151062, 35.7922477722, 12.2197647095, 2.29204297066, 0.222215667367, 0.025371087715, 0.000131239517941, 5.65354199011e-08, 4.03728273035e-10], "median": [0.00836126320064, 0.126412734389, 0.51108109951, 1.46190965176, 2.24526929855, 2.90756464005, 4.16722011566, 4.02698040009, 4.32793331146, 6.96591758728, 11.1440105438, 16.8317871094, 13.9603176117, 14.6400337219, 16.0053386688, 15.0765094757, 19.3007507324, 13.9555063248, 10.1624441147, 10.419002533, 10.1987609863, 10.3766555786, 8.62881660461, 9.9573097229, 8.08397483826, 3.53800678253, 1.50366830826, 1.35572171211, 1.36592268944, 0.763481736183, 0.628615498543, 0.514941334724, 0.439874470234, 0.261003196239, 0.137390434742, 0.053349904716, 0.0160129982978, 0.0015107691288, 5.09488745593e-05, 3.00874562527e-05], "dmean2": [0.0176250059158, 0.274536341429, 1.21462309361, 2.6068379879, 5.25388717651, 6.47889900208, 10.3367919922, 12.848031044, 18.3349723816, 25.6304588318, 48.3860435486, 69.2484817505, 43.3839111328, 46.6192626953, 41.9118385315, 44.8859634399, 53.6046409607, 31.3989830017, 28.8075523376, 24.654384613, 19.9708862305, 13.2205629349, 11.1887550354, 13.9781007767, 10.9104537964, 5.04589414597, 2.1913228035, 2.80324006081, 4.68296957016, 4.76187229156, 4.67657804489, 2.02324676514, 1.41528689861, 0.89326775074, 0.447917580605, 0.176451936364, 0.05802969262, 0.00496617378667, 0.000105918988993, 1.43220740938e-05], "dmean": [0.0110909324139, 0.178068757057, 0.76796579361, 1.62514686584, 3.17744588852, 4.08841562271, 7.06320142746, 8.33903408051, 11.938082695, 17.0456237793, 32.3734664917, 46.1062965393, 28.4536476135, 31.5217456818, 27.324344635, 30.127199173, 35.6325302124, 20.2971858978, 18.7690010071, 15.8641824722, 12.5615787506, 8.33345794678, 7.22864675522, 9.3451051712, 7.08392572403, 3.09363770485, 1.38838160038, 1.7732642889, 2.79391956329, 2.87116360664, 2.95796561241, 1.34883165359, 0.968580722809, 0.606476664543, 0.301026880741, 0.11764357239, 0.0380594208837, 0.00317556108348, 6.9021130912e-05, 9.59837052505e-06], "var": [0.00136724417098, 0.377123445272, 6.81871509552, 24.4714660645, 75.9392318726, 372.099700928, 1290.47924805, 1885.0892334, 6163.10498047, 9816.63964844, 21804.4960938, 38197.9375, 27039.2910156, 15414.3359375, 9933.046875, 14484.0166016, 16162.7314453, 5577.98095703, 12194.8662109, 3836.27685547, 2369.04833984, 446.364990234, 377.569580078, 1057.72802734, 484.682739258, 74.7691345215, 88.9258651733, 323.536376953, 352.124908447, 457.238006592, 835.125976562, 119.181396484, 40.5581436157, 15.0205373764, 2.83929085732, 0.312770962715, 0.0222088880837, 0.000106210325612, 5.5300365176e-08, 7.25523807699e-10], "dvar": [0.000523231341504, 0.126487761736, 3.28766846657, 11.6634979248, 48.3720626831, 86.5528945923, 395.217529297, 804.743591309, 2575.38867188, 3507.37158203, 9704.92578125, 20418.3007812, 6154.36914062, 6270.56201172, 5927.74316406, 6145.80957031, 6664.88916016, 3324.10913086, 2980.57006836, 1501.32299805, 716.752502441, 218.442581177, 143.326141357, 366.527832031, 141.152160645, 40.9990463257, 24.1571025848, 117.869392395, 156.005767822, 259.583984375, 462.06262207, 44.1775169373, 18.4549770355, 6.2993221283, 1.14773583412, 0.12469214201, 0.0117475930601, 5.82213178859e-05, 2.64128701133e-08, 1.97940830393e-10], "mean": [0.0226482395083, 0.365525126457, 1.39393234253, 3.06958436966, 5.08712625504, 7.3509850502, 13.018321991, 14.2827281952, 23.1765155792, 32.0044059753, 52.2972259521, 69.4287872314, 55.9966545105, 56.5610351562, 45.951171875, 52.7150001526, 62.2932014465, 36.3545722961, 37.6606674194, 28.7425823212, 24.2468109131, 15.8965435028, 14.6265516281, 20.0953521729, 15.6833562851, 6.17647075653, 2.87031316757, 3.28390598297, 4.12162065506, 3.98284554482, 4.17284345627, 2.15451312065, 1.52544629574, 0.974310040474, 0.489185929298, 0.178464785218, 0.0545273162425, 0.00443505728617, 0.000112749854452, 3.38532117894e-05]}, "zerocrossingrate": {"min": 0.00732421875, "max": 0.53076171875, "dvar2": 0.000229793804465, "median": 0.05859375, "dmean2": 0.0108554027975, "dmean": 0.00923647265881, "var": 0.00431550014764, "dvar": 0.00019279497792, "mean": 0.06978636235}, "spectral_contrast_coeffs": {"min": [-0.982066452503, -0.996135413647, -0.99679350853, -0.985953211784, -0.987104594707, -0.966532945633], "max": [-0.277042329311, -0.373557120562, -0.454704225063, -0.47484254837, -0.538361608982, -0.631128072739], "dvar2": [0.00437632389367, 0.00386941875331, 0.00262660253793, 0.0017840549117, 0.000932871655095, 0.000925615779124], "median": [-0.638546943665, -0.725175380707, -0.740792036057, -0.744005799294, -0.744942128658, -0.788014113903], "dmean2": [0.0786159783602, 0.0759751498699, 0.0629479587078, 0.0520361997187, 0.0372131764889, 0.0308269932866], "dmean": [0.0478954724967, 0.0472382381558, 0.0396279096603, 0.0327815003693, 0.0239430889487, 0.0196209643036], "var": [0.00888116937131, 0.00884548947215, 0.00619439408183, 0.00506810285151, 0.00362662854604, 0.00179342285264], "dvar": [0.0016753555974, 0.00163286412135, 0.00110837805551, 0.000769940728787, 0.000422231416451, 0.000376996846171], "mean": [-0.636741042137, -0.713402867317, -0.732805073261, -0.740136027336, -0.746152818203, -0.788812816143]}, "dissonance": {"min": 0.266706198454, "max": 0.5, "dvar2": 0.00153189781122, "median": 0.463057518005, "dmean2": 0.0403704941273, "dmean": 0.0238150060177, "var": 0.00120271195192, "dvar": 0.000551390985493, "mean": 0.453802615404}, "spectral_energyband_high": {"min": 6.96669202571e-21, "max": 0.0472955219448, "dvar2": 3.16470641337e-06, "median": 0.000220802641707, "dmean2": 0.000457529939013, "dmean": 0.000305358262267, "var": 4.66051915282e-06, "dvar": 1.54434906108e-06, "mean": 0.00057940086117}, "gfcc": {"mean": [-18.8811836243, 86.6277008057, -127.915092468, 13.8875703812, -57.9180412292, 15.3647947311, -41.5840835571, 14.2593736649, -31.4055690765, 0.0741530358791, -17.7840862274, -1.78289437294, -16.1067504883], "icov": [[0.000262689951342, -0.000502124021295, 0.000566993607208, -0.000515786872711, 0.000685407780111, -0.000714951718692, 0.00100787938572, -0.0011458924273, 0.000755746092182, -0.00044153892668, 0.000638440891635, -0.000677990436088, 0.000766712473705], [-0.000502124021295, 0.0021463339217, -0.000850682787132, 0.000745977449697, -0.00152919325046, 0.00184877612628, -0.00206065014936, 0.00214505777694, -0.00172544724774, 0.00181662198156, -0.00195476529188, 0.00228270655498, -0.00195316364989], [0.000566993607208, -0.000850682787132, 0.00270127179101, -0.00141546223313, 0.0011164698517, -0.00156263215467, 0.00208187499084, -0.00205645896494, 0.000885858840775, -0.000561755383387, 0.00171316147316, -0.00166301173158, 0.00102587300353], [-0.000515786872711, 0.000745977449697, -0.00141546223313, 0.00473858136684, -0.00183092337102, -0.000367058964912, -0.00116469734348, 0.00363115640357, -0.00287812482566, -0.000162043957971, -0.000420414813561, 0.00133979506791, -0.00202551833354], [0.000685407780111, -0.00152919325046, 0.0011164698517, -0.00183092337102, 0.00589008349925, -0.00214991136454, 0.00137159787118, -0.00311766262166, 0.00228203972802, -0.00265940022655, 0.00116172141861, -7.50280596549e-05, 0.000451243016869], [-0.000714951718692, 0.00184877612628, -0.00156263215467, -0.000367058964912, -0.00214991136454, 0.00970839336514, -0.00490351673216, 0.00242679007351, -0.000520181143656, 0.000799629488029, -0.000854825251736, 0.000263654510491, -0.000383553706342], [0.00100787938572, -0.00206065014936, 0.00208187499084, -0.00116469734348, 0.00137159787118, -0.00490351673216, 0.0101095838472, -0.00641033379361, 0.0010269288905, 0.00193931302056, 0.000787876721006, -0.00443340372294, 0.00473090214655], [-0.0011458924273, 0.00214505777694, -0.00205645896494, 0.00363115640357, -0.00311766262166, 0.00242679007351, -0.00641033379361, 0.0148198269308, -0.00420361151919, -0.000897208112292, -0.0012473682873, 0.00305787613615, -0.00323024159297], [0.000755746092182, -0.00172544724774, 0.000885858840775, -0.00287812482566, 0.00228203972802, -0.000520181143656, 0.0010269288905, -0.00420361151919, 0.0124925756827, -0.00640947232023, 0.000344035215676, 0.000686988700181, 5.38567655894e-05], [-0.00044153892668, 0.00181662198156, -0.000561755383387, -0.000162043957971, -0.00265940022655, 0.000799629488029, 0.00193931302056, -0.000897208112292, -0.00640947232023, 0.0160781182349, -0.0043771378696, -0.000841219909489, 0.000426465732744], [0.000638440891635, -0.00195476529188, 0.00171316147316, -0.000420414813561, 0.00116172141861, -0.000854825251736, 0.000787876721006, -0.0012473682873, 0.000344035215676, -0.0043771378696, 0.0156619586051, -0.00607965327799, 0.000480477465317], [-0.000677990436088, 0.00228270655498, -0.00166301173158, 0.00133979506791, -7.50280596549e-05, 0.000263654510491, -0.00443340372294, 0.00305787613615, 0.000686988700181, -0.000841219909489, -0.00607965327799, 0.0185104124248, -0.00741977710277], [0.000766712473705, -0.00195316364989, 0.00102587300353, -0.00202551833354, 0.000451243016869, -0.000383553706342, 0.00473090214655, -0.00323024159297, 5.38567655894e-05, 0.000426465732744, 0.000480477465317, -0.00741977710277, 0.0184717867523]], "cov": [[24503.5214844, 1149.83557129, -2442.21582031, 265.277526855, -1118.94274902, 348.455291748, -849.030090332, 364.180084229, -650.465759277, 27.5299358368, -380.825775146, -20.8671092987, -412.27935791], [1149.83557129, 1076.64208984, -111.76789856, 20.7749176025, 73.6245346069, -91.6560134888, 24.7283916473, -12.626127243, 41.5207176208, -56.960735321, 43.0430793762, -68.6012878418, 34.8759994507], [-2442.21582031, -111.76789856, 821.84161377, 139.290679932, 101.159172058, 19.3196372986, 8.54171848297, -37.1000595093, 85.0414657593, 21.012720108, -2.19466710091, 15.0382862091, 53.8015937805], [265.277526855, 20.7749176025, 139.290679932, 390.390289307, 72.8180236816, 55.6169548035, -48.0848312378, -43.1517944336, 72.7471847534, 52.8321418762, -5.89442205429, -4.80785560608, 27.193397522], [-1118.94274902, 73.6245346069, 101.159172058, 72.8180236816, 313.516387939, 20.6206951141, 56.3428688049, 13.2876396179, 48.4701957703, 34.2476158142, 23.7815246582, -14.4071550369, 29.9208965302], [348.455291748, -91.6560134888, 19.3196372986, 55.6169548035, 20.6206951141, 182.600753784, 68.2949447632, 17.8219509125, -19.1835746765, -0.625595569611, -10.6716918945, 21.3090019226, -21.3087272644], [-849.030090332, 24.7283916473, 8.54171848297, -48.0848312378, 56.3428688049, 68.2949447632, 261.493835449, 52.4199485779, 11.4670495987, -35.9267501831, 25.1811885834, 23.0175971985, -16.2686290741], [364.180084229, -12.626127243, -37.1000595093, -43.1517944336, 13.2876396179, 17.8219509125, 52.4199485779, 128.385360718, 15.4766597748, 18.3979759216, 0.0222566667944, 2.24533605576, -9.61984539032], [-650.465759277, 41.5207176208, 85.0414657593, 72.7471847534, 48.4701957703, -19.1835746765, 11.4670495987, 15.4766597748, 161.194992065, 60.7560501099, 29.5998706818, -8.71270465851, 26.6882610321], [27.5299358368, -56.960735321, 21.012720108, 52.8321418762, 34.2476158142, -0.625595569611, -35.9267501831, 18.3979759216, 60.7560501099, 113.061424255, 25.2725124359, 9.56252098083, 9.42609214783], [-380.825775146, 43.0430793762, -2.19466710091, -5.89442205429, 23.7815246582, -10.6716918945, 25.1811885834, 0.0222566667944, 29.5998706818, 25.2725124359, 97.7112197876, 27.5915164948, 20.4575138092], [-20.8671092987, -68.6012878418, 15.0382862091, -4.80785560608, -14.4071550369, 21.3090019226, 23.0175971985, 2.24533605576, -8.71270465851, 9.56252098083, 27.5915164948, 86.6029663086, 21.4156742096], [-412.27935791, 34.8759994507, 53.8015937805, 27.193397522, 29.9208965302, -21.3087272644, -16.2686290741, -9.61984539032, 26.6882610321, 9.42609214783, 20.4575138092, 21.4156742096, 84.0164794922]]}, "spectral_flux": {"min": 6.34744132255e-11, "max": 0.301763981581, "dvar2": 0.00175601348747, "median": 0.0738311260939, "dmean2": 0.0397020690143, "dmean": 0.0250343438238, "var": 0.00205495138653, "dvar": 0.000729259219952, "mean": 0.0832524374127}, "silence_rate_30dB": {"min": 0, "max": 1, "dvar2": 0.00136677222326, "median": 1, "dmean2": 0.00136861309875, "dmean": 0.000684228551108, "var": 0.000683690770529, "dvar": 0.000683768535964, "mean": 0.999315857887}, "spectral_energyband_middle_high": {"min": 1.05358596427e-21, "max": 0.0634904578328, "dvar2": 3.1347375625e-05, "median": 0.00461779627949, "dmean2": 0.00382452062331, "dmean": 0.00257823104039, "var": 6.82677637087e-05, "dvar": 1.52562643052e-05, "mean": 0.00793215073645}, "barkbands_spread": {"min": 1.25697898865, "max": 113.976898193, "dvar2": 78.9578552246, "median": 17.1221542358, "dmean2": 7.13580322266, "dmean": 4.63978672028, "var": 163.5834198, "dvar": 36.5808334351, "mean": 19.6960754395}, "spectral_centroid": {"min": 212.986236572, "max": 12034.3476562, "dvar2": 168477.109375, "median": 1324.78857422, "dmean2": 327.502746582, "dmean": 216.40007019, "var": 1654610.125, "dvar": 80532.2734375, "mean": 1491.05578613}, "pitch_salience": {"min": 0.0823647454381, "max": 0.99609452486, "dvar2": 0.00880214385688, "median": 0.554843306541, "dmean2": 0.106507174671, "dmean": 0.0673398673534, "var": 0.0129307098687, "dvar": 0.00362562132068, "mean": 0.548479199409}, "erbbands_skewness": {"min": -4.42291069031, "max": 4.69707250595, "dvar2": 0.318297624588, "median": 0.404829025269, "dmean2": 0.590447068214, "dmean": 0.383345872164, "var": 0.915872812271, "dvar": 0.145038247108, "mean": 0.503428936005}, "erbbands_crest": {"min": 2.51968026161, "max": 31.7443656921, "dvar2": 21.1075496674, "median": 9.63450050354, "dmean2": 5.0558180809, "dmean": 3.15435504913, "var": 32.4442863464, "dvar": 8.97299289703, "mean": 11.1150197983}, "melbands": {"min": [9.21726282297e-25, 1.03676636114e-24, 5.75994777164e-25, 1.25479509079e-24, 2.30151431276e-24, 2.12229260927e-24, 9.09867730739e-25, 1.04038654245e-24, 6.63393465714e-25, 2.78344699191e-24, 1.48450665322e-24, 2.99336465373e-24, 3.22709112374e-24, 2.36052879986e-24, 1.19522021662e-24, 3.02466310457e-24, 2.7512979518e-24, 3.15798848616e-24, 3.22604864405e-24, 2.15266769842e-24, 3.95796759698e-24, 2.99051726029e-24, 4.66791795699e-24, 3.49496107145e-24, 5.0015012014e-24, 4.06406781101e-24, 3.80070659781e-24, 3.55336714958e-24, 4.40350716435e-24, 5.38848638479e-24, 4.74385804647e-24, 4.87933110187e-24, 4.40965870169e-24, 4.24503684141e-24, 6.12516216898e-24, 5.94559533884e-24, 5.19666499492e-24, 5.31358049196e-24, 5.04254878974e-24, 5.9548569603e-24], "max": [0.00487516541034, 0.0187607854605, 0.0125444382429, 0.0237504392862, 0.0239921472967, 0.0208714511245, 0.0222719553858, 0.0167670510709, 0.0198167636991, 0.015494341962, 0.0142135014758, 0.00776594225317, 0.00587001116946, 0.005036954768, 0.00575758144259, 0.00316978688352, 0.0042474954389, 0.00314581231214, 0.00220871879719, 0.00120334711391, 0.00102184654679, 0.000444901263108, 0.000390500354115, 0.000288664508844, 0.00050013163127, 0.000271489727311, 0.000151667976752, 0.000158062161063, 0.00018892234948, 0.000327451009071, 0.000564203248359, 0.000458980764961, 0.00030776890344, 0.000458447175333, 0.000804200943094, 0.000411160493968, 0.000139555835631, 0.000163291668287, 0.000128795349156, 7.59710310376e-05], "dvar2": [1.70583334125e-07, 1.39722749282e-06, 1.25052838484e-06, 5.80280470786e-07, 6.16375814388e-07, 8.844833701e-07, 1.26312431803e-06, 8.84125142875e-07, 1.69306304088e-06, 1.47903381276e-06, 3.11680793175e-07, 2.32280882528e-07, 2.02554574003e-07, 8.78720953779e-08, 1.20875981224e-07, 5.35512754141e-08, 3.49158284507e-08, 2.30312480198e-08, 9.71149471951e-09, 6.26259932801e-09, 2.6160422717e-09, 7.96482935161e-10, 5.28419419332e-10, 4.07162970006e-10, 6.63257948563e-10, 4.05220468291e-10, 7.28839072428e-11, 5.91970361619e-11, 2.16472083314e-11, 4.74705760811e-11, 1.41345532501e-10, 1.41711212209e-10, 1.13740961094e-10, 3.70241587389e-10, 6.90040469209e-10, 9.31226970535e-11, 2.62866117762e-11, 2.02732899912e-11, 1.78288495079e-11, 8.62932468537e-12], "median": [0.000108813255792, 0.000256798608461, 0.000293526361929, 0.000196240929654, 0.000154599983944, 9.13463009056e-05, 6.22611842118e-05, 7.59149406804e-05, 9.28950466914e-05, 9.54068236751e-05, 5.69332187297e-05, 5.08386074216e-05, 4.72788669867e-05, 3.26224471792e-05, 4.43498065579e-05, 3.17867816193e-05, 1.95172651729e-05, 1.45110243466e-05, 1.18919078886e-05, 1.34534147946e-05, 1.0306391232e-05, 8.98273447092e-06, 7.98363907961e-06, 5.70562224311e-06, 7.27859332983e-06, 6.6758993853e-06, 3.46688102582e-06, 1.63222443916e-06, 8.08702111499e-07, 6.2338187945e-07, 7.8714015217e-07, 8.13611165995e-07, 4.8261279062e-07, 3.42469633097e-07, 3.58352707508e-07, 2.87398108867e-07, 2.93767044468e-07, 2.86157899154e-07, 2.72887177744e-07, 1.87397034779e-07], "dmean2": [0.000215691470657, 0.00052267225692, 0.000520258618053, 0.000405675935326, 0.000331764953444, 0.000292345241178, 0.000281292130239, 0.000299620354781, 0.00045065980521, 0.00041249737842, 0.000214557236177, 0.000195038781385, 0.000159334493219, 0.000113023888844, 0.000145985424751, 9.75138173089e-05, 6.20233695372e-05, 5.16181135026e-05, 3.62732389476e-05, 3.61434103979e-05, 2.39809032792e-05, 1.53675955517e-05, 1.44433479363e-05, 1.12200023068e-05, 1.29936070152e-05, 1.13693376989e-05, 5.05721618538e-06, 3.25516907651e-06, 1.40601423482e-06, 1.42644103107e-06, 1.9511157916e-06, 2.94039386972e-06, 2.50011680691e-06, 3.09917641061e-06, 3.31714500135e-06, 1.65620372172e-06, 1.17874776606e-06, 1.04340711005e-06, 9.95778691504e-07, 7.40713119285e-07], "dmean": [0.000138210598379, 0.000333532952936, 0.00032166641904, 0.000248788390309, 0.000226463089348, 0.000189969548956, 0.000185456286999, 0.00020065701392, 0.000296726735542, 0.000275398575468, 0.000141460739542, 0.000131121167215, 0.000103819882497, 7.31719337637e-05, 9.76583978627e-05, 6.52044545859e-05, 3.98279371439e-05, 3.35006043315e-05, 2.39002674789e-05, 2.27380278375e-05, 1.50188407133e-05, 9.70079418039e-06, 8.90302726475e-06, 7.24077153791e-06, 8.61143507791e-06, 7.24762458049e-06, 3.1761221635e-06, 1.96144128495e-06, 8.78644186741e-07, 9.16530723316e-07, 1.22853521134e-06, 1.74451656676e-06, 1.50005962496e-06, 1.84814564363e-06, 2.05968353839e-06, 1.0841384892e-06, 7.65566767313e-07, 6.98801386534e-07, 6.81273888858e-07, 4.92377921546e-07], "var": [1.98043721866e-07, 1.34697836529e-06, 9.22110245938e-07, 6.89270734711e-07, 1.16042122045e-06, 9.34330614655e-07, 1.43454212775e-06, 1.22085839394e-06, 1.63664117281e-06, 1.34011293085e-06, 6.79462061726e-07, 2.74664472499e-07, 1.47072242385e-07, 8.38841316408e-08, 1.38766040436e-07, 5.49778746972e-08, 2.26201795073e-08, 3.22059605651e-08, 1.40628149126e-08, 5.75337333331e-09, 3.25265370194e-09, 6.46800002446e-10, 4.70203709302e-10, 4.41220088243e-10, 8.92942331188e-10, 4.75592620841e-10, 7.6842351926e-11, 3.4396339943e-11, 2.58574221063e-11, 6.69803379427e-11, 1.3227324791e-10, 1.25246563121e-10, 8.6939434818e-11, 2.04187403097e-10, 3.82254533582e-10, 1.20422019578e-10, 2.82088311043e-11, 1.97709383587e-11, 1.8254920145e-11, 9.31876711213e-12], "dvar": [7.09075749228e-08, 5.54659493446e-07, 4.63945468709e-07, 2.40756918402e-07, 3.22221296756e-07, 3.79189287969e-07, 5.61272770483e-07, 4.35956593492e-07, 7.70614065004e-07, 7.03307591721e-07, 1.53785279622e-07, 1.0773239012e-07, 8.65837108677e-08, 4.07792484225e-08, 6.18184259338e-08, 2.55365062429e-08, 1.46250833666e-08, 1.06086428531e-08, 4.87920637227e-09, 2.78025291678e-09, 1.16971887731e-09, 3.59203417011e-10, 2.10414713431e-10, 1.88456222849e-10, 3.42325140457e-10, 1.70078368056e-10, 3.03459132822e-11, 1.99210301033e-11, 8.17038017104e-12, 2.12082781892e-11, 5.52669923715e-11, 6.11659126126e-11, 4.60746718556e-11, 1.3880389893e-10, 2.58038646006e-10, 5.12311859602e-11, 1.2094476462e-11, 9.89383401595e-12, 8.96230745867e-12, 4.12362461885e-12], "mean": [0.000289612013148, 0.000655132753309, 0.000607373483945, 0.00043116757297, 0.000440689298557, 0.000326845882228, 0.000362240738468, 0.000357816286851, 0.000464604730951, 0.000411675719079, 0.000268990319455, 0.000227456795983, 0.000164731653058, 0.000117762559967, 0.00016498324112, 0.000103801408841, 6.34029347566e-05, 5.96096251684e-05, 4.24781319452e-05, 3.61240927305e-05, 2.6689389415e-05, 1.6156316633e-05, 1.54263270815e-05, 1.28569845401e-05, 1.67149846675e-05, 1.45280509969e-05, 6.21762228548e-06, 3.4977431369e-06, 1.64422817761e-06, 1.66539064139e-06, 2.07593529922e-06, 2.50981565841e-06, 1.96630207938e-06, 2.37885910792e-06, 2.69312727141e-06, 1.67043799593e-06, 1.15374677989e-06, 1.05403171347e-06, 1.00872102848e-06, 7.60779073516e-07]}, "spectral_entropy": {"min": 5.93582725525, "max": 9.8249540329, "dvar2": 0.0499614626169, "median": 7.41178846359, "dmean2": 0.226573005319, "dmean": 0.158253207803, "var": 0.231045007706, "dvar": 0.0260218065232, "mean": 7.44330835342}, "spectral_rolloff": {"min": 107.666015625, "max": 19659.8144531, "dvar2": 1562510.875, "median": 1335.05859375, "dmean2": 667.99786377, "dmean": 402.065490723, "var": 6413016.5, "dvar": 712804.375, "mean": 1882.49023438}, "barkbands": {"min": [5.37626702798e-26, 1.33356906445e-24, 8.7027393909e-26, 7.43141830509e-25, 6.24123121827e-24, 9.85328528046e-24, 4.59552024742e-24, 7.73543593024e-24, 1.85163056727e-23, 1.11151463956e-23, 1.59234034965e-23, 1.58480625469e-23, 2.88030029674e-23, 2.82304067016e-23, 3.90216452318e-23, 3.85440499071e-23, 6.12724673392e-23, 8.50762694236e-23, 1.20512261007e-22, 1.30591391642e-22, 2.66511065383e-22, 3.26996729166e-22, 3.55777530432e-22, 5.28160021286e-22, 8.49478643252e-22, 1.28907263224e-21, 1.98316390301e-21], "max": [0.000328736496158, 0.0282709486783, 0.0346975922585, 0.0363900177181, 0.114949204028, 0.103485450149, 0.0977255254984, 0.0812203735113, 0.104777872562, 0.0746030807495, 0.0416534282267, 0.0424369499087, 0.0404937751591, 0.0346212349832, 0.0320785678923, 0.0135287465528, 0.0104023590684, 0.00872499682009, 0.00749298511073, 0.00416304403916, 0.0158044993877, 0.0166847091168, 0.0329183377326, 0.0111234402284, 0.00667076185346, 0.00247651454993, 1.00676470538e-05], "dvar2": [8.91747953258e-10, 3.82708140023e-06, 7.17231159797e-06, 8.3186878328e-06, 1.11010267574e-05, 2.19284356717e-05, 2.99714738503e-05, 3.40051701642e-05, 6.53495517327e-05, 1.3363142898e-05, 1.08258682303e-05, 8.56290444062e-06, 7.66297671362e-06, 3.71104351871e-06, 2.17589240492e-06, 8.72557507137e-07, 2.40224977688e-07, 1.53005558445e-07, 2.45451388992e-07, 4.33861622184e-08, 8.36196818454e-08, 2.40430210852e-07, 1.21558355204e-06, 1.1556991808e-07, 5.92842894775e-08, 7.04790759087e-09, 5.35882644682e-13], "median": [3.16815476253e-06, 0.000477042805869, 0.000430098094512, 0.000517388805747, 0.000918708392419, 0.000502669019625, 0.000285580230411, 0.000361038168194, 0.00063512858469, 0.000411212618928, 0.00030697818147, 0.000226287083933, 0.000364577223081, 0.000190965962247, 0.000182900956133, 0.000160296302056, 0.000192442472326, 0.000130213622469, 0.000196472305106, 6.07750262134e-05, 3.04277309624e-05, 3.88401895179e-05, 2.20637084567e-05, 2.69281881629e-05, 2.18830864469e-05, 9.65712479228e-06, 7.67244614508e-08], "dmean2": [1.46998836499e-05, 0.00100927217864, 0.00112043763511, 0.00127688690554, 0.00181827694178, 0.00157741189469, 0.00147790054325, 0.00195091788191, 0.00291127315722, 0.00156746630091, 0.00123220274691, 0.00109808437992, 0.00124770612456, 0.00065999495564, 0.000558613566682, 0.000439740833826, 0.000306375673972, 0.000226472693612, 0.000285211746814, 9.96570015559e-05, 5.72913013457e-05, 0.000127711333334, 0.000166960235219, 8.49868811201e-05, 6.86960629537e-05, 3.17873018503e-05, 3.53657014784e-07], "dmean": [8.55546295497e-06, 0.000652914459351, 0.000704783422407, 0.00078887946438, 0.00114312453661, 0.00103192811366, 0.000987129751593, 0.00130104494747, 0.00189202115871, 0.0010108432034, 0.000805035990197, 0.000713083078153, 0.000799414061476, 0.00041893919115, 0.000357238663128, 0.000273577345069, 0.000189395039342, 0.000144937352161, 0.000185688055353, 6.0652011598e-05, 3.65815649275e-05, 7.65769073041e-05, 0.000104170510895, 5.7532437495e-05, 4.69868391519e-05, 2.11036040128e-05, 2.15416662286e-07], "var": [4.99836672052e-10, 4.79001118947e-06, 4.96174561704e-06, 6.48126297165e-06, 1.59813298524e-05, 2.67101986537e-05, 3.47463865182e-05, 3.86031024391e-05, 5.8953777625e-05, 2.17898450501e-05, 8.63802142703e-06, 8.34086949908e-06, 7.09181040293e-06, 2.46740660259e-06, 3.79102152692e-06, 9.20047227737e-07, 1.82583477226e-07, 1.75267388158e-07, 3.6420840388e-07, 2.74103584275e-08, 1.26495280028e-07, 2.42721711174e-07, 9.04962746517e-07, 1.61068484772e-07, 8.10648117522e-08, 8.02423638646e-09, 2.99102919082e-13], "dvar": [3.02735614355e-10, 1.60605691235e-06, 2.70680243375e-06, 3.11418580168e-06, 4.88106525154e-06, 9.77453510131e-06, 1.3756077351e-05, 1.7089456378e-05, 2.97761016554e-05, 6.63309037918e-06, 4.72871897728e-06, 3.94291964767e-06, 3.41896839018e-06, 1.6121509816e-06, 1.00103943623e-06, 3.79586964527e-07, 1.0012497853e-07, 7.21783166568e-08, 1.16026420471e-07, 1.51739900645e-08, 3.57956153607e-08, 1.05353500146e-07, 4.93056234063e-07, 6.21762197284e-08, 3.126644188e-08, 3.61575058783e-09, 2.17748047241e-13], "mean": [1.12073985292e-05, 0.00135342893191, 0.00119348138105, 0.00138705095742, 0.00206609163433, 0.0018080198206, 0.00184358097613, 0.001996508101, 0.00284903193824, 0.00184864818584, 0.00124171189964, 0.00111813773401, 0.00126989372075, 0.000643095059786, 0.000672021007631, 0.00046071637189, 0.000317394908052, 0.00026486965362, 0.000400716555305, 0.00011089428881, 7.10457607056e-05, 0.000114954986202, 0.000145536469063, 9.40299141803e-05, 7.75010048528e-05, 3.12825650326e-05, 2.54875487826e-07]}, "melbands_flatness_db": {"min": 7.33436138489e-08, "max": 0.400076568127, "dvar2": 0.000881456944626, "median": 0.178582638502, "dmean2": 0.0306987483054, "dmean": 0.0211161784828, "var": 0.00352459703572, "dvar": 0.000433430686826, "mean": 0.181664288044}, "melbands_skewness": {"min": -1.5506567955, "max": 12.9707660675, "dvar2": 0.739530861378, "median": 1.35226535797, "dmean2": 0.831114888191, "dmean": 0.5474807024, "var": 1.67769098282, "dvar": 0.33392137289, "mean": 1.56488227844}, "barkbands_skewness": {"min": -3.66715931892, "max": 9.22676181793, "dvar2": 0.503753185272, "median": 0.876342535019, "dmean2": 0.704068243504, "dmean": 0.46674284339, "var": 1.2432872057, "dvar": 0.233188539743, "mean": 1.00463354588}, "silence_rate_60dB": {"min": 0, "max": 1, "dvar2": 0.0153250116855, "median": 0, "dmean2": 0.013686131686, "dmean": 0.00684228539467, "var": 0.0388382561505, "dvar": 0.00679504498839, "mean": 0.0404789038002}, "spectral_energyband_low": {"min": 1.39380567459e-23, "max": 0.0681061893702, "dvar2": 1.75638160727e-05, "median": 0.00166017119773, "dmean2": 0.00219686934724, "dmean": 0.0014188681962, "var": 1.98366960831e-05, "dvar": 6.99981637808e-06, "mean": 0.00321341282688}, "spectral_energyband_middle_low": {"min": 1.75581113565e-22, "max": 0.117902301252, "dvar2": 0.000131978405989, "median": 0.00752754649147, "dmean2": 0.00736814597622, "dmean": 0.00480899075046, "var": 0.000193773084902, "dvar": 5.81082967983e-05, "mean": 0.012619914487}, "melbands_kurtosis": {"min": -1.9068223238, "max": 282.815826416, "dvar2": 110.372573853, "median": 3.16403150558, "dmean2": 5.87731170654, "dmean": 3.77195096016, "var": 123.038116455, "dvar": 50.3875236511, "mean": 6.44369363785}, "spectral_decrease": {"min": -3.22970912237e-08, "max": 8.71209207649e-25, "dvar2": 9.27916983655e-18, "median": -4.93595386786e-09, "dmean2": 2.33499108937e-09, "dmean": 1.54084855986e-09, "var": 1.67832117329e-17, "dvar": 4.1332606343e-18, "mean": -5.67115643335e-09}, "erbbands_kurtosis": {"min": -1.71625435352, "max": 30.0812759399, "dvar2": 8.60873222351, "median": 0.498433113098, "dmean2": 2.03113126755, "dmean": 1.28515708447, "var": 11.1173563004, "dvar": 3.67736077309, "mean": 1.6162853241}, "melbands_crest": {"min": 1.00038409233, "max": 33.3022422791, "dvar2": 21.634885788, "median": 12.5903816223, "dmean2": 5.23903417587, "dmean": 3.30762696266, "var": 32.7391548157, "dvar": 9.26664733887, "mean": 13.5073127747}, "melbands_spread": {"min": 0.993254244328, "max": 243.694915771, "dvar2": 237.225265503, "median": 22.6671333313, "dmean2": 10.6101350784, "dmean": 6.94520282745, "var": 619.720581055, "dvar": 117.340415955, "mean": 27.8584098816}, "spectral_energy": {"min": 1.01109452823e-20, "max": 0.125175178051, "dvar2": 0.000147843471495, "median": 0.0206044595689, "dmean2": 0.00944772176445, "dmean": 0.00624597864226, "var": 0.00027228705585, "dvar": 6.5876141889e-05, "mean": 0.0233910530806}, "mfcc": {"mean": [-651.167907715, 122.926795959, -13.3086118698, 4.54027318954, 2.47866868973, -3.66718387604, 2.45593595505, 4.25510883331, -4.73950624466, 0.0868331938982, 1.03604078293, -5.21204376221, -2.69198560715], "icov": [[0.000159629722475, -8.54678437463e-05, 2.77690305666e-05, 6.15954888872e-07, -5.20643261552e-05, -7.12243627277e-06, 7.83085779403e-05, -0.000161281524925, 0.000180039700354, -1.84872696991e-05, -0.000170216022525, 0.000140310425195, 3.25362561853e-05], [-8.54678437463e-05, 0.00102241337299, 0.000158693481353, -0.000452994980151, -0.00023788496037, 0.000690475921147, -0.000390078523196, -0.000202281284146, -0.00012782154954, 0.000141832744703, 0.00024782953551, -0.000175514811417, -6.42582745058e-05], [2.77690305666e-05, 0.000158693481353, 0.00224381545559, -0.000355595955625, -0.00024640475749, -0.000575492042117, 0.000715398055036, -0.000306273781462, -0.000335756165441, 0.000402779725846, 0.00106948509347, -0.000578619772568, -0.000122799901874], [6.15954888872e-07, -0.000452994980151, -0.000355595955625, 0.00579744018614, -0.00185673113447, -0.00171690620482, 0.000814629544038, 0.000487245735712, -0.00118531775661, -0.000238334774622, -4.75307970191e-05, -0.000378484284738, -0.000920365098864], [-5.20643261552e-05, -0.00023788496037, -0.00024640475749, -0.00185673113447, 0.00636188359931, -0.00129133032169, -0.000790523947217, 0.00262209121138, -0.000500048976392, -0.00222196406685, 0.00102390302345, 0.000755688466597, 8.2673272118e-05], [-7.12243627277e-06, 0.000690475921147, -0.000575492042117, -0.00171690620482, -0.00129133032169, 0.00768020749092, -0.0015244850656, -0.00116399978288, -1.75611421582e-05, 0.000309108960209, -8.00481357146e-05, -0.00150821404532, 0.000432020053267], [7.83085779403e-05, -0.000390078523196, 0.000715398055036, 0.000814629544038, -0.000790523947217, -0.0015244850656, 0.00928982254118, -0.00509379664436, 0.000335565564455, 0.000967376923654, -0.00104670936707, -3.8622860302e-05, 0.000966154737398], [-0.000161281524925, -0.000202281284146, -0.000306273781462, 0.000487245735712, 0.00262209121138, -0.00116399978288, -0.00509379664436, 0.0127849169075, -0.00390002410859, 0.00120570836589, -0.001485546818, -0.000478112546261, 0.000696012808476], [0.000180039700354, -0.00012782154954, -0.000335756165441, -0.00118531775661, -0.000500048976392, -1.75611421582e-05, 0.000335565564455, -0.00390002410859, 0.0139313181862, -0.00457714451477, 0.0011229373049, -0.00254649645649, 0.000443240569439], [-1.84872696991e-05, 0.000141832744703, 0.000402779725846, -0.000238334774622, -0.00222196406685, 0.000309108960209, 0.000967376923654, 0.00120570836589, -0.00457714451477, 0.0128831733018, -0.00485896831378, 0.00240511028096, -0.00212275772355], [-0.000170216022525, 0.00024782953551, 0.00106948509347, -4.75307970191e-05, 0.00102390302345, -8.00481357146e-05, -0.00104670936707, -0.001485546818, 0.0011229373049, -0.00485896831378, 0.0144468173385, -0.00450045568869, 0.00203063897789], [0.000140310425195, -0.000175514811417, -0.000578619772568, -0.000378484284738, 0.000755688466597, -0.00150821404532, -3.8622860302e-05, -0.000478112546261, -0.00254649645649, 0.00240511028096, -0.00450045568869, 0.0134650543332, -0.00487445807084], [3.25362561853e-05, -6.42582745058e-05, -0.000122799901874, -0.000920365098864, 8.2673272118e-05, 0.000432020053267, 0.000966154737398, 0.000696012808476, 0.000443240569439, -0.00212275772355, 0.00203063897789, -0.00487445807084, 0.0120806582272]], "cov": [[7013.68554688, 637.110900879, -242.716384888, -29.4712524414, 14.7490768433, -64.9800567627, 46.9233055115, 86.7588729858, -88.469543457, 11.2393331528, 91.7653121948, -96.4621505737, -75.8673629761], [637.110900879, 1168.41333008, -100.742027283, 73.0520401001, 47.8006477356, -73.3171310425, 51.4323387146, 29.1994838715, 15.3042201996, 0.992054879665, -3.49785661697, 0.270518243313, 5.84953546524], [-242.716384888, -100.742027283, 549.858520508, 86.9375534058, 58.7165908813, 69.6302719116, -55.9834442139, -20.4307804108, 26.1733188629, -10.9853782654, -51.7719268799, 32.8855514526, 34.1738166809], [-29.4712524414, 73.0520401001, 86.9375534058, 268.390808105, 122.989654541, 69.3386764526, -34.5035362244, -34.4233016968, 38.2638931274, 38.8611946106, -9.68727493286, 23.5365943909, 39.7701835632], [14.7490768433, 47.8006477356, 58.7165908813, 122.989654541, 255.924789429, 49.1494789124, -30.5024776459, -65.1021957397, 21.6917152405, 56.8016967773, -19.9996299744, -9.76309204102, 21.469997406], [-64.9800567627, -73.3171310425, 69.6302719116, 69.3386764526, 49.1494789124, 181.418075562, 32.1277999878, 24.1961860657, 22.3013343811, 4.94598388672, 6.59928226471, 31.0543575287, 6.45960330963], [46.9233055115, 51.4323387146, -55.9834442139, -34.5035362244, -30.5024776459, 32.1277999878, 177.207626343, 91.1971817017, 9.86965847015, -19.7127246857, 28.0559234619, 10.6076726913, -27.6789264679], [86.7588729858, 29.1994838715, -20.4307804108, -34.4233016968, -65.1021957397, 24.1961860657, 91.1971817017, 148.270248413, 28.6778717041, -18.6694660187, 29.3174667358, 20.8309631348, -20.0198116302], [-88.469543457, 15.3042201996, 26.1733188629, 38.2638931274, 21.6917152405, 22.3013343811, 9.86965847015, 28.6778717041, 100.930656433, 36.0190086365, 9.80674648285, 25.7346553802, 11.4745893478], [11.2393331528, 0.992054879665, -10.9853782654, 38.8611946106, 56.8016967773, 4.94598388672, -19.7127246857, -18.6694660187, 36.0190086365, 118.176452637, 27.6623363495, -0.884102582932, 19.3479251862], [91.7653121948, -3.49785661697, -51.7719268799, -9.68727493286, -19.9996299744, 6.59928226471, 28.0559234619, 29.3174667358, 9.80674648285, 27.6623363495, 98.5293960571, 26.875541687, -6.77888774872], [-96.4621505737, 0.270518243313, 32.8855514526, 23.5365943909, -9.76309204102, 31.0543575287, 10.6076726913, 20.8309631348, 25.7346553802, -0.884102582932, 26.875541687, 109.921485901, 38.0318717957], [-75.8673629761, 5.84953546524, 34.1738166809, 39.7701835632, 21.469997406, 6.45960330963, -27.6789264679, -20.0198116302, 11.4745893478, 19.3479251862, -6.77888774872, 38.0318717957, 108.842552185]]}, "spectral_contrast_valleys": {"min": [-28.4035987854, -28.2397403717, -27.8059844971, -27.6839962006, -27.547662735, -27.4333362579], "max": [-5.64054870605, -4.93366336823, -5.18529319763, -5.81291246414, -6.13480901718, -7.01001787186], "dvar2": [0.305701613426, 0.213443294168, 0.165346026421, 0.157773450017, 0.134479209781, 0.251423090696], "median": [-7.57180023193, -6.76126670837, -7.11976528168, -7.67505550385, -7.86262464523, -10.2414531708], "dmean2": [0.62922000885, 0.533890366554, 0.449926882982, 0.411772161722, 0.342534601688, 0.42082759738], "dmean": [0.385510057211, 0.327080667019, 0.27848726511, 0.259983092546, 0.242214202881, 0.318605303764], "var": [6.34948444366, 6.45761871338, 6.2753868103, 5.90162181854, 5.81636333466, 4.87194013596], "dvar": [0.128995493054, 0.0968479141593, 0.0815671235323, 0.0811046585441, 0.0820979401469, 0.145693197846], "mean": [-7.9765996933, -7.11513996124, -7.46850681305, -7.98903131485, -8.1969575882, -10.480474472]}, "barkbands_flatness_db": {"min": 0.0343794561923, "max": 0.310783565044, "dvar2": 0.000622347986791, "median": 0.129114508629, "dmean2": 0.0273278951645, "dmean": 0.0184616297483, "var": 0.00199011876248, "dvar": 0.000295795412967, "mean": 0.132976278663}, "dynamic_complexity": 3.07991099358, "spectral_skewness": {"min": -0.178182303905, "max": 3.95659375191, "dvar2": 0.103993467987, "median": 1.87618803978, "dmean2": 0.328135430813, "dmean": 0.204827234149, "var": 0.238625392318, "dvar": 0.0447307899594, "mean": 1.85685014725}, "erbbands_flatness_db": {"min": 0.0400217622519, "max": 0.330970108509, "dvar2": 0.000620675971732, "median": 0.173130095005, "dmean2": 0.0269952211529, "dmean": 0.018327189