{"lowlevel": {"spectral_complexity": {"min": 0, "max": 37, "dvar2": 7.07558012009, "median": 12, "dmean2": 2.85129570961, "dmean": 1.7735670805, "var": 19.4648132324, "dvar": 3.14386439323, "mean": 11.8912410736}, "silence_rate_20dB": {"min": 1, "max": 1, "dvar2": 0, "median": 1, "dmean2": 0, "dmean": 0, "var": 0, "dvar": 0, "mean": 1}, "average_loudness": 0.85844451189, "erbbands_spread": {"min": 0.78534168005, "max": 117.409225464, "dvar2": 67.1750183105, "median": 13.9397907257, "dmean2": 5.60351324081, "dmean": 3.63800477982, "var": 151.93687439, "dvar": 29.2960948944, "mean": 17.8826351166}, "spectral_kurtosis": {"min": -1.18155384064, "max": 72.2406005859, "dvar2": 57.6876869202, "median": 9.82726192474, "dmean2": 7.4690861702, "dmean": 4.29173660278, "var": 48.6199836731, "dvar": 19.8585300446, "mean": 11.3483371735}, "barkbands_kurtosis": {"min": -1.73899674416, "max": 1871.06506348, "dvar2": 2062.2734375, "median": 2.19548225403, "dmean2": 6.25955581665, "dmean": 3.85163497925, "var": 633.768615723, "dvar": 635.292663574, "mean": 6.61709928513}, "spectral_strongpeak": {"min": 0, "max": 15.0090427399, "dvar2": 2.30259990692, "median": 1.56079661846, "dmean2": 1.07948744297, "dmean": 0.665029764175, "var": 3.25832796097, "dvar": 1.0272295475, "mean": 1.99518465996}, "spectral_spread": {"min": 1052113.875, "max": 39737728, "dvar2": 474630258688, "median": 2853019, "dmean2": 573399.5625, "dmean": 354049.5, "var": 950491480064, "dvar": 256831799296, "mean": 3030072.5}, "spectral_rms": {"min": 3.22334455134e-12, "max": 0.0123618431389, "dvar2": 1.95257052837e-06, "median": 0.00530715752393, "dmean2": 0.00110913405661, "dmean": 0.000749125261791, "var": 3.26515555571e-06, "dvar": 8.85552708496e-07, "mean": 0.00516515644267}, "erbbands": {"min": [7.52331066485e-22, 8.41856848415e-21, 1.68930039714e-20, 3.27918240882e-20, 9.53511060747e-20, 1.43167838809e-19, 2.31872244932e-19, 6.64731594331e-19, 4.16183207304e-19, 5.72479862925e-19, 1.01496488047e-18, 8.83352276602e-19, 9.50793966305e-19, 1.543178845e-18, 2.8879913005e-18, 3.68608141848e-18, 2.28898639197e-18, 5.07198531168e-18, 4.60339535289e-18, 8.00326442121e-18, 6.20259852039e-18, 6.52719701405e-18, 8.09761346906e-18, 1.02495966245e-17, 6.78299062437e-18, 8.57090222732e-18, 9.53123989334e-18, 1.16261285614e-17, 1.42747203509e-17, 2.31225006088e-17, 2.01123341114e-17, 1.71643120391e-17, 1.34935913646e-17, 1.14730877403e-17, 8.82295822204e-18, 6.03109254654e-18, 2.95873736996e-18, 1.11220875027e-18, 3.08071916165e-19, 3.51089540856e-20], "max": [1.45746445656, 20.8705615997, 60.1080818176, 252.924072266, 306.534484863, 363.910888672, 593.61315918, 1273.66564941, 1404.73449707, 1383.67199707, 1607.39550781, 1902.62475586, 2150.50268555, 4379.25878906, 3699.40917969, 5778.546875, 2408.42382813, 1327.8651123, 919.356018066, 1071.75097656, 466.67980957, 678.220092773, 489.205413818, 255.490692139, 229.64112854, 97.7276916504, 101.216079712, 23.8102016449, 16.5602436066, 74.7576446533, 13.8378038406, 9.50667381287, 2.12803936005, 1.72608697414, 0.482881426811, 0.0908741205931, 0.0271568447351, 0.0080209961161, 0.000362518389011, 0.000171024803421], "dvar2": [0.00839335378259, 2.29465150833, 19.5248794556, 150.854568481, 771.743041992, 1674.72143555, 392.973388672, 1379.5826416, 2995.7878418, 5684.73828125, 6962.33007813, 5821.64794922, 7511.32958984, 29083.1484375, 30464.609375, 29122.5234375, 5750.18945313, 1658.43103027, 1410.22387695, 1443.22937012, 306.488616943, 294.335876465, 158.015869141, 46.553604126, 43.7136764526, 6.61321878433, 4.16394996643, 1.68434393406, 0.483958214521, 1.8319927454, 0.220528244972, 0.283374935389, 0.021502090618, 0.00418499810621, 0.000692135596182, 4.11934233853e-05, 4.93751213071e-06, 4.92880587899e-07, 7.67886365605e-10, 4.40364800181e-10], "median": [0.0116946613416, 0.179823338985, 0.647203803062, 1.26242411137, 1.71847736835, 3.41565799713, 6.44909858704, 14.3951864243, 15.8688220978, 14.7302894592, 16.9148712158, 15.4409952164, 14.7981882095, 21.0925273895, 18.9155540466, 12.9524993896, 9.40598773956, 9.77756977081, 6.58055305481, 5.54701662064, 4.5161242485, 3.04485607147, 2.18932676315, 1.78529393673, 0.851964712143, 0.646481096745, 0.558701872826, 0.304461985826, 0.197597399354, 0.148407235742, 0.155991792679, 0.0937018990517, 0.0581032149494, 0.0230223927647, 0.00826513860375, 0.00186233757995, 0.000352153729182, 3.72716240236e-05, 1.69035265571e-05, 3.32521012751e-05], "dmean2": [0.038856998086, 0.586704730988, 1.74478304386, 4.15910625458, 10.4198255539, 14.938788414, 9.99346256256, 20.2791728973, 26.7431926727, 32.7297782898, 31.5375957489, 24.1759090424, 28.5567855835, 53.3967399597, 51.4145050049, 38.3033180237, 22.5899467468, 17.276884079, 13.0588254929, 11.1624965668, 7.05936288834, 5.4970536232, 3.89047956467, 2.71454238892, 1.86739850044, 1.01383423805, 0.770774126053, 0.51199734211, 0.261342048645, 0.240062832832, 0.210609033704, 0.169314160943, 0.0708253532648, 0.0281928963959, 0.0108836572617, 0.00288422824815, 0.000906449044123, 0.000249687582254, 1.26853365146e-05, 1.46249167301e-05], "dmean": [0.0248594339937, 0.377234309912, 1.04222714901, 2.57073521614, 6.02068138123, 8.81774711609, 6.70576095581, 13.2608823776, 17.4901676178, 21.75831604, 21.6820545197, 17.5559196472, 21.0026283264, 38.8761367798, 37.1015396118, 26.1165866852, 15.3102207184, 11.5858831406, 8.62959766388, 7.16586637497, 4.5756649971, 3.60096526146, 2.48841667175, 1.68421936035, 1.13361406326, 0.607808768749, 0.465115398169, 0.295045405626, 0.15484815836, 0.142169937491, 0.129302635789, 0.100212901831, 0.0433018393815, 0.0175252631307, 0.00697236368433, 0.00189641362522, 0.000611922645476, 0.000156223526574, 8.11376321508e-06, 9.705238881e-06], "var": [0.00694893114269, 1.82055783272, 8.12115097046, 137.342056274, 285.688812256, 555.058959961, 1163.6932373, 3956.92333984, 6977.37841797, 15515.6679688, 16424.40625, 14351.3076172, 22060.7578125, 65730.5859375, 49578.75, 39778.5976563, 8160.96337891, 2895.71142578, 1566.9979248, 2913.15380859, 390.765197754, 415.768371582, 250.99458313, 40.2671012878, 40.4279556274, 6.40312290192, 3.2366464138, 0.886130511761, 0.333299815655, 0.720021307468, 0.167304769158, 0.106241002679, 0.015150135383, 0.00270665087737, 0.000461622228613, 3.2360356272e-05, 3.00397528008e-06, 1.69408465922e-07, 3.0875915713e-10, 4.92137330887e-10], "dvar": [0.00374470208772, 1.03251266479, 7.09230279922, 68.8958816528, 285.921356201, 631.055358887, 193.329696655, 658.625366211, 1468.57788086, 2733.29272461, 3642.93359375, 3233.30859375, 4240.38330078, 15674.6054688, 15972.5322266, 13320.0751953, 2824.13745117, 789.072937012, 598.283813477, 605.866455078, 139.314224243, 136.712417603, 65.8904495239, 18.644952774, 18.1377353668, 2.6264898777, 1.68166804314, 0.598487854004, 0.175427645445, 0.725760638714, 0.0873188376427, 0.101917713881, 0.0086451144889, 0.00166365783662, 0.000280767562799, 1.78745922312e-05, 2.11746805689e-06, 1.91615711742e-07, 2.92475488273e-10, 1.90121529631e-10], "mean": [0.0423767529428, 0.669894278049, 1.58773565292, 4.04827070236, 6.75883340836, 9.98346996307, 18.1277675629, 39.1319465637, 49.9008560181, 67.8840332031, 59.5731544495, 52.3955230713, 67.9212188721, 111.48802948, 98.2574996948, 64.6399612427, 37.8890419006, 27.8621711731, 19.0728683472, 16.4573745728, 10.4536552429, 8.0912103653, 5.68251657486, 3.60263347626, 2.1308131218, 1.33729588985, 0.993701338768, 0.564169883728, 0.339181363583, 0.26921671629, 0.273450344801, 0.178811594844, 0.0969979465008, 0.039605949074, 0.0153757967055, 0.00388829736039, 0.000982011668384, 0.000165918725543, 1.99344813154e-05, 3.53222894773e-05]}, "zerocrossingrate": {"min": 0, "max": 0.51953125, "dvar2": 3.94162234443e-05, "median": 0.0302734375, "dmean2": 0.00449203001335, "dmean": 0.00349929509684, "var": 0.000180933871889, "dvar": 2.54878177657e-05, "mean": 0.0311339367181}, "spectral_contrast_coeffs": {"min": [-0.958847939968, -0.96929192543, -0.96654599905, -0.962720394135, -0.964375734329, -0.961696982384], "max": [-0.231237500906, -0.332002192736, -0.372157871723, -0.490734428167, -0.592094838619, -0.65626257658], "dvar2": [0.00531406886876, 0.00387566233985, 0.00312321051024, 0.0018357289955, 0.000806604279205, 0.000326864712406], "median": [-0.649956524372, -0.647332072258, -0.647284805775, -0.73793387413, -0.79957908392, -0.783586323261], "dmean2": [0.0850096195936, 0.0732137784362, 0.063921995461, 0.0502521283925, 0.0329454317689, 0.0218515582383], "dmean": [0.0516493469477, 0.0454376265407, 0.0415669009089, 0.0324553363025, 0.0203884411603, 0.0131357181817], "var": [0.00786033272743, 0.0105953570455, 0.0109586231411, 0.00538040325046, 0.00196354347281, 0.000655193813145], "dvar": [0.00210564094596, 0.00161357049365, 0.00147262355313, 0.000877708778717, 0.000348048168235, 0.00012424729357], "mean": [-0.639978528023, -0.648689210415, -0.6569404006, -0.735862135887, -0.792439818382, -0.780987620354]}, "dissonance": {"min": 0.179017111659, "max": 0.500000059605, "dvar2": 0.00250360369682, "median": 0.421446084976, "dmean2": 0.0567953288555, "dmean": 0.0335282720625, "var": 0.00247004139237, "dvar": 0.000896779412869, "mean": 0.415446698666}, "spectral_energyband_high": {"min": 7.64900536335e-21, "max": 0.00343980477192, "dvar2": 9.21798548603e-09, "median": 3.81445461244e-05, "dmean2": 3.80100063921e-05, "dmean": 2.32177590078e-05, "var": 7.98950150482e-09, "dvar": 3.64822505539e-09, "mean": 6.09234521107e-05}, "gfcc": {"mean": [-49.7033348083, 142.728561401, -131.039916992, 8.81549453735, -63.9804611206, 7.92365503311, -35.2002906799, 2.67333483696, -14.7268438339, -5.06121873856, -4.32231760025, -5.38694524765, -2.99298214912], "icov": [[0.00044005716336, -0.000753097294364, 0.000550325203221, -0.000171617677552, 0.000505189760588, -0.000556899991352, 0.000491390586831, -0.000604455883149, 0.00070572871482, -0.000377057236619, 0.000661102996673, -0.000449173676316, 0.000591627904214], [-0.000753097294364, 0.00678271427751, -0.00333207263611, 0.00255272001959, -0.00350611750036, 0.00275211012922, -0.00260356953368, 0.00366083858535, -0.00496924901381, 0.00589053146541, -0.00642829434946, 0.00554916914552, -0.00380573817529], [0.000550325203221, -0.00333207263611, 0.00400093290955, -0.00343823735602, 0.00329521344975, -0.00326694408432, 0.0018117337022, -0.000268280593446, 0.00121219176799, -0.00243190815672, 0.00350611656904, -0.00234570074826, 0.00162411376368], [-0.000171617677552, 0.00255272001959, -0.00343823735602, 0.00546823581681, -0.00406252453104, 0.00321926479228, -0.000833170837723, -0.00182073866017, 0.000778917688876, 7.48005113564e-05, -0.000560531276278, 0.00202896259725, -0.00141720718239], [0.000505189760588, -0.00350611750036, 0.00329521344975, -0.00406252453104, 0.00811255909503, -0.00521559547633, 0.000891408126336, 0.000909434340429, -0.00157289020717, 0.00084899563808, 0.00149122648872, -0.00291267666034, 0.00345182744786], [-0.000556899991352, 0.00275211012922, -0.00326694408432, 0.00321926479228, -0.00521559547633, 0.0118509167805, -0.00375613919459, -0.00201577320695, 0.00281503051519, -0.00148451374844, -0.00109256699216, 0.000256620260188, -0.00118389085401], [0.000491390586831, -0.00260356953368, 0.0018117337022, -0.000833170837723, 0.000891408126336, -0.00375613919459, 0.00989790447056, -0.00506943650544, 0.0010014269501, 6.16166216787e-05, 0.000292051758152, -0.00046673687757, 0.000111078021291], [-0.000604455883149, 0.00366083858535, -0.000268280593446, -0.00182073866017, 0.000909434340429, -0.00201577320695, -0.00506943650544, 0.0173118449748, -0.0109685771167, 0.00348587660119, 0.00181194336619, -0.00168757617939, 0.000499542278703], [0.00070572871482, -0.00496924901381, 0.00121219176799, 0.000778917688876, -0.00157289020717, 0.00281503051519, 0.0010014269501, -0.0109685771167, 0.0243238322437, -0.0146265970543, -0.000465126766358, 0.00485159782693, -0.00283709284849], [-0.000377057236619, 0.00589053146541, -0.00243190815672, 7.48005113564e-05, 0.00084899563808, -0.00148451374844, 6.16166216787e-05, 0.00348587660119, -0.0146265970543, 0.0265433341265, -0.0126165878028, 0.000386270286981, 0.00395344244316], [0.000661102996673, -0.00642829434946, 0.00350611656904, -0.000560531276278, 0.00149122648872, -0.00109256699216, 0.000292051758152, 0.00181194336619, -0.000465126766358, -0.0126165878028, 0.0280088316649, -0.0151382843032, 0.004162596073], [-0.000449173676316, 0.00554916914552, -0.00234570074826, 0.00202896259725, -0.00291267666034, 0.000256620260188, -0.00046673687757, -0.00168757617939, 0.00485159782693, 0.000386270286981, -0.0151382843032, 0.0269347857684, -0.013273592107], [0.000591627904214, -0.00380573817529, 0.00162411376368, -0.00141720718239, 0.00345182744786, -0.00118389085401, 0.000111078021291, 0.000499542278703, -0.00283709284849, 0.00395344244316, 0.004162596073, -0.013273592107, 0.018190888688]], "cov": [[3424.24487305, 195.784713745, -598.300231934, -429.144897461, -72.5440292358, 29.6337718964, -23.5358638763, -8.18437767029, -77.2712631226, -83.2051315308, -8.59976863861, -23.0644054413, -43.1912345886], [195.784713745, 659.761779785, 46.7860679626, -147.690948486, 112.79624939, -54.6904563904, 50.1173477173, -95.326423645, 80.5196380615, -64.6465911865, 70.1388168335, -51.2285308838, 66.5046234131], [-598.300231934, 46.7860679626, 1067.22741699, 560.507019043, -39.4369697571, 68.4680862427, -60.3157615662, 24.0488071442, -26.0194606781, 20.8240070343, -101.578269958, -37.6523170471, -23.5360202789], [-429.144897461, -147.690948486, 560.507019043, 665.390136719, 103.208511353, 37.0417976379, -13.008436203, 84.4432754517, -15.4777889252, 17.578868866, -94.4252700806, -34.594417572, -44.4288291931], [-72.5440292358, 112.79624939, -39.4369697571, 103.208511353, 289.38961792, 68.1339569092, 51.3229103088, 12.0537910461, 31.9023628235, -10.414847374, 13.8147134781, -9.2053976059, -16.2433719635], [29.6337718964, -54.6904563904, 68.4680862427, 37.0417976379, 68.1339569092, 164.383102417, 54.4606895447, 41.2795715332, -12.5378341675, 12.2244386673, -4.31729793549, 19.6917667389, -8.58490371704], [-23.5358638763, 50.1173477173, -60.3157615662, -13.008436203, 51.3229103088, 54.4606895447, 167.102584839, 56.4575195313, 28.7653903961, -3.16740179062, 13.2204608917, 5.00654268265, 12.6596841812], [-8.18437767029, -95.326423645, 24.0488071442, 84.4432754517, 12.0537910461, 41.2795715332, 56.4575195313, 132.117752075, 43.2886734009, 25.5406589508, -15.9273405075, 2.18732976913, -12.3777952194], [-77.2712631226, 80.5196380615, -26.0194606781, -15.4777889252, 31.9023628235, -12.5378341675, 28.7653903961, 43.2886734009, 120.253089905, 55.5405426025, 37.8320617676, -13.0086965561, 0.77688986063], [-83.2051315308, -64.6465911865, 20.8240070343, 17.578868866, -10.414847374, 12.2244386673, -3.16740179062, 25.5406589508, 55.5405426025, 104.936012268, 43.745300293, 14.6068210602, -22.7139625549], [-8.59976863861, 70.1388168335, -101.578269958, -94.4252700806, 13.8147134781, -4.31729793549, 13.2204608917, -15.9273405075, 37.8320617676, 43.745300293, 104.941291809, 45.7915306091, 19.9133434296], [-23.0644054413, -51.2285308838, -37.6523170471, -34.594417572, -9.2053976059, 19.6917667389, 5.00654268265, 2.18732976913, -13.0086965561, 14.6068210602, 45.7915306091, 97.859664917, 49.3615493774], [-43.1912345886, 66.5046234131, -23.5360202789, -44.4288291931, -16.2433719635, -8.58490371704, 12.6596841812, -12.3777952194, 0.77688986063, -22.7139625549, 19.9133434296, 49.3615493774, 108.23614502]]}, "spectral_flux": {"min": 1.03197381196e-10, "max": 0.345735281706, "dvar2": 0.00287600141019, "median": 0.052269462496, "dmean2": 0.0441925786436, "dmean": 0.0274410657585, "var": 0.00204655830748, "dvar": 0.00116382190026, "mean": 0.0665384605527}, "silence_rate_30dB": {"min": 0, "max": 1, "dvar2": 0.00905281119049, "median": 1, "dmean2": 0.00663224235177, "dmean": 0.0033159640152, "var": 0.00222104345448, "dvar": 0.00330472458154, "mean": 0.997773647308}, "spectral_energyband_middle_high": {"min": 1.27607745518e-21, "max": 0.118029162288, "dvar2": 6.200743519e-05, "median": 0.00477303005755, "dmean2": 0.00364991649985, "dmean": 0.00260660075583, "var": 0.000117024705105, "dvar": 3.01029413095e-05, "mean": 0.00863732676953}, "barkbands_spread": {"min": 0.105929113925, "max": 68.7703552246, "dvar2": 15.754076004, "median": 7.74845075607, "dmean2": 2.93760538101, "dmean": 1.91942095757, "var": 24.0707035065, "dvar": 6.60065889359, "mean": 8.75155830383}, "spectral_centroid": {"min": 169.293991089, "max": 11413.0126953, "dvar2": 38757.9296875, "median": 694.432006836, "dmean2": 141.930404663, "dmean": 92.6972503662, "var": 112596.296875, "dvar": 20675.9121094, "mean": 745.242553711}, "pitch_salience": {"min": 0.0134040173143, "max": 0.886426925659, "dvar2": 0.0103578129783, "median": 0.534358263016, "dmean2": 0.101164765656, "dmean": 0.0634901151061, "var": 0.0147477155551, "dvar": 0.00410017650574, "mean": 0.530743539333}, "erbbands_skewness": {"min": -3.414488554, "max": 6.04634428024, "dvar2": 0.312659978867, "median": 0.678596436977, "dmean2": 0.508425593376, "dmean": 0.337045639753, "var": 0.728604137897, "dvar": 0.138422563672, "mean": 0.835836291313}, "erbbands_crest": {"min": 2.33982563019, "max": 34.3850860596, "dvar2": 14.2985992432, "median": 12.7892026901, "dmean2": 3.62853860855, "dmean": 2.34968447685, "var": 31.8881568909, "dvar": 6.3902387619, "mean": 13.6546897888}, "melbands": {"min": [1.18028106462e-23, 1.25422044506e-23, 6.38570320445e-24, 1.12377866562e-23, 8.76680845495e-24, 1.51713271753e-23, 5.72450168737e-24, 6.70606632338e-24, 8.3223610655e-24, 4.48859094058e-24, 5.14963429105e-24, 5.49470098365e-24, 8.9476603395e-24, 9.09218675708e-24, 9.30470351836e-24, 6.73175005673e-24, 9.86242896722e-24, 8.18158883697e-24, 5.91591326399e-24, 1.15415383366e-23, 5.90777261388e-24, 6.56056960688e-24, 6.99836689889e-24, 7.084923084e-24, 8.03238289649e-24, 5.01616809778e-24, 4.54856961292e-24, 5.46814989773e-24, 5.89400265235e-24, 6.99305313184e-24, 6.54266798636e-24, 7.48282452459e-24, 8.55524700422e-24, 1.39167732787e-23, 9.94870431784e-24, 9.42251279481e-24, 1.14901621925e-23, 9.6268735232e-24, 9.54578256644e-24, 9.7602288815e-24], "max": [0.019088447094, 0.0256936792284, 0.043296456337, 0.0223809722811, 0.0156345628202, 0.0262178070843, 0.0219700783491, 0.0154292518273, 0.0128567554057, 0.0136934779584, 0.0107650961727, 0.0184553973377, 0.0156655050814, 0.0140416016802, 0.014127583243, 0.00826341379434, 0.00261007528752, 0.00170337408781, 0.00196805712767, 0.00095204776153, 0.000606692279689, 0.000836515042465, 0.000637322722469, 0.000376599287847, 0.000251721037785, 0.000232289152336, 0.000132708970341, 5.90958115936e-05, 9.83138015727e-05, 1.90403425222e-05, 1.26744689624e-05, 1.38027589855e-05, 5.77152059122e-06, 6.04283559369e-05, 4.56616498923e-06, 1.46109823618e-05, 5.22830487171e-06, 1.69105487657e-06, 1.68688745816e-06, 1.72824081801e-06], "dvar2": [1.51756717059e-06, 4.19650541517e-06, 5.45430839338e-06, 8.01313035481e-06, 4.84822578528e-07, 6.57343662169e-07, 7.11632196726e-07, 6.62412048769e-07, 4.41437407517e-07, 2.47486127591e-07, 1.87820830888e-07, 5.01124532093e-07, 5.24570907601e-07, 2.27616794746e-07, 9.26610610463e-08, 1.99108622922e-08, 6.16660678077e-09, 3.98249699884e-09, 3.6657901159e-09, 1.4142500504e-09, 5.75309688777e-10, 4.7303744255e-10, 1.94251378871e-10, 1.80146481066e-10, 3.77701654675e-11, 2.9914373062e-11, 1.59504510294e-11, 2.66198348087e-12, 3.50849297531e-12, 1.10206928219e-12, 5.02152572995e-13, 2.65402825585e-13, 9.06200028211e-14, 1.09429522735e-12, 6.40370189601e-14, 1.85678756441e-13, 7.89276684374e-14, 1.04784650195e-14, 9.31617911477e-15, 2.47141619405e-15], "median": [0.000151556028868, 0.000367707485566, 0.000251354678767, 0.000169871738763, 0.000221352442168, 0.000326794484863, 0.00023026567942, 0.00015541385801, 0.000102225705632, 7.56965091568e-05, 5.57254170417e-05, 5.80293744861e-05, 3.94702437916e-05, 2.02100109163e-05, 1.49621855599e-05, 1.29746695166e-05, 1.13563019113e-05, 7.02702573108e-06, 7.18503815733e-06, 5.07487220602e-06, 4.07278730563e-06, 2.73148384622e-06, 1.93969026441e-06, 1.57757040142e-06, 1.34046081257e-06, 5.98606334279e-07, 4.49665520819e-07, 3.88539746154e-07, 3.50069967681e-07, 2.60724988266e-07, 1.32910599859e-07, 1.11565547911e-07, 8.9418122684e-08, 7.72237100932e-08, 8.8884164029e-08, 7.74165442863e-08, 4.93271201663e-08, 4.20455528172e-08, 2.96814146594e-08, 1.55517625444e-08], "dmean2": [0.000493015977554, 0.0008417556528, 0.00086430326337, 0.00098361086566, 0.000377584743546, 0.000454494467704, 0.000410595501307, 0.000351227296051, 0.000249342992902, 0.000150765001308, 0.000142089149449, 0.000213330538827, 0.000202343449928, 0.000109166358016, 7.19586532796e-05, 4.3685457058e-05, 3.17452140735e-05, 2.01605780603e-05, 1.90039663721e-05, 1.14338172352e-05, 8.96614801604e-06, 6.75019373375e-06, 4.38339884568e-06, 3.93959589928e-06, 2.2059487037e-06, 1.5324250171e-06, 1.13514420264e-06, 6.53150721064e-07, 5.67578865684e-07, 4.79213383642e-07, 2.56327439274e-07, 1.68676905332e-07, 1.37438874503e-07, 1.50236544982e-07, 1.24702538074e-07, 1.46762701547e-07, 9.4043691945e-08, 5.26715098204e-08, 4.44047039139e-08, 2.10344044405e-08], "dmean": [0.000320791703416, 0.000519666820765, 0.000523937458638, 0.000573928758968, 0.000245591829298, 0.000296547834296, 0.000268444855465, 0.000232811726164, 0.000173820531927, 0.00010929578275, 0.000104781574919, 0.000155477013323, 0.000146961348946, 7.48322709114e-05, 4.94714186061e-05, 2.93593529932e-05, 2.12363411265e-05, 1.32953564389e-05, 1.22948513308e-05, 7.3583169069e-06, 5.77030050408e-06, 4.39499217464e-06, 2.84145471596e-06, 2.46780837188e-06, 1.35216782837e-06, 9.32661976094e-07, 6.82509664784e-07, 3.9047083078e-07, 3.44770597849e-07, 2.76966034107e-07, 1.46599020923e-07, 9.99966900395e-08, 8.0876780828e-08, 8.86477948825e-08, 7.62991163583e-08, 8.8132068754e-08, 5.48653993349e-08, 3.21128865721e-08, 2.66048552078e-08, 1.30302870716e-08], "var": [1.33341143282e-06, 2.33791183746e-06, 4.42142209067e-06, 2.44819170803e-06, 9.85622364169e-07, 1.84858583907e-06, 1.66071129115e-06, 1.65390872553e-06, 1.11204974473e-06, 5.5854150105e-07, 5.59806323963e-07, 1.15856573757e-06, 8.36727906517e-07, 3.23033049199e-07, 1.25489194147e-07, 2.80226704064e-08, 1.04458166561e-08, 3.756037259e-09, 6.71087363457e-09, 1.75691727833e-09, 7.50790429827e-10, 7.16269876744e-10, 1.89520232841e-10, 3.08791103798e-10, 2.38723433382e-11, 2.79072268766e-11, 1.27301563388e-11, 2.14774400521e-12, 2.30116750308e-12, 6.60918368645e-13, 2.16671868164e-13, 1.59167628079e-13, 5.19032923195e-14, 4.06062743109e-13, 4.63027003078e-14, 1.03571170466e-13, 2.60079094762e-14, 7.8733762267e-15, 4.85371096952e-15, 1.53508585712e-15], "dvar": [7.02579995959e-07, 1.65882681813e-06, 2.43659656007e-06, 2.94247934107e-06, 2.17268066649e-07, 3.06856520638e-07, 3.40472269045e-07, 3.22009157117e-07, 2.37656024638e-07, 1.39654559916e-07, 1.06966510316e-07, 2.72767380238e-07, 2.71582962341e-07, 1.11713134743e-07, 4.60341880171e-08, 1.01037871403e-08, 2.9546398661e-09, 1.65886526737e-09, 1.61821722688e-09, 6.16943884868e-10, 2.56781734764e-10, 2.18891488268e-10, 8.93557450254e-11, 7.262176277e-11, 1.47702631376e-11, 1.29781723562e-11, 6.29938115559e-12, 1.05849118533e-12, 1.42467819226e-12, 3.97830775484e-13, 1.76684567584e-13, 9.35754362994e-14, 3.46301661663e-14, 4.33782973734e-13, 2.54313256787e-14, 7.02611187005e-14, 2.81629730523e-14, 4.26080442358e-15, 3.54609009291e-15, 9.78386793308e-16], "mean": [0.000574298202991, 0.00089018692961, 0.00076869269833, 0.000616533390712, 0.000582632550504, 0.000876205449458, 0.000785985845141, 0.000691358582117, 0.000476974411868, 0.000314621865982, 0.000328591384459, 0.00043752748752, 0.000380818994017, 0.000170023093233, 0.000119276912301, 6.74091716064e-05, 4.83284602524e-05, 2.74056146736e-05, 2.72712750302e-05, 1.53969212988e-05, 1.21868188216e-05, 9.26885877561e-06, 5.48529715161e-06, 5.20526737091e-06, 2.63218430518e-06, 1.57118029165e-06, 1.23528002405e-06, 7.84747726357e-07, 6.6846575919e-07, 4.94771711601e-07, 2.56472077353e-07, 2.01149049417e-07, 1.53227787791e-07, 1.49688602846e-07, 1.54790384954e-07, 1.52515227114e-07, 9.31090440304e-08, 7.00137690046e-08, 5.14787785733e-08, 2.79935612468e-08]}, "spectral_entropy": {"min": 4.99459838867, "max": 9.80633735657, "dvar2": 0.087809830904, "median": 6.70331382751, "dmean2": 0.27256923914, "dmean": 0.175964713097, "var": 0.217400312424, "dvar": 0.0377026051283, "mean": 6.72615337372}, "spectral_rolloff": {"min": 21.533203125, "max": 19315.2832031, "dvar2": 129876.84375, "median": 882.861328125, "dmean2": 197.056472778, "dmean": 113.896011353, "var": 212014.21875, "dvar": 65363.2226563, "mean": 836.491516113}, "barkbands": {"min": [2.90503834364e-23, 3.37683680285e-23, 1.35190737865e-23, 8.53369059112e-24, 3.93818612092e-23, 6.83573596576e-23, 1.05590310118e-23, 3.48804631119e-23, 4.04317656543e-23, 6.29487967628e-23, 5.11491131612e-23, 8.83388782207e-23, 5.59737138824e-23, 1.0295295563e-22, 6.49277206079e-23, 1.23534582772e-22, 1.15361680871e-22, 1.65816769985e-22, 1.71303758276e-22, 1.63055315055e-22, 2.58582521036e-22, 4.1781370348e-22, 7.10577681135e-22, 8.15650722537e-22, 1.12109498922e-21, 1.60534007055e-21, 2.37437267293e-21], "max": [0.00188935664482, 0.0813156962395, 0.0531057491899, 0.130379348993, 0.0872192382813, 0.112598925829, 0.0963162332773, 0.0677506253123, 0.0752407237887, 0.0986123457551, 0.109058044851, 0.115228258073, 0.0631090477109, 0.0226536486298, 0.0180876199156, 0.00855652336031, 0.0107755120844, 0.00692513771355, 0.00364737049676, 0.00206768023781, 0.00121475744527, 0.000408853666158, 0.00169226934668, 0.000310206174618, 9.16464923648e-05, 1.49128818521e-05, 3.15539591611e-06], "dvar2": [1.01829478183e-08, 3.24122156599e-05, 1.69861996255e-05, 4.13425295847e-05, 0.000111744884634, 1.46699348988e-05, 1.68617789313e-05, 1.59588926181e-05, 1.05656299638e-05, 1.73879270733e-05, 2.49639360845e-05, 1.53577802848e-05, 2.78423340205e-06, 5.66644359878e-07, 6.4351797846e-07, 1.33183419848e-07, 1.31862506692e-07, 4.59692159893e-08, 1.68115921184e-08, 3.90756493829e-09, 1.46765344322e-09, 3.37595923439e-10, 9.01661800778e-10, 2.72415701108e-10, 2.04180145014e-11, 1.49525032113e-12, 5.79017018251e-14], "median": [2.1948126232e-05, 0.00066073081689, 0.000492057297379, 0.000405449332902, 0.000939769379329, 0.00169400358573, 0.000857809674926, 0.000608373549767, 0.000488945457619, 0.000302241009194, 0.000202301569516, 0.000128817860968, 9.25403946894e-05, 0.00010488882981, 9.83676873147e-05, 6.64730760036e-05, 5.41281951882e-05, 3.70414418285e-05, 2.08159144677e-05, 1.27893099489e-05, 1.09046577563e-05, 5.26910116605e-06, 5.55907627131e-06, 3.88967646359e-06, 1.48488823015e-06, 2.36963586531e-07, 5.47839773546e-09], "dmean2": [7.03807236277e-05, 0.00221775076352, 0.00163331860676, 0.00196312274784, 0.00386350718327, 0.00222987541929, 0.00187922746409, 0.00163215282373, 0.00107259338256, 0.00135137431789, 0.00148499454372, 0.000874945719261, 0.000458000402432, 0.000313875847496, 0.000281649670796, 0.000130578628159, 0.000123655554489, 7.30252286303e-05, 4.09210624639e-05, 2.2434436687e-05, 1.64153098012e-05, 7.06817081664e-06, 7.62201580073e-06, 5.80536561756e-06, 1.87991554412e-06, 5.18879573974e-07, 7.72610420086e-08], "dmean": [3.91723515349e-05, 0.00142416683957, 0.000964138540439, 0.00120271416381, 0.00227228598669, 0.00146173965186, 0.00126368214842, 0.0010943611851, 0.000769447593484, 0.000988537212834, 0.00107448897325, 0.000595025194343, 0.000310817064019, 0.000208960365853, 0.000183281561476, 8.40851571411e-05, 8.08424520073e-05, 4.56330999441e-05, 2.48819942499e-05, 1.34883557621e-05, 9.62002741289e-06, 4.18046920458e-06, 4.6810528147e-06, 3.45897979059e-06, 1.19028095469e-06, 3.49686843037e-07, 4.45058461196e-08], "var": [3.3782825426e-09, 2.61025197688e-05, 6.81281017023e-06, 3.6172230466e-05, 3.60029553121e-05, 4.25402467954e-05, 4.11874461861e-05, 3.3337950299e-05, 2.42819096457e-05, 4.33157183579e-05, 4.01006218453e-05, 2.10981561395e-05, 3.84467239201e-06, 8.99919484709e-07, 1.12437078315e-06, 1.20824452665e-07, 1.94132454112e-07, 7.15844521437e-08, 1.22103207545e-08, 3.88261689466e-09, 9.25447884992e-10, 2.20944443297e-10, 5.19630782847e-10, 1.06902549313e-10, 1.32370503447e-11, 9.88895922614e-13, 1.44473209031e-14], "dvar": [3.38358319141e-09, 1.4638153516e-05, 6.04099568591e-06, 1.92029092432e-05, 4.10771608585e-05, 6.75359797242e-06, 7.84763233241e-06, 8.05733907328e-06, 5.69770372749e-06, 9.72473389993e-06, 1.2888679521e-05, 7.26415464669e-06, 1.39788596698e-06, 2.70068653663e-07, 2.75251693438e-07, 5.92111888409e-08, 5.99328018325e-08, 1.86464337304e-08, 6.63660681965e-09, 1.61189706027e-09, 5.38530664507e-10, 1.22825138948e-10, 3.58750473772e-10, 9.910426646e-11, 8.16958046351e-12, 6.47779844088e-13, 2.1181649574e-14], "mean": [4.00141834689e-05, 0.00251738261431, 0.00137369416188, 0.00169128738344, 0.00272057438269, 0.00436050118878, 0.00389974191785, 0.00277744233608, 0.00219857296906, 0.00290932529606, 0.00270390091464, 0.00135509378742, 0.000710172869731, 0.00046944184578, 0.000405301136198, 0.00016967067495, 0.000168858183315, 9.8532960692e-05, 4.61331037513e-05, 2.85916012217e-05, 1.93686246348e-05, 9.05167053133e-06, 9.82026085694e-06, 6.8523236223e-06, 2.67416453426e-06, 5.99576196691e-07, 3.55880587222e-08]}, "melbands_flatness_db": {"min": 0.00501629244536, "max": 0.518056213856, "dvar2": 0.00118817819748, "median": 0.273562401533, "dmean2": 0.0313727334142, "dmean": 0.0200964920223, "var": 0.00278357579373, "dvar": 0.000494979845826, "mean": 0.275429993868}, "melbands_skewness": {"min": -3.994140625, "max": 29.3838558197, "dvar2": 1.70391499996, "median": 1.10586261749, "dmean2": 0.819024145603, "dmean": 0.533863604069, "var": 3.11987948418, "dvar": 0.67586517334, "mean": 1.52017045021}, "barkbands_skewness": {"min": -4.44775390625, "max": 36.5418586731, "dvar2": 1.63712477684, "median": 0.934949636459, "dmean2": 0.741725087166, "dmean": 0.483963221312, "var": 2.40528559685, "dvar": 0.606005609035, "mean": 1.24646008015}, "silence_rate_60dB": {"min": 0, "max": 1, "dvar2": 0.0216353405267, "median": 0, "dmean2": 0.0187597703189, "dmean": 0.00937944091856, "var": 0.0274745840579, "dvar": 0.00929357577115, "mean": 0.0282790958881}, "spectral_energyband_low": {"min": 7.45582860001e-23, "max": 0.0946353524923, "dvar2": 6.92177709425e-05, "median": 0.00204776367173, "dmean2": 0.0038300557062, "dmean": 0.0024687666446, "var": 5.95701021666e-05, "dvar": 3.0468992918e-05, "mean": 0.00480052176863}, "spectral_energyband_middle_low": {"min": 3.33055307136e-22, "max": 0.139895841479, "dvar2": 0.000231524958508, "median": 0.0156243033707, "dmean2": 0.00931927468628, "dmean": 0.00599407218397, "var": 0.000219731082325, "dvar": 9.45151114138e-05, "mean": 0.0185797456652}, "melbands_kurtosis": {"min": -1.82549262047, "max": 1195.37219238, "dvar2": 1390.08422852, "median": 2.78420472145, "dmean2": 8.37468910217, "dmean": 5.21756219864, "var": 816.600708008, "dvar": 482.899749756, "mean": 9.87189292908}, "spectral_decrease": {"min": -4.08346956249e-08, "max": 1.00017652669e-28, "dvar2": 2.26956456342e-17, "median": -7.20918169606e-09, "dmean2": 3.28485971757e-09, "dmean": 2.16788897944e-09, "var": 2.37230122268e-17, "dvar": 9.7106297256e-18, "mean": -7.68938779316e-09}, "erbbands_kurtosis": {"min": -1.71107304096, "max": 84.9165344238, "dvar2": 13.7762947083, "median": 1.19305431843, "dmean2": 2.2444627285, "dmean": 1.47059392929, "var": 23.5925769806, "dvar": 6.53971004486, "mean": 2.67032837868}, "melbands_crest": {"min": 1.84878730774, "max": 39.7084846497, "dvar2": 20.0368289948, "median": 13.7910079956, "dmean2": 4.40883827209, "dmean": 2.78137683868, "var": 30.2313804626, "dvar": 8.15076732635, "mean": 14.8392944336}, "melbands_spread": {"min": 0.267481863499, "max": 156.68699646, "dvar2": 25.1866436005, "median": 11.2439851761, "dmean2": 3.96601939201, "dmean": 2.61416745186, "var": 53.6267700195, "dvar": 11.3318166733, "mean": 12.3997516632}, "spectral_energy": {"min": 1.06496991628e-20, "max": 0.156635537744, "dvar2": 0.000347789376974, "median": 0.0288700666279, "dmean2": 0.0129385730252, "dmean": 0.00855546351522, "var": 0.000375565141439, "dvar": 0.000149384810356, "mean": 0.0306925326586}, "mfcc": {"mean": [-691.144592285, 168.281723022, -6.18182897568, 7.94980478287, -3.77266955376, -2.48961305618, -7.25904750824, 1.05847251415, -4.27024841309, 1.07335197926, -4.47740793228, 3.84681963921, -0.832893967628], "icov": [[0.000429051084211, -0.000136135844514, 0.000307288777549, 2.40206500166e-05, 0.000163930933923, 7.92923165136e-05, 8.16788633529e-06, -0.00047358131269, 0.000715604459401, -0.000794965191744, 0.000720455136616, -0.000329372909619, 0.000322483945638], [-0.000136135844514, 0.00148431479465, -2.44096900133e-05, 0.000479380687466, -0.000220046480536, -0.000414208887378, 0.000453853455838, 0.000298645696603, -0.000492128368933, 0.000747604528442, -0.000523851602338, 0.000337326026056, 1.49949864863e-05], [0.000307288777549, -2.44096900133e-05, 0.00195369590074, -0.0010827796068, 0.000320974737406, -0.000860318774357, 0.000196126376977, -0.000228958000662, 0.000919092854019, -0.00178078317549, 0.00199970952235, -0.00158575340174, 0.00181331660133], [2.40206500166e-05, 0.000479380687466, -0.0010827796068, 0.00411168113351, -0.00231174449436, 0.000866584887262, -0.000699304044247, 0.000412557710661, -0.00154316355474, -1.75061286427e-05, -4.36065238318e-05, -0.000267699098913, -2.0858949938e-05], [0.000163930933923, -0.000220046480536, 0.000320974737406, -0.00231174449436, 0.00727321626619, -0.00515142595395, 0.00269897072576, -0.00228364858776, 0.00179599004332, -0.000675717834383, -0.000523266440723, 0.000160552866873, 0.000205824995646], [7.92923165136e-05, -0.000414208887378, -0.000860318774357, 0.000866584887262, -0.00515142595395, 0.0155688431114, -0.00980760436505, 0.00453694071621, -0.00209080474451, 0.00159664009698, 0.000144142963109, -0.0012698987266, 0.000106837287603], [8.16788633529e-06, 0.000453853455838, 0.000196126376977, -0.000699304044247, 0.00269897072576, -0.00980760436505, 0.0195106044412, -0.0122393947095, 0.00330927828327, -0.000911085924599, -6.95552298566e-05, 0.000892728858162, -0.000805789488368], [-0.00047358131269, 0.000298645696603, -0.000228958000662, 0.000412557710661, -0.00228364858776, 0.00453694071621, -0.0122393947095, 0.0230372585356, -0.0132818324491, 0.00508927227929, -0.00160680664703, 0.00199670880102, -0.00211147754453], [0.000715604459401, -0.000492128368933, 0.000919092854019, -0.00154316355474, 0.00179599004332, -0.00209080474451, 0.00330927828327, -0.0132818324491, 0.0249026529491, -0.0149032603949, 0.00537359761074, -0.000522705959156, 0.000567207753193], [-0.000794965191744, 0.000747604528442, -0.00178078317549, -1.75061286427e-05, -0.000675717834383, 0.00159664009698, -0.000911085924599, 0.00508927227929, -0.0149032603949, 0.0274013299495, -0.0165824703872, 0.00543467281386, -0.000855205114931], [0.000720455136616, -0.000523851602338, 0.00199970952235, -4.36065238318e-05, -0.000523266440723, 0.000144142963109, -6.95552298566e-05, -0.00160680664703, 0.00537359761074, -0.0165824703872, 0.0285790879279, -0.0166184008121, 0.00507536157966], [-0.000329372909619, 0.000337326026056, -0.00158575340174, -0.000267699098913, 0.000160552866873, -0.0012698987266, 0.000892728858162, 0.00199670880102, -0.000522705959156, 0.00543467281386, -0.0166184008121, 0.0256659910083, -0.0130378725007], [0.000322483945638, 1.49949864863e-05, 0.00181331660133, -2.0858949938e-05, 0.000205824995646, 0.000106837287603, -0.000805789488368, -0.00211147754453, 0.000567207753193, -0.000855205114931, 0.00507536157966, -0.0130378725007, 0.0177030526102]], "cov": [[3200.84057617, 319.090332031, -685.549377441, -365.778808594, -212.124282837, -127.387886047, -26.4259300232, 16.9575042725, -70.3304977417, -28.6859779358, -63.6115226746, -53.9243087769, -5.34266138077], [319.090332031, 773.032348633, -138.977600098, -154.95350647, -21.4100952148, -2.5984108448, -37.0872879028, -31.8422164917, -27.9803791046, -34.5202445984, -8.94893074036, -15.0785779953, -6.94648265839], [-685.549377441, -138.977600098, 940.303527832, 340.125274658, 132.345794678, 94.6337661743, 29.6593151093, 1.37276816368, 35.0950775146, 54.8651275635, -8.91521167755, 0.263151019812, -79.6286315918], [-365.778808594, -154.95350647, 340.125274658, 459.820526123, 169.306167603, 65.2331619263, 39.0102157593, 34.0105514526, 55.8075790405, 48.8608436584, 17.3948192596, 14.2537870407, -17.9498271942], [-212.124282837, -21.4100952148, 132.345794678, 169.306167603, 251.518447876, 94.9560546875, 28.2657241821, 19.7641105652, 14.2648992538, 16.0157623291, 16.6380519867, 14.0243902206, -3.45261383057], [-127.387886047, -2.5984108448, 94.6337661743, 65.2331619263, 94.9560546875, 137.031997681, 69.0216217041, 22.4446563721, 12.0139579773, 1.68501186371, 3.53055500984, 10.7706260681, 3.21056962013], [-26.4259300232, -37.0872879028, 29.6593151093, 39.0102157593, 28.2657241821, 69.0216217041, 125.061889648, 72.5585174561, 30.5435791016, 4.91043138504, -3.16993689537, -1.76409244537, 9.99041461945], [16.9575042725, -31.8422164917, 1.37276816368, 34.0105514526, 19.7641105652, 22.4446563721, 72.5585174561, 113.26424408, 61.8117599487, 15.3867712021, -3.88402414322, -9.09003257751, 9.24597072601], [-70.3304977417, -27.9803791046, 35.0950775146, 55.8075790405, 14.2648992538, 12.0139579773, 30.5435791016, 61.8117599487, 102.497550964, 54.1486244202, 11.6120901108, -6.13557243347, -2.21587467194], [-28.6859779358, -34.5202445984, 54.8651275635, 48.8608436584, 16.0157623291, 1.68501186371, 4.91043138504, 15.3867712021, 54.1486244202, 95.9424209595, 52.6898193359, 15.5046157837, -3.93530321121], [-63.6115226746, -8.94893074036, -8.91521167755, 17.3948192596, 16.6380519867, 3.53055500984, -3.16993689537, -3.88402414322, 11.6120901108, 52.6898193359, 98.5099105835, 63.4063644409, 21.906085968], [-53.9243087769, -15.0785779953, 0.263151019812, 14.2537870407, 14.0243902206, 10.7706260681, -1.76409244537, -9.09003257751, -6.13557243347, 15.5046157837, 63.4063644409, 109.497642517, 63.0021095276], [-5.34266138077, -6.94648265839, -79.6286315918, -17.9498271942, -3.45261383057, 3.21056962013, 9.99041461945, 9.24597072601, -2.21587467194, -3.93530321121, 21.906085968, 63.0021095276, 106.30418396]]}, "spectral_contrast_valleys": {"min": [-27.501449585, -27.5524959564, -27.4432449341, -27.4315738678, -27.4268341064, -27.2445449829], "max": [-4.93944454193, -4.50864505768, -5.22517061234, -5.57669019699, -6.6500916481, -9.31469345093], "dvar2": [0.302657604218, 0.244351044297, 0.251622736454, 0.185013815761, 0.127238288522, 0.18410718441], "median": [-7.50264024734, -6.65940904617, -7.73637914658, -8.26901817322, -8.38814640045, -11.1752195358], "dmean2": [0.659794569016, 0.559460580349, 0.555030882359, 0.449929773808, 0.339282006025, 0.315736651421], "dmean": [0.409952551126, 0.345750063658, 0.343067318201, 0.279773116112, 0.208339184523, 0.206505477428], "var": [0.830966114998, 0.642001211643, 0.620843291283, 0.473571479321, 0.383473336697, 0.414830029011], "dvar": [0.137253880501, 0.109020620584, 0.111958958209, 0.0849777460098, 0.0607845373452, 0.0915388315916], "mean": [-7.60446643829, -6.7392578125, -7.78405952454, -8.3011302948, -8.41757583618, -11.2090358734]}, "barkbands_flatness_db": {"min": 0.0389234945178, "max": 0.498738020658, "dvar2": 0.00107027834747, "median": 0.21285122633, "dmean2": 0.0306882504374, "dmean": 0.0197411254048, "var": 0.00220020883717, "dvar": 0.000454401684692, "mean": 0.21350440383}, "dynamic_complexity": 2.97494530678, "spectral_skewness": {"min": -0.0668401941657, "max": 6.57756137848, "dvar2": 0.360958218575, "median": 2.41651391983, "dmean2": 0.651944100857, "dmean": 0.38180232048, "var": 0.479449272156, "dvar": 0.125680685043, "mean": 2.47109985352}, "erbbands_flatness_db": {"min": 0.0611778013408, "max": 0.444967359304, "dvar2": 0.000862059532665, "