{"lowlevel": {"spectral_complexity": {"min": 0, "max": 45, "dvar2": 18.9847831726, "median": 16, "dmean2": 4.56436920166, "dmean": 3.12651157379, "var": 52.6158905029, "dvar": 10.3632698059, "mean": 16.8021316528}, "silence_rate_20dB": {"min": 1, "max": 1, "dvar2": 0, "median": 1, "dmean2": 0, "dmean": 0, "var": 0, "dvar": 0, "mean": 1}, "average_loudness": 0.708229899406, "erbbands_spread": {"min": 3.35428905487, "max": 118.154006958, "dvar2": 123.426795959, "median": 36.2705497742, "dmean2": 11.0353345871, "dmean": 7.49226856232, "var": 263.591003418, "dvar": 57.0207977295, "mean": 37.6594161987}, "spectral_kurtosis": {"min": -1.1590924263, "max": 18.236120224, "dvar2": 2.34146547318, "median": 3.49242115021, "dmean2": 1.54720449448, "dmean": 0.96372282505, "var": 3.10155034065, "dvar": 0.958790183067, "mean": 3.76828169823}, "barkbands_kurtosis": {"min": -1.91087031364, "max": 299.766387939, "dvar2": 27.6651687622, "median": 0.665620326996, "dmean2": 2.38229441643, "dmean": 1.55830717087, "var": 133.1222229, "dvar": 13.3351202011, "mean": 2.16040253639}, "spectral_strongpeak": {"min": 0, "max": 15.5762300491, "dvar2": 1.83606553078, "median": 0.400445669889, "dmean2": 0.857362687588, "dmean": 0.542342305183, "var": 3.1359744072, "dvar": 0.833630979061, "mean": 1.1591821909}, "spectral_spread": {"min": 2341254.75, "max": 39558584, "dvar2": 1603783098370.0, "median": 4937562, "dmean2": 1016856.625, "dmean": 722946.4375, "var": 2443349065730.0, "dvar": 853275181056, "mean": 5295939.5}, "spectral_rms": {"min": 3.22495936206e-12, "max": 0.0108192525804, "dvar2": 5.3797396049e-07, "median": 0.00341499224305, "dmean2": 0.000721971155144, "dmean": 0.000544559559785, "var": 2.94935762213e-06, "dvar": 3.32942136083e-07, "mean": 0.00367808109149}, "erbbands": {"min": [3.00611005534e-21, 1.00891598976e-20, 7.09353661836e-21, 4.34607511613e-20, 6.01089985287e-20, 2.54193506966e-19, 8.68832568515e-19, 1.06637281137e-18, 2.39117855959e-18, 7.30848347487e-19, 4.7067740077e-19, 1.35327399618e-18, 1.03219567301e-18, 1.60460631126e-18, 2.39469593835e-18, 5.24983989673e-18, 5.26179513812e-18, 3.81188318194e-18, 6.23158292905e-18, 1.25540994772e-17, 9.15147961976e-18, 8.66711574027e-18, 8.92630782213e-18, 1.6425378363e-17, 1.92440889445e-17, 1.19144299562e-17, 1.86203682929e-17, 2.45744457749e-17, 1.80456729818e-17, 1.68129455672e-17, 1.76423976177e-17, 9.07941150889e-18, 1.63496003471e-17, 1.24203427178e-17, 6.74752318765e-18, 4.69899261628e-18, 3.67246892073e-18, 1.31812212887e-18, 3.67873041947e-19, 3.82306755562e-20], "max": [0.0502457357943, 3.23707079887, 24.1410274506, 86.9031982422, 78.1683807373, 230.369293213, 133.241729736, 135.777389526, 531.717407227, 1046.89477539, 1332.03222656, 1574.89868164, 2244.94848633, 3480.33959961, 1711.92004395, 2201.34521484, 4387.20117188, 1530.29882813, 1715.20422363, 948.63067627, 624.134216309, 425.416992188, 497.43460083, 392.482849121, 714.878356934, 232.798278809, 169.68838501, 324.015258789, 421.296691895, 383.168060303, 386.583435059, 135.545410156, 67.1682052612, 51.8952865601, 26.0865726471, 11.8181467056, 3.99380993843, 1.02527463436, 0.205262884498, 0.00941016618162], "dvar2": [1.38942195917e-05, 0.0602871030569, 2.77933883667, 47.999797821, 53.9034881592, 52.5360946655, 52.8136024475, 23.4150867462, 259.155548096, 932.962890625, 5336.86962891, 7864.01318359, 3843.1171875, 24102.9902344, 5473.24609375, 7676.38916016, 17268.1230469, 7041.63476563, 3182.21484375, 1042.58190918, 551.95501709, 402.591003418, 781.787719727, 344.573852539, 693.213500977, 214.913543701, 83.0195846558, 244.121337891, 252.933441162, 274.292449951, 165.558074951, 60.4449119568, 19.9725990295, 6.23464870453, 1.88790583611, 0.614929080009, 0.100204505026, 0.0161117073148, 0.000751364976168, 1.12723068924e-06], "median": [0.00175773992669, 0.0934003517032, 1.01104354858, 3.24091100693, 3.07934451103, 2.40348768234, 2.14279341698, 1.38211417198, 2.73620891571, 2.66173410416, 7.71861934662, 10.8850898743, 5.50096654892, 9.76664733887, 11.68227005, 16.4889450073, 9.51577758789, 13.8792438507, 7.04928398132, 6.93552684784, 8.2469625473, 8.03822231293, 6.62329816818, 6.16299629211, 6.05805301666, 5.09698867798, 3.52493405342, 2.92416763306, 2.38918066025, 1.41395771503, 1.22268247604, 1.41673374176, 0.854490041733, 0.344998180866, 0.179702758789, 0.0834222212434, 0.0272483229637, 0.00671392399818, 0.000621446757577, 3.88495209336e-05], "dmean2": [0.00256642978638, 0.172881543636, 1.1962672472, 4.48045349121, 4.62160587311, 3.28932094574, 2.98829913139, 1.72337460518, 5.48798274994, 7.46915149689, 16.9634647369, 28.0928039551, 16.6389923096, 42.6741867065, 24.5956630707, 35.4978942871, 29.2767314911, 31.0373916626, 17.7204341888, 10.9654750824, 10.7925891876, 10.4727935791, 12.8705186844, 9.27372837067, 10.8815498352, 7.5150384903, 5.32761764526, 7.06820678711, 6.09966945648, 5.35466861725, 4.14728164673, 3.76778388023, 2.33320593834, 1.16969347, 0.679488062859, 0.376577466726, 0.148316815495, 0.0551097244024, 0.0111647937447, 0.000407614192227], "dmean": [0.00157537637278, 0.102173268795, 0.735888242722, 2.89239883423, 3.00192809105, 2.21871423721, 2.05511593819, 1.15101957321, 3.89219141006, 5.36117315292, 11.7274780273, 19.2500972748, 12.7744531631, 31.5735416412, 17.4434375763, 26.407087326, 20.9991168976, 21.3983020782, 12.0480499268, 7.29764652252, 6.9594168663, 7.1578874588, 8.78153419495, 6.13441419601, 7.52374839783, 5.18461608887, 3.72725701332, 4.90367984772, 4.25834465027, 3.75869202614, 2.91583681107, 2.5853869915, 1.59350979328, 0.808806240559, 0.46026712656, 0.248214334249, 0.0955496355891, 0.034094940871, 0.00667844340205, 0.000241584260948], "var": [1.03187048808e-05, 0.0333890840411, 2.59056663513, 41.5264472961, 45.5811309814, 61.4881057739, 51.4259872437, 22.4090023041, 404.919433594, 1089.44702148, 2615.61376953, 8873.13476563, 7020.95898438, 60437.1328125, 11817.2763672, 16773.5234375, 49601.1601563, 9958.07128906, 4815.09277344, 646.112426758, 408.687591553, 613.123840332, 1015.53430176, 368.64831543, 871.83972168, 192.441177368, 102.298156738, 298.680908203, 415.575805664, 407.784667969, 237.908966064, 68.3084182739, 20.4855690002, 5.28087663651, 1.7502348423, 0.37441444397, 0.053469274193, 0.0057529034093, 0.000228081757086, 3.20939392395e-07], "dvar": [5.6474136727e-06, 0.0225828140974, 1.09394490719, 20.9722919464, 23.8931713104, 25.4172229767, 24.6072463989, 11.8723125458, 142.196060181, 537.717712402, 2160.76489258, 3616.50732422, 2382.41967773, 12598.0732422, 2765.18945313, 4572.75585938, 8897.29296875, 3348.22045898, 1693.16137695, 440.956726074, 218.114181519, 206.985610962, 376.063781738, 163.679077148, 369.359680176, 98.9773712158, 40.8006973267, 114.663276672, 130.883544922, 148.884887695, 88.7373046875, 30.0174198151, 9.56209278107, 2.91363835335, 0.90462654829, 0.266479283571, 0.042202219367, 0.00635443581268, 0.000290043273708, 4.28749814319e-07], "mean": [0.00276951561682, 0.151846811175, 1.51823306084, 5.35109615326, 5.16839885712, 4.71701383591, 4.45124864578, 2.42113995552, 7.99495601654, 9.32174015045, 21.3196659088, 37.1277694702, 26.8028430939, 70.2977905273, 40.0031433105, 56.538318634, 46.4936599731, 42.6842002869, 24.0184421539, 13.8876581192, 13.8132982254, 15.5693807602, 17.7442150116, 12.2461462021, 14.4570045471, 9.76801586151, 6.99858283997, 8.49149990082, 7.41532373428, 5.85097455978, 4.52028417587, 3.97586941719, 2.43866467476, 1.12090086937, 0.617739379406, 0.299617528915, 0.108350805938, 0.0334339439869, 0.00554160494357, 0.000209509264096]}, "zerocrossingrate": {"min": 0, "max": 0.5244140625, "dvar2": 0.000415253714891, "median": 0.07080078125, "dmean2": 0.0184484589845, "dmean": 0.016192195937, "var": 0.00265016802587, "dvar": 0.000333854346536, "mean": 0.0837244316936}, "spectral_contrast_coeffs": {"min": [-0.956447660923, -0.965146124363, -0.962157785892, -0.957925796509, -0.957736313343, -0.959456801414], "max": [-0.359257161617, -0.442856878042, -0.409538447857, -0.513282835484, -0.556756734848, -0.570266723633], "dvar2": [0.00398473720998, 0.00274107023142, 0.00205496605486, 0.00143821910024, 0.000942446116824, 0.000830199802294], "median": [-0.588474273682, -0.722589612007, -0.724242806435, -0.760553717613, -0.76973515749, -0.763399362564], "dmean2": [0.0794174224138, 0.0612826123834, 0.054393094033, 0.0463250540197, 0.035840112716, 0.0317974090576], "dmean": [0.0478976741433, 0.0392528735101, 0.0361021533608, 0.0300636962056, 0.0233237110078, 0.0213108081371], "var": [0.00552740786225, 0.00558912102133, 0.00653177406639, 0.00361743150279, 0.00224341172725, 0.00170394335873], "dvar": [0.00146938103717, 0.00116144295316, 0.000973990478087, 0.000645054329652, 0.000432651868323, 0.00038409041008], "mean": [-0.591436088085, -0.720063090324, -0.714920759201, -0.755208194256, -0.767860591412, -0.765483081341]}, "dissonance": {"min": 0.312678575516, "max": 0.499998092651, "dvar2": 0.000733578694053, "median": 0.472228705883, "dmean2": 0.0257019009441, "dmean": 0.0155812241137, "var": 0.00061161746271, "dvar": 0.000273248180747, "mean": 0.466240733862}, "spectral_energyband_high": {"min": 7.59819030123e-21, "max": 0.0240691490471, "dvar2": 1.87007924524e-06, "median": 0.000394671515096, "dmean2": 0.00072690891102, "dmean": 0.000549726188183, "var": 3.64667198482e-06, "dvar": 1.08795040887e-06, "mean": 0.00100402126554}, "gfcc": {"mean": [-10.2372741699, 57.3811187744, -115.589035034, 18.3243694305, -54.0343017578, 16.4334030151, -34.1531333923, 2.83741545677, -34.3791389465, -8.42879009247, -25.0275650024, -8.2924747467, -22.01080513], "icov": [[9.60301840678e-05, -1.80047027243e-05, 9.99932963168e-05, 1.00133420347e-05, 0.000226758886129, -0.000124263824546, 0.000220348782022, 8.66955815582e-05, 0.000327744724927, 4.91410755785e-05, 0.000276239123195, 6.55600160826e-05, 0.000434086861787], [-1.80047027243e-05, 0.00133624486625, 0.0010898130713, -0.000485835247673, -0.000429882988101, 0.000179046095582, 0.00079317833297, -0.000476035987958, -0.000325052911649, 0.00109802058432, -0.000984504004009, 0.000982287456281, -0.000257328094449], [9.99932963168e-05, 0.0010898130713, 0.00344243342988, -0.00105565425474, -0.000862588349264, -9.41885155044e-05, 0.00103124487214, 0.000589950475842, -0.00119869993068, 0.000392710411688, -3.79653756681e-05, -0.00028306726017, 0.00121774943545], [1.00133420347e-05, -0.000485835247673, -0.00105565425474, 0.00432803947479, -0.00017254150589, -0.00211194576696, 0.00136435462628, 0.000454685359728, -9.7113159427e-05, -0.000733475841116, 0.00109026778955, -0.000237465195823, -0.000456027424661], [0.000226758886129, -0.000429882988101, -0.000862588349264, -0.00017254150589, 0.00865130592138, -0.00109987787437, -0.00066409050487, 0.000442465825472, -0.000914924487006, 0.00118063250557, -0.000374805385945, 0.000603486492764, -0.00166440638714], [-0.000124263824546, 0.000179046095582, -9.41885155044e-05, -0.00211194576696, -0.00109987787437, 0.0122863361612, -0.0069767003879, 0.0017534091603, 0.00178147957195, -0.00132396526169, -0.000807204458397, 0.000274658726994, -0.000675851479173], [0.000220348782022, 0.00079317833297, 0.00103124487214, 0.00136435462628, -0.00066409050487, -0.0069767003879, 0.0129270358011, -0.00341440178454, -0.000472574436571, 0.00262781442143, -0.00113865535241, 0.000629661255516, 0.000379818753572], [8.66955815582e-05, -0.000476035987958, 0.000589950475842, 0.000454685359728, 0.000442465825472, 0.0017534091603, -0.00341440178454, 0.0155616346747, -0.00389836821705, -0.00106507330202, 0.000413989357185, 0.000924467283767, 0.000932443654165], [0.000327744724927, -0.000325052911649, -0.00119869993068, -9.7113159427e-05, -0.000914924487006, 0.00178147957195, -0.000472574436571, -0.00389836821705, 0.0184244140983, -0.00822999328375, 0.00235273712315, 0.000803224625997, 0.000296008540317], [4.91410755785e-05, 0.00109802058432, 0.000392710411688, -0.000733475841116, 0.00118063250557, -0.00132396526169, 0.00262781442143, -0.00106507330202, -0.00822999328375, 0.0209112409502, -0.00637976638973, 0.00235947524197, 0.00153384695295], [0.000276239123195, -0.000984504004009, -3.79653756681e-05, 0.00109026778955, -0.000374805385945, -0.000807204458397, -0.00113865535241, 0.000413989357185, 0.00235273712315, -0.00637976638973, 0.0207036882639, -0.00917463004589, 0.00246632192284], [6.55600160826e-05, 0.000982287456281, -0.00028306726017, -0.000237465195823, 0.000603486492764, 0.000274658726994, 0.000629661255516, 0.000924467283767, 0.000803224625997, 0.00235947524197, -0.00917463004589, 0.0241285599768, -0.00873219408095], [0.000434086861787, -0.000257328094449, 0.00121774943545, -0.000456027424661, -0.00166440638714, -0.000675851479173, 0.000379818753572, 0.000932443654165, 0.000296008540317, 0.00153384695295, 0.00246632192284, -0.00873219408095, 0.0217004008591]], "cov": [[19094.7480469, 905.901733398, -925.895812988, -126.276245117, -680.444824219, -107.33241272, -408.176513672, -187.613327026, -502.495361328, -243.682037354, -346.508972168, -309.136169434, -423.179626465], [905.901733398, 1233.69372559, -411.661560059, 14.4428730011, -8.1798658371, -52.2656440735, -67.700012207, 28.0147476196, -37.6830978394, -60.4266929626, 3.37836098671, -46.1813163757, 3.4565076828], [-925.895812988, -411.661560059, 520.299194336, 106.254699707, 59.1657028198, 16.3596687317, -11.4178037643, -21.2166519165, 55.0981407166, 36.5964355469, 4.35559415817, 21.2225723267, -2.45916652679], [-126.276245117, 14.4428730011, 106.254699707, 294.908721924, 25.6507358551, 41.8495750427, -22.5582294464, -19.1821327209, 9.39744663239, 10.8833312988, -9.47428035736, 2.20170331001, 8.48717784882], [-680.444824219, -8.1798658371, 59.1657028198, 25.6507358551, 151.539627075, 26.242313385, 27.5782546997, 1.60280537605, 19.3585567474, -0.211252138019, 12.560043335, 11.6935367584, 25.6508026123], [-107.33241272, -52.2656440735, 16.3596687317, 41.8495750427, 26.242313385, 134.884307861, 71.6600723267, -7.07058048248, -11.1927213669, -1.04082894325, 9.33202934265, 6.31652021408, 8.45930767059], [-408.176513672, -67.700012207, -11.4178037643, -22.5582294464, 27.5782546997, 71.6600723267, 139.518127441, 22.1121959686, 3.22405457497, -5.55385112762, 13.6439666748, 6.7589635849, 10.0015382767], [-187.613327026, 28.0147476196, -21.2166519165, -19.1821327209, 1.60280537605, -7.07058048248, 22.1121959686, 81.0066986084, 26.02983284, 11.3937158585, 1.93189048767, -7.16999578476, -3.35758900642], [-502.495361328, -37.6830978394, 55.0981407166, 9.39744663239, 19.3585567474, -11.1927213669, 3.22405457497, 26.02983284, 90.6746292114, 38.8295211792, 4.51501560211, -2.47053623199, 1.18300879002], [-243.682037354, -60.4266929626, 36.5964355469, 10.8833312988, -0.211252138019, -1.04082894325, -5.55385112762, 11.3937158585, 38.8295211792, 73.8027420044, 18.1614532471, -0.423327684402, -6.08867359161], [-346.508972168, 3.37836098671, 4.35559415817, -9.47428035736, 12.560043335, 9.33202934265, 13.6439666748, 1.93189048767, 4.51501560211, 18.1614532471, 71.5294876099, 28.6225967407, 9.5029668808], [-309.136169434, -46.1813163757, 21.2225723267, 2.20170331001, 11.6935367584, 6.31652021408, 6.7589635849, -7.16999578476, -2.47053623199, -0.423327684402, 28.6225967407, 65.6764678955, 29.0135860443], [-423.179626465, 3.4565076828, -2.45916652679, 8.48717784882, 25.6508026123, 8.45930767059, 10.0015382767, -3.35758900642, 1.18300879002, -6.08867359161, 9.5029668808, 29.0135860443, 68.1138381958]]}, "spectral_flux": {"min": 1.03249075956e-10, "max": 0.31658628583, "dvar2": 0.00104309665039, "median": 0.0515502542257, "dmean2": 0.0274129714817, "dmean": 0.0178781114519, "var": 0.0014785885578, "dvar": 0.000438891380327, "mean": 0.059634257108}, "silence_rate_30dB": {"min": 0, "max": 1, "dvar2": 0.00569978123531, "median": 1, "dmean2": 0.00468140421435, "dmean": 0.00234039779752, "var": 0.00233473884873, "dvar": 0.00233504129574, "mean": 0.997659921646}, "spectral_energyband_middle_high": {"min": 1.61467432716e-21, "max": 0.108009107411, "dvar2": 3.35549739248e-05, "median": 0.0027254759334, "dmean2": 0.00280707143247, "dmean": 0.00217580539174, "var": 0.000162741765962, "dvar": 2.06029144465e-05, "mean": 0.0070387548767}, "barkbands_spread": {"min": 1.38752841949, "max": 144.129104614, "dvar2": 201.135925293, "median": 24.5072555542, "dmean2": 11.1241044998, "dmean": 7.43878793716, "var": 355.513366699, "dvar": 94.9632720947, "mean": 29.2110176086}, "spectral_centroid": {"min": 340.425750732, "max": 11398.3681641, "dvar2": 196101, "median": 1468.37866211, "dmean2": 403.020599365, "dmean": 276.223968506, "var": 455726.75, "dvar": 103482.734375, "mean": 1587.53308105}, "pitch_salience": {"min": 0.0174014698714, "max": 0.915863156319, "dvar2": 0.00691424775869, "median": 0.528769135475, "dmean2": 0.0964960455894, "dmean": 0.061951585114, "var": 0.0115650324151, "dvar": 0.00290627824143, "mean": 0.524391770363}, "erbbands_skewness": {"min": -3.31863427162, "max": 3.28628087044, "dvar2": 0.142155006528, "median": 0.193457812071, "dmean2": 0.405348062515, "dmean": 0.273269981146, "var": 0.450128555298, "dvar": 0.0698026046157, "mean": 0.233227446675}, "erbbands_crest": {"min": 2.33457350731, "max": 28.4243030548, "dvar2": 11.4877071381, "median": 7.7531452179, "dmean2": 3.57539892197, "dmean": 2.31910395622, "var": 21.1495704651, "dvar": 5.21077442169, "mean": 8.99494457245}, "melbands": {"min": [2.285545717e-23, 6.34773769566e-24, 9.15116357608e-24, 7.31393256023e-24, 2.8211275247e-23, 2.63295169773e-23, 3.34148321252e-23, 5.38342150335e-24, 5.44875180807e-24, 7.96477436147e-24, 4.8549825156e-24, 6.35568152498e-24, 5.87711945126e-24, 1.59001399884e-23, 1.08338180864e-23, 1.0472235013e-23, 6.81880085762e-24, 9.52870767215e-24, 1.52014569287e-23, 1.65121729885e-23, 8.47006974798e-24, 8.62513613612e-24, 9.43098042777e-24, 6.21769397544e-24, 1.37756981276e-23, 1.7240184319e-23, 8.8601172894e-24, 7.54130515008e-24, 7.08578846441e-24, 2.10448604649e-23, 1.18741812589e-23, 1.06901909703e-23, 6.9363774201e-24, 1.11780051991e-23, 1.13850496323e-23, 6.30927441565e-24, 4.72655477694e-24, 1.21947759085e-23, 9.98423303529e-24, 1.09588351849e-23], "max": [0.00139777024742, 0.00944670662284, 0.0146635584533, 0.0094547951594, 0.00361227290705, 0.00309016555548, 0.00815508700907, 0.0112388813868, 0.0104571646079, 0.00925072468817, 0.0113599244505, 0.0146374916658, 0.00885708630085, 0.00780984200537, 0.0121090039611, 0.00670232856646, 0.00349291181192, 0.00386423477903, 0.00218026782386, 0.000836313527543, 0.000822122034151, 0.000414003501646, 0.000611693772953, 0.000577613420319, 0.000352389906766, 0.000473733845865, 0.000351155758835, 0.000120445831271, 7.91198472143e-05, 0.000177391804755, 0.000205409494811, 0.000247662188485, 0.000271477736533, 0.000247022195254, 0.000333133677486, 0.000102909900306, 7.94174411567e-05, 6.2405182689e-05, 4.59091861558e-05, 4.29179272032e-05], "dvar2": [1.25586714361e-08, 4.4984827241e-07, 1.50679750277e-06, 1.42200860864e-07, 5.7523891428e-08, 1.24233938692e-08, 6.71606130709e-08, 1.20202898302e-07, 3.65319294815e-07, 2.94702090287e-07, 1.10338646664e-07, 4.2593597982e-07, 1.17176838899e-07, 5.97751181886e-08, 1.1894150731e-07, 4.45264021209e-08, 2.87219794615e-08, 1.23537517993e-08, 4.35449276637e-09, 1.38172073783e-09, 9.48217504515e-10, 4.05254246827e-10, 1.07074826783e-09, 7.19321380238e-10, 2.93477298019e-10, 3.68348213042e-10, 3.0823910091e-10, 9.69726382527e-11, 3.79039265253e-11, 5.98175536881e-11, 1.13998144258e-10, 9.00723315378e-11, 1.47116652194e-10, 1.18404938632e-10, 1.00479680132e-10, 3.42632831829e-11, 2.39126340257e-11, 1.27200749933e-11, 6.00547866644e-12, 4.82970521215e-12], "median": [3.72865615645e-05, 0.000377339078113, 0.000559814565349, 0.000214567262447, 8.56124097481e-05, 3.06057481794e-05, 4.12736044382e-05, 2.90735588351e-05, 7.40560499253e-05, 5.62740460737e-05, 2.28777407756e-05, 3.55504671461e-05, 2.75186212093e-05, 5.2878029237e-05, 2.33876853599e-05, 2.16520766116e-05, 2.39037617575e-05, 1.0602761904e-05, 8.00284124125e-06, 8.43586803967e-06, 9.69339089352e-06, 8.10232086224e-06, 5.95685196458e-06, 5.61409615329e-06, 4.35758283857e-06, 4.15437716583e-06, 4.20223432229e-06, 2.77615527011e-06, 2.08445862881e-06, 1.78026311914e-06, 1.498528718e-06, 1.37433778491e-06, 9.59216549745e-07, 6.74316538607e-07, 6.57338659948e-07, 7.41858684705e-07, 8.7683321226e-07, 6.52888161312e-07, 3.75643935513e-07, 2.44887132794e-07], "dmean2": [7.85325537436e-05, 0.000481778552057, 0.000785731710494, 0.000253562029684, 0.000107331179606, 4.09441599913e-05, 8.82037493284e-05, 8.63095992827e-05, 0.000154226581799, 0.000168298807694, 9.03960608412e-05, 0.000180741859367, 9.01468520169e-05, 0.000104510174424, 8.02056238172e-05, 6.28617490293e-05, 6.04297019891e-05, 3.41095328622e-05, 1.59431911015e-05, 1.40004194691e-05, 1.43611523526e-05, 1.14277963803e-05, 1.41740001709e-05, 1.23194440675e-05, 8.04909632279e-06, 8.54208064993e-06, 7.92225364421e-06, 4.90923912366e-06, 3.51452945324e-06, 3.64444213119e-06, 4.55094414065e-06, 3.57795511263e-06, 3.63835306416e-06, 3.05630442199e-06, 2.59150738202e-06, 2.47002435572e-06, 2.41647808252e-06, 1.83852853297e-06, 1.26357429053e-06, 9.68121526057e-07], "dmean": [4.68264552183e-05, 0.000294793193461, 0.000511128746439, 0.000166528101545, 7.40488103474e-05, 2.74224785244e-05, 6.2421138864e-05, 6.17816622253e-05, 0.00010556660709, 0.000115203663881, 6.85975683155e-05, 0.000133568624733, 6.28469206276e-05, 7.46917430661e-05, 5.74191617488e-05, 4.41549054813e-05, 4.15358554164e-05, 2.27252185141e-05, 1.06335537566e-05, 9.19442663871e-06, 9.1445444923e-06, 7.56115878175e-06, 9.60516172199e-06, 8.10904111859e-06, 5.1690926739e-06, 5.84599911235e-06, 5.30870238435e-06, 3.34396759172e-06, 2.39865335061e-06, 2.50851962846e-06, 3.10539826387e-06, 2.45167325374e-06, 2.50212656283e-06, 2.08353435482e-06, 1.7711321334e-06, 1.6956436184e-06, 1.61486798333e-06, 1.23389611417e-06, 8.48011438848e-07, 6.55971803099e-07], "var": [7.29576399294e-09, 3.73040705881e-07, 1.31433318984e-06, 1.79902400532e-07, 6.26676168736e-08, 1.15923342037e-08, 1.0149067009e-07, 1.30460890091e-07, 1.88406360735e-07, 3.40179752811e-07, 1.89521443872e-07, 1.12173199796e-06, 2.23611408501e-07, 1.07027396723e-07, 2.68728314268e-07, 9.73525757786e-08, 3.86805076857e-08, 1.65357256776e-08, 2.4773250118e-09, 9.00820029681e-10, 6.31016738861e-10, 5.95802684966e-10, 1.29606947397e-09, 8.53637716069e-10, 2.44961106954e-10, 5.03809161057e-10, 2.85543200196e-10, 8.17405171327e-11, 3.64735706915e-11, 6.98625324258e-11, 1.2280725048e-10, 1.3825335321e-10, 1.52337045756e-10, 1.27665863991e-10, 1.1403916006e-10, 3.68950564544e-11, 2.35765573731e-11, 1.23084268472e-11, 5.39940748362e-12, 3.53312518131e-12], "dvar": [4.82947237757e-09, 1.74646672235e-07, 6.79923459757e-07, 6.38510542217e-08, 2.80732521674e-08, 6.1788578698e-09, 3.60635823426e-08, 6.80717562318e-08, 1.47335313727e-07, 1.38256396554e-07, 6.80014338172e-08, 2.25441851853e-07, 5.90044457738e-08, 3.5033714596e-08, 6.082061077e-08, 2.38966428867e-08, 1.37836488889e-08, 6.52629994491e-09, 1.78410497487e-09, 5.85701265265e-10, 3.62494118056e-10, 2.05554490096e-10, 5.16596265765e-10, 3.36250166599e-10, 1.34028746435e-10, 1.99714550453e-10, 1.43052986123e-10, 4.445650445e-11, 1.70978422392e-11, 2.93761369397e-11, 5.116098864e-11, 4.46537390397e-11, 6.84617987301e-11, 5.51758048972e-11, 4.86756537854e-11, 1.70645338138e-11, 1.12828192969e-11, 5.96915355686e-12, 2.81718853974e-12, 2.17352091186e-12], "mean": [6.57498530927e-05, 0.000573656812776, 0.00092549494002, 0.000347078748746, 0.000162275697221, 5.6264554587e-05, 0.000127616411191, 0.000103299717011, 0.000196856897674, 0.000219036883209, 0.000130286935018, 0.000294526253128, 0.000131362045067, 0.000147593702422, 0.000121295277495, 8.75500409165e-05, 7.76221859269e-05, 4.04413585784e-05, 1.90567006939e-05, 1.67974139913e-05, 1.66163481481e-05, 1.52506254381e-05, 1.80507686309e-05, 1.47400642163e-05, 8.98180314834e-06, 1.07997766463e-05, 9.317457625e-06, 5.80153755436e-06, 4.21032154918e-06, 4.33896366303e-06, 5.05585740029e-06, 4.20586275141e-06, 3.74402725356e-06, 3.03188039652e-06, 2.64210234491e-06, 2.44748980549e-06, 2.42720125243e-06, 1.84373789125e-06, 1.1991738802e-06, 8.62533795498e-07]}, "spectral_entropy": {"min": 6.70967769623, "max": 9.79219150543, "dvar2": 0.0619565993547, "median": 7.67899131775, "dmean2": 0.235127583146, "dmean": 0.171090111136, "var": 0.140481904149, "dvar": 0.0330661945045, "mean": 7.7273235321}, "spectral_rolloff": {"min": 21.533203125, "max": 18690.8203125, "dvar2": 4830537.5, "median": 1485.79101563, "dmean2": 1348.6953125, "dmean": 832.574035645, "var": 5336442.5, "dvar": 2106571.5, "mean": 2231.76757813}, "barkbands": {"min": [1.70672044774e-23, 6.40028222173e-23, 5.17630804483e-24, 2.73585670955e-23, 8.07996272645e-23, 1.26504587282e-22, 1.29914814043e-22, 1.24274551656e-23, 5.50843205434e-23, 4.54690906072e-23, 3.8294911856e-23, 1.18410748177e-22, 1.11782221359e-22, 9.62200846022e-23, 1.80665845903e-22, 1.83609975776e-22, 1.46946888966e-22, 1.45832966881e-22, 4.31685033637e-22, 2.31281723802e-22, 6.04981795348e-22, 4.55628337884e-22, 6.31627471999e-22, 7.58977692928e-22, 1.00597703482e-21, 1.5950523146e-21, 2.65926551006e-21], "max": [7.55046276026e-05, 0.00951853394508, 0.0196826010942, 0.0419042445719, 0.0380912162364, 0.0168900042772, 0.035127826035, 0.0483093671501, 0.0501517988741, 0.0894165635109, 0.0731777027249, 0.053378071636, 0.0870866626501, 0.0372766405344, 0.0249246433377, 0.00913752056658, 0.00752319721505, 0.00779972271994, 0.0114256702363, 0.00472972774878, 0.00571339018643, 0.0119384992868, 0.0124331293628, 0.00438539870083, 0.00364653905854, 0.00231624045409, 0.00102048774716], "dvar2": [1.32160766705e-11, 5.86747091802e-07, 2.46663921644e-06, 1.27720786622e-05, 1.9656074528e-06, 5.01078716297e-07, 1.7237391603e-06, 7.71873419581e-06, 1.00423694676e-05, 1.48544950207e-05, 9.39564779401e-06, 4.12079043599e-06, 9.30194619286e-06, 2.82077439806e-06, 8.14993882159e-07, 2.05938746944e-07, 1.92207721739e-07, 2.30128577527e-07, 2.26720786145e-07, 1.06262007193e-07, 9.79909628995e-08, 2.08503863064e-07, 2.22224116442e-07, 9.46379614675e-08, 3.83393938819e-08, 3.04312237631e-08, 1.93488869371e-08], "median": [1.51001387394e-07, 0.00023644680914, 0.00101193343289, 0.00120233441703, 0.000825390336104, 0.000194864434889, 0.000194807143998, 0.000171785490238, 0.000380386190955, 0.000227289507166, 0.000117593546747, 0.00041683256859, 0.000170037004864, 0.000248984695645, 0.000109783461085, 0.00012093227997, 0.000148901628563, 0.000109989312477, 0.000112946217996, 0.000106569365016, 8.37159532239e-05, 6.15601456957e-05, 4.19105344918e-05, 6.25219981885e-05, 2.70857708529e-05, 1.67072321346e-05, 3.77980768462e-06], "dmean2": [9.26152608827e-07, 0.000539709697478, 0.00113215378951, 0.00224775495008, 0.000909600697923, 0.000265672249952, 0.000455838657217, 0.000647789740469, 0.00106598169077, 0.0011192940874, 0.000706305901986, 0.000856528873555, 0.000699268246535, 0.000604389759246, 0.000276369828498, 0.000191614046344, 0.000236935869907, 0.000226131160161, 0.000214727493585, 0.00016768356727, 0.000159042625455, 0.000168926591869, 0.00014879911032, 0.000156396665261, 9.61904152064e-05, 8.3892737166e-05, 5.73986071686e-05], "dmean": [5.3802898492e-07, 0.000318804814015, 0.000733074266464, 0.00144972850103, 0.000593370350543, 0.000178854796104, 0.000323775573634, 0.000447165424703, 0.000726824277081, 0.000823588052299, 0.0004811717954, 0.000609922513831, 0.00048820496886, 0.000409897649661, 0.000183419702807, 0.000124190817587, 0.000157796006533, 0.000150636042235, 0.000145789366798, 0.000113015143143, 0.000110584114736, 0.0001194790093, 0.000104219579953, 0.000107635918539, 6.63479440846e-05, 5.46372539247e-05, 3.4385084291e-05], "var": [5.05069857465e-12, 3.12894542276e-07, 2.61649711319e-06, 1.10630553536e-05, 2.72206375485e-06, 4.48887021776e-07, 2.63002493739e-06, 4.41952670371e-06, 1.36529206429e-05, 3.88678963645e-05, 1.34690299092e-05, 7.35800722396e-06, 2.27864074986e-05, 3.61339334631e-06, 9.31669603688e-07, 1.60779421776e-07, 2.46616053801e-07, 3.0469794865e-07, 2.79608713072e-07, 8.53115551536e-08, 1.21436599443e-07, 3.41725012731e-07, 2.99580989349e-07, 1.02054706019e-07, 3.56842200233e-08, 1.67162017561e-08, 5.95741456166e-09], "dvar": [5.42045401619e-12, 2.20557240027e-07, 1.01835564692e-06, 5.84099780099e-06, 9.11882693799e-07, 2.36910295826e-07, 9.41763858009e-07, 3.35743584401e-06, 4.8211536523e-06, 8.21483718028e-06, 4.55106419395e-06, 2.31897570302e-06, 4.73500995213e-06, 1.3623769064e-06, 3.89765432374e-07, 8.79298056589e-08, 9.43362294947e-08, 1.10550871568e-07, 1.18555284701e-07, 4.65508911418e-08, 4.72198067314e-08, 1.10483100002e-07, 1.12193973223e-07, 4.59802045327e-08, 1.84234885126e-08, 1.29398305404e-08, 7.49515471909e-09], "mean": [5.05973787313e-07, 0.000424585537985, 0.00151714833919, 0.00230772863142, 0.00129951850977, 0.000381150661269, 0.000647161679808, 0.000715739093721, 0.00145563867409, 0.00176808459219, 0.000884112319909, 0.00121567584574, 0.000972940353677, 0.00075064675184, 0.00032964622369, 0.000227285476285, 0.000312324962579, 0.000288832379738, 0.000269828713499, 0.000206316777621, 0.000199254078325, 0.000203289513593, 0.000159500254085, 0.000169170089066, 9.10849485081e-05, 6.32408482488e-05, 2.92266358883e-05]}, "melbands_flatness_db": {"min": 0.0094535863027, "max": 0.412812680006, "dvar2": 0.00109437201172, "median": 0.152109950781, "dmean2": 0.0337874852121, "dmean": 0.0233721770346, "var": 0.00209295307286, "dvar": 0.000524287985172, "mean": 0.153402626514}, "melbands_skewness": {"min": -1.81920015812, "max": 15.0780391693, "dvar2": 0.819406926632, "median": 1.86367154121, "dmean2": 0.836197793484, "dmean": 0.564931929111, "var": 2.04406380653, "dvar": 0.365105390549, "mean": 2.04497814178}, "barkbands_skewness": {"min": -2.42187905312, "max": 16.6794586182, "dvar2": 0.429508596659, "median": 0.986479759216, "dmean2": 0.6251745224, "dmean": 0.421097636223, "var": 1.22239637375, "dvar": 0.198350131512, "mean": 1.10834848881}, "silence_rate_60dB": {"min": 0, "max": 1, "dvar2": 0.0568073354661, "median": 0, "dmean2": 0.0499349795282, "dmean": 0.0249642431736, "var": 0.0630358830094, "dvar": 0.0243420805782, "mean": 0.0676027014852}, "spectral_energyband_low": {"min": 8.90205487062e-23, "max": 0.0380426943302, "dvar2": 1.01060104498e-05, "median": 0.00240838644095, "dmean2": 0.00229172362015, "dmean": 0.0014624906471, "var": 9.32315560931e-06, "dvar": 4.19213210989e-06, "mean": 0.00327678909525}, "spectral_energyband_middle_low": {"min": 4.41083661302e-22, "max": 0.059510089457, "dvar2": 3.31260780513e-05, "median": 0.0049596214667, "dmean2": 0.00388033199124, "dmean": 0.00265396153554, "var": 4.66587371193e-05, "dvar": 1.58564762387e-05, "mean": 0.00699668284506}, "melbands_kurtosis": {"min": -1.85519635677, "max": 249.522491455, "dvar2": 133.37260437, "median": 4.20098209381, "dmean2": 6.09771823883, "dmean": 3.95765280724, "var": 208.272903442, "dvar": 56.901927948, "mean": 7.6605219841}, "spectral_decrease": {"min": -2.81905521149e-08, "max": 2.08929423875e-18, "dvar2": 4.13976889136e-18, "median": -2.79903722422e-09, "dmean2": 1.53857659946e-09, "dmean": 1.12115283724e-09, "var": 1.51063727019e-17, "dvar": 2.30223761859e-18, "mean": -3.98299127014e-09}, "erbbands_kurtosis": {"min": -1.6011929512, "max": 21.5474948883, "dvar2": 1.75711762905, "median": 0.00293357949704, "dmean2": 1.04676985741, "dmean": 0.696919798851, "var": 3.37711834908, "dvar": 0.834612250328, "mean": 0.577462852001}, "melbands_crest": {"min": 2.91003227234, "max": 39.5909156799, "dvar2": 22.6234836578, "median": 13.5475654602, "dmean2": 5.4267988205, "dmean": 3.38965463638, "var": 32.2560501099, "dvar": 9.28106689453, "mean": 14.5483541489}, "melbands_spread": {"min": 1.17299091816, "max": 207.228820801, "dvar2": 312.634094238, "median": 27.2136039734, "dmean2": 13.4525127411, "dmean": 8.98934745789, "var": 620.563415527, "dvar": 154.569900513, "mean": 32.8713912964}, "spectral_energy": {"min": 1.06603717314e-20, "max": 0.119982622564, "dvar2": 6.92234607413e-05, "median": 0.0119537273422, "dmean2": 0.00634239474311, "dmean": 0.00468675605953, "var": 0.000269476440735, "dvar": 3.94208909711e-05, "mean": 0.0168896410614}, "mfcc": {"mean": [-649.269836426, 98.5640335083, -5.23067855835, 9.2256860733, 1.10737884045, 6.53441858292, 6.53227806091, 5.5405626297, -3.52853012085, -1.46610617638, -4.96707057953, -1.45408332348, -9.61611652374], "icov": [[0.00014339973859, -5.4225049098e-05, 5.39970642421e-06, -4.77469802718e-05, 0.000236298234086, -9.71847985056e-05, 3.57531571353e-05, 2.24434188567e-05, 0.00016437623708, 2.03209001484e-05, 4.75235168551e-07, -6.94791524438e-05, 0.000365509069525], [-5.4225049098e-05, 0.00150370039046, 0.00102547195274, -0.000310819625156, -0.000718616123777, 0.00071845005732, -0.000187309109606, -0.000422973564127, 0.000263765017735, -0.000230740450206, 0.000336704892106, -0.000622259045485, 0.000110541135655], [5.39970642421e-06, 0.00102547195274, 0.00430409889668, -0.000973434653133, -0.00081664940808, -0.00105787510984, 0.000607337977272, -0.000205109317903, 0.000423409801442, -0.000608453934547, 0.000198843947146, -0.000166872399859, -0.00157680711709], [-4.77469802718e-05, -0.000310819625156, -0.000973434653133, 0.00788861233741, -0.00322636729106, -0.000979927601293, 0.00128865218721, -0.000596343947109, 0.000537171086762, -0.00184863607865, 0.00195026036818, 0.000282085704384, -0.00161203648895], [0.000236298234086, -0.000718616123777, -0.00081664940808, -0.00322636729106, 0.0105964187533, -0.00176885956898, 0.000688292318955, 0.00116284249816, -0.000935831689276, 0.00038966111606, 0.00100510497577, -0.0013643046841, 0.000539317494258], [-9.71847985056e-05, 0.00071845005732, -0.00105787510984, -0.000979927601293, -0.00176885956898, 0.0101497629657, -0.00450269179419, 1.66892732523e-05, -0.000735417648684, 0.000277562387055, -0.000478412694065, 0.00113867537584, -0.000434758519987], [3.57531571353e-05, -0.000187309109606, 0.000607337977272, 0.00128865218721, 0.000688292318955, -0.00450269179419, 0.0123047260568, -0.00572804687545, 0.000894495053217, 0.000304898887407, 0.000118682037282, -0.00113634148147, 0.00148602609988], [2.24434188567e-05, -0.000422973564127, -0.000205109317903, -0.000596343947109, 0.00116284249816, 1.66892732523e-05, -0.00572804687545, 0.0167438834906, -0.00396758597344, 0.00206936663017, -0.000839543528855, 0.00129677669611, -0.00129730522167], [0.00016437623708, 0.000263765017735, 0.000423409801442, 0.000537171086762, -0.000935831689276, -0.000735417648684, 0.000894495053217, -0.00396758597344, 0.0150363501161, -0.00480960076675, 0.00160253408831, -0.000896253681276, 0.00161330506671], [2.03209001484e-05, -0.000230740450206, -0.000608453934547, -0.00184863607865, 0.00038966111606, 0.000277562387055, 0.000304898887407, 0.00206936663017, -0.00480960076675, 0.0162292849272, -0.00688015576452, 0.00330178788863, -0.00110022968147], [4.75235168551e-07, 0.000336704892106, 0.000198843947146, 0.00195026036818, 0.00100510497577, -0.000478412694065, 0.000118682037282, -0.000839543528855, 0.00160253408831, -0.00688015576452, 0.0168096162379, -0.00536580057815, 0.00272439909168], [-6.94791524438e-05, -0.000622259045485, -0.000166872399859, 0.000282085704384, -0.0013643046841, 0.00113867537584, -0.00113634148147, 0.00129677669611, -0.000896253681276, 0.00330178788863, -0.00536580057815, 0.0179798398167, -0.00643822690472], [0.000365509069525, 0.000110541135655, -0.00157680711709, -0.00161203648895, 0.000539317494258, -0.000434758519987, 0.00148602609988, -0.00129730522167, 0.00161330506671, -0.00110022968147, 0.00272439909168, -0.00643822690472, 0.0161124970764]], "cov": [[8138.12744141, 352.280090332, -266.93371582, -134.588562012, -227.681030273, -18.0823230743, 43.2840309143, -10.7675533295, -98.3468170166, -43.9803924561, 41.3398284912, -39.9321708679, -240.44493103], [352.280090332, 917.173461914, -244.430862427, 1.57192671299, 25.0868148804, -84.8428955078, 6.1069111824, 14.4975261688, -10.4405574799, -12.0205154419, -9.94180297852, 26.0254230499, -28.2671909332], [-266.93371582, -244.430862427, 362.461029053, 84.414894104, 53.8381652832, 61.7888526917, -20.4799213409, -7.74988365173, 0.300220578909, 17.0146827698, -11.3686237335, 6.39012241364, 58.3866004944], [-134.588562012, 1.57192671299, 84.414894104, 191.808609009, 75.4809494019, 27.6922054291, -25.1595687866, -5.86713075638, 2.21503138542, 15.7092733383, -25.9908676147, 2.8081946373, 36.9300422668], [-227.681030273, 25.0868148804, 53.8381652832, 75.4809494019, 136.867019653, 26.1790542603, -13.6347007751, -8.56335830688, 7.38225364685, 3.12452912331, -17.3106384277, 9.88386249542, 20.8570613861], [-18.0823230743, -84.8428955078, 61.7888526917, 27.6922054291, 26.1790542603, 141.186981201, 48.9880752563, 17.1986675262, 8.71605873108, 1.30406498909, -2.63274931908, -6.11191892624, 6.82895183563], [43.2840309143, 6.1069111824, -20.4799213409, -25.1595687866, -13.6347007751, 48.9880752563, 125.700065613, 44.3121337891, 4.5145111084, -9.84534358978, 4.20337438583, -0.463992774487, -13.8126935959], [-10.7675533295, 14.4975261688, -7.74988365173, -5.86713075638, -8.56335830688, 17.1986675262, 44.3121337891, 80.4920501709, 17.1519012451, -6.23553419113, 0.379937916994, -2.61915707588, -1.30986714363], [-98.3468170166, -10.4405574799, 0.300220578909, 2.21503138542, 7.38225364685, 8.71605873108, 4.5145111084, 17.1519012451, 80.1123733521, 22.4931106567, 1.95936894417, -2.86466145515, -4.45518255234], [-43.9803924561, -12.0205154419, 17.0146827698, 15.7092733383, 3.12452912331, 1.30406498909, -9.84534358978, -6.23553419113, 22.4931106567, 84.7967605591, 28.2010364532, -6.41984415054, 0.857970416546], [41.3398284912, -9.94180297852, -11.3686237335, -25.9908676147, -17.3106384277, -2.63274931908, 4.20337438583, 0.379937916994, 1.95936894417, 28.2010364532, 81.5448532104, 14.6564531326, -10.6333713531], [-39.9321708679, 26.0254230499, 6.39012241364, 2.8081946373, 9.88386249542, -6.11191892624, -0.463992774487, -2.61915707588, -2.86466145515, -6.41984415054, 14.6564531326, 72.9262542725, 27.479883194], [-240.44493103, -28.2671909332, 58.3866004944, 36.9300422668, 20.8570613861, 6.82895183563, -13.8126935959, -1.30986714363, -4.45518255234, 0.857970416546, -10.6333713531, 27.479883194, 91.0582885742]]}, "spectral_contrast_valleys": {"min": [-27.6437187195, -27.90974617, -27.0347328186, -27.5606384277, -27.2932662964, -27.2790985107], "max": [-6.19112205505, -5.69169092178, -5.1261100769, -6.06817293167, -6.1665558815, -7.47462081909], "dvar2": [0.34533572197, 0.19185847044, 0.154235124588, 0.141495630145, 0.129734009504, 0.288113921881], "median": [-7.86000967026, -7.29705810547, -7.48776626587, -7.85764980316, -7.65402317047, -10.0297927856], "dmean2": [0.720870256424, 0.495108246803, 0.45111516118, 0.416070252657, 0.359464466572, 0.486720979214], "dmean": [0.434521883726, 0.312774479389, 0.295538365841, 0.283037334681, 0.267638981342, 0.400069206953], "var": [2.08724379539, 1.85772740841, 1.81147682667, 1.6742169857, 1.61319065094, 1.79356849194], "dvar": [0.14075653255, 0.09189209342, 0.0808653533459, 0.0826022997499, 0.0861733257771, 0.186496034265], "mean": [-8.08135700226, -7.50560235977, -7.66888237, -8.03745174408, -7.84790277481, -10.1182098389]}, "barkbands_flatness_db": {"min": 0.0238722860813, "max": 0.364347785711, "dvar2": 0.000617050507572, "median": 0.101233512163, "dmean2": 0.0269316378981, "dmean": 0.0186829846352, "var": 0.00142043421511, "dvar": 0.000313140248181, "mean": 0.104402914643}, "dynamic_complexity": 3.63514971733, "spectral_skewness": {"min": -0.0459562167525, "max": 3.12586903572, "dvar2": 0.0448942855, "median": 1.47997903824, "dmean2": 0.234641611576, "dmean": 0.150345787406, "var": 0.104425750673, "dvar": 0.0209155827761, "mean": 1.49426555634}, "erbbands_flatness_db": {"min": 0.0323835425079, "max": 0.299096286297, "dvar2": 0.000522404967342, "median": 0.129988491535, "dmean2": 0.02355021424