{"lowlevel": {"spectral_complexity": {"min": 0, "max": 54, "dvar2": 66.0296630859, "median": 23, "dmean2": 9.02825641632, "dmean": 6.31984233856, "var": 123.435928345, "dvar": 35.355304718, "mean": 23.5030879974}, "silence_rate_20dB": {"min": 1, "max": 1, "dvar2": 0, "median": 1, "dmean2": 0, "dmean": 0, "var": 0, "dvar": 0, "mean": 1}, "average_loudness": 0.960423886776, "erbbands_spread": {"min": 8.82747364044, "max": 126.338523865, "dvar2": 188.126037598, "median": 39.7627296448, "dmean2": 14.1948652267, "dmean": 9.38341999054, "var": 326.95223999, "dvar": 87.1616897583, "mean": 42.86693573}, "spectral_kurtosis": {"min": -1.25686311722, "max": 10.7078151703, "dvar2": 1.14421737194, "median": 2.95259261131, "dmean2": 1.18663978577, "dmean": 0.744848787785, "var": 1.41685938835, "dvar": 0.46130168438, "mean": 2.99283146858}, "barkbands_kurtosis": {"min": -1.91058552265, "max": 121.331604004, "dvar2": 48.6062507629, "median": -0.303592175245, "dmean2": 3.21755766869, "dmean": 2.07457399368, "var": 35.9541740417, "dvar": 22.4493236542, "mean": 1.43059337139}, "spectral_strongpeak": {"min": 0, "max": 12.1257266998, "dvar2": 3.58292961121, "median": 0.408317953348, "dmean2": 1.1840441227, "dmean": 0.688508093357, "var": 2.15801596642, "dvar": 1.44027292728, "mean": 1.0373197794}, "spectral_spread": {"min": 2528634.75, "max": 40997276, "dvar2": 1109335736320.0, "median": 5226690.5, "dmean2": 906497, "dmean": 611168.4375, "var": 2155699765250.0, "dvar": 568529321984, "mean": 5437207}, "spectral_rms": {"min": 3.20817526191e-12, "max": 0.00901898276061, "dvar2": 1.49751747358e-06, "median": 0.00502070970833, "dmean2": 0.00124456174672, "dmean": 0.000831421639305, "var": 2.53513053394e-06, "dvar": 7.35425146559e-07, "mean": 0.00487297121435}, "erbbands": {"min": [3.08584665151e-22, 1.46551817328e-21, 1.14742035553e-20, 4.39712670021e-20, 4.98972858457e-20, 1.14228201296e-19, 2.157949816e-19, 3.13981010118e-19, 3.40985019148e-19, 3.9835079596e-19, 5.59689841198e-19, 1.54447358945e-18, 1.77056500512e-18, 1.87320612502e-18, 2.8392372752e-18, 3.70428228709e-18, 4.46534800764e-18, 3.2711260574e-18, 5.1056904401e-18, 5.93196735784e-18, 9.41044505413e-18, 9.99473979624e-18, 9.00537222662e-18, 9.79689639169e-18, 1.08986769794e-17, 7.28134998623e-18, 1.55561190727e-17, 1.6980988963e-17, 1.58918419048e-17, 1.77618540787e-17, 1.45462109541e-17, 1.44715198535e-17, 1.28282138973e-17, 9.87447021671e-18, 8.64699953495e-18, 4.85373908374e-18, 3.05522095738e-18, 1.1616867654e-18, 2.93184190253e-19, 2.96526865883e-20], "max": [1.67927348614, 16.8094997406, 52.8102989197, 80.4543075562, 64.9682159424, 83.7626190186, 158.170516968, 244.423721313, 561.695251465, 353.068481445, 464.306976318, 807.734130859, 785.843688965, 1039.9864502, 1408.13256836, 1055.03234863, 926.151550293, 1047.44189453, 890.462646484, 532.740722656, 882.241638184, 776.143615723, 581.987731934, 821.763427734, 516.694335938, 550.225280762, 388.162322998, 314.110900879, 192.315444946, 206.966567993, 250.459289551, 298.822570801, 162.816116333, 113.36050415, 72.7830963135, 19.7446193695, 2.66726994514, 1.42333841324, 0.109358347952, 0.00266139535233], "dvar2": [0.0479464307427, 3.82473921776, 51.5500030518, 219.751358032, 85.4538650513, 172.409820557, 198.353103638, 487.033905029, 1454.01245117, 907.639831543, 2294.84033203, 5519.30517578, 4654.13916016, 7009.40771484, 6484.73242188, 2606.22412109, 2398.85717773, 3362.71606445, 4315.96484375, 2102.44946289, 2621.59814453, 2539.625, 2267.32104492, 2922.92749023, 2829.63574219, 1599.09790039, 1804.8013916, 581.353637695, 145.667480469, 187.843765259, 181.226394653, 198.639984131, 66.0406417847, 39.2630615234, 9.48094177246, 0.973451733589, 0.0761835202575, 0.00764509383589, 9.84603902907e-05, 6.77778473346e-08], "median": [0.0931249931455, 0.724938571453, 1.69765031338, 1.52777385712, 1.48276531696, 2.37488102913, 3.65112113953, 4.55993032455, 4.66237163544, 4.45310688019, 6.38449192047, 6.78643369675, 9.50733280182, 12.5022954941, 11.9134674072, 12.0200462341, 12.8244895935, 14.9617176056, 17.8891811371, 17.1141986847, 13.267698288, 14.0724582672, 17.9308452606, 25.1915626526, 29.4640140533, 25.9039745331, 20.0934371948, 12.5027093887, 7.45714664459, 4.84263753891, 3.90262961388, 3.42320895195, 2.4071893692, 1.5343426466, 0.799523174763, 0.290477246046, 0.089635565877, 0.0169798023999, 0.000711861124728, 5.95907440584e-05], "dmean2": [0.134790182114, 1.24296963215, 4.17279100418, 6.91024875641, 4.98810577393, 7.12769794464, 8.79546928406, 11.418838501, 15.9215250015, 13.7582902908, 20.1221809387, 29.0908870697, 32.1371917725, 36.8714981079, 35.3533821106, 25.8085842133, 24.7703361511, 32.0678367615, 36.3365287781, 27.9138469696, 26.0830593109, 26.1679363251, 27.714389801, 33.9037475586, 35.5554389954, 28.7751560211, 26.4539928436, 14.5124492645, 8.10470581055, 6.95538759232, 6.88208961487, 5.5398850441, 3.77677774429, 2.81772685051, 1.45586848259, 0.493531644344, 0.171477943659, 0.0366308912635, 0.00421098293737, 0.000110910164949], "dmean": [0.0974768996239, 0.833094418049, 2.72658514977, 4.04102993011, 2.88439130783, 4.12543344498, 5.38822317123, 7.11440038681, 9.45805549622, 8.29423046112, 12.4079246521, 17.9461994171, 19.9844245911, 23.6912441254, 23.2971687317, 17.3300189972, 16.0626392365, 21.2857818604, 23.9399280548, 18.2150192261, 16.8283538818, 17.0238780975, 18.8508872986, 22.3874645233, 23.1804885864, 18.7018032074, 17.4437198639, 9.51547145844, 5.39784097672, 4.73443984985, 4.62157201767, 3.6309428215, 2.48806214333, 1.85924375057, 0.942870438099, 0.319242835045, 0.111752167344, 0.0234772767872, 0.00248279538937, 6.71849120408e-05], "var": [0.0564724393189, 3.63677215576, 32.6054382324, 68.2740097046, 27.3844089508, 55.588142395, 130.212051392, 337.265319824, 576.786376953, 423.291320801, 1281.79736328, 3054.51660156, 3971.79467773, 7992.72021484, 8036.328125, 4788.98242188, 2514.05615234, 6110.63818359, 5170.59326172, 2190.47460938, 2118.3737793, 2291.37695313, 3005.92993164, 3207.85742188, 2898.24414063, 1538.94494629, 1712.89733887, 463.472167969, 107.534461975, 125.003639221, 131.172729492, 124.636367798, 55.805847168, 36.9486541748, 9.23541641235, 0.775166809559, 0.0742136910558, 0.00390160060488, 3.34451724484e-05, 2.26184830865e-08], "dvar": [0.0204902458936, 1.69527363777, 22.6364612579, 82.0577468872, 31.9124965668, 63.6361732483, 83.7967376709, 210.46055603, 527.083435059, 353.817840576, 913.07635498, 2226.03222656, 1919.15991211, 3007.40234375, 2872.72583008, 1316.30249023, 1000.67218018, 1579.93505859, 1932.56335449, 908.857421875, 1103.8026123, 1153.19311523, 1139.45410156, 1366.9954834, 1203.03686523, 693.192321777, 805.751586914, 249.292739868, 66.179145813, 87.9563217163, 86.8123779297, 88.9474639893, 31.4674835205, 18.5117530823, 4.40571594238, 0.436922192574, 0.0317549109459, 0.00280979904346, 3.63489270967e-05, 2.55205030442e-08], "mean": [0.18490344286, 1.39411747456, 3.68851590157, 4.39125537872, 3.22138333321, 4.76066923141, 7.48473215103, 10.5899438858, 12.8154592514, 10.976606369, 17.5948085785, 24.3912220001, 31.1210727692, 40.8899383545, 41.6638374329, 32.2411651611, 28.4018287659, 42.1126060486, 44.6680641174, 33.3044471741, 28.6761016846, 28.9984130859, 34.8543434143, 44.672000885, 46.4878387451, 37.6227302551, 33.9756507874, 18.5706825256, 10.0710802078, 7.8330411911, 7.11352443695, 5.96012210846, 4.14679813385, 2.8867855072, 1.46960103512, 0.518238961697, 0.190761566162, 0.03888977319, 0.00270201917738, 0.00010204071441]}, "zerocrossingrate": {"min": 0.00732421875, "max": 0.513671875, "dvar2": 0.000354886899004, "median": 0.0908203125, "dmean2": 0.0181275624782, "dmean": 0.0155043732375, "var": 0.00181496422738, "dvar": 0.000275544327451, "mean": 0.0962641611695}, "spectral_contrast_coeffs": {"min": [-0.964430272579, -0.984892964363, -0.980272889137, -0.964164555073, -0.962712407112, -0.964591622353], "max": [-0.326487094164, -0.453574150801, -0.449304491282, -0.545431256294, -0.543239176273, -0.605349957943], "dvar2": [0.00470187654719, 0.00494595849887, 0.00343722593971, 0.00189323653467, 0.00135214987677, 0.000755471235607], "median": [-0.684615731239, -0.749757528305, -0.775554358959, -0.779837012291, -0.773276984692, -0.764046728611], "dmean2": [0.0870618000627, 0.0877788439393, 0.0712023153901, 0.0545874722302, 0.0446255393326, 0.0321750454605], "dmean": [0.0536040775478, 0.0537321232259, 0.0448884777725, 0.0349407978356, 0.0294555611908, 0.0206361562014], "var": [0.00572495674714, 0.00531026301906, 0.00627256277949, 0.00367075391114, 0.00283148791641, 0.0011428197613], "dvar": [0.00183579046279, 0.00195960258134, 0.0014861447271, 0.000829165743198, 0.000677379139233, 0.000322207837598], "mean": [-0.678248107433, -0.742584705353, -0.761519908905, -0.770904242992, -0.767499864101, -0.762587368488]}, "dissonance": {"min": 0.287536740303, "max": 0.499999731779, "dvar2": 0.000505531090312, "median": 0.482119202614, "dmean2": 0.0232350099832, "dmean": 0.0137645127252, "var": 0.000334514654242, "dvar": 0.000188237274415, "mean": 0.477330774069}, "spectral_energyband_high": {"min": 7.47443067222e-21, "max": 0.0188423246145, "dvar2": 3.67107963939e-06, "median": 0.00181386049371, "dmean2": 0.00139944790863, "dmean": 0.000967999105342, "var": 3.85852763429e-06, "dvar": 1.81069754035e-06, "mean": 0.00220325705595}, "gfcc": {"mean": [40.9475059509, 42.9961051941, -115.419464111, 36.4661064148, -54.6347732544, 17.450012207, -32.8446998596, 15.7660732269, -29.3820724487, 11.0628452301, -14.7078714371, 3.41386651993, -9.81500053406], "icov": [[0.000308090006001, 4.94541309308e-05, 1.66790432559e-05, -0.000189909551409, -1.76724279299e-05, -0.000127579711261, -5.04124291183e-05, -0.000336983794114, 0.000249112810707, -0.000273977435427, 0.000379696837626, -8.74234901858e-05, 0.000322930834955], [4.94541309308e-05, 0.00212891865522, -0.000207082965062, -0.000444312521722, -0.000739526003599, 0.000109702588816, -0.000900642364286, 1.64331850101e-05, -0.000112636815174, 0.000321823405102, -0.00049873982789, 0.0010720831342, 0.000236555744777], [1.66790432559e-05, -0.000207082965062, 0.00199407129548, -0.00103258842137, -0.0006594992592, -0.000624428270385, 0.000667737564072, 0.000252093363088, -0.000897786288988, 0.000380903307814, 0.000600603234489, -0.00112845911644, 0.00164859474171], [-0.000189909551409, -0.000444312521722, -0.00103258842137, 0.00459151854739, -0.00151404249482, 0.000710370077286, 0.00101299304515, -0.00139764661435, -0.000335921969963, 0.000925044703763, -0.00123906543013, 0.000803357164841, -0.00110980891623], [-1.76724279299e-05, -0.000739526003599, -0.0006594992592, -0.00151404249482, 0.00644767656922, -0.00176903256215, -0.00173614395317, -0.000374303461285, 6.73418107908e-05, -0.00122958945576, 0.00171949283686, -0.0012738769874, 0.000323813321302], [-0.000127579711261, 0.000109702588816, -0.000624428270385, 0.000710370077286, -0.00176903256215, 0.00699303252622, -0.00408813217655, 0.00215883762576, -0.000770633341745, 7.23738048691e-05, -0.000375275471015, 0.000191045532119, 0.000280926731648], [-5.04124291183e-05, -0.000900642364286, 0.000667737564072, 0.00101299304515, -0.00173614395317, -0.00408813217655, 0.01054211054, -0.00443212781101, 0.0017961707199, -0.0022059478797, -0.00060073955683, 0.00152463326231, 9.88270694506e-05], [-0.000336983794114, 1.64331850101e-05, 0.000252093363088, -0.00139764661435, -0.000374303461285, 0.00215883762576, -0.00443212781101, 0.0126496367157, -0.00581512926146, 0.00161489890888, -0.00160248810425, 0.00100457295775, -0.00150730309542], [0.000249112810707, -0.000112636815174, -0.000897786288988, -0.000335921969963, 6.73418107908e-05, -0.000770633341745, 0.0017961707199, -0.00581512926146, 0.0146748973057, -0.00565870432183, 0.00317678740248, -0.00498096412048, 0.00233314884827], [-0.000273977435427, 0.000321823405102, 0.000380903307814, 0.000925044703763, -0.00122958945576, 7.23738048691e-05, -0.0022059478797, 0.00161489890888, -0.00565870432183, 0.018311355263, -0.00917061325163, 0.00405800621957, -0.00371987512335], [0.000379696837626, -0.00049873982789, 0.000600603234489, -0.00123906543013, 0.00171949283686, -0.000375275471015, -0.00060073955683, -0.00160248810425, 0.00317678740248, -0.00917061325163, 0.0197152942419, -0.00948941893876, 0.00191875791643], [-8.74234901858e-05, 0.0010720831342, -0.00112845911644, 0.000803357164841, -0.0012738769874, 0.000191045532119, 0.00152463326231, 0.00100457295775, -0.00498096412048, 0.00405800621957, -0.00948941893876, 0.0213232096285, -0.00731877237558], [0.000322930834955, 0.000236555744777, 0.00164859474171, -0.00110980891623, 0.000323813321302, 0.000280926731648, 9.88270694506e-05, -0.00150730309542, 0.00233314884827, -0.00371987512335, 0.00191875791643, -0.00731877237558, 0.0149602461606]], "cov": [[3832.82739258, 156.788894653, 258.154693604, 251.591842651, 235.138839722, 181.722473145, 169.971099854, 151.401702881, 25.2414798737, 20.1134166718, -76.5830078125, -64.6598205566, -110.114585876], [156.788894653, 670.614807129, 236.285064697, 156.221237183, 206.90802002, 116.65637207, 134.402740479, 58.3085670471, 30.2390785217, 6.27258777618, -8.17893409729, -43.6585006714, -53.5853500366], [258.154693604, 236.285064697, 946.754821777, 292.809112549, 244.191192627, 124.739631653, 11.6024055481, 41.2297897339, 99.3226547241, -35.3709411621, -39.7880821228, 14.2097148895, -107.698638916], [251.591842651, 156.221237183, 292.809112549, 374.671295166, 147.976287842, 17.717754364, 8.77569770813, 68.967880249, 51.9554367065, -7.78219795227, 0.330648303032, 7.89753818512, -15.2350702286], [235.138839722, 206.90802002, 244.191192627, 147.976287842, 322.57043457, 147.845779419, 120.613731384, 56.6174621582, 43.5075035095, 20.3289413452, -11.4165086746, -5.18231058121, -31.9315223694], [181.722473145, 116.65637207, 124.739631653, 17.717754364, 147.845779419, 272.922302246, 141.606079102, 13.6139135361, 16.5767440796, 23.4267997742, -1.68946897984, -15.2281360626, -30.0811862946], [169.971099854, 134.402740479, 11.6024055481, 8.77569770813, 120.613731384, 141.606079102, 216.846710205, 62.4451408386, 11.188252449, 39.3485183716, 11.1877403259, -21.946434021, -10.9646997452], [151.401702881, 58.3085670471, 41.2297897339, 68.967880249, 56.6174621582, 13.6139135361, 62.4451408386, 135.333587646, 54.2672424316, 19.0262069702, 12.4255104065, 6.29525327682, 5.87807512283], [25.2414798737, 30.2390785217, 99.3226547241, 51.9554367065, 43.5075035095, 16.5767440796, 11.188252449, 54.2672424316, 113.919219971, 27.8804607391, 8.74668693542, 24.884645462, -3.75506830215], [20.1134166718, 6.27258777618, -35.3709411621, -7.78219795227, 20.3289413452, 23.4267997742, 39.3485183716, 19.0262069702, 27.8804607391, 92.806602478, 43.8121681213, 11.4823503494, 22.2906475067], [-76.5830078125, -8.17893409729, -39.7880821228, 0.330648303032, -11.4165086746, -1.68946897984, 11.1877403259, 12.4255104065, 8.74668693542, 43.8121681213, 90.5647125244, 38.2715950012, 24.2856807709], [-64.6598205566, -43.6585006714, 14.2097148895, 7.89753818512, -5.18231058121, -15.2281360626, -21.946434021, 6.29525327682, 24.884645462, 11.4823503494, 38.2715950012, 83.87059021, 37.3797340393], [-110.114585876, -53.5853500366, -107.698638916, -15.2350702286, -31.9315223694, -30.0811862946, -10.9646997452, 5.87807512283, -3.75506830215, 22.2906475067, 24.2856807709, 37.3797340393, 104.026885986]]}, "spectral_flux": {"min": 6.77980796504e-11, "max": 0.262558698654, "dvar2": 0.00173864571843, "median": 0.0944313928485, "dmean2": 0.0455722212791, "dmean": 0.028678284958, "var": 0.00159622309729, "dvar": 0.000742807926144, "mean": 0.0976924598217}, "silence_rate_30dB": {"min": 1, "max": 1, "dvar2": 0, "median": 1, "dmean2": 0, "dmean": 0, "var": 0, "dvar": 0, "mean": 1}, "spectral_energyband_middle_high": {"min": 1.68541402151e-21, "max": 0.0408888794482, "dvar2": 1.5149691535e-05, "median": 0.00652122544125, "dmean2": 0.00363896065392, "dmean": 0.00255011348054, "var": 4.37413546024e-05, "dvar": 7.64479773352e-06, "mean": 0.00810418650508}, "barkbands_spread": {"min": 2.17024827003, "max": 120.791343689, "dvar2": 183.492889404, "median": 37.1324691772, "dmean2": 13.3887681961, "dmean": 8.77237319946, "var": 256.665771484, "dvar": 84.1755065918, "mean": 37.5839309692}, "spectral_centroid": {"min": 311.458648682, "max": 11418.3291016, "dvar2": 262360.375, "median": 2258.69262695, "dmean2": 520.705688477, "dmean": 349.247955322, "var": 451651.0625, "dvar": 124372.898438, "mean": 2227.54418945}, "pitch_salience": {"min": 0.103005304933, "max": 0.974937558174, "dvar2": 0.0110636427999, "median": 0.548947691917, "dmean2": 0.125299230218, "dmean": 0.0802357122302, "var": 0.0149724716321, "dvar": 0.00468379771337, "mean": 0.545681357384}, "erbbands_skewness": {"min": -3.79242610931, "max": 3.38997507095, "dvar2": 0.230410709977, "median": -0.112034372985, "dmean2": 0.527355670929, "dmean": 0.355216324329, "var": 0.515235126019, "dvar": 0.107334561646, "mean": -0.14026196301}, "erbbands_crest": {"min": 2.1978302002, "max": 28.1675720215, "dvar2": 14.3764429092, "median": 7.33003473282, "dmean2": 4.16363859177, "dmean": 2.5754301548, "var": 15.4115715027, "dvar": 5.85595941544, "mean": 8.11815929413}, "melbands": {"min": [2.30986953303e-24, 4.31677466884e-24, 9.06945888554e-24, 5.63753568902e-24, 6.42588580681e-24, 7.04887766266e-24, 5.42267956073e-24, 3.84535257517e-24, 5.39822802811e-24, 8.14320680962e-24, 9.33008827343e-24, 7.5925329884e-24, 8.55512157534e-24, 1.07746606183e-23, 7.9095138662e-24, 8.30065871314e-24, 5.75521164798e-24, 6.64516468377e-24, 7.32094474481e-24, 1.04877203526e-23, 8.66444980819e-24, 9.83293582455e-24, 9.59672404826e-24, 9.27049140977e-24, 7.39932280891e-24, 6.44377046682e-24, 5.74153201102e-24, 4.32957512031e-24, 9.3734093589e-24, 9.21790673068e-24, 9.18410719634e-24, 7.29961631252e-24, 9.47319710797e-24, 8.734050217e-24, 7.23010110069e-24, 8.64895973546e-24, 9.09449101978e-24, 8.22372347564e-24, 7.68251992958e-24, 8.27057550252e-24], "max": [0.0143588911742, 0.0209903139621, 0.0115729477257, 0.00532373366877, 0.0043424568139, 0.00477555580437, 0.00795756280422, 0.00389352906495, 0.00392088061199, 0.00504839653149, 0.00394734647125, 0.00428088428453, 0.00371218565851, 0.00283313984983, 0.00174036878161, 0.0026018389035, 0.00240817037411, 0.00142702553421, 0.00106453872286, 0.000953498878516, 0.00141982443165, 0.000964817823842, 0.000747018028051, 0.000553818419576, 0.000833018741105, 0.000531928031705, 0.00050475075841, 0.000364758918295, 0.000362796359695, 0.0002944287844, 0.000172575193574, 0.000123658130178, 0.000104089827801, 0.000128872095956, 0.000160072100698, 0.000201126778848, 0.000166510173585, 0.000112322522909, 0.000120555174362, 0.000134584741318], "dvar2": [3.89978504245e-06, 8.28439897305e-06, 4.83254143546e-06, 5.87588203871e-07, 2.2697923896e-07, 2.10328352068e-07, 3.02303476474e-07, 1.12255875706e-07, 1.72282256017e-07, 2.29138592545e-07, 1.25589110667e-07, 1.19205708415e-07, 8.23492243285e-08, 2.70307438655e-08, 1.28149739709e-08, 1.65710325462e-08, 1.68658775834e-08, 1.36886972868e-08, 7.0934547125e-09, 6.38989616775e-09, 5.43795719565e-09, 4.41115322047e-09, 3.10180170437e-09, 2.04151584526e-09, 2.75073208655e-09, 2.24348917222e-09, 1.55614909847e-09, 9.54284873345e-10, 9.56163370702e-10, 6.98018198797e-10, 1.61604257753e-10, 6.53264040085e-11, 4.46378455032e-11, 7.85447332174e-11, 6.89562157374e-11, 9.47637870952e-11, 7.07396571875e-11, 4.08445395561e-11, 3.64127165919e-11, 3.21730905806e-11], "median": [0.00101424218155, 0.00109837797936, 0.000299127394101, 0.000141772630741, 0.000131583816255, 0.000105401377368, 6.68414140819e-05, 4.60211776954e-05, 4.82922623632e-05, 3.82344987884e-05, 4.02233235945e-05, 4.24567660957e-05, 3.31860501319e-05, 3.04802724713e-05, 2.44172697421e-05, 2.11830811168e-05, 2.32284019148e-05, 2.47648258664e-05, 2.11602509808e-05, 1.69676895894e-05, 1.33122066472e-05, 1.32064751597e-05, 1.47103419295e-05, 1.55666311912e-05, 1.83752126759e-05, 1.93083196791e-05, 1.74630822585e-05, 1.53475411935e-05, 1.21451857922e-05, 9.02926785784e-06, 5.71691771256e-06, 4.12816370954e-06, 2.87590205517e-06, 2.50140055869e-06, 2.25392341235e-06, 1.98548309527e-06, 2.01398370336e-06, 1.65478593317e-06, 1.45391334172e-06, 1.19671949506e-06], "dmean2": [0.00130409537815, 0.00186775799375, 0.00107870844658, 0.000411348184571, 0.000306184258079, 0.000252933939919, 0.00023482805409, 0.000152563574375, 0.000176266155904, 0.000186709774425, 0.000165346136782, 0.000153824439622, 0.000125819293316, 8.25723909657e-05, 6.06778776273e-05, 5.98911537963e-05, 6.80699522491e-05, 6.33816162008e-05, 4.97661458212e-05, 4.21788390668e-05, 3.18969541695e-05, 3.15219913318e-05, 2.88364044536e-05, 2.63343645202e-05, 3.10342948069e-05, 3.09595052386e-05, 2.46019662882e-05, 2.06265412999e-05, 1.90784685401e-05, 1.42313256219e-05, 7.73807369114e-06, 5.1981201068e-06, 4.02330715588e-06, 4.25522830483e-06, 4.35535730503e-06, 3.7800436985e-06, 3.43719625562e-06, 2.84145812657e-06, 2.64790901383e-06, 2.45083788286e-06], "dmean": [0.000885063840542, 0.00121481704991, 0.00064065225888, 0.000238164560869, 0.000186496108654, 0.000157506525284, 0.00013916932221, 9.24755950109e-05, 0.000108474887384, 0.000115049275337, 0.000102322337625, 9.82293640845e-05, 8.15482271719e-05, 5.48641146452e-05, 3.97300755139e-05, 3.86100909964e-05, 4.48406535725e-05, 4.15741087636e-05, 3.24005632137e-05, 2.67668874585e-05, 2.02143874048e-05, 1.997300933e-05, 1.90494993149e-05, 1.72853469849e-05, 2.00958256755e-05, 1.99067253561e-05, 1.57325812324e-05, 1.31347760544e-05, 1.24512016555e-05, 9.1377296485e-06, 4.99403586218e-06, 3.37149253937e-06, 2.65988296633e-06, 2.81968732452e-06, 2.8740766993e-06, 2.49069057645e-06, 2.22588437282e-06, 1.84616317256e-06, 1.70850489667e-06, 1.60120328019e-06], "var": [4.31503440268e-06, 6.77023263052e-06, 1.63761717431e-06, 1.78684672392e-07, 1.41408477816e-07, 1.46770290144e-07, 1.18801061433e-07, 5.74501513029e-08, 1.07386597392e-07, 1.29716966057e-07, 1.048242666e-07, 1.35414850888e-07, 8.47481373967e-08, 3.91756991291e-08, 1.61444759783e-08, 1.60685029726e-08, 3.06926004612e-08, 1.52467158898e-08, 8.09550915193e-09, 6.61240795452e-09, 3.2633826752e-09, 3.16397352762e-09, 3.05910630161e-09, 2.26637753009e-09, 2.53940490857e-09, 2.07910266781e-09, 1.55801693769e-09, 7.55550400022e-10, 9.00267693726e-10, 4.84330076045e-10, 1.24396715151e-10, 4.32864750988e-11, 2.92764978926e-11, 4.8548703252e-11, 4.64844031323e-11, 5.31466225195e-11, 4.62610123819e-11, 3.02650439432e-11, 2.59721515128e-11, 3.05530357958e-11], "dvar": [1.68485109953e-06, 3.58129705091e-06, 1.84631664979e-06, 2.16643655904e-07, 9.34569257538e-08, 9.05700758835e-08, 1.09934674697e-07, 4.4498470686e-08, 6.99212847621e-08, 9.2301476684e-08, 5.18910461267e-08, 5.14957889663e-08, 3.41587345076e-08, 1.3141622901e-08, 5.99601879259e-09, 7.33442506728e-09, 7.97099719563e-09, 6.08039263383e-09, 3.20549475852e-09, 2.69398592323e-09, 2.20934426309e-09, 1.88834414772e-09, 1.44077749731e-09, 9.87859460899e-10, 1.23336685309e-09, 9.61165258495e-10, 6.64312493903e-10, 4.05027955619e-10, 4.25866619747e-10, 2.8927724105e-10, 6.88627696532e-11, 2.84258692973e-11, 2.02567164431e-11, 3.61648211378e-11, 3.24990798162e-11, 4.14972119167e-11, 3.1935492445e-11, 1.86990856826e-11, 1.59513895148e-11, 1.51558540024e-11], "mean": [0.00172475213185, 0.00196627201512, 0.000729148392566, 0.000270864693448, 0.000261045584921, 0.000237364816712, 0.000186660996405, 0.000122288533021, 0.000151432701387, 0.000154266206664, 0.000154330264195, 0.000162668613484, 0.000137314927997, 9.60783218034e-05, 6.75178380334e-05, 6.08249101788e-05, 8.31352808746e-05, 7.12550681783e-05, 5.32451740582e-05, 4.37274866272e-05, 3.04946770484e-05, 3.02115440718e-05, 3.12399970426e-05, 3.02472963085e-05, 3.63424733223e-05, 3.5526973079e-05, 2.96272392006e-05, 2.38211559918e-05, 2.27389482461e-05, 1.60511826834e-05, 9.05423621589e-06, 5.8593977883e-06, 4.38733604824e-06, 4.31839907833e-06, 4.1893663365e-06, 3.76991602025e-06, 3.55332463187e-06, 2.95123550131e-06, 2.60439742306e-06, 2.38798770624e-06]}, "spectral_entropy": {"min": 6.56045770645, "max": 9.8120098114, "dvar2": 0.0405787080526, "median": 7.95383548737, "dmean2": 0.222512200475, "dmean": 0.155046254396, "var": 0.0928671881557, "dvar": 0.0211978442967, "mean": 7.9257569313}, "spectral_rolloff": {"min": 43.06640625, "max": 18626.2207031, "dvar2": 2905952, "median": 2583.984375, "dmean2": 1433.77490234, "dmean": 892.16809082, "var": 3521009, "dvar": 1372441.625, "mean": 2703.57641602}, "barkbands": {"min": [5.92867072255e-24, 7.00444349445e-24, 1.37722839376e-23, 6.83527700649e-24, 4.11568802875e-23, 3.96222997023e-23, 2.78619487055e-23, 1.5402965136e-23, 5.50103695667e-23, 7.10604199484e-23, 5.83975489671e-23, 1.08022207362e-22, 1.37758590552e-22, 6.45923474381e-23, 7.69918272294e-23, 1.83775800649e-22, 1.62727186784e-22, 2.0406501283e-22, 1.58892893644e-22, 1.53404983964e-22, 4.13499984858e-22, 4.45371379068e-22, 5.2498483721e-22, 7.70466536934e-22, 1.06718577482e-21, 1.50398823119e-21, 2.12949065895e-21], "max": [0.00724133988842, 0.064246237278, 0.0469322353601, 0.0253248177469, 0.0234606359154, 0.0206997711211, 0.0341349691153, 0.0178841557354, 0.0279644969851, 0.024796212092, 0.0322983078659, 0.0222870148718, 0.0196871291846, 0.0192032139748, 0.0141262514517, 0.0124113019556, 0.014554630965, 0.0103531200439, 0.0119208134711, 0.0102913575247, 0.00919869169593, 0.00599634088576, 0.0072580347769, 0.00927643664181, 0.00818867981434, 0.00210103648715, 0.000788626610301], "dvar2": [4.59425365307e-07, 5.80673840886e-05, 5.79769075557e-05, 2.07349548873e-05, 1.08008252937e-05, 4.58158365291e-06, 6.46483931632e-06, 3.9916744754e-06, 9.87072871794e-06, 5.82181519349e-06, 5.3621670304e-06, 1.77114975486e-06, 1.28872591176e-06, 1.71610736288e-06, 1.53790733748e-06, 9.64472519627e-07, 1.10059750114e-06, 9.00631050627e-07, 1.13544444957e-06, 8.63978755206e-07, 6.89701380452e-07, 1.20569126238e-07, 2.17081890241e-07, 2.91292138854e-07, 2.0880490581e-07, 2.59825956306e-08, 3.14069525942e-09], "median": [0.000200646492885, 0.00351484050043, 0.00120930653065, 0.00034551587305, 0.000691752822604, 0.000557718100026, 0.000278588093352, 0.000232843565755, 0.000261269917246, 0.000306319940137, 0.000235797444475, 0.000245293282205, 0.000212886865484, 0.000243855261942, 0.000292042299407, 0.000212760292925, 0.000236011037487, 0.000338027864927, 0.000557256804314, 0.000535303726792, 0.000392601767089, 0.000187519559404, 0.000138800780405, 0.000156619003974, 0.000127157545649, 5.36971783731e-05, 5.47241779714e-06], "dmean2": [0.000509583391249, 0.00503932172433, 0.00434010615572, 0.00211637280881, 0.00184171285946, 0.00127719307784, 0.00109231367242, 0.000823804701213, 0.00128728221171, 0.00115298014134, 0.00102285679895, 0.000686696555931, 0.000578479317483, 0.0007032690919, 0.000717810296919, 0.000524403178133, 0.000533763901331, 0.00056625797879, 0.000734446861316, 0.000672094582114, 0.000518653891049, 0.00021776225185, 0.000236315783695, 0.000234431805438, 0.000222325135837, 9.15067503229e-05, 2.33988685068e-05], "dmean": [0.000349326990545, 0.003384814132, 0.00272521190345, 0.00118795048911, 0.00107976049185, 0.000794330378994, 0.000641835620627, 0.000502852548379, 0.000790174002759, 0.000721175398212, 0.000662259524688, 0.000454565742984, 0.000370668742107, 0.000455539382529, 0.000462842843262, 0.000332510389853, 0.000339858583175, 0.000376913376385, 0.00047971130698, 0.000433359731687, 0.000339965103194, 0.000146262580529, 0.000158798095072, 0.000155856701895, 0.000146004545968, 5.97303442191e-05, 1.39820149343e-05], "var": [6.57406530991e-07, 6.12207004451e-05, 3.19758073601e-05, 5.53953759663e-06, 3.83224278266e-06, 3.21850234286e-06, 2.43847807724e-06, 2.05390097108e-06, 5.63129196962e-06, 5.66351400266e-06, 5.85271391174e-06, 2.56605085269e-06, 1.28815543121e-06, 2.57019951277e-06, 1.66735731e-06, 9.23413892906e-07, 8.93121523404e-07, 1.05896128844e-06, 1.08895403628e-06, 8.76628178048e-07, 5.97039218064e-07, 8.40341201069e-08, 1.58420334628e-07, 2.2458836213e-07, 2.23211515049e-07, 2.16274234077e-08, 1.11751496945e-09], "dvar": [2.15381291468e-07, 2.52283389273e-05, 2.59589596681e-05, 7.41959229345e-06, 4.02796013077e-06, 1.97768713406e-06, 2.35922789216e-06, 1.57819670221e-06, 4.01917122872e-06, 2.46985541708e-06, 2.27174336942e-06, 8.67664653015e-07, 5.64391200442e-07, 7.58813825996e-07, 6.71763586979e-07, 4.08044598998e-07, 4.89145918436e-07, 4.3628460844e-07, 4.85677162487e-07, 3.79886046176e-07, 3.01444941897e-07, 5.42575051554e-08, 1.04776503917e-07, 1.37518341603e-07, 1.0078063184e-07, 1.10725490998e-08, 1.14033005261e-09], "mean": [0.00060106057208, 0.00630933791399, 0.00330528011546, 0.00118225591723, 0.0013343723258, 0.00118608947378, 0.000814655038994, 0.00067844678415, 0.00105582631659, 0.00114034535363, 0.00111133651808, 0.000753508647904, 0.000587450689636, 0.000831571873277, 0.00078457640484, 0.00053728412604, 0.000524214468896, 0.0006710094749, 0.000915456563234, 0.000834630278405, 0.000646307598799, 0.000263382942649, 0.000250039389357, 0.00026543578133, 0.000233732833294, 0.000103359503555, 1.69788563653e-05]}, "melbands_flatness_db": {"min": 0.0051217675209, "max": 0.385326743126, "dvar2": 0.00137459987309, "median": 0.137093275785, "dmean2": 0.0420292280614, "dmean": 0.0280606597662, "var": 0.00281849876046, "dvar": 0.000650812638924, "mean": 0.143335178494}, "melbands_skewness": {"min": -1.17851305008, "max": 14.1949720383, "dvar2": 1.80397939682, "median": 1.94711053371, "dmean2": 1.25999319553, "dmean": 0.836365103722, "var": 3.18207216263, "dvar": 0.891505897045, "mean": 2.37837386131}, "barkbands_skewness": {"min": -3.51851058006, "max": 10.3782310486, "dvar2": 0.762042760849, "median": 0.714900493622, "dmean2": 0.839960932732, "dmean": 0.565938591957, "var": 1.31753957272, "dvar": 0.375990718603, "mean": 0.955817580223}, "silence_rate_60dB": {"min": 0, "max": 1, "dvar2": 0.0640385076404, "median": 0, "dmean2": 0.0546720996499, "dmean": 0.0273324567825, "var": 0.0312755219638, "dvar": 0.0265859309584, "mean": 0.032321639359}, "spectral_energyband_low": {"min": 4.83778889774e-23, "max": 0.0700243934989, "dvar2": 0.000149949555635, "median": 0.0079916510731, "dmean2": 0.00891774427146, "dmean": 0.00555795524269, "var": 0.000126073820866, "dvar": 6.05603308941e-05, "mean": 0.0108929900452}, "spectral_energyband_middle_low": {"min": 2.17710993826e-22, "max": 0.0446245335042, "dvar2": 6.8699104304e-05, "median": 0.0050442381762, "dmean2": 0.0060538337566, "dmean": 0.00372569006868, "var": 3.33853859047e-05, "dvar": 2.71180815616e-05, "mean": 0.0066202506423}, "melbands_kurtosis": {"min": -1.85508537292, "max": 314.889038086, "dvar2": 449.423156738, "median": 3.77730154991, "dmean2": 11.0915803909, "dmean": 7.16351270676, "var": 398.327148438, "dvar": 211.710067749, "mean": 10.4473152161}, "spectral_decrease": {"min": -2.13065938226e-08, "max": 3.52655407113e-29, "dvar2": 1.30759487005e-17, "median": -5.9424811738e-09, "dmean2": 3.24777160721e-09, "dmean": 2.08433292848e-09, "var": 1.44316232782e-17, "dvar": 5.6607340078e-18, "mean": -6.33680530271e-09}, "erbbands_kurtosis": {"min": -1.76757085323, "max": 18.4213237762, "dvar2": 2.33360505104, "median": -0.327722787857, "dmean2": 1.204205513, "dmean": 0.777297079563, "var": 2.37706398964, "dvar": 1.07223451138, "mean": 0.100568473339}, "melbands_crest": {"min": 1.96263206005, "max": 36.455619812, "dvar2": 27.5448474884, "median": 14.1097402573, "dmean2": 6.31277370453, "dmean": 3.97221302986, "var": 33.2321662903, "dvar": 11.0566244125, "mean": 14.7299489975}, "melbands_spread": {"min": 1.17764592171, "max": 276.23223877, "dvar2": 452.619995117, "median": 38.0856971741, "dmean2": 19.5507030487, "dmean": 12.9184703827, "var": 656.663879395, "dvar": 222.879989624, "mean": 41.2637634277}, "spectral_energy": {"min": 1.05496975504e-20, "max": 0.0833756104112, "dvar2": 0.000197629400645, "median": 0.0258377138525, "dmean2": 0.0130626512691, "dmean": 0.00847159326077, "var": 0.000233749567997, "dvar": 8.76794874785e-05, "mean": 0.0269379448146}, "mfcc": {"mean": [-603.602600098, 78.5110549927, -2.50594043732, 23.9022254944, 2.97940778732, 4.78903484344, 9.88443470001, 1.36267590523, 0.976851284504, 5.49034404755, -1.17537546158, 0.143587589264, -0.056634016335], "icov": [[0.000367420288967, 5.87071481277e-05, 7.62412237236e-05, -0.000226365227718, 8.37210245663e-05, -5.65109949093e-05, -0.000149745683302, -0.000114012094855, -0.000208436409594, -0.000152140157297, 1.16621522466e-05, 3.31914488925e-05, -0.000120215816423], [5.87071481277e-05, 0.00239221937954, -0.000233600265346, -0.000322194158798, -0.000253781443462, -0.000371171714505, -0.000857842387632, -0.000126390717924, -0.000435792317148, -0.000182579271495, -0.00101026787888, 0.000779055058956, -0.000248296739301], [7.62412237236e-05, -0.000233600265346, 0.00270825414918, -0.000697831856087, -0.00122189277317, -0.00104789831676, 0.00104901427403, -0.00102421885822, 0.000593342003413, 0.000524591829162, -0.000448562088422, -0.000644556072075, 0.000437739159679], [-0.000226365227718, -0.000322194158798, -0.000697831856087, 0.00567389000207, -0.00307670142502, 0.00196315953508, -0.00123676040675, 0.000601982697845, -0.00136517442297, 0.000952771690208, 0.00113919423893, -0.00309577374719, 0.00102392339613], [8.37210245663e-05, -0.000253781443462, -0.00122189277317, -0.00307670142502, 0.00818988773972, -0.00250328914262, 0.00146745715756, -0.00174509419594, -0.000904716260266, 0.000528469739947, -0.0006570739788, 0.000837558938656, -0.000578749284614], [-5.65109949093e-05, -0.000371171714505, -0.00104789831676, 0.00196315953508, -0.00250328914262, 0.00826157815754, -0.00355086941272, 1.08310123323e-05, -0.000190796825336, -0.00157725275494, -5.90007948631e-05, 0.00204860419035, -0.002423126949], [-0.000149745683302, -0.000857842387632, 0.00104901427403, -0.00123676040675, 0.00146745715756, -0.00355086941272, 0.00835121423006, -0.00180795241613, -0.000170138038811, -0.00175100576598, -0.000919373705983, -7.30698084226e-05, 0.00120232696645], [-0.000114012094855, -0.000126390717924, -0.00102421885822, 0.000601982697845, -0.00174509419594, 1.08310123323e-05, -0.00180795241613, 0.0116702010855, -0.00325506110676, 0.000344311003573, -0.0019118731143, 0.000494785548653, -0.00183442491107], [-0.000208436409594, -0.000435792317148, 0.000593342003413, -0.00136517442297, -0.000904716260266, -0.000190796825336, -0.000170138038811, -0.00325506110676, 0.0132315959781, -0.00541527429596, 0.00274689728394, -0.00245095510036, 0.000501907314174], [-0.000152140157297, -0.000182579271495, 0.000524591829162, 0.000952771690208, 0.000528469739947, -0.00157725275494, -0.00175100576598, 0.000344311003573, -0.00541527429596, 0.0178987365216, -0.00686583621427, 0.00183811539318, -0.000684811326209], [1.16621522466e-05, -0.00101026787888, -0.000448562088422, 0.00113919423893, -0.0006570739788, -5.90007948631e-05, -0.000919373705983, -0.0019118731143, 0.00274689728394, -0.00686583621427, 0.018950920552, -0.00782878417522, 0.00254476885311], [3.31914488925e-05, 0.000779055058956, -0.000644556072075, -0.00309577374719, 0.000837558938656, 0.00204860419035, -7.30698084226e-05, 0.000494785548653, -0.00245095510036, 0.00183811539318, -0.00782878417522, 0.0198146179318, -0.00704491278157], [-0.000120215816423, -0.000248296739301, 0.000437739159679, 0.00102392339613, -0.000578749284614, -0.002423126949, 0.00120232696645, -0.00183442491107, 0.000501907314174, -0.000684811326209, 0.00254476885311, -0.00704491278157, 0.0152533920482]], "cov": [[3045.17407227, 63.9808731079, -37.76121521, 173.706054688, 60.2019767761, 86.6652374268, 158.728515625, 97.9147415161, 137.053207397, 89.936340332, 34.6473350525, 42.5871238708, 43.1971511841], [63.9808731079, 557.282653809, 126.255455017, 76.7623138428, 105.009078979, 123.898406982, 121.956809998, 76.2766342163, 63.2933120728, 58.1162948608, 58.1130371094, 7.25031661987, 18.2064094543], [-37.76121521, 126.255455017, 609.423583984, 175.445159912, 215.203216553, 92.46144104, -17.3828849792, 90.6235427856, 29.2161846161, -9.35608386993, 35.8643074036, 47.9685668945, 22.4036636353], [173.706054688, 76.7623138428, 175.445159912, 350.151184082, 162.409881592, -15.4667634964, 14.8829622269, 44.1028747559, 60.6826858521, -10.7951612473, 11.6394557953, 66.8778915405, 8.37978649139], [60.2019767761, 105.009078979, 215.203216553, 162.409881592, 262.00567627, 83.188659668, 16.7399234772, 74.85987854, 52.8650779724, 9.27076816559, 23.5494098663, 30.4472560883, 24.7557086945], [86.6652374268, 123.898406982, 92.46144104, -15.4667634964, 83.188659668, 238.63861084, 110.741577148, 59.6702232361, 37.3919029236, 53.4780387878, 29.8590297699, -10.9535999298, 31.7279243469], [158.728515625, 121.956809998, -17.3828849792, 14.8829622269, 16.7399234772, 110.741577148, 211.292572021, 52.9315872192, 43.5797042847, 58.3174095154, 35.711227417, 0.22441598773, 6.00432443619], [97.9147415161, 76.2766342163, 90.6235427856, 44.1028747559, 74.85987854, 59.6702232361, 52.9315872192, 133.950485229, 52.0963592529, 28.3275184631, 29.3389015198, 18.0254611969, 23.6967544556], [137.053207397, 63.2933120728, 29.2161846161, 60.6826858521, 52.8650779724, 37.3919029236, 43.5797042847, 52.0963592529, 120.436828613, 43.2305259705, 15.2048301697, 22.2321929932, 13.6839370728], [89.936340332, 58.1162948608, -9.35608386993, -10.7951612473, 9.27076816559, 53.4780387878, 58.3174095154, 28.3275184631, 43.2305259705, 95.4128723145, 38.3959465027, 3.86523795128, 8.54577064514], [34.6473350525, 58.1130371094, 35.8643074036, 11.6394557953, 23.5494098663, 29.8590297699, 35.711227417, 29.3389015198, 15.2048301697, 38.3959465027, 84.8775558472, 30.2240142822, 6.78121423721], [42.5871238708, 7.25031661987, 47.9685668945, 66.8778915405, 30.4472560883, -10.9535999298, 0.22441598773, 18.0254611969, 22.2321929932, 3.86523795128, 30.2240142822, 86.7332763672, 30.6111507416], [43.1971511841, 18.2064094543, 22.4036636353, 8.37978649139, 24.7557086945, 31.7279243469, 6.00432443619, 23.6967544556, 13.6839370728, 8.54577064514, 6.78121423721, 30.6111507416, 86.2867507935]]}, "spectral_contrast_valleys": {"min": [-27.9072055817, -27.2953243256, -27.2503395081, -27.3521289825, -27.451259613, -27.2202663422], "max": [-5.37184429169, -5.04006910324, -5.49983024597, -6.06510829926, -5.46005296707, -7.42064476013], "dvar2": [0.55423361063, 0.326219320297, 0.284543991089, 0.215152204037, 0.202282443643, 0.184438675642], "median": [-7.02490615845, -6.80073690414, -7.15298891068, -7.3176574707, -6.91526842117, -9.17453289032], "dmean2": [0.817774236202, 0.682164728642, 0.609594285488, 0.520495831966, 0.462506324053, 0.42607486248], "dmean": [0.509808719158, 0.42783203721, 0.392791181803, 0.353328794241, 0.323392361403, 0.317763328552], "var": [1.52744293213, 0.559237658978, 0.511845111847, 0.478161305189, 0.483410716057, 0.518167376518], "dvar": [0.270121127367, 0.153328731656, 0.13816383481, 0.113893896341, 0.110831961036, 0.10670825839], "mean": [-7.36779069901, -6.84037542343, -7.20104885101, -7.37303495407, -6.98229789734, -9.21844100952]}, "barkbands_flatness_db": {"min": 0.0133204320446, "max": 0.274852544069, "dvar2": 0.00079212221317, "median": 0.0822073072195, "dmean2": 0.0319761149585, "dmean": 0.0213220249861, "var": 0.00143133965321, "dvar": 0.000363779923646, "mean": 0.0875900238752}, "dynamic_complexity": 2.05676651001, "spectral_skewness": {"min": -0.179304853082, "max": 2.73070120811, "dvar2": 0.0368174128234, "median": 1.27481389046, "dmean2": 0.215113863349, "dmean": 0.137913689017, "var": 0.0594651028514, "dvar": 0.0167628582567, "mean": 1.27382111549}, "erbbands_flatness_db": {"min": 0.0388965532184, "max": 0.29967841506, "dvar2": 0.000597267469857, "median": 0.122080735862, "dmean2": 0.0278644524515, "dmean": 0.0193622801453, "var": 0.00180534296669, "dvar": 0.000321152212564, "mean": 0.128004580736}, "hfc": {"min": 1.1381196577e-16, "max": 150.556640625, "dvar2": 281.692718506, "median": 32.5288085938, "dm