{"lowlevel": {"spectral_complexity": {"min": 0, "max": 48, "dvar2": 25.5202579498, "median": 18, "dmean2": 4.91398334503, "dmean": 3.20367360115, "var": 64.2492218018, "dvar": 11.8473310471, "mean": 16.7181282043}, "silence_rate_20dB": {"min": 0, "max": 1, "dvar2": 0.0025906378869, "median": 1, "dmean2": 0.00172898208257, "dmean": 0.000864397617988, "var": 0.000431987951742, "dvar": 0.00086368911434, "mean": 0.999567866325}, "average_loudness": 0.87639850378, "erbbands_spread": {"min": 3.50000715256, "max": 97.6506347656, "dvar2": 86.8087463379, "median": 23.7494983673, "dmean2": 9.83892726898, "dmean": 6.38967370987, "var": 123.481971741, "dvar": 38.9684028625, "mean": 25.8489971161}, "spectral_kurtosis": {"min": -1.23111975193, "max": 108.428833008, "dvar2": 91.001625061, "median": 20.0239334106, "dmean2": 9.0239315033, "dmean": 5.84652519226, "var": 85.1727828979, "dvar": 37.6465034485, "mean": 21.6345043182}, "barkbands_kurtosis": {"min": -1.7202283144, "max": 182.070846558, "dvar2": 185.145462036, "median": 6.59694004059, "dmean2": 9.17501926422, "dmean": 5.59315013885, "var": 104.425048828, "dvar": 73.184173584, "mean": 9.37762641907}, "spectral_strongpeak": {"min": 0, "max": 380.917205811, "dvar2": 2979.90356445, "median": 0.358315885067, "dmean2": 15.5790739059, "dmean": 8.40172863007, "var": 731.404907227, "dvar": 1091.44921875, "mean": 5.58936977386}, "spectral_spread": {"min": 1484087.625, "max": 41611740, "dvar2": 499686473728, "median": 3569108.5, "dmean2": 791674.6875, "dmean": 517581.5, "var": 1929122807810.0, "dvar": 237385400320, "mean": 3696711.75}, "spectral_rms": {"min": 3.16520789613e-12, "max": 0.022629076615, "dvar2": 9.16604130907e-06, "median": 0.00696474127471, "dmean2": 0.00237882183865, "dmean": 0.00156390422489, "var": 1.25042233776e-05, "dvar": 4.00572844228e-06, "mean": 0.00681606074795}, "erbbands": {"min": [7.16556918631e-22, 1.16587805483e-21, 1.62974872447e-20, 2.88093597979e-20, 1.10955538751e-19, 7.59492810769e-20, 6.34884255342e-20, 6.74149678915e-20, 3.42945514748e-19, 1.32116421482e-19, 3.45190250286e-19, 4.58073391283e-19, 9.27772702677e-19, 8.4417110913e-19, 1.316341726e-18, 3.59959348158e-18, 2.80035627089e-18, 3.8759090293e-18, 3.55290161754e-18, 4.98062031789e-18, 7.05729240089e-18, 5.7533484579e-18, 6.88218033316e-18, 8.71243200295e-18, 8.53044234202e-18, 1.09133925225e-17, 1.35081654598e-17, 1.09549558667e-17, 1.40033918751e-17, 1.19951875994e-17, 1.26334641483e-17, 1.45925214879e-17, 9.83594676123e-18, 8.57813344024e-18, 6.35267224456e-18, 3.91896253941e-18, 2.59813191102e-18, 1.04167154392e-18, 2.77744398831e-19, 2.7554404024e-20], "max": [13.4473371506, 78.2478103638, 95.9305267334, 148.306915283, 300.533233643, 480.874786377, 639.844177246, 1068.24267578, 2886.57421875, 1122.14892578, 2180.07910156, 1806.74499512, 1420.23901367, 1724.47827148, 1717.86352539, 1476.22143555, 1025.41247559, 614.662719727, 540.819396973, 227.225082397, 162.328033447, 146.11781311, 103.632797241, 128.181045532, 202.775222778, 51.2726593018, 36.3324661255, 17.8544616699, 10.8904161453, 6.81229686737, 4.32232427597, 3.32778477669, 2.08083987236, 1.40737736225, 0.877667963505, 0.49706184864, 0.379145771265, 0.660786092281, 0.393526822329, 0.207465961576], "dvar2": [2.69084954262, 88.0843734741, 126.021614075, 168.298248291, 472.987640381, 680.201477051, 1235.27893066, 3543.12133789, 13980.2509766, 3673.43798828, 12476.5087891, 8100.44335938, 7812.44335938, 2605.93896484, 4337.12451172, 6760.35009766, 4351.95703125, 1915.60388184, 831.858093262, 363.023773193, 249.350814819, 189.137130737, 119.552474976, 140.007568359, 98.9223937988, 33.702709198, 8.70097732544, 2.06888246536, 0.54465252161, 0.259097367525, 0.0782012343407, 0.0397806502879, 0.0201412755996, 0.00959238875657, 0.00402934988961, 0.00145778094884, 0.00067452568328, 0.00150150142144, 0.00124218640849, 0.000534658902325], "median": [0.384760499001, 2.99528312683, 3.20240116119, 3.87640333176, 6.11408996582, 7.53498840332, 7.07733154297, 10.8426408768, 15.7277765274, 14.6844234467, 11.7306957245, 23.1276893616, 16.5860271454, 12.442609787, 14.3578643799, 30.5137844086, 27.8076229095, 15.9357223511, 8.50611495972, 6.54707670212, 4.11752319336, 2.47100400925, 2.48182964325, 2.84171772003, 1.87166726589, 1.38362765312, 1.02306509018, 0.624319553375, 0.379250228405, 0.216921195388, 0.100122630596, 0.0442408695817, 0.0199820622802, 0.0120223034173, 0.00786697119474, 0.00632315035909, 0.012238971889, 0.0199139378965, 0.014766825363, 0.0127912219614], "dmean2": [0.920925021172, 5.96189928055, 6.58196687698, 8.18384742737, 12.8538093567, 15.2806720734, 17.0903015137, 31.1518268585, 48.4869041443, 31.1829147339, 33.9779472351, 50.8374671936, 40.2239723206, 24.3383808136, 28.8900337219, 47.9704437256, 39.5958557129, 23.7821006775, 14.4556951523, 10.2569332123, 7.81209230423, 6.0268702507, 5.80725669861, 6.84669303894, 5.27264308929, 3.41608643532, 1.69250619411, 0.890946626663, 0.5140863657, 0.335031330585, 0.185698315501, 0.119366586208, 0.0824286267161, 0.0555012188852, 0.0358146987855, 0.0220032930374, 0.0181563720107, 0.0254853013903, 0.0219786204398, 0.0123219816014], "dmean": [0.551709115505, 3.60364794731, 3.8678791523, 4.81080102921, 7.91515922546, 9.37500572205, 10.5290336609, 19.5028591156, 29.8188877106, 19.0571861267, 20.7029418945, 30.4571819305, 24.5856876373, 15.268825531, 18.3317871094, 29.9278430939, 24.4295139313, 14.7045917511, 8.89296722412, 6.22108507156, 4.75834608078, 3.67944860458, 3.61306428909, 4.2885799408, 3.29287743568, 2.15565299988, 1.10579717159, 0.604722321033, 0.349410742521, 0.222820013762, 0.119249306619, 0.0738841071725, 0.0499819815159, 0.033534117043, 0.021721277386, 0.0135350683704, 0.0124686807394, 0.0184815544635, 0.0151144713163, 0.00816267635673], "var": [0.923392474651, 35.5332603455, 51.025478363, 94.5660018921, 320.436767578, 463.142944336, 904.044128418, 3650.50170898, 9872.30761719, 2764.23071289, 7598.94189453, 5549.859375, 5392.23144531, 2945.05664062, 4301.78173828, 5735.29980469, 3284.37744141, 1503.42358398, 606.199523926, 217.438018799, 124.031845093, 68.5503692627, 55.2812652588, 72.7651596069, 43.0532302856, 16.2104663849, 4.72679567337, 1.38881158829, 0.427211463451, 0.175452634692, 0.0450985617936, 0.0189567934722, 0.00915967393667, 0.00428544543684, 0.00183626031503, 0.000715476460755, 0.000575728190597, 0.00145509862341, 0.000876994803548, 0.000308813643642], "dvar": [0.998973846436, 32.7725715637, 46.5378341675, 60.6652755737, 191.793914795, 276.183410645, 531.057006836, 1578.36010742, 5814.21679688, 1377.79638672, 4801.32763672, 3065.76171875, 3056.45141602, 1115.42321777, 1906.47924805, 2934.27563477, 1694.04467773, 746.526306152, 325.794799805, 135.003311157, 94.6438446045, 71.3875656128, 46.5829048157, 56.9543228149, 40.0038833618, 13.8675317764, 3.69418525696, 0.901195704937, 0.246377617121, 0.112082138658, 0.0331400074065, 0.0165126454085, 0.00839078519493, 0.00400070380419, 0.00169675762299, 0.000628264970146, 0.000329585454892, 0.000745878089219, 0.000548715819605, 0.00021764000121], "mean": [0.645918011665, 4.66503190994, 5.27715349197, 6.81103277206, 11.8471755981, 14.1556482315, 15.6089143753, 30.1895332336, 43.9267959595, 31.0766773224, 31.4033527374, 48.240032196, 38.4740562439, 25.7331256866, 31.8057575226, 51.2944602966, 44.6399612427, 27.9777374268, 15.9179182053, 11.2266988754, 7.55049657822, 4.85633897781, 4.8944849968, 5.6549911499, 3.990929842, 2.74508428574, 1.64440870285, 0.974704325199, 0.569279313087, 0.337630182505, 0.164595156908, 0.0878660082817, 0.0523868016899, 0.0342384129763, 0.0223876684904, 0.015057194978, 0.0193757861853, 0.0315459482372, 0.0246981363744, 0.0170432012528]}, "zerocrossingrate": {"min": 0.025390625, "max": 0.787109375, "dvar2": 0.00289715407416, "median": 0.22265625, "dmean2": 0.0609994865954, "dmean": 0.0468382798135, "var": 0.0087597053498, "dvar": 0.00180971447844, "mean": 0.239006817341}, "spectral_contrast_coeffs": {"min": [-0.974649608135, -0.983188271523, -0.972407341003, -0.974787890911, -0.982864260674, -0.962142050266], "max": [-0.371919602156, -0.435829937458, -0.577512979507, -0.615619361401, -0.705957651138, -0.529609620571], "dvar2": [0.0048691383563, 0.0045180041343, 0.00269363098778, 0.00145782809705, 0.000781984766945, 0.00346217630431], "median": [-0.697984099388, -0.769463479519, -0.794703602791, -0.802894353867, -0.836286902428, -0.77145844698], "dmean2": [0.0895547941327, 0.0854768976569, 0.0664977505803, 0.0484541356564, 0.0336689949036, 0.0700680166483], "dmean": [0.0535288229585, 0.0513947755098, 0.0395917147398, 0.0293748993427, 0.0206404402852, 0.0448607206345], "var": [0.006193023175, 0.00589845655486, 0.00326009979472, 0.00198721489869, 0.000901215418708, 0.00375975994393], "dvar": [0.00174206693191, 0.00165339210071, 0.000979246222414, 0.000542797322851, 0.000295834150165, 0.00144260178786], "mean": [-0.696058809757, -0.76389837265, -0.792151451111, -0.802378475666, -0.836135327816, -0.766552805901]}, "dissonance": {"min": 0.258311808109, "max": 0.500000059605, "dvar2": 0.00125543551985, "median": 0.471345126629, "dmean2": 0.0376316271722, "dmean": 0.022099448368, "var": 0.000777549401391, "dvar": 0.000449492421467, "mean": 0.464722722769}, "spectral_energyband_high": {"min": 7.56759673547e-21, "max": 0.00355261238292, "dvar2": 1.42201315612e-07, "median": 0.000197507906705, "dmean2": 0.000247970659984, "dmean": 0.000170153027284, "var": 1.07795621318e-07, "dvar": 6.25528642217e-08, "mean": 0.000299367617117}, "gfcc": {"mean": [-28.165309906, 115.187835693, -81.112411499, -9.74908065796, -8.77195739746, -14.1063756943, 6.27807950974, -16.2114715576, -3.86910557747, -1.40561532974, -0.147294327617, -4.16245269775, -9.19411659241], "icov": [[6.43248858978e-05, -0.000218546338147, 0.000201280156034, -0.000223308103159, 0.000192195671843, -9.28684166865e-05, 3.87571199099e-05, -1.659026384e-05, 6.52907256153e-05, 5.40841065231e-05, -2.43794584094e-05, -7.56047666073e-05, 0.000105073719169], [-0.000218546338147, 0.00413216790184, -0.00478951726109, 0.0052548116073, -0.0025765071623, 0.00193862325978, -0.00199507293291, 0.00225253845565, -0.00364523730241, 0.00440241256729, -0.00429014209658, 0.00438064336777, -0.00229386519641], [0.000201280156034, -0.00478951726109, 0.0141198998317, -0.0101786423475, 0.0070098307915, -0.00529110152274, 0.00231453450397, -0.0011519449763, 0.00447356048971, -0.00566853722557, 0.00307120149955, -0.00164790672716, 6.36217664578e-05], [-0.000223308103159, 0.0052548116073, -0.0101786423475, 0.0158156566322, -0.00989697594196, 0.00565081043169, -0.00115862977691, -0.00296339346096, 0.000788073812146, 0.00210782908835, 0.00182932708412, -0.0042103305459, 0.00471480097622], [0.000192195671843, -0.0025765071623, 0.0070098307915, -0.00989697594196, 0.0134066548198, -0.00530044687912, -0.00270941085182, 0.0047325133346, -0.00455495528877, 0.00510073732585, -0.00679307198152, 0.00717014446855, -0.00740166567266], [-9.28684166865e-05, 0.00193862325978, -0.00529110152274, 0.00565081043169, -0.00530044687912, 0.00958404876292, -0.000301377702272, -0.003660796443, 0.00458729220554, -0.00516138691455, 0.00362360756844, -0.00108528253622, 0.000135728056193], [3.87571199099e-05, -0.00199507293291, 0.00231453450397, -0.00115862977691, -0.00270941085182, -0.000301377702272, 0.0108142094687, -0.00316128204577, -0.0014376147883, 0.000257307838183, 0.0045183217153, -0.00833094492555, 0.00802067294717], [-1.659026384e-05, 0.00225253845565, -0.0011519449763, -0.00296339346096, 0.0047325133346, -0.003660796443, -0.00316128204577, 0.0141909336671, -0.0109194498509, 0.00789534766227, -0.00864972546697, 0.0129072833806, -0.0107578141615], [6.52907256153e-05, -0.00364523730241, 0.00447356048971, 0.000788073812146, -0.00455495528877, 0.00458729220554, -0.0014376147883, -0.0109194498509, 0.0307139120996, -0.0272420886904, 0.0169468577951, -0.0105417938903, 0.00662907818332], [5.40841065231e-05, 0.00440241256729, -0.00566853722557, 0.00210782908835, 0.00510073732585, -0.00516138691455, 0.000257307838183, 0.00789534766227, -0.0272420886904, 0.0473196655512, -0.0266767237335, 0.00911528337747, -0.00416728528216], [-2.43794584094e-05, -0.00429014209658, 0.00307120149955, 0.00182932708412, -0.00679307198152, 0.00362360756844, 0.0045183217153, -0.00864972546697, 0.0169468577951, -0.0266767237335, 0.0382426306605, -0.0182282086462, 0.00666998699307], [-7.56047666073e-05, 0.00438064336777, -0.00164790672716, -0.0042103305459, 0.00717014446855, -0.00108528253622, -0.00833094492555, 0.0129072833806, -0.0105417938903, 0.00911528337747, -0.0182282086462, 0.037442535162, -0.0164649616927], [0.000105073719169, -0.00229386519641, 6.36217664578e-05, 0.00471480097622, -0.00740166567266, 0.000135728056193, 0.00802067294717, -0.0107578141615, 0.00662907818332, -0.00416728528216, 0.00666998699307, -0.0164649616927, 0.030478766188]], "cov": [[21823.2167969, 2371.02954102, -111.009338379, -516.282775879, -24.5811538696, -280.84487915, 146.949676514, -321.744720459, -11.0860795975, -136.438735962, 120.93157959, -97.4811630249, -69.0134048462], [2371.02954102, 1224.04223633, -19.1453361511, -356.234558105, 84.5810012817, -91.5805358887, 63.4972724915, -119.699394226, 54.9689292908, -13.2741155624, 71.4302749634, -75.779624939, 30.7448768616], [-111.009338379, -19.1453361511, 202.742294312, 70.587638855, -63.2931060791, 73.2690734863, -51.1937828064, 34.3962478638, -32.8475761414, 10.993013382, -6.20727777481, -2.31674981117, 6.26919126511], [-516.282775879, -356.234558105, 70.587638855, 297.338653564, 69.8665313721, -2.01519227028, 35.379196167, 38.2831916809, -19.6424808502, -21.9601726532, -29.7158756256, 33.0470504761, -24.3707008362], [-24.5811538696, 84.5810012817, -63.2931060791, 69.8665313721, 228.396347046, 4.34492397308, 73.8931350708, -13.0608758926, 20.0554924011, -20.6049346924, 11.59790802, -4.67030858994, 14.9249629974], [-280.84487915, -91.5805358887, 73.2690734863, -2.01519227028, 4.34492397308, 209.488861084, -38.1997909546, 70.1837997437, -18.8578605652, 20.935382843, -3.52280664444, -13.3716239929, 29.6928653717], [146.949676514, 63.4972724915, -51.1937828064, 35.379196167, 73.8931350708, -38.1997909546, 183.122329712, -7.35854768753, 44.7241287231, -12.5721435547, -10.9665985107, 18.4983692169, -32.8193626404], [-321.744720459, -119.699394226, 34.3962478638, 38.2831916809, -13.0608758926, 70.1837997437, -7.35854768753, 179.646957397, 35.5896987915, 17.5242080688, -5.71877670288, -23.075466156, 31.4083099365], [-11.0860795975, 54.9689292908, -32.8475761414, -19.6424808502, 20.0554924011, -18.8578605652, 44.7241287231, 35.5896987915, 100.174667358, 40.0553131104, 2.70608997345, 1.64406776428, -2.98614835739], [-136.438735962, -13.2741155624, 10.993013382, -21.9601726532, -20.6049346924, 20.935382843, -12.5721435547, 17.5242080688, 40.0553131104, 64.3315963745, 27.6226329803, 6.0768737793, 4.56395101547], [120.93157959, 71.4302749634, -6.20727777481, -29.7158756256, 11.59790802, -3.52280664444, -10.9665985107, -5.71877670288, 2.70608997345, 27.6226329803, 61.5090637207, 14.1385192871, 10.6336984634], [-97.4811630249, -75.779624939, -2.31674981117, 33.0470504761, -4.67030858994, -13.3716239929, 18.4983692169, -23.075466156, 1.64406776428, 6.0768737793, 14.1385192871, 59.6518173218, 5.04200220108], [-69.0134048462, 30.7448768616, 6.26919126511, -24.3707008362, 14.9249629974, 29.6928653717, -32.8193626404, 31.4083099365, -2.98614835739, 4.56395101547, 10.6336984634, 5.04200220108, 64.0033187866]]}, "spectral_flux": {"min": 6.62043544986e-11, "max": 0.606173872948, "dvar2": 0.00633362634107, "median": 0.12200833112, "dmean2": 0.0651489570737, "dmean": 0.0405260547996, "var": 0.00720213353634, "dvar": 0.00299551174976, "mean": 0.13230484724}, "silence_rate_30dB": {"min": 0, "max": 1, "dvar2": 0.187359511852, "median": 1, "dmean2": 0.210071325302, "dmean": 0.105024307966, "var": 0.120808802545, "dvar": 0.0939977094531, "mean": 0.859442532063}, "spectral_energyband_middle_high": {"min": 1.38802088184e-21, "max": 0.0517128370702, "dvar2": 1.69202157849e-05, "median": 0.00331566319801, "dmean2": 0.00277323462069, "dmean": 0.00180480850395, "var": 2.44580660365e-05, "dvar": 6.93560969012e-06, "mean": 0.00474740751088}, "barkbands_spread": {"min": 1.25837767124, "max": 131.03302002, "dvar2": 122.928695679, "median": 15.250377655, "dmean2": 9.167760849, "dmean": 5.70188426971, "var": 214.940139771, "dvar": 49.4802856445, "mean": 18.2900066376}, "spectral_centroid": {"min": 187.261489868, "max": 11449.78125, "dvar2": 121570.398438, "median": 722.646911621, "dmean2": 292.960479736, "dmean": 188.089187622, "var": 388876.625, "dvar": 56254.6484375, "mean": 863.645935059}, "pitch_salience": {"min": 0.0970370322466, "max": 0.966616868973, "dvar2": 0.0155132878572, "median": 0.528218388557, "dmean2": 0.15536659956, "dmean": 0.095038600266, "var": 0.0130687383935, "dvar": 0.00598170794547, "mean": 0.520515859127}, "erbbands_skewness": {"min": -2.72417855263, "max": 4.16555213928, "dvar2": 0.24659524858, "median": 0.153487443924, "dmean2": 0.603677272797, "dmean": 0.381681412458, "var": 0.461312770844, "dvar": 0.100872725248, "mean": 0.167663544416}, "erbbands_crest": {"min": 2.55641889572, "max": 29.8880767822, "dvar2": 16.3762969971, "median": 7.89676761627, "dmean2": 4.58727216721, "dmean": 2.78830099106, "var": 13.955742836, "dvar": 6.46657562256, "mean": 8.77190876007}, "melbands": {"min": [5.78930345529e-24, 8.16654762609e-24, 7.24799562146e-24, 8.01016936226e-24, 2.27885586098e-24, 1.33479584177e-24, 4.76063751235e-24, 1.37441273225e-24, 2.95477377546e-24, 3.24472019282e-24, 4.20078056133e-24, 3.17727514922e-24, 2.91861613865e-24, 8.27622295774e-24, 8.95623446867e-24, 5.57484964605e-24, 7.46241432639e-24, 5.96244028018e-24, 4.31856538309e-24, 7.85771094827e-24, 6.84743177532e-24, 6.79546792977e-24, 4.51370353863e-24, 5.70270072739e-24, 6.66584861671e-24, 5.16286427729e-24, 6.50385169109e-24, 6.58215994099e-24, 7.59260004158e-24, 7.43414549585e-24, 5.5426443996e-24, 5.85122311989e-24, 6.37892649484e-24, 5.49967120178e-24, 5.90823251979e-24, 6.01207777492e-24, 8.77056974374e-24, 6.85794176916e-24, 5.5472852683e-24, 8.00250636743e-24], "max": [0.11145567894, 0.0644580647349, 0.0310869589448, 0.0165019016713, 0.0282053966075, 0.0208368077874, 0.0384637862444, 0.0102655002847, 0.0202939398587, 0.0116656674072, 0.00734697561711, 0.00740445498377, 0.00775419874117, 0.00332558620721, 0.00217626290396, 0.00221893028356, 0.000991729088128, 0.0011792909354, 0.000324332620949, 0.000388326268876, 0.000204373078304, 0.00018244117382, 0.000166250654729, 9.86969171208e-05, 0.000115420400107, 0.000225445532124, 7.04511112417e-05, 3.51991475327e-05, 2.40349290834e-05, 2.10286634683e-05, 8.40326174512e-06, 6.56560632706e-06, 5.02703778693e-06, 3.84446502721e-06, 2.65487710749e-06, 2.11333917832e-06, 1.99584928851e-06, 1.45673755014e-06, 1.29212173761e-06, 1.14868873879e-06], "dvar2": [0.000180109738722, 5.94351949985e-05, 4.86373619424e-06, 2.13364864976e-06, 1.73056423591e-06, 1.69031864061e-06, 2.60774208982e-06, 4.22513835474e-07, 9.09860887077e-07, 3.17614507139e-07, 2.0611658158e-07, 5.06673032419e-08, 6.96154174307e-08, 3.77649129746e-08, 2.93846689203e-08, 2.68446136431e-08, 6.24569773677e-09, 2.82455525635e-09, 9.93647275571e-10, 7.02975622158e-10, 3.36613653618e-10, 2.45453407599e-10, 1.62128283021e-10, 9.03892447002e-11, 1.07748254763e-10, 8.39465649771e-11, 3.55273241381e-11, 1.361219297e-11, 4.92476675759e-12, 1.60884402588e-12, 5.5276443145e-13, 2.00755170409e-13, 1.37107989892e-13, 6.87913674592e-14, 2.87659063507e-14, 1.80452661413e-14, 1.40222611354e-14, 1.02500210807e-14, 7.89659678792e-15, 6.46772250963e-15], "median": [0.00413042120636, 0.00285359006375, 0.000777072971687, 0.000569922383875, 0.000261126493569, 0.000250089447945, 0.000241334084421, 0.000144063407788, 8.91248928383e-05, 0.000145913189044, 7.45935540181e-05, 4.70114173368e-05, 3.94065209548e-05, 6.86166604282e-05, 7.41634357837e-05, 5.18393790117e-05, 2.36232153839e-05, 1.23483423522e-05, 1.02603726191e-05, 6.56634438201e-06, 4.0343920773e-06, 2.3955431061e-06, 2.08660276257e-06, 2.28728413276e-06, 2.31380636251e-06, 1.4746983652e-06, 1.06305560621e-06, 8.67950348038e-07, 6.42865870759e-07, 4.92431809107e-07, 3.06015522256e-07, 2.15225426814e-07, 1.63856284985e-07, 9.91161783759e-08, 5.95828311134e-08, 3.74596780262e-08, 2.13101589708e-08, 1.40308635821e-08, 1.12256453022e-08, 9.53344603261e-09], "dmean2": [0.00798915140331, 0.00481446413323, 0.00142616045196, 0.000965688494034, 0.000645935651846, 0.000699938391335, 0.000679336313624, 0.000335235497914, 0.000290002179099, 0.000323925196426, 0.000204461612157, 0.000104635735624, 0.000101470235677, 0.000111425375508, 0.000108554952021, 9.0452907898e-05, 4.18003583036e-05, 2.55644426943e-05, 1.75935001607e-05, 1.34580541271e-05, 8.68208189786e-06, 6.52780272503e-06, 5.98265069129e-06, 5.43163287148e-06, 5.90029321756e-06, 4.38822189608e-06, 3.32350532517e-06, 2.12103918784e-06, 1.21740731629e-06, 7.48173590637e-07, 4.7705191264e-07, 3.11221810989e-07, 2.47598137548e-07, 1.6992750318e-07, 1.13696245307e-07, 8.35025559809e-08, 7.04186859934e-08, 5.91238560332e-08, 5.11043722895e-08, 4.54116033666e-08], "dmean": [0.00483762845397, 0.00289797177538, 0.000848595926072, 0.000598288374022, 0.000400978431571, 0.000437902606791, 0.000418042298406, 0.000203663119464, 0.000177501075086, 0.000193492975086, 0.000124598955153, 6.50705260341e-05, 6.45822437946e-05, 6.9507623266e-05, 6.69501823722e-05, 5.59636791877e-05, 2.56446382991e-05, 1.56129408424e-05, 1.05473927761e-05, 8.16229658085e-06, 5.24887809661e-06, 3.92723995901e-06, 3.63835192729e-06, 3.34276728609e-06, 3.6638259644e-06, 2.71898215942e-06, 2.05828951039e-06, 1.32819911869e-06, 7.76855586082e-07, 4.95005565426e-07, 3.16727977179e-07, 2.07243630257e-07, 1.64473959785e-07, 1.10453726165e-07, 7.27452587057e-08, 5.20726892717e-08, 4.31762430253e-08, 3.58388945187e-08, 3.08573184782e-08, 2.74225975261e-08], "var": [6.71657908242e-05, 2.56410730799e-05, 3.07104255626e-06, 1.49434686136e-06, 1.38450616305e-06, 1.67849486843e-06, 1.93975961338e-06, 3.12562406179e-07, 5.66447738493e-07, 2.21906262254e-07, 1.3786662123e-07, 5.43285487709e-08, 6.2458596517e-08, 3.35049286093e-08, 2.26248886293e-08, 1.91476239308e-08, 4.53835369285e-09, 1.93285654149e-09, 5.35396948997e-10, 4.64083271812e-10, 1.35427058456e-10, 8.03923802528e-11, 6.07177710887e-11, 4.76312253528e-11, 5.29830831986e-11, 3.40594115411e-11, 1.46829926689e-11, 6.31435875809e-12, 2.35558556168e-12, 9.39882828684e-13, 3.65155930666e-13, 1.47390509086e-13, 9.44689002047e-14, 4.23543002699e-14, 1.64895342796e-14, 8.95568273945e-15, 6.5473546181e-15, 4.67142100894e-15, 3.54000987866e-15, 2.88455672583e-15], "dvar": [6.70473382343e-05, 2.22366488742e-05, 1.80719200671e-06, 8.56353494783e-07, 7.6824039752e-07, 7.39252584481e-07, 1.08463507331e-06, 1.60381432579e-07, 3.5373142282e-07, 1.21711963175e-07, 8.04405573263e-08, 2.14116155917e-08, 3.12655537016e-08, 1.60378874625e-08, 1.17592326987e-08, 1.06608846195e-08, 2.40903053061e-09, 1.11394948821e-09, 3.65711183559e-10, 2.68330857534e-10, 1.25515459137e-10, 9.11887509947e-11, 6.18927756268e-11, 3.55609985903e-11, 4.34212735212e-11, 3.33458434476e-11, 1.42484296931e-11, 5.54206246867e-12, 2.04454118566e-12, 6.80804750682e-13, 2.3826912123e-13, 8.94593372904e-14, 5.94827396431e-14, 2.9145787075e-14, 1.21619616369e-14, 7.4724763798e-15, 5.83177101987e-15, 4.27013237392e-15, 3.28923095155e-15, 2.69907578038e-15], "mean": [0.00619497383013, 0.00412485003471, 0.00130070094019, 0.000954338349402, 0.000598349608481, 0.000683637685142, 0.000633645628113, 0.000319710845361, 0.000260851084022, 0.000304936431348, 0.000186658027815, 0.000103503538412, 0.000101507626823, 0.00011978441762, 0.000116691277071, 9.39817400649e-05, 4.50163643109e-05, 2.56281418842e-05, 1.74944416358e-05, 1.33883413582e-05, 7.55725204726e-06, 4.8925221563e-06, 4.47908087153e-06, 4.54538849226e-06, 4.67531754111e-06, 3.22908817907e-06, 2.37866106545e-06, 1.68401459177e-06, 1.07801088234e-06, 7.71820282353e-07, 4.91260209401e-07, 3.280409544e-07, 2.52885826058e-07, 1.5913130369e-07, 9.9032099854e-08, 6.62806058926e-08, 4.81854272039e-08, 3.72248543101e-08, 3.15071240209e-08, 2.78245000374e-08]}, "spectral_entropy": {"min": 5.86972856522, "max": 9.81167507172, "dvar2": 0.0642461776733, "median": 7.3429107666, "dmean2": 0.301103144884, "dmean": 0.201414018869, "var": 0.121650978923, "dvar": 0.0285286996514, "mean": 7.3425693512}, "spectral_rolloff": {"min": 64.599609375, "max": 22050, "dvar2": 162021456, "median": 1593.45703125, "dmean2": 10959.3076172, "dmean": 5639.41601562, "var": 98459912, "dvar": 73061960, "mean": 9359.17480469}, "barkbands": {"min": [7.79327126751e-24, 1.08010535376e-23, 1.63847119989e-23, 1.02107489222e-23, 3.37105887003e-23, 6.01792323423e-24, 1.75166879549e-23, 8.3144251248e-24, 2.25234461253e-23, 2.88010434369e-23, 1.7962214506e-23, 8.47855079157e-23, 5.02768223267e-23, 8.12301686139e-23, 6.25470835463e-23, 9.8470471262e-23, 1.14818414454e-22, 1.10044379717e-22, 1.54942732615e-22, 2.2732378776e-22, 3.17088156569e-22, 4.3609528359e-22, 4.29120087114e-22, 6.06212468847e-22, 9.08305300998e-22, 1.56171255364e-21, 2.08863791294e-21], "max": [0.0916175767779, 0.348998248577, 0.0911593735218, 0.083188354969, 0.126330673695, 0.0875410661101, 0.163637846708, 0.0610502436757, 0.060516834259, 0.0425675101578, 0.0487120859325, 0.0288046225905, 0.0182591062039, 0.0095459157601, 0.00643411884084, 0.00418806960806, 0.00270663644187, 0.00180223910138, 0.00437777908519, 0.00123459426686, 0.000707482569851, 0.000284194014966, 0.00014316427405, 0.000141468204674, 0.000124531929032, 0.000185650584172, 0.00327025633305], "dvar2": [8.39719941723e-05, 0.00197433168069, 6.33974850643e-05, 3.1828036299e-05, 5.18757624377e-05, 3.21087900375e-05, 4.9035934353e-05, 1.83067131729e-05, 1.28549090732e-05, 7.1889494393e-06, 2.98725058201e-06, 3.11950452669e-06, 2.39833661908e-06, 5.6137747606e-07, 2.19754056729e-07, 1.01311478318e-07, 6.74114630783e-08, 4.08849807343e-08, 5.10122006858e-08, 1.59663624544e-08, 2.51015608299e-09, 3.87174486915e-10, 1.13308737393e-10, 7.95391183472e-11, 7.79752026836e-11, 1.85438830957e-10, 1.17940864186e-07], "median": [0.000994695117697, 0.0145280724391, 0.00174386217259, 0.00115413917229, 0.00269895792007, 0.00114717660472, 0.00111562781967, 0.000480889633764, 0.000954738061409, 0.000382541766157, 0.000262176385149, 0.000659414217807, 0.000550302618649, 0.000215239502722, 0.000140328862472, 8.13247170299e-05, 4.12961926486e-05, 4.73705549666e-05, 4.59994771518e-05, 2.86014565063e-05, 2.00266422326e-05, 1.01520345197e-05, 3.89348906538e-06, 1.50635287355e-06, 1.07618063794e-06, 6.3266397774e-06, 0.00022243586136], "dmean2": [0.00437093898654, 0.0274552665651, 0.00481830537319, 0.00328222592361, 0.0045775230974, 0.00311798788607, 0.00297027640045, 0.00163610675372, 0.0020688965451, 0.00115398748312, 0.000694486894645, 0.0010630103061, 0.000912099436391, 0.0003933456901, 0.000253516191151, 0.00016472475545, 0.000110629931442, 0.000112305751827, 0.000122393859783, 7.30444226065e-05, 2.95372065011e-05, 1.3740360373e-05, 7.085188372e-06, 5.21665651831e-06, 4.99120505992e-06, 9.53690596361e-06, 0.000232225676882], "dmean": [0.0025770899374, 0.0166711993515, 0.00279427948408, 0.00190592021681, 0.00285888439976, 0.00195009843446, 0.00181907182559, 0.000980262062512, 0.0012462354498, 0.000709121406544, 0.000440701056505, 0.000664398365188, 0.000559961772524, 0.000238988126512, 0.00015308544971, 0.000100661731267, 6.70880472171e-05, 6.95986309438e-05, 7.67979872762e-05, 4.61328891106e-05, 1.97547324206e-05, 9.33545925363e-06, 4.5544106797e-06, 3.18660272569e-06, 3.02083731185e-06, 6.50435185889e-06, 0.000155431916937], "var": [2.94921064778e-05, 0.000772640749346, 2.57379197137e-05, 1.72528343683e-05, 4.131757305e-05, 3.15265533573e-05, 3.55488664354e-05, 1.10348782982e-05, 9.88870488072e-06, 5.14423209097e-06, 2.56471753346e-06, 2.75660704574e-06, 1.75918466994e-06, 3.8763951693e-07, 1.36631641112e-07, 6.3052226551e-08, 2.25772485152e-08, 1.98971061849e-08, 2.400055088e-08, 7.32057614528e-09, 1.51935131143e-09, 3.06104946945e-10, 6.63020471858e-11, 3.65875142683e-11, 3.51395579301e-11, 1.53462659247e-10, 1.15734827943e-07], "dvar": [3.16367732012e-05, 0.000736363290343, 2.33250302699e-05, 1.13702171802e-05, 2.21851369133e-05, 1.40889114846e-05, 1.99830265046e-05, 7.00362807038e-06, 5.0695716709e-06, 2.84216844193e-06, 1.33586388529e-06, 1.34059678203e-06, 9.39861877214e-07, 2.13566778484e-07, 8.29762996091e-08, 3.89363208342e-08, 2.51489762348e-08, 1.58792730076e-08, 2.08602006779e-08, 6.52044906957e-09, 1.07855058218e-09, 1.75120806745e-10, 4.78914720381e-11, 3.30709522267e-11, 3.26682014773e-11, 8.92861409807e-11, 5.06182509241e-08], "mean": [0.00278001162224, 0.0216516721994, 0.00341681856662, 0.00245577539317, 0.00461635552347, 0.00300016184337, 0.00272008543834, 0.00135589961428, 0.0019936140161, 0.00103593035601, 0.00067459087586, 0.00112190912478, 0.000956623640377, 0.000412031571614, 0.000254298618529, 0.000162232128787, 8.36698018247e-05, 9.40170211834e-05, 9.57609954639e-05, 5.75517478865e-05, 3.11865696858e-05, 1.51302228915e-05, 6.37773018752e-06, 3.49502374775e-06, 3.08803623739e-06, 9.96624203253e-06, 0.000325053057168]}, "melbands_flatness_db": {"min": 0.00588666927069, "max": 0.504278600216, "dvar2": 0.00252205971628, "median": 0.285133421421, "dmean2": 0.0620281733572, "dmean": 0.0398602858186, "var": 0.00323589285836, "dvar": 0.00104943744373, "mean": 0.283277183771}, "melbands_skewness": {"min": -1.225076437, "max": 15.9162836075, "dvar2": 2.06777381897, "median": 2.34981918335, "dmean2": 1.4509755373, "dmean": 0.924241006374, "var": 2.26223731041, "dvar": 0.858847677708, "mean": 2.63000392914}, "barkbands_skewness": {"min": -1.9858546257, "max": 11.550994873, "dvar2": 1.36252510548, "median": 2.1559150219, "dmean2": 1.18786323071, "dmean": 0.750911056995, "var": 1.41565704346, "dvar": 0.56510001421, "mean": 2.31944656372}, "silence_rate_60dB": {"min": 0, "max": 1, "dvar2": 0.0237219445407, "median": 0, "dmean2": 0.0220445208251, "dmean": 0.011021069251, "var": 0.0884700343013, "dvar": 0.0109002031386, "mean": 0.0980985313654}, "spectral_energyband_low": {"min": 5.02377263802e-23, "max": 0.402037411928, "dvar2": 0.00251552881673, "median": 0.0209487602115, "dmean2": 0.0310324784368, "dmean": 0.0189382005483, "var": 0.00110822089482, "dvar": 0.000958820746746, "mean": 0.0285215545446}, "spectral_energyband_middle_low": {"min": 1.48601187083e-22, "max": 0.182353064418, "dvar2": 0.000209788326174, "median": 0.0120612401515, "dmean2": 0.0107051702216, "dmean": 0.00670352671295, "var": 0.000257848470937, "dvar": 8.39998756419e-05, "mean": 0.0165394470096}, "melbands_kurtosis": {"min": -1.73524427414, "max": 322.893768311, "dvar2": 535.555053711, "median": 6.85312509537, "dmean2": 13.3165655136, "dmean": 8.21682453156, "var": 284.779388428, "dvar": 212.508361816, "mean": 11.8218393326}, "spectral_decrease": {"min": -1.09303570639e-07, "max": 6.83843666138e-08, "dvar2": 1.84352035819e-16, "median": -8.65892246793e-09, "dmean2": 9.16528009043e-09, "dmean": 5.48498624298e-09, "var": 9.246028349e-17, "dvar": 6.59322174337e-17, "mean": -9.68869517948e-09}, "erbbands_kurtosis": {"min": -1.71198904514, "max": 23.4469566345, "dvar2": 3.83833050728, "median": 0.338683128357, "dmean2": 1.65271568298, "dmean": 1.01793026924, "var": 3.2219004631, "dvar": 1.54365098476, "mean": 0.82674652338}, "melbands_crest": {"min": 1.80732142925, "max": 36.8135604858, "dvar2": 32.3873710632, "median": 15.6277589798, "dmean2": 7.19486999512, "dmean": 4.36331272125, "var": 27.7611083984, "dvar": 12.3013648987, "mean": 16.0029506683}, "melbands_spread": {"min": 0.842820882797, "max": 198.976608276, "dvar2": 137.074951172, "median": 11.8898935318, "dmean2": 8.27862739563, "dmean": 5.2064166069, "var": 252.770309448, "dvar": 67.881072998, "mean": 14.7879276276}, "spectral_energy": {"min": 1.0269004634e-20, "max": 0.524876952171, "dvar2": 0.00629139645025, "median": 0.0497203096747, "dmean2": 0.0460962280631, "dmean": 0.0290878806263, "var": 0.00343310716562, "dvar": 0.00252428418025, "mean": 0.0604370497167}, "mfcc": {"mean": [-690.753540039, 179.345703125, -10.6124019623, 26.2958850861, -1.60774636269, 17.8915691376, 9.88719177246, 3.43803477287, -1.38757550716, 5.35611581802, 7.21462917328, 4.23215579987, 2.82139229774], "icov": [[0.00016735320969, -0.000281568296487, 3.34307587764e-05, -0.000157266258611, 0.000105984501715, 7.10712920409e-05, -1.90391656361e-05, -0.000138731091283, 0.000171574822161, -0.000132731292979, 0.000238109205384, -9.52932241489e-05, 3.10260656988e-05], [-0.000281568296487, 0.00117156747729, 0.000381235731766, 0.000435727502918, 0.000180135830306, -0.000334806449246, -0.0005000908277, 0.00112604571041, -0.000236364299781, -7.5281664067e-06, -0.00104216195177, 0.000594480254222, -0.000306560803438], [3.34307587764e-05, 0.000381235731766, 0.00355002051219, 0.000814680359326, -0.000145469763083, 0.000330615555868, -0.000148190039909, 0.000430992076872, -0.000493346422445, 0.00140807870775, -0.00148908304982, -0.000221389200306, 0.00102113676257], [-0.000157266258611, 0.000435727502918, 0.000814680359326, 0.00406915182248, -0.000369950575987, -0.000547058705706, 0.000914054340683, -0.00368135655299, 0.00245701242238, -0.000692851142958, 0.00029423146043, 6.73466274748e-05, 6.31209550193e-05], [0.000105984501715, 0.000180135830306, -0.000145469763083, -0.000369950575987, 0.0073504820466, 0.000104609280243, -0.00438500707969, 0.00455148192123, -0.00458691176027, 0.000609429902397, 0.00196302332915, -0.00156187289394, -0.000427497696364], [7.10712920409e-05, -0.000334806449246, 0.000330615555868, -0.000547058705706, 0.000104609280243, 0.00828008167446, -0.00246368162334, -0.000462358962977, 0.00102629465982, 0.000953933922574, 0.000618827994913, -0.000956313044298, -0.00086186703993], [-1.90391656361e-05, -0.0005000908277, -0.000148190039909, 0.000914054340683, -0.00438500707969, -0.00246368162334, 0.0160403009504, -0.00993651710451, 0.00206736871041, 0.00196797447279, -0.0015072315, 0.000891109521035, -0.000623164640274], [-0.000138731091283, 0.00112604571041, 0.000430992076872, -0.00368135655299, 0.00455148192123, -0.000462358962977, -0.00993651710451, 0.0258285962045, -0.013614284806, 0.00186303886585, -0.00148890505079, 0.00115590216592, -5.96458703512e-05], [0.000171574822161, -0.000236364299781, -0.000493346422445, 0.00245701242238, -0.00458691176027, 0.00102629465982, 0.00206736871041, -0.013614284806, 0.0290926452726, -0.0184657871723, 0.00769736291841, -0.00264604133554, 0.00268106767908], [-0.000132731292979, -7.5281664067e-06, 0.00140807870775, -0.000692851142958, 0.000609429902397, 0.000953933922574, 0.00196797447279, 0.00186303886585, -0.0184657871723, 0.0330526158214, -0.0200486239046, 0.00566643150523, -0.00236721034162], [0.000238109205384, -0.00104216195177, -0.00148908304982, 0.00029423146043, 0.00196302332915, 0.000618827994913, -0.0015072315, -0.00148890505079, 0.00769736291841, -0.0200486239046, 0.0376591719687, -0.01789570041, 0.0050789527595], [-9.52932241489e-05, 0.000594480254222, -0.000221389200306, 6.73466274748e-05, -0.00156187289394, -0.000956313044298, 0.000891109521035, 0.00115590216592, -0.00264604133554, 0.00566643150523, -0.01789570041, 0.0374345593154, -0.017697552219], [3.10260656988e-05, -0.000306560803438, 0.00102113676257, 6.31209550193e-05, -0.000427497696364, -0.00086186703993, -0.000623164640274, -5.96458703512e-05, 0.00268106767908, -0.00236721034162, 0.0050789527595, -0.017697552219, 0.0346383042634]], "cov": [[11597.9257812, 2980.91308594, -534.135681152, 273.534912109, -309.699554443, 80.0102386475, 14.32421875, -31.1881389618, -139.826126099, 25.0606098175, 29.7726840973, -17.5390472412, 28.8228931427], [2980.91308594, 1806.68432617, -205.713134766, -78.4894485474, -88.4901809692, 51.5306167603, 6.9479765892, -76.9673156738, -50.2914886475, 24.5670051575, 46.1278648376, 1.56861364841, 19.319070816], [-534.135681152, -205.713134766, 345.928039551, -87.2023696899, 24.6584320068, -26.1882038116, -4.82098960876, -15.3015565872, 4.63949155807, -12.2127466202, 6.92634057999, 5.14454269409, -11.4224691391], [273.534912109, -78.4894485474, -87.2023696899, 341.067199707, -19.7255001068, 30.0796298981, 14.7599306107, 59.3842506409, -9.85801887512, -2.47291755676, -8.5213098526, -5.35411071777, 0.990269720554], [-309.699554443, -88.4901809692, 24.6584320068, -19.7255001068, 196.647232056, 5.47263050079, 46.6477470398, 0.16506280005, 36.0115776062, 3.57361316681, -10.4464693069, 7.38664388657, 4.96852397919], [80.0102386475, 51.5306167603, -26.1882038116, 30.0796298981, 5.47263050079, 140.739822388, 32.5990257263, 10.5800161362, -13.3635225296, -15.8556165695, -5.93760299683, 4.47858190536, 8.38533496857], [14.32421875, 6.9479765892, -4.82098960876, 14.7599306107, 46.6477470398, 32.5990257263, 104.242195129, 43.5809898376, 17.4537200928, -0.851295828819, -1.24786436558, 0.876182615757, 2.7226626873], [-31.1881389618, -76.9673156738, -15.3015565872, 59.3842506409, 0.16506280005, 10.5800161362, 43.5809898376, 90.7242279053, 46.4017715454, 22.1187324524, 3.75655889511, -2.25322151184, -2.88682794571], [-139.826126099, -50.2914886475, 4.63949155807, -9.85801887512, 36.0115776062, -13.3635225296, 17.4537200928, 46.4017715454, 94.1711730957, 54.1428794861, 11.6333379745, 1.78210127354, -4.3169260025], [25.0606098175, 24.5670051575, -12.2127466202, -2.47291755676, 3.57361316681, -15.8556165695, -0.851295828819, 22.1187324524, 54.1428794861, 81.3543319702, 36.9857940674, 8.00827980042, 0.269405394793], [29.7726840973, 46.1278648376, 6.92634057999, -8.5213098526, -10.4464693069, -5.93760299683, -1.24786436558, 3.75655889511, 11.6333379745, 36.9857940674, 56.4520683289, 23.3968372345, 5.20401716232], [-17.5390472412, 1.56861364841, 5.14454269409, -5.35411071777, 7.38664388657, 4.47858190536, 0.876182615757, -2.25322151184, 1.78210127354, 8.00827980042, 23.3968372345, 47.2984237671, 21.246805191], [28.8228931427, 19.319070816, -11.4224691391, 0.990269720554, 4.96852397919, 8.38533496857, 2.7226626873, -2.88682794571, -4.3169260025, 0.269405394793, 5.20401716232, 21.246805191, 40.1088447571]]}, "spectral_contrast_valleys": {"min": [-27.7226333618, -27.8174724579, -27.9181861877, -27.5073795319, -27.2975749969, -27.3190536499], "max": [-4.80344772339, -4.47759056091, -5.04646682739, -5.66433668137, -6.08641433716, -8.62946224213], "dvar2": [0.306183964014, 0.255790561438, 0.200868338346, 0.15792965889, 0.219596102834, 0.799477100372], "median": [-6.33690023422, -6.17294025421, -6.64573574066, -7.23696899414, -7.7840051651, -11.1351280212], "dmean2": [0.693112611771, 0.612243950367, 0.525977313519, 0.438406467438, 0.538089096546, 1.06211090088], "dmean": [0.422073185444, 0.376150012016, 0.332066714764, 0.28462651372, 0.378392130136, 0.664812505245], "var": [2.86226987839, 2.70197081566, 2.54052782059, 2.22655582428, 1.92990922928, 1.97973680496], "dvar": [0.134368672967, 0.114209063351, 0.0944261848927, 0.0789224430919, 0.107557587326, 0.326299309731], "mean": [-6.77729129791, -6.56763505936, -7.0378241539, -7.57726812363, -8.04150390625, -11.3717575073]}, "barkbands_flatness_db": {"min": 0.0373712740839, "max": 0.341558843851, "dvar2": 0.00160614331253, "median": 0.160073310137, "dmean2": 0.0492413975298, "dmean": 0.0315527394414, "var": 0.00163974589668, "dvar": 0.000656286836602, "mean": 0.161617487669}, "dynamic_complexity": 4.73551654816, "spectral_skewness": {"min": -0.0393904000521, "max": 8.15542984009, "dvar2": 0.407220512629, "median": 3.16821551323, "dmean2": 0.670714318752, "dmean": 0.448364943266, "var": 0.558057546616, "dvar": 0.177821829915, "mean": 3.24358892441}, "erbbands_flatness_db": {"min": 0.0334107838571, "max": 0.317738741636, "dvar2": 0.000836368126329, "median": 0.151596710086, "dmean2": 0.0355368256569, "dmean": 0.0236968547106, "var": 0.0013574324548