{"lowlevel": {"spectral_complexity": {"min": 0, "max": 21, "dvar2": 2.11074709892, "median": 5, "dmean2": 1.44805192947, "dmean": 0.883010685444, "var": 15.6672410965, "dvar": 1.09595012665, "mean": 5.65989398956}, "silence_rate_20dB": {"min": 1, "max": 1, "dvar2": 0, "median": 1, "dmean2": 0, "dmean": 0, "var": 0, "dvar": 0, "mean": 1}, "average_loudness": 0.0181277077645, "erbbands_spread": {"min": 0.693514764309, "max": 129.996337891, "dvar2": 51.0743637085, "median": 10.6043491364, "dmean2": 4.77169513702, "dmean": 3.32462096214, "var": 259.104278564, "dvar": 28.3769416809, "mean": 16.4480609894}, "spectral_kurtosis": {"min": -1.28004837036, "max": 115.10773468, "dvar2": 125.491737366, "median": 18.218006134, "dmean2": 11.3963937759, "dmean": 6.7483921051, "var": 230.951904297, "dvar": 46.3647460938, "mean": 21.293504715}, "barkbands_kurtosis": {"min": -1.90865921974, "max": 609.569335938, "dvar2": 216.256622314, "median": 3.78132081032, "dmean2": 5.27427816391, "dmean": 3.44210457802, "var": 196.857131958, "dvar": 89.9662780762, "mean": 7.60429525375}, "spectral_strongpeak": {"min": 0, "max": 19.4565887451, "dvar2": 1.22054898739, "median": 0.380820959806, "dmean2": 0.517057359219, "dmean": 0.328092187643, "var": 5.38124084473, "dvar": 0.533285140991, "mean": 1.22421824932}, "spectral_spread": {"min": 872815, "max": 42912624, "dvar2": 649021227008, "median": 2229646.5, "dmean2": 495209.9375, "dmean": 312309.65625, "var": 23627338612700.0, "dvar": 341221015552, "mean": 3170113.75}, "spectral_rms": {"min": 3.09662430246e-12, "max": 0.0133828371763, "dvar2": 2.47635654205e-07, "median": 0.00170951511245, "dmean2": 0.000366824999219, "dmean": 0.000277045270195, "var": 4.10872098655e-06, "dvar": 1.66633938647e-07, "mean": 0.00227592908777}, "erbbands": {"min": [8.26509386586e-23, 4.01358165971e-22, 1.08035866646e-21, 2.62491631006e-21, 8.913983432e-21, 2.11749124902e-20, 4.54725481151e-20, 7.71377069726e-20, 9.82170219409e-20, 1.46408008666e-19, 1.78260743652e-19, 4.1463162327e-19, 3.20823163801e-19, 7.2716103481e-19, 1.02244197282e-18, 1.26190600387e-18, 1.20841750693e-18, 1.26838913531e-18, 1.88261882001e-18, 2.76797049555e-18, 3.43942381124e-18, 4.32127465163e-18, 6.15271787509e-18, 5.52138716181e-18, 7.3313340291e-18, 7.18764613926e-18, 8.41297690477e-18, 9.81377335773e-18, 8.96697119386e-18, 1.09019559233e-17, 1.13790406134e-17, 1.10755025517e-17, 9.9710021942e-18, 8.93066458242e-18, 5.74323948364e-18, 3.84857153724e-18, 2.19989283614e-18, 1.00592369298e-18, 2.35704159119e-19, 2.56578145888e-20], "max": [0.600338160992, 5.01569509506, 5.33295440674, 13.9386854172, 24.8284301758, 40.9666786194, 33.517868042, 208.668609619, 459.926940918, 2720.47363281, 1907.31555176, 1743.23474121, 1166.67980957, 512.882385254, 3082.97827148, 1780.0489502, 4310.61767578, 4988.08105469, 2107.8215332, 1301.05249023, 1091.18127441, 2819.97631836, 566.922119141, 353.463745117, 245.131317139, 80.6440811157, 15.752240181, 9.12378311157, 13.288860321, 11.8156356812, 3.4471642971, 2.00035786629, 0.67970252037, 0.252841621637, 0.0850916057825, 0.022559273988, 0.0037600484211, 0.000414895068388, 0.000109543434519, 0.000224612464081], "dvar2": [0.000581880973186, 0.0580239295959, 0.106735900044, 0.507511675358, 2.84556317329, 9.6968832016, 6.55656766891, 81.4138259888, 158.782546997, 1538.34814453, 2133.47167969, 3675.16137695, 1043.9486084, 111.976051331, 2726.41308594, 1369.18273926, 6852.34277344, 7570.65625, 1603.85522461, 456.898956299, 284.929321289, 1746.47106934, 123.562355042, 65.5099258423, 33.8511276245, 4.77107095718, 0.361521571875, 0.122549571097, 0.154037132859, 0.156444087625, 0.0164208356291, 0.00120341987349, 0.000167464197148, 1.94695512619e-05, 2.97366477753e-06, 6.29307635336e-07, 1.3093156781e-08, 1.24747309704e-10, 1.17759352616e-11, 4.30331326129e-11], "median": [0.0019276777748, 0.0180576555431, 0.0541827641428, 0.109429270029, 0.381436675787, 1.20301485062, 0.827344894409, 1.07017803192, 1.81278920174, 4.01163196564, 2.58927679062, 1.19133782387, 0.587654232979, 0.316009670496, 0.274519324303, 0.130471020937, 0.165391355753, 0.154599398375, 0.0742107480764, 0.0677070021629, 0.0594537332654, 0.0602549165487, 0.0699960440397, 0.0364143028855, 0.0159570947289, 0.00723893288523, 0.00336029473692, 0.00271229678765, 0.00250530312769, 0.00224457355216, 0.00190055905841, 0.00152484199498, 0.00118831917644, 0.000831270124763, 0.000488592195325, 0.000218019180465, 6.70042645652e-05, 1.26655140775e-05, 2.86302383756e-06, 3.40350152328e-06], "dmean2": [0.0095597282052, 0.0869183316827, 0.147343024611, 0.300646930933, 0.76085370779, 1.62697160244, 1.16221368313, 2.89105534554, 3.68237185478, 9.5747423172, 10.1276016235, 12.0252037048, 6.24140310287, 2.17605042458, 10.0814208984, 5.63259124756, 12.8204431534, 12.7947368622, 4.73846721649, 2.65783238411, 2.70912456512, 4.62471342087, 3.07374358177, 2.05271720886, 0.924562036991, 0.411712169647, 0.0787006542087, 0.0491308122873, 0.0554657690227, 0.0377957262099, 0.0157585497946, 0.00439352774993, 0.00149141764268, 0.000642883998808, 0.000309216819005, 0.000129416206619, 3.05301364278e-05, 5.07101458425e-06, 1.50788264364e-06, 2.79739379039e-06], "dmean": [0.00638147210702, 0.0584042072296, 0.0936395078897, 0.18179653585, 0.453542470932, 1.05301630497, 0.773130476475, 2.03031587601, 2.72397470474, 7.220307827, 7.88324737549, 8.75896930695, 4.6095495224, 1.66932499409, 8.32437705994, 4.32730102539, 10.4326868057, 10.1354694366, 3.70013141632, 2.06981945038, 2.17231321335, 3.38878846169, 2.39204931259, 1.67796587944, 0.761572360992, 0.310089081526, 0.0544064491987, 0.0334432423115, 0.0391503870487, 0.0253648143262, 0.0105236861855, 0.00294087966904, 0.000958710326813, 0.000404434278607, 0.000192735111341, 7.90512203821e-05, 1.87514251593e-05, 3.12017118631e-06, 1.13002033686e-06, 2.17238994082e-06], "var": [0.0012739211088, 0.121135868132, 0.147697851062, 0.743191301823, 2.72721672058, 9.55904006958, 16.5937824249, 274.600372314, 837.095703125, 6981.40722656, 15214.4570312, 14039.1962891, 3866.73095703, 485.520111084, 40051.9375, 12331.4433594, 56208.2539062, 79915.9453125, 5098.20263672, 1034.98181152, 1121.01525879, 11382.9716797, 1651.70385742, 532.485473633, 71.2963790894, 9.38591480255, 0.258743435144, 0.0944857671857, 0.215264871716, 0.105611748993, 0.0127019602805, 0.0019151144661, 0.000158821349032, 1.99757214432e-05, 2.4601606583e-06, 3.69993045979e-07, 7.11638481476e-09, 1.10423482858e-10, 1.18186849196e-10, 5.23179055634e-10], "dvar": [0.000289494724711, 0.0272398609668, 0.045891687274, 0.189733088017, 0.912703335285, 3.76440191269, 2.63022255898, 36.4295043945, 89.1627731323, 961.375305176, 1296.34082031, 2012.34191895, 542.199035645, 67.0989608765, 2223.99194336, 752.731506348, 4504.48486328, 4616.3359375, 903.23236084, 324.416809082, 222.722686768, 834.278381348, 82.5191040039, 55.9016304016, 20.4708366394, 2.95148253441, 0.1612816751, 0.0531634688377, 0.0821912810206, 0.0598014220595, 0.00672220671549, 0.000585295958444, 7.38867311156e-05, 1.14485064842e-05, 1.44924752021e-06, 2.70198057706e-07, 5.23533261187e-09, 4.78741386811e-11, 7.16900020251e-12, 2.85595835176e-11], "mean": [0.0117939002812, 0.117827929556, 0.19853721559, 0.412129342556, 1.00793552399, 2.27877831459, 2.67426347733, 7.41481733322, 9.62181568146, 21.5512275696, 26.4384784698, 28.2679195404, 15.0605974197, 5.46474456787, 39.131652832, 21.2556800842, 49.7328071594, 47.6025848389, 11.7948551178, 5.11670398712, 5.9834856987, 12.9031248093, 11.5071792603, 6.57568454742, 2.19975352287, 0.790798068047, 0.104712724686, 0.0596946701407, 0.0702219456434, 0.0415328890085, 0.0177464615554, 0.00637431303039, 0.00241227890365, 0.00121280516032, 0.000630991882645, 0.000270082993666, 7.6893986261e-05, 1.44392079164e-05, 6.48798823022e-06, 1.13375135697e-05]}, "zerocrossingrate": {"min": 0.0029296875, "max": 0.521484375, "dvar2": 8.57303966768e-05, "median": 0.025390625, "dmean2": 0.00463902438059, "dmean": 0.00377239380032, "var": 0.00386122288182, "dvar": 5.72427125007e-05, "mean": 0.0384552888572}, "spectral_contrast_coeffs": {"min": [-0.982567548752, -0.982520222664, -0.976939797401, -0.970962047577, -0.96712988615, -0.964840650558], "max": [-0.384107887745, -0.350593715906, -0.302574813366, -0.395526975393, -0.443883657455, -0.537308931351], "dvar2": [0.0030690075364, 0.00233527482487, 0.00159359362442, 0.00116870470811, 0.000747546146158, 0.000341618841048], "median": [-0.668763816357, -0.68758392334, -0.758647680283, -0.793812036514, -0.8092623353, -0.859806835651], "dmean2": [0.067666567862, 0.0576271004975, 0.0470912121236, 0.0405268222094, 0.0274504143745, 0.018182631582], "dmean": [0.0410759970546, 0.035832349211, 0.0296646486968, 0.0260853860527, 0.0182187091559, 0.0118863740936], "var": [0.00962776318192, 0.00916889216751, 0.0121164740995, 0.0114344013855, 0.0116799501702, 0.00267349765636], "dvar": [0.00112129282206, 0.000942331331316, 0.000752796418965, 0.000590997398831, 0.000426148326369, 0.000212440514588], "mean": [-0.668546378613, -0.685630917549, -0.734543681145, -0.767530798912, -0.790488660336, -0.840977013111]}, "dissonance": {"min": 0.14711625874, "max": 0.5, "dvar2": 0.00447830278426, "median": 0.396523118019, "dmean2": 0.0708416029811, "dmean": 0.041793987155, "var": 0.00461866147816, "dvar": 0.00162491737865, "mean": 0.388942986727}, "spectral_energyband_high": {"min": 6.87445492506e-21, "max": 0.00106175930705, "dvar2": 1.02602570884e-09, "median": 4.81413053421e-07, "dmean2": 5.2924733609e-06, "dmean": 3.77039373234e-06, "var": 1.15764053898e-09, "dvar": 5.36978905785e-10, "mean": 7.29116663933e-06}, "gfcc": {"mean": [-221.147979736, 152.711776733, -95.7784881592, -2.1249499321, -56.2792892456, -13.1085252762, -33.2535629272, 10.8770589828, -13.7933645248, -0.525807023048, -5.10854578018, -5.61103582382, -11.2409925461], "icov": [[0.000715214991942, -0.00203422619961, 0.00181631045416, -0.00144692708272, 0.00200671190396, -0.00146783690434, 0.000956624862738, -0.000826745468657, -1.16486517072e-05, 0.000154078894411, -0.00064581935294, 0.000273344892776, -0.000236775362282], [-0.00203422619961, 0.00688736559823, -0.00538428872824, 0.00432312907651, -0.0053509734571, 0.00394079601392, -0.0019220324466, 0.00229076272808, -0.000353206298314, 0.000892904703505, 0.000214107698412, 0.00130482111126, 0.000105811115645], [0.00181631045416, -0.00538428872824, 0.00527702085674, -0.00409607635811, 0.0056111603044, -0.00440096668899, 0.00253529381007, -0.00233743921854, -2.00076119654e-05, -8.03565944807e-06, -0.00099604553543, 0.000281704560621, -0.000316155317705], [-0.00144692708272, 0.00432312907651, -0.00409607635811, 0.00537156173959, -0.00547813391313, 0.00537535687909, -0.00363527447917, 0.00165909074713, 0.00044801592594, -0.00162984570488, 0.00450510485098, -0.00342021603137, 0.00259780627675], [0.00200671190396, -0.0053509734571, 0.0056111603044, -0.00547813391313, 0.0101128518581, -0.00729725509882, 0.00506687629968, -0.00347156589851, -0.00224548066035, 0.00539057468995, -0.00774996634573, 0.00619717221707, -0.00365401478484], [-0.00146783690434, 0.00394079601392, -0.00440096668899, 0.00537535687909, -0.00729725509882, 0.0101106911898, -0.00676569901407, 0.00353275402449, 0.00180742784869, -0.00643905671313, 0.00871669314802, -0.00830428488553, 0.00553839700297], [0.000956624862738, -0.0019220324466, 0.00253529381007, -0.00363527447917, 0.00506687629968, -0.00676569901407, 0.00917921774089, -0.00299779046327, -0.000195847766008, 0.00428267708048, -0.00830197520554, 0.00772075401619, -0.00443967757747], [-0.000826745468657, 0.00229076272808, -0.00233743921854, 0.00165909074713, -0.00347156589851, 0.00353275402449, -0.00299779046327, 0.00737308105454, -0.00175871094689, -6.20563150733e-05, 0.00260218791664, -0.00319943134673, 0.00206388230436], [-1.16486517072e-05, -0.000353206298314, -2.00076119654e-05, 0.00044801592594, -0.00224548066035, 0.00180742784869, -0.000195847766008, -0.00175871094689, 0.00946414563805, -0.00728060118854, 0.00484173651785, -0.00303457607515, -0.000293052551569], [0.000154078894411, 0.000892904703505, -8.03565944807e-06, -0.00162984570488, 0.00539057468995, -0.00643905671313, 0.00428267708048, -6.20563150733e-05, -0.00728060118854, 0.0169383641332, -0.0114621846005, 0.00944359414279, -0.00527788046747], [-0.00064581935294, 0.000214107698412, -0.00099604553543, 0.00450510485098, -0.00774996634573, 0.00871669314802, -0.00830197520554, 0.00260218791664, 0.00484173651785, -0.0114621846005, 0.0222187153995, -0.0175300501287, 0.0100597199053], [0.000273344892776, 0.00130482111126, 0.000281704560621, -0.00342021603137, 0.00619717221707, -0.00830428488553, 0.00772075401619, -0.00319943134673, -0.00303457607515, 0.00944359414279, -0.0175300501287, 0.0263711772859, -0.0133581748232], [-0.000236775362282, 0.000105811115645, -0.000316155317705, 0.00259780627675, -0.00365401478484, 0.00553839700297, -0.00443967757747, 0.00206388230436, -0.000293052551569, -0.00527788046747, 0.0100597199053, -0.0133581748232, 0.0161034557968]], "cov": [[21385.2285156, 3297.85595703, -5384.52099609, -336.095062256, 317.938903809, -1319.6986084, -456.633148193, -1.43816196918, -295.529388428, -576.733581543, 436.938751221, -304.327606201, -78.2152938843], [3297.85595703, 1370.71472168, -20.7644100189, -245.254928589, 18.0560455322, -148.838363647, -119.469169617, -43.206489563, -51.6336326599, -98.4917602539, 44.1578598022, -126.121284485, -58.8991088867], [-5384.52099609, -20.7644100189, 3451.71240234, 301.201904297, -715.204772949, 643.312927246, 73.3975219727, 4.73408174515, 118.228263855, 310.458221436, -324.309875488, 62.4555931091, -65.4607620239], [-336.095062256, -245.254928589, 301.201904297, 844.048461914, 78.2106246948, -199.297988892, 18.9489822388, 133.008331299, 32.4490661621, -68.7555007935, -98.9308700562, 7.17553901672, -13.3010797501], [317.938903809, 18.0560455322, -715.204772949, 78.2106246948, 608.040893555, -114.467132568, -6.78201293945, 70.8249511719, 4.08620357513, -137.583312988, 109.79070282, -28.4508228302, 7.08436012268], [-1319.6986084, -148.838363647, 643.312927246, -199.297988892, -114.467132568, 596.730041504, 159.72744751, -80.8495025635, 12.3542032242, 167.492401123, -37.0400733948, 46.2422943115, -33.8336296082], [-456.633148193, -119.469169617, 73.3975219727, 18.9489822388, -6.78201293945, 159.72744751, 271.064544678, 13.2316961288, -42.6582832336, 14.6597929001, 44.3536605835, -2.83953714371, -17.0167808533], [-1.43816196918, -43.206489563, 4.73408174515, 133.008331299, 70.8249511719, -80.8495025635, 13.2316961288, 217.239944458, 50.674747467, -31.1118946075, -9.94300365448, 13.4948987961, 6.71243476868], [-295.529388428, -51.6336326599, 118.228263855, 32.4490661621, 4.08620357513, 12.3542032242, -42.6582832336, 50.674747467, 203.691970825, 87.2788696289, -39.3917121887, 18.1568641663, 43.4848442078], [-576.733581543, -98.4917602539, 310.458221436, -68.7555007935, -137.583312988, 167.492401123, 14.6597929001, -31.1118946075, 87.2788696289, 196.936050415, 2.83220672607, 23.1876392365, 12.1584129333], [436.938751221, 44.1578598022, -324.309875488, -98.9308700562, 109.79070282, -37.0400733948, 44.3536605835, -9.94300365448, -39.3917121887, 2.83220672607, 181.33782959, 41.156124115, -12.0484266281], [-304.327606201, -126.121284485, 62.4555931091, 7.17553901672, -28.4508228302, 46.2422943115, -2.83953714371, 13.4948987961, 18.1568641663, 23.1876392365, 41.156124115, 119.041534424, 52.5183753967], [-78.2152938843, -58.8991088867, -65.4607620239, -13.3010797501, 7.08436012268, -33.8336296082, -17.0167808533, 6.71243476868, 43.4848442078, 12.1584129333, -12.0484266281, 52.5183753967, 125.755966187]]}, "spectral_flux": {"min": 6.28414542625e-11, "max": 0.324032902718, "dvar2": 0.000595362507738, "median": 0.0188088677824, "dmean2": 0.015235312283, "dmean": 0.00927334930748, "var": 0.00062178139342, "dvar": 0.000229204510106, "mean": 0.0256050098687}, "silence_rate_30dB": {"min": 0, "max": 1, "dvar2": 0.00598473567516, "median": 1, "dmean2": 0.00529100513086, "dmean": 0.00264518451877, "var": 0.00905373506248, "dvar": 0.00263823079877, "mean": 0.990863204002}, "spectral_energyband_middle_high": {"min": 1.24168372556e-21, "max": 0.14931511879, "dvar2": 9.6437834145e-06, "median": 6.90573433531e-05, "dmean2": 0.000779307505582, "dmean": 0.000647248583846, "var": 0.000177931564394, "dvar": 6.95963353792e-06, "mean": 0.0039226077497}, "barkbands_spread": {"min": 0.176027074456, "max": 90.2037811279, "dvar2": 27.608877182, "median": 5.6764292717, "dmean2": 2.88117980957, "dmean": 1.9189375639, "var": 77.2800521851, "dvar": 12.003824234, "mean": 8.57485580444}, "spectral_centroid": {"min": 109.487686157, "max": 11708.1152344, "dvar2": 71726.9140625, "median": 539.203491211, "dmean2": 125.794189453, "dmean": 89.4413299561, "var": 1906940.75, "dvar": 38756.5039062, "mean": 915.729492188}, "pitch_salience": {"min": 0.0831578299403, "max": 0.872260153294, "dvar2": 0.00788597948849, "median": 0.525381326675, "dmean2": 0.0891770645976, "dmean": 0.0563320368528, "var": 0.0172692481428, "dvar": 0.00309180864133, "mean": 0.518959462643}, "erbbands_skewness": {"min": -4.4262213707, "max": 8.23009777069, "dvar2": 0.375945866108, "median": 0.95672339201, "dmean2": 0.584697425365, "dmean": 0.394743412733, "var": 1.8920661211, "dvar": 0.174515262246, "mean": 1.03565883636}, "erbbands_crest": {"min": 1.99714374542, "max": 32.1894836426, "dvar2": 10.4542284012, "median": 13.3514003754, "dmean2": 3.3078789711, "dmean": 2.14381527901, "var": 31.7010955811, "dvar": 4.49862909317, "mean": 14.266037941}, "melbands": {"min": [1.54674225662e-24, 9.04253407677e-25, 7.70161746324e-25, 1.36272191224e-24, 1.5902266363e-24, 1.57921630743e-24, 1.40409530014e-24, 1.64805585989e-24, 1.35084955562e-24, 2.06587150239e-24, 1.11515399018e-24, 2.37961607832e-24, 2.75150128069e-24, 2.91128683198e-24, 1.90793642157e-24, 2.16361097412e-24, 2.05813751008e-24, 2.44653514891e-24, 2.43216841411e-24, 3.46731228558e-24, 2.39250172678e-24, 3.15805672263e-24, 3.72572497433e-24, 3.24291646236e-24, 3.66700966273e-24, 4.41952735162e-24, 4.25395964711e-24, 4.0746495912e-24, 4.18707686412e-24, 4.9967644861e-24, 5.07269392595e-24, 4.00559191869e-24, 5.53204210903e-24, 5.34859960527e-24, 5.55156641643e-24, 5.35395912626e-24, 6.30021316486e-24, 6.20979077246e-24, 6.37711093147e-24, 6.52713768172e-24], "max": [0.00616650562733, 0.0033445621375, 0.00211297674105, 0.00281541491859, 0.00102692143992, 0.00455258553848, 0.00895911362022, 0.0361123271286, 0.0213632471859, 0.0115453321487, 0.00567676080391, 0.00203198706731, 0.00806268397719, 0.00514850625768, 0.00649153860286, 0.0148723553866, 0.00943028088659, 0.00449428148568, 0.00222980370745, 0.0035526396241, 0.000945647479966, 0.00322248064913, 0.000685099686962, 0.000422182027251, 0.000318066566251, 0.00015491398517, 0.000189071870409, 4.82096984342e-05, 1.21782368296e-05, 5.32839885636e-06, 6.62668344376e-06, 8.75787372934e-06, 7.92628816271e-06, 8.92198386282e-06, 2.37674203163e-06, 1.80503548108e-06, 9.88041392702e-07, 5.8876833009e-07, 2.89558585109e-07, 1.87599979995e-07], "dvar2": [6.49880789183e-08, 4.21363566261e-08, 1.71171326002e-08, 3.02822833476e-08, 8.50854320333e-09, 3.54676679137e-08, 4.56717366148e-08, 2.61722249206e-07, 1.50933161081e-07, 1.46703570181e-07, 2.51260114936e-08, 1.88936044587e-09, 2.0625735786e-08, 1.605777733e-08, 7.47875805729e-09, 7.21303408113e-08, 2.67197215464e-08, 6.94487090058e-09, 1.65143698716e-09, 1.51241263957e-09, 5.72414060596e-10, 3.13692916087e-09, 2.16573828316e-10, 1.57754143082e-10, 5.36716573962e-11, 1.10915842483e-11, 1.7450655504e-11, 1.42030289439e-12, 1.79629491078e-13, 4.73323027365e-14, 5.90579424557e-14, 6.42150517331e-14, 5.89399067204e-14, 6.86957950377e-14, 8.18429830472e-15, 1.3022482525e-15, 3.10310546696e-16, 1.31537281626e-16, 2.59502042979e-17, 1.22045230242e-17], "median": [1.92719726329e-05, 2.86580034299e-05, 2.36542837229e-05, 6.54156028759e-05, 3.64738807548e-05, 2.13509119931e-05, 2.91384203592e-05, 4.24900681537e-05, 1.22662586364e-05, 5.04857143824e-06, 2.16818443732e-06, 8.86247335075e-07, 7.84757219208e-07, 4.93729316986e-07, 1.55801899382e-07, 3.63627407296e-07, 2.06057507057e-07, 9.88654846878e-08, 8.07596904906e-08, 7.17415389317e-08, 5.80796708505e-08, 5.07736466204e-08, 5.41878151239e-08, 4.74509818105e-08, 2.27415704046e-08, 9.50704848179e-09, 6.92104951128e-09, 3.09667469445e-09, 1.84460335895e-09, 1.60466373522e-09, 1.50957335521e-09, 1.41542400023e-09, 1.30939992182e-09, 1.20803633763e-09, 1.09665254655e-09, 9.82622316847e-10, 9.00058472197e-10, 8.25159274243e-10, 7.63721863528e-10, 6.69021504862e-10], "dmean2": [9.61883779382e-05, 8.83681132109e-05, 5.6946217228e-05, 9.11127426662e-05, 4.60457558802e-05, 6.11890500295e-05, 6.1616738094e-05, 0.000116581337352, 8.20372879389e-05, 7.67913661548e-05, 3.0010322007e-05, 7.49572791392e-06, 2.76113187283e-05, 2.4586373911e-05, 1.29126146931e-05, 4.20802462031e-05, 2.37824351643e-05, 8.72316650202e-06, 5.12582664669e-06, 4.38299639427e-06, 3.32568924932e-06, 5.93710637986e-06, 2.94791766464e-06, 3.17852800436e-06, 1.82829001005e-06, 7.19277522876e-07, 6.66631990498e-07, 2.17002337877e-07, 5.54601058411e-08, 2.99357232336e-08, 3.13917283279e-08, 3.48699629171e-08, 3.09102148321e-08, 1.93487821321e-08, 1.11641682565e-08, 4.24293400414e-09, 2.25280083477e-09, 1.21190568692e-09, 7.6456868614e-10, 5.45628597859e-10], "dmean": [6.50783913443e-05, 5.82179527555e-05, 3.41668128385e-05, 5.75424564886e-05, 3.02539938275e-05, 4.30029831477e-05, 4.60181399831e-05, 8.91978488653e-05, 6.40390935587e-05, 5.56835984753e-05, 2.22391499847e-05, 5.75249805479e-06, 2.27912551054e-05, 1.90343562281e-05, 9.90634634945e-06, 3.33421812684e-05, 1.87478890439e-05, 6.4875202952e-06, 3.80146229872e-06, 3.46765864379e-06, 2.50456264439e-06, 4.33741070083e-06, 2.2700774025e-06, 2.39116639023e-06, 1.47864182054e-06, 5.97456732976e-07, 5.01250156049e-07, 1.55847018846e-07, 3.6866087072e-08, 2.03127807907e-08, 2.05670271924e-08, 2.41770656828e-08, 2.10184563088e-08, 1.25751311586e-08, 7.25616366992e-09, 2.89586443714e-09, 1.44640532884e-09, 7.64403540465e-10, 4.81388373608e-10, 3.36328964679e-10], "var": [1.50784657649e-07, 7.17195405286e-08, 2.84380146098e-08, 2.78204890236e-08, 2.07685371123e-08, 1.38371859748e-07, 2.16988453872e-07, 1.25909809867e-06, 1.35091067932e-06, 5.30762292783e-07, 9.52158600853e-08, 9.05471164714e-09, 2.74005202527e-07, 1.54787684892e-07, 7.26945543761e-08, 7.26903010673e-07, 2.5233936185e-07, 1.4432590234e-08, 2.98385072206e-09, 5.25951904251e-09, 1.01512520612e-09, 1.62213247279e-08, 1.22891541388e-09, 1.18069654054e-09, 3.83391401959e-10, 4.14654352521e-11, 3.16957328439e-11, 2.04257335872e-12, 1.32595892816e-13, 3.02010681546e-14, 3.87521029263e-14, 6.90283876066e-14, 7.96556424336e-14, 2.62496882547e-14, 5.41163971342e-15, 1.76045940741e-15, 4.54568860292e-16, 1.03032247289e-16, 2.80552796952e-17, 1.06439326477e-17], "dvar": [3.22034985345e-08, 1.86020567838e-08, 5.85965231892e-09, 1.15714948734e-08, 3.34006511338e-09, 1.67277711682e-08, 2.66222652812e-08, 1.64225212984e-07, 9.22507723544e-08, 7.94894035039e-08, 1.30207817861e-08, 1.1248448839e-09, 1.65467461954e-08, 9.55585477413e-09, 5.17873477435e-09, 4.62509781585e-08, 1.64923559254e-08, 3.86551812781e-09, 9.11797193304e-10, 1.49198187138e-09, 3.15842213494e-10, 1.51845402918e-09, 1.31036806406e-10, 9.39971850356e-11, 4.51489123865e-11, 7.71219893503e-12, 1.00098289033e-11, 8.4841823237e-13, 8.25611890594e-14, 1.99062297136e-14, 2.43293256499e-14, 3.14587155696e-14, 2.79888027495e-14, 2.38727003524e-14, 3.29450119054e-15, 6.15053439951e-16, 1.42645734918e-16, 5.37808912219e-17, 1.49353282948e-17, 6.84289876664e-18], "mean": [0.000127269435325, 0.000126034778077, 8.77431375557e-05, 0.0001199252074, 9.97002862277e-05, 0.000158223920153, 0.000155816596816, 0.000267327239271, 0.000215613428736, 0.000179708760697, 7.04964040779e-05, 1.61801217473e-05, 0.000100155899418, 8.66648333613e-05, 3.7483718188e-05, 0.000170499944943, 7.13141926099e-05, 1.68282258528e-05, 9.18766909308e-06, 7.74940690462e-06, 5.60916623726e-06, 1.46233214764e-05, 8.54045902088e-06, 9.95262780634e-06, 5.04016497871e-06, 1.65954202203e-06, 1.24665416479e-06, 3.29291111711e-07, 5.82044705766e-08, 3.2948179296e-08, 3.4273902827e-08, 4.05312334806e-08, 3.52106823698e-08, 1.84435826611e-08, 1.14231086812e-08, 5.52657741792e-09, 3.08315972752e-09, 1.75038861183e-09, 1.20734788833e-09, 9.34528232577e-10]}, "spectral_entropy": {"min": 4.22614622116, "max": 9.82628250122, "dvar2": 0.0444553904235, "median": 6.12205219269, "dmean2": 0.212526068091, "dmean": 0.145651906729, "var": 0.549365282059, "dvar": 0.023874560371, "mean": 6.22528743744}, "spectral_rolloff": {"min": 43.06640625, "max": 19875.1464844, "dvar2": 330630.1875, "median": 559.86328125, "dmean2": 199.61541748, "dmean": 118.798149109, "var": 5426797, "dvar": 154028.578125, "mean": 1090.58129883}, "barkbands": {"min": [2.52519010319e-25, 2.55926869708e-24, 6.55411672467e-25, 2.31676319127e-25, 6.44661943798e-24, 8.53483759488e-24, 7.40174145645e-24, 8.01794358648e-24, 1.32692383824e-23, 1.54882788652e-23, 1.17475824942e-23, 2.22273692727e-23, 1.68955183677e-23, 2.1443836334e-23, 2.37358464506e-23, 5.40685769309e-23, 6.29422523727e-23, 9.24521378201e-23, 1.2825228653e-22, 1.59653658479e-22, 2.38739147795e-22, 2.93778869298e-22, 3.92764706545e-22, 5.53973115205e-22, 9.03394017085e-22, 1.28366304067e-21, 1.85241059924e-21], "max": [0.000368120730855, 0.0218723528087, 0.00702470215037, 0.0037456699647, 0.0102609833702, 0.0181747358292, 0.0506467483938, 0.16875949502, 0.106003835797, 0.0191777907312, 0.0571704059839, 0.0485134273767, 0.109930612147, 0.0869226455688, 0.0336791165173, 0.0339985527098, 0.039718169719, 0.00792113039643, 0.00507535133511, 0.00189912039787, 0.000199323592824, 0.000285748887109, 0.000250313052675, 5.62323584745e-05, 1.64722405316e-05, 2.94894357467e-06, 1.37914312859e-07], "dvar2": [5.33936783675e-10, 9.69571487985e-07, 1.06946359324e-07, 8.94915501704e-08, 4.90290119615e-07, 6.22162588115e-07, 1.37769939101e-06, 7.45050556361e-06, 6.28908310318e-06, 3.00932327946e-07, 1.2727258536e-06, 1.11505698897e-06, 3.84061149816e-06, 2.65961784862e-06, 3.56022525239e-07, 1.72267917264e-07, 3.89931500422e-07, 4.7342702203e-08, 2.07974188982e-08, 2.59549737258e-09, 9.22837223305e-11, 8.6295880164e-11, 5.60152237095e-11, 1.04524028322e-12, 9.29383726553e-14, 1.15510907927e-14, 2.77052466384e-17], "median": [3.14731346407e-06, 7.4808995123e-05, 4.03013254981e-05, 2.5074577934e-05, 0.000305627123453, 0.000109327782411, 0.000148219551193, 9.27728106035e-05, 3.32558702212e-05, 8.13498900243e-06, 5.57873772777e-06, 2.60009574049e-06, 3.21155857819e-06, 1.56529119977e-06, 1.07806397409e-06, 8.71164388627e-07, 9.82028268481e-07, 1.02294757198e-06, 3.48969365405e-07, 1.3182190628e-07, 6.67491661943e-08, 6.89585846203e-08, 6.7718531227e-08, 7.14000449875e-08, 7.1309273153e-08, 3.98956672143e-08, 6.73648070659e-09], "dmean2": [1.25614269564e-05, 0.000364178762538, 0.000137791896123, 0.000122815006762, 0.000381800316973, 0.000273551559076, 0.000341889855918, 0.000586674548686, 0.000530500488821, 0.000103008125734, 0.000215221647522, 0.000200538008357, 0.000312746764394, 0.000191240455024, 7.47384037822e-05, 5.57565836061e-05, 7.33711422072e-05, 6.06101166341e-05, 3.06999863824e-05, 1.11364561235e-05, 1.31404669901e-06, 1.41669761433e-06, 6.83374253185e-07, 1.30346421656e-07, 4.59649172058e-08, 1.97286738057e-08, 2.97402746874e-09], "dmean": [7.34161585569e-06, 0.000244985538302, 8.5543942987e-05, 7.4530216807e-05, 0.000242147070821, 0.000191255938262, 0.000252207828453, 0.000447482743766, 0.000392414542148, 7.38544113119e-05, 0.000177116409759, 0.000150128878886, 0.000247049261816, 0.000143826473504, 5.59688123758e-05, 4.4166285079e-05, 5.47540803382e-05, 4.61762865598e-05, 2.41845464188e-05, 7.93188883108e-06, 8.87014607542e-07, 1.03466493329e-06, 4.43507076398e-07, 8.53822825775e-08, 2.89769932493e-08, 1.21300853806e-08, 1.78980064103e-09], "var": [3.28143789918e-10, 2.09767426895e-06, 1.68288579516e-07, 1.44182678241e-07, 5.92114815845e-07, 2.17864885599e-06, 5.98097267357e-06, 3.71613168682e-05, 3.71137612092e-05, 1.67469886492e-06, 1.35017990033e-05, 8.0628969954e-06, 3.87038016925e-05, 2.22687558562e-05, 1.10278040211e-06, 6.29596797808e-07, 2.45510886998e-06, 3.99126605544e-07, 6.6596413717e-08, 5.42543565629e-09, 6.07554423437e-11, 1.60693097717e-10, 2.5538751669e-11, 1.45955860245e-12, 8.830253423e-14, 6.05382663622e-15, 2.16726382834e-17], "dvar": [2.05121516994e-10, 4.64722290872e-07, 4.35707789848e-08, 3.21817417159e-08, 1.84467765507e-07, 2.9183075867e-07, 8.19697220322e-07, 4.5980723371e-06, 3.5950072288e-06, 1.49996310483e-07, 9.60569309427e-07, 6.50397851132e-07, 2.48201763497e-06, 1.58106422532e-06, 1.85960459476e-07, 1.58090074365e-07, 2.03026459644e-07, 3.05044665083e-08, 1.36010518403e-08, 1.51075763011e-09, 3.90194612732e-11, 5.13861730944e-11, 2.02655080217e-11, 4.96440182799e-13, 5.23843968691e-14, 4.77737297218e-15, 1.02722042978e-17], "mean": [8.40077427711e-06, 0.00048653333215, 0.000169338731212, 0.000185231067007, 0.000586206209846, 0.000681317120325, 0.000791489612311, 0.00130460585933, 0.00130123447161, 0.000240823224885, 0.000678327516653, 0.000566347094718, 0.00122074282262, 0.000562926579732, 0.000149820858496, 0.000105303231976, 0.000196233100723, 0.000194302614545, 6.86193670845e-05, 1.86205088539e-05, 1.46613206198e-06, 1.88602587059e-06, 6.98022461165e-07, 1.99317454985e-07, 9.61983914749e-08, 4.64432510228e-08, 7.49854756066e-09]}, "melbands_flatness_db": {"min": 0.00351682398468, "max": 0.606224179268, "dvar2": 0.00085014506476, "median": 0.350032925606, "dmean2": 0.0279257986695, "dmean": 0.0192951969802, "var": 0.00708376802504, "dvar": 0.00041063898243, "mean": 0.348969876766}, "melbands_skewness": {"min": -2.75466251373, "max": 18.0346755981, "dvar2": 0.985850036144, "median": 1.16595196724, "dmean2": 0.764962553978, "dmean": 0.509685754776, "var": 2.7086789608, "dvar": 0.406873941422, "mean": 1.42245709896}, "barkbands_skewness": {"min": -3.84103178978, "max": 17.33685112, "dvar2": 0.679105699062, "median": 0.997509598732, "dmean2": 0.720861911774, "dmean": 0.478734701872, "var": 2.14735746384, "dvar": 0.293205499649, "mean": 1.15262949467}, "silence_rate_60dB": {"min": 0, "max": 1, "dvar2": 0.114813253284, "median": 1, "dmean2": 0.113516114652, "dmean": 0.0567512325943, "var": 0.249894246459, "dvar": 0.0535356588662, "mean": 0.511421024799}, "spectral_energyband_low": {"min": 1.44065691262e-23, "max": 0.022813891992, "dvar2": 1.22216920317e-06, "median": 0.000218117056647, "dmean2": 0.000489292957354, "dmean": 0.000327090470819, "var": 2.68204371423e-06, "dvar": 5.75082879095e-07, "mean": 0.000731973734219}, "spectral_energyband_middle_low": {"min": 1.87993189888e-22, "max": 0.179931774735, "dvar2": 1.70393104781e-05, "median": 0.00204745260999, "dmean2": 0.00167849531863, "dmean": 0.00123906321824, "var": 0.000101425415778, "dvar": 9.90571516013e-06, "mean": 0.004974974785}, "melbands_kurtosis": {"min": -1.8433920145, "max": 493.138000488, "dvar2": 352.203552246, "median": 3.86871910095, "dmean2": 6.46619939804, "dmean": 4.23085927963, "var": 354.189208984, "dvar": 139.220993042, "mean": 9.33417701721}, "spectral_decrease": {"min": -4.62782274724e-08, "max": 2.32469759123e-28, "dvar2": 1.79044856589e-18, "median": -7.62814700295e-10, "dmean2": 5.98670835128e-10, "dmean": 4.5886638933e-10, "var": 2.02179700387e-17, "dvar": 1.16453671281e-18, "mean": -2.31997310252e-09}, "erbbands_kurtosis": {"min": -1.91441833973, "max": 157.535903931, "dvar2": 32.727809906, "median": 3.32874107361, "dmean2": 3.57428193092, "dmean": 2.40249705315, "var": 134.721313477, "dvar": 16.6704711914, "mean": 6.60639572144}, "melbands_crest": {"min": 1.5916851759, "max": 37.5758590698, "dvar2": 16.1243515015, "median": 14.045375824, "dmean2": 4.00573825836, "dmean": 2.53012824059, "var": 28.0142612457, "dvar": 6.39389705658, "mean": 14.8789186478}, "melbands_spread": {"min": 0.334752738476, "max": 153.157775879, "dvar2": 51.6585235596, "median": 7.51863670349, "dmean2": 3.95719051361, "dmean": 2.65392541885, "var": 371.300231934, "dvar": 23.5989971161, "mean": 13.1942005157}, "spectral_energy": {"min": 9.82880964657e-21, "max": 0.18357783556, "dvar2": 3.02749958792e-05, "median": 0.00299550290219, "dmean2": 0.0024119601585, "dmean": 0.00185952184256, "var": 0.00035475671757, "dvar": 1.98875295609e-05, "mean": 0.0095208035782}, "mfcc": {"mean": [-867.555786133, 190.333633423, 11.9773759842, 16.225643158, -1.13417971134, -19.2724151611, -8.00069618225, 0.0325347520411, -6.69198656082, 2.95826148987, 6.82772827148, 0.0300884507596, 0.829301059246], "icov": [[0.00345772574656, -0.00476322742179, 0.00534723559394, -0.0048263114877, 0.00514437071979, -0.00498343678191, 0.00483017554507, -0.00495287496597, 0.00502221100032, -0.00450682407245, 0.00448699435219, -0.00410296022892, 0.00248438934796], [-0.00476322742179, 0.00727186212316, -0.00753283081576, 0.00704767648131, -0.00750843202695, 0.0074301622808, -0.00680123083293, 0.00720633892342, -0.00675789546221, 0.00632680114359, -0.00670974096283, 0.00604677340016, -0.00353352329694], [0.00534723559394, -0.00753283081576, 0.00881784409285, -0.00782153010368, 0.00839363317937, -0.00801697187126, 0.00711804814637, -0.00711885234341, 0.00663682864979, -0.00659564509988, 0.00710276234895, -0.0070882984437, 0.00411601550877], [-0.0048263114877, 0.00704767648131, -0.00782153010368, 0.00884545594454, -0.00796992238611, 0.0078534130007, -0.00615740241483, 0.00564749771729, -0.0063304216601, 0.00604488467798, -0.0070449966006, 0.0076004662551, -0.00444687716663], [0.00514437071979, -0.00750843202695, 0.00839363317937, -0.00796992238611, 0.0111726662144, -0.00782877299935, 0.00805711187422, -0.00857446249574, 0.00692205363885, -0.00687930174172, 0.00675856880844, -0.00703662168235, 0.004598621279], [-0.00498343678191, 0.0074301622808, -0.00801697187126, 0.0078534130007, -0.00782877299935, 0.0120427338406, -0.00965099595487, 0.0102322082967, -0.0104080336168, 0.00834911130369, -0.0090133426711, 0.00646799104288, -0.00321619771421], [0.00483017554507, -0.00680123083293, 0.00711804814637, -0.00615740241483, 0.00805711187422, -0.00965099595487, 0.0147072831169, -0.0136895868927, 0.0128961382434, -0.0103412205353, 0.00776325864717, -0.00614947173744, 0.0041019837372], [-0.00495287496597, 0.00720633892342, -0.00711885234341, 0.00564749771729, -0.00857446249574, 0.0102322082967, -0.0136895868927, 0.0206549875438, -0.0157201997936, 0.0136826550588, -0.0121352383867, 0.00765674374998, -0.00400991085917], [0.00502221100032, -0.00675789546221, 0.00663682864979, -0.0063304216601, 0.00692205363885, -0.0104080336168, 0.0128961382434, -0.0157201997936, 0.0240993034095, -0.0193683635443, 0.0173343550414, -0.0121285766363, 0.00561077287421], [-0.00450682407245, 0.00632680114359, -0.00659564509988, 0.00604488467798, -0.00687930174172, 0.00834911130369, -0.0103412205353, 0.0136826550588, -0.0193683635443, 0.0265725720674, -0.0199668873101, 0.0160769075155, -0.0106116263196], [0.00448699435219, -0.00670974096283, 0.00710276234895, -0.0070449966006, 0.00675856880844, -0.0090133426711, 0.00776325864717, -0.0121352383867, 0.0173343550414, -0.0199668873101, 0.0281603951007, -0.0191319063306, 0.0119869057089], [-0.00410296022892, 0.00604677340016, -0.0070882984437, 0.0076004662551, -0.00703662168235, 0.00646799104288, -0.00614947173744, 0.00765674374998, -0.0121285766363, 0.0160769075155, -0.0191319063306, 0.0235924888402, -0.0126902777702], [0.00248438934796, -0.00353352329694, 0.00411601550877, -0.00444687716663, 0.004598621279, -0.00321619771421, 0.0041019837372, -0.00400991085917, 0.00561077287421, -0.0106116263196, 0.0119869057089, -0.0126902777702, 0.0159934386611]], "cov": [[10022.4765625, 1626.06237793, -4748.43652344, 643.985961914, 304.073822021, -760.29486084, -99.883605957, 132.396484375, -747.217529297, -83.6846008301, 120.648834229, -405.973205566, -183.967941284], [1626.06237793, 1840.01721191, 131.032791138, -246.735275269, 101.540100098, -134.48866272, -6.3559718132, -75.7339324951, -98.4481735229, -18.0923595428, 52.8461494446, 6.42829847336, -33.9618835449], [-4748.43652344, 131.032791138, 3555.77172852, -138.064071655, -330.585998535, 469.460693359, 0.108020350337, -112.12374115, 426.953125, 61.6623382568, -55.3422050476, 253.14163208, 107.862724304], [643.985961914, -246.735275269, -138.064071655, 860.237060547, 175.040023804, -248.498001099, -53.4521713257, 124.771751404, -10.4729700089, 24.9792995453, -19.9205093384, -108.551216125, 13.9044723511], [304.073822021, 101.540100098, -330.585998535, 175.040023804, 404.001708984, -84.3745193481, -41.7569694519, 72.4388046265, 2.82667160034, -0.765179932117, 19.5019950867, -13.9227151871, -22.4750061035], [-760.29486084, -134.48866272, 469.460693359, -248.498001099, -84.3745193481, 434.632446289, 99.3478317261, -48.2080001831, 81.5562133789, 20.7866172791, 39.9699020386, 73.1095275879, -14.1939067841], [-99.883605957, -6.3559718132, 0.108020350337, -53.4521713257, -41.7569694519, 99.3478317261, 294.545196533, 97.8089447021, -73.3075256348, -2.9584915638, 66.6942367554, 0.866125166416, -45.3601913452], [132.396484375, -75.7339324951, -112.12374115, 124.771751404, 72.4388046265, -48.2080001831, 97.8089447021, 186.668121338, 12.5346689224, -15.5372056961, 30.2476882935, -1.52684473991, -21.1457996368], [-747.217529297, -98.4481735229, 426.953125, -10.4729700089, 2.82667160034, 81.5562133789, -73.3075256348, 12.5346689224, 238.914978027, 79.1583251953, -52.1849403381, 40.5867500305, 59.0840988159], [-83.6846008301, -18.0923595428, 61.6623382568, 24.9792995453, -0.765179932117, 20.7866172791, -2.9584915638, -15.5372056961, 79.1583251953, 135.459793091, 22.6428146362, -16.3024578094, 33.5429382324], [120.648834229, 52.8461494446, -55.3422050476, -19.9205093384, 19.5019950867, 39.9699020386, 66.6942367554, 30.2476882935, -52.1849403381, 22.6428146362, 138.086517334, 50.0721168518, -35.8863182068], [-405.973205566, 6.42829847336, 253.14163208, -108.551216125, -13.9227151871, 73.1095275879, 0.866125166416, -1.52684473991, 40.5867500305, -16.3024578094, 50.0721168518, 156.573486328, 48.9062156677], [-183.967941284, -33.9618835449, 107.862724304, 13.9044723511, -22.4750061035, -14.1939067841, -45.3601913452, -21.1457996368, 59.0840988159, 33.5429382324, -35.8863182068, 48.9062156677, 136.876403809]]}, "spectral_contrast_valleys": {"min": [-28.2453804016, -27.959444046, -28.0081787109, -27.6651268005, -27.48985672, -27.5016918182], "max": [-5.92889499664, -5.27263212204, -6.62977743149, -6.81425571442, -6.6053943634, -9.99715232849], "dvar2": [0.274346411228, 0.186870664358, 0.171304672956, 0.168635636568, 0.112365670502, 0.0432872846723], "median": [-8.60486030579, -7.7940659523, -9.25419044495, -10.4204235077, -10.6285610199, -12.828578949], "dmean2": [0.618319511414, 0.50376367569, 0.463194280863, 0.434849083424, 0.322412669659, 0.183722063899], "dmean": [0.37546890974, 0.304701626301, 0.282638907433, 0.271560162306, 0.207952171564, 0.115830875933], "var": [6.28234958649, 6.58868122101, 5.68944501877, 5.72341775894, 5.39363431931, 3.34142494202], "dvar": [0.116531312466, 0.0870159268379, 0.0802258551121, 0.0816991329193, 0.0646084845066, 0.0264465045184], "mean": [-8.94657897949, -8.2109413147, -9.53652095795, -10.4722709656, -10.5633430481, -13.0084857941]}, "barkbands_flatness_db": {"min": 0.0168538875878, "max": 0.461772620678, "dvar2": 0.000646607601084, "median": 0.265098869801, "dmean2": 0.025986995548, "dmean": 0.0174696855247, "var": 0.0039455643855, "dvar": 0.000311722746119, "mean": 0.263278573751}, "dynamic_complexity": 8.21812915802, "spectral_skewness": {"min": -0.251010388136, "max": 9.07688045502, "dvar2": 0.617741107941, "median": 3.19764041901, "dmean2": 0.85966771841, "dmean": 0.525648593903, "var": 2.39659404755, "dvar": 0.246846362948, "mean": 3.2722659111}, "erbbands_flatness_db":