{"lowlevel": {"spectral_complexity": {"min": 0, "max": 55, "dvar2": 25.974395752, "median": 17, "dmean2": 4.83804368973, "dmean": 3.31544685364, "var": 96.3491973877, "dvar": 13.7852449417, "mean": 17.7566661835}, "silence_rate_20dB": {"min": 1, "max": 1, "dvar2": 0, "median": 1, "dmean2": 0, "dmean": 0, "var": 0, "dvar": 0, "mean": 1}, "average_loudness": 0.652647972107, "erbbands_spread": {"min": 1.67400324345, "max": 102.863388062, "dvar2": 85.6515960693, "median": 21.6651115417, "dmean2": 8.61763763428, "dmean": 5.57376432419, "var": 125.588806152, "dvar": 38.1490516663, "mean": 23.0487594604}, "spectral_kurtosis": {"min": -1.27208518982, "max": 122.213363647, "dvar2": 191.995697021, "median": 28.2271080017, "dmean2": 12.7258043289, "dmean": 8.12014389038, "var": 178.99432373, "dvar": 73.5997009277, "mean": 30.3315525055}, "barkbands_kurtosis": {"min": -1.8654333353, "max": 228.327316284, "dvar2": 156.605773926, "median": 2.34679722786, "dmean2": 5.0969824791, "dmean": 3.31617212296, "var": 99.4493484497, "dvar": 64.6870956421, "mean": 4.74018144608}, "spectral_strongpeak": {"min": 0, "max": 191.590332031, "dvar2": 1294.47155762, "median": 0.493422627449, "dmean2": 20.9231719971, "dmean": 11.3316383362, "var": 464.2684021, "dvar": 474.026947021, "mean": 10.107831955}, "spectral_spread": {"min": 1100212.875, "max": 42623548, "dvar2": 1138202116100.0, "median": 3247821.25, "dmean2": 814199.8125, "dmean": 512309.59375, "var": 17149981622300.0, "dvar": 522579410944, "mean": 3804808.75}, "spectral_rms": {"min": 3.10211990644e-12, "max": 0.0131481708959, "dvar2": 1.35449181471e-06, "median": 0.00543318130076, "dmean2": 0.00113158451859, "dmean": 0.000817546795588, "var": 6.53407278151e-06, "dvar": 6.79906122514e-07, "mean": 0.00549779599532}, "erbbands": {"min": [7.81148748576e-23, 8.89462001436e-22, 1.71190036088e-21, 3.5181857455e-21, 6.22033964137e-21, 1.60106445959e-20, 4.62510995549e-20, 1.05203421706e-19, 8.41170692404e-20, 1.71579256878e-19, 2.93153274378e-19, 3.12648396302e-19, 3.51556568322e-19, 6.95630047233e-19, 8.50018345483e-19, 9.85867561651e-19, 8.58862043604e-19, 1.76636396159e-18, 2.53272860114e-18, 3.95358377036e-18, 4.30721588994e-18, 4.42975442588e-18, 5.80000930267e-18, 7.24109110581e-18, 6.74598835402e-18, 6.40179726037e-18, 9.21608573432e-18, 9.78704218905e-18, 1.19712043247e-17, 1.10888912971e-17, 1.29140065889e-17, 1.13414890951e-17, 9.99367107888e-18, 7.48315806745e-18, 7.04593603826e-18, 3.72211299237e-18, 2.16130941006e-18, 9.44016875546e-19, 2.56111868054e-19, 2.61887352951e-20], "max": [4.58940458298, 15.3143463135, 70.4934082031, 138.399734497, 175.209381104, 268.34866333, 333.879455566, 1314.82299805, 612.107666016, 505.275665283, 902.377563477, 1045.66101074, 1979.12207031, 741.503845215, 833.158935547, 1887.83251953, 574.846496582, 1338.30712891, 529.024963379, 824.310241699, 896.711242676, 2209.36694336, 1153.89428711, 239.586257935, 786.671264648, 176.376342773, 212.217834473, 141.383987427, 146.50038147, 15.8537130356, 5.48497200012, 2.59643268585, 1.2785384655, 0.684506118298, 0.465269386768, 0.408270537853, 0.4895401299, 2.52549982071, 2.21558523178, 0.856508016586], "dvar2": [0.205152183771, 3.34908795357, 31.5397281647, 181.693222046, 127.640312195, 324.13168335, 845.632446289, 4995.93066406, 957.227294922, 1859.35412598, 1925.71496582, 2761.63012695, 7844.62304688, 3922.92724609, 3972.65771484, 12124.1728516, 2135.98144531, 3798.17138672, 1295.9979248, 4999.87890625, 6469.70507812, 5561.00048828, 12318.4169922, 699.906066895, 1525.56115723, 90.7195968628, 98.877281189, 92.3647003174, 73.6312103271, 1.13622438908, 0.274569690228, 0.0793881341815, 0.0189989823848, 0.00424888310954, 0.00182363239583, 0.00118303438649, 0.00303951348178, 0.0237529240549, 0.032076947391, 0.00927163474262], "median": [0.0771805718541, 0.417190492153, 0.66957962513, 1.54012322426, 2.31679773331, 2.52021694183, 3.10149669647, 4.09115695953, 4.67471981049, 9.47378158569, 8.97273445129, 12.3779459, 14.1348838806, 17.713722229, 14.6977043152, 11.0902109146, 8.93887901306, 10.020450592, 10.4964809418, 14.506149292, 9.53942298889, 10.0151634216, 5.90433979034, 2.77404403687, 1.40296125412, 0.841373205185, 0.49085766077, 0.255223214626, 0.161898419261, 0.0654446780682, 0.0330616869032, 0.021059114486, 0.0138613916934, 0.00899628642946, 0.00619386602193, 0.00472523272038, 0.00388256832957, 0.00475843483582, 0.00984766986221, 0.0233759190887], "dmean2": [0.232220456004, 1.00271213055, 2.72797846794, 6.45202302933, 6.2723031044, 7.22160005569, 11.670841217, 21.9135456085, 12.541220665, 23.4012413025, 17.1724834442, 24.7583637238, 30.0055503845, 32.9501037598, 32.074672699, 34.7574996948, 20.6638584137, 23.3095302582, 18.9235115051, 34.1421318054, 32.2481079102, 28.6491127014, 37.9814414978, 10.2859306335, 9.59943294525, 3.41571855545, 2.93771862984, 2.69363641739, 1.88979804516, 0.349543809891, 0.189086720347, 0.117307417095, 0.0691858381033, 0.0370688959956, 0.0245162881911, 0.018980819732, 0.0196732655168, 0.0403018221259, 0.0540243797004, 0.0344572737813], "dmean": [0.151575163007, 0.626283168793, 1.69524526596, 4.1643075943, 3.92158198357, 4.49642944336, 7.29062891006, 13.9505987167, 7.87470531464, 14.565331459, 10.6354999542, 15.4056835175, 18.9664440155, 20.9728527069, 20.8975734711, 21.6103878021, 12.74954319, 14.154750824, 11.9733810425, 21.6327362061, 20.181394577, 18.8435382843, 24.5505657196, 6.85071277618, 6.14834213257, 2.26738858223, 2.09187221527, 1.92528510094, 1.28120398521, 0.234291315079, 0.120056129992, 0.0747648254037, 0.0434225946665, 0.0227688029408, 0.0149856507778, 0.0119573855773, 0.0129276840016, 0.0292623322457, 0.0404648557305, 0.0241351351142], "var": [0.15383015573, 2.69364571571, 24.4455776215, 186.495925903, 96.7663421631, 198.78817749, 551.17199707, 5012.20214844, 891.331665039, 1246.5838623, 1076.57421875, 2008.04272461, 4587.39697266, 3101.98925781, 3543.80371094, 8121.20556641, 1888.25317383, 2204.27880859, 1225.54260254, 3860.28979492, 4744.0703125, 4131.94238281, 7582.89355469, 498.318450928, 757.971923828, 74.2793197632, 85.335067749, 79.444519043, 44.530330658, 0.748043954372, 0.139605090022, 0.0437425263226, 0.00976231973618, 0.0019321818836, 0.000831593584735, 0.00064462935552, 0.00179250456858, 0.0177445095032, 0.0304865352809, 0.00749313412234], "dvar": [0.0886395275593, 1.35272824764, 12.6181707382, 77.5616989136, 50.9899024963, 123.536689758, 322.543670654, 2019.10839844, 417.947021484, 760.590881348, 743.996643066, 1141.55749512, 3185.44555664, 1654.48498535, 1683.36889648, 4329.20605469, 764.681274414, 1392.64807129, 536.422668457, 2033.39086914, 2471.71704102, 2439.11450195, 5391.94921875, 314.397155762, 654.262512207, 40.2821540833, 50.4927482605, 47.6010360718, 34.3580551147, 0.543995440006, 0.121082238853, 0.0353647246957, 0.0080753294751, 0.00169278343674, 0.000729475228582, 0.00050687242765, 0.00140431255568, 0.011844040826, 0.016946291551, 0.00441637309268], "mean": [0.223998054862, 1.01257956028, 2.60993695259, 6.66495704651, 6.0234503746, 6.91058540344, 11.0707969666, 21.8583850861, 13.2996082306, 21.1158103943, 17.9496879578, 25.3792667389, 31.2743701935, 35.4013900757, 35.7892379761, 35.7179489136, 23.24659729, 24.0611515045, 21.5084495544, 37.4647140503, 33.812664032, 33.6078681946, 33.889755249, 10.413901329, 7.65092611313, 3.28103542328, 3.05259680748, 2.63093090057, 1.51393258572, 0.283552706242, 0.133074730635, 0.0824721157551, 0.0466195195913, 0.0243060514331, 0.0160329360515, 0.0133587121964, 0.0151513842866, 0.0384549684823, 0.0614597722888, 0.0480344705284]}, "zerocrossingrate": {"min": 0.0107421875, "max": 0.71484375, "dvar2": 0.00152023741975, "median": 0.40185546875, "dmean2": 0.0454378351569, "dmean": 0.0362285450101, "var": 0.0140221063048, "dvar": 0.00101653835736, "mean": 0.377592533827}, "spectral_contrast_coeffs": {"min": [-0.981853783131, -0.977013766766, -0.97515463829, -0.969682693481, -0.968661427498, -0.963494062424], "max": [-0.34092438221, -0.474681586027, -0.548395454884, -0.595053911209, -0.615565657616, -0.498737245798], "dvar2": [0.00451437057927, 0.00364027381875, 0.00242724898271, 0.00163318298291, 0.00151227868628, 0.00314121576957], "median": [-0.703105568886, -0.788604140282, -0.788979053497, -0.786659479141, -0.767276763916, -0.806748330593], "dmean2": [0.0856034085155, 0.0757113993168, 0.0625834241509, 0.0507074408233, 0.0481520704925, 0.0583145469427], "dmean": [0.0529991164804, 0.0455754436553, 0.0378170870245, 0.0311163552105, 0.0299693346024, 0.0373892784119], "var": [0.0105010112748, 0.00507003348321, 0.00408205296844, 0.00270071905106, 0.00317700579762, 0.00675176410004], "dvar": [0.00181801151484, 0.00137053115759, 0.000907513021957, 0.000629918009508, 0.000613857235294, 0.00139906734694], "mean": [-0.699619591236, -0.786538779736, -0.792298257351, -0.7871555686, -0.772780776024, -0.782918691635]}, "dissonance": {"min": 0.243539303541, "max": 0.5, "dvar2": 0.00135686853901, "median": 0.478024661541, "dmean2": 0.0331460684538, "dmean": 0.0194899253547, "var": 0.000944161321968, "dvar": 0.00048397257342, "mean": 0.468498855829}, "spectral_energyband_high": {"min": 7.16693678082e-21, "max": 0.0330213606358, "dvar2": 1.20658305605e-05, "median": 0.000254923797911, "dmean2": 0.00112115358934, "dmean": 0.000796053325757, "var": 9.9848220998e-06, "dvar": 5.96958716415e-06, "mean": 0.00120989291463}, "gfcc": {"mean": [-50.5924224854, 99.3983459473, -98.4351119995, -12.971950531, 3.86019277573, -22.3903942108, -1.00166451931, -9.02165699005, 2.90885639191, -13.0582094193, -4.85069561005, -4.79643630981, 0.733315587044], "icov": [[7.47121957829e-05, -0.000183988275239, 0.000300248357235, -0.000191576065845, 0.000201814385946, -6.51975933579e-05, 1.28337187562e-05, 1.37653696584e-05, -7.98634064267e-05, 3.30037473759e-05, 8.52589437272e-05, -0.000145377329318, 0.000112246008939], [-0.000183988275239, 0.00172612257302, -0.00120680162217, 0.00166090740822, -0.000849411298987, 0.000402343372116, 0.000189556114492, 0.000455706787761, 2.67761097348e-05, 0.00108485808596, -0.00154283340089, 0.00287966383621, -0.00169978756458], [0.000300248357235, -0.00120680162217, 0.00429798197001, -0.0021962900646, 0.0025107387919, -0.0024162393529, 0.000152991866344, -0.000548285723198, -0.00118515733629, -0.000211666338146, 2.3761200282e-05, -0.000887376489118, 0.00160880177282], [-0.000191576065845, 0.00166090740822, -0.0021962900646, 0.00622486509383, -0.00510077131912, 0.00244773109443, -0.000136229544296, -0.00208360445686, 0.00303349178284, -0.00355359935202, 0.00328275514767, -0.00250862934627, 0.00261812331155], [0.000201814385946, -0.000849411298987, 0.0025107387919, -0.00510077131912, 0.00821313168854, -0.00276385946199, -0.000646028202027, 0.0028395827394, -0.00525310542434, 0.005247278139, -0.00503791449592, 0.0040297457017, -0.00245053181425], [-6.51975933579e-05, 0.000402343372116, -0.0024162393529, 0.00244773109443, -0.00276385946199, 0.00569660309702, 0.000660207006149, -0.00296837394126, 0.00319998711348, -0.00249077728949, 0.00171435892116, -0.000630171736702, -0.000109819120553], [1.28337187562e-05, 0.000189556114492, 0.000152991866344, -0.000136229544296, -0.000646028202027, 0.000660207006149, 0.00579217541963, -0.00096044910606, -0.00303306058049, 0.00195326143876, -0.00167554791551, 3.22389350913e-05, -0.000301396357827], [1.37653696584e-05, 0.000455706787761, -0.000548285723198, -0.00208360445686, 0.0028395827394, -0.00296837394126, -0.00096044910606, 0.0103227188811, -0.0045859082602, 0.00257901544683, -0.00291444454342, 0.0044260667637, -0.00348346005194], [-7.98634064267e-05, 2.67761097348e-05, -0.00118515733629, 0.00303349178284, -0.00525310542434, 0.00319998711348, -0.00303306058049, -0.0045859082602, 0.0157442316413, -0.00948583614081, 0.00763809820637, -0.00723106041551, 0.00248129991814], [3.30037473759e-05, 0.00108485808596, -0.000211666338146, -0.00355359935202, 0.005247278139, -0.00249077728949, 0.00195326143876, 0.00257901544683, -0.00948583614081, 0.0258942786604, -0.0162034854293, 0.00969315972179, -0.00627622986212], [8.52589437272e-05, -0.00154283340089, 2.3761200282e-05, 0.00328275514767, -0.00503791449592, 0.00171435892116, -0.00167554791551, -0.00291444454342, 0.00763809820637, -0.0162034854293, 0.0255171619356, -0.0148924645036, 0.00936059933156], [-0.000145377329318, 0.00287966383621, -0.000887376489118, -0.00250862934627, 0.0040297457017, -0.000630171736702, 3.22389350913e-05, 0.0044260667637, -0.00723106041551, 0.00969315972179, -0.0148924645036, 0.0235889293253, -0.0114195505157], [0.000112246008939, -0.00169978756458, 0.00160880177282, 0.00261812331155, -0.00245053181425, -0.000109819120553, -0.000301396357827, -0.00348346005194, 0.00248129991814, -0.00627622986212, 0.00936059933156, -0.0114195505157, 0.0190621651709]], "cov": [[26195.328125, 3381.46411133, -1864.8223877, -1123.64807129, -359.965942383, -636.360412598, -271.367797852, -528.437316895, -253.670211792, -335.702026367, -209.114440918, -292.172454834, 158.340026855], [3381.46411133, 2422.60668945, 65.8952407837, -978.939941406, -299.763580322, 206.268295288, -272.61328125, -106.167282104, -209.367034912, -103.456184387, -64.9926300049, -313.088745117, 101.49092865], [-1864.8223877, 65.8952407837, 643.945007324, 19.4008674622, -123.490516663, 279.356689453, -64.5275268555, 127.632034302, -17.3840866089, 53.45652771, 10.9896621704, -24.5814647675, -32.3767776489], [-1123.64807129, -978.939941406, 19.4008674622, 777.331054688, 328.898406982, -141.123764038, 164.42489624, 57.0948867798, 117.681694031, 49.8757286072, 33.4249801636, 125.643684387, -74.6168365479], [-359.965942383, -299.763580322, -123.490516663, 328.898406982, 389.851135254, -68.0582504272, 129.857208252, -10.9794254303, 97.5412597656, -2.62769269943, 26.7247562408, 40.0925140381, -12.2565441132], [-636.360412598, 206.268295288, 279.356689453, -141.123764038, -68.0582504272, 401.053222656, -93.0512771606, 97.6306762695, -59.4275436401, 21.59192276, -8.73340892792, -55.3502883911, 13.8520832062], [-271.367797852, -272.61328125, -64.5275268555, 164.42489624, 129.857208252, -93.0512771606, 279.639221191, 32.6133651733, 108.163963318, 6.33736085892, 25.1697921753, 61.5587730408, -0.784312784672], [-528.437316895, -106.167282104, 127.632034302, 57.0948867798, -10.9794254303, 97.6306762695, 32.6133651733, 169.819213867, 41.1140098572, 23.4573402405, 0.533053994179, 0.350704818964, 8.0507106781], [-253.670211792, -209.367034912, -17.3840866089, 117.681694031, 97.5412597656, -59.4275436401, 108.163963318, 41.1140098572, 153.705108643, 32.4454231262, 11.9139976501, 54.4298858643, 6.98065423965], [-335.702026367, -103.456184387, 53.45652771, 49.8757286072, -2.62769269943, 21.59192276, 6.33736085892, 23.4573402405, 32.4454231262, 82.1864624023, 42.4201202393, 16.0970211029, -2.7878305912], [-209.114440918, -64.9926300049, 10.9896621704, 33.4249801636, 26.7247562408, -8.73340892792, 25.1697921753, 0.533053994179, 11.9139976501, 42.4201202393, 93.3558883667, 44.5856971741, -12.9188280106], [-292.172454834, -313.088745117, -24.5814647675, 125.643684387, 40.0925140381, -55.3502883911, 61.5587730408, 0.350704818964, 54.4298858643, 16.0970211029, 44.5856971741, 130.057235718, 18.726606369], [158.340026855, 101.49092865, -32.3767776489, -74.6168365479, -12.2565441132, 13.8520832062, -0.784312784672, 8.0507106781, 6.98065423965, -2.7878305912, -12.9188280106, 18.726606369, 89.2572937012]]}, "spectral_flux": {"min": 6.30428487192e-11, "max": 0.323814600706, "dvar2": 0.00131951703224, "median": 0.0943273901939, "dmean2": 0.0343250147998, "dmean": 0.0217846725136, "var": 0.00256110518239, "dvar": 0.000560521672014, "mean": 0.0969462841749}, "silence_rate_30dB": {"min": 0, "max": 1, "dvar2": 0.0531685613096, "median": 1, "dmean2": 0.045728802681, "dmean": 0.0228607710451, "var": 0.0319240503013, "dvar": 0.0223381593823, "mean": 0.966984152794}, "spectral_energyband_middle_high": {"min": 1.20142410198e-21, "max": 0.0678164362907, "dvar2": 2.78468323813e-05, "median": 0.00397810339928, "dmean2": 0.00340062612668, "dmean": 0.00228385790251, "var": 4.24459576607e-05, "dvar": 1.18829429994e-05, "mean": 0.00598060199991}, "barkbands_spread": {"min": 0.608847081661, "max": 132.335266113, "dvar2": 283.754333496, "median": 29.8893470764, "dmean2": 14.0511798859, "dmean": 9.23785972595, "var": 619.837036133, "dvar": 136.601272583, "mean": 36.4758796692}, "spectral_centroid": {"min": 146.083206177, "max": 11777.3544922, "dvar2": 152288.96875, "median": 1105.79797363, "dmean2": 325.456176758, "dmean": 218.130004883, "var": 1724279.75, "dvar": 82014.203125, "mean": 1481.796875}, "pitch_salience": {"min": 0.0633638799191, "max": 0.942732453346, "dvar2": 0.0104046538472, "median": 0.584093272686, "dmean2": 0.114556647837, "dmean": 0.0725403353572, "var": 0.0187905654311, "dvar": 0.00460486160591, "mean": 0.557181119919}, "erbbands_skewness": {"min": -5.08237886429, "max": 3.07343459129, "dvar2": 0.375750094652, "median": -0.267130374908, "dmean2": 0.637252509594, "dmean": 0.418538838625, "var": 0.784052670002, "dvar": 0.160503938794, "mean": -0.381954312325}, "erbbands_crest": {"min": 2.16184711456, "max": 30.4755496979, "dvar2": 17.1462020874, "median": 9.21218395233, "dmean2": 4.7384762764, "dmean": 2.86514639854, "var": 17.1209621429, "dvar": 6.72157144547, "mean": 10.0680332184}, "melbands": {"min": [1.10885385117e-24, 1.79010426816e-24, 9.07779517316e-25, 7.783123065e-25, 1.51469261298e-24, 2.33967250082e-24, 1.22111339254e-24, 2.06122097014e-24, 2.40683197677e-24, 1.66416183578e-24, 1.7986701143e-24, 2.52005027996e-24, 2.85376506693e-24, 3.07440965933e-24, 1.6073237173e-24, 2.1293805245e-24, 2.93615369987e-24, 3.55610923009e-24, 3.0622651457e-24, 4.58094130903e-24, 4.79238048632e-24, 3.50139147112e-24, 3.93956228877e-24, 4.90402875909e-24, 4.63751289112e-24, 3.1087404915e-24, 4.68549022809e-24, 3.48384720459e-24, 4.6311582221e-24, 4.70416532673e-24, 4.93975035303e-24, 5.69588418031e-24, 6.40959267367e-24, 5.56159520512e-24, 6.10147859245e-24, 6.52871264251e-24, 6.30348299331e-24, 5.54173720956e-24, 5.9936827219e-24, 5.23623307464e-24], "max": [0.033855240792, 0.0273330509663, 0.0195797216147, 0.0104123465717, 0.0108341956511, 0.0258963573724, 0.00855944585055, 0.00488127069548, 0.00737051991746, 0.00829103030264, 0.00962288025767, 0.00328122428618, 0.00266378652304, 0.00305455015041, 0.004628486, 0.00108192302287, 0.00307588395663, 0.00117726437747, 0.00120647228323, 0.00114028644748, 0.00124781229533, 0.00261962483637, 0.00164473627228, 0.000783168361522, 0.000226709700655, 0.000638768076897, 0.000218618893996, 0.000137388225994, 7.11413376848e-05, 0.000220511690713, 6.83840044076e-05, 9.08971414901e-05, 3.39005491696e-05, 3.93650225305e-06, 3.97489338866e-06, 2.98643476526e-06, 1.55445115979e-06, 1.00138822745e-06, 6.9147921522e-07, 5.53301219952e-07], "dvar2": [1.03831389424e-05, 5.99655732003e-06, 3.94176686314e-06, 7.41187989206e-07, 8.40965640236e-07, 2.02705382435e-06, 2.01881761086e-07, 2.09706414012e-07, 1.21263383335e-07, 1.46952274349e-07, 1.9647359295e-07, 7.51574305013e-08, 4.94897527403e-08, 4.34936104909e-08, 8.50425365684e-08, 8.67672600435e-09, 1.83832735701e-08, 3.58872198625e-09, 9.44751654686e-09, 1.12288125464e-08, 8.91532625502e-09, 7.22354087657e-09, 1.50240513364e-08, 4.40093383958e-09, 4.18099388444e-10, 1.1103259423e-09, 1.49516982129e-10, 4.54598060584e-11, 2.44975775776e-11, 9.42107711288e-11, 2.62935853645e-11, 3.48638617975e-11, 2.56971484022e-12, 1.44954564302e-13, 1.01076624555e-13, 6.52698855792e-14, 2.70913188259e-14, 1.18382612198e-14, 4.26893297526e-15, 2.82966539096e-15], "median": [0.000687001855113, 0.000488387886435, 0.000316484860377, 0.000184165211977, 0.000111565394036, 9.06570276129e-05, 8.10707060737e-05, 9.98927062028e-05, 7.23548146198e-05, 8.04408118711e-05, 6.80092925904e-05, 6.73744361848e-05, 4.67322752229e-05, 3.37778546964e-05, 1.94081585505e-05, 1.7699025193e-05, 1.7233996914e-05, 1.45572357724e-05, 1.80427759915e-05, 1.58016373462e-05, 8.76503236213e-06, 9.28227382246e-06, 5.16503405379e-06, 3.70118436877e-06, 1.80542156158e-06, 1.07518349068e-06, 6.19035290583e-07, 4.5519814762e-07, 2.77874733001e-07, 2.0492463193e-07, 1.08438072743e-07, 9.150375746e-08, 5.02723125351e-08, 2.52904754916e-08, 1.85100965666e-08, 1.50627474937e-08, 1.18230421009e-08, 9.78543113206e-09, 8.29728552532e-09, 6.97395741156e-09], "dmean2": [0.00171830900945, 0.00131881341804, 0.00102655368391, 0.000455777277239, 0.000389565131627, 0.000456165202195, 0.000197243149159, 0.000246083189268, 0.000135685142595, 0.000171428866452, 0.000154447232489, 0.000140465141158, 0.000112236484711, 9.08225338208e-05, 8.19451524876e-05, 4.47171041742e-05, 4.67861682409e-05, 3.01814834529e-05, 4.36090485891e-05, 4.92880208185e-05, 3.6603109038e-05, 3.19699647662e-05, 3.99022937927e-05, 2.42652331508e-05, 7.54124903324e-06, 8.37575589685e-06, 3.67427128367e-06, 2.22451649279e-06, 1.6448993847e-06, 2.3621175842e-06, 1.40942063354e-06, 1.26290819935e-06, 4.11333786587e-07, 1.34743103786e-07, 1.11457275409e-07, 9.02482071297e-08, 6.87395811383e-08, 5.18131670901e-08, 3.68814880858e-08, 2.99172597806e-08], "dmean": [0.00111872830894, 0.000832773221191, 0.000660332967527, 0.000285055837594, 0.000243340356974, 0.000289108342258, 0.000125056802062, 0.00015275075566, 8.4292027168e-05, 0.000106543360744, 9.74650974968e-05, 8.85544577613e-05, 7.19412710168e-05, 5.81487438467e-05, 4.93669685966e-05, 2.73645982816e-05, 2.83675599348e-05, 1.87884288607e-05, 2.73268415185e-05, 3.11083276756e-05, 2.26263200602e-05, 2.07788052649e-05, 2.53070465988e-05, 1.58788807312e-05, 4.8007782425e-06, 5.31555633643e-06, 2.34615094996e-06, 1.46172146742e-06, 1.12379620987e-06, 1.66093730058e-06, 9.59892076935e-07, 8.37004108689e-07, 2.77483366062e-07, 8.54840820352e-08, 7.00299338519e-08, 5.67908458038e-08, 4.35172218261e-08, 3.24247224626e-08, 2.27918377504e-08, 1.82288477646e-08], "var": [9.63878210314e-06, 4.95018775837e-06, 4.21255026595e-06, 5.53777908863e-07, 5.99580573635e-07, 2.02186947718e-06, 1.93861467324e-07, 1.40177931485e-07, 6.50602700603e-08, 1.02984479611e-07, 1.16301684727e-07, 5.67879467894e-08, 3.85991043572e-08, 3.25020970138e-08, 5.76112917372e-08, 5.94451643465e-09, 9.37324173833e-09, 3.19165116558e-09, 6.10162631531e-09, 9.18737974587e-09, 5.98487348569e-09, 6.16074258275e-09, 7.99132138241e-09, 3.05129499445e-09, 2.21088911068e-10, 5.47146272734e-10, 7.42976652424e-11, 3.79593370625e-11, 2.12903705082e-11, 6.69352837046e-11, 1.88246345595e-11, 2.03163024598e-11, 1.68212058865e-12, 7.33655689911e-14, 4.80454977018e-14, 3.07619970892e-14, 1.41695542357e-14, 5.91261269139e-15, 2.03534753918e-15, 1.2476420501e-15], "dvar": [4.58760951005e-06, 2.3992640763e-06, 1.67288078501e-06, 2.93035100185e-07, 3.21028579719e-07, 8.06863567959e-07, 8.8796028308e-08, 8.45578114195e-08, 4.62582079308e-08, 6.17137345671e-08, 8.03769921731e-08, 3.15655057648e-08, 2.07458974444e-08, 1.65927183104e-08, 2.95938669126e-08, 3.26286464514e-09, 6.8055419078e-09, 1.49794654458e-09, 3.81243880909e-09, 4.39462999324e-09, 3.39402594918e-09, 3.23861137907e-09, 6.38177066747e-09, 1.96619431847e-09, 1.70920513853e-10, 4.75517736298e-10, 6.25078877547e-11, 2.03229880841e-11, 1.23159902415e-11, 4.54026920227e-11, 1.25783628305e-11, 1.60881186845e-11, 1.24273659939e-12, 6.27131674499e-14, 4.38255558417e-14, 2.78802351485e-14, 1.17766395729e-14, 5.01755551712e-15, 1.73610138682e-15, 1.12169375656e-15], "mean": [0.00188275182154, 0.0013945796527, 0.00110218604095, 0.000449770566775, 0.000387698382838, 0.000460615905467, 0.000208623954677, 0.000223402661504, 0.000141301876283, 0.000170214058016, 0.000156938855071, 0.000143298806506, 0.000115577495308, 9.78789976216e-05, 7.85787342465e-05, 4.44422585133e-05, 4.46727826784e-05, 3.17831036227e-05, 4.33914428868e-05, 5.18818305864e-05, 3.51482667611e-05, 3.66296662833e-05, 3.3319764043e-05, 2.21618156502e-05, 6.7182827479e-06, 6.50866104479e-06, 2.90584466711e-06, 2.06133654501e-06, 1.61616844707e-06, 2.21834920922e-06, 1.23580309719e-06, 9.56385292739e-07, 3.22733541225e-07, 9.77516947387e-08, 7.60573755088e-08, 6.15964310668e-08, 4.69960887983e-08, 3.45056250239e-08, 2.42494362368e-08, 1.90952818002e-08]}, "spectral_entropy": {"min": 5.45293140411, "max": 9.82327270508, "dvar2": 0.0690999776125, "median": 7.29832363129, "dmean2": 0.279000490904, "dmean": 0.180475652218, "var": 0.195464298129, "dvar": 0.0298797264695, "mean": 7.30161762238}, "spectral_rolloff": {"min": 86.1328125, "max": 22028.4667969, "dvar2": 51970216, "median": 21705.46875, "dmean2": 2745.62060547, "dmean": 1440.67199707, "var": 46904832, "dvar": 21219934, "mean": 18808.6523438}, "barkbands": {"min": [4.96298033454e-25, 4.33588482427e-24, 1.17767996835e-25, 1.6430098125e-24, 4.37311314253e-24, 7.35317602368e-24, 5.60440195328e-24, 1.13026215563e-23, 1.10638325714e-23, 1.7297760121e-23, 1.67457168373e-23, 1.41011474272e-23, 1.58511659257e-23, 3.18820406764e-23, 3.81437787284e-23, 6.61926180486e-23, 6.67577895555e-23, 1.12267730536e-22, 1.3970417398e-22, 1.53878578186e-22, 2.34599079546e-22, 3.06245597904e-22, 4.0178137407e-22, 6.16263743227e-22, 9.32491650134e-22, 1.26263637607e-21, 2.0115558274e-21], "max": [0.0464344732463, 0.0932379066944, 0.0934580564499, 0.055761385709, 0.0478031970561, 0.119812145829, 0.0403853580356, 0.0307874232531, 0.0550400093198, 0.0387918502092, 0.0182264707983, 0.04170871526, 0.0111734000966, 0.0292396564037, 0.0130830686539, 0.0171485934407, 0.0357716940343, 0.0187282413244, 0.0119563341141, 0.00262062600814, 0.00545601919293, 0.00266118627042, 0.000187291763723, 9.30846072151e-05, 6.04677406955e-05, 0.000183045660378, 0.034954674542], "dvar2": [1.71709816641e-05, 9.32712646318e-05, 4.6103978093e-05, 1.99796540983e-05, 1.59045775945e-05, 4.35248475696e-05, 5.16496720593e-06, 4.38707229478e-06, 6.88263935444e-06, 5.760615295e-06, 2.40607801061e-06, 6.92623916621e-06, 8.35523962905e-07, 1.38781672376e-06, 1.25438373288e-06, 2.22514768211e-06, 1.59671458277e-06, 3.29413433064e-06, 4.29079562991e-07, 2.97737958732e-08, 7.81398483696e-08, 2.53918752691e-08, 3.35885458336e-10, 9.94691898293e-11, 3.46944660501e-11, 5.24306764671e-10, 1.34470146804e-05], "median": [0.000386467028875, 0.00214172853157, 0.000589886738453, 0.000469217193313, 0.000889888266101, 0.000459976959974, 0.000449758314062, 0.000374779920094, 0.000569762662053, 0.000461846851977, 0.000309601076879, 0.000267567258561, 0.000174546235939, 0.000169741979335, 0.000245737261139, 0.000155953137437, 0.000149678540765, 8.27144394862e-05, 3.39477301168e-05, 1.55492289196e-05, 8.23260415928e-06, 3.7314414385e-06, 1.16369869829e-06, 8.9584352736e-07, 8.06610501058e-07, 1.80629854185e-06, 0.00046558631584], "dmean2": [0.00190495303832, 0.00530915008858, 0.00313028739765, 0.00212056562304, 0.00206943764351, 0.00221373140812, 0.0011395161273, 0.000945874489844, 0.00116724136751, 0.00104553508572, 0.000800233625341, 0.000920583726838, 0.000449123501312, 0.000437021284597, 0.000543379166629, 0.00064467813354, 0.000489601166919, 0.000618341786321, 0.00019418312877, 6.48155255476e-05, 7.58524693083e-05, 3.85186940548e-05, 6.66364803692e-06, 4.70570603284e-06, 3.34909623234e-06, 8.88262275112e-06, 0.00126980617642], "dmean": [0.00124163308647, 0.00337228924036, 0.00193818379194, 0.00136869179551, 0.00130892533343, 0.00138932547998, 0.000716419250239, 0.000575731450226, 0.000728010432795, 0.00065970554715, 0.000509602890816, 0.000576062768232, 0.00027853040956, 0.000270108721452, 0.000342060171533, 0.000399021810153, 0.000316303689033, 0.000403143174481, 0.000124343612697, 4.21233125962e-05, 5.4813503084e-05, 2.58578456851e-05, 4.23391020377e-06, 2.97831729767e-06, 2.0441605102e-06, 5.73284251004e-06, 0.000893215066753], "var": [1.40532411024e-05, 8.06823882158e-05, 3.82871148759e-05, 1.97637109522e-05, 1.19156802612e-05, 4.02447585657e-05, 4.57945361632e-06, 2.57523788605e-06, 4.89488320454e-06, 3.83821816285e-06, 1.81547193279e-06, 4.81811548525e-06, 6.38944641196e-07, 8.2004584101e-07, 8.89820853445e-07, 1.84401631032e-06, 1.098507596e-06, 2.11970427699e-06, 2.21449269588e-07, 2.16298712274e-08, 6.75809488371e-08, 1.57532529244e-08, 1.67599156775e-10, 5.45544442954e-11, 1.55663433532e-11, 3.03003538926e-10, 1.1237822946e-05], "dvar": [7.55690143706e-06, 3.98749107262e-05, 1.88747471839e-05, 8.63527930051e-06, 6.24433505436e-06, 1.67955495272e-05, 2.27599184655e-06, 1.702975851e-06, 2.90023990601e-06, 2.38595271185e-06, 1.01992554846e-06, 2.49582149081e-06, 3.1890672858e-07, 5.35229617071e-07, 5.05673710904e-07, 8.57955285483e-07, 6.78722358316e-07, 1.46912009313e-06, 1.84014126603e-07, 1.27623724921e-08, 4.01902973124e-08, 1.19681962119e-08, 1.46678919011e-10, 4.36605404608e-11, 1.38169484534e-11, 2.41096059783e-10, 6.57411192151e-06], "mean": [0.00188314833213, 0.00550141232088, 0.00285422056913, 0.00204650778323, 0.00214568316005, 0.00221018656157, 0.00108773226384, 0.000863417808432, 0.00118699751329, 0.00104162818752, 0.000776210450567, 0.00093330006348, 0.000453455460956, 0.000430037704064, 0.000560779008083, 0.000656367628835, 0.000528511416633, 0.000554565165658, 0.000160795229021, 5.97597463639e-05, 7.72384155425e-05, 3.0203778806e-05, 4.66062920168e-06, 3.24172788169e-06, 2.16090643335e-06, 6.55913027003e-06, 0.00146910804324]}, "melbands_flatness_db": {"min": 0.0035473476164, "max": 0.597915053368, "dvar2": 0.0020653961692, "median": 0.252593904734, "dmean2": 0.0510811731219, "dmean": 0.0334982648492, "var": 0.00521195912734, "dvar": 0.000982108525932, "mean": 0.253183037043}, "melbands_skewness": {"min": -2.78566241264, "max": 20.4196147919, "dvar2": 2.02067470551, "median": 1.61812329292, "dmean2": 1.13553035259, "dmean": 0.767197489738, "var": 3.62394404411, "dvar": 1.01044237614, "mean": 1.99749553204}, "barkbands_skewness": {"min": -2.25615167618, "max": 11.6820955276, "dvar2": 1.0052472353, "median": 1.41097092628, "dmean2": 0.872512221336, "dmean": 0.586552202702, "var": 1.84404146671, "dvar": 0.489037901163, "mean": 1.47347474098}, "silence_rate_60dB": {"min": 0, "max": 1, "dvar2": 0.0303755421191, "median": 0, "dmean2": 0.0273102577776, "dmean": 0.0136529607698, "var": 0.0630466341972, "dvar": 0.0134662277997, "mean": 0.067619048059}, "spectral_energyband_low": {"min": 1.98698284807e-23, "max": 0.119660191238, "dvar2": 0.000194547057617, "median": 0.00463132560253, "dmean2": 0.008580471389, "dmean": 0.00564435683191, "var": 0.000225846539252, "dvar": 8.42645240482e-05, "mean": 0.0112366434187}, "spectral_energyband_middle_low": {"min": 1.44806034066e-22, "max": 0.13577888906, "dvar2": 8.10042620287e-05, "median": 0.0056144753471, "dmean2": 0.00559608777985, "dmean": 0.00376953324303, "var": 0.0001455679012, "dvar": 3.40696715284e-05, "mean": 0.00981492828578}, "melbands_kurtosis": {"min": -1.8887295723, "max": 514.770263672, "dvar2": 786.493041992, "median": 2.44617676735, "dmean2": 9.13339138031, "dmean": 6.03799533844, "var": 540.287353516, "dvar": 345.418670654, "mean": 8.29381752014}, "spectral_decrease": {"min": -3.47126309919e-08, "max": 4.13843181946e-09, "dvar2": 1.76535496668e-17, "median": -1.2281056172e-09, "dmean2": 2.91153368082e-09, "dmean": 1.87303950128e-09, "var": 2.49863999179e-17, "dvar": 7.36362219713e-18, "mean": -3.65620356213e-09}, "erbbands_kurtosis": {"min": -1.73370420933, "max": 41.3925743103, "dvar2": 16.9914512634, "median": 0.34458386898, "dmean2": 2.50079774857, "dmean": 1.55446612835, "var": 20.3943424225, "dvar": 6.83387947083, "mean": 1.88893043995}, "melbands_crest": {"min": 1.5297216177, "max": 36.4057731628, "dvar2": 28.6203727722, "median": 13.5439834595, "dmean2": 6.08431863785, "dmean": 3.84781193733, "var": 55.1899337769, "dvar": 12.2959918976, "mean": 15.2591600418}, "melbands_spread": {"min": 0.497335553169, "max": 159.917999268, "dvar2": 304.996795654, "median": 21.5242977142, "dmean2": 13.4361228943, "dmean": 8.7178144455, "var": 649.50958252, "dvar": 147.531387329, "mean": 29.2690467834}, "spectral_energy": {"min": 9.8637265235e-21, "max": 0.177196264267, "dvar2": 0.000328065565554, "median": 0.0302574448287, "dmean2": 0.015020666644, "dmean": 0.0105217536911, "var": 0.000918265723158, "dvar": 0.000152489752509, "mean": 0.037679053843}, "mfcc": {"mean": [-708.891723633, 171.480636597, -34.3855133057, 25.0718307495, 11.0718860626, 5.47010660172, 1.66468691826, 8.89986228943, 9.98851585388, 0.39569529891, 0.820653498173, 2.87138867378, -0.121602676809], "icov": [[0.000186304125236, -0.000221407637582, 0.000125429403852, -0.000205528456718, 0.000200281559955, -0.000216896034544, 0.000322475621942, -0.000292313867249, 0.000392499321606, -0.000129378022393, 0.000421943404945, -0.000305078050587, 0.000250320415944], [-0.000221407637582, 0.000809343531728, -5.62676541449e-05, 0.000701018318068, -0.000318881357089, 0.000452467764262, -0.000672339287121, 0.000785379495937, -0.000598875805736, -7.23592893337e-05, -0.000135575974127, 0.000426278391387, -0.000165332079632], [0.000125429403852, -5.62676541449e-05, 0.00216389005072, 0.000976451556198, -0.000375117902877, 7.23697958165e-05, 0.000344891246641, -0.000910061353352, 0.000753888569307, -0.000986564205959, -0.000442189193564, -0.000211989114177, 0.00069973472273], [-0.000205528456718, 0.000701018318068, 0.000976451556198, 0.00307991961017, -0.00151253002696, 0.000724770477973, -0.000343995139701, 0.00021199855837, -0.00165316171478, 0.00190919532906, -0.00315821822733, 0.000120097887702, 0.00070303567918], [0.000200281559955, -0.000318881357089, -0.000375117902877, -0.00151253002696, 0.00586212426424, -0.0031802658923, 0.000252783123869, -0.000833629164845, 0.00174098578282, -0.00260790111497, 0.00213179690763, 0.00027392807533, -0.00185405788943], [-0.000216896034544, 0.000452467764262, 7.23697958165e-05, 0.000724770477973, -0.0031802658923, 0.00977546907961, -0.00335177453235, 0.00103726307862, -0.00209284946322, 0.00177496578544, -0.0014202548191, -0.000257972627878, -0.000393163325498], [0.000322475621942, -0.000672339287121, 0.000344891246641, -0.000343995139701, 0.000252783123869, -0.00335177453235, 0.0119304750115, -0.00578499957919, 0.00422816956416, -0.0040908367373, 0.00139063049573, -0.000516138796229, 0.00163734634407], [-0.000292313867249, 0.000785379495937, -0.000910061353352, 0.00021199855837, -0.000833629164845, 0.00103726307862, -0.00578499957919, 0.0157032813877, -0.00944421160966, 0.00543522182852, -0.00678075524047, 0.00335937924683, -0.00184965296648], [0.000392499321606, -0.000598875805736, 0.000753888569307, -0.00165316171478, 0.00174098578282, -0.00209284946322, 0.00422816956416, -0.00944421160966, 0.0155609855428, -0.00981434900314, 0.00862958841026, -0.00562450103462, 0.000903087318875], [-0.000129378022393, -7.23592893337e-05, -0.000986564205959, 0.00190919532906, -0.00260790111497, 0.00177496578544, -0.0040908367373, 0.00543522182852, -0.00981434900314, 0.0188411511481, -0.00994269736111, 0.00505306152627, 0.000165227858815], [0.000421943404945, -0.000135575974127, -0.000442189193564, -0.00315821822733, 0.00213179690763, -0.0014202548191, 0.00139063049573, -0.00678075524047, 0.00862958841026, -0.00994269736111, 0.0174252670258, -0.00569625478238, 0.000109467153379], [-0.000305078050587, 0.000426278391387, -0.000211989114177, 0.000120097887702, 0.00027392807533, -0.000257972627878, -0.000516138796229, 0.00335937924683, -0.00562450103462, 0.00505306152627, -0.00569625478238, 0.0170428622514, -0.00250056385994], [0.000250320415944, -0.000165332079632, 0.00069973472273, 0.00070303567918, -0.00185405788943, -0.000393163325498, 0.00163734634407, -0.00184965296648, 0.000903087318875, 0.000165227858815, 0.000109467153379, -0.00250056385994, 0.0112904803827]], "cov": [[10293.2080078, 2615.89990234, -677.461791992, -110.265678406, -343.423522949, -83.6134796143, -216.691894531, -250.82611084, -115.576538086, -219.311889648, -366.326477051, 35.4373130798, -186.171005249], [2615.89990234, 2890.57055664, 204.113250732, -854.846008301, -95.8749313354, -80.0815200806, 6.58109378815, -205.213699341, -43.2077713013, 56.3505020142, -242.866622925, -94.5499649048, -44.1497650146], [-677.461791992, 204.113250732, 715.62121582, -341.817749023, 25.1807632446, -3.08727240562, 38.2305183411, 10.6635246277, -22.4056148529, 86.0458602905, 20.7680778503, -35.0823631287, -12.2659091949], [-110.265678406, -854.846008301, -341.817749023, 856.527709961, 105.155189514, 42.3499526978, 4.64074611664, 109.62273407, 52.4142417908, -41.4031028748, 147.414138794, 65.9454498291, 3.39492821693], [-343.423522949, -95.8749313354, 25.1807632446, 105.155189514, 275.76184082, 89.7882995605, 41.1841011047, 32.0508575439, 9.31876659393, 35.8784065247, 23.7846641541, -5.6178393364, 43.0452957153], [-83.6134796143, -80.0815200806, -3.08727240562, 42.3499526978, 89.7882995605, 148.112136841, 46.1738777161, 27.9194469452, 16.9652481079, 11.0579862595, 17.4818172455, 7.36804533005, 15.9588327408], [-216.691894531, 6.58109378815, 38.2305183411, 4.64074611664, 41.1841011047, 46.1738777161, 133.443695068, 50.0422058105, 2.49924826622, 36.1879272461, 30.9964733124, -9.46919441223, -3.66789746284], [-250.82611084, -205.213699341, 10.6635246277, 109.62273407, 32.0508575439, 27.9194469452, 50.0422058105, 144.486801147, 68.404838562, 20.347442627, 56.2105178833, 10.2824897766, 13.6809539795], [-115.576538086, -43.2077713013, -22.4056148529, 52.4142417908, 9.31876659393, 16.9652481079, 2.49924826622, 68.404838562, 152.259094238, 43.736869812, -5.48051977158, 21.2397403717, 4.95803785324], [-219.311889648, 56.3505020142, 86.0458602905, -41.4031028748, 35.8784065247, 11.0579862595, 36.1879272461, 20.347442627, 43.736869812, 114.560958862, 41.3781509399, -13.1756362915, -1.19904506207], [-366.326477051, -242.866622925, 20.7680778503, 147.414138794, 23.7846641541, 17.4818172455, 30.9964733124, 56.2105178833, -5.48051977158, 41.3781509399, 143.446487427, 23.363986969, 6.9437417984], [35.4373130798, -94.5499649048, -35.0823631287, 65.9454498291, -5.6178393364, 7.36804533005, -9.46919441223, 10.2824897766, 21.2397403717, -13.1756362915, 23.363986969, 79.4640197754, 14.15625], [-186.171005249, -44.1497650146, -12.2659091949, 3.39492821693, 43.0452957153, 15.9588327408, -3.66789746284, 13.6809539795, 4.95803785324, -1.19904506207, 6.9437417984, 14.15625, 105.686538696]]}, "spectral_contrast_valleys": {"min": [-28.2214870453, -28.3312282562, -27.947511673, -27.6391925812, -27.5568294525, -27.392824173], "max": [-5.25004386902, -4.6788983345, -5.19126033783, -5.55131483078, -5.81120443344, -9.01694297791], "dvar2": [0.313680708408, 0.302442729473, 0.224742665887, 0.177642777562, 0.334661602974, 0.766142070293], "median": [-7.07514381409, -6.49770545959, -6.82508563995, -7.42593955994, -8.04100418091, -11.2745094299], "dmean2": [0.669372320175, 0.619598269463, 0.528436422348, 0.443492949009, 0.573032140732, 1.00444614887], "dmean": [0.413553446531, 0.386286586523, 0.341873109341, 0.301639050245, 0.394858419895, 0.638629734516], "var": [6.31188344955, 6.92332839966, 6.5811457634, 5.9343419075, 5.52563476562, 4.04275655746], "dvar": [0.141099601984, 0.143380224705, 0.116701841354, 0.0990167632699, 0.169163614511, 0.298701643944], "mean": [-7.50857162476, -7.0391702652, -7.39398479462, -7.84003591537, -8.36121749878, -11.5524892807]}, "barkbands_flatness_db": {"min": 0.0491658374667, "max": 0.430882841349, "dvar2": 0.0011182957096, "median": 0.145123362541, "dmean2": 0.0381937436759, "dmean": 0.0243947468698, "var": 0.0021137886215, "dvar": 0.000502335955389, "mean": 0.151123002172}, "dynamic_complexity": 3.53243541718, "spectral_skewness": {"min": -0.0926691964269, "max": 8.56355476379, "dvar2": 0.713908433914, "median": 3.75534200668, "dmean2": 0.817089080811, "dmean": 0.53131467104, "var": 1.16338050365, "dvar": 0.289798915386, "mean": 3.83859467506}, "erbbands_flatness_db": {"min": 0.0224715974182, "max": 0.344612985849, "dvar2": 0.00101419270504, "median": 0.179248332977, "dmean2": 0.0375355221331, "dmean": 0.0242116544396, "var": 0.00172999408096, "dvar": 0.000429339590482, "mean": 0