{"lowlevel": {"spectral_complexity": {"min": 0, "max": 52, "dvar2": 61.0130348206, "median": 8, "dmean2": 5.08223152161, "dmean": 3.12374043465, "var": 55.7146606445, "dvar": 24.1416835785, "mean": 10.4949216843}, "silence_rate_20dB": {"min": 1, "max": 1, "dvar2": 0, "median": 1, "dmean2": 0, "dmean": 0, "var": 0, "dvar": 0, "mean": 1}, "average_loudness": 0.604539453983, "erbbands_spread": {"min": 2.88601231575, "max": 173.279815674, "dvar2": 572.334777832, "median": 40.318107605, "dmean2": 18.8532123566, "dmean": 12.6415643692, "var": 995.172607422, "dvar": 245.39276123, "mean": 48.1449890137}, "spectral_kurtosis": {"min": -1.3960776329, "max": 30.0273323059, "dvar2": 8.04677009583, "median": 2.11099886894, "dmean2": 2.05609059334, "dmean": 1.25695610046, "var": 12.1874446869, "dvar": 2.94856977463, "mean": 3.25590848923}, "barkbands_kurtosis": {"min": -1.93484961987, "max": 287.486999512, "dvar2": 113.948043823, "median": 1.69078278542, "dmean2": 5.41651630402, "dmean": 3.35241937637, "var": 80.4267959595, "dvar": 44.1521759033, "mean": 4.89057636261}, "spectral_strongpeak": {"min": 0, "max": 26.7894115448, "dvar2": 3.06382775307, "median": 0.396208107471, "dmean2": 0.911336243153, "dmean": 0.580201148987, "var": 3.24460530281, "dvar": 1.35779559612, "mean": 1.13559138775}, "spectral_spread": {"min": 1736268.75, "max": 40004420, "dvar2": 1686525837310.0, "median": 5458595, "dmean2": 1062710.5, "dmean": 749002, "var": 3578989379580.0, "dvar": 911094972416, "mean": 5500152}, "spectral_rms": {"min": 3.25002416472e-12, "max": 0.0117262657732, "dvar2": 3.2590628507e-06, "median": 0.00297055533156, "dmean2": 0.00117420754395, "dmean": 0.000789848971181, "var": 5.02432567373e-06, "dvar": 1.39623534778e-06, "mean": 0.00341342552565}, "erbbands": {"min": [1.10179266097e-21, 2.95909828728e-21, 1.03919653551e-20, 8.23731334022e-20, 2.91882414764e-19, 2.42444672985e-19, 1.01316519395e-19, 6.01369145819e-19, 4.29125120072e-19, 8.41034026657e-19, 1.08601948829e-18, 1.73828180018e-18, 3.9962435425e-18, 2.13159149899e-18, 2.20778765471e-18, 2.09474308424e-18, 3.24887117661e-18, 2.69030568066e-18, 4.65031841391e-18, 5.59540865969e-18, 9.7125752544e-18, 8.88843287624e-18, 8.08975359887e-18, 1.71164761843e-17, 1.18640877441e-17, 1.53702036126e-17, 1.96539221965e-17, 2.49486655927e-17, 1.75115128294e-17, 1.95706879745e-17, 2.13886473268e-17, 1.72997876798e-17, 1.37610577341e-17, 1.30564123488e-17, 9.85675697108e-18, 5.02348729878e-18, 3.76477690041e-18, 1.28116659424e-18, 3.60063422989e-19, 4.06620534134e-20], "max": [0.667710840702, 17.7163028717, 64.757270813, 138.491821289, 178.247558594, 78.9948120117, 222.966400146, 247.697219849, 381.611541748, 1374.84277344, 1610.97937012, 1547.80053711, 2241.13793945, 4085.02441406, 2813.76025391, 3412.01074219, 2008.03808594, 1981.06738281, 2189.96362305, 1907.36096191, 3701.65307617, 1451.33154297, 1125.17919922, 449.051269531, 486.37411499, 579.282775879, 382.755706787, 503.547119141, 320.075744629, 648.144165039, 776.540283203, 826.653381348, 429.723937988, 258.186126709, 127.083061218, 33.1027526855, 7.36768245697, 2.02590966225, 0.125503242016, 0.00254719983786], "dvar2": [0.0171599332243, 7.68943738937, 89.3340454102, 393.062805176, 622.762756348, 56.0136947632, 68.6347427368, 131.259963989, 392.401855469, 3572.02905273, 8125.20458984, 6163.57958984, 15760.5419922, 18357.0195312, 7432.30957031, 15927.8144531, 3656.22045898, 7016.56054688, 7185.86181641, 7007.34326172, 6704.55859375, 1725.44519043, 2206.49804688, 773.359985352, 723.905029297, 737.41986084, 429.087860107, 718.428344727, 556.868835449, 831.855285645, 1026.84484863, 833.794494629, 110.361816406, 40.1329345703, 13.8983325958, 0.913031160831, 0.0269177556038, 0.00145528349094, 6.76196714267e-06, 4.5327501752e-09], "median": [0.00674062035978, 0.120611205697, 0.578299939632, 1.5668463707, 1.97822284698, 1.8512673378, 2.58150482178, 3.39073371887, 3.33081483841, 2.80936288834, 2.03677129745, 2.39957809448, 2.78075647354, 1.80189204216, 2.65830779076, 1.70999968052, 1.8053278923, 1.88502216339, 1.32463264465, 1.46999931335, 1.55834841728, 1.51612627506, 1.98951339722, 2.40502357483, 2.13475704193, 2.57233428955, 2.245398283, 1.52691423893, 1.74079561234, 1.94117379189, 1.72138011456, 1.13814496994, 0.430592179298, 0.217284977436, 0.102184295654, 0.0273305438459, 0.00563356280327, 0.000896723358892, 5.14627099619e-05, 1.56292953761e-05], "dmean2": [0.0473610125482, 0.946730196476, 3.48285579681, 7.38341856003, 7.68157052994, 3.31438136101, 3.66523742676, 4.92653083801, 5.92329835892, 15.0377559662, 19.734331131, 19.2489681244, 33.6839561462, 26.4259567261, 19.8640995026, 26.565536499, 16.0649833679, 22.2130756378, 19.1236419678, 17.7502288818, 16.3845729828, 12.1411895752, 13.115696907, 13.6207723618, 10.6053781509, 11.2953643799, 9.16760063171, 11.4070863724, 9.44796943665, 10.4405050278, 8.08519649506, 6.00677442551, 2.70363640785, 1.58300793171, 0.808359205723, 0.262998610735, 0.0501487590373, 0.00879605207592, 0.00069762696512, 3.07332957163e-05], "dmean": [0.027063280344, 0.537939548492, 1.95073246956, 4.37099885941, 4.38537168503, 1.99302768707, 2.44554305077, 3.37280917168, 3.91569137573, 10.0233736038, 13.2184362411, 13.129488945, 22.6342411041, 18.7280006409, 14.9359540939, 20.4923973083, 11.6726608276, 15.6053857803, 13.3800497055, 11.5835466385, 11.2012195587, 8.05561733246, 8.4583530426, 8.45054912567, 6.50715827942, 7.20159769058, 5.72481679916, 6.86236381531, 5.77656793594, 6.65112733841, 5.36239433289, 4.07724475861, 1.82670676708, 1.06350398064, 0.544818460941, 0.177433729172, 0.0344952978194, 0.00602901680395, 0.000448169012088, 2.02855553653e-05], "var": [0.00510871084407, 2.04840922356, 22.7646369934, 137.485443115, 159.463317871, 28.0392627716, 69.673210144, 210.877655029, 296.207366943, 3785.54370117, 8065.82617188, 5771.00878906, 14940.7617188, 24751.234375, 12690.7177734, 35248.734375, 5527.14160156, 10006.5126953, 9122.22558594, 4825.78125, 9971.96875, 1877.30004883, 1951.18261719, 860.168762207, 453.89163208, 670.458190918, 275.141693115, 368.040618896, 331.613311768, 596.254943848, 728.980895996, 529.636535645, 80.1867446899, 27.4185447693, 7.05346822739, 0.519936680794, 0.022586107254, 0.000712295761332, 2.91532342089e-06, 2.98773250584e-09], "dvar": [0.00610008276999, 2.74203228951, 31.3522529602, 151.563446045, 221.6847229, 19.9486541748, 30.7632026672, 62.6879920959, 160.879257202, 1748.19689941, 3787.0090332, 2869.69775391, 7221.74560547, 9581.02246094, 4518.56787109, 9248.69335938, 1927.8515625, 3533.50463867, 3743.49926758, 3167.37304688, 3785.94091797, 902.92755127, 1008.97509766, 329.746582031, 295.342468262, 328.306060791, 182.758361816, 292.95602417, 226.822174072, 371.530029297, 472.025848389, 387.35635376, 56.1192512512, 20.1269664764, 6.00898313522, 0.408518850803, 0.0132219027728, 0.00061036949046, 2.72085026154e-06, 1.96296401356e-09], "mean": [0.0285160690546, 0.541674613953, 2.13235735893, 5.04616546631, 5.29380702972, 3.60464310646, 5.18114328384, 7.43897867203, 7.57190322876, 16.8162670135, 20.4279212952, 21.8780956268, 35.9943618774, 32.6549263, 27.5777397156, 41.2983894348, 21.2004776001, 29.7194099426, 21.1905345917, 15.6328744888, 15.8253679276, 12.1398954391, 13.3216133118, 13.7238006592, 9.57038402557, 11.657743454, 8.21623325348, 8.22601032257, 8.38124370575, 9.91809272766, 8.20738887787, 5.52009344101, 2.41865158081, 1.31703841686, 0.625465035439, 0.194344833493, 0.0391237735748, 0.00668944325298, 0.000435340130934, 3.40324040735e-05]}, "zerocrossingrate": {"min": 0.005859375, "max": 0.48828125, "dvar2": 0.000414447596995, "median": 0.06298828125, "dmean2": 0.0167160741985, "dmean": 0.0147188557312, "var": 0.002283007605, "dvar": 0.000373949762434, "mean": 0.0759134441614}, "spectral_contrast_coeffs": {"min": [-0.971399366856, -0.98962777853, -0.969911336899, -0.971077084541, -0.966533303261, -0.960854053497], "max": [-0.31076669693, -0.387006372213, -0.388211786747, -0.447870671749, -0.549248218536, -0.615283191204], "dvar2": [0.00495051406324, 0.00330470874906, 0.0029681189917, 0.00215399451554, 0.00135219318327, 0.00120993971359], "median": [-0.645775973797, -0.724336385727, -0.751411139965, -0.774153351784, -0.805022358894, -0.762370109558], "dmean2": [0.0788982659578, 0.0657488554716, 0.0613761767745, 0.0523691885173, 0.0402290187776, 0.0348527543247], "dmean": [0.0488860867918, 0.0416252203286, 0.0417205393314, 0.0345287844539, 0.026617301628, 0.0219946149737], "var": [0.00897001288831, 0.00603455724195, 0.0111172581092, 0.00767649943009, 0.0035257441923, 0.00145711610094], "dvar": [0.00199757213704, 0.00139277533162, 0.00160377577413, 0.00111486960668, 0.000659369979985, 0.000491797574796], "mean": [-0.648088157177, -0.718575000763, -0.729431390762, -0.758084416389, -0.789582371712, -0.765594959259]}, "dissonance": {"min": 0.175866425037, "max": 0.500000119209, "dvar2": 0.00157474388834, "median": 0.461229473352, "dmean2": 0.0379409603775, "dmean": 0.0228590797633, "var": 0.00159363471903, "dvar": 0.000596375437453, "mean": 0.450567632914}, "spectral_energyband_high": {"min": 8.29913782087e-21, "max": 0.0623571388423, "dvar2": 7.48527190808e-06, "median": 0.00031494977884, "dmean2": 0.00112319877371, "dmean": 0.000751752464566, "var": 7.2289885793e-06, "dvar": 3.75364788852e-06, "mean": 0.00120111310389}, "gfcc": {"mean": [-63.5133514404, 65.6697692871, -116.553352356, 30.1950969696, -77.7879486084, 10.5961551666, -40.4202461243, 3.19041705132, -23.9052944183, -0.0262970626354, -13.1354255676, 1.34555137157, -12.7707777023], "icov": [[0.000125442151329, -0.000144652512972, 0.000175258086529, -0.000166332625668, 0.000192719307961, -0.000308124843286, 0.000393157271901, -0.000464736600406, 0.000434675777797, -0.000152502965648, 0.000322185223922, -0.000111583387479, 0.000281294836896], [-0.000144652512972, 0.0015739192022, -0.000215011707041, 0.000113931499072, -0.000751023646444, 0.00108077225741, -0.00156475778203, 0.00146424851846, -0.00185179256368, 0.00130046694539, -0.00142736523412, 0.00182380864862, -0.00104718003422], [0.000175258086529, -0.000215011707041, 0.00180171511602, -0.00147806620225, 0.000568429357372, -0.000479657785036, 0.000505389238242, -0.0011378332274, 0.0014807805419, -0.000952162896283, 0.00148844951764, -0.00106515386142, 0.000712289649528], [-0.000166332625668, 0.000113931499072, -0.00147806620225, 0.0023703717161, -0.000885605171788, 4.97046312375e-05, -0.000131738313939, 0.000692262430675, -0.00132928008679, 0.000735778245144, 0.000230729972827, 0.0015653349692, -0.000293367455015], [0.000192719307961, -0.000751023646444, 0.000568429357372, -0.000885605171788, 0.0041769859381, -0.00185691937804, 2.37673630181e-05, -0.00203397427686, 0.00105239334516, -0.00058198813349, 0.00141504243948, -0.00135545781814, 0.000423221092205], [-0.000308124843286, 0.00108077225741, -0.000479657785036, 4.97046312375e-05, -0.00185691937804, 0.00703542260453, -0.00410671299323, 0.00166132987943, -0.000636734534055, 0.000470491329907, -5.36854895472e-05, 0.00164401030634, 0.00047634151997], [0.000393157271901, -0.00156475778203, 0.000505389238242, -0.000131738313939, 2.37673630181e-05, -0.00410671299323, 0.00879739411175, -0.00324347848073, 0.00222084228881, -0.00106626003981, -0.000804196577519, 0.000106666622742, 0.00140892935451], [-0.000464736600406, 0.00146424851846, -0.0011378332274, 0.000692262430675, -0.00203397427686, 0.00166132987943, -0.00324347848073, 0.00907403416932, -0.00393434613943, 0.00198252825066, -0.000802104943432, 0.000788965902757, -0.000939618970733], [0.000434675777797, -0.00185179256368, 0.0014807805419, -0.00132928008679, 0.00105239334516, -0.000636734534055, 0.00222084228881, -0.00393434613943, 0.011299489066, -0.00441340124235, 0.00225098221563, -0.00218986906111, 0.000105174905912], [-0.000152502965648, 0.00130046694539, -0.000952162896283, 0.000735778245144, -0.00058198813349, 0.000470491329907, -0.00106626003981, 0.00198252825066, -0.00441340124235, 0.0102167492732, -0.00387665512972, 0.00152995216195, 0.000306363828713], [0.000322185223922, -0.00142736523412, 0.00148844951764, 0.000230729972827, 0.00141504243948, -5.36854895472e-05, -0.000804196577519, -0.000802104943432, 0.00225098221563, -0.00387665512972, 0.012817309238, -0.00394464842975, 0.00103515281808], [-0.000111583387479, 0.00182380864862, -0.00106515386142, 0.0015653349692, -0.00135545781814, 0.00164401030634, 0.000106666622742, 0.000788965902757, -0.00218986906111, 0.00152995216195, -0.00394464842975, 0.014192905277, -0.00624096998945], [0.000281294836896, -0.00104718003422, 0.000712289649528, -0.000293367455015, 0.000423221092205, 0.00047634151997, 0.00140892935451, -0.000939618970733, 0.000105174905912, 0.000306363828713, 0.00103515281808, -0.00624096998945, 0.0141691332683]], "cov": [[16837.2773438, -201.828796387, 1536.81274414, 2349.72265625, 373.907043457, 905.032226562, -109.362190247, 587.69708252, -420.26763916, -282.696502686, -824.170959473, -597.616149902, -563.317504883], [-201.828796387, 1352.10571289, -311.143981934, -54.7376251221, 109.398330688, -47.8505096436, 183.490463257, -76.0108718872, 128.053894043, -44.3883705139, 117.731834412, -98.2390365601, 41.6354827881], [1536.81274414, -311.143981934, 2240.24560547, 1668.52893066, 308.987518311, 361.33203125, 40.8026351929, 219.271133423, -126.566978455, -64.9760360718, -424.859649658, -207.418701172, -200.446868896], [2349.72265625, -54.7376251221, 1668.52893066, 1913.3515625, 401.582427979, 393.592193604, 77.528503418, 198.993423462, -64.8737030029, -100.323860168, -407.985137939, -282.678375244, -206.748291016], [373.907043457, 109.398330688, 308.987518311, 401.582427979, 441.575042725, 201.046859741, 123.793952942, 109.686790466, -11.2202425003, -30.9034290314, -98.1184082031, -69.9730224609, -54.44115448], [905.032226562, -47.8505096436, 361.33203125, 393.592193604, 201.046859741, 363.070892334, 150.471466064, 73.0659713745, -54.4132041931, -23.4746894836, -107.327018738, -110.67288208, -99.8416061401], [-109.362190247, 183.490463257, 40.8026351929, 77.528503418, 123.793952942, 150.471466064, 248.991500854, 51.0796394348, -9.12981891632, -1.05470407009, 9.98211765289, -56.5191993713, -40.3748588562], [587.69708252, -76.0108718872, 219.271133423, 198.993423462, 109.686790466, 73.0659713745, 51.0796394348, 197.728713989, 12.4348287582, -19.0436553955, -62.26171875, -26.395734787, -28.6454925537], [-420.26763916, 128.053894043, -126.566978455, -64.8737030029, -11.2202425003, -54.4132041931, -9.12981891632, 12.4348287582, 153.478210449, 42.8230438232, 33.039855957, 25.4670200348, 33.4619216919], [-282.696502686, -44.3883705139, -64.9760360718, -100.323860168, -30.9034290314, -23.4746894836, -1.05470407009, -19.0436553955, 42.8230438232, 139.18737793, 53.6800918579, 19.3858890533, 5.36485815048], [-824.170959473, 117.731834412, -424.859649658, -407.985137939, -98.1184082031, -107.327018738, 9.98211765289, -62.26171875, 33.039855957, 53.6800918579, 206.033920288, 80.1292190552, 58.2269630432], [-597.616149902, -98.2390365601, -207.418701172, -282.678375244, -69.9730224609, -110.67288208, -56.5191993713, -26.395734787, 25.4670200348, 19.3858890533, 80.1292190552, 163.190490723, 84.2755203247], [-563.317504883, 41.6354827881, -200.446868896, -206.748291016, -54.44115448, -99.8416061401, -40.3748588562, -28.6454925537, 33.4619216919, 5.36485815048, 58.2269630432, 84.2755203247, 130.23197937]]}, "spectral_flux": {"min": 1.04051545158e-10, "max": 0.318803608418, "dvar2": 0.00285621499643, "median": 0.0449065342546, "dmean2": 0.0413530617952, "dmean": 0.026887267828, "var": 0.00347407371737, "dvar": 0.00136949971784, "mean": 0.0654218792915}, "silence_rate_30dB": {"min": 0, "max": 1, "dvar2": 0.00305662746541, "median": 1, "dmean2": 0.00257981289178, "dmean": 0.00128980248701, "var": 0.0012078222353, "dvar": 0.00128824275453, "mean": 0.998790919781}, "spectral_energyband_middle_high": {"min": 1.32345505276e-21, "max": 0.115886941552, "dvar2": 3.94633643737e-05, "median": 0.000694080721587, "dmean2": 0.00266295741312, "dmean": 0.00196645758115, "var": 0.000116625458759, "dvar": 2.45399969572e-05, "mean": 0.00495034689084}, "barkbands_spread": {"min": 1.21760952473, "max": 112.347015381, "dvar2": 353.269592285, "median": 19.3064308167, "dmean2": 14.1418857574, "dmean": 8.79646205902, "var": 408.216674805, "dvar": 144.492675781, "mean": 26.0906600952}, "spectral_centroid": {"min": 232.793914795, "max": 10781.1943359, "dvar2": 527403, "median": 1310.31689453, "dmean2": 558.577514648, "dmean": 353.248687744, "var": 600073.875, "dvar": 224166.546875, "mean": 1459.27685547}, "pitch_salience": {"min": 0.0477616973221, "max": 0.952481806278, "dvar2": 0.0168245136738, "median": 0.55676984787, "dmean2": 0.125690817833, "dmean": 0.0783377587795, "var": 0.0143088037148, "dvar": 0.00641240179539, "mean": 0.5533452034}, "erbbands_skewness": {"min": -8.59740161896, "max": 6.1382188797, "dvar2": 0.606295049191, "median": 0.474861383438, "dmean2": 0.715256929398, "dmean": 0.482987433672, "var": 1.08450782299, "dvar": 0.296956181526, "mean": 0.352489441633}, "erbbands_crest": {"min": 2.3433971405, "max": 31.4563674927, "dvar2": 17.5175228119, "median": 8.65996551514, "dmean2": 4.13073396683, "dmean": 2.68744707108, "var": 28.6785926819, "dvar": 7.87273406982, "mean": 10.0575990677}, "melbands": {"min": [8.24441135287e-24, 4.97344536331e-24, 2.20432870027e-23, 1.9504702633e-23, 4.65291973903e-24, 1.2455957499e-23, 6.80143645138e-24, 1.1266400219e-23, 8.07637845804e-24, 1.06759891074e-23, 1.97735811394e-23, 8.3757929812e-24, 7.53174731135e-24, 4.92241395135e-24, 8.79613988113e-24, 5.1521322191e-24, 4.97718771944e-24, 7.03207255879e-24, 8.05569689168e-24, 7.66446290346e-24, 1.26282462984e-23, 9.80084654065e-24, 6.91299952717e-24, 8.35626867379e-24, 1.44283385317e-23, 1.26308274513e-23, 4.80519198185e-24, 1.23056171765e-23, 1.35162338873e-23, 1.16650510774e-23, 1.62805050511e-23, 7.33934098112e-24, 1.37600565936e-23, 9.32822971714e-24, 1.22029137976e-23, 1.15429519754e-23, 1.07495637974e-23, 9.37225683312e-24, 1.15835002148e-23, 1.0424119231e-23], "max": [0.0111260237172, 0.0309819374233, 0.022514719516, 0.00802056025714, 0.0060474849306, 0.00513298111036, 0.00713945738971, 0.0173343438655, 0.012513956055, 0.00900720432401, 0.0107876183465, 0.0179472174495, 0.00979788787663, 0.0104201044887, 0.00777748646215, 0.00263345870189, 0.00455028610304, 0.00379218813032, 0.00367777701467, 0.00445862766355, 0.0041247527115, 0.00215392746031, 0.0014726096997, 0.000887604604941, 0.000392483576434, 0.000530999910552, 0.000637309683952, 0.000350232672645, 0.000262485147687, 0.000267202238319, 0.000298363476759, 0.000196680688532, 0.000363756815204, 0.0004125701671, 0.000418659939896, 0.000749983766582, 0.000495867221616, 0.000322681211401, 0.000252890837146, 0.000222686285269], "dvar2": [4.00895669372e-06, 2.02951432584e-05, 1.3318089259e-05, 1.12038867428e-06, 6.65800925503e-08, 6.43879189965e-08, 1.15299982895e-07, 4.54152228713e-07, 5.13552720349e-07, 2.32979743942e-07, 4.18169321392e-07, 3.63918047697e-07, 7.60428591207e-08, 1.0888925317e-07, 5.76208343261e-08, 2.03704821899e-08, 3.29776952412e-08, 2.32213555051e-08, 1.40455389541e-08, 1.77199925844e-08, 1.13280043124e-08, 2.92609336761e-09, 2.81460743601e-09, 1.552726836e-09, 6.23656903898e-10, 4.47554548977e-10, 5.86136472691e-10, 3.21863674602e-10, 1.49388862392e-10, 2.8281804676e-10, 2.32885294382e-10, 1.97514130051e-10, 1.72325653747e-10, 3.47421397207e-10, 3.44390238549e-10, 5.82690284912e-10, 2.85821311063e-10, 6.48210790599e-11, 4.25952398353e-11, 2.75708345043e-11], "median": [9.57435258897e-05, 0.000299803185044, 0.000334994401783, 0.000141594384331, 9.69471147982e-05, 7.74842264946e-05, 4.72958854516e-05, 2.91522792395e-05, 1.36827020469e-05, 1.32101404233e-05, 1.14144622785e-05, 5.22199525221e-06, 6.68068150844e-06, 4.95251106258e-06, 3.5445168578e-06, 2.72231773124e-06, 2.76651894637e-06, 1.93972641682e-06, 1.34322226586e-06, 2.18153354581e-06, 1.59762487328e-06, 1.45482295011e-06, 1.61086302342e-06, 1.75346474407e-06, 1.81678660738e-06, 1.39946178024e-06, 1.48006722611e-06, 1.64619336829e-06, 1.45552712638e-06, 8.48261720421e-07, 8.26888708616e-07, 9.27010546548e-07, 1.0241177506e-06, 1.08538074528e-06, 9.8843190699e-07, 8.80281504578e-07, 5.61342858418e-07, 2.7054960583e-07, 2.13178282138e-07, 1.6060174346e-07], "dmean2": [0.000698330695741, 0.00162224879023, 0.00129324232694, 0.000367588130757, 0.000125436316011, 0.000110063636384, 9.66138250078e-05, 0.000178759204573, 0.000158922368428, 0.00012210290879, 0.000173105552676, 0.000113734895422, 6.47981723887e-05, 7.40571631468e-05, 5.46014671272e-05, 3.38030476996e-05, 4.71526982437e-05, 3.59037512681e-05, 2.46829658863e-05, 2.51239944191e-05, 2.05304750125e-05, 1.4015290617e-05, 1.39024759847e-05, 1.13027190309e-05, 1.21169387057e-05, 8.11062091088e-06, 8.67879862199e-06, 7.60672764955e-06, 5.51757784706e-06, 7.09455889591e-06, 6.46512671665e-06, 5.58119791094e-06, 5.00458054375e-06, 6.4837604441e-06, 4.78013180327e-06, 4.83778694615e-06, 3.40891551787e-06, 1.97858821593e-06, 1.66761446962e-06, 1.29390139136e-06], "dmean": [0.000396768678911, 0.00091844756389, 0.000758669571951, 0.000210832004086, 8.35932441987e-05, 7.53716303734e-05, 6.40926664346e-05, 0.000119489857752, 0.000106187086203, 8.3382568846e-05, 0.000115891511086, 7.95719461166e-05, 4.75816159451e-05, 5.71498421778e-05, 4.12819208577e-05, 2.31666817854e-05, 3.29360664182e-05, 2.52316185652e-05, 1.62272990565e-05, 1.63396034623e-05, 1.38878140206e-05, 9.08651509235e-06, 8.98771031643e-06, 7.14682573744e-06, 7.50109802539e-06, 4.86662429466e-06, 5.36098968951e-06, 4.91215769216e-06, 3.50250138581e-06, 4.19241087002e-06, 3.92530955651e-06, 3.35433765031e-06, 3.26107169712e-06, 4.04148886446e-06, 3.15239481097e-06, 3.13970758725e-06, 2.30520663536e-06, 1.32818388465e-06, 1.0557398582e-06, 8.67449386988e-07], "var": [1.11304518668e-06, 5.37710684512e-06, 4.22205039285e-06, 3.16434551451e-07, 7.2135755147e-08, 9.84984538377e-08, 8.40439895455e-08, 5.07654192461e-07, 4.88636999307e-07, 2.26735210163e-07, 3.99440324372e-07, 4.8696841759e-07, 1.21355782312e-07, 2.36034622958e-07, 8.76384618209e-08, 2.56499141926e-08, 4.8473108194e-08, 2.76449281245e-08, 1.08235314045e-08, 1.45068410617e-08, 1.45224445802e-08, 2.64027422148e-09, 2.67688538003e-09, 1.02087682752e-09, 6.71601774194e-10, 2.37902780809e-10, 3.95459998082e-10, 3.21383947233e-10, 1.06060306371e-10, 1.37465233641e-10, 1.18670656635e-10, 1.04956092428e-10, 1.25659829764e-10, 2.3597843124e-10, 2.54328058613e-10, 2.93462254497e-10, 1.81914941444e-10, 4.34202604427e-11, 2.55326072784e-11, 1.86925822043e-11], "dvar": [1.42763053645e-06, 7.20544358046e-06, 5.01664453623e-06, 3.93929525444e-07, 2.92273387714e-08, 3.04377572036e-08, 4.77038355484e-08, 2.27067786795e-07, 2.40687654696e-07, 1.09022884942e-07, 1.92517006781e-07, 1.8839297411e-07, 4.55034694369e-08, 7.09567302692e-08, 3.18252943998e-08, 9.31812316196e-09, 1.70176353009e-08, 1.19128653608e-08, 6.89390811104e-09, 7.96681920434e-09, 6.33949692741e-09, 1.53200885311e-09, 1.3038313762e-09, 6.70793309787e-10, 2.68339794829e-10, 1.74537884146e-10, 2.55164528395e-10, 1.4344565813e-10, 6.50379611278e-11, 1.13108737654e-10, 9.53243109447e-11, 7.83156803297e-11, 7.57484283631e-11, 1.53917364965e-10, 1.6100097644e-10, 2.43562087165e-10, 1.35352590247e-10, 3.19362869483e-11, 1.99485948593e-11, 1.39279273878e-11], "mean": [0.000407348008594, 0.00101508537773, 0.000889949849807, 0.00030312128365, 0.000182621544809, 0.000166862082551, 0.000117707124446, 0.000197675690288, 0.000160179828526, 0.000136121554533, 0.000180158676812, 0.000134718589834, 8.34012462292e-05, 0.000105388593511, 7.27043952793e-05, 3.87427826354e-05, 6.02909713052e-05, 3.70151356037e-05, 2.0581888748e-05, 2.09021545743e-05, 1.82450276043e-05, 1.22232922877e-05, 1.3734451386e-05, 1.04514219856e-05, 1.15496395665e-05, 6.51555455988e-06, 7.51560037315e-06, 7.77724108048e-06, 5.14745806868e-06, 4.8238407544e-06, 4.65220546175e-06, 4.57247142549e-06, 5.10346353622e-06, 5.66933431401e-06, 4.80789958601e-06, 4.232496849e-06, 2.99606131193e-06, 1.72982970525e-06, 1.27972521113e-06, 1.0528515304e-06]}, "spectral_entropy": {"min": 5.94093990326, "max": 9.81687164307, "dvar2": 0.0948698818684, "median": 7.57003498077, "dmean2": 0.278644442558, "dmean": 0.202110141516, "var": 0.326047211885, "dvar": 0.0489638634026, "mean": 7.54995822906}, "spectral_rolloff": {"min": 21.533203125, "max": 18690.8203125, "dvar2": 5924860.5, "median": 1313.52539062, "dmean2": 1548.75891113, "dmean": 883.438232422, "var": 4617048, "dvar": 2405329.5, "mean": 2012.42773438}, "barkbands": {"min": [1.33853760626e-23, 2.12429039951e-23, 1.24986900942e-23, 4.45434917081e-23, 7.95511255088e-23, 5.49178961359e-23, 2.30542217191e-23, 5.96248650743e-23, 5.80520783777e-23, 1.19190811705e-22, 5.43591301796e-23, 4.46375996586e-23, 7.60697056292e-23, 5.55098510483e-23, 1.08410162844e-22, 1.53503623132e-22, 1.54298794924e-22, 1.96004987459e-22, 3.13057493862e-22, 3.880951801e-22, 5.70119696918e-22, 5.13741511961e-22, 6.88870601917e-22, 7.66977575544e-22, 1.33593617018e-21, 1.77562234861e-21, 2.62489550938e-21], "max": [0.00118840532377, 0.0607810169458, 0.0582930743694, 0.0630396381021, 0.0262191463262, 0.0313539393246, 0.0424067154527, 0.0747417658567, 0.0505751520395, 0.107182271779, 0.0599235072732, 0.0734002068639, 0.0509152263403, 0.0403401367366, 0.0481628328562, 0.0555371716619, 0.0260562412441, 0.0186874102801, 0.0112739671022, 0.011794578284, 0.00999881606549, 0.0108019886538, 0.0244897063822, 0.024722084403, 0.0187859646976, 0.00436278805137, 0.000788383302279], "dvar2": [1.18598917354e-08, 9.81481571216e-05, 6.81551900925e-05, 0.000100027325971, 1.18900734378e-05, 1.77337585683e-06, 5.50745926375e-06, 1.59307219292e-05, 1.08064914457e-05, 2.38367192651e-05, 4.25676762461e-06, 7.54386610424e-06, 2.49726963375e-06, 3.61120373782e-06, 3.0039984722e-06, 2.83182043859e-06, 8.69278437676e-07, 6.32683452295e-07, 2.82385741457e-07, 3.08229999746e-07, 3.79312382393e-07, 3.42380701568e-07, 1.26486679619e-06, 8.15599378257e-07, 2.79725554719e-07, 1.38009372819e-08, 2.29564187104e-10], "median": [3.24071079376e-05, 0.000410276115872, 0.00053630588809, 0.000508727156557, 0.000680113735143, 0.00040416920092, 0.000179655922693, 0.000113358939416, 7.65645963838e-05, 6.63431637804e-05, 4.41811425844e-05, 2.35463121498e-05, 3.24968968926e-05, 2.70691452897e-05, 2.07219127333e-05, 2.65698181465e-05, 2.8241882319e-05, 3.80505807698e-05, 4.13871675846e-05, 5.26219955646e-05, 4.08691194025e-05, 5.21849142388e-05, 6.21890940238e-05, 3.88878543163e-05, 1.70356524904e-05, 4.03438298235e-06, 2.48363448918e-07], "dmean2": [5.54106154596e-05, 0.00339478696696, 0.00317903840914, 0.00311229447834, 0.00132170051802, 0.000565362046473, 0.000574888661504, 0.00096835201839, 0.000843653571792, 0.00121384428348, 0.00049399107229, 0.000607351132203, 0.000365538086044, 0.000496800174005, 0.000360529258614, 0.000331159419147, 0.000255034829024, 0.000262420828221, 0.000243493064772, 0.000235103434534, 0.000269483745797, 0.000250215642154, 0.000313867320074, 0.000211485661566, 0.00012608448742, 3.76359275833e-05, 3.97945859731e-06], "dmean": [3.88725238736e-05, 0.0019294769736, 0.00178536190651, 0.00182849960402, 0.000774850719608, 0.000386454426916, 0.000373705755919, 0.000645139312837, 0.000567179347854, 0.000813167600427, 0.000356152449967, 0.000461721618194, 0.000253431993769, 0.000345999200363, 0.000235862287809, 0.000219470981392, 0.000167167250765, 0.000165587596712, 0.00014801879297, 0.000150008971104, 0.000163632881595, 0.000160209601745, 0.000202243259992, 0.000144718840602, 8.54964091559e-05, 2.56122457358e-05, 2.59449848272e-06], "var": [3.37645786885e-08, 2.65295948338e-05, 1.74770466401e-05, 2.98318682326e-05, 4.05786522606e-06, 2.38044981415e-06, 3.70522525373e-06, 1.64068023878e-05, 1.01313426057e-05, 2.73808946076e-05, 6.49890444038e-06, 1.70339826582e-05, 2.85312694359e-06, 4.6314607971e-06, 2.73795808425e-06, 3.28370742864e-06, 8.75831176472e-07, 5.83618941619e-07, 2.07622719017e-07, 2.77699200524e-07, 2.08408948765e-07, 2.67226454298e-07, 9.05252534267e-07, 5.81315816817e-07, 1.72009052335e-07, 1.04781650023e-08, 1.03737629598e-10], "dvar": [6.38594599423e-09, 3.49722831743e-05, 2.37589993048e-05, 3.75845702365e-05, 4.12320787291e-06, 8.15921396224e-07, 2.32713250625e-06, 7.46919613448e-06, 5.12779661221e-06, 1.15473376354e-05, 2.46758645517e-06, 4.63821788799e-06, 1.21004757148e-06, 1.83813574495e-06, 1.5114856069e-06, 1.40450549679e-06, 4.47798100822e-07, 2.81639785271e-07, 1.15273323331e-07, 1.3704094215e-07, 1.57562340064e-07, 1.53237252221e-07, 5.78541573759e-07, 4.0433360482e-07, 1.32299106781e-07, 6.80560185984e-09, 9.51183160014e-11], "mean": [0.000129421663587, 0.00194301398005, 0.00202165404335, 0.00189506879542, 0.00130418734625, 0.000864119792823, 0.000605109904427, 0.00100915634539, 0.000892899814062, 0.00131364201661, 0.000616418838035, 0.000879910599906, 0.000418698065914, 0.000590593903325, 0.000311000214424, 0.000286104419501, 0.000234348510276, 0.000248988508247, 0.000210695681744, 0.000240534864133, 0.000199310670723, 0.000247428397415, 0.000303671462461, 0.00019343389431, 0.000102346828498, 2.83776116703e-05, 2.55808072325e-06]}, "melbands_flatness_db": {"min": 0.00559227820486, "max": 0.472778588533, "dvar2": 0.00242698099464, "median": 0.193870261312, "dmean2": 0.0441588759422, "dmean": 0.0282817520201, "var": 0.00360917532817, "dvar": 0.000912280112971, "mean": 0.197596341372}, "melbands_skewness": {"min": -2.22250533104, "max": 24.683298111, "dvar2": 4.15313196182, "median": 2.4693813324, "dmean2": 1.48949730396, "dmean": 0.966326057911, "var": 5.49243879318, "dvar": 1.60136961937, "mean": 2.96534490585}, "barkbands_skewness": {"min": -5.58605194092, "max": 16.1513271332, "dvar2": 1.44282627106, "median": 1.26923942566, "dmean2": 0.988917469978, "dmean": 0.637799680233, "var": 2.00823736191, "dvar": 0.580795884132, "mean": 1.54339897633}, "silence_rate_60dB": {"min": 0, "max": 1, "dvar2": 0.0950475856662, "median": 0, "dmean2": 0.0928732678294, "dmean": 0.046432889998, "var": 0.195150151849, "dvar": 0.0442811697721, "mean": 0.265758514404}, "spectral_energyband_low": {"min": 5.69220509082e-23, "max": 0.114459000528, "dvar2": 0.000309946684865, "median": 0.00179570796899, "dmean2": 0.00746821751818, "dmean": 0.00433621462435, "var": 9.6470801509e-05, "dvar": 0.000113338515803, "mean": 0.00514235673472}, "spectral_energyband_middle_low": {"min": 3.96643125408e-22, "max": 0.0901285335422, "dvar2": 0.000174705666723, "median": 0.00376030709594, "dmean2": 0.00581553485245, "dmean": 0.00366789731197, "var": 0.000101718753285, "dvar": 6.92806934239e-05, "mean": 0.00709444936365}, "melbands_kurtosis": {"min": -1.95704555511, "max": 935.422363281, "dvar2": 1831.20056152, "median": 8.01337337494, "dmean2": 18.6761741638, "dmean": 11.2523574829, "var": 1054.08312988, "dvar": 662.146972656, "mean": 19.9387626648}, "spectral_decrease": {"min": -3.56101956811e-08, "max": 1.10085944973e-29, "dvar2": 3.263544823e-17, "median": -2.15780504575e-09, "dmean2": 3.08949688055e-09, "dmean": 1.94107996343e-09, "var": 2.4391746393e-17, "dvar": 1.29290099909e-17, "mean": -4.07715416983e-09}, "erbbands_kurtosis": {"min": -1.84071838856, "max": 112.19443512, "dvar2": 11.3484888077, "median": 0.190239548683, "dmean2": 2.01698446274, "dmean": 1.32521438599, "var": 11.4009952545, "dvar": 5.6324505806, "mean": 0.979582548141}, "melbands_crest": {"min": 2.14737415314, "max": 38.8415489197, "dvar2": 29.6826534271, "median": 13.4091348648, "dmean2": 5.51772689819, "dmean": 3.46039843559, "var": 27.9054889679, "dvar": 11.7067775726, "mean": 14.3225317001}, "melbands_spread": {"min": 0.620132148266, "max": 283.270568848, "dvar2": 620.596557617, "median": 19.6215457916, "dmean2": 16.0763244629, "dmean": 10.055513382, "var": 663.624145508, "dvar": 295.284851074, "mean": 26.3819522858}, "spectral_energy": {"min": 1.08267238918e-20, "max": 0.140942946076, "dvar2": 0.000509730423801, "median": 0.00904480461031, "dmean2": 0.0124580683187, "dmean": 0.00792386010289, "var": 0.000419230113039, "dvar": 0.000205102958716, "mean": 0.0170926880091}, "mfcc": {"mean": [-702.864013672, 92.1592712402, 10.8810815811, 16.0236797333, -9.54920578003, 0.713319301605, -8.66345882416, 1.60939753056, -9.50590324402, 0.15857809782, -3.40516281128, -0.404197901487, -0.630006849766], "icov": [[0.000117370960652, 4.48426108051e-05, 1.24158641484e-05, -5.98304868618e-05, -9.28860754357e-06, -2.78740844806e-05, -3.4329121263e-05, -0.000193732630578, 7.47367012082e-05, -0.000167110192706, 1.31702281578e-05, 9.22531471588e-05, 0.00013847280934], [4.48426108051e-05, 0.0010043218499, 0.000363101949915, -0.00019041816995, 0.000311475305352, -0.000102159996459, -0.000159520976013, -0.00018386283773, 4.11304354202e-05, -0.000319123791996, 9.74753056653e-05, -0.000292508542771, -0.00014543470752], [1.24158641484e-05, 0.000363101949915, 0.00161929149181, -0.00138065160718, 0.000262483896222, -0.000440269388491, -0.000212213664781, 0.000345538166584, -0.000334879703587, 0.000206826065551, 0.000400188204367, -0.000457560352515, 0.000529914628714], [-5.98304868618e-05, -0.00019041816995, -0.00138065160718, 0.00332256616093, -0.00196130992845, -0.000355307012796, 0.000116999988677, -0.000405822327593, -0.000565948721487, -0.000136582937557, -3.79568809876e-05, 0.000466199941002, -0.000580734864343], [-9.28860754357e-06, 0.000311475305352, 0.000262483896222, -0.00196130992845, 0.00547634810209, -0.000655616109725, 0.000246921001235, -0.00112754793372, -0.00132235628553, -0.000198375986656, -0.000195458269445, 0.00113996909931, 0.000770815822762], [-2.78740844806e-05, -0.000102159996459, -0.000440269388491, -0.000355307012796, -0.000655616109725, 0.00541989132762, -0.00220757187344, 0.000685307371896, -0.00079917506082, -0.000215419291635, -0.00154015736189, 3.1989915442e-05, 0.00123893329874], [-3.4329121263e-05, -0.000159520976013, -0.000212213664781, 0.000116999988677, 0.000246921001235, -0.00220757187344, 0.00612185336649, -0.00227728881873, 0.000903383072, -0.0015451060608, -0.000962971767876, 0.00145466963295, -0.000940685917158], [-0.000193732630578, -0.00018386283773, 0.000345538166584, -0.000405822327593, -0.00112754793372, 0.000685307371896, -0.00227728881873, 0.00820468273014, -0.00184286443982, -0.00055396737298, 0.00113327067811, -0.000669743749313, 0.00140901410487], [7.47367012082e-05, 4.11304354202e-05, -0.000334879703587, -0.000565948721487, -0.00132235628553, -0.00079917506082, 0.000903383072, -0.00184286443982, 0.00830646883696, -0.000914264644962, -0.000997017137706, -9.53232593019e-05, -0.00130231981166], [-0.000167110192706, -0.000319123791996, 0.000206826065551, -0.000136582937557, -0.000198375986656, -0.000215419291635, -0.0015451060608, -0.00055396737298, -0.000914264644962, 0.0100531131029, -0.00311849848367, 0.0011209610384, 0.00026707892539], [1.31702281578e-05, 9.74753056653e-05, 0.000400188204367, -3.79568809876e-05, -0.000195458269445, -0.00154015736189, -0.000962971767876, 0.00113327067811, -0.000997017137706, -0.00311849848367, 0.012409247458, -0.00514540309086, 0.000614419404883], [9.22531471588e-05, -0.000292508542771, -0.000457560352515, 0.000466199941002, 0.00113996909931, 3.1989915442e-05, 0.00145466963295, -0.000669743749313, -9.53232593019e-05, 0.0011209610384, -0.00514540309086, 0.0144239142537, -0.00487028062344], [0.00013847280934, -0.00014543470752, 0.000529914628714, -0.000580734864343, 0.000770815822762, 0.00123893329874, -0.000940685917158, 0.00140901410487, -0.00130231981166, 0.00026707892539, 0.000614419404883, -0.00487028062344, 0.0126662552357]], "cov": [[12172.5058594, -811.736022949, 1411.33898926, 1536.1895752, 982.536010742, 734.204528809, 634.300292969, 676.548828125, 351.647003174, 438.524627686, 56.1374397278, -359.442871094, -404.792388916], [-811.736022949, 1271.34521484, -599.683776855, -361.346435547, -242.38684082, -111.165489197, -18.9032878876, -41.5324249268, -88.1313552856, 8.40252494812, 15.6711578369, 74.1582794189, 79.3493728638], [1411.33898926, -599.683776855, 1855.05249023, 1216.76196289, 585.992675781, 457.004302979, 237.340393066, 195.261123657, 293.000030518, 101.648429871, 24.3497047424, -109.763038635, -143.997543335], [1536.1895752, -361.346435547, 1216.76196289, 1311.78991699, 644.128051758, 418.008666992, 237.458953857, 242.703994751, 295.778503418, 133.647705078, 37.1127357483, -121.936027527, -122.246109009], [982.536010742, -242.38684082, 585.992675781, 644.128051758, 542.948303223, 255.100402832, 148.284637451, 173.583084106, 190.433670044, 91.5679550171, 24.3233203888, -92.71434021, -93.9789733887], [734.204528809, -111.165489197, 457.004302979, 418.008666992, 255.100402832, 408.09487915, 202.031295776, 108.255378723, 128.824539185, 94.8748092651, 63.8353385925, -50.8212127686, -73.1299362183], [634.300292969, -18.9032878876, 237.340393066, 237.458953857, 148.284637451, 202.031295776, 309.580566406, 124.133430481, 65.9408874512, 96.1513366699, 44.5250167847, -47.3466529846, -41.4088859558], [676.548828125, -41.5324249268, 195.261123657, 242.703994751, 173.583084106, 108.255378723, 124.133430481, 218.683944702, 91.3261871338, 62.8953514099, 8.44247627258, -41.066204071, -49.3107223511], [351.647003174, -88.1313552856, 293.000030518, 295.778503418, 190.433670044, 128.824539185, 65.9408874512, 91.3261871338, 211.325790405, 54.3457221985, 30.3435554504, -21.5381240845, -22.1764640808], [438.524627686, 8.40252494812, 101.648429871, 133.647705078, 91.5679550171, 94.8748092651, 96.1513366699, 62.8953514099, 54.3457221985, 151.205032349, 46.2523384094, -21.5044059753, -25.643699646], [56.1374397278, 15.6711578369, 24.3497047424, 37.1127357483, 24.3233203888, 63.8353385925, 44.5250167847, 8.44247627258, 30.3435554504, 46.2523384094, 118.543785095, 33.6958122253, 4.24304008484], [-359.442871094, 74.1582794189, -109.763038635, -121.936027527, -92.71434021, -50.8212127686, -47.3466529846, -41.066204071, -21.5381240845, -21.5044059753, 33.6958122253, 116.664916992, 56.9107818604], [-404.792388916, 79.3493728638, -143.997543335, -122.246109009, -93.9789733887, -73.1299362183, -41.4088859558, -49.3107223511, -22.1764640808, -25.643699646, 4.24304008484, 56.9107818604, 119.925704956]]}, "spectral_contrast_valleys": {"min": [-27.4605426788, -27.2105026245, -27.2828330994, -27.0483818054, -27.2117061615, -27.1928806305], "max": [-5.43954944611, -5.11667108536, -5.36103200912, -6.24894618988, -5.57271194458, -6.73877573013], "dvar2": [0.384182006121, 0.225388363004, 0.245181396604, 0.299356490374, 0.493331372738, 0.408775925636], "median": [-7.64353704453, -7.3052520752, -8.25942707062, -8.7089138031, -8.02622032166, -10.0834236145], "dmean2": [0.69462454319, 0.532501220703, 0.540292978287, 0.534109950066, 0.523074388504, 0.510726511478], "dmean": [0.435202866793, 0.335828691721, 0.346343576908, 0.341991633177, 0.344888299704, 0.406064420938], "var": [3.82219624519, 1.32975161076, 1.18649601936, 1.2545620203, 1.75476515293, 2.55547571182], "dvar": [0.165669828653, 0.10090199858, 0.119257360697, 0.13794746995, 0.216066494584, 0.244890332222], "mean": [-8.4401807785, -7.47987127304, -8.34951305389, -8.81244182587, -8.2699174881, -10.3789901733]}, "barkbands_flatness_db": {"min": 0.0184018742293, "max": 0.360222488642, "dvar2": 0.0014557139948, "median": 0.133865147829, "dmean2": 0.0365895070136, "dmean": 0.0237260255963, "var": 0.00301163410768, "dvar": 0.000565309252124, "mean": 0.143435388803}, "dynamic_complexity": 5.42010641098, "spectral_skewness": {"min": -0.711728692055, "max": 4.02133989334, "dvar2": 0.106257595122, "median": 1.24131321907, "dmean2": 0.31830072403, "dmean": 0.207820430398, "var": 0.372417330742, "dvar": 0.04904730618, "mean": 1.31895828247}, "erbbands_flatness_db": {"min": 0.038639690727, "max": 0.378188490868, "dvar2": 0.000764784519561, "median": 0.150387063622, "dmean2": 0.0275161731988, "dmean": 0.0203149802983, "var": 0.0045354636