{"lowlevel": {"spectral_complexity": {"min": 0, "max": 14, "dvar2": 4.13971042633, "median": 6, "dmean2": 2.2106924057, "dmean": 1.27495074272, "var": 6.99443674088, "dvar": 1.50549042225, "mean": 5.29205274582}, "silence_rate_20dB": {"min": 1, "max": 1, "dvar2": 0, "median": 1, "dmean2": 0, "dmean": 0, "var": 0, "dvar": 0, "mean": 1}, "average_loudness": 0.639865458012, "erbbands_spread": {"min": 0.327358394861, "max": 144.637985229, "dvar2": 82.6432723999, "median": 17.0780277252, "dmean2": 10.3650960922, "dmean": 6.24849653244, "var": 252.942123413, "dvar": 31.5361156464, "mean": 20.6822185516}, "spectral_kurtosis": {"min": -1.27250063419, "max": 344.484680176, "dvar2": 2762.65209961, "median": 24.3814926147, "dmean2": 43.0417556763, "dmean": 25.8937168121, "var": 1243.37438965, "dvar": 1036.32788086, "mean": 37.1883926392}, "barkbands_kurtosis": {"min": -1.4498705864, "max": 657.287597656, "dvar2": 3834.51098633, "median": 24.3674926758, "dmean2": 41.7001190186, "dmean": 24.5211524963, "var": 3364.08203125, "dvar": 1328.5057373, "mean": 45.2404975891}, "spectral_strongpeak": {"min": 0, "max": 92.1149749756, "dvar2": 11.8239679337, "median": 0.624880611897, "dmean2": 0.749863982201, "dmean": 0.441067039967, "var": 2.32154130936, "dvar": 3.96130204201, "mean": 0.779377102852}, "spectral_spread": {"min": 502853.1875, "max": 42713276, "dvar2": 1784732975100.0, "median": 2955716, "dmean2": 1536898.625, "dmean": 952461.25, "var": 2869656551420.0, "dvar": 845932396544, "mean": 3234685.75}, "spectral_rms": {"min": 1.11442872708e-08, "max": 0.0164077244699, "dvar2": 4.42961481895e-06, "median": 0.00458743656054, "dmean2": 0.00201509031467, "dmean": 0.00124585046433, "var": 7.85426618677e-06, "dvar": 1.69698103036e-06, "mean": 0.00467975437641}, "erbbands": {"min": [7.88774088905e-14, 3.16352602751e-13, 7.26290447055e-13, 1.46062361425e-12, 2.78860116422e-12, 4.16549216994e-12, 5.66656704198e-12, 6.69261781411e-12, 5.00890561667e-12, 3.45425424375e-12, 3.7341904742e-12, 4.68738286033e-12, 2.48770535421e-12, 1.18552979933e-11, 6.75718578314e-11, 9.54825801758e-11, 1.36278627272e-10, 5.74534794739e-11, 3.04409657204e-11, 1.67913877247e-11, 2.78542102577e-11, 5.59041493653e-11, 2.11610971801e-11, 4.0420545383e-11, 8.58567453244e-11, 3.23729515417e-10, 1.8385931666e-10, 3.3025732149e-10, 3.80007553202e-10, 2.16337697756e-10, 1.88148663316e-10, 1.07587168341e-10, 1.89581392251e-10, 1.55809254387e-10, 1.13952958181e-10, 6.97213953238e-11, 4.77258926823e-11, 1.31565392261e-11, 2.89573204824e-12, 5.87571603785e-13], "max": [0.915712654591, 2.14091467857, 26.6161212921, 471.847717285, 545.63873291, 179.218185425, 30.3374404907, 68.8559951782, 850.351379395, 1703.72668457, 272.2784729, 34.2207221985, 19.2185897827, 11.4655075073, 10.5640974045, 8.65668296814, 17.3064899445, 69.8284378052, 60.8938140869, 9.67140197754, 5.03330993652, 4.54547595978, 4.08500623703, 3.62837147713, 3.18942546844, 2.77331829071, 2.37634372711, 2.0150103569, 1.67626297474, 1.3615115881, 1.07427322865, 0.817850589752, 0.593390345573, 0.403880119324, 0.252289563417, 0.140008226037, 0.0655384138227, 0.0237373225391, 0.00602255621925, 0.00641485583037], "dvar2": [0.00642746686935, 0.0561571530998, 17.3351039886, 3063.52661133, 5278.88183594, 210.371887207, 6.15049552917, 32.809677124, 4424.56445312, 20536.9726562, 684.712768555, 10.1433525085, 2.84239554405, 1.67874968052, 1.26663446426, 1.22629868984, 5.21217679977, 92.4787521362, 32.0485954285, 0.858763635159, 0.364341765642, 0.278493374586, 0.217061772943, 0.168069198728, 0.129186987877, 0.0973122492433, 0.0715770944953, 0.0512679480016, 0.0354329124093, 0.0234150718898, 0.0146029684693, 0.00846272520721, 0.00445961300284, 0.00206968793646, 0.000810410478152, 0.000251033139648, 5.56641316507e-05, 7.50340996092e-06, 4.71745806863e-07, 5.93820857375e-07], "median": [0.026852697134, 0.104874543846, 1.2164170742, 13.5446367264, 16.551399231, 3.34940075874, 1.00481784344, 2.10623812675, 12.4291524887, 20.1890239716, 6.29162073135, 0.907357931137, 0.279545992613, 0.170533046126, 0.169820651412, 0.383863866329, 1.65829753876, 4.51310062408, 3.50362610817, 0.574689626694, 0.0944434925914, 0.0512813068926, 0.042785577476, 0.0363812297583, 0.0315190292895, 0.0271946694702, 0.0231920238584, 0.0195927191526, 0.0162342004478, 0.0133915189654, 0.0106777073815, 0.00832535792142, 0.00615997845307, 0.00433785654604, 0.002902188804, 0.00173754431307, 0.000909325026441, 0.00040515064029, 0.000300153187709, 0.00109484104905], "dmean2": [0.0660770088434, 0.182611614466, 2.82724523544, 36.6653633118, 44.8249397278, 8.04718399048, 1.77095270157, 3.74714565277, 34.7510261536, 65.4602890015, 12.8833961487, 1.76218187809, 0.960318088531, 0.755758106709, 0.66307502985, 0.709563434124, 1.76716220379, 6.13258504868, 4.20979642868, 0.678045332432, 0.3596355021, 0.311298787594, 0.274354547262, 0.241471409798, 0.211519092321, 0.183523193002, 0.157404392958, 0.13324084878, 0.110746309161, 0.090026602149, 0.0710760354996, 0.0540974363685, 0.0392700918019, 0.0267516560853, 0.0167456939816, 0.00932916067541, 0.00440691085532, 0.00163652410265, 0.00044040492503, 0.00065480323974], "dmean": [0.0373693183064, 0.104843147099, 1.65535104275, 22.5712203979, 26.7700386047, 4.88060569763, 1.10193216801, 2.24059820175, 20.3880939484, 37.9239006042, 7.69222831726, 1.08393001556, 0.594614624977, 0.464739441872, 0.406302154064, 0.431706935167, 1.03529429436, 3.55003380775, 2.45281982422, 0.404305875301, 0.219833120704, 0.190482795238, 0.167694881558, 0.147467881441, 0.129124969244, 0.111976228654, 0.0960398986936, 0.0812687799335, 0.0675572678447, 0.054919783026, 0.0433681644499, 0.0330159217119, 0.0239754598588, 0.0163417365402, 0.0102375326678, 0.00571462186053, 0.00270665250719, 0.00100815738551, 0.000274144578725, 0.000394541886635], "var": [0.00348536507227, 0.0260833092034, 10.0532636642, 2277.27856445, 2866.64941406, 130.700897217, 4.32130527496, 20.6590576172, 2543.29125977, 11429.8603516, 450.664031982, 6.99639511108, 1.56073141098, 0.86984026432, 0.639107465744, 0.659180998802, 4.13503980637, 60.3795127869, 25.1369514465, 0.604142725468, 0.17595551908, 0.132329300046, 0.102872736752, 0.0796174928546, 0.0610133782029, 0.0459830388427, 0.0338243693113, 0.0242359079421, 0.0167608801275, 0.0110851759091, 0.0069192298688, 0.00401534233242, 0.00212006107904, 0.000987022882327, 0.000388446816942, 0.000121377634059, 2.73505065707e-05, 3.82867710869e-06, 3.16953276069e-07, 8.36141737182e-07], "dvar": [0.00229018437676, 0.0201453696936, 6.15691566467, 1221.70495605, 1897.2409668, 79.0915756226, 2.61584568024, 12.215256691, 1601.78039551, 7250.4609375, 241.574264526, 4.00320672989, 1.19925320148, 0.705989301205, 0.53186583519, 0.495471268892, 1.82804739475, 32.4100952148, 11.5262489319, 0.330236256123, 0.150787189603, 0.115631058812, 0.09017136693, 0.0698603317142, 0.053635854274, 0.0404262170196, 0.0297345854342, 0.0213029105216, 0.0147242667153, 0.0097313253209, 0.00606867065653, 0.00351731688716, 0.00185361516196, 0.000860416912474, 0.000337048986694, 0.000104452541564, 2.31937683566e-05, 3.14205726681e-06, 2.01834751579e-07, 2.14880827798e-07], "mean": [0.044444963336, 0.148513406515, 2.3572371006, 31.522644043, 37.0581970215, 7.38160133362, 1.66190814972, 3.52299237251, 29.9528045654, 55.4810256958, 12.8261728287, 1.72281074524, 0.715370595455, 0.51293861866, 0.451168745756, 0.623504042625, 2.11948418617, 6.66725254059, 4.74309301376, 0.758705437183, 0.243198916316, 0.188364729285, 0.163311198354, 0.142830878496, 0.12473718822, 0.108031071723, 0.0926031470299, 0.0783763751388, 0.0652190372348, 0.0531168840826, 0.0420639626682, 0.032126519829, 0.0234444923699, 0.016102001071, 0.010200961493, 0.00579025689512, 0.00281982938759, 0.00111227540765, 0.000457171088783, 0.00119757431094]}, "zerocrossingrate": {"min": 0, "max": 0.5185546875, "dvar2": 0.00138928729575, "median": 0.0986328125, "dmean2": 0.0414104685187, "dmean": 0.0300959423184, "var": 0.00340330507606, "dvar": 0.000807799107861, "mean": 0.105921983719}, "spectral_contrast_coeffs": {"min": [-0.977169156075, -0.969935178757, -0.984616577625, -0.986011862755, -0.977612435818, -0.964052379131], "max": [-0.280845016241, -0.390479892492, -0.740184187889, -0.645646214485, -0.830871641636, -0.817081928253], "dvar2": [0.00747271068394, 0.00567803345621, 0.00175294675864, 0.00299592129886, 0.00151607347652, 0.000440460134996], "median": [-0.547647476196, -0.723888456821, -0.90149974823, -0.796201586723, -0.956024944782, -0.865210056305], "dmean2": [0.110547572374, 0.095438413322, 0.051974426955, 0.0672605410218, 0.0413160696626, 0.0197571031749], "dmean": [0.0659580305219, 0.05731138587, 0.0310601387173, 0.0413079336286, 0.0236125029624, 0.0122350445017], "var": [0.018910754472, 0.00892945192754, 0.00125925824977, 0.00459006568417, 0.000689150299877, 0.00025115389144], "dvar": [0.0026780825574, 0.00202613929287, 0.000639812031295, 0.00116549863014, 0.000567797105759, 0.000169997889316], "mean": [-0.573536217213, -0.725574731827, -0.897500991821, -0.805914759636, -0.944055378437, -0.867189705372]}, "dissonance": {"min": 0.144278541207, "max": 0.500000119209, "dvar2": 0.0058024590835, "median": 0.440115123987, "dmean2": 0.0845877826214, "dmean": 0.0489898137748, "var": 0.00313180941157, "dvar": 0.00204804679379, "mean": 0.426502406597}, "spectral_energyband_high": {"min": 9.90599204227e-14, "max": 0.000313004973577, "dvar2": 1.28711574732e-09, "median": 4.3218378778e-06, "dmean2": 2.1145271603e-05, "dmean": 1.29823556563e-05, "var": 6.27992324809e-10, "dvar": 5.35517907796e-10, "mean": 1.3479876543e-05}, "gfcc": {"mean": [-172.099716187, 135.322402954, -39.6238174438, -3.78811740875, -25.0457324982, -5.64525747299, -34.1066551208, -22.8929538727, 0.580173611641, 10.9343185425, -8.42822360992, -31.1265907288, -25.3036937714], "icov": [[0.000309724331601, -0.000299289968098, 0.000512340979185, 0.000284272769932, 0.000482381146867, -0.000416609836975, 0.00239177676849, -0.00249610864557, 0.00259911525063, 2.65229573415e-05, -0.00154166214634, 0.00298857456073, -0.000730373489205], [-0.000299289968098, 0.00530258752406, -0.00547790713608, 0.00332737411372, 0.00132730335463, -0.00613142270595, 0.00691953022033, -0.0049355449155, -0.00398035766557, 0.0126759819686, -0.0160029027611, 0.0129618011415, -0.00569364614785], [0.000512340979185, -0.00547790713608, 0.0127681540325, -0.00349814258516, -0.00492150569335, 0.0110158268362, -0.00999635830522, 0.00561267696321, 0.00557285733521, -0.0126700308174, 0.0153512526304, -0.0119200302288, 0.00830753613263], [0.000284272769932, 0.00332737411372, -0.00349814258516, 0.0108824865893, -0.00349931279197, -0.00312135741115, 0.00870666094124, -0.0128175672144, 0.0078873289749, 0.00961064174771, -0.0134388608858, 0.00792687013745, -0.000922450912185], [0.000482381146867, 0.00132730335463, -0.00492150569335, -0.00349931279197, 0.0313525274396, -0.0372407697141, 0.0198429245502, 0.0154595309868, -0.0354154072702, 0.0329907462001, -0.0126617830247, 0.00204580160789, 0.000157530274009], [-0.000416609836975, -0.00613142270595, 0.0110158268362, -0.00312135741115, -0.0372407697141, 0.0851507112384, -0.0687600150704, 0.000828255899251, 0.0793310552835, -0.101308643818, 0.0546269342303, -0.0021553998813, -0.0125921536237], [0.00239177676849, 0.00691953022033, -0.00999635830522, 0.00870666094124, 0.0198429245502, -0.0687600150704, 0.106773421168, -0.0447801463306, -0.0516187697649, 0.110237948596, -0.0831368342042, 0.0291192401201, 0.00553041091189], [-0.00249610864557, -0.0049355449155, 0.00561267696321, -0.0128175672144, 0.0154595309868, 0.000828255899251, -0.0447801463306, 0.0767996534705, -0.0492083318532, -0.0144201181829, 0.0602648332715, -0.0751849338412, 0.0306092780083], [0.00259911525063, -0.00398035766557, 0.00557285733521, 0.0078873289749, -0.0354154072702, 0.0793310552835, -0.0516187697649, -0.0492083318532, 0.160079479218, -0.138521805406, 0.0233990475535, 0.0714598745108, -0.0521743632853], [2.65229573415e-05, 0.0126759819686, -0.0126700308174, 0.00961064174771, 0.0329907462001, -0.101308643818, 0.110237948596, -0.0144201181829, -0.138521805406, 0.222661331296, -0.133114084601, 0.00313934753649, 0.0350960977376], [-0.00154166214634, -0.0160029027611, 0.0153512526304, -0.0134388608858, -0.0126617830247, 0.0546269342303, -0.0831368342042, 0.0602648332715, 0.0233990475535, -0.133114084601, 0.155913636088, -0.0849861204624, 0.0158041343093], [0.00298857456073, 0.0129618011415, -0.0119200302288, 0.00792687013745, 0.00204580160789, -0.0021553998813, 0.0291192401201, -0.0751849338412, 0.0714598745108, 0.00313934753649, -0.0849861204624, 0.143989622593, -0.080295830965], [-0.000730373489205, -0.00569364614785, 0.00830753613263, -0.000922450912185, 0.000157530274009, -0.0125921536237, 0.00553041091189, 0.0306092780083, -0.0521743632853, 0.0350960977376, 0.0158041343093, -0.080295830965, 0.0819489583373]], "cov": [[30535.3085938, 4104.91748047, -743.041992188, -1502.40991211, -671.806335449, -552.248779297, -1553.59289551, -1015.94921875, -637.560241699, -254.132736206, -572.73651123, -1654.36450195, -791.099975586], [4104.91748047, 1967.98144531, 247.93309021, -699.681335449, 207.916442871, -113.386230469, -325.738128662, -472.234283447, 160.994033813, 134.123947144, 27.1708183289, -560.682495117, -188.698944092], [-743.041992188, 247.93309021, 226.564987183, -28.6129436493, 104.104743958, 2.88779568672, 7.80430984497, -64.2176208496, 44.3602333069, 17.6462841034, 15.0082931519, -45.3885383606, -15.6651210785], [-1502.40991211, -699.681335449, -28.6129436493, 435.139190674, -44.2029495239, 75.7154769897, 132.103424072, 182.858856201, -119.49055481, -100.010177612, -31.7515106201, 218.776229858, 67.5409240723], [-671.806335449, 207.916442871, 104.104743958, -44.2029495239, 234.521972656, 71.3706436157, -18.7541561127, -138.917572021, 40.0151405334, 30.3405303955, 14.5216779709, -82.0539474487, -9.64024353027], [-552.248779297, -113.386230469, 2.88779568672, 75.7154769897, 71.3706436157, 93.6581726074, 51.7420539856, 12.8795795441, -28.2541751862, -12.1118297577, -3.37974452972, 36.151676178, 16.9840755463], [-1553.59289551, -325.738128662, 7.80430984497, 132.103424072, -18.7541561127, 51.7420539856, 149.048294067, 140.513183594, 15.1814537048, -11.7309894562, 22.9121398926, 134.050842285, 51.2793426514], [-1015.94921875, -472.234283447, -64.2176208496, 182.858856201, -138.917572021, 12.8795795441, 140.513183594, 243.123764038, -4.74171113968, -22.5538234711, 7.14979219437, 188.861907959, 58.9698982239], [-637.560241699, 160.994033813, 44.3602333069, -119.49055481, 40.0151405334, -28.2541751862, 15.1814537048, -4.74171113968, 143.120742798, 100.843566895, 65.8239212036, -31.9867630005, -0.11400488019], [-254.132736206, 134.123947144, 17.6462841034, -100.010177612, 30.3405303955, -12.1118297577, -11.7309894562, -22.5538234711, 100.843566895, 101.868293762, 69.4664230347, -23.6671466827, -4.57394742966], [-572.73651123, 27.1708183289, 15.0082931519, -31.7515106201, 14.5216779709, -3.37974452972, 22.9121398926, 7.14979219437, 65.8239212036, 69.4664230347, 77.2295761108, 34.5051040649, 21.2131919861], [-1654.36450195, -560.682495117, -45.3885383606, 218.776229858, -82.0539474487, 36.151676178, 134.050842285, 188.861907959, -31.9867630005, -23.6671466827, 34.5051040649, 240.968139648, 98.7110290527], [-791.099975586, -188.698944092, -15.6651210785, 67.5409240723, -9.64024353027, 16.9840755463, 51.2793426514, 58.9698982239, -0.11400488019, -4.57394742966, 21.2131919861, 98.7110290527, 66.0463409424]]}, "spectral_flux": {"min": 8.66638220032e-06, "max": 0.332446187735, "dvar2": 0.00294804945588, "median": 0.0767537355423, "dmean2": 0.049200642854, "dmean": 0.028588488698, "var": 0.00271716201678, "dvar": 0.00101321365219, "mean": 0.0821010097861}, "silence_rate_30dB": {"min": 0, "max": 1, "dvar2": 0.0700905844569, "median": 1, "dmean2": 0.0607614926994, "dmean": 0.0303747542202, "var": 0.0307402983308, "dvar": 0.0294494684786, "mean": 0.9682508111}, "spectral_energyband_middle_high": {"min": 1.22325813148e-14, "max": 0.0023784134537, "dvar2": 6.35277288552e-08, "median": 0.000236397012486, "dmean2": 0.000199431568035, "dmean": 0.000119737480418, "var": 6.4914551956e-08, "dvar": 2.40577548993e-08, "mean": 0.000284909532638}, "barkbands_spread": {"min": 0.213691905141, "max": 69.5955581665, "dvar2": 13.970208168, "median": 3.70531463623, "dmean2": 3.40919613838, "dmean": 2.02456188202, "var": 9.11198806763, "dvar": 5.22140598297, "mean": 4.38840675354}, "spectral_centroid": {"min": 156.666030884, "max": 10872.7890625, "dvar2": 40277.390625, "median": 299.939941406, "dmean2": 122.547592163, "dmean": 74.1741333008, "var": 366537.75, "dvar": 28501.5957031, "mean": 431.27746582}, "pitch_salience": {"min": 0.0101853124797, "max": 0.932018280029, "dvar2": 0.0195307191461, "median": 0.416058093309, "dmean2": 0.168171703815, "dmean": 0.100527539849, "var": 0.0218472946435, "dvar": 0.00703922240064, "mean": 0.399803936481}, "erbbands_skewness": {"min": -2.01770424843, "max": 8.51504039764, "dvar2": 1.09508943558, "median": 1.22861397266, "dmean2": 1.06303870678, "dmean": 0.64899033308, "var": 1.12005257607, "dvar": 0.410448879004, "mean": 1.32324850559}, "erbbands_crest": {"min": 2.23722720146, "max": 32.3626976013, "dvar2": 29.1486186981, "median": 13.8048400879, "dmean2": 6.5603852272, "dmean": 3.90356349945, "var": 31.4939632416, "dvar": 10.532998085, "mean": 14.3947534561}, "melbands": {"min": [6.88517242741e-16, 3.97680592307e-16, 2.908034838e-16, 2.53434798917e-16, 1.99434516236e-16, 1.50300808413e-16, 7.28764185284e-17, 3.5177427192e-17, 3.19887220312e-17, 2.88818713551e-17, 1.04305374204e-17, 3.53403983163e-17, 1.78138427111e-16, 2.86443011127e-16, 2.29154520075e-16, 3.06694774803e-16, 7.69994572783e-17, 4.59953746523e-17, 3.39065965297e-17, 1.47342158725e-17, 3.67989195683e-17, 6.92555048801e-17, 2.07718336333e-17, 2.05453366923e-17, 3.07951533469e-17, 5.95735675684e-17, 8.61246689505e-17, 2.53281724182e-16, 1.23797359252e-16, 7.18512638167e-17, 2.57789633527e-16, 2.61758776978e-16, 9.81888599566e-17, 1.38409458451e-16, 9.83308173846e-17, 1.06052475611e-16, 4.65878477291e-17, 1.29095894444e-16, 1.49409729753e-16, 1.18950570553e-16], "max": [0.00600941199809, 0.00923913624138, 0.0799056962132, 0.023968514055, 0.00159565673675, 0.00176144577563, 0.0166647620499, 0.0149588854983, 0.00177308626007, 0.000175696171937, 9.1316178441e-05, 4.72601277579e-05, 3.53950417775e-05, 2.72558027063e-05, 2.35571278608e-05, 6.37910707155e-05, 0.00015083096514, 0.000104861544969, 2.12679296965e-05, 7.2739026109e-06, 5.53491190658e-06, 4.75449451187e-06, 4.03432932217e-06, 3.40547217093e-06, 2.88702108264e-06, 2.45382193498e-06, 2.08360870602e-06, 1.77881906893e-06, 1.51724373154e-06, 1.3022361145e-06, 1.12114412332e-06, 9.65769004324e-07, 8.37128538933e-07, 7.23337450381e-07, 6.28820941984e-07, 5.48931211597e-07, 4.80228266042e-07, 4.21933094685e-07, 3.7234420347e-07, 3.29658689679e-07], "dvar2": [3.09647191443e-07, 2.27692817134e-06, 9.35773641686e-05, 9.365094229e-06, 1.36152058516e-08, 2.0314086413e-08, 1.43529518937e-06, 1.80541690042e-06, 2.51301095489e-08, 2.43639414199e-10, 6.64184471311e-11, 2.78824168615e-11, 1.46246886129e-11, 9.61679867684e-12, 1.03760116818e-11, 6.41330044626e-11, 4.27216567678e-10, 1.32818825382e-10, 5.72734524737e-12, 7.47617137468e-13, 4.56158331594e-13, 3.07702810714e-13, 2.13421836627e-13, 1.49648224585e-13, 1.06309594103e-13, 7.6261351021e-14, 5.51200930602e-14, 3.99909767031e-14, 2.9173783208e-14, 2.14498642508e-14, 1.58568599603e-14, 1.17779041931e-14, 8.81609001568e-15, 6.62230644602e-15, 5.00662328639e-15, 3.8072148922e-15, 2.92034937357e-15, 2.25557398788e-15, 1.75615224487e-15, 1.37994425541e-15], "median": [0.000236185165704, 0.000393565627746, 0.00277899717912, 0.000648559827823, 3.54338044417e-05, 4.15937975049e-05, 0.000218281391426, 0.000204785043024, 3.31362898578e-05, 3.16001160172e-06, 1.16553701446e-06, 6.72283931635e-07, 5.04419801928e-07, 6.42683403385e-07, 1.49709467223e-06, 4.80842345496e-06, 8.43643829285e-06, 6.25355005468e-06, 1.32767445393e-06, 1.78467786327e-07, 7.32465252895e-08, 5.20068859089e-08, 4.27689954563e-08, 3.48685524898e-08, 2.87191799231e-08, 2.43089335328e-08, 2.05531645037e-08, 1.74524359409e-08, 1.47321488342e-08, 1.25417312091e-08, 1.08905409135e-08, 9.34634325489e-09, 8.15478173877e-09, 7.11445524715e-09, 6.2526726019e-09, 5.49002932004e-09, 4.9072452768e-09, 4.35929603526e-09, 3.89905840947e-09, 3.55482021597e-09], "dmean2": [0.000466354074888, 0.00102072628215, 0.00667720660567, 0.00173012667801, 8.00187845016e-05, 9.05407214304e-05, 0.000616138160694, 0.00062081735814, 7.28430968593e-05, 8.8895785666e-06, 4.65123821414e-06, 3.080613169e-06, 2.24572841034e-06, 1.88526757938e-06, 2.25542521548e-06, 6.01828196523e-06, 1.30603948492e-05, 8.45310751174e-06, 1.74031526967e-06, 5.31197542841e-07, 3.99943843377e-07, 3.27098319985e-07, 2.71894634807e-07, 2.27943090181e-07, 1.92035287228e-07, 1.62599818054e-07, 1.38105662018e-07, 1.17653918608e-07, 1.00492044908e-07, 8.61707647459e-08, 7.41040508956e-08, 6.38598791625e-08, 5.52348957683e-08, 4.78696620121e-08, 4.16191419106e-08, 3.62866963144e-08, 3.17779900172e-08, 2.79291967331e-08, 2.46400926329e-08, 2.18447198108e-08], "dmean": [0.000267461931799, 0.000584184599575, 0.00408394541591, 0.00103491509799, 4.91085629619e-05, 5.35315848538e-05, 0.000359701050911, 0.00036056022509, 4.37936578237e-05, 5.44657859791e-06, 2.87427155854e-06, 1.89196782685e-06, 1.37885149343e-06, 1.14776867122e-06, 1.3553245708e-06, 3.50280447492e-06, 7.54051734475e-06, 4.93031575388e-06, 1.01040870959e-06, 3.23689050674e-07, 2.44347120315e-07, 2.00209072432e-07, 1.66326216799e-07, 1.39245045716e-07, 1.1726531568e-07, 9.92580879711e-08, 8.42982430527e-08, 7.17755384017e-08, 6.13123347648e-08, 5.25748227176e-08, 4.51964083936e-08, 3.89545284918e-08, 3.36912755472e-08, 2.92050739148e-08, 2.53932519456e-08, 2.21427782776e-08, 1.93947453653e-08, 1.70498815066e-08, 1.50470018667e-08, 1.33448470052e-08], "var": [1.74909260409e-07, 1.06248035081e-06, 6.89200824127e-05, 4.85049304189e-06, 8.3389206651e-09, 1.14834284304e-08, 8.25653557968e-07, 1.02817034531e-06, 1.58489950053e-08, 1.39213321426e-10, 3.5555454414e-11, 1.43688836871e-11, 7.37535379991e-12, 4.81963123924e-12, 6.23548521844e-12, 4.53205563355e-11, 2.61289823111e-10, 9.64777979728e-11, 3.55841441382e-12, 3.67816779638e-13, 2.15632524857e-13, 1.46008828942e-13, 1.01171566784e-13, 7.08894003069e-14, 5.03526867012e-14, 3.6046788113e-14, 2.60206488517e-14, 1.88988873108e-14, 1.37832131911e-14, 1.01409918467e-14, 7.49564527201e-15, 5.57184540748e-15, 4.17013124065e-15, 3.13551628272e-15, 2.37123930144e-15, 1.80535840048e-15, 1.38565865731e-15, 1.07174178844e-15, 8.35723151584e-16, 6.58262549354e-16], "dvar": [1.11390967561e-07, 7.64718720347e-07, 3.69116969523e-05, 3.27641191689e-06, 5.60509016978e-09, 7.37926963978e-09, 5.12448195877e-07, 6.38385301954e-07, 8.84189788053e-09, 1.0149521501e-10, 2.80208981018e-11, 1.17071378633e-11, 6.14583384184e-12, 3.96280751269e-12, 3.91082999318e-12, 2.2258502333e-11, 1.49730852717e-10, 4.78493321354e-11, 2.03815111489e-12, 3.06414399062e-13, 1.8867878451e-13, 1.2772712033e-13, 8.86401547865e-14, 6.218608934e-14, 4.41896106024e-14, 3.16774364172e-14, 2.28783158596e-14, 1.66169297289e-14, 1.21191424273e-14, 8.91284320111e-15, 6.58873725978e-15, 4.89463536637e-15, 3.66353226984e-15, 2.75211423068e-15, 2.08034637626e-15, 1.58255040711e-15, 1.21369794589e-15, 9.3749140734e-16, 7.2994461834e-16, 5.7367445111e-16], "mean": [0.000354280055035, 0.000762026291341, 0.00588024919853, 0.00147805490997, 6.65412153467e-05, 7.66440352891e-05, 0.000531961733941, 0.000539489730727, 6.88970321789e-05, 7.10553467798e-06, 3.28291116602e-06, 2.06866116059e-06, 1.48728861404e-06, 1.38295365559e-06, 2.2018934942e-06, 6.48658124192e-06, 1.3275002857e-05, 8.89766488399e-06, 1.77414028713e-06, 3.85449538953e-07, 2.46783429247e-07, 1.96439657429e-07, 1.62147884453e-07, 1.35061270612e-07, 1.13483530129e-07, 9.58856105626e-08, 8.13906950725e-08, 6.92096620014e-08, 5.91052646826e-08, 5.06980732951e-08, 4.35830038725e-08, 3.75944928521e-08, 3.2544505757e-08, 2.82543179964e-08, 2.46079263633e-08, 2.15149160709e-08, 1.88738464857e-08, 1.6647046408e-08, 1.47531711292e-08, 1.31549917626e-08]}, "spectral_entropy": {"min": 3.82224154472, "max": 9.79817771912, "dvar2": 0.556223928928, "median": 6.08622741699, "dmean2": 0.895954012871, "dmean": 0.554340779781, "var": 0.731293439865, "dvar": 0.216506451368, "mean": 6.19351673126}, "spectral_rolloff": {"min": 21.533203125, "max": 22050, "dvar2": 63231136, "median": 430.6640625, "dmean2": 2351.40283203, "dmean": 1193.36486816, "var": 13500709, "dvar": 21292964, "mean": 1020.14599609}, "barkbands": {"min": [1.79503116303e-15, 1.8030811524e-15, 6.51857233268e-16, 5.7511927756e-16, 1.19265478874e-15, 8.08087007614e-16, 2.96265813989e-16, 1.48680460855e-16, 2.04923475023e-16, 8.31683585284e-17, 1.00190985117e-15, 2.38553764111e-15, 2.99014255908e-15, 5.67490263562e-16, 5.26007566124e-16, 3.06021463019e-16, 9.94832361495e-16, 3.87207744599e-16, 1.17987401448e-15, 5.9161609124e-15, 5.25147721803e-15, 9.33846963381e-15, 7.95615082741e-15, 7.99225221865e-15, 1.45482990889e-14, 2.32652337337e-14, 3.11896877412e-14], "max": [0.0114133898169, 0.0123140430078, 0.0404595471919, 0.240564137697, 0.0879502147436, 0.00586621370167, 0.0978890508413, 0.0259973052889, 0.00130314566195, 0.000478452770039, 0.000252825178904, 0.000223643583013, 0.000483411480673, 0.00141027022619, 0.00087973754853, 8.98165526451e-05, 7.96111053205e-05, 7.34111599741e-05, 6.6474385676e-05, 5.87701397308e-05, 5.42709422007e-05, 4.60523260699e-05, 3.87312247767e-05, 3.70032284991e-05, 3.57705648639e-05, 3.53382492904e-05, 0.000198402587557], "dvar2": [1.31923127356e-06, 1.86103011401e-06, 4.03940211982e-05, 0.000783330353443, 0.000126465645735, 2.80724549384e-07, 6.11303403275e-05, 6.62039792587e-06, 1.32946160747e-08, 2.108025976e-09, 7.85447873408e-10, 7.26980364796e-10, 4.14698764217e-09, 3.5052103442e-08, 3.61618779365e-09, 1.30534250076e-10, 8.59514612261e-11, 6.99307001195e-11, 5.61360229134e-11, 4.37012197263e-11, 3.72954792049e-11, 2.67283885996e-11, 1.89948716478e-11, 1.73325520603e-11, 1.62699263784e-11, 1.61581303892e-11, 6.53147924634e-10], "median": [0.000479294074466, 0.000547482108232, 0.00126055814326, 0.00654981378466, 0.00139417522587, 0.000145961981616, 0.00128113012761, 0.000415869872086, 2.29284105444e-05, 6.33645322523e-06, 3.50360301127e-06, 6.45139516564e-06, 3.71606693079e-05, 9.74255090114e-05, 2.61875902652e-05, 1.59802016242e-06, 8.64922014898e-07, 7.58782789489e-07, 6.60224429794e-07, 5.79123820899e-07, 5.25825669229e-07, 4.47851448371e-07, 3.82819365541e-07, 3.81524074555e-07, 3.96491032006e-07, 4.75716944948e-07, 1.91919443751e-05], "dmean2": [0.00096310605295, 0.00112841522787, 0.00417666044086, 0.0190272442997, 0.00557090388611, 0.000337581062922, 0.0038759065792, 0.00118282798212, 6.59662400722e-05, 2.66616789304e-05, 1.64734847203e-05, 1.69005088537e-05, 4.86534554511e-05, 0.000128569023218, 3.99006457883e-05, 6.84116230332e-06, 5.46491264686e-06, 4.92340268465e-06, 4.41190923084e-06, 3.88858279621e-06, 3.59369209946e-06, 3.04136710838e-06, 2.56370299212e-06, 2.44796797233e-06, 2.37225526689e-06, 2.37216386267e-06, 1.93045380001e-05], "dmean": [0.000596762576606, 0.000640086596832, 0.00238065165468, 0.0116355149075, 0.00326935364865, 0.000202926137717, 0.00225301785395, 0.000709260173608, 4.0477985749e-05, 1.6395437342e-05, 1.01102905319e-05, 1.02628619061e-05, 2.83194003714e-05, 7.4892253906e-05, 2.30401219596e-05, 4.19055595557e-06, 3.3452374737e-06, 3.0102769415e-06, 2.69159909294e-06, 2.37281824411e-06, 2.19198432205e-06, 1.85634667105e-06, 1.56340729518e-06, 1.49476431943e-06, 1.4493011804e-06, 1.4561981061e-06, 1.13820769911e-05], "var": [9.29275699946e-07, 9.23916047668e-07, 1.7906224457e-05, 0.000565151218325, 5.47079835087e-05, 1.50517223574e-07, 3.50805203198e-05, 3.90138347939e-06, 7.68623742431e-09, 1.12151032905e-09, 3.96659816104e-10, 3.67718161476e-10, 2.70453548445e-09, 2.55575560715e-08, 2.0758350594e-09, 6.2795636746e-11, 4.07948536063e-11, 3.31681800081e-11, 2.64985863113e-11, 2.06469511627e-11, 1.76202785002e-11, 1.26625931962e-11, 8.9858962285e-12, 8.23769524816e-12, 7.77145708897e-12, 7.90353026081e-12, 5.79279846313e-10], "dvar": [5.60435523767e-07, 6.52245887522e-07, 1.35176751428e-05, 0.000311744312057, 4.2887924792e-05, 1.04946771273e-07, 2.16446132981e-05, 2.40967438003e-06, 5.58204416024e-09, 8.90672480214e-10, 3.30431543238e-10, 2.9725508166e-10, 1.43361034155e-09, 1.22708723183e-08, 1.28577126723e-09, 5.39650442388e-11, 3.5681423094e-11, 2.90607520687e-11, 2.33134865579e-11, 1.8151617362e-11, 1.54938388508e-11, 1.11098370087e-11, 7.89228925269e-12, 7.20484956418e-12, 6.76431350169e-12, 6.73005878457e-12, 2.31066096812e-10], "mean": [0.000791113183368, 0.000820813409518, 0.00285245664418, 0.015888446942, 0.00414805719629, 0.000277823070064, 0.00329064251855, 0.00103302928619, 5.23102462466e-05, 1.83997090062e-05, 1.07879941424e-05, 1.27788152895e-05, 5.04870658915e-05, 0.000143201381434, 3.8132075133e-05, 4.48100445283e-06, 3.28086844092e-06, 2.92720505968e-06, 2.5978326903e-06, 2.28936914937e-06, 2.11291853702e-06, 1.79425046554e-06, 1.5138012941e-06, 1.45834678733e-06, 1.43423187637e-06, 1.50321068304e-06, 2.47854532063e-05]}, "melbands_flatness_db": {"min": 0.0269572194666, "max": 0.756089806557, "dvar2": 0.0086058517918, "median": 0.417114138603, "dmean2": 0.113555446267, "dmean": 0.0700283944607, "var": 0.00657805847004, "dvar": 0.00326623907313, "mean": 0.422716408968}, "melbands_skewness": {"min": -4.16912508011, "max": 39.2122459412, "dvar2": 6.09214925766, "median": 3.15887069702, "dmean2": 2.4300661087, "dmean": 1.46160137653, "var": 14.5966444016, "dvar": 2.09633660316, "mean": 3.95714139938}, "barkbands_skewness": {"min": -3.01366829872, "max": 22.0098438263, "dvar2": 4.69575929642, "median": 3.28617143631, "dmean2": 2.3714838028, "dmean": 1.41699397564, "var": 10.0227985382, "dvar": 1.68341803551, "mean": 4.01406383514}, "silence_rate_60dB": {"min": 0, "max": 1, "dvar2": 0.0407245866954, "median": 0, "dmean2": 0.0331426300108, "dmean": 0.0165680479258, "var": 0.129200428724, "dvar": 0.0162936951965, "mean": 0.152435421944}, "spectral_energyband_low": {"min": 3.61710808807e-15, "max": 0.155800998211, "dvar2": 0.000402636476792, "median": 0.00609455816448, "dmean2": 0.0132506145164, "dmean": 0.00809563975781, "var": 0.000298233528156, "dvar": 0.000158066075528, "mean": 0.0122969700024}, "spectral_energyband_middle_low": {"min": 3.24294928307e-15, "max": 0.254728227854, "dvar2": 0.00104514427949, "median": 0.0160080380738, "dmean2": 0.0237706471235, "dmean": 0.0145336547866, "var": 0.000809558085166, "dvar": 0.000402990262955, "mean": 0.0246967393905}, "melbands_kurtosis": {"min": -1.53070569038, "max": 2384.41357422, "dvar2": 14410.1640625, "median": 18.0423316956, "dmean2": 45.7277336121, "dmean": 26.8969459534, "var": 9283.21972656, "dvar": 4747.41699219, "mean": 46.4956665039}, "spectral_decrease": {"min": -7.17364372349e-08, "max": -3.12334493376e-22, "dvar2": 8.01540859065e-17, "median": -5.01465047265e-09, "dmean2": 6.63678800805e-09, "dmean": 4.08056566314e-09, "var": 6.59287829798e-17, "dvar": 3.11176148194e-17, "mean": -7.377050526e-09}, "erbbands_kurtosis": {"min": -1.87511634827, "max": 148.226715088, "dvar2": 119.650115967, "median": 2.65145301819, "dmean2": 6.38745450974, "dmean": 3.8003988266, "var": 84.252166748, "dvar": 46.2756652832, "mean": 4.83209323883}, "melbands_crest": {"min": 4.96738624573, "max": 39.8330154419, "dvar2": 44.8462371826, "median": 22.2676715851, "dmean2": 8.31718444824, "dmean": 4.89419126511, "var": 52.4963378906, "dvar": 16.3874816895, "mean": 22.481798172}, "melbands_spread": {"min": 0.126428037882, "max": 190.802749634, "dvar2": 22.6011638641, "median": 3.43723154068, "dmean2": 3.06135082245, "dmean": 1.82310581207, "var": 19.3864898682, "dvar": 9.76254653931, "mean": 4.11434316635}, "spectral_energy": {"min": 1.27300012437e-13, "max": 0.275943756104, "dvar2": 0.00122187205125, "median": 0.0215706862509, "dmean2": 0.0260119698942, "dmean": 0.0159753523767, "var": 0.00103997380938, "dvar": 0.000472225627163, "mean": 0.0304983723909}, "mfcc": {"mean": [-829.847290039, 185.673400879, 40.008102417, 17.426410675, 21.3213348389, 19.3136692047, -9.56985759735, -24.3573436737, -8.86386203766, 16.3405094147, 18.638753891, 3.75102758408, -6.62440919876], "icov": [[0.000442365038907, -0.000807502481621, 0.00105660152622, -0.00130501447711, 0.00214895815589, -0.00248763081618, 0.0043694791384, -0.00514163356274, 0.00508854165673, -0.00456118071452, 0.00521610490978, -0.00322283688001, 0.00233258749358], [-0.000807502481621, 0.00337314675562, -0.00478396657854, 0.00329664652236, -0.00235954020172, 0.000182662057341, 0.000695063499734, 0.00150306604337, 0.00329796900041, -0.0060048927553, 0.0011762236245, -0.00106908194721, 0.000960146833677], [0.00105660152622, -0.00478396657854, 0.0152080627158, -0.0128704849631, 0.00698325876147, 0.00430095242336, -0.0219255778939, 0.0364580638707, -0.046392057091, 0.0431899800897, -0.026902070269, 0.0122861843556, -0.00561164366081], [-0.00130501447711, 0.00329664652236, -0.0128704849631, 0.0340612567961, -0.0404748879373, 0.0269278623164, 0.0191001668572, -0.0827600806952, 0.11973092705, -0.111028626561, 0.0764703676105, -0.0413513034582, 0.0143364369869], [0.00214895815589, -0.00235954020172, 0.00698325876147, -0.0404748879373, 0.109205774963, -0.140928804874, 0.0911403149366, 0.0449503101408, -0.18813611567, 0.238797530532, -0.184120580554, 0.0945513322949, -0.0233755148947], [-0.00248763081618, 0.000182662057341, 0.00430095242336, 0.0269278623164, -0.140928804874, 0.298459410667, -0.341352939606, 0.181079894304, 0.122726820409, -0.342767030001, 0.352796465158, -0.217293485999, 0.0729755014181], [0.0043694791384, 0.000695063499734, -0.0219255778939, 0.0191001668572, 0.0911403149366, -0.341352939606, 0.586454391479, -0.575149059296, 0.267383158207, 0.11459133029, -0.310993671417, 0.26817035675, -0.0971546024084], [-0.00514163356274, 0.00150306604337, 0.0364580638707, -0.0827600806952, 0.0449503101408, 0.181079894304, -0.575149059296, 0.940346121788, -0.961194038391, 0.636240899563, -0.206703782082, -0.0560476109385, 0.0626565366983], [0.00508854165673, 0.00329796900041, -0.046392057091, 0.11973092705, -0.18813611567, 0.122726820409, 0.267383158207, -0.961194038391, 1.59064376354, -1.6993200779, 1.26083934307, -0.599539577961, 0.144392818213], [-0.00456118071452, -0.0060048927553, 0.0431899800897, -0.111028626561, 0.238797530532, -0.342767030001, 0.11459133029, 0.636240899563, -1.6993200779, 2.45071387291, -2.29866361618, 1.4239834547, -0.476289123297], [0.00521610490978, 0.0011762236245, -0.026902070269, 0.0764703676105, -0.184120580554, 0.352796465158, -0.310993671417, -0.206703782082, 1.26083934307, -2.29866361618, 2.55542516708, -1.81757640839, 0.684186160564], [-0.00322283688001, -0.00106908194721, 0.0122861843556, -0.0413513034582, 0.0945513322949, -0.217293485999, 0.26817035675, -0.0560476109385, -0.599539577961, 1.4239834547, -1.81757640839, 1.47621822357, -0.620905041695], [0.00233258749358, 0.000960146833677, -0.00561164366081, 0.0143364369869, -0.0233755148947, 0.0729755014181, -0.0971546024084, 0.0626565366983, 0.144392818213, -0.476289123297, 0.684186160564, -0.620905041695, 0.317224383354]], "cov": [[12492.8173828, 3450.51904297, -10.1606369019, 183.04234314, -116.522499084, -81.9317321777, -478.159118652, -567.851379395, -388.150939941, -33.8892288208, -68.6621398926, -312.823913574, -473.186889648], [3450.51904297, 3258.36523438, 412.190368652, -183.794204712, 289.027557373, 315.336914062, -380.860443115, -769.959594727, -327.500823975, 282.859069824, 316.072814941, -44.3252296448, -230.143463135], [-10.1606369019, 412.190368652, 218.324905396, 43.7085571289, 54.4463005066, 36.8018722534, -25.7889690399, -68.5973739624, -26.8656158447, 33.50025177, 49.8074874878, 21.0037841797, -1.87604320049], [183.04234314, -183.794204712, 43.7085571289, 161.774124146, 11.2790689468, -31.4823417664, 38.1913070679, 86.7921676636, 20.9294166565, -49.3024711609, -46.2199935913, -3.42046189308, 4.74108886719], [-116.522499084, 289.027557373, 54.4463005066, 11.2790689468, 157.279098511, 141.625030518, -4.08524179459, -100.245109558, -44.2485656738, 37.3096847534, 36.6651725769, -19.0220909119, -42.1587677002], [-81.9317321777, 315.336914062, 36.8018722534, -31.4823417664, 141.625030518, 171.434707642, 17.8867092133, -106.09274292, -54.5323638916, 40.7265701294, 41.5256347656, -25.0327415466, -53.4356956482], [-478.159118652, -380.860443115, -25.7889690399, 38.1913070679, -4.08524179459, 17.8867092133, 107.322113037, 127.4845047, 43.7180480957, -43.9675216675, -47.7910118103, -4.70133209229, 13.7194452286], [-567.851379395, -769.959594727, -68.5973739624, 86.7921676636, -100.245109558, -106.09274292, 127.4845047, 262.74911499, 115.656074524, -85.4387512207, -102.056106567, 7.74973630905, 59.8945884705], [-388.150939941, -327.500823975, -26.8656158447, 20.9294166565, -44.2485656738, -54.5323638916, 43.7180480957, 115.656074524, 75.1038589478, -9.58655548096, -29.1867656708, 10.1147089005, 36.422328949], [-33.8892288208, 282.859069824, 33.50025177, -49.3024711609, 37.3096847534, 40.7265701294, -43.9675216675, -85.4387512207, -9.58655548096, 74.4997406006, 72.898727417, 17.8280887604, -7.10881662369], [-68.6621398926, 316.072814941, 49.8074874878, -46.2199935913, 36.6651725769, 41.5256347656, -47.7910118103, -102.056106567, -29.1867656708, 72.898727417, 93.971282959, 41.5609512329, 2.59650325775], [-312.823913574, -44.3252296448, 21.0037841797, -3.42046189308, -19.0220909119, -25.0327415466, -4.70133209229, 7.74973630905, 10.1147089005, 17.8280887604, 41.5609512329, 56.0342941284, 46.5485267639], [-473.186889648, -230.143463135, -1.87604320049, 4.74108886719, -42.1587677002, -53.4356956482, 13.7194452286, 59.8945884705, 36.422328949, -7.10881662369, 2.59650325775, 46.5485267639, 66.896194458]]}, "spectral_contrast_valleys": {"min": [-27.4817314148, -26.869594574, -27.1833992004, -27.2014789581, -27.1562652588, -27.2630195618], "max": [-5.78669595718, -4.89947080612, -6.16874933243, -6.71277761459, -6.77014446259, -9.24009513855], "dvar2": [0.336013495922, 0.264631927013, 0.67688959837, 0.35873451829, 1.37984979153, 1.04972934723], "median": [-7.4943614006, -6.86671304703, -8.48246002197, -8.61177444458, -9.22967815399, -11.5977230072], "dmean2": [0.723772704601, 0.614374876022, 1.02210640907, 0.690108954906, 1.37306010723, 1.17282068729], "dmean": [0.428386330605, 0.385777980089, 0.650378465652, 0.44017469883, 0.858350932598, 0.745635986328], "var": [3.15745353699, 3.82420182228, 3.52516102791, 3.19111990929, 2.89056038857, 2.50983262062], "dvar": [0.152325227857, 0.129763454199, 0.290106266737, 0.167704179883, 0.539036333561, 0.41445428133], "mean": [-7.93244981766, -7.42262125015, -8.89061164856, -9.09711170197, -9.58497047424, -11.9239711761]}, "barkbands_flatness_db": {"min": 0.079192712903, "max": 0.573778808117, "dvar2": 0.00595821160823, "median": 0.287451177835, "dmean2": 0.0956750661135, "dmean": 0.0587700158358, "var": 0.00489969551563, "dvar": 0.00226266612299, "mean": 0.290520966053}, "dynamic_complexity": 7.68453550339, "spectral_skewness": {"min": 0.00637270323932, "max": 14.6160392761, "dvar2": 6.45518112183, "median": 3.9991877079, "dmean2": 2.5176243782, "dmean": 1.54554843903, "var": 4.14464521408, "dvar": 2.45032119751, "mean": 4.48566389084}, "erbbands_flatness_db": {"min": 0.0303392801434, "max": 0.492635250092, "dvar2": 0.00517383031547, "median": 0.240094080567, "dmean2": 0.0858086794615, "dmean": 0.0534135401249, "var": 0.00652226712555, "dvar": 0.00197490630671, "mean": 0.235419690609}, "hfc": {"min": 1.39048528247e-09, "max": 226.097503662, "dvar2": 656.484191895, "median": 24.1171302795, "dmean2": 20.064529