{"lowlevel": {"spectral_complexity": {"min": 0, "max": 53, "dvar2": 13.3017721176, "median": 7, "dmean2": 3.51901435852, "dmean": 2.30761361122, "var": 29.0330162048, "dvar": 6.56512641907, "mean": 8.3094625473}, "silence_rate_20dB": {"min": 0, "max": 1, "dvar2": 0.0527823232114, "median": 1, "dmean2": 0.0422919504344, "dmean": 0.0211441721767, "var": 0.015358270146, "dvar": 0.0206948872656, "mean": 0.984398961067}, "average_loudness": 0.938059091568, "erbbands_spread": {"min": 1.53284788132, "max": 132.261154175, "dvar2": 261.677001953, "median": 22.1757011414, "dmean2": 15.6653413773, "dmean": 10.0525503159, "var": 351.75289917, "dvar": 114.819046021, "mean": 27.1498432159}, "spectral_kurtosis": {"min": 2.02900791168, "max": 244.148086548, "dvar2": 350.669586182, "median": 12.7857227325, "dmean2": 11.6258163452, "dmean": 7.20135736465, "var": 168.752563477, "dvar": 128.088317871, "mean": 16.3416976929}, "barkbands_kurtosis": {"min": -1.82278239727, "max": 1302.96618652, "dvar2": 4197.0859375, "median": 29.0642471313, "dmean2": 39.7706031799, "dmean": 25.144985199, "var": 3056.04370117, "dvar": 1720.2677002, "mean": 45.256072998}, "spectral_strongpeak": {"min": 0, "max": 193.152572632, "dvar2": 1118.18847656, "median": 0.362758874893, "dmean2": 10.967540741, "dmean": 5.91183996201, "var": 457.65222168, "dvar": 430.712127686, "mean": 5.53781700134}, "spectral_spread": {"min": 779352, "max": 9524980, "dvar2": 1239539908610.0, "median": 4373884, "dmean2": 1252078.5, "dmean": 792372.125, "var": 1260068143100.0, "dvar": 481220788224, "mean": 4340979.5}, "spectral_rms": {"min": 1.52624757277e-08, "max": 0.0307542458177, "dvar2": 1.15703987831e-05, "median": 0.00807855650783, "dmean2": 0.00282193813473, "dmean": 0.00199982873164, "var": 1.85972075997e-05, "dvar": 5.79126344746e-06, "mean": 0.00856602191925}, "erbbands": {"min": [9.48838345405e-15, 4.58910151904e-14, 1.29047841206e-13, 2.73820625462e-13, 5.38450469108e-13, 8.97124171825e-13, 1.01158122677e-12, 1.23098352258e-12, 5.61325508644e-12, 1.84195540764e-11, 2.6061852329e-11, 1.0851493315e-11, 1.25114285252e-11, 4.20951433433e-11, 2.81517604367e-11, 2.10958906594e-11, 1.06600735184e-11, 3.99895325187e-11, 2.09862873607e-11, 2.29762250892e-11, 3.57468915579e-11, 6.76134981337e-11, 1.93291133099e-10, 1.83715084812e-10, 8.93741303187e-10, 7.97202137637e-10, 5.94981786062e-10, 8.02178379278e-10, 4.43669101458e-10, 7.15767611847e-10, 8.68421612399e-10, 1.29553234807e-09, 6.14623019146e-10, 9.24322215989e-11, 1.16035368813e-10, 1.04332868733e-10, 6.72950861702e-11, 2.30692149411e-11, 6.38995367036e-12, 4.70351730654e-13], "max": [28.7547340393, 119.965148926, 183.66734314, 356.144805908, 624.715148926, 910.547241211, 600.920349121, 819.450073242, 867.246887207, 1299.28930664, 949.238037109, 452.535125732, 442.017425537, 374.729553223, 511.84664917, 468.736419678, 167.522994995, 543.841003418, 299.930114746, 489.112518311, 839.21862793, 1351.97436523, 611.715637207, 754.338012695, 467.872009277, 481.559417725, 772.405273438, 607.46862793, 775.690551758, 296.874938965, 51.0097618103, 13.7566566467, 2.88495898247, 2.00394535065, 1.27185225487, 0.705183088779, 2.8716545105, 5.13778305054, 1.11253130436, 0.407034605742], "dvar2": [11.5459022522, 87.2052612305, 267.188201904, 2005.09851074, 1895.18688965, 2294.83837891, 2240.47216797, 4750.86572266, 4268.71875, 5244.73876953, 3095.48217773, 760.068725586, 499.486450195, 649.61151123, 313.710998535, 146.438079834, 55.7736625671, 201.673858643, 76.2291717529, 184.039047241, 532.224487305, 864.851806641, 371.54864502, 241.15196228, 181.726318359, 117.975975037, 281.542297363, 155.334899902, 64.816986084, 12.621008873, 0.86921107769, 0.161901921034, 0.0575378127396, 0.0252302568406, 0.00993791408837, 0.003153356025, 0.00183646578807, 0.00393746420741, 0.00100956950337, 6.50874862913e-05], "median": [0.49538320303, 2.13925051689, 4.76408004761, 7.32705307007, 10.4064598083, 9.34932041168, 7.9643201828, 8.86095905304, 7.90695095062, 7.1536359787, 4.05094480515, 2.868881464, 2.65751886368, 2.24458646774, 1.63702344894, 1.05051922798, 0.891154408455, 0.966792345047, 1.00751757622, 0.909660339355, 0.881578326225, 0.701125383377, 0.509890496731, 0.546902537346, 0.54416000843, 0.509113132954, 0.434465527534, 0.339425384998, 0.263438999653, 0.179437875748, 0.110520273447, 0.0633478462696, 0.0366863906384, 0.0195418745279, 0.0127570247278, 0.00993129424751, 0.00799469742924, 0.00605619233102, 0.00375828775577, 0.00573530374095], "dmean2": [1.60956954956, 4.82748031616, 10.3657016754, 20.909778595, 24.357925415, 24.4254608154, 22.9951591492, 32.6937599182, 31.1704006195, 30.9104061127, 20.5305900574, 11.9269666672, 9.57923984528, 9.21631622314, 6.1339764595, 3.80465722084, 3.10466504097, 3.44844031334, 2.98175096512, 3.58376264572, 4.6321978569, 3.54155778885, 3.31323742867, 2.74404597282, 2.77345705032, 2.1536591053, 2.08485150337, 1.70205616951, 1.21930110455, 0.73305952549, 0.403006136417, 0.251265764236, 0.147979214787, 0.0909917801619, 0.0576491840184, 0.034606911242, 0.0254760012031, 0.0185338612646, 0.00819550734013, 0.0046380921267], "dmean": [0.967558979988, 2.97769117355, 6.28265619278, 12.2582511902, 14.6628789902, 15.3568239212, 14.6335783005, 20.7315177917, 18.8606548309, 18.9948158264, 12.6422691345, 7.2562046051, 5.89099788666, 5.69081258774, 3.84003257751, 2.44260621071, 1.94525325298, 2.13362121582, 1.88364613056, 2.21829199791, 2.85071825981, 2.35455083847, 2.17860388756, 1.9243568182, 1.91153204441, 1.44970238209, 1.45734536648, 1.18298566341, 0.919634461403, 0.532897770405, 0.287955850363, 0.171417683363, 0.0962925180793, 0.058232486248, 0.0368811152875, 0.0224684681743, 0.0180843826383, 0.0141483889893, 0.00618808111176, 0.0031486467924], "var": [4.60968017578, 53.0230331421, 201.916046143, 619.56439209, 855.998535156, 1974.91955566, 1940.4465332, 4051.46435547, 2716.15625, 4504.5546875, 1746.80969238, 393.90838623, 341.215484619, 423.326812744, 243.356414795, 102.68081665, 43.2925758362, 97.2991333008, 72.8844146729, 134.379333496, 444.354614258, 653.253662109, 374.731170654, 315.926055908, 196.087722778, 163.544723511, 302.295410156, 156.597915649, 127.637107849, 24.8961219788, 1.65656530857, 0.1894775033, 0.0410174503922, 0.0160621944815, 0.00636158045381, 0.0021982123144, 0.00386347132735, 0.0126255983487, 0.00232119276188, 0.000161056334036], "dvar": [4.30562734604, 33.479434967, 106.271270752, 725.063171387, 709.482788086, 936.062133789, 934.724975586, 1926.62683105, 1627.21801758, 2147.69897461, 1208.09655762, 289.687438965, 192.898880005, 248.014648438, 133.842681885, 63.9484786987, 21.6600990295, 75.6085586548, 29.9734611511, 68.705947876, 208.489593506, 341.048675537, 160.995529175, 115.364227295, 92.900718689, 62.3319702148, 136.159927368, 78.0692214966, 48.9731025696, 9.11353683472, 0.509648442268, 0.0865992680192, 0.0271624885499, 0.011628751643, 0.00458350032568, 0.00147902069148, 0.00121451588348, 0.00336307822727, 0.000621059385594, 3.07258524117e-05], "mean": [1.31130921841, 4.78344917297, 9.54519081116, 15.1838846207, 20.2567005157, 23.1731700897, 22.9064846039, 31.5870399475, 26.6684169769, 28.1968593597, 16.5433044434, 9.34386539459, 8.52165794373, 8.07464313507, 5.30674409866, 3.40744876862, 2.74508881569, 2.91058659554, 2.91848325729, 3.12108802795, 3.80671024323, 3.4118335247, 3.02154874802, 2.94541764259, 2.75931191444, 2.26431655884, 2.25343179703, 1.80273723602, 1.39950048923, 0.812720775604, 0.411182641983, 0.218889817595, 0.111813105643, 0.0642964988947, 0.0408395342529, 0.0265832301229, 0.0250286608934, 0.0238498542458, 0.0120019186288, 0.00822782423347]}, "zerocrossingrate": {"min": 0.00048828125, "max": 0.75732421875, "dvar2": 0.00274672871456, "median": 0.204345703125, "dmean2": 0.0615006648004, "dmean": 0.0497908256948, "var": 0.017007516697, "dvar": 0.00190361705609, "mean": 0.225927144289}, "spectral_contrast_coeffs": {"min": [-0.942256510258, -0.966243684292, -0.972607672215, -0.987597942352, -0.977175414562, -0.932093501091], "max": [-0.281020373106, -0.391725838184, -0.522973179817, -0.627639114857, -0.63724565506, -0.40250813961], "dvar2": [0.0060577346012, 0.0050702127628, 0.00329114915803, 0.00206782738678, 0.00146002369002, 0.00235135341063], "median": [-0.659107029438, -0.75159740448, -0.838611066341, -0.874717116356, -0.871573507786, -0.822948455811], "dmean2": [0.0954302847385, 0.0895229429007, 0.070247925818, 0.0560198351741, 0.0456905141473, 0.0495413318276], "dmean": [0.0590951256454, 0.0553890876472, 0.0431788489223, 0.0346474796534, 0.0285804774612, 0.0325735509396], "var": [0.00939908716828, 0.00810446217656, 0.00483085308224, 0.00290865520947, 0.00237458222546, 0.00429445737973], "dvar": [0.00238483259454, 0.00198534596711, 0.00127366161905, 0.000808413664345, 0.000598797400016, 0.00106973713264], "mean": [-0.652859807014, -0.746360480785, -0.831859469414, -0.877003133297, -0.876248776913, -0.803834676743]}, "dissonance": {"min": 0.18993498385, "max": 0.500000119209, "dvar2": 0.00261481152847, "median": 0.446253508329, "dmean2": 0.0541555136442, "dmean": 0.0329208262265, "var": 0.0020357768517, "dvar": 0.000956016010605, "mean": 0.437625467777}, "spectral_energyband_high": {"min": 1.98377040706e-13, "max": 0.0329184904695, "dvar2": 4.95336223594e-07, "median": 6.61696976749e-05, "dmean2": 0.000187971629202, "dmean": 0.000140379619552, "var": 1.1711854313e-06, "dvar": 3.13722125611e-07, "mean": 0.000247658987064}, "gfcc": {"mean": [-49.1556892395, 113.686935425, -36.3272628784, 16.5821590424, -24.9627017975, -14.1722011566, -9.67704296112, -11.3855295181, -4.26978397369, -6.34889221191, -7.53551864624, -4.5023355484, -4.95792150497], "icov": [[0.000191712460946, -0.000118843519886, 0.000261711858911, -0.000231584650464, 0.000304711051285, -2.52932477451e-05, 0.000107963838673, -8.5613981355e-05, 9.72996786004e-05, -0.000231490732403, 0.000113399881229, -0.000245963339694, 0.000156753521878], [-0.000118843519886, 0.00331910490058, -0.00156287220307, 0.00246338918805, -0.000895097618923, 0.000310540082864, -0.000885762798134, 0.00105101719964, -0.00180421920959, 5.48100397282e-05, -0.00164995505475, 0.00249663414434, -0.0032941554673], [0.000261711858911, -0.00156287220307, 0.00356252468191, -0.00328150205314, 0.00261770235375, -0.001711032819, 0.00136574939825, 0.000228614881053, -0.00171507790219, 0.00359036284499, -0.00367562635802, 0.00326614198275, -0.000658858625684], [-0.000231584650464, 0.00246338918805, -0.00328150205314, 0.0100971097127, -0.00779309310019, 0.00276957591996, -0.00205307314172, -0.00151307310443, 0.00326071819291, -0.00651290779933, 0.0065681701526, -0.00731311365962, 0.00353774055839], [0.000304711051285, -0.000895097618923, 0.00261770235375, -0.00779309310019, 0.013490752317, -0.00585654843599, -0.000363945029676, 0.00442569795996, -0.00622726092115, 0.00996052380651, -0.0116205066442, 0.0100336959586, -0.00520030967891], [-2.52932477451e-05, 0.000310540082864, -0.001711032819, 0.00276957591996, -0.00585654843599, 0.00907768309116, -0.00142137869261, -0.00593143748119, 0.00951988156885, -0.00842784997076, 0.00614900840446, -0.0065590008162, 0.00365856592543], [0.000107963838673, -0.000885762798134, 0.00136574939825, -0.00205307314172, -0.000363945029676, -0.00142137869261, 0.00954694207758, 0.000261621258687, -0.00635838927701, 0.00383660709485, -3.52961615135e-05, -0.00188700668514, 0.000741329684388], [-8.5613981355e-05, 0.00105101719964, 0.000228614881053, -0.00151307310443, 0.00442569795996, -0.00593143748119, 0.000261621258687, 0.0118546895683, -0.00833811890334, 0.00132452941034, -0.00327353156172, 0.00625163735822, -0.00525600835681], [9.72996786004e-05, -0.00180421920959, -0.00171507790219, 0.00326071819291, -0.00622726092115, 0.00951988156885, -0.00635838927701, -0.00833811890334, 0.0257749836892, -0.0163112226874, 0.012135704048, -0.0109070828184, 0.00785075407475], [-0.000231490732403, 5.48100397282e-05, 0.00359036284499, -0.00651290779933, 0.00996052380651, -0.00842784997076, 0.00383660709485, 0.00132452941034, -0.0163112226874, 0.0334692560136, -0.0238341391087, 0.0116044702008, -0.00889147818089], [0.000113399881229, -0.00164995505475, -0.00367562635802, 0.0065681701526, -0.0116205066442, 0.00614900840446, -3.52961615135e-05, -0.00327353156172, 0.012135704048, -0.0238341391087, 0.0391102135181, -0.020636703819, 0.00690422626212], [-0.000245963339694, 0.00249663414434, 0.00326614198275, -0.00731311365962, 0.0100336959586, -0.0065590008162, -0.00188700668514, 0.00625163735822, -0.0109070828184, 0.0116044702008, -0.020636703819, 0.0313080511987, -0.0139693059027], [0.000156753521878, -0.0032941554673, -0.000658858625684, 0.00353774055839, -0.00520030967891, 0.00365856592543, 0.000741329684388, -0.00525600835681, 0.00785075407475, -0.00889147818089, 0.00690422626212, -0.0139693059027, 0.0237283557653]], "cov": [[7145.49511719, -378.939849854, -777.285949707, 10.9454307556, -330.038482666, 47.2467269897, -20.6955986023, 163.490646362, 53.9544334412, 210.401626587, 16.0865516663, 209.332641602, 13.7660484314], [-378.939849854, 800.104003906, 287.907592773, -231.438095093, -17.7133922577, -101.574699402, -19.9222126007, -23.3547649384, 51.3389205933, 8.59592723846, 39.6179084778, -82.2194442749, 89.6120223999], [-777.285949707, 287.907592773, 619.558532715, 47.6248207092, 43.5884971619, 36.2971496582, -49.3585014343, 6.25960636139, -13.7367105484, -25.1185092926, 23.1803913116, -68.949005127, 9.888256073], [10.9454307556, -231.438095093, 47.6248207092, 329.940155029, 152.607711792, 73.8062591553, 73.2553787231, 5.27396392822, 6.48584699631, 7.58769464493, 9.22561264038, 52.6488037109, -30.11835289], [-330.038482666, -17.7133922577, 43.5884971619, 152.607711792, 236.626312256, 75.0299072266, 52.4798316956, -31.6026973724, -8.33007621765, -20.3980560303, 24.6829967499, -1.07709002495, -2.87416028976], [47.2467269897, -101.574699402, 36.2971496582, 73.8062591553, 75.0299072266, 311.953308105, -2.17609763145, 102.812866211, -49.8125495911, 53.6024856567, 30.8929595947, 31.4576797485, 12.8746910095], [-20.6955986023, -19.9222126007, -49.3585014343, 73.2553787231, 52.4798316956, -2.17609763145, 176.978912354, 10.1566543579, 62.4838867188, -2.77493405342, -3.64500355721, 31.723400116, -8.34040737152], [163.490646362, -23.3547649384, 6.25960636139, 5.27396392822, -31.6026973724, 102.812866211, 10.1566543579, 183.830078125, 44.3068656921, 62.6149940491, 14.4948511124, 11.9177465439, 24.2916240692], [53.9544334412, 51.3389205933, -13.7367105484, 6.48584699631, -8.33007621765, -49.8125495911, 62.4838867188, 44.3068656921, 114.701957703, 38.8054084778, 5.22443580627, 17.4515743256, 4.48412370682], [210.401626587, 8.59592723846, -25.1185092926, 7.58769464493, -20.3980560303, 53.6024856567, -2.77493405342, 62.6149940491, 38.8054084778, 104.016319275, 49.4399528503, 31.0517234802, 29.2288856506], [16.0865516663, 39.6179084778, 23.1803913116, 9.22561264038, 24.6829967499, 30.8929595947, -3.64500355721, 14.4948511124, 5.22443580627, 49.4399528503, 74.5658569336, 35.8899993896, 24.8631019592], [209.332641602, -82.2194442749, -68.949005127, 52.6488037109, -1.07709002495, 31.4576797485, 31.723400116, 11.9177465439, 17.4515743256, 31.0517234802, 35.8899993896, 95.8649597168, 25.8572616577], [13.7660484314, 89.6120223999, 9.888256073, -30.11835289, -2.87416028976, 12.8746910095, -8.34040737152, 24.2916240692, 4.48412370682, 29.2288856506, 24.8631019592, 25.8572616577, 79.7419891357]]}, "spectral_flux": {"min": 0.000435204419773, "max": 0.754206240177, "dvar2": 0.0103794708848, "median": 0.119531616569, "dmean2": 0.0876522213221, "dmean": 0.0552506074309, "var": 0.00897555239499, "dvar": 0.00470041530207, "mean": 0.143543422222}, "silence_rate_30dB": {"min": 0, "max": 1, "dvar2": 0.236037939787, "median": 1, "dmean2": 0.280013650656, "dmean": 0.139994889498, "var": 0.213260397315, "dvar": 0.120408155024, "mean": 0.69164532423}, "spectral_energyband_middle_high": {"min": 3.35299449067e-14, "max": 0.048730570823, "dvar2": 2.86393378701e-06, "median": 0.000333841715474, "dmean2": 0.0007834516, "dmean": 0.000516327098012, "var": 3.92972333429e-06, "dvar": 1.28834801671e-06, "mean": 0.000906277506147}, "barkbands_spread": {"min": 0.142824485898, "max": 107.800331116, "dvar2": 73.5666351318, "median": 3.7560813427, "dmean2": 4.21188306808, "dmean": 2.71935653687, "var": 84.8055038452, "dvar": 35.0462989807, "mean": 5.89577531815}, "spectral_centroid": {"min": 101.303016663, "max": 4932.98339844, "dvar2": 88808.015625, "median": 348.026947021, "dmean2": 182.764877319, "dmean": 120.898612976, "var": 207523.546875, "dvar": 52293.5390625, "mean": 454.280853271}, "pitch_salience": {"min": 0.0297954324633, "max": 0.932734072208, "dvar2": 0.0144764054567, "median": 0.476226955652, "dmean2": 0.142777308822, "dmean": 0.0900061503053, "var": 0.0189518108964, "dvar": 0.0058986088261, "mean": 0.465022861958}, "erbbands_skewness": {"min": -5.41586017609, "max": 9.45428085327, "dvar2": 1.03125989437, "median": 1.67991220951, "dmean2": 1.04766690731, "dmean": 0.670567214489, "var": 1.48193562031, "dvar": 0.433999717236, "mean": 1.74490654469}, "erbbands_crest": {"min": 2.02721810341, "max": 31.7463188171, "dvar2": 22.8988342285, "median": 10.693523407, "dmean2": 5.6312994957, "dmean": 3.48221945763, "var": 25.2437820435, "dvar": 9.10136508942, "mean": 11.4673728943}, "melbands": {"min": [8.4874011569e-17, 6.62038304596e-17, 5.44895368526e-17, 5.24033410257e-17, 3.73108384883e-17, 2.78536858537e-17, 9.83787740077e-17, 2.21706069679e-16, 2.04657466973e-16, 5.27659902411e-17, 6.35303893373e-17, 1.71744360681e-16, 1.11294160334e-16, 5.66446401334e-17, 4.26042087648e-17, 2.22186370447e-17, 8.4567147414e-17, 3.88665005227e-17, 2.74880852579e-17, 2.83225483685e-17, 4.30514090737e-17, 4.60751347157e-17, 1.57520943726e-16, 1.61507398413e-16, 1.26983936904e-16, 3.25809449686e-16, 1.11112342065e-15, 3.52953493984e-16, 2.16600115368e-16, 7.51383286933e-16, 3.07953836339e-16, 2.01425890695e-16, 3.98822975055e-16, 3.59408996772e-16, 4.76988710675e-16, 6.69211561929e-16, 7.96071262922e-16, 5.53474515263e-16, 1.14173291496e-16, 5.69485330555e-17], "max": [0.223918959498, 0.0712162554264, 0.0753483772278, 0.0435991697013, 0.0236581750214, 0.015838701278, 0.0130806602538, 0.0127834044397, 0.00666139507666, 0.00262160366401, 0.00225900183432, 0.00166963913944, 0.00150871521328, 0.0027399873361, 0.000735835521482, 0.000651112757623, 0.000983732170425, 0.000408479128964, 0.000442600517999, 0.00125163048506, 0.00123145023827, 0.00166921282653, 0.000917167519219, 0.000445267738542, 0.00065411766991, 0.000452533800853, 0.000252782338066, 0.000427670020144, 0.000372912472812, 0.000879489642102, 0.000268507690635, 0.000460388400825, 0.000345207168721, 0.000120461125334, 3.09296847263e-05, 1.37477190947e-05, 7.24674100638e-06, 2.50321954809e-06, 1.76425533027e-06, 1.65360950177e-06], "dvar2": [0.000561248103622, 7.16481954441e-05, 5.47955351067e-05, 9.24298819882e-06, 2.46326158049e-06, 2.0981688067e-06, 9.44866144437e-07, 5.63499099826e-07, 1.57333175821e-07, 2.79121668001e-08, 1.3382868147e-08, 1.25918955263e-08, 3.66083829917e-09, 3.82097908869e-09, 5.17950182743e-10, 4.02095579055e-10, 7.15006553964e-10, 1.86859111517e-10, 2.22059454158e-10, 1.08136954946e-09, 7.84621090322e-10, 1.57390134259e-09, 4.71774674882e-10, 2.33193908628e-10, 1.91478180533e-10, 1.83237827689e-10, 7.46088815728e-11, 7.73078684402e-11, 7.28763230318e-11, 2.69157612864e-10, 4.01165836661e-11, 2.60130441493e-11, 1.25916777005e-11, 2.61825934197e-12, 4.49810761555e-13, 1.12990325917e-13, 5.37577794779e-14, 3.10602509424e-14, 2.14555478419e-14, 1.68495656338e-14], "median": [0.00499919196591, 0.00288437260315, 0.00149942631833, 0.000762973097153, 0.000329347385559, 0.000205350370379, 0.000114075068268, 7.08895531716e-05, 2.78965635516e-05, 1.66946301761e-05, 1.23631771203e-05, 8.60929685587e-06, 5.73051056563e-06, 2.99581779473e-06, 2.20026254283e-06, 1.76125809048e-06, 1.74680303644e-06, 1.53707242134e-06, 1.31090678224e-06, 1.07761729851e-06, 9.70321480054e-07, 7.34007755909e-07, 4.87326929033e-07, 4.26414317189e-07, 4.30980264809e-07, 4.15764986883e-07, 3.43264730418e-07, 3.22722144119e-07, 2.77703520624e-07, 2.12222929008e-07, 1.87470192259e-07, 1.55224654463e-07, 1.14234794069e-07, 9.18127227578e-08, 6.6612940941e-08, 4.79665693831e-08, 3.43224293431e-08, 2.59082604259e-08, 1.86134840874e-08, 1.51155639116e-08], "dmean2": [0.0117061398923, 0.00538570480421, 0.00351208518259, 0.00179903127719, 0.000796904438175, 0.000714443565812, 0.000472635147162, 0.000322248990415, 0.000150214953464, 7.18572919141e-05, 4.83856711071e-05, 3.96401592297e-05, 2.34756589634e-05, 1.29248601297e-05, 8.31440411275e-06, 6.64179697196e-06, 6.61861849949e-06, 5.01053682456e-06, 4.64591676064e-06, 6.22830975772e-06, 5.37412779522e-06, 4.13008820033e-06, 3.20457229463e-06, 2.84491693492e-06, 2.30518912758e-06, 2.39478231379e-06, 1.77120080025e-06, 1.51492588429e-06, 1.34736660584e-06, 1.29848342567e-06, 9.84503571999e-07, 7.5447405834e-07, 5.80847881793e-07, 3.6875871956e-07, 2.49800194752e-07, 1.89773729176e-07, 1.4408040272e-07, 1.09017101124e-07, 8.46709440339e-08, 7.42459533853e-08], "dmean": [0.00729451235384, 0.00330618559383, 0.00206872611307, 0.00112147198524, 0.00050734198885, 0.000453595566796, 0.000286943220999, 0.000198134439415, 9.23973711906e-05, 4.36314476246e-05, 2.96925318253e-05, 2.4408715035e-05, 1.46822540046e-05, 8.2710002971e-06, 5.24269717062e-06, 4.11655037169e-06, 4.07778816225e-06, 3.13168084176e-06, 2.89035006062e-06, 3.68470091416e-06, 3.30313196173e-06, 2.6688401249e-06, 2.10335269912e-06, 1.86615022812e-06, 1.57249417043e-06, 1.62649212143e-06, 1.15368891329e-06, 1.0014499594e-06, 9.32657826525e-07, 9.05283400243e-07, 6.78414039612e-07, 5.56245254302e-07, 4.21027408493e-07, 2.61507096866e-07, 1.75225551402e-07, 1.29947466121e-07, 9.66934976532e-08, 7.10655498892e-08, 5.42411662252e-08, 4.74506620662e-08], "var": [0.000291351199849, 5.1265284128e-05, 1.70136408997e-05, 6.66763389745e-06, 2.19321395889e-06, 1.8442444798e-06, 6.25040684099e-07, 4.75233349562e-07, 8.50492654081e-08, 1.44611824737e-08, 9.02613983556e-09, 7.84542919519e-09, 3.0862947753e-09, 2.46793208092e-09, 3.57180784949e-10, 2.35458069708e-10, 3.37624289637e-10, 1.64408472947e-10, 2.02023967e-10, 4.79117634455e-10, 7.06420422159e-10, 8.93586316053e-10, 4.23645785119e-10, 2.344783534e-10, 2.23336404925e-10, 1.78383585681e-10, 5.13333195395e-11, 9.79676409441e-11, 1.09871806098e-10, 1.52121676367e-10, 4.31240737564e-11, 4.49830520055e-11, 2.46172370683e-11, 4.11875264797e-12, 6.47304638276e-13, 1.51592714076e-13, 5.04920676667e-14, 2.21654766481e-14, 1.37001158709e-14, 1.06896709908e-14], "dvar": [0.000219227920752, 2.84944908344e-05, 1.98160323635e-05, 3.67187567463e-06, 1.04943501356e-06, 8.42977044613e-07, 3.61140962468e-07, 2.2889709328e-07, 6.11258244021e-08, 1.0682038365e-08, 5.17766274299e-09, 4.78003503446e-09, 1.59322455229e-09, 1.816383155e-09, 1.95228846978e-10, 1.54760634863e-10, 2.66933974924e-10, 7.337355723e-11, 8.27180338114e-11, 3.81316644926e-10, 3.19033494067e-10, 5.73510849922e-10, 2.10227502073e-10, 9.99247698474e-11, 8.81905520833e-11, 9.12131412067e-11, 3.24656829198e-11, 3.95740870629e-11, 3.96632900135e-11, 1.13629730625e-10, 2.07649366452e-11, 1.82099769291e-11, 9.44803523611e-12, 1.61387992813e-12, 2.25312891716e-13, 6.13151565111e-14, 2.72858162253e-14, 1.46223365447e-14, 9.89010238181e-15, 7.75851262982e-15], "mean": [0.0114824427292, 0.00546912988648, 0.00272466940805, 0.00168440141715, 0.000806096242741, 0.000704324687831, 0.000406606268371, 0.000291741424007, 0.00011564775923, 5.49470678379e-05, 4.22159791924e-05, 3.3706161048e-05, 1.97302397282e-05, 1.06893867269e-05, 7.16233080311e-06, 5.51485163669e-06, 5.37194591743e-06, 4.63836568088e-06, 4.24480094807e-06, 4.38793995272e-06, 4.44384249931e-06, 3.65918526768e-06, 2.84887369162e-06, 2.56665202869e-06, 2.3504615001e-06, 2.28410226555e-06, 1.57689362368e-06, 1.5035029719e-06, 1.41400334996e-06, 1.2726281966e-06, 9.7089684914e-07, 8.2391147771e-07, 6.21616436547e-07, 3.84325716141e-07, 2.47839182066e-07, 1.71377450897e-07, 1.17202496597e-07, 8.1689030651e-08, 6.00450178467e-08, 5.18715026487e-08]}, "spectral_entropy": {"min": 3.94878792763, "max": 8.73364543915, "dvar2": 0.391552269459, "median": 6.85836744308, "dmean2": 0.680545866489, "dmean": 0.434884488583, "var": 0.480104893446, "dvar": 0.156132400036, "mean": 6.81468915939}, "spectral_rolloff": {"min": 21.533203125, "max": 22050, "dvar2": 150699760, "median": 516.796875, "dmean2": 7751.89550781, "dmean": 3946.18847656, "var": 108972136, "dvar": 64439952, "mean": 8850.4453125}, "barkbands": {"min": [1.90793589034e-16, 2.4027397156e-16, 1.20392048576e-16, 1.07084565405e-16, 2.48467877124e-16, 1.33305502608e-16, 6.44863652799e-16, 1.21872529819e-15, 4.33009727732e-16, 8.69421722116e-16, 9.1466641051e-16, 5.06472709959e-16, 2.03253761325e-16, 8.94023264674e-16, 3.15982941056e-16, 5.71522881545e-16, 9.55228489014e-16, 3.55890760723e-15, 7.48218168331e-15, 2.03614912881e-14, 2.0932713367e-14, 1.67248485027e-14, 2.61497044857e-14, 5.02093958315e-14, 1.24956341728e-14, 3.15633139742e-14, 3.82498801512e-14], "max": [0.674267053604, 0.648230075836, 0.184678047895, 0.191364765167, 0.159225344658, 0.0739357620478, 0.0640288442373, 0.0514261163771, 0.0174723919481, 0.0146117536351, 0.0113154193386, 0.0191525649279, 0.00365353748202, 0.00898999255151, 0.00616500945762, 0.0159179996699, 0.0316516198218, 0.0106468126178, 0.0128297163174, 0.0113509772345, 0.0217851176858, 0.0207736343145, 0.00248566176742, 0.000322942360071, 0.000179607552127, 0.00130806060042, 0.0163821857423], "dvar2": [0.00285789137706, 0.00360202044249, 0.00027017184766, 0.000343688065186, 0.000138004397741, 5.13451632287e-05, 2.20426391024e-05, 9.19727153814e-06, 1.12514840112e-06, 7.80029438374e-07, 2.30025790415e-07, 1.9805925433e-07, 3.08970200535e-08, 5.82972816687e-08, 3.61249625769e-08, 1.94631724071e-07, 4.59569719169e-07, 1.05305367981e-07, 9.96508333628e-08, 5.74890997029e-08, 1.80174168918e-07, 4.6416992916e-08, 1.49622536583e-09, 2.49307408051e-10, 1.99064001394e-10, 5.28395271981e-10, 7.36794660838e-08], "median": [0.00378601253033, 0.012801554054, 0.00387877086177, 0.00215704319999, 0.00335797807202, 0.00114818685688, 0.000471382169053, 0.000228460878134, 0.000120588068967, 7.23475823179e-05, 4.25603575422e-05, 2.45037736022e-05, 1.83220381587e-05, 1.88938793144e-05, 1.74009037437e-05, 1.5966121282e-05, 1.20245131257e-05, 9.04594435269e-06, 1.10560758912e-05, 1.07352216219e-05, 9.58064538281e-06, 7.08900643076e-06, 4.25237976742e-06, 2.56893508777e-06, 1.70151815837e-06, 4.14540681959e-06, 3.17103804264e-05], "dmean2": [0.0262066740543, 0.0302992351353, 0.0101906731725, 0.00790657568723, 0.00703411642462, 0.0036791311577, 0.00221932609566, 0.00115784187801, 0.000497297151014, 0.000326618494, 0.000183615120477, 0.000105436498416, 6.90186716383e-05, 6.73698305036e-05, 5.87343492953e-05, 9.06287314137e-05, 6.59221841488e-05, 5.87885660934e-05, 5.75514495722e-05, 4.69937840535e-05, 4.70183331345e-05, 3.15790784953e-05, 1.55745146913e-05, 1.00637244032e-05, 8.10770234239e-06, 1.25306314658e-05, 8.23144364404e-05], "dmean": [0.0189339220524, 0.018469505012, 0.00605688709766, 0.00458546960726, 0.0044247508049, 0.00234477035701, 0.00133957411163, 0.000711739063263, 0.000301924766973, 0.00019980010984, 0.000114686918096, 6.74725961289e-05, 4.28295534221e-05, 4.20375654357e-05, 3.67690263374e-05, 5.42449088243e-05, 4.30668078479e-05, 3.86888459616e-05, 4.03448975703e-05, 3.15127617796e-05, 3.32672934746e-05, 2.37345229834e-05, 1.10736555143e-05, 6.69878954795e-06, 5.18209935763e-06, 8.74929355632e-06, 5.7411922171e-05], "var": [0.0030866637826, 0.00175056047738, 0.000181724855793, 9.68834938249e-05, 0.000107390071207, 4.5330831199e-05, 1.47665223267e-05, 5.81354379392e-06, 6.07598735769e-07, 4.73361325248e-07, 1.9772522819e-07, 1.36634582759e-07, 2.26919336654e-08, 3.19382245095e-08, 3.32951053394e-08, 1.17849580761e-07, 2.55280866668e-07, 1.08740216831e-07, 1.16504388359e-07, 7.11674275067e-08, 1.56762027359e-07, 8.83064998902e-08, 3.00592706282e-09, 2.13920089975e-10, 1.26630012032e-10, 9.33507271483e-10, 2.37778877477e-07], "dvar": [0.0015409020707, 0.0013693375513, 0.000104810445919, 0.000123066201922, 5.58630745218e-05, 2.0431516532e-05, 8.53041910887e-06, 3.59202113032e-06, 4.34987782683e-07, 2.97160909213e-07, 1.02234977817e-07, 9.45399989405e-08, 1.19302816515e-08, 2.23458354043e-08, 1.36372859671e-08, 7.24792030837e-08, 1.70047911752e-07, 4.5370676105e-08, 5.08841999647e-08, 3.02885609926e-08, 8.34948963302e-08, 3.46376118898e-08, 9.28246701726e-10, 1.2292512841e-10, 9.16996409361e-11, 3.10378112101e-10, 4.00645774334e-08], "mean": [0.0272400286049, 0.0283629409969, 0.00835612136871, 0.00516059203073, 0.00684899929911, 0.00373478862457, 0.00184708053712, 0.000954162562266, 0.000382626982173, 0.000276545091765, 0.000150692547322, 8.7204927695e-05, 5.78611980018e-05, 5.83590699534e-05, 5.44667600479e-05, 6.76272320561e-05, 6.03662629146e-05, 5.42386042071e-05, 5.91636562604e-05, 4.74232474517e-05, 5.10117679369e-05, 3.67400425603e-05, 1.59267219715e-05, 8.10434084997e-06, 5.68717678107e-06, 1.22241517602e-05, 0.000108771055238]}, "melbands_flatness_db": {"min": 0.0408233553171, "max": 0.778896152973, "dvar2": 0.00542684737593, "median": 0.37629699707, "dmean2": 0.083288051188, "dmean": 0.0532914176583, "var": 0.0071373055689, "dvar": 0.00211055227555, "mean": 0.379984349012}, "melbands_skewness": {"min": -3.38808012009, "max": 35.9984931946, "dvar2": 5.4458694458, "median": 3.44896888733, "dmean2": 2.16543030739, "dmean": 1.40443944931, "var": 7.58519268036, "dvar": 2.35867810249, "mean": 3.96260452271}, "barkbands_skewness": {"min": -2.5764131546, "max": 30.0763530731, "dvar2": 4.73036384583, "median": 3.79111480713, "dmean2": 2.17631983757, "dmean": 1.40782594681, "var": 6.30758810043, "dvar": 2.01216197014, "mean": 4.17061805725}, "silence_rate_60dB": {"min": 0, "max": 1, "dvar2": 0.0216788966209, "median": 0, "dmean2": 0.0200375169516, "dmean": 0.0100605338812, "var": 0.0230566281825, "dvar": 0.00995797477663, "mean": 0.0236146636307}, "spectral_energyband_low": {"min": 5.08964575011e-16, "max": 0.819551289082, "dvar2": 0.00726105971262, "median": 0.0333408340812, "dmean2": 0.0494099520147, "dmean": 0.0315094701946, "var": 0.00470650941133, "dvar": 0.00298766349442, "mean": 0.0558634996414}, "spectral_energyband_middle_low": {"min": 2.87128181372e-15, "max": 0.285363972187, "dvar2": 0.000765990756918, "median": 0.0132031422108, "dmean2": 0.0163742937148, "dmean": 0.0102009410039, "var": 0.000406200502766, "dvar": 0.000289085117402, "mean": 0.0190078075975}, "melbands_kurtosis": {"min": -1.89136886597, "max": 3152.24829102, "dvar2": 9998.70605469, "median": 26.8184356689, "dmean2": 44.8785820007, "dmean": 28.5694293976, "var": 7200.94677734, "dvar": 4343.39892578, "mean": 48.2481918335}, "spectral_decrease": {"min": -2.51344232538e-07, "max": 1.25497860992e-08, "dvar2": 6.32673260501e-16, "median": -1.18906795521e-08, "dmean2": 1.59117305998e-08, "dmean": 1.06262216804e-08, "var": 5.55731116913e-16, "dvar": 2.8614249972e-16, "mean": -1.93242488677e-08}, "erbbands_kurtosis": {"min": -1.90563166142, "max": 211.415115356, "dvar2": 163.747070312, "median": 4.36589431763, "dmean2": 7.71251487732, "dmean": 4.79387235641, "var": 104.645835876, "dvar": 65.5598754883, "mean": 6.98692512512}, "melbands_crest": {"min": 3.53215289116, "max": 39.3685073853, "dvar2": 37.6622619629, "median": 19.7979774475, "dmean2": 7.07195043564, "dmean": 4.38347434998, "var": 44.1127319336, "dvar": 14.905500412, "mean": 20.6124248505}, "melbands_spread": {"min": 0.0215743388981, "max": 195.332717896, "dvar2": 114.878837585, "median": 2.90780520439, "dmean2": 3.48966622353, "dmean": 2.24121856689, "var": 107.737297058, "dvar": 55.0225563049, "mean": 4.85272026062}, "spectral_energy": {"min": 2.38766715817e-13, "max": 0.969469249249, "dvar2": 0.00983161758631, "median": 0.0668946504593, "dmean2": 0.063481874764, "dmean": 0.0432366430759, "var": 0.00905394461006, "dvar": 0.00451377686113, "mean": 0.0942736044526}, "mfcc": {"mean": [-727.421936035, 170.267547607, 40.4456634521, 44.7553329468, 8.26557540894, 13.1497068405, -0.0421962067485, 4.63511943817, 2.70055890083, 3.80824232101, -0.327493965626, 0.207437708974, 1.92246508598], "icov": [[0.000188452439033, 5.04406352775e-06, 0.000213579216506, 9.60690449574e-05, 0.000187661658856, -2.67275954684e-05, 8.93434335012e-05, -9.93836729322e-05, 0.000219295761781, -0.00031924675568, 9.25062413444e-05, -0.000277628656477, -9.06433924683e-05], [5.04406352775e-06, 0.0016622391995, -0.00086041376926, 0.000306775531499, 0.000155593603267, 0.000165119607118, 0.000396768155042, 0.00137273268774, -0.000992078566924, 0.000261170906015, -0.000273012934485, 0.00185450876597, -0.00156365684234], [0.000213579216506, -0.00086041376926, 0.00305351265706, -0.000268209725618, -0.000889458227903, 0.000744213350117, -0.000613423530012, -0.000143331140862, 0.000414466863731, -0.000422485172749, 0.000176843605004, -0.00238169101067, 0.0020368238911], [9.60690449574e-05, 0.000306775531499, -0.000268209725618, 0.00413111550733, -0.00047488688142, -0.00193030049559, 0.00272174342535, -0.00177232932765, 0.000513689068612, -0.000591639312916, -0.000628093199339, 0.00193945609499, -0.00156312948093], [0.000187661658856, 0.000155593603267, -0.000889458227903, -0.00047488688142, 0.00718265399337, -0.00142922101077, -0.00383339892142, 0.00196393532678, -0.000544298323803, 0.00201521557756, -0.00207094335929, -0.0015207096003, 0.00158280599862], [-2.67275954684e-05, 0.000165119607118, 0.000744213350117, -0.00193030049559, -0.00142922101077, 0.0102772796527, -0.00533096585423, -0.00203749886714, 0.00339354109019, -0.00224891467951, 0.00396040128544, -0.0023975467775, -0.000301060965285], [8.93434335012e-05, 0.000396768155042, -0.000613423530012, 0.00272174342535, -0.00383339892142, -0.00533096585423, 0.0147094121203, -0.00394210824743, -0.00144619657658, 0.00172390672378, -0.00449981633574, 0.00542572652921, -0.0038381756749], [-9.93836729322e-05, 0.00137273268774, -0.000143331140862, -0.00177232932765, 0.00196393532678, -0.00203749886714, -0.00394210824743, 0.0151348914951, -0.00607342785224, 0.000773410953116, 0.00019040548068, -0.00376789853908, 0.0034088853281], [0.000219295761781, -0.000992078566924, 0.000414466863731, 0.000513689068612, -0.000544298323803, 0.00339354109019, -0.00144619657658, -0.00607342785224, 0.0177004765719, -0.0100959893316, 0.0026884090621, -0.00184491707478, -0.00197379360907], [-0.00031924675568, 0.000261170906015, -0.000422485172749, -0.000591639312916, 0.00201521557756, -0.00224891467951, 0.00172390672378, 0.000773410953116, -0.0100959893316, 0.0252999104559, -0.0125604551286, 0.00142317067366, 0.00164850812871], [9.25062413444e-05, -0.000273012934485, 0.000176843605004, -0.000628093199339, -0.00207094335929, 0.00396040128544, -0.00449981633574, 0.00019040548068, 0.0026884090621, -0.0125604551286, 0.0275315642357, -0.0118131814525, -0.000203911884455], [-0.000277628656477, 0.00185450876597, -0.00238169101067, 0.00193945609499, -0.0015207096003, -0.0023975467775, 0.00542572652921, -0.00376789853908, -0.00184491707478, 0.00142317067366, -0.0118131814525, 0.0324456691742, -0.0129565019161], [-9.06433924683e-05, -0.00156365684234, 0.0020368238911, -0.00156312948093, 0.00158280599862, -0.000301060965285, -0.0038381756749, 0.0034088853281, -0.00197379360907, 0.00164850812871, -0.000203911884455, -0.0129565019161, 0.0252350736409]], "cov": [[7056.98535156, -385.77935791, -733.900390625, -95.7591247559, -416.061950684, -26.791683197, -167.951812744, 59.6922416687, -14.3428201675, 104.45198822, 0.756963968277, 73.2948913574, 76.609703064], [-385.77935791, 979.934875488, 247.312179565, -107.823501587, -22.9398517609, -134.168457031, -63.7184257507, -139.692718506, 22.3721580505, -10.213180542, -11.0142803192, -45.2502403259, 20.8065242767], [-733.900390625, 247.312179565, 513.673950195, -10.2653045654, 109.000053406, -27.6731281281, 31.6744842529, -20.7218761444, 11.4924297333, 1.03775775433, 24.3345527649, 14.5662326813, -20.4519042969], [-95.7591247559, -107.823501587, -10.2653045654, 319.254516602, 13.3705091476, 69.3429031372, -16.0026168823, 45.7133979797, -7.01211881638, 8.55495357513, -0.849766016006, -0.38545563817, 3.64635396004], [-416.061950684, -22.9398517609, 109.000053406, 13.3705091476, 246.065567017, 74.7705383301, 101.881904602, 9.6646604538, -3.97408699989, -12.2800340652, 26.218837738, 14.778544426, -2.94596934319], [-26.791683197, -134.168457031, -27.6731281281, 69.3429031372, 74.7705383301, 189.405517578, 87.8641586304, 53.3521080017, -16.7426567078, -3.30850505829, -2.0816257, 11.3150005341, 6.54499578476], [-167.951812744, -63.7184257507, 31.6744842529, -16.0026168823, 101.881904602, 87.8641586304, 152.774871826, 46.2656440735, 12.3201942444, 1.54298567772, 22.5174217224, 9.11177062988, 9.2684841156], [59.6922416687, -139.692718506, -20.7218761444, 45.7133979797, 9.6646604538, 53.3521080017, 46.2656440735, 121.854995728, 38.3864974976, 21.3775177002, 14.5054206848, 21.3116760254, -0.665678441525], [-14.3428201675, 22.3721580505, 11.4924297333, -7.01211881638, -3.97408699989, -16.7426567078, 12.3201942444, 38.3864974976, 101.035293579, 46.273223877, 22.4700202942, 16.9056739807, 10.4519720078], [104.45198822, -10.213180542, 1.03775775433, 8.55495357513, -12.2800340652, -3.30850505829, 1.54298567772, 21.3775177002, 46.273223877, 76.8444900513, 37.6999855042, 17.9925289154, 6.40810823441], [0.756963968277, -11.0142803192, 24.3345527649, -0.849766016006, 26.218837738, -2.0816257, 22.5174217224, 14.5054206848, 22.4700202942, 37.6999855042, 70.8500518799, 32.2977867126, 13.5494356155], [73.2948913574, -45.2502403259, 14.5662326813, -0.38545563817, 14.778544426, 11.3150005341, 9.11177062988, 21.3116760254, 16.9056739807, 17.9925289154, 32.2977867126, 59.4924964905, 24.9281215668], [76.609703064, 20.8065242767, -20.4519042969, 3.64635396004, -2.94596934319, 6.54499578476, 9.2684841156, -0.665678441525, 10.4519720078, 6.40810823441, 13.5494356155, 24.9281215668, 58.1382141113]]}, "spectral_contrast_valleys": {"min": [-19.3177623749, -19.5902729034, -20.2570953369, -19.5373458862, -18.9019298553, -20.3079433441], "max": [-4.54534673691, -4.30410575867, -5.4535369873, -5.78631258011, -5.39801692963, -8.49245452881], "dvar2": [0.339656323195, 0.54659307003, 0.567884206772, 0.667792320251, 0.655736207962, 0.82487475872], "median": [-6.3208322525, -6.58561134338, -7.63677787781, -8.23359298706, -8.26167297363, -10.8407592773], "dmean2": [0.680918753147, 0.809979379177, 0.84409403801, 0.89785027504, 0.856441378593, 1.05115449429], "dmean": [0.449215382338, 0.525703668594, 0.555571913719, 0.588134348392, 0.567853212357, 0.686096012592], "var": [0.839412808418, 0.911537408829, 0.856016278267, 0.922779560089, 0.935535132885, 0.955629765987], "dvar": [0.174084424973, 0.246268779039, 0.243251234293, 0.276733487844, 0.270695924759, 0.320800095797], "mean": [-6.47946643829, -6.67523431778, -7.72427988052, -8.29521274567, -8.31588172913, -10.9066696167]}, "barkbands_flatness_db": {"min": 0.0473413281143, "max": 0.648708164692, "dvar2": 0.00418051797897, "median": 0.25184738636, "dmean2": 0.0729308649898, "dmean": 0.0469265244901, "var": 0.00539002520964, "dvar": 0.00163820222951, "mean": 0.256105482578}, "dynamic_complexity": 2.82199287415, "spectral_skewness": {"min": 0.490915060043, "max": 13.2234649658, "dvar2": 1.4604010582, "median": 2.78758764267, "dmean2": 0.995858669281, "dmean": 0.632822811604, "var": 1.17177498341, "dvar": 0.552613973618, "mean": 3.00430560112}, "erbbands_flatness_db": {"min": 0.0418421290815, "max": 0.45023021102, "dvar2": 0.00253191171214, "median": 0.153125345707, "dmean2": 0.0562445223331, "dmean": 0.0362683199346, "var": 0.00323905725963, "dvar": 0.00102193828207, "mean": 0.157862484455}, "hfc": {"min": 2.23835217028e-09, "max