{"lowlevel": {"spectral_complexity": {"min": 0, "max": 57, "dvar2": 19.9548854828, "median": 13, "dmean2": 4.13821315765, "dmean": 2.68141412735, "var": 83.8815307617, "dvar": 9.3554725647, "mean": 13.3491611481}, "silence_rate_20dB": {"min": 1, "max": 1, "dvar2": 0, "median": 1, "dmean2": 0, "dmean": 0, "var": 0, "dvar": 0, "mean": 1}, "average_loudness": 0.224578261375, "erbbands_spread": {"min": 0.811219453812, "max": 149.203033447, "dvar2": 233.40411377, "median": 36.65965271, "dmean2": 12.8847455978, "dmean": 8.47975540161, "var": 469.902618408, "dvar": 112.35660553, "mean": 40.8046379089}, "spectral_kurtosis": {"min": -1.1729580164, "max": 92.2657165527, "dvar2": 16.4597454071, "median": 2.64045834541, "dmean2": 2.18486022949, "dmean": 1.34827268124, "var": 24.1582107544, "dvar": 7.18480443954, "mean": 3.95097970963}, "barkbands_kurtosis": {"min": -1.86065101624, "max": 709.10144043, "dvar2": 420.454193115, "median": 0.704654574394, "dmean2": 6.51243591309, "dmean": 4.18375682831, "var": 506.392730713, "dvar": 189.651199341, "mean": 6.41467857361}, "spectral_strongpeak": {"min": 0, "max": 35.4703178406, "dvar2": 3.18867778778, "median": 0.497012257576, "dmean2": 1.07608830929, "dmean": 0.658610105515, "var": 4.40604257584, "dvar": 1.40400207043, "mean": 1.41870105267}, "spectral_spread": {"min": 1018535.75, "max": 40206492, "dvar2": 591780839424, "median": 5091150.5, "dmean2": 687388.4375, "dmean": 456149.6875, "var": 1840241180670.0, "dvar": 305797398528, "mean": 5066302.5}, "spectral_rms": {"min": 3.24915355038e-12, "max": 0.0176921524107, "dvar2": 1.0953436913e-06, "median": 0.00337395933457, "dmean2": 0.000843633548357, "dmean": 0.000588609778788, "var": 4.2470101107e-06, "dvar": 5.5580113667e-07, "mean": 0.00347529095598}, "erbbands": {"min": [5.10847641995e-21, 1.93226305321e-20, 8.65035919363e-21, 2.09392306391e-20, 2.54117897488e-20, 1.46401016405e-19, 2.01080575876e-19, 4.52534228009e-19, 6.37707707116e-19, 2.26139061276e-18, 1.69855334933e-18, 9.3435974869e-19, 8.53000590085e-19, 2.25898062205e-18, 7.55719486818e-18, 4.56498439396e-18, 2.35074990036e-18, 5.40836906113e-18, 4.55687719678e-18, 7.66119049633e-18, 9.62011383271e-18, 5.16269600561e-18, 7.96210804983e-18, 1.19861978005e-17, 1.2575303425e-17, 1.1556325271e-17, 1.89360568106e-17, 1.90381937639e-17, 1.61247594217e-17, 1.65273035581e-17, 1.91841712897e-17, 1.49622960371e-17, 1.71018814096e-17, 1.14056170993e-17, 1.24434301559e-17, 6.39069815091e-18, 3.29071907098e-18, 1.17761557566e-18, 2.96621254945e-19, 4.31582033899e-20], "max": [1.17242622375, 16.2443218231, 81.5087356567, 103.826751709, 336.319793701, 1411.57958984, 245.273910522, 687.195556641, 1046.43701172, 1188.96154785, 980.477722168, 3427.78320312, 2492.03613281, 1952.00842285, 3239.52905273, 3579.84936523, 2880.92553711, 4281.82714844, 2958.40136719, 1989.22619629, 1768.75720215, 1398.3684082, 445.3515625, 679.11706543, 582.724609375, 759.233215332, 1435.96875, 1587.19311523, 485.036956787, 168.451904297, 110.210700989, 54.2728004456, 17.6807365417, 6.23703813553, 4.60298204422, 2.29853415489, 0.740903437138, 0.185943886638, 0.0149794835597, 0.000359110126738], "dvar2": [0.00736924866214, 1.44587624073, 25.2403869629, 54.7574195862, 163.138381958, 1381.99743652, 160.345413208, 416.035919189, 1166.8314209, 944.80871582, 1967.64172363, 15515.3652344, 5017.15625, 1660.31140137, 7449.59814453, 2559.87744141, 7579.29150391, 9791.02539062, 1386.90441895, 2505.34179688, 1708.82067871, 548.16784668, 263.378204346, 237.253143311, 336.59375, 283.972473145, 646.519165039, 445.901550293, 77.4244766235, 24.9292011261, 28.0105075836, 4.97653198242, 0.82925337553, 0.226822048426, 0.080723747611, 0.0223161671311, 0.00218408834189, 0.000161808769917, 1.50422317802e-06, 7.29518723208e-10], "median": [0.00505772139877, 0.107014298439, 0.395279169083, 0.573072433472, 1.00863194466, 1.23029494286, 1.54864883423, 3.09955501556, 4.93407535553, 5.69129085541, 4.4779624939, 3.14209079742, 4.95188140869, 3.82977581024, 4.39140987396, 4.53407239914, 5.41666316986, 6.30106735229, 4.78466749191, 5.52609729767, 4.67425632477, 5.86439609528, 7.40266227722, 7.23648548126, 7.61826658249, 8.91489505768, 6.19315195084, 4.74050664902, 3.63733434677, 2.57498002052, 1.89231240749, 1.01067876816, 0.476272970438, 0.261009514332, 0.153479725122, 0.0706387162209, 0.0189414788038, 0.00363035826012, 0.000244647526415, 2.59329317487e-05], "dmean2": [0.0311425160617, 0.516569435596, 2.0428609848, 2.82293534279, 4.48527145386, 5.47328710556, 5.32438707352, 9.2784986496, 14.161898613, 14.7491083145, 16.8848114014, 31.1529426575, 21.5417461395, 14.7386426926, 19.5509872437, 15.2067928314, 25.6072826385, 26.0052871704, 13.1927156448, 17.4685134888, 14.5544147491, 10.5611543655, 9.08788490295, 7.92320823669, 9.09488582611, 9.2105512619, 10.8662195206, 9.09781646729, 4.30518722534, 2.89453005791, 2.8064160347, 1.25417804718, 0.545443058014, 0.284442692995, 0.170820891857, 0.0864454209805, 0.0256670117378, 0.00643715448678, 0.000594346842263, 1.61836887855e-05], "dmean": [0.0193403568119, 0.322669774294, 1.25741112232, 1.6257506609, 2.67698836327, 3.1867647171, 3.22096943855, 5.8467001915, 8.95639705658, 9.65870285034, 11.0364780426, 22.1555595398, 14.5309181213, 10.0729093552, 13.1860370636, 10.5921382904, 17.5908622742, 17.8851909637, 9.12965297699, 12.204000473, 10.114118576, 7.13786077499, 5.98534345627, 5.187063694, 5.76679229736, 6.01789903641, 7.27379322052, 6.0769405365, 2.87039375305, 1.85067772865, 1.75522685051, 0.800678312778, 0.348055690527, 0.182991966605, 0.11101269722, 0.0577576458454, 0.0174964014441, 0.00424493290484, 0.00036475804518, 1.07301220851e-05], "var": [0.00299320858903, 0.756962001324, 12.9030475616, 18.1627864838, 61.221534729, 392.042572021, 82.2824020386, 354.48236084, 1266.6048584, 1476.74719238, 3177.55834961, 39048.6640625, 13973.5322266, 3983.36523438, 21320.3535156, 10070.0019531, 16352.1923828, 18117.4960938, 3857.65405273, 5463.32470703, 4036.32446289, 1481.74255371, 435.118011475, 650.920776367, 644.232543945, 623.868347168, 1820.98535156, 1592.26184082, 216.118911743, 56.8504333496, 49.7232131958, 11.8002147675, 1.72968971729, 0.458942592144, 0.215462833643, 0.0614184327424, 0.00631121033803, 0.000300471874652, 1.6190289216e-06, 1.54319279577e-09], "dvar": [0.00287682167254, 0.597775280476, 9.62994861603, 19.1268768311, 59.7005233765, 507.111907959, 62.3033866882, 173.679595947, 500.05255127, 465.774871826, 991.306884766, 9622.40722656, 2740.36401367, 927.747924805, 3750.93774414, 1427.32849121, 4413.37646484, 5515.90771484, 830.376098633, 1444.22668457, 928.039672852, 289.353881836, 126.019264221, 120.107803345, 155.834121704, 136.221435547, 328.589996338, 232.398071289, 38.7033576965, 10.4134397507, 10.8966302872, 2.0670542717, 0.351492136717, 0.0994198992848, 0.0361938402057, 0.0107547882944, 0.00109230319504, 7.39115057513e-05, 5.88443981542e-07, 3.09884951033e-10], "mean": [0.0228596143425, 0.409149199724, 1.57169020176, 1.85011100769, 3.34701538086, 3.76015329361, 4.46768569946, 9.65508937836, 16.7584285736, 19.9806785583, 21.5484008789, 50.9436569214, 35.0957374573, 22.7605724335, 31.2964401245, 23.6416988373, 37.5124816895, 40.460773468, 21.0944786072, 28.0960083008, 24.7228946686, 17.7669219971, 14.1778297424, 14.0647325516, 15.3174266815, 16.9405727386, 20.8556938171, 17.9587974548, 8.55769443512, 5.56066083908, 4.88620567322, 2.50000190735, 1.05378317833, 0.553715646267, 0.367503285408, 0.189981564879, 0.0583327636123, 0.0121026048437, 0.000859951018356, 3.85828316212e-05]}, "zerocrossingrate": {"min": 0.0029296875, "max": 0.513671875, "dvar2": 0.000171251012944, "median": 0.078125, "dmean2": 0.0127349235117, "dmean": 0.0109806517139, "var": 0.00177747244015, "dvar": 0.000136529153679, "mean": 0.0793353691697}, "spectral_contrast_coeffs": {"min": [-0.957582175732, -0.992807030678, -0.961452543736, -0.973890185356, -0.978856980801, -0.960519254208], "max": [-0.231887564063, -0.320014864206, -0.36613702774, -0.416874527931, -0.474840670824, -0.427784651518], "dvar2": [0.00483620073646, 0.00404579145834, 0.00310594309121, 0.0029704826884, 0.00163886288647, 0.000838195846882], "median": [-0.676455020905, -0.733195781708, -0.763422250748, -0.772524237633, -0.780007362366, -0.751025438309], "dmean2": [0.0865968763828, 0.0788515135646, 0.0653791353106, 0.0574529953301, 0.0415086559951, 0.0287108514458], "dmean": [0.0524833574891, 0.0489670410752, 0.0423049218953, 0.0375683680177, 0.0268556363881, 0.0184776056558], "var": [0.00694053666666, 0.00882164202631, 0.00961685273796, 0.00982666481286, 0.00488319387659, 0.00383004080504], "dvar": [0.00185311492532, 0.00168205460068, 0.00153249385767, 0.00152735342272, 0.00082163506886, 0.000417469243985], "mean": [-0.671053528786, -0.720273017883, -0.747409045696, -0.754836142063, -0.776307702065, -0.746724784374]}, "dissonance": {"min": 0.141788959503, "max": 0.500000119209, "dvar2": 0.0012673381716, "median": 0.467906802893, "dmean2": 0.035598449409, "dmean": 0.021261619404, "var": 0.00154844450299, "dvar": 0.000486461882247, "mean": 0.456429839134}, "spectral_energyband_high": {"min": 7.77667471323e-21, "max": 0.0364829562604, "dvar2": 7.39372580938e-07, "median": 0.000587454531342, "dmean2": 0.000456924142782, "dmean": 0.000316884164931, "var": 3.534032885e-06, "dvar": 3.95838071654e-07, "mean": 0.00129631976597}, "gfcc": {"mean": [-44.4313087463, 65.1048278809, -114.639633179, 32.3131370544, -65.2282180786, 8.30988121033, -32.5666656494, 6.06601142883, -22.4972457886, 7.7367067337, -17.5027065277, 1.49633300304, -16.2844867706], "icov": [[0.000104522645415, -4.1762174078e-05, 0.000189817452338, -0.000121350225527, 0.000185498487554, -0.000219600959099, 8.93444375833e-05, -0.000264336151304, 0.000415133312345, -0.000273135432508, 0.000336556637194, -0.000119515221741, 0.000217701599468], [-4.1762174078e-05, 0.0016412793193, -0.000747754413169, 0.000936335651204, -0.000947911350522, 0.000491263985168, -0.000275753554888, 0.00175547320396, -0.00175276852679, 0.00236118398607, -0.00240350328386, 0.00206046062522, -0.00136716442648], [0.000189817452338, -0.000747754413169, 0.00138531031553, -0.00102422502823, 0.000406342354836, -0.000445906160166, 9.90198022919e-05, -0.00188043422531, 0.00231646979228, -0.000915495038498, 0.0016275732778, -0.00144304684363, 0.00157064374071], [-0.000121350225527, 0.000936335651204, -0.00102422502823, 0.00416593905538, -0.00185271410737, -0.000433770124801, -0.00021244729578, 0.00156836642418, -0.00141543988138, 0.00135222694371, -0.000805280986242, 0.00111540278886, -0.000733605353162], [0.000185498487554, -0.000947911350522, 0.000406342354836, -0.00185271410737, 0.0067375227809, -0.00318366684951, 0.000515185354743, -0.000712863111403, 0.000278736930341, -0.00102019438054, 0.000268783187494, -0.000376315001631, 0.000875636702403], [-0.000219600959099, 0.000491263985168, -0.000445906160166, -0.000433770124801, -0.00318366684951, 0.010986931622, -0.00427743606269, -0.00102449115366, 0.00136980076786, -0.00199566362426, 0.00164040597156, -0.00116268487182, 0.000195218584849], [8.93444375833e-05, -0.000275753554888, 9.90198022919e-05, -0.00021244729578, 0.000515185354743, -0.00427743606269, 0.0109124751762, -0.00197178288363, -0.00295794126578, 0.00261607253924, -0.000361998274457, 0.000362960679922, -0.00116611586418], [-0.000264336151304, 0.00175547320396, -0.00188043422531, 0.00156836642418, -0.000712863111403, -0.00102449115366, -0.00197178288363, 0.0134412944317, -0.00674970401451, 0.00301597220823, -0.00174196180888, -0.000735239998903, 0.0019064610824], [0.000415133312345, -0.00175276852679, 0.00231646979228, -0.00141543988138, 0.000278736930341, 0.00136980076786, -0.00295794126578, -0.00674970401451, 0.0194528196007, -0.0107486667112, 0.00212069461122, 0.00376927689649, -0.00236588553526], [-0.000273135432508, 0.00236118398607, -0.000915495038498, 0.00135222694371, -0.00102019438054, -0.00199566362426, 0.00261607253924, 0.00301597220823, -0.0107486667112, 0.0182809252292, -0.00615694420412, -0.00095285376301, 0.00115716259461], [0.000336556637194, -0.00240350328386, 0.0016275732778, -0.000805280986242, 0.000268783187494, 0.00164040597156, -0.000361998274457, -0.00174196180888, 0.00212069461122, -0.00615694420412, 0.0180494282395, -0.0108860190958, 0.00542068434879], [-0.000119515221741, 0.00206046062522, -0.00144304684363, 0.00111540278886, -0.000376315001631, -0.00116268487182, 0.000362960679922, -0.000735239998903, 0.00376927689649, -0.00095285376301, -0.0108860190958, 0.0235956944525, -0.0121877947822], [0.000217701599468, -0.00136716442648, 0.00157064374071, -0.000733605353162, 0.000875636702403, 0.000195218584849, -0.00116611586418, 0.0019064610824, -0.00236588553526, 0.00115716259461, 0.00542068434879, -0.0121877947822, 0.019380133599]], "cov": [[16618.875, -1993.58630371, -2173.80493164, 19.1648368835, -370.218688965, 292.324798584, -118.953010559, 141.568771362, -95.8053665161, 262.613098145, -262.223175049, -20.1988773346, -124.456481934], [-1993.58630371, 1548.19006348, 437.16305542, -118.148925781, 104.866539001, -117.854949951, 26.7543869019, -124.390625, 8.73837280273, -161.38835144, 87.0014266968, -64.4589080811, 47.8360862732], [-2173.80493164, 437.16305542, 2083.64868164, 337.603240967, 160.208831787, 122.268737793, 48.185256958, 124.471183777, -181.61807251, -132.986450195, -56.7055549622, 16.3550453186, -106.729774475], [19.1648368835, -118.148925781, 337.603240967, 388.932128906, 113.921600342, 86.1054992676, 27.2565784454, 24.2506694794, -22.8916454315, -11.8939247131, -33.3036689758, -5.65449142456, -24.2737159729], [-370.218688965, 104.866539001, 160.208831787, 113.921600342, 232.094451904, 77.7362365723, 29.744890213, 16.0636672974, 7.62447547913, 1.09999203682, 3.26146960258, -4.38513183594, -10.9800052643], [292.324798584, -117.854949951, 122.268737793, 86.1054992676, 77.7362365723, 168.328536987, 58.2046203613, 47.1300697327, -4.47269582748, 16.7899856567, -23.393327713, 8.53940391541, -14.2245674133], [-118.953010559, 26.7543869019, 48.185256958, 27.2565784454, 29.744890213, 58.2046203613, 131.232803345, 36.2859306335, 26.4424819946, -9.00689029694, -7.08555603027, -3.39922595024, 6.35682058334], [141.568771362, -124.390625, 124.471183777, 24.2506694794, 16.0636672974, 47.1300697327, 36.2859306335, 129.650390625, 25.7262058258, 16.1853656769, -8.23676872253, 4.43147134781, -24.0412769318], [-95.8053665161, 8.73837280273, -181.61807251, -22.8916454315, 7.62447547913, -4.47269582748, 26.4424819946, 25.7262058258, 121.529098511, 56.3624305725, 13.4937982559, -15.5881404877, 12.1994142532], [262.613098145, -161.38835144, -132.986450195, -11.8939247131, 1.09999203682, 16.7899856567, -9.00689029694, 16.1853656769, 56.3624305725, 118.681358337, 30.2291927338, 16.7612667084, -4.48057746887], [-262.223175049, 87.0014266968, -56.7055549622, -33.3036689758, 3.26146960258, -23.393327713, -7.08555603027, -8.23676872253, 13.4937982559, 30.2291927338, 107.551239014, 40.9610214233, 8.40982246399], [-20.1988773346, -64.4589080811, 16.3550453186, -5.65449142456, -4.38513183594, 8.53940391541, -3.39922595024, 4.43147134781, -15.5881404877, 16.7612667084, 40.9610214233, 90.4415054321, 36.128036499], [-124.456481934, 47.8360862732, -106.729774475, -24.2737159729, -10.9800052643, -14.2245674133, 6.35682058334, -24.0412769318, 12.1994142532, -4.48057746887, 8.40982246399, 36.128036499, 89.6144790649]]}, "spectral_flux": {"min": 1.04023664682e-10, "max": 0.448405891657, "dvar2": 0.00186768802814, "median": 0.0523219630122, "dmean2": 0.0369145236909, "dmean": 0.0228970013559, "var": 0.0020643863827, "dvar": 0.000749774568249, "mean": 0.0612800344825}, "silence_rate_30dB": {"min": 0, "max": 1, "dvar2": 0.00453920708969, "median": 1, "dmean2": 0.00385587033816, "dmean": 0.00192790303845, "var": 0.00188853126019, "dvar": 0.00192158983555, "mean": 0.998105347157}, "spectral_energyband_middle_high": {"min": 1.37729742224e-21, "max": 0.088767491281, "dvar2": 1.82666899491e-05, "median": 0.00221312651411, "dmean2": 0.00229701329954, "dmean": 0.00159685045946, "var": 6.85491104377e-05, "dvar": 1.03498359749e-05, "mean": 0.0055817826651}, "barkbands_spread": {"min": 0.243266388774, "max": 116.729949951, "dvar2": 114.12109375, "median": 23.8271522522, "dmean2": 9.10583686829, "dmean": 5.91568374634, "var": 270.877807617, "dvar": 52.5498123169, "mean": 25.8473491669}, "spectral_centroid": {"min": 117.986427307, "max": 10747.8769531, "dvar2": 213209.09375, "median": 1708.53051758, "dmean2": 407.395355225, "dmean": 266.390258789, "var": 688318.875, "dvar": 100765.296875, "mean": 1674.97119141}, "pitch_salience": {"min": 0.0624329559505, "max": 0.982900559902, "dvar2": 0.0111866295338, "median": 0.573303699493, "dmean2": 0.11553991586, "dmean": 0.0726989284158, "var": 0.0167459975928, "dvar": 0.00468579865992, "mean": 0.561546087265}, "erbbands_skewness": {"min": -4.92753791809, "max": 8.95578861237, "dvar2": 0.370392531157, "median": 0.304416418076, "dmean2": 0.543123543262, "dmean": 0.363383829594, "var": 1.06970512867, "dvar": 0.180831089616, "mean": 0.481812208891}, "erbbands_crest": {"min": 1.99319553375, "max": 32.8462486267, "dvar2": 15.5213632584, "median": 8.26407241821, "dmean2": 3.74049472809, "dmean": 2.3838326931, "var": 32.4185714722, "dvar": 7.40409326553, "mean": 9.90344142914}, "melbands": {"min": [3.8936953125e-23, 1.14922439964e-23, 3.17077493536e-24, 5.93020150714e-24, 8.01546104121e-24, 9.30629307309e-24, 1.40890352569e-23, 2.46768738913e-23, 1.19875058611e-23, 5.90878393356e-24, 4.28034428337e-24, 7.57988439265e-24, 2.32272646695e-23, 2.18739485431e-23, 6.71263280155e-24, 3.68948509878e-24, 1.12200451745e-23, 5.65264908068e-24, 1.06772071086e-23, 1.10822146082e-23, 1.04582074884e-23, 5.17135005404e-24, 4.31311395981e-24, 9.49592971268e-24, 9.50873765833e-24, 1.1096474058e-23, 6.83506716949e-24, 7.69061364247e-24, 1.29859615868e-23, 8.56534836811e-24, 1.23128297318e-23, 9.60210250191e-24, 8.42941422351e-24, 9.51868677207e-24, 1.22363094351e-23, 9.18134302773e-24, 8.65397373537e-24, 1.21342095347e-23, 9.70492578774e-24, 9.25819701256e-24], "max": [0.0128045696765, 0.0325717926025, 0.0183216463774, 0.0725718289614, 0.0164088625461, 0.0154841607437, 0.0137206660584, 0.0111473454162, 0.0119570000097, 0.0184583123773, 0.0129306139424, 0.00817891862243, 0.0127187296748, 0.00596603890881, 0.00832699984312, 0.00676763476804, 0.00901980698109, 0.00656071538106, 0.00242265802808, 0.00378262554295, 0.00182885490358, 0.00193512998521, 0.000864324101713, 0.000508121564053, 0.000670208653901, 0.000499379297253, 0.000871767872013, 0.000713021319825, 0.000671278510708, 0.00165509746876, 0.000704296631739, 0.000262669171207, 0.000160590425367, 8.52604280226e-05, 6.66644555167e-05, 4.62983771286e-05, 3.75339986931e-05, 1.65447054314e-05, 1.08155718408e-05, 6.04527758696e-06], "dvar2": [1.03224135728e-06, 4.26428596256e-06, 1.51343101606e-06, 4.1852645154e-06, 2.76792547993e-07, 2.04122102332e-07, 2.26423949812e-07, 1.09372983559e-07, 2.34063151083e-07, 5.11955249749e-07, 1.28455383219e-07, 2.99512947777e-08, 8.90252849217e-08, 2.19265192669e-08, 2.71575615329e-08, 5.76619356707e-08, 3.85896044008e-08, 6.46424602735e-09, 3.43473760545e-09, 8.59115090179e-09, 2.29812324726e-09, 1.00541253101e-09, 3.5968245049e-10, 2.53509546688e-10, 1.97977967353e-10, 2.8370578109e-10, 1.95470403752e-10, 1.9183810096e-10, 2.90724139207e-10, 3.72680108995e-10, 1.63071514625e-10, 3.5657678199e-11, 1.46214724356e-11, 7.11125125799e-12, 1.12975930694e-11, 4.89819296234e-12, 2.28304679849e-12, 6.05766305173e-13, 2.84938359799e-13, 1.92316635165e-13], "median": [7.50987819629e-05, 0.000214843836147, 0.000129838401335, 9.06871864572e-05, 5.63434659853e-05, 6.94196569384e-05, 7.46824080124e-05, 5.16914515174e-05, 2.64151931333e-05, 1.57522372319e-05, 1.96777909878e-05, 1.1205715964e-05, 1.08040949272e-05, 8.82334734342e-06, 6.69762266625e-06, 7.0307637543e-06, 8.57790018927e-06, 4.7634925977e-06, 4.46730609838e-06, 5.56289160158e-06, 3.66825224773e-06, 4.60321462015e-06, 6.23298001301e-06, 4.73993623018e-06, 5.12040560352e-06, 5.26427265868e-06, 4.51055620942e-06, 5.2853656598e-06, 3.81177301279e-06, 2.8097856557e-06, 2.58539648712e-06, 1.96133623831e-06, 1.54529834617e-06, 1.21562800359e-06, 1.14568524623e-06, 7.30144961381e-07, 5.59525346944e-07, 3.48563190755e-07, 2.32009796264e-07, 2.06898619126e-07], "dmean2": [0.000410242035287, 0.000886662921403, 0.000502079434227, 0.000382140569855, 0.000184844742762, 0.000205963748158, 0.000211165461224, 0.000158440525411, 0.00015722012904, 0.000188170874026, 0.000107779764221, 6.24926833552e-05, 6.77557327435e-05, 3.96658069803e-05, 5.31464538653e-05, 6.28440102446e-05, 5.16253858223e-05, 2.51295405178e-05, 1.89974762179e-05, 3.15084616886e-05, 1.6005420548e-05, 1.28985966512e-05, 9.77455965767e-06, 7.69455709815e-06, 6.99326437825e-06, 8.44825081003e-06, 6.19043657935e-06, 7.14152020009e-06, 7.18296359992e-06, 7.60029979574e-06, 5.43924670637e-06, 2.85112150777e-06, 2.11291217056e-06, 1.54106089667e-06, 1.84164059647e-06, 1.19151093259e-06, 8.30477347336e-07, 4.67226442424e-07, 3.08928861159e-07, 2.60723908241e-07], "dmean": [0.000256120256381, 0.000557431485504, 0.000295267818728, 0.00022362076561, 0.00011189946963, 0.00012971185788, 0.000134755464387, 0.000103677994048, 0.000105037070171, 0.000133326131618, 7.24803467165e-05, 4.26698352385e-05, 4.52446329291e-05, 2.74938902294e-05, 3.71076457668e-05, 4.25949147029e-05, 3.55212832801e-05, 1.73435364559e-05, 1.32391596708e-05, 2.18411369133e-05, 1.09629563667e-05, 8.75428213476e-06, 6.34209072814e-06, 5.1031656767e-06, 4.55955478174e-06, 5.24473261976e-06, 3.99306827603e-06, 4.63930791739e-06, 4.78791889691e-06, 5.06243941345e-06, 3.57762496606e-06, 1.87814316632e-06, 1.3489277535e-06, 9.74895897343e-07, 1.14405338536e-06, 7.40912867059e-07, 5.20622904787e-07, 2.92909902555e-07, 1.93671652937e-07, 1.6511398826e-07], "var": [4.94938660722e-07, 2.40623762693e-06, 5.69404619455e-07, 1.15855743843e-06, 1.33601346874e-07, 1.67890590319e-07, 2.66038568952e-07, 1.68682035451e-07, 4.33184396798e-07, 1.28240355934e-06, 3.61075620958e-07, 6.82016576548e-08, 2.54537411593e-07, 4.78579913477e-08, 9.59760413366e-08, 1.08972287194e-07, 7.76504123223e-08, 1.9596777534e-08, 6.58344934124e-09, 2.02459791154e-08, 4.77666217691e-09, 2.78405676291e-09, 5.26820753688e-10, 4.35923019904e-10, 5.34539634778e-10, 4.07963163251e-10, 2.80281270415e-10, 4.03458072507e-10, 5.72801917009e-10, 1.32965360944e-09, 4.20728951678e-10, 7.8054902819e-11, 3.33151319032e-11, 1.32464759647e-11, 1.81934103199e-11, 8.98307556813e-12, 3.86442917596e-12, 9.61068247554e-13, 4.64749441188e-13, 3.10279688227e-13], "dvar": [4.18824754433e-07, 1.69793054283e-06, 5.398166536e-07, 1.50450762249e-06, 1.09418543559e-07, 8.40085121467e-08, 9.85198198578e-08, 5.46494405285e-08, 1.27353374069e-07, 3.15191016398e-07, 7.0540266961e-08, 1.68755622809e-08, 4.34513260927e-08, 1.20049952201e-08, 1.53446055862e-08, 3.24432818388e-08, 2.24162253204e-08, 3.99750721414e-09, 2.05279815368e-09, 4.84758766461e-09, 1.24566668092e-09, 5.40415379113e-10, 1.74844944079e-10, 1.30868663129e-10, 1.00956507043e-10, 1.21046173085e-10, 8.6006146649e-11, 9.46172862282e-11, 1.48124928989e-10, 1.99138594503e-10, 8.18295362026e-11, 1.72631561823e-11, 6.32138221976e-12, 2.9147240177e-12, 4.36871155571e-12, 1.89794057207e-12, 9.25501537387e-13, 2.45097209672e-13, 1.19659097626e-13, 8.11523225464e-14], "mean": [0.000315834942739, 0.000744870514609, 0.000368147913832, 0.000271575030638, 0.00015646617976, 0.000216101499973, 0.000259109277977, 0.000208687793929, 0.000206882497878, 0.000301897554891, 0.00016817987489, 8.97842110135e-05, 0.000105618782982, 5.57669736736e-05, 7.63909047237e-05, 8.50867145346e-05, 7.63215430197e-05, 3.69201334252e-05, 2.57742212852e-05, 4.95065760333e-05, 2.36749165197e-05, 1.97367699002e-05, 1.38536852319e-05, 1.11042854769e-05, 1.13455125756e-05, 1.19429705592e-05, 9.84121652436e-06, 1.17264753499e-05, 1.21484645206e-05, 1.37440920298e-05, 9.49428704189e-06, 4.90434103995e-06, 3.64461675417e-06, 2.67573386736e-06, 2.94754363495e-06, 2.03198283089e-06, 1.39397286603e-06, 7.72922533088e-07, 5.23298297139e-07, 4.45142887884e-07]}, "spectral_entropy": {"min": 4.07450675964, "max": 9.81272506714, "dvar2": 0.101583406329, "median": 7.6845126152, "dmean2": 0.287509739399, "dmean": 0.196995005012, "var": 0.404545754194, "dvar": 0.0515477918088, "mean": 7.51523923874}, "spectral_rolloff": {"min": 43.06640625, "max": 19229.1503906, "dvar2": 1737126.5, "median": 1701.12304688, "dmean2": 958.476989746, "dmean": 587.633544922, "var": 2817031.75, "dvar": 804461.3125, "mean": 2108.92041016}, "barkbands": {"min": [1.14413585237e-23, 1.16387124318e-22, 6.65205853922e-24, 6.42358943271e-24, 3.42707146529e-23, 4.38222109389e-23, 1.0336080934e-22, 8.03007453171e-23, 4.66484660595e-23, 2.25507422904e-23, 1.23939905816e-22, 1.68494214385e-22, 5.07109324828e-23, 9.75260343645e-23, 1.24448197296e-22, 1.67764966121e-22, 9.31051631883e-23, 1.5342736237e-22, 2.82895542301e-22, 2.76308970261e-22, 4.54680493108e-22, 4.5621434163e-22, 6.61954263934e-22, 8.4727084246e-22, 1.35066992095e-21, 1.6696912285e-21, 2.51588901818e-21], "max": [0.00110009789933, 0.059373177588, 0.0829304456711, 0.0462379232049, 0.269377529621, 0.0653811767697, 0.0555281750858, 0.0547901019454, 0.124372579157, 0.0738416537642, 0.0769950225949, 0.0781384035945, 0.0685186386108, 0.0712343901396, 0.0311143510044, 0.0444217175245, 0.020672917366, 0.00894722249359, 0.00968692172319, 0.0158996507525, 0.0340473242104, 0.00839133001864, 0.0030900829006, 0.00168053468224, 0.000583268003538, 0.000380313256755, 9.26639913814e-05], "dvar2": [2.94346857999e-09, 2.06804052141e-05, 2.49073364103e-05, 5.95888150201e-06, 5.71769414819e-05, 4.19792331741e-06, 4.67251811642e-06, 2.94974347526e-06, 2.20269539568e-05, 4.11308292314e-06, 4.06845310863e-06, 1.8820958303e-06, 4.92313165523e-06, 3.61389561476e-06, 5.10122447395e-07, 1.11814472348e-06, 2.27064077762e-07, 1.08429603074e-07, 1.2026538343e-07, 1.53202421416e-07, 3.74743819975e-07, 4.39074909764e-08, 1.9839301757e-08, 5.63590907277e-09, 1.42093947719e-09, 7.30141280769e-10, 5.53904214162e-11], "median": [2.88306341645e-06, 0.000357616168913, 0.000307986687403, 0.000152395979967, 0.000435638590716, 0.000310435541905, 0.000332610710757, 0.000161852658493, 0.000104310209281, 9.62118065218e-05, 6.95115450071e-05, 7.43046766729e-05, 5.97016623942e-05, 7.29661041987e-05, 5.16204709129e-05, 6.74728435115e-05, 8.74172255863e-05, 0.000108870270196, 0.000151173677295, 0.000172346626641, 0.000126587765408, 9.95403315756e-05, 6.49755747872e-05, 3.75780036848e-05, 2.24996456382e-05, 1.24450598378e-05, 1.46321463035e-06], "dmean2": [2.16801872739e-05, 0.00191795732826, 0.00198754644953, 0.000965123064816, 0.00155008572619, 0.000964538136031, 0.00103998091072, 0.000725995050743, 0.00123838265426, 0.000655730778817, 0.00049508997472, 0.000388444605051, 0.000616367266048, 0.00050339003792, 0.000239250512095, 0.000374540686607, 0.000212513012229, 0.000170193452504, 0.00018874698435, 0.00019895202422, 0.000262505054707, 0.00011587296467, 8.09852135717e-05, 4.41572628915e-05, 2.25834719458e-05, 1.50133482748e-05, 3.64198103853e-06], "dmean": [1.35579111884e-05, 0.00118877273053, 0.00120582384989, 0.000556442828383, 0.000918918696698, 0.000604753615335, 0.000671749468893, 0.000467145408038, 0.000868812960107, 0.000444688717835, 0.000329995469656, 0.000265117065283, 0.000418297364376, 0.000343457533745, 0.000163904478541, 0.00025744739105, 0.000142673758091, 0.000112171190267, 0.000119689866551, 0.000130212662043, 0.000176500645466, 7.62577546993e-05, 5.14011735504e-05, 2.81317516055e-05, 1.48490871652e-05, 1.03921665868e-05, 2.27338159675e-06], "var": [1.80650905346e-09, 1.027979215e-05, 1.17833842523e-05, 2.39809014602e-06, 1.73068601725e-05, 3.26896611114e-06, 6.64074559609e-06, 3.88735315937e-06, 5.06856667926e-05, 1.1509738215e-05, 1.13456317195e-05, 6.39480776954e-06, 8.18021089799e-06, 7.01092585587e-06, 8.59554290855e-07, 2.63044898929e-06, 5.9686158238e-07, 1.83035879786e-07, 2.53169503139e-07, 2.70904450872e-07, 1.31039223561e-06, 1.12079916903e-07, 4.50277219954e-08, 1.30905792872e-08, 3.72463060394e-09, 2.29685670483e-09, 6.22172452447e-11], "dvar": [1.31136368431e-09, 8.47596402309e-06, 9.27878863877e-06, 2.20174274546e-06, 2.09107256524e-05, 1.73291357441e-06, 2.14654755837e-06, 1.45074943703e-06, 1.32400919028e-05, 2.34038839153e-06, 2.02996011467e-06, 1.02514184164e-06, 2.69301563094e-06, 1.99220448849e-06, 2.91688451171e-07, 6.16251043084e-07, 1.18118443027e-07, 5.39706626057e-08, 5.52017098698e-08, 7.11789525099e-08, 1.91502323332e-07, 2.09083257374e-08, 7.97551624743e-09, 2.36575847801e-09, 6.47270959053e-10, 3.75061814939e-10, 2.25110485808e-11], "mean": [1.54921181093e-05, 0.00146156654228, 0.00140993343666, 0.000587622402236, 0.00119530141819, 0.000966556603089, 0.00131428346504, 0.000812297628727, 0.00193218211643, 0.00100138585549, 0.000752077437937, 0.000536290986929, 0.000815565348603, 0.000739881477784, 0.000300212210277, 0.000584744731896, 0.000327406218275, 0.000246324430918, 0.000308103277348, 0.000344753672834, 0.000525358016603, 0.000221652298933, 0.000155123285367, 8.72538366821e-05, 4.98109220644e-05, 3.6170858948e-05, 5.22440586792e-06]}, "melbands_flatness_db": {"min": 0.00961548741907, "max": 0.684489667416, "dvar2": 0.0016745144967, "median": 0.159466773272, "dmean2": 0.0393116138875, "dmean": 0.0262269042432, "var": 0.0082342941314, "dvar": 0.000816512678284, "mean": 0.182729125023}, "melbands_skewness": {"min": -3.31810092926, "max": 21.195016861, "dvar2": 2.21110510826, "median": 1.92047286034, "dmean2": 1.17710077763, "dmean": 0.76626431942, "var": 4.0146279335, "dvar": 0.989284038544, "mean": 2.4071586132}, "barkbands_skewness": {"min": -2.86072802544, "max": 21.9037303925, "dvar2": 1.25665080547, "median": 1.05531668663, "dmean2": 0.866189718246, "dmean": 0.566585123539, "var": 2.63107824326, "dvar": 0.569107174873, "mean": 1.39423573017}, "silence_rate_60dB": {"min": 0, "max": 1, "dvar2": 0.104275979102, "median": 0, "dmean2": 0.101914636791, "dmean": 0.0509564727545, "var": 0.175459742546, "dvar": 0.0483844615519, "mean": 0.226873859763}, "spectral_energyband_low": {"min": 1.38934094275e-22, "max": 0.127374917269, "dvar2": 6.18906487944e-05, "median": 0.00102777476422, "dmean2": 0.0034744690638, "dmean": 0.00221104221418, "var": 3.78723379981e-05, "dvar": 2.53575672104e-05, "mean": 0.00318905850872}, "spectral_energyband_middle_low": {"min": 3.17507729596e-22, "max": 0.288478821516, "dvar2": 9.95113878162e-05, "median": 0.00401592580602, "dmean2": 0.00436482997611, "dmean": 0.00285975192674, "var": 0.000112805195386, "dvar": 4.26710794272e-05, "mean": 0.00727048749104}, "melbands_kurtosis": {"min": -1.73711431026, "max": 710.378295898, "dvar2": 1261.58898926, "median": 5.4699716568, "dmean2": 14.2361078262, "dmean": 9.06063652039, "var": 1453.38793945, "dvar": 537.544006348, "mean": 16.2162628174}, "spectral_decrease": {"min": -8.30631492477e-08, "max": 7.92510060983e-29, "dvar2": 1.16856954916e-17, "median": -2.72192557382e-09, "dmean2": 1.86493132048e-09, "dmean": 1.25963184328e-09, "var": 1.78683949416e-17, "dvar": 5.12372587259e-18, "mean": -3.94476185051e-09}, "erbbands_kurtosis": {"min": -1.80978572369, "max": 147.800140381, "dvar2": 16.2524471283, "median": -0.281641721725, "dmean2": 1.77589523792, "dmean": 1.16553771496, "var": 22.7139186859, "dvar": 7.5191283226, "mean": 1.07818651199}, "melbands_crest": {"min": 2.46796059608, "max": 36.4967880249, "dvar2": 21.595249176, "median": 12.8270263672, "dmean2": 5.22107315063, "dmean": 3.24619030952, "var": 31.6889438629, "dvar": 8.97334861755, "mean": 13.8934431076}, "melbands_spread": {"min": 0.258520156145, "max": 183.766921997, "dvar2": 239.391647339, "median": 26.6872062683, "dmean2": 12.3024978638, "dmean": 7.97883558273, "var": 477.961578369, "dvar": 110.796081543, "mean": 30.1274147034}, "spectral_energy": {"min": 1.08209231262e-20, "max": 0.320837557316, "dvar2": 0.000178077825694, "median": 0.0116681922227, "dmean2": 0.00746686384082, "dmean": 0.00507090520114, "var": 0.000308227754431, "dvar": 7.9468889453e-05, "mean": 0.0167328473181}, "mfcc": {"mean": [-690.058410645, 95.4676818848, 5.19478321075, 26.8669185638, -8.0792760849, 5.40323400497, -3.87018275261, 0.529644668102, -2.52308273315, 2.61047697067, -0.389666497707, 3.11394095421, -0.639680147171], "icov": [[9.10300586838e-05, 7.07268336555e-05, 0.000100604753243, -2.89532431452e-06, 0.000149048253661, -0.000121484103147, 4.37825747213e-07, -9.78629104793e-05, 0.000151209402247, -0.000274769234238, 0.000166920290212, 3.41971244779e-05, 1.96632172447e-05], [7.07268336555e-05, 0.000973967486061, -0.000185976750799, 0.000336391211022, -0.00017617586127, 2.43344347837e-05, -5.02184375364e-05, 0.000183741605724, -8.02813083283e-05, 0.00102775439154, -0.000662793288939, 0.000725060002878, -3.47839668393e-05], [0.000100604753243, -0.000185976750799, 0.00143399694934, -0.000685837410856, -0.000573563156649, 0.000566746515688, -0.00151770701632, -0.000390761590097, 7.83070354373e-05, -0.000389906053897, 0.000427631573984, -5.56321683689e-05, 0.000546069117263], [-2.89532431452e-06, 0.000336391211022, -0.000685837410856, 0.00602413946763, -0.00248797610402, -0.00128343980759, 0.000342137122061, -0.000598472543061, 0.000247435382335, -0.000164607379702, 0.000888730748557, -0.00131405319553, 0.000569287920371], [0.000149048253661, -0.00017617586127, -0.000573563156649, -0.00248797610402, 0.00875677075237, -0.00272772856988, -0.00123520346824, 0.000527056516148, -0.000402029952966, -0.000299668638036, -0.00227531371638, 0.00375180714764, -0.00300042470917], [-0.000121484103147, 2.43344347837e-05, 0.000566746515688, -0.00128343980759, -0.00272772856988, 0.0118614230305, -0.00470041995868, 0.00173809402622, -0.00368804833852, 0.00146694516297, 0.00140237307642, -0.00335187697783, 0.00184251123574], [4.37825747213e-07, -5.02184375364e-05, -0.00151770701632, 0.000342137122061, -0.00123520346824, -0.00470041995868, 0.0166165083647, -0.00862690247595, 0.00405519921333, -0.0017720956821, 0.00089675973868, 0.000426261191024, -0.000948929518927], [-9.78629104793e-05, 0.000183741605724, -0.000390761590097, -0.000598472543061, 0.000527056516148, 0.00173809402622, -0.00862690247595, 0.0162368640304, -0.00561558175832, 0.00129010446835, -0.00210195290856, 0.00195997487754, -0.000799992645625], [0.000151209402247, -8.02813083283e-05, 7.83070354373e-05, 0.000247435382335, -0.000402029952966, -0.00368804833852, 0.00405519921333, -0.00561558175832, 0.0141739547253, -0.00709225842729, 0.00501134665683, -0.00478363921866, 0.00187944597565], [-0.000274769234238, 0.00102775439154, -0.000389906053897, -0.000164607379702, -0.000299668638036, 0.00146694516297, -0.0017720956821, 0.00129010446835, -0.00709225842729, 0.0187339354306, -0.0108166085556, 0.00565912527964, 2.13512194023e-05], [0.000166920290212, -0.000662793288939, 0.000427631573984, 0.000888730748557, -0.00227531371638, 0.00140237307642, 0.00089675973868, -0.00210195290856, 0.00501134665683, -0.0108166085556, 0.017205607146, -0.00736350100487, 0.0020126469899], [3.41971244779e-05, 0.000725060002878, -5.56321683689e-05, -0.00131405319553, 0.00375180714764, -0.00335187697783, 0.000426261191024, 0.00195997487754, -0.00478363921866, 0.00565912527964, -0.00736350100487, 0.0133552430198, -0.00438907416537], [1.96632172447e-05, -3.47839668393e-05, 0.000546069117263, 0.000569287920371, -0.00300042470917, 0.00184251123574, -0.000948929518927, -0.000799992645625, 0.00187944597565, 2.13512194023e-05, 0.0020126469899, -0.00438907416537, 0.0102270552889]], "cov": [[16374.8886719, -1904.49780273, -1988.71435547, -323.243255615, -638.293457031, 24.8743095398, -254.327438354, -87.210395813, 29.9833316803, 211.580535889, -83.9728622437, 71.5194091797, -94.6784667969], [-1904.49780273, 1437.31237793, 408.808319092, -20.1079120636, 119.533157349, -40.0838890076, 54.4303245544, 5.83923721313, -72.5638961792, -79.9885253906, 6.19171237946, -107.803771973, 1.65717113018], [-1988.71435547, 408.808319092, 1403.89367676, 244.429428101, 280.331634521, 49.3645057678, 240.003295898, 149.910812378, 4.5281829834, 24.5407123566, 0.864212751389, -97.7793960571, -19.0231704712], [-323.243255615, -20.1079120636, 244.429428101, 261.534515381, 121.471977234, 68.9031906128, 62.3673057556, 42.4502868652, 25.4476890564, 7.83258962631, -4.15629196167, 8.82857036591, 5.18889188766], [-638.293457031, 119.533157349, 280.331634521, 121.471977234, 239.54675293, 55.2587089539, 83.1704711914, 45.2018623352, 4.79916954041, 18.1566467285, 14.0935192108, -43.015914917, 29.3255729675], [24.8743095398, -40.0838890076, 49.3645057678, 68.9031906128, 55.2587089539, 145.106964111, 47.7854804993, 23.3532943726, 48.1219863892, -2.20998811722, -10.0363445282, 37.2901535034, -1.18570637703], [-254.327438354, 54.4303245544, 240.003295898, 62.3673057556, 83.1704711914, 47.7854804993, 142.589523315, 76.996307373, 2.17553925514, 13.1149082184, 0.84228259325, -23.880147934, 8.59097766876], [-87.210395813, 5.83923721313, 149.910812378, 42.4502868652, 45.2018623352, 23.3532943726, 76.996307373, 115.749588013, 33.7501449585, 20.8722057343, 6.32770967484, -14.3770475388, 1.41137564182], [29.9833316803, -72.5638961792, 4.5281829834, 25.4476890564, 4.79916954041, 48.1219863892, 2.17553925514, 33.7501449585, 127.220474243, 35.0843162537, -1.03633725643, 37.8186302185, -13.4010601044], [211.580535889, -79.9885253906, 24.5407123566, 7.83258962631, 18.1566467285, -2.20998811722, 13.1149082184, 20.8722057343, 35.0843162537, 110.115608215, 52.8675498962, -15.1354265213, -17.4277629852], [-83.9728622437, 6.19171237946, 0.864212751389, -4.15629196167, 14.0935192108, -10.0363445282, 0.84228259325, 6.32770967484, -1.03633725643, 52.8675498962, 108.778625488, 28.5180168152, -2.20450305939], [71.5194091797, -107.803771973, -97.7793960571, 8.82857036591, -43.015914917, 37.2901535034, -23.880147934, -14.3770475388, 37.8186302185, -15.1354265213, 28.5180168152, 152.304855347, 34.3796157837], [-94.6784667969, 1.65717113018, -19.0231704712, 5.18889188766, 29.3255729675, -1.18570637703, 8.59097766876, 1.41137564182, -13.4010601044, -17.4277629852, -2.20450305939, 34.3796157837, 126.106559753]]}, "spectral_contrast_valleys": {"min": [-27.5065174103, -27.1923389435, -27.2496452332, -27.1886901855, -27.1694164276, -27.2006645203], "max": [-5.2513756752, -4.24258613586, -5.05382871628, -5.78924036026, -5.87369632721, -8.36355209351], "dvar2": [0.34726318717, 0.292555421591, 0.246586740017, 0.273894608021, 0.19790443778, 0.154972031713], "median": [-7.89357280731, -7.10451507568, -7.80850172043, -8.19701099396, -7.68894386292, -9.98776817322], "dmean2": [0.733456730843, 0.645990550518, 0.572900056839, 0.548339724541, 0.415926992893, 0.324536114931], "dmean": [0.457337021828, 0.405719637871, 0.36239027977, 0.353587836027, 0.276761829853, 0.228943929076], "var": [1.47663724422, 1.51352322102, 1.49816119671, 1.61200678349, 1.75494277477, 1.8962469101], "dvar": [0.152059063315, 0.131214022636, 0.11144451052, 0.122196167707, 0.0920253098011, 0.0843625068665], "mean": [-8.0939207077, -7.35831689835, -8.10781860352, -8.53325271606, -8.09974956512, -10.4176578522]}, "barkbands_flatness_db": {"min": 0.0101999333128, "max": 0.541215956211, "dvar2": 0.00109713291749, "median": 0.112413309515, "dmean2": 0.0324935093522, "dmean": 0.0217867586762, "var": 0.0053354781121, "dvar": 0.000542865192983, "mean": 0.130507186055}, "dynamic_complexity": 5.82051324844, "spectral_skewness": {"min": -0.0413314215839, "max": 8.0105009079, "dvar2": 0.168188542128, "median": 1.22733664513, "dmean2": 0.307846277952, "dmean": 0.197014212608, "var": 0.433828622103, "dvar": 0.0780633315444, "mean": 1.38773059845}, "erbbands_flatness_db": {"min": 0.0323578603566, "max": 0.44597402215, "dvar2": 0.000701806158759, "median": 0.146709293127, "dmean2": 0.0258796140552, "dmean": 0.0182614829391, "v