{"lowlevel": {"spectral_complexity": {"min": 0, "max": 62, "dvar2": 40.5032081604, "median": 11, "dmean2": 5.85150432587, "dmean": 3.75072932243, "var": 65.7081222534, "dvar": 19.3716926575, "mean": 11.8454589844}, "silence_rate_20dB": {"min": 1, "max": 1, "dvar2": 0, "median": 1, "dmean2": 0, "dmean": 0, "var": 0, "dvar": 0, "mean": 1}, "average_loudness": 0.95615619421, "erbbands_spread": {"min": 0.569294929504, "max": 212.725189209, "dvar2": 972.790893555, "median": 35.1273345947, "dmean2": 28.4336261749, "dmean": 19.4891300201, "var": 1099.45263672, "dvar": 450.366241455, "mean": 44.0901832581}, "spectral_kurtosis": {"min": -1.27199983597, "max": 277.701019287, "dvar2": 396.146759033, "median": 5.11404371262, "dmean2": 11.163564682, "dmean": 7.12735414505, "var": 341.359863281, "dvar": 169.853790283, "mean": 11.3253955841}, "barkbands_kurtosis": {"min": -1.96151196957, "max": 1694.59130859, "dvar2": 12381.6347656, "median": 6.8455619812, "dmean2": 34.3687973022, "dmean": 22.0613174438, "var": 6084.94091797, "dvar": 5134.59521484, "mean": 26.4180240631}, "spectral_strongpeak": {"min": 0, "max": 11.2154512405, "dvar2": 1.14307463169, "median": 0.463485985994, "dmean2": 0.611828327179, "dmean": 0.369228512049, "var": 0.562143921852, "dvar": 0.451154351234, "mean": 0.631692647934}, "spectral_spread": {"min": 356132.6875, "max": 42763356, "dvar2": 6909339369470.0, "median": 5938227, "dmean2": 2587181.25, "dmean": 1860169.875, "var": 17574343475200.0, "dvar": 3508857995260.0, "mean": 6322574}, "spectral_rms": {"min": 3.12919243468e-12, "max": 0.0141490884125, "dvar2": 5.65601885683e-06, "median": 0.00586097501218, "dmean2": 0.00240662810393, "dmean": 0.00157728325576, "var": 9.68431504589e-06, "dvar": 2.73581395049e-06, "mean": 0.00625354610384}, "erbbands": {"min": [1.61814544136e-22, 3.79408546735e-22, 1.44665599154e-21, 3.47402003613e-21, 1.33315681505e-20, 2.32109804095e-20, 4.32508346938e-20, 8.66578708141e-20, 2.06140245813e-19, 1.92144853912e-19, 2.59997729927e-19, 2.91370545061e-19, 6.14971252113e-19, 7.23549512557e-19, 6.82738489085e-19, 1.1026927611e-18, 7.99830816177e-19, 2.95481281154e-18, 2.83716477417e-18, 2.65259699807e-18, 4.0265961079e-18, 4.40751443434e-18, 5.29688992997e-18, 7.23949795595e-18, 4.97489209215e-18, 8.9763390143e-18, 9.86675427596e-18, 1.07191275012e-17, 1.10737878063e-17, 1.1541692446e-17, 1.0800647805e-17, 1.14851745034e-17, 1.0241231347e-17, 7.50894459587e-18, 6.27427041174e-18, 4.0852531395e-18, 2.28424437231e-18, 9.38675046548e-19, 2.33296443151e-19, 2.76264721349e-20], "max": [6.66452026367, 39.2875137329, 90.5529022217, 253.731399536, 356.080993652, 326.806030273, 632.589050293, 1015.1472168, 1192.52233887, 931.97857666, 1899.00463867, 667.883850098, 1423.17663574, 1381.54943848, 527.33203125, 1281.31958008, 605.163208008, 761.29864502, 1083.51647949, 661.618652344, 290.949615479, 425.298553467, 183.498199463, 155.996704102, 169.470321655, 149.406204224, 135.53352356, 128.393844604, 154.877319336, 173.968078613, 357.830810547, 168.82963562, 87.8607940674, 61.3605613708, 31.1246566772, 13.2044086456, 5.74147987366, 1.00929391384, 0.126597359776, 0.00715174293146], "dvar2": [1.03034698963, 58.9635505676, 329.090881348, 1545.23461914, 4223.34521484, 2102.09472656, 4163.75878906, 4947.56835938, 5986.31884766, 1666.58190918, 3784.71289062, 2238.12280273, 2304.32788086, 4049.95263672, 1265.90588379, 2466.35668945, 2225.16845703, 4165.24804688, 3558.3269043, 1150.7623291, 710.69140625, 739.153198242, 278.976928711, 187.534942627, 88.4022445679, 96.3502197266, 50.4921417236, 47.5350189209, 163.494842529, 454.227905273, 2664.58520508, 473.095062256, 161.003112793, 43.8608551025, 11.5077819824, 3.99447870255, 0.860755383968, 0.0246845185757, 0.000300950516248, 8.53671679124e-07], "median": [0.332755863667, 1.07948040962, 0.998360514641, 1.96250450611, 3.21927332878, 5.67140007019, 4.91700744629, 5.3969783783, 5.54456806183, 5.80582809448, 5.84676265717, 5.74823284149, 6.97811031342, 9.38435935974, 5.01793289185, 6.99776792526, 5.56213283539, 4.82888460159, 4.19992399216, 2.73107194901, 2.02415275574, 1.54294848442, 0.825527429581, 0.435882747173, 0.399985671043, 0.408301651478, 0.30263620615, 0.344107925892, 0.437683820724, 0.617680311203, 1.48843836784, 0.596273422241, 0.330846935511, 0.187388330698, 0.112695232034, 0.0698377490044, 0.0294949226081, 0.00480002351105, 0.000593914475758, 0.000120194643387], "dmean2": [0.695336103439, 4.16122722626, 7.68588209152, 18.0394020081, 29.6978931427, 27.5636062622, 39.0703239441, 40.1772613525, 37.9144287109, 23.6065769196, 30.9787254333, 24.8036708832, 24.6608562469, 33.3122291565, 17.475522995, 24.2775363922, 25.8866539001, 32.4153747559, 23.8897094727, 14.2556905746, 13.2373285294, 12.341088295, 7.10797595978, 5.80741214752, 4.09954023361, 3.97513651848, 2.54821109772, 3.00276613235, 6.47228574753, 11.7472829819, 29.2011184692, 12.3934431076, 7.39931440353, 3.90400695801, 2.12416028976, 1.24332475662, 0.561916649342, 0.0944012105465, 0.0103206494823, 0.000563050503843], "dmean": [0.506352424622, 2.79438567162, 4.46159553528, 10.5253276825, 17.187292099, 16.6826858521, 23.631067276, 24.2178592682, 23.4648113251, 14.3602581024, 19.0457172394, 15.0504236221, 15.3992109299, 20.5944137573, 10.6145267487, 14.8731002808, 14.9615345001, 18.0772151947, 13.701751709, 8.53814792633, 7.719789505, 7.16085910797, 4.21040630341, 3.48235344887, 2.49582195282, 2.44202661514, 1.59545624256, 1.90015685558, 4.18436861038, 7.49586677551, 18.9450130463, 8.10788822174, 4.81251382828, 2.52577900887, 1.40126621723, 0.802529275417, 0.35291954875, 0.0592488646507, 0.00656943069771, 0.000368112989236], "var": [1.90451180935, 46.6763343811, 94.9155044556, 442.876190186, 1170.80407715, 780.637329102, 1792.16760254, 2387.82739258, 3719.25952148, 1069.40014648, 3042.73632812, 1254.39868164, 2345.16064453, 2632.51708984, 633.455566406, 1471.02294922, 994.919555664, 1663.3548584, 1588.90710449, 819.831604004, 347.254364014, 328.542938232, 182.141601562, 123.156898499, 85.2968292236, 63.4305648804, 33.3284263611, 30.4588546753, 90.3403778076, 192.61630249, 1244.66967773, 231.685394287, 76.9390106201, 21.8196620941, 6.74842119217, 1.7965542078, 0.326969325542, 0.00957364123315, 0.000129133710288, 4.30026204867e-07], "dvar": [0.599928975105, 26.4152774811, 123.18032074, 560.284851074, 1553.73706055, 826.617675781, 1670.87182617, 1996.30773926, 2612.0144043, 707.625488281, 1685.17163086, 893.026489258, 1032.60961914, 1652.12402344, 501.488525391, 1009.1819458, 853.088867188, 1527.45568848, 1311.3684082, 443.350494385, 266.562164307, 269.377716064, 110.917541504, 76.47290802, 42.5499534607, 42.2045211792, 23.2490558624, 21.9238758087, 70.4322509766, 185.086532593, 1140.67150879, 202.586593628, 68.6002197266, 18.9568576813, 5.2204785347, 1.66030859947, 0.344808846712, 0.0100817894563, 0.000125405626022, 3.64226679039e-07], "mean": [0.976110160351, 4.25319623947, 4.2022228241, 10.5637702942, 15.9913578033, 17.0001449585, 23.3135910034, 24.2385940552, 26.2021026611, 17.2778549194, 23.6220970154, 18.0304431915, 21.2402191162, 26.9401340485, 13.1361465454, 19.2313594818, 16.6346092224, 18.5235538483, 15.6753444672, 11.3854026794, 8.75051593781, 8.00165557861, 5.13555383682, 3.98259115219, 3.00979232788, 2.76765441895, 1.75826931, 2.03241038322, 4.18889427185, 6.87567615509, 17.1419506073, 7.51791906357, 4.42064428329, 2.37759637833, 1.32956171036, 0.711491882801, 0.29857057333, 0.0495723932981, 0.0057356976904, 0.000380515906727]}, "zerocrossingrate": {"min": 0.00048828125, "max": 0.53125, "dvar2": 0.000552873651031, "median": 0.033203125, "dmean2": 0.0209367126226, "dmean": 0.0183595754206, "var": 0.00305489287712, "dvar": 0.00044515330228, "mean": 0.0500854700804}, "spectral_contrast_coeffs": {"min": [-0.978195250034, -0.978188037872, -0.99050617218, -0.995457172394, -0.981633543968, -0.979336261749], "max": [-0.33922958374, -0.357558012009, -0.403517961502, -0.503685712814, -0.604336738586, -0.601506233215], "dvar2": [0.00926350895315, 0.00625514704734, 0.00353432632983, 0.00296564749442, 0.00163032591809, 0.00117464608047], "median": [-0.668944835663, -0.750970482826, -0.776226103306, -0.797481060028, -0.820659637451, -0.823206067085], "dmean2": [0.105639532208, 0.0959598869085, 0.0726854503155, 0.0624452717602, 0.0456311032176, 0.0329796858132], "dmean": [0.06760661304, 0.0611143000424, 0.0453395545483, 0.0382200144231, 0.0282347481698, 0.0209134742618], "var": [0.00911745149642, 0.0076146600768, 0.00528257293627, 0.00467737857252, 0.00286278687418, 0.00167605094612], "dvar": [0.00399009231478, 0.00262175360695, 0.00142153946217, 0.00118713802658, 0.000648840039503, 0.000502910814248], "mean": [-0.660782396793, -0.740693032742, -0.769842326641, -0.790857434273, -0.817071557045, -0.818593561649]}, "dissonance": {"min": 0.0349621213973, "max": 0.500000178814, "dvar2": 0.00318045797758, "median": 0.445778727531, "dmean2": 0.058614846319, "dmean": 0.0352234244347, "var": 0.00236749369651, "dvar": 0.00118014717009, "mean": 0.434883445501}, "spectral_energyband_high": {"min": 7.03154007768e-21, "max": 0.0287142042071, "dvar2": 1.41174641612e-05, "median": 0.000157718270202, "dmean2": 0.00225754873827, "dmean": 0.00147490622476, "var": 7.10694848749e-06, "dvar": 6.08222035225e-06, "mean": 0.0013787659118}, "gfcc": {"mean": [-47.6392211914, 98.5768966675, -62.0470275879, 11.0136137009, -46.629234314, 27.7265491486, -30.5446586609, 4.01445436478, -10.1576795578, 0.332140922546, -8.62630367279, 6.13444185257, -8.76050186157], "icov": [[0.000108473839646, -0.000135474314447, 0.00017650279915, -0.000239554137806, 0.000219960711547, -0.000280546635622, 0.00036155511043, -0.000241510511842, 0.000247136544203, -0.000283171742922, 0.000365812709788, -0.000434276153101, 0.000217868990148], [-0.000135474314447, 0.00121399573982, -0.000380180776119, 0.00113883335143, -0.00095039390726, 0.00112481589895, -0.000888697628397, 0.00122907548212, -0.00175429193769, 0.00238818395883, -0.00228115939535, 0.00181438040454, -0.000810652505606], [0.00017650279915, -0.000380180776119, 0.00102942227386, -0.000965568877291, 0.00100616062991, -0.00102737988345, 0.000217764696572, 0.000426069105742, -0.000182960415259, -0.000330210226821, 0.00135173997842, -0.00159193994477, 0.00135743943974], [-0.000239554137806, 0.00113883335143, -0.000965568877291, 0.00314134429209, -0.00185888295528, 0.00115735491272, -0.000814410159364, 0.000490143196657, -0.000312389340252, 0.00162970228121, -0.00276673026383, 0.00312727899291, -0.00162277137861], [0.000219960711547, -0.00095039390726, 0.00100616062991, -0.00185888295528, 0.00348573038355, -0.00216449610889, 0.000593219941948, -0.000549104064703, 0.000683744205162, -0.000596135505475, 0.00028330902569, 0.000352574134013, 1.35832760861e-06], [-0.000280546635622, 0.00112481589895, -0.00102737988345, 0.00115735491272, -0.00216449610889, 0.00551313441247, -0.00313581991941, 0.00235902168788, -0.00287411431782, 0.000307459617034, 0.00248839869164, -0.00324423192069, 0.00150838436093], [0.00036155511043, -0.000888697628397, 0.000217764696572, -0.000814410159364, 0.000593219941948, -0.00313581991941, 0.0089699998498, -0.00711248721927, 0.00279504014179, 0.00114909396507, -0.00500693777576, 0.00537326093763, -0.0042769163847], [-0.000241510511842, 0.00122907548212, 0.000426069105742, 0.000490143196657, -0.000549104064703, 0.00235902168788, -0.00711248721927, 0.0160471387208, -0.00868750549853, 0.000479944254039, 0.00389592139982, -0.00741091603413, 0.00556147983298], [0.000247136544203, -0.00175429193769, -0.000182960415259, -0.000312389340252, 0.000683744205162, -0.00287411431782, 0.00279504014179, -0.00868750549853, 0.0173706542701, -0.0103315403685, -0.0011934885988, 0.00437359139323, -0.00528901536018], [-0.000283171742922, 0.00238818395883, -0.000330210226821, 0.00162970228121, -0.000596135505475, 0.000307459617034, 0.00114909396507, 0.000479944254039, -0.0103315403685, 0.0212360862643, -0.0121093373746, 0.00439176615328, 0.000128619765746], [0.000365812709788, -0.00228115939535, 0.00135173997842, -0.00276673026383, 0.00028330902569, 0.00248839869164, -0.00500693777576, 0.00389592139982, -0.0011934885988, -0.0121093373746, 0.0281270761043, -0.018349122256, 0.0046775136143], [-0.000434276153101, 0.00181438040454, -0.00159193994477, 0.00312727899291, 0.000352574134013, -0.00324423192069, 0.00537326093763, -0.00741091603413, 0.00437359139323, 0.00439176615328, -0.018349122256, 0.0277460925281, -0.0120000382885], [0.000217868990148, -0.000810652505606, 0.00135743943974, -0.00162277137861, 1.35832760861e-06, 0.00150838436093, -0.0042769163847, 0.00556147983298, -0.00528901536018, 0.000128619765746, 0.0046775136143, -0.0120000382885, 0.0182246025652]], "cov": [[20307.0390625, -2672.60620117, -1143.73547363, 10.6315755844, -1067.38562012, 485.892120361, -1270.75793457, 70.7247390747, -367.321563721, 145.772598267, -300.429260254, 432.407501221, -381.248168945], [-2672.60620117, 3744.28686523, -901.459411621, -368.718963623, 728.487548828, -580.327331543, 489.206481934, -105.050483704, 212.192337036, -152.168533325, 240.68927002, -225.945480347, 279.759216309], [-1143.73547363, -901.459411621, 2546.41625977, 307.988616943, -453.653259277, 427.838287354, -133.381607056, -78.0380783081, -73.9216766357, -41.0049285889, -153.164123535, 52.8161659241, -178.607757568], [10.6315755844, -368.718963623, 307.988616943, 721.119445801, 235.933547974, 68.2655029297, 46.5258369446, -23.8929138184, -42.7508621216, -24.5390605927, -16.2039794922, -52.0077857971, -5.03506183624], [-1067.38562012, 728.487548828, -453.653259277, 235.933547974, 770.784790039, 20.3542575836, 223.860839844, 4.11353063583, 70.0908050537, -21.6238117218, 67.8676376343, -88.6273345947, 94.2182769775], [485.892120361, -580.327331543, 427.838287354, 68.2655029297, 20.3542575836, 476.387054443, 27.768321991, 55.5734100342, 35.4858932495, 45.2699317932, -37.3431777954, 72.5967407227, -39.9185752869], [-1270.75793457, 489.206481934, -133.381607056, 46.5258369446, 223.860839844, 27.768321991, 373.483581543, 103.732345581, 104.382987976, 14.1006746292, 92.7167282104, -25.6057453156, 94.2447280884], [70.7247390747, -105.050483704, -78.0380783081, -23.8929138184, 4.11353063583, 55.5734100342, 103.732345581, 170.128463745, 99.384803772, 66.0218200684, 41.9646949768, 45.4865951538, 13.550611496], [-367.321563721, 212.192337036, -73.9216766357, -42.7508621216, 70.0908050537, 35.4858932495, 104.382987976, 99.384803772, 198.018844604, 103.736732483, 78.4206771851, 18.908411026, 55.8130531311], [145.772598267, -152.168533325, -41.0049285889, -24.5390605927, -21.6238117218, 45.2699317932, 14.1006746292, 66.0218200684, 103.736732483, 143.974487305, 68.2921676636, 44.6466445923, 12.7338705063], [-300.429260254, 240.68927002, -153.164123535, -16.2039794922, 67.8676376343, -37.3431777954, 92.7167282104, 41.9646949768, 78.4206771851, 68.2921676636, 134.911422729, 51.7735671997, 58.0422019958], [432.407501221, -225.945480347, 52.8161659241, -52.0077857971, -88.6273345947, 72.5967407227, -25.6057453156, 45.4865951538, 18.908411026, 44.6466445923, 51.7735671997, 129.184844971, 27.269908905], [-381.248168945, 279.759216309, -178.607757568, -5.03506183624, 94.2182769775, -39.9185752869, 94.2447280884, 13.550611496, 55.8130531311, 12.7338705063, 58.0422019958, 27.269908905, 125.173271179]]}, "spectral_flux": {"min": 6.29542806774e-11, "max": 0.4507342875, "dvar2": 0.00617087073624, "median": 0.0986567288637, "dmean2": 0.0862948074937, "dmean": 0.0567738972604, "var": 0.0068370886147, "dvar": 0.00342480605468, "mean": 0.121146686375}, "silence_rate_30dB": {"min": 0, "max": 1, "dvar2": 0.177486330271, "median": 1, "dmean2": 0.192426502705, "dmean": 0.0962077453732, "var": 0.119618602097, "dvar": 0.0869631543756, "mean": 0.861072957516}, "spectral_energyband_middle_high": {"min": 1.14027402799e-21, "max": 0.0557759329677, "dvar2": 2.65222060989e-05, "median": 0.00163706531748, "dmean2": 0.00338744581677, "dmean": 0.00203776638955, "var": 1.81216400961e-05, "dvar": 1.05524177343e-05, "mean": 0.00312080560252}, "barkbands_spread": {"min": 0.0720899999142, "max": 123.023651123, "dvar2": 331.65737915, "median": 11.2728481293, "dmean2": 14.2049760818, "dmean": 9.75263881683, "var": 392.692932129, "dvar": 167.943618774, "mean": 18.2317142487}, "spectral_centroid": {"min": 57.57447052, "max": 11882.2226562, "dvar2": 357915.90625, "median": 620.549987793, "dmean2": 419.856079102, "dmean": 294.980072021, "var": 890086.0625, "dvar": 193976.140625, "mean": 883.720153809}, "pitch_salience": {"min": 0.0216913986951, "max": 0.972311377525, "dvar2": 0.0241366922855, "median": 0.494405388832, "dmean2": 0.170356094837, "dmean": 0.11041264236, "var": 0.0359372161329, "dvar": 0.0116352615878, "mean": 0.463819056749}, "erbbands_skewness": {"min": -6.28914403915, "max": 14.6701927185, "dvar2": 1.45509183407, "median": 0.648236572742, "dmean2": 1.15338897705, "dmean": 0.782110869884, "var": 2.06169962883, "dvar": 0.663260161877, "mean": 0.706346333027}, "erbbands_crest": {"min": 2.01036906242, "max": 30.6116275787, "dvar2": 21.1486167908, "median": 8.58707618713, "dmean2": 5.25948905945, "dmean": 3.21960282326, "var": 20.8628044128, "dvar": 8.71323490143, "mean": 9.75015544891}, "melbands": {"min": [1.37453914721e-24, 6.3424367476e-25, 8.97698466593e-25, 1.5128420439e-24, 1.12431305972e-24, 1.94665825075e-24, 2.82114349913e-24, 2.1686271434e-24, 1.54810659155e-24, 2.06881553129e-24, 3.14281218285e-24, 2.33552131752e-24, 1.57735972329e-24, 2.11986410097e-24, 2.03435256492e-24, 1.92112716198e-24, 4.30197090509e-24, 4.1193815544e-24, 3.82209774454e-24, 3.74117481516e-24, 3.38702951683e-24, 3.88083001666e-24, 4.2023602553e-24, 4.98755492946e-24, 5.14295106146e-24, 3.57434020004e-24, 4.23466963139e-24, 5.32648941182e-24, 5.00173273208e-24, 4.66679067476e-24, 5.50762173642e-24, 5.54273985177e-24, 6.36929765863e-24, 5.58955125231e-24, 5.42206898239e-24, 6.25118230416e-24, 6.21262278311e-24, 5.89083064265e-24, 6.50067692037e-24, 5.45182757674e-24], "max": [0.0518132485449, 0.0447428822517, 0.0400069393218, 0.0235798358917, 0.0175169855356, 0.020966289565, 0.0176470428705, 0.0132419466972, 0.0124398423359, 0.00537772569805, 0.00703787757084, 0.00631487928331, 0.00182782602496, 0.00613414682448, 0.00428539887071, 0.00134905555751, 0.0016867024824, 0.00131694157608, 0.00199510925449, 0.000970357214101, 0.00034369083005, 0.000554116268177, 0.000276450067759, 0.000276030070381, 0.000127532723127, 0.000104561564513, 0.000125167745864, 0.00010277715046, 0.000106048784801, 6.93792608217e-05, 8.35859682411e-05, 8.46165639814e-05, 0.000100580022263, 0.000115256683785, 0.00023275607964, 0.000166406200151, 9.24853738979e-05, 6.55514231767e-05, 5.49446849618e-05, 5.15986066603e-05], "dvar2": [7.70540937083e-05, 5.90047457081e-05, 5.7565554016e-05, 1.38007626447e-05, 4.00404132961e-06, 2.53482880908e-06, 1.12186239676e-06, 2.44896739332e-07, 2.57901490386e-07, 8.83835653553e-08, 6.28314040796e-08, 6.60626469084e-08, 1.74634209316e-08, 2.29330865409e-08, 3.16946113799e-08, 1.39623850259e-08, 1.54458206225e-08, 1.24608590113e-08, 9.36918453931e-09, 9.40389321968e-10, 1.05538777717e-09, 1.09798636849e-09, 3.28642224545e-10, 2.99109514934e-10, 1.28597937854e-10, 5.66563983229e-11, 5.45502878979e-11, 4.18264381463e-11, 2.94990316896e-11, 1.01577652539e-11, 2.0217220259e-11, 4.11000539158e-11, 7.82185635706e-11, 2.1745175105e-10, 1.07432740482e-09, 4.95169238945e-10, 1.48233231245e-10, 8.59217974547e-11, 5.32039481915e-11, 2.71911590466e-11], "median": [0.00273513700813, 0.000898589962162, 0.000399270793423, 0.000368276785593, 0.000195961474674, 0.000131838954985, 8.29121563584e-05, 5.5240081565e-05, 4.43470926257e-05, 3.3719894418e-05, 3.18836682709e-05, 3.82156540581e-05, 1.67329744727e-05, 1.50315554492e-05, 1.51324456965e-05, 8.15186649561e-06, 8.27059193398e-06, 5.92611468164e-06, 4.35987021774e-06, 1.99902228815e-06, 1.75870673047e-06, 1.53968233008e-06, 7.76973820393e-07, 5.20078231148e-07, 3.03401122892e-07, 2.2707999392e-07, 3.23877770825e-07, 2.06805253811e-07, 1.72185792735e-07, 1.6470630726e-07, 1.89626689462e-07, 2.28226099352e-07, 2.36113493202e-07, 3.75226193228e-07, 9.50388425736e-07, 5.84115468882e-07, 2.84169090037e-07, 2.37773036815e-07, 1.84460105856e-07, 1.42853423313e-07], "dmean2": [0.00579933915287, 0.00390017894097, 0.00350175984204, 0.00196651695296, 0.00127685070038, 0.000925573287532, 0.000539346598089, 0.000263215508312, 0.000263630819973, 0.000152138207341, 0.000127597944811, 0.000137107301271, 6.61609592498e-05, 6.31141156191e-05, 8.08826516732e-05, 5.96856189077e-05, 6.06022113061e-05, 4.17639930674e-05, 3.31979135808e-05, 1.34091951622e-05, 1.56039841386e-05, 1.45544381667e-05, 7.44785802453e-06, 6.51609479974e-06, 4.71927069157e-06, 3.20408685184e-06, 3.09386314257e-06, 2.63400534095e-06, 1.80170115982e-06, 1.29619149902e-06, 1.95990810425e-06, 3.17424974128e-06, 4.48134369435e-06, 7.85091106081e-06, 1.85502249224e-05, 1.24630969367e-05, 6.56919837638e-06, 5.36566176379e-06, 4.26170527135e-06, 3.01660816149e-06], "dmean": [0.00400347542018, 0.00247810734436, 0.0020577989053, 0.00116580212489, 0.000781661365181, 0.000559534295462, 0.000333488802426, 0.000160710755154, 0.000161470888997, 9.33354967856e-05, 7.97211469035e-05, 8.47705596243e-05, 4.04587226512e-05, 3.85927196476e-05, 4.88143814437e-05, 3.36171469826e-05, 3.3737749618e-05, 2.37066851696e-05, 1.969886398e-05, 7.95186224423e-06, 9.04916214495e-06, 8.38058986119e-06, 4.42033342551e-06, 3.80014307666e-06, 2.82400515061e-06, 1.89754348412e-06, 1.87959506093e-06, 1.6139786112e-06, 1.09592338049e-06, 8.2014526015e-07, 1.23120946682e-06, 2.04486946132e-06, 2.8725496577e-06, 4.92806339025e-06, 1.20249324027e-05, 8.04517821962e-06, 4.21773984272e-06, 3.47352306562e-06, 2.75680463346e-06, 1.93080609279e-06], "var": [0.000114103837404, 3.22453670378e-05, 1.6675934603e-05, 4.31621265307e-06, 1.72817510702e-06, 1.22517531054e-06, 7.00715986568e-07, 1.70945838818e-07, 2.01918808784e-07, 5.46383667199e-08, 6.31639451854e-08, 4.54851338816e-08, 8.83830342246e-09, 1.39926399356e-08, 1.86405788583e-08, 5.32043609169e-09, 6.02633631885e-09, 4.51518555877e-09, 6.70008626358e-09, 4.22658935628e-10, 4.82595352569e-10, 4.5462261733e-10, 1.63087626737e-10, 1.69763009206e-10, 7.71968738933e-11, 4.22680536405e-11, 4.33639686659e-11, 2.51598637757e-11, 1.60438034386e-11, 7.67380343297e-12, 1.20295596401e-11, 2.30945314955e-11, 3.83506455759e-11, 8.07245936763e-11, 5.00194774489e-10, 2.27344573722e-10, 6.52897805264e-11, 3.96832844363e-11, 2.58126645059e-11, 1.29746968378e-11], "dvar": [4.03721169278e-05, 2.4937411581e-05, 2.10914076888e-05, 5.16665340911e-06, 1.61711011515e-06, 1.02041542505e-06, 4.87363081447e-07, 1.05621879243e-07, 1.13745457497e-07, 3.59514373827e-08, 2.82825141085e-08, 2.71889373238e-08, 6.95535318229e-09, 9.49656175919e-09, 1.29483535005e-08, 5.10776754226e-09, 5.65305269262e-09, 4.52653869942e-09, 3.46790107741e-09, 3.68538449758e-10, 3.8928787971e-10, 3.94293930839e-10, 1.2752754408e-10, 1.11669479219e-10, 5.18899020974e-11, 2.49410960634e-11, 2.38454013479e-11, 1.80873024891e-11, 1.28819732659e-11, 4.85808832398e-12, 9.18688475987e-12, 1.79186995103e-11, 3.25911658772e-11, 8.56589452147e-11, 4.5842662999e-10, 2.1301933828e-10, 6.04758881861e-11, 3.62227019213e-11, 2.28931561208e-11, 1.15746214696e-11], "mean": [0.00762767111883, 0.00332383974455, 0.00201395945624, 0.00118501344696, 0.000779150635935, 0.000573163037188, 0.000375531439204, 0.000193272047909, 0.000196899825823, 0.000113825946755, 0.000107714709884, 0.000111694280349, 4.84148404212e-05, 4.84702177346e-05, 5.71387208765e-05, 3.36475059157e-05, 3.37589663104e-05, 2.43863469223e-05, 2.58918626059e-05, 8.79237359186e-06, 9.70842029346e-06, 9.02836291061e-06, 4.67700465379e-06, 4.58089925814e-06, 3.08781613967e-06, 2.11691144614e-06, 2.28884186981e-06, 1.70840974079e-06, 1.14673093776e-06, 9.14175245725e-07, 1.26515442389e-06, 2.05629726224e-06, 2.79299069916e-06, 4.36343134425e-06, 1.08903523142e-05, 7.19211311662e-06, 3.90774630432e-06, 3.15980810228e-06, 2.54649967246e-06, 1.80442589226e-06]}, "spectral_entropy": {"min": 3.18407511711, "max": 9.82529449463, "dvar2": 0.481983304024, "median": 7.20725393295, "dmean2": 0.676080524921, "dmean": 0.459243565798, "var": 0.749999582767, "dvar": 0.212035372853, "mean": 7.15416717529}, "spectral_rolloff": {"min": 21.533203125, "max": 19810.546875, "dvar2": 6054521, "median": 409.130859375, "dmean2": 1277.16625977, "dmean": 747.746032715, "var": 5308357, "dvar": 2815381, "mean": 1203.72290039}, "barkbands": {"min": [5.26144980233e-25, 2.63064719837e-24, 1.7935352954e-25, 1.45434672588e-24, 1.12707776081e-23, 7.38728084719e-24, 3.1991435568e-24, 1.34259172022e-23, 1.46810327677e-23, 1.60157522872e-23, 1.01628642764e-23, 2.04755821481e-23, 1.50545079193e-23, 5.27915026333e-23, 5.52146782303e-23, 6.49407589009e-23, 7.10730417228e-23, 8.44141122015e-23, 9.50633557688e-23, 1.90333961075e-22, 2.59837731265e-22, 3.57751474987e-22, 3.96578804845e-22, 5.62313078913e-22, 7.78778783225e-22, 1.32422255762e-21, 1.89349699954e-21], "max": [0.0510030947626, 0.172108352184, 0.0885920971632, 0.0995423719287, 0.0884539410472, 0.0911191105843, 0.0966836959124, 0.0934037491679, 0.0514244586229, 0.0497583411634, 0.0233177412301, 0.0401175878942, 0.0134975267574, 0.0173063464463, 0.0261383075267, 0.00961323268712, 0.00651061581448, 0.00404060678557, 0.00326955644414, 0.00281575531699, 0.00281068217009, 0.00416004424915, 0.0109640024602, 0.00624113203958, 0.00426551746204, 0.00297850929201, 0.000701300101355], "dvar2": [1.02290205177e-05, 0.000968996086158, 0.000331708812155, 0.000334877084242, 0.000215549094719, 7.79165275162e-05, 1.99873029487e-05, 8.42894951347e-06, 6.00879957346e-06, 2.78944094134e-06, 1.97689928427e-06, 2.07088282878e-06, 1.18875971111e-06, 2.15873114939e-06, 1.12797454221e-06, 2.09498494996e-07, 2.28299228411e-07, 1.10393450825e-07, 4.60198066321e-08, 3.75984541279e-08, 2.51819916031e-08, 1.33594753038e-07, 2.47027628575e-06, 6.5969214802e-07, 2.61088416664e-07, 2.18619291559e-07, 1.01866293178e-08], "median": [0.000816780491732, 0.00778089417145, 0.000465473596705, 0.000651145877782, 0.00144331576303, 0.000717281131074, 0.000361648504622, 0.00022645558056, 0.000265312206466, 0.000199878326384, 0.000118673357065, 0.000182379240869, 0.000102691454231, 8.69515351951e-05, 5.55449587409e-05, 2.86534123006e-05, 2.30655277846e-05, 1.12293091661e-05, 5.90717445448e-06, 9.67577034316e-06, 7.56981398808e-06, 1.19757805805e-05, 4.47531347163e-05, 2.10897778743e-05, 1.62505966728e-05, 1.59418814292e-05, 3.46837487086e-06], "dmean2": [0.00219944631681, 0.0193561259657, 0.00733459740877, 0.0083684893325, 0.00835956819355, 0.00520606664941, 0.00220597209409, 0.00131105270702, 0.00123755063396, 0.000860721396748, 0.000679719902109, 0.000687834108248, 0.000581833184697, 0.000654224655591, 0.000387212116038, 0.000219758163439, 0.000214325758861, 0.0001332302636, 9.10053204279e-05, 8.30821518321e-05, 5.90917770751e-05, 0.000186686578672, 0.000893373799045, 0.000463390810182, 0.000316098710755, 0.000288620882202, 6.03884873271e-05], "dmean": [0.00138002738822, 0.013058423996, 0.00402457127348, 0.00488554267213, 0.00495706731454, 0.00315012806095, 0.00137400173116, 0.000800223962869, 0.000769697711803, 0.000524364528246, 0.000418403069489, 0.000425463716965, 0.000330547598423, 0.00036652435665, 0.000229090641369, 0.000128319268697, 0.000123525533127, 7.8999735706e-05, 5.49178912479e-05, 5.05812895426e-05, 3.73532166122e-05, 0.000121799734188, 0.000579373678192, 0.000300451996736, 0.000205387710594, 0.000183166164788, 3.85998355341e-05], "var": [7.48454476707e-06, 0.00119545822963, 7.56550798542e-05, 9.84233483905e-05, 6.90500019118e-05, 3.68881810573e-05, 1.3045398191e-05, 6.50091487842e-06, 4.65530729343e-06, 2.2286994863e-06, 1.13150565539e-06, 1.28605552163e-06, 4.76629566037e-07, 8.26410825994e-07, 7.95322364411e-07, 9.71346523215e-08, 9.25154637343e-08, 6.99917421798e-08, 3.45124462342e-08, 2.55904613056e-08, 1.72422662814e-08, 7.30520000047e-08, 1.13738394703e-06, 3.10903004674e-07, 1.45991705836e-07, 8.8472660309e-08, 4.56206494803e-09], "dvar": [3.96602399633e-06, 0.000478217552882, 0.00011877137149, 0.000121609824419, 8.16840110929e-05, 3.13634009217e-05, 8.8854239948e-06, 3.7161257751e-06, 2.56426096712e-06, 1.20558422623e-06, 8.1515833017e-07, 8.48160823352e-07, 4.44417224799e-07, 7.81532605743e-07, 4.23336587119e-07, 7.9343060122e-08, 8.22212484763e-08, 4.36675655635e-08, 2.07843893207e-08, 1.640395908e-08, 1.17593756954e-08, 5.76873162572e-08, 1.05156664176e-06, 2.77277621308e-07, 1.17647942943e-07, 8.87558329055e-08, 4.30162971909e-09], "mean": [0.00187416945118, 0.0241014827043, 0.00305931619368, 0.0047625224106, 0.00493471557274, 0.00323250098154, 0.00156253145542, 0.000971009547357, 0.000973880290985, 0.000664588646032, 0.000479395181173, 0.000551422825083, 0.000341649138136, 0.000372137234081, 0.000290451658657, 0.000141437150887, 0.000130737593281, 9.44882049225e-05, 6.02730469836e-05, 5.88085313211e-05, 4.21289732913e-05, 0.000120594231703, 0.000523349153809, 0.000278142542811, 0.000196921479073, 0.000157447648235, 3.40864498867e-05]}, "melbands_flatness_db": {"min": 0.00289068487473, "max": 0.857439577579, "dvar2": 0.00788767635822, "median": 0.302696108818, "dmean2": 0.090613476932, "dmean": 0.0638537853956, "var": 0.0181270372123, "dvar": 0.00372822536156, "mean": 0.317842662334}, "melbands_skewness": {"min": -3.23119521141, "max": 42.7411384583, "dvar2": 10.5032129288, "median": 3.4314250946, "dmean2": 2.59189724922, "dmean": 1.78028404713, "var": 12.8497085571, "dvar": 4.4580950737, "mean": 4.34998989105}, "barkbands_skewness": {"min": -6.51293706894, "max": 32.5573806763, "dvar2": 7.32231521606, "median": 2.30195951462, "dmean2": 2.08210468292, "dmean": 1.43376207352, "var": 9.1459608078, "dvar": 3.35582613945, "mean": 2.99367523193}, "silence_rate_60dB": {"min": 0, "max": 1, "dvar2": 0.0675066038966, "median": 0, "dmean2": 0.0594897605479, "dmean": 0.0297431796789, "var": 0.0684102773666, "dvar": 0.0288589242846, "mean": 0.0738961324096}, "spectral_energyband_low": {"min": 1.09359582187e-23, "max": 0.182328671217, "dvar2": 0.000913504976779, "median": 0.0147428177297, "dmean2": 0.0221154708415, "dmean": 0.0147980004549, "var": 0.00142647919711, "dvar": 0.000460230046883, "mean": 0.0312426444143}, "spectral_energyband_middle_low": {"min": 1.81714248357e-22, "max": 0.175261333585, "dvar2": 0.00129368912894, "median": 0.00843923166394, "dmean2": 0.0227476581931, "dmean": 0.0137966964394, "var": 0.000479257840198, "dvar": 0.000493211380672, "mean": 0.0165357142687}, "melbands_kurtosis": {"min": -1.95952653885, "max": 4664.93261719, "dvar2": 39094.0859375, "median": 18.78058815, "dmean2": 59.8356704712, "dmean": 38.959236145, "var": 15597.3496094, "dvar": 14494.0039062, "mean": 53.6735725403}, "spectral_decrease": {"min": -5.28615728967e-08, "max": 1.93626291965e-28, "dvar2": 9.70814702571e-17, "median": -8.76806005579e-09, "dmean2": 8.71342553665e-09, "dmean": 5.58261836758e-09, "var": 1.22258048924e-16, "dvar": 4.45907921937e-17, "mean": -1.26948380696e-08}, "erbbands_kurtosis": {"min": -1.94865882397, "max": 341.831481934, "dvar2": 210.986236572, "median": 0.729593515396, "dmean2": 5.76563310623, "dmean": 3.68038797379, "var": 172.500747681, "dvar": 99.7930831909, "mean": 3.57038402557}, "melbands_crest": {"min": 1.48024618626, "max": 39.4360122681, "dvar2": 41.3903999329, "median": 18.8996105194, "dmean2": 7.10910367966, "dmean": 4.68260765076, "var": 73.0642623901, "dvar": 19.2246131897, "mean": 19.7630958557}, "melbands_spread": {"min": 0.0346471369267, "max": 284.526367188, "dvar2": 506.33493042, "median": 8.92686271667, "dmean2": 12.3216323853, "dmean": 8.35770797729, "var": 535.33203125, "dvar": 237.892578125, "mean": 16.0151290894}, "spectral_energy": {"min": 1.00366420066e-20, "max": 0.205201610923, "dvar2": 0.00149300461635, "median": 0.0352097973228, "dmean2": 0.0347346477211, "dmean": 0.022175680846, "var": 0.00179879530333, "dvar": 0.000680356402881, "mean": 0.0500109903514}, "mfcc": {"mean": [-708.498657227, 143.846710205, 41.0328788757, 2.65924596786, 14.027973175, 17.3945083618, -0.0753268525004, 12.7857627869, -2.10565304756, 6.87249994278, 0.0867670327425, 2.56233930588, 2.80279350281], "icov": [[0.000115453563922, 5.13658014825e-05, 0.000120157506899, 1.31222486743e-05, 3.76451826014e-05, -0.000125290374854, 0.00037366853212, -0.000365579122445, 0.000551281904336, -0.00028445222415, 0.000292882788926, -5.9192385379e-05, -5.87128397456e-06], [5.13658014825e-05, 0.000397294817958, 0.000117400064482, 9.3683382147e-05, -0.000126411818201, 0.00024734379258, -0.000172591142473, 0.000244079885306, -0.000398746691644, 0.000243325092015, -2.77055150946e-05, -0.000146674472489, 0.000136372051202], [0.000120157506899, 0.000117400064482, 0.000698960095178, -0.00022036433802, 0.00046704930719, -0.000953082053456, 0.00126647599973, -0.00126973935403, 0.0010927937692, -2.81067914329e-05, -7.31518448447e-05, 0.000667198153678, -0.000567238545045], [1.31222486743e-05, 9.3683382147e-05, -0.00022036433802, 0.00248006475158, -0.00177772040479, 0.00160236062948, -0.00254719657823, 0.00223430688493, -0.00157574168406, 0.000697805429809, 3.51796757059e-06, -0.000843899964821, 0.00106421299279], [3.76451826014e-05, -0.000126411818201, 0.00046704930719, -0.00177772040479, 0.0059715565294, -0.00494183646515, 0.00242326990701, -0.00199722568505, 0.00250666285865, -0.00163815694395, 0.000866369751748, 0.000487570709083, -6.47518390906e-05], [-0.000125290374854, 0.00024734379258, -0.000953082053456, 0.00160236062948, -0.00494183646515, 0.0095027461648, -0.00575665291399, 0.00188985781278, -0.00211837538518, -0.000738636997994, -1.60600811796e-05, -0.000180642062332, 0.00034093199065], [0.00037366853212, -0.000172591142473, 0.00126647599973, -0.00254719657823, 0.00242326990701, -0.00575665291399, 0.0136805390939, -0.00813097786158, 0.000528077129275, 0.00278401537798, -0.002828074852, 0.00265933852643, -0.000803915783763], [-0.000365579122445, 0.000244079885306, -0.00126973935403, 0.00223430688493, -0.00199722568505, 0.00188985781278, -0.00813097786158, 0.0154338655993, -0.00742449983954, 0.000678549404256, 0.0016250454355, -0.00373689481057, 0.000917822530027], [0.000551281904336, -0.000398746691644, 0.0010927937692, -0.00157574168406, 0.00250666285865, -0.00211837538518, 0.000528077129275, -0.00742449983954, 0.019979801029, -0.011778944172, 0.00647203344852, -0.00307414820418, -0.000992758315988], [-0.00028445222415, 0.000243325092015, -2.81067914329e-05, 0.000697805429809, -0.00163815694395, -0.000738636997994, 0.00278401537798, 0.000678549404256, -0.011778944172, 0.0237984955311, -0.0204591751099, 0.0128911025822, -0.00610364787281], [0.000292882788926, -2.77055150946e-05, -7.31518448447e-05, 3.51796757059e-06, 0.000866369751748, -1.60600811796e-05, -0.002828074852, 0.0016250454355, 0.00647203344852, -0.0204591751099, 0.0333993136883, -0.0215877443552, 0.00960751157254], [-5.9192385379e-05, -0.000146674472489, 0.000667198153678, -0.000843899964821, 0.000487570709083, -0.000180642062332, 0.00265933852643, -0.00373689481057, -0.00307414820418, 0.0128911025822, -0.0215877443552, 0.0279080793262, -0.0162411145866], [-5.87128397456e-06, 0.000136372051202, -0.000567238545045, 0.00106421299279, -6.47518390906e-05, 0.00034093199065, -0.000803915783763, 0.000917822530027, -0.000992758315988, -0.00610364787281, 0.00960751157254, -0.0162411145866, 0.0214527007192]], "cov": [[14875.7246094, -2063.91748047, -912.463500977, -857.613952637, -36.3728713989, -215.877044678, -668.873962402, -164.465988159, -536.200805664, -81.2986526489, -218.379516602, -163.95324707, -53.3667068481], [-2063.91748047, 3372.27270508, -936.005249023, 143.402694702, -68.8131561279, -146.020584106, 136.837432861, -29.2938747406, 151.822463989, -19.0111217499, 48.1002616882, 85.9239196777, -0.245606049895], [-912.463500977, -936.005249023, 2528.79223633, -103.876747131, 42.9689788818, 204.507492065, -97.1780395508, 85.8272781372, -96.0456924438, -21.2193241119, -50.7697486877, -76.6652297974, 21.4985408783], [-857.613952637, 143.402694702, -103.876747131, 703.429931641, 179.963729858, 55.0117797852, 151.178619385, -10.1244544983, 51.1841773987, -11.6919698715, 10.7951955795, 1.68221211433, -37.5399208069], [-36.3728713989, -68.8131561279, 42.9689788818, 179.963729858, 388.683105469, 221.054519653, 73.6544418335, 39.5741386414, 16.1715335846, 40.2547302246, 3.14273571968, -29.0116157532, -19.8064517975], [-215.877044678, -146.020584106, 204.507492065, 55.0117797852, 221.054519653, 309.462860107, 128.827377319, 82.6324462891, 52.1109809875, 52.638256073, 17.8046588898, -11.6216802597, 1.20496475697], [-668.873962402, 136.837432861, -97.1780395508, 151.178619385, 73.6544418335, 128.827377319, 230.630477905, 108.821716309, 82.7618865967, 17.2592029572, 25.5900115967, 22.3058643341, 5.20687103271], [-164.465988159, -29.2938747406, 85.8272781372, -10.1244544983, 39.5741386414, 82.6324462891, 108.821716309, 163.524291992, 79.0475311279, 31.5976200104, 20.3564662933, 35.2588768005, 29.0257339478], [-536.200805664, 151.822463989, -96.0456924438, 51.1841773987, 16.1715335846, 52.1109809875, 82.7618865967, 79.0475311279, 147.483917236, 77.6914138794, 40.9159355164, 36.1420249939, 30.7169723511], [-81.2986526489, -19.0111217499, -21.2193241119, -11.6919698715, 40.2547302246, 52.638256073, 17.2592029572, 31.5976200104, 77.6914138794, 144.878448486, 77.4359207153, 15.6975364685, 20.7177124023], [-218.379516602, 48.1002616882, -50.7697486877, 10.7951955795, 3.14273571968, 17.8046588898, 25.5900115967, 20.3564662933, 40.9159355164, 77.4359207153, 111.092224121, 71.3329467773, 25.7478694916], [-163.95324707, 85.9239196777, -76.6652297974, 1.68221211433, -29.0116157532, -11.6216802597, 22.3058643341, 35.2588768005, 36.1420249939, 15.6975364685, 71.3329467773, 135.548797607, 73.5348205566], [-53.3667068481, -0.245606049895, 21.4985408783, -37.5399208069, -19.8064517975, 1.20496475697, 5.20687103271, 29.0257339478, 30.7169723511, 20.7177124023, 25.7478694916, 73.5348205566, 99.3618621826]]}, "spectral_contrast_valleys": {"min": [-28.2190208435, -28.2139492035, -27.7649364471, -27.6534519196, -27.508934021, -27.380531311], "max": [-4.99827528, -4.13534784317, -4.85051584244, -5.4499707222, -5.53231573105, -7.10743331909], "dvar2": [0.523987650871, 1.13438045979, 0.960796177387, 1.28736162186, 1.49903166294, 1.35799324512], "median": [-6.91252708435, -6.79138565063, -7.55183887482, -8.00708961487, -8.78966331482, -10.1897678375], "dmean2": [0.812040746212, 1.08420574665, 0.948208868504, 1.01857531071, 1.13411557674, 1.131067276], "dmean": [0.527839124203, 0.693259894848, 0.60552251339, 0.647395253181, 0.762633681297, 0.843817830086], "var": [2.77198338509, 3.07079148293, 2.942309618, 3.28030371666, 3.15865468979, 4.00264835358], "dvar": [0.257632881403, 0.487626373768, 0.416124284267, 0.547390162945, 0.608230948448, 0.549043893814], "mean": [-7.15178775787, -7.03671884537, -7.85394954681, -8.41443729401, -8.940117836, -10.5066833496]}, "barkbands_flatness_db": {"min": 0.0153403598815, "max": 0.71113216877, "dvar2": 0.00588090810925, "median": 0.198525369167, "dmean2": 0.076620362699, "dmean": 0.053172532469, "var": 0.0124242296442, "dvar": 0.00274357246235, "mean": 0.215490669012}, "dynamic_complexity": 3.41646957397, "spectral_skewness": {"min": -0.136546224356, "max": 14.2494592667, "dvar2": 1.79914057255, "median": 2.00644946098, "dmean2": 1.1084176302, "dmean": 0.745103955269, "var": 2.24849390984, "dvar": 0.766336023808, "mean": 2.35579562187}, "erbbands_flatness_db": {"min": 0.0366907790303, "max": 0.471118867397, "dvar2": 0.00275297439657, "median": 0.152061358094, "dmean2": 0.0536587126553, "dmean": 0.0364937670529, "var": 0.0052779535763, "dvar": 0.00122153514531, "mean": 0.167174324393}, "hfc": {"min": 1.092430502e-16, "max": 268.017364502, "dvar2": 1533.5065918, "median": 12.6