{"lowlevel": {"spectral_complexity": {"min": 0, "max": 35, "dvar2": 6.19038629532, "median": 15, "dmean2": 2.70609974861, "dmean": 1.62664616108, "var": 61.616355896, "dvar": 2.37285995483, "mean": 14.5478973389}, "silence_rate_20dB": {"min": 1, "max": 1, "dvar2": 0, "median": 1, "dmean2": 0, "dmean": 0, "var": 0, "dvar": 0, "mean": 1}, "average_loudness": 0.344397872686, "erbbands_spread": {"min": 5.0637254715, "max": 118.912979126, "dvar2": 31.8598194122, "median": 27.1184005737, "dmean2": 6.45806837082, "dmean": 4.1340675354, "var": 103.823509216, "dvar": 12.6262702942, "mean": 28.0673618317}, "spectral_kurtosis": {"min": -1.28379046917, "max": 55.6900596619, "dvar2": 37.4650115967, "median": 8.86522865295, "dmean2": 6.7049870491, "dmean": 3.78249311447, "var": 46.774520874, "dvar": 12.1319007874, "mean": 10.7298812866}, "barkbands_kurtosis": {"min": -1.74006736279, "max": 72.9381790161, "dvar2": 14.6834154129, "median": 1.14808392525, "dmean2": 2.01298832893, "dmean": 1.28909337521, "var": 19.8488731384, "dvar": 5.18433427811, "mean": 2.43261599541}, "spectral_strongpeak": {"min": 0, "max": 12.3307628632, "dvar2": 1.90330588818, "median": 0.4748955369, "dmean2": 0.714751362801, "dmean": 0.426241338253, "var": 1.18695044518, "dvar": 0.729223847389, "mean": 0.875006258488}, "spectral_spread": {"min": 1495005.625, "max": 43375116, "dvar2": 393885450240, "median": 2447590.5, "dmean2": 308982.625, "dmean": 182562.46875, "var": 17621604892700.0, "dvar": 180623360000, "mean": 3041604.5}, "spectral_rms": {"min": 3.10966009887e-12, "max": 0.0112601798028, "dvar2": 2.91832208177e-07, "median": 0.00347926304676, "dmean2": 0.000450848136097, "dmean": 0.000315699347993, "var": 4.35249694419e-06, "dvar": 1.33124316903e-07, "mean": 0.00365259614773}, "erbbands": {"min": [6.71375787498e-23, 2.36908409893e-22, 1.11373710054e-21, 6.93191489707e-21, 1.65938974006e-20, 2.12161018842e-20, 4.93394817695e-20, 8.83287756515e-20, 7.04847062305e-20, 1.64721593558e-19, 2.84113250108e-19, 3.67551682279e-19, 4.46059109873e-19, 6.57410580621e-19, 3.47715994588e-19, 1.19331391273e-18, 1.44549388114e-18, 1.87694001831e-18, 1.76515731187e-18, 2.77110302853e-18, 3.31907585635e-18, 4.3788534533e-18, 4.65378223272e-18, 5.76664000958e-18, 5.17656079344e-18, 7.71801780441e-18, 8.00967837968e-18, 8.30009156658e-18, 9.65787545486e-18, 1.04270003961e-17, 1.02498207905e-17, 9.98476068933e-18, 1.0333277524e-17, 8.23777426077e-18, 5.88549180153e-18, 4.17152476866e-18, 2.17643854347e-18, 9.88906002836e-19, 2.33555428231e-19, 2.5217108268e-20], "max": [0.509143292904, 7.91637229919, 18.9934768677, 102.147827148, 130.406768799, 110.765563965, 385.060913086, 379.610290527, 1481.66235352, 1626.30249023, 1645.03210449, 446.919555664, 1014.1529541, 2701.56835938, 1659.82470703, 1187.74731445, 682.865783691, 590.875549316, 671.081481934, 1705.18591309, 1021.49865723, 759.224060059, 456.471405029, 635.443054199, 418.156524658, 139.20703125, 82.9377288818, 54.203502655, 39.8636665344, 37.4912071228, 24.7149848938, 8.89719963074, 3.05583095551, 0.683291614056, 0.225366130471, 0.0645554736257, 0.152050018311, 0.0195138789713, 0.000392678281059, 0.000148444698425], "dvar2": [0.000522243615706, 0.0762096345425, 0.392011284828, 1.13929975033, 34.8593673706, 36.8165740967, 115.462966919, 196.602935791, 1360.89001465, 4036.22314453, 5193.94335938, 728.555114746, 2789.3815918, 11683.5390625, 10460.328125, 4975.69287109, 1533.82043457, 1816.12402344, 2934.60473633, 7370.56933594, 6775.36035156, 2360.40283203, 1037.87451172, 487.016662598, 510.687408447, 81.5456542969, 23.9003982544, 9.01475715637, 2.72250580788, 1.17910516262, 0.637461185455, 0.030588215217, 0.00725250924006, 0.00124120491091, 0.000192703693756, 1.16496885312e-05, 4.39193900093e-06, 1.37872532946e-07, 1.09795984804e-10, 7.33045082968e-11], "median": [0.00520420121029, 0.207344219089, 0.755611777306, 0.669735252857, 2.18235230446, 4.16054916382, 3.97749686241, 5.2123041153, 8.93119430542, 9.81015968323, 13.0126962662, 6.19959688187, 7.25601911545, 9.24120521545, 5.42237520218, 7.28379201889, 5.00951194763, 7.20431804657, 9.06881523132, 9.19369220734, 13.2210712433, 7.60952329636, 5.02986240387, 2.74413156509, 2.08396720886, 0.972181797028, 0.397572934628, 0.195544362068, 0.135704025626, 0.0914214253426, 0.0470359921455, 0.015077422373, 0.00709670223296, 0.00314291380346, 0.00155844306573, 0.000560792745091, 0.000195134227397, 4.41105075879e-05, 7.45801480662e-06, 1.43764282257e-05], "dmean2": [0.00916437245905, 0.132924675941, 0.354799181223, 0.51203340292, 2.33202815056, 3.18646025658, 4.6060962677, 6.44052839279, 15.0539045334, 21.4408798218, 32.3573646545, 11.5758695602, 20.4395561218, 33.7682342529, 28.3777332306, 27.3604602814, 14.4516000748, 19.5218544006, 24.2721405029, 32.4612464905, 38.7117347717, 21.1722640991, 15.3179397583, 8.58161354065, 8.53306007385, 3.47885608673, 1.77073454857, 1.05314862728, 0.625014126301, 0.405366182327, 0.257935583591, 0.0625128671527, 0.0312753431499, 0.0130326859653, 0.0056416480802, 0.00146040762775, 0.000442594464403, 0.000109965367301, 4.22523362431e-06, 5.42315410712e-06], "dmean": [0.00600077817217, 0.0882834047079, 0.261345505714, 0.447920650244, 1.70011389256, 2.11495614052, 3.29190301895, 4.85650444031, 11.5322370529, 15.6264095306, 22.1856498718, 7.8896689415, 13.4050931931, 20.9759235382, 17.8504447937, 17.0715122223, 8.90542030334, 11.7804489136, 14.4616374969, 19.2340011597, 23.2718601227, 12.8165874481, 9.12874031067, 5.21868038177, 5.17425918579, 2.07437348366, 1.05809855461, 0.634694576263, 0.37756857276, 0.248995184898, 0.155944705009, 0.0393096283078, 0.0193389188498, 0.00815640576184, 0.00352271390148, 0.00092952803243, 0.000281491025817, 7.0655158197e-05, 2.83154940917e-06, 3.73467514692e-06], "var": [0.00356391817331, 0.521655380726, 4.42838478088, 55.2383918762, 124.153953552, 87.7415084839, 360.582702637, 451.967163086, 3675.83496094, 5761.98486328, 7087.28710938, 810.138244629, 2534.41894531, 6561.12841797, 7482.58496094, 3282.14086914, 1247.53039551, 1302.78271484, 1933.89990234, 4502.1796875, 5417.20019531, 2071.25927734, 828.596252441, 546.578308105, 463.810943604, 72.3764724731, 22.0678443909, 9.30819129944, 3.28357028961, 1.68766605854, 0.63728004694, 0.0611740760505, 0.0129096824676, 0.00284908246249, 0.000448992301244, 3.5466713598e-05, 5.78471781409e-06, 2.2911906683e-07, 3.50897255696e-10, 4.64279087398e-10], "dvar": [0.000233004466281, 0.0289953816682, 0.206422612071, 0.987550318241, 15.4697580338, 13.935634613, 58.506816864, 97.2653579712, 822.846496582, 1960.7689209, 2360.11108398, 331.941650391, 1182.9407959, 4247.87255859, 4078.49047852, 1942.60644531, 582.05859375, 659.620544434, 1046.82910156, 2633.78491211, 2503.25805664, 893.279785156, 382.240234375, 194.288223267, 192.017364502, 29.5786266327, 8.59700584412, 3.34450030327, 0.999516189098, 0.501486182213, 0.238627374172, 0.0145935602486, 0.00288867065683, 0.000471584760817, 7.40695031709e-05, 4.66128994958e-06, 2.08351434594e-06, 6.25668050702e-08, 4.79193872083e-11, 3.28140917216e-11], "mean": [0.031012846157, 0.466773122549, 1.52517676353, 2.74968481064, 6.16312885284, 7.56502437592, 9.61416721344, 12.60983181, 27.6053562164, 33.5663604736, 42.2618293762, 16.2889671326, 24.1345767975, 32.9777641296, 29.0965805054, 26.7222652435, 15.647936821, 19.580997467, 24.4884681702, 31.2036838531, 41.8823051453, 24.6244411469, 17.3024902344, 10.6506757736, 10.047533989, 4.30054044724, 2.27504110336, 1.40016317368, 0.89289522171, 0.597207248211, 0.348523169756, 0.106964968145, 0.0531774424016, 0.0254243761301, 0.0112003060058, 0.00334154302254, 0.00101475219708, 0.000222212285735, 1.51184240167e-05, 2.14900082938e-05]}, "zerocrossingrate": {"min": 0.0029296875, "max": 0.52978515625, "dvar2": 6.3062288973e-05, "median": 0.0390625, "dmean2": 0.00565035874024, "dmean": 0.00440073572099, "var": 0.00284013431519, "dvar": 3.65649539162e-05, "mean": 0.0462684631348}, "spectral_contrast_coeffs": {"min": [-0.984691083431, -0.976720273495, -0.981287539005, -0.969809710979, -0.968941450119, -0.965462267399], "max": [-0.297648996115, -0.394335448742, -0.441035866737, -0.50058221817, -0.507569074631, -0.534691333771], "dvar2": [0.00199180026539, 0.00202719680965, 0.0018463517772, 0.00140257377643, 0.000748396676499, 0.000276359700365], "median": [-0.608256220818, -0.680307269096, -0.703329205513, -0.705666899681, -0.709811925888, -0.744042873383], "dmean2": [0.0529131516814, 0.0543639734387, 0.0527267083526, 0.0472115240991, 0.0342941954732, 0.0207103807479], "dmean": [0.0323164239526, 0.0350042879581, 0.0332820340991, 0.0290122590959, 0.0212457627058, 0.01271557156], "var": [0.00982434209436, 0.00591670814902, 0.00518004829064, 0.00431816466153, 0.0052350978367, 0.00411962810904], "dvar": [0.000713152170647, 0.000823470123578, 0.000733034976292, 0.000534576247446, 0.000290151976515, 0.000107180720079], "mean": [-0.61014509201, -0.68182015419, -0.705355525017, -0.711588919163, -0.713644564152, -0.754604041576]}, "dissonance": {"min": 0.275659143925, "max": 0.499980181456, "dvar2": 0.000872518809047, "median": 0.442958772182, "dmean2": 0.034951787442, "dmean": 0.0210427753627, "var": 0.00102048041299, "dvar": 0.000320846418617, "mean": 0.439230114222}, "spectral_energyband_high": {"min": 7.09148643828e-21, "max": 0.00418322253972, "dvar2": 2.5422977501e-08, "median": 2.06257900572e-05, "dmean2": 6.02381551289e-05, "dmean": 3.72482354578e-05, "var": 4.83126179063e-08, "dvar": 9.54026546651e-09, "mean": 0.000120759861602}, "gfcc": {"mean": [-93.7176742554, 145.749053955, -136.95892334, 18.2359638214, -41.0521774292, -7.35201740265, -36.0024833679, 2.38534212112, -15.1065797806, -4.19169569016, -14.4945955276, -2.20535898209, -9.67498874664], "icov": [[0.00073732592864, -0.00180082081351, 0.00179748388473, -0.00258726486936, 0.00305544771254, -0.00265532452613, 0.00166627974249, -0.00143558066338, 0.00101299164817, -0.000686203711666, 0.000231582846027, -0.000102822035842, -0.000160368203069], [-0.00180082081351, 0.00587050570175, -0.00364123983309, 0.00702137034386, -0.0095146317035, 0.00739192776382, -0.00341031467542, 0.00320243556052, -0.00236138910986, 0.0017252555117, -0.00116075656842, 0.000840429391246, -0.000201266579097], [0.00179748388473, -0.00364123983309, 0.00686926487833, -0.0052846330218, 0.00363252800889, -0.00612792372704, 0.00358445127495, -0.00384242995642, 0.00360019179061, -0.0030145382043, 0.00104888761416, -0.000736752001103, -0.000930069480091], [-0.00258726486936, 0.00702137034386, -0.0052846330218, 0.0159410759807, -0.0112724630162, 0.00553688174114, -0.00530975591391, 0.00322120334022, -0.00443693110719, 0.00388217461295, -0.00134535890538, 0.0017862750683, 0.000342725601513], [0.00305544771254, -0.0095146317035, 0.00363252800889, -0.0112724630162, 0.024276599288, -0.0150064155459, 0.00703149987385, -0.00486649386585, 0.00253169215284, -0.00205312902108, -0.000772944767959, 0.00118652207311, -0.00087565096328], [-0.00265532452613, 0.00739192776382, -0.00612792372704, 0.00553688174114, -0.0150064155459, 0.023962309584, -0.0121549479663, 0.00431154109538, 8.52613011375e-05, -0.00100644037593, 0.00271719577722, -0.00429765600711, 0.00130935630295], [0.00166627974249, -0.00341031467542, 0.00358445127495, -0.00530975591391, 0.00703149987385, -0.0121549479663, 0.0203846134245, -0.00936452951282, -0.00060061388649, 0.00256616459228, -0.00541454087943, 0.00482906680554, -0.0043822019361], [-0.00143558066338, 0.00320243556052, -0.00384242995642, 0.00322120334022, -0.00486649386585, 0.00431154109538, -0.00936452951282, 0.0227211993188, -0.0084948213771, -0.000794819789007, 0.0038001856301, -0.00512177404016, 0.00335184205323], [0.00101299164817, -0.00236138910986, 0.00360019179061, -0.00443693110719, 0.00253169215284, 8.52613011375e-05, -0.00060061388649, -0.0084948213771, 0.0192421115935, -0.00970730837435, -0.00112120097037, 0.00316738337278, -0.00122620537877], [-0.000686203711666, 0.0017252555117, -0.0030145382043, 0.00388217461295, -0.00205312902108, -0.00100644037593, 0.00256616459228, -0.000794819789007, -0.00970730837435, 0.0241480935365, -0.0120483478531, 0.00275414180942, 0.000274227524642], [0.000231582846027, -0.00116075656842, 0.00104888761416, -0.00134535890538, -0.000772944767959, 0.00271719577722, -0.00541454087943, 0.0038001856301, -0.00112120097037, -0.0120483478531, 0.0257157310843, -0.0132919540629, 0.00418407097459], [-0.000102822035842, 0.000840429391246, -0.000736752001103, 0.0017862750683, 0.00118652207311, -0.00429765600711, 0.00482906680554, -0.00512177404016, 0.00316738337278, 0.00275414180942, -0.0132919540629, 0.0265162941068, -0.0113200405613], [-0.000160368203069, -0.000201266579097, -0.000930069480091, 0.000342725601513, -0.00087565096328, 0.00130935630295, -0.0043822019361, 0.00335184205323, -0.00122620537877, 0.000274227524642, 0.00418407097459, -0.0113200405613, 0.020463000983]], "cov": [[25672.0097656, 1421.13317871, -4369.90185547, 953.487243652, -1543.09667969, -102.941612244, -368.905944824, 85.5847930908, -60.0264282227, -298.785400391, -264.81048584, -171.705032349, -192.317901611], [1421.13317871, 1119.29577637, -81.3985137939, -164.350021362, 132.10559082, -133.396072388, -91.1884002686, -49.2999076843, 11.9135694504, 13.6411447525, 30.6343708038, -27.9059028625, 2.76491093636], [-4369.90185547, -81.3985137939, 1103.6751709, -83.2182312012, 378.683898926, 122.617744446, 84.2285614014, 22.4247760773, -5.05593490601, 81.6777267456, 59.0138092041, 60.9166107178, 59.4677658081], [953.487243652, -164.350021362, -83.2182312012, 231.615936279, -18.8887519836, 85.4995651245, 44.8156776428, 42.0210723877, 15.5164651871, -9.23876857758, -11.1387081146, -2.22444868088, -3.26982235909], [-1543.09667969, 132.10559082, 378.683898926, -18.8887519836, 257.545227051, 68.0613861084, 38.5884284973, 9.99011802673, 13.6632156372, 38.4629516602, 34.5680999756, 17.5367202759, 22.9637966156], [-102.941612244, -133.396072388, 122.617744446, 85.4995651245, 68.0613861084, 160.093032837, 73.7927474976, 38.2791938782, -0.513679027557, 14.3126592636, 7.91938877106, 28.6633224487, 18.2383499146], [-368.905944824, -91.1884002686, 84.2285614014, 44.8156776428, 38.5884284973, 73.7927474976, 120.283859253, 50.397228241, 32.4841079712, 17.0565280914, 21.9354019165, 11.6047735214, 17.3757801056], [85.5847930908, -49.2999076843, 22.4247760773, 42.0210723877, 9.99011802673, 38.2791938782, 50.397228241, 88.0765991211, 45.059337616, 24.4100780487, 11.3204479218, 11.598443985, 1.31963455677], [-60.0264282227, 11.9135694504, -5.05593490601, 15.5164651871, 13.6632156372, -0.513679027557, 32.4841079712, 45.059337616, 109.476707458, 53.4380569458, 30.8715705872, -4.36310052872, -3.53146743774], [-298.785400391, 13.6411447525, 81.6777267456, -9.23876857758, 38.4629516602, 14.3126592636, 17.0565280914, 24.4100780487, 53.4380569458, 92.1201171875, 51.6199493408, 13.9287900925, 1.16236269474], [-264.81048584, 30.6343708038, 59.0138092041, -11.1387081146, 34.5680999756, 7.91938877106, 21.9354019165, 11.3204479218, 30.8715705872, 51.6199493408, 85.4098129272, 35.6368942261, 8.31910705566], [-171.705032349, -27.9059028625, 60.9166107178, -2.22444868088, 17.5367202759, 28.6633224487, 11.6047735214, 11.598443985, -4.36310052872, 13.9287900925, 35.6368942261, 75.5284576416, 34.7348136902], [-192.317901611, 2.76491093636, 59.4677658081, -3.26982235909, 22.9637966156, 18.2383499146, 17.3757801056, 1.31963455677, -3.53146743774, 1.16236269474, 8.31910705566, 34.7348136902, 70.7538452148]]}, "spectral_flux": {"min": 6.11326891886e-11, "max": 0.212661713362, "dvar2": 0.000303576758597, "median": 0.0408090129495, "dmean2": 0.0147290816531, "dmean": 0.00863019749522, "var": 0.00100059341639, "dvar": 0.000103227277577, "mean": 0.0450529120862}, "silence_rate_30dB": {"min": 0, "max": 1, "dvar2": 0.00138478120789, "median": 1, "dmean2": 0.00123228586745, "dmean": 0.000616095494479, "var": 0.000769424659666, "dvar": 0.000615760684013, "mean": 0.999229967594}, "spectral_energyband_middle_high": {"min": 1.14322722029e-21, "max": 0.0882169827819, "dvar2": 2.38673637796e-05, "median": 0.00223629875109, "dmean2": 0.00248493906111, "dmean": 0.00157641980331, "var": 4.39306932094e-05, "dvar": 9.31870181375e-06, "mean": 0.0050162980333}, "barkbands_spread": {"min": 1.16626858711, "max": 107.09261322, "dvar2": 40.0842056274, "median": 15.0288610458, "dmean2": 4.52285766602, "dmean": 2.88811922073, "var": 67.5339813232, "dvar": 13.7082233429, "mean": 15.8177337646}, "spectral_centroid": {"min": 195.470611572, "max": 12072.9140625, "dvar2": 63605.4609375, "median": 966.140319824, "dmean2": 209.18927002, "dmean": 134.175384521, "var": 1383952.125, "dvar": 26957.9042969, "mean": 1136.94641113}, "pitch_salience": {"min": 0.114427916706, "max": 0.865951180458, "dvar2": 0.00455829221755, "median": 0.513737082481, "dmean2": 0.0702381506562, "dmean": 0.0447308532894, "var": 0.00825523212552, "dvar": 0.00168285204563, "mean": 0.515231013298}, "erbbands_skewness": {"min": -2.1743953228, "max": 3.33339452744, "dvar2": 0.158976197243, "median": 0.214044868946, "dmean2": 0.46290409565, "dmean": 0.301807612181, "var": 0.356674551964, "dvar": 0.0657119452953, "mean": 0.256138026714}, "erbbands_crest": {"min": 1.85078251362, "max": 29.784696579, "dvar2": 12.3160066605, "median": 8.62010955811, "dmean2": 3.77237391472, "dmean": 2.36474347115, "var": 15.166674614, "dvar": 4.93937397003, "mean": 9.43204593658}, "melbands": {"min": [8.44122879607e-25, 5.00950784377e-25, 1.7594921263e-24, 9.28954516164e-25, 1.53098199902e-24, 1.78881546665e-24, 9.97434742485e-25, 1.88125576525e-24, 2.18513879101e-24, 1.55502076017e-24, 2.01649255681e-24, 2.53933063213e-24, 6.97938868045e-25, 2.82435948782e-24, 2.76650561233e-24, 1.95300503116e-24, 2.62440494203e-24, 2.4456853485e-24, 2.68826737382e-24, 3.46714228606e-24, 3.62420094241e-24, 3.67901770343e-24, 4.02916742128e-24, 2.93974952509e-24, 4.22686740261e-24, 2.72581518076e-24, 4.09346471265e-24, 3.92805201931e-24, 3.78034767556e-24, 4.16094032461e-24, 4.68465127452e-24, 4.87121885075e-24, 5.41510452388e-24, 5.63492495386e-24, 5.35236957154e-24, 5.42897427632e-24, 5.24272500546e-24, 5.59348609051e-24, 6.11007283758e-24, 6.10101000907e-24], "max": [0.00685361586511, 0.0101055605337, 0.0144095979631, 0.00982733909041, 0.0113851642236, 0.00778760295361, 0.0219138674438, 0.0192999448627, 0.0122105414048, 0.00440707430243, 0.00506510585546, 0.0120689654723, 0.00785951968282, 0.00249583926052, 0.00155350216664, 0.000910970789846, 0.00115734664723, 0.00104503205512, 0.00129486701917, 0.00182208442129, 0.00166397728026, 0.00118746061344, 0.0010989473667, 0.000772257626522, 0.000614112708718, 0.000407988089137, 0.000188316684216, 0.000134403555421, 6.14613527432e-05, 5.10156278324e-05, 4.5313998271e-05, 1.98486068257e-05, 3.30804796249e-05, 3.22568303091e-05, 1.39811736517e-05, 7.21813285054e-06, 4.84578549731e-06, 3.19697983286e-06, 1.55598650053e-06, 3.92914870417e-07], "dvar2": [6.19477376063e-08, 1.06155049195e-07, 5.41346594218e-08, 2.5900055789e-07, 1.12733836488e-07, 9.24252745449e-08, 3.22602318192e-07, 4.61409882746e-07, 2.49657887252e-07, 5.22942826819e-08, 7.13432584121e-08, 2.20897604208e-07, 1.83338528359e-07, 3.2461706212e-08, 1.04923660871e-08, 4.78809525362e-09, 6.33686081386e-09, 8.48337844417e-09, 5.65046009982e-09, 1.40382994118e-08, 1.39728824067e-08, 4.91866058994e-09, 2.85801315947e-09, 1.94311655655e-09, 3.52316814611e-10, 4.76534145477e-10, 7.66387439621e-11, 4.30823640651e-11, 1.95831927063e-11, 5.70195843666e-12, 5.07511610862e-12, 7.79543313581e-13, 2.2827551481e-12, 2.48384375134e-13, 3.91716281807e-13, 2.54984022178e-14, 1.39823785891e-14, 5.83939728101e-15, 4.56690307248e-15, 8.10334821298e-16], "median": [0.000123426652863, 0.000370721041691, 0.000153415108798, 0.000246386422077, 0.000149975821842, 0.000113732443424, 0.00014803520753, 0.000115093862405, 9.00228551473e-05, 3.22190644511e-05, 3.40288097505e-05, 3.47959212377e-05, 1.16661221909e-05, 1.9234346837e-05, 1.19213354992e-05, 1.01115892903e-05, 1.13273736133e-05, 1.12619727588e-05, 1.21803459479e-05, 9.72501766228e-06, 1.47616792674e-05, 6.75109140502e-06, 3.34440937877e-06, 3.42591374647e-06, 1.33802359414e-06, 1.6720982785e-06, 8.11382960819e-07, 4.56375346403e-07, 2.3293466711e-07, 1.20705522022e-07, 1.0027660835e-07, 7.34504652655e-08, 6.44553495022e-08, 4.08077163172e-08, 2.99985067898e-08, 1.28937749366e-08, 6.54595577743e-09, 5.27010968199e-09, 3.29919469522e-09, 2.33050889697e-09], "dmean2": [0.000110819084512, 0.000181741575943, 0.000119573152915, 0.000215159350773, 0.000148663675645, 0.000139955576742, 0.000242536189035, 0.000248268101132, 0.000226030722843, 8.68184652063e-05, 0.000104710081359, 0.000141644151881, 0.000114975722681, 7.44714488974e-05, 4.35233268945e-05, 3.30261318595e-05, 3.65376872651e-05, 4.03870617447e-05, 3.49628426193e-05, 3.96419673052e-05, 5.44977337995e-05, 2.68773655989e-05, 1.75250697794e-05, 1.75267650775e-05, 6.04377055424e-06, 8.30685894471e-06, 3.45835996995e-06, 2.25916051022e-06, 1.40654424285e-06, 7.40379334729e-07, 7.0698700938e-07, 3.37641779424e-07, 5.12006408826e-07, 1.7046504297e-07, 2.09564689158e-07, 4.90621694382e-08, 3.94026358208e-08, 2.76542682087e-08, 1.97133935842e-08, 1.079808154e-08], "dmean": [7.30124302208e-05, 0.000127784354845, 0.000100209734228, 0.000147829647176, 0.000104813057987, 0.00010439746984, 0.000185850411071, 0.000176327957888, 0.00015662270016, 5.83593464398e-05, 6.854665844e-05, 8.78927821759e-05, 7.22857075743e-05, 4.63892938569e-05, 2.70838081633e-05, 1.99710302695e-05, 2.20084075409e-05, 2.40873814619e-05, 2.08772580663e-05, 2.34627023019e-05, 3.29341237375e-05, 1.62082560564e-05, 1.06148827399e-05, 1.02791391328e-05, 3.73437956114e-06, 5.02060856888e-06, 2.09575455301e-06, 1.33787636969e-06, 8.36913272906e-07, 4.43414734264e-07, 4.26085307481e-07, 2.04182910579e-07, 3.06592255583e-07, 1.06578177395e-07, 1.26114812815e-07, 3.02442870748e-08, 2.45544473643e-08, 1.69442948561e-08, 1.20166507855e-08, 6.68409372295e-09], "var": [4.30025892229e-07, 1.05431809061e-06, 1.27950841033e-06, 5.75189744723e-07, 3.62364744433e-07, 1.97593806206e-07, 8.7873411303e-07, 6.40765449589e-07, 3.69718350157e-07, 4.83255497841e-08, 6.52732552453e-08, 1.21195483871e-07, 1.38282260309e-07, 2.18537650198e-08, 7.93464938198e-09, 3.77551989672e-09, 4.50236559146e-09, 5.40000089089e-09, 3.85453180485e-09, 7.99219801451e-09, 1.12878275615e-08, 3.85564780103e-09, 2.17518025813e-09, 1.20431442596e-09, 4.10744466217e-10, 4.03605759924e-10, 6.97704186092e-11, 3.30078776811e-11, 1.55055378259e-11, 5.27617316157e-12, 4.25568781603e-12, 8.0720093153e-13, 2.05955153106e-12, 4.19808746143e-13, 3.4983680449e-13, 3.0460839607e-14, 2.11911041557e-14, 7.79195179652e-15, 5.72763467175e-15, 1.42901975619e-15], "dvar": [2.46936817661e-08, 4.88535363274e-08, 3.90796479621e-08, 9.42512485835e-08, 5.71593616883e-08, 4.37669065434e-08, 1.95060593455e-07, 2.15264151393e-07, 1.16702672415e-07, 2.35355983591e-08, 3.02719342926e-08, 8.02512971632e-08, 7.25746787111e-08, 1.25994317202e-08, 4.12815515105e-09, 1.78802805895e-09, 2.31096364267e-09, 3.05184921778e-09, 2.03601624449e-09, 4.8687880394e-09, 5.20720933039e-09, 1.8422047221e-09, 1.10505093964e-09, 6.76461553439e-10, 1.467098526e-10, 1.78822248675e-10, 2.86722763587e-11, 1.54115140788e-11, 6.92439812086e-12, 2.10201214074e-12, 1.8820589618e-12, 2.93916421149e-13, 8.23250267869e-13, 1.32638136043e-13, 1.43131546112e-13, 1.04726204922e-14, 6.35024412205e-15, 2.32870998892e-15, 1.61873671341e-15, 3.03674705299e-16], "mean": [0.000389512162656, 0.00075433566235, 0.000540890323464, 0.000540477863979, 0.000320061459206, 0.00026944259298, 0.000443069235189, 0.000370118534192, 0.000300394080114, 0.00010442018538, 0.000121491910249, 0.000133407462272, 0.000110698885692, 7.19419913366e-05, 4.30467225669e-05, 3.24631364492e-05, 3.48038192897e-05, 3.78452241421e-05, 3.52727111022e-05, 3.66302629118e-05, 5.64498986932e-05, 2.7918125852e-05, 1.81390169018e-05, 1.65747060237e-05, 6.89264288667e-06, 9.03326326807e-06, 4.0315676415e-06, 2.44610714617e-06, 1.5762499288e-06, 8.82414894932e-07, 8.16116937585e-07, 4.31838401482e-07, 6.0173061911e-07, 2.29562189702e-07, 2.53278784612e-07, 7.08518541614e-08, 5.62476465404e-08, 3.86576104461e-08, 2.93803630314e-08, 1.81937931387e-08]}, "spectral_entropy": {"min": 5.27732801437, "max": 9.82772922516, "dvar2": 0.0116319730878, "median": 6.91731023788, "dmean2": 0.126501843333, "dmean": 0.0850214958191, "var": 0.253254920244, "dvar": 0.00534886075184, "mean": 6.89770650864}, "spectral_rolloff": {"min": 43.06640625, "max": 19875.1464844, "dvar2": 521586.78125, "median": 990.52734375, "dmean2": 434.786499023, "dmean": 253.907089233, "var": 4184030.25, "dvar": 192042.28125, "mean": 1340.25732422}, "barkbands": {"min": [3.10491017737e-25, 2.15030111571e-24, 2.60899991836e-25, 1.19810656006e-24, 7.3025587637e-24, 7.81850771673e-24, 3.9409550227e-24, 5.69815254984e-24, 1.58816396224e-23, 1.51478033431e-23, 5.7203483347e-24, 2.37436261968e-23, 2.21728432069e-23, 2.78492827548e-23, 2.93100070266e-23, 4.0966812141e-23, 6.1072109291e-23, 7.41403664252e-23, 8.33115875786e-23, 1.71591926009e-22, 1.79963191718e-22, 3.22456323475e-22, 4.09404622935e-22, 5.86891258416e-22, 8.55840522463e-22, 1.24970713516e-21, 1.91533872785e-21], "max": [0.000330915558152, 0.0297211613506, 0.0226075798273, 0.037487629801, 0.0441790260375, 0.0338632538915, 0.0920754745603, 0.0736637189984, 0.0401692129672, 0.0746517553926, 0.0520995594561, 0.0232301559299, 0.0149473315105, 0.00956746283919, 0.0147441159934, 0.0192836727947, 0.0203186180443, 0.00989542808384, 0.00654248334467, 0.00288835633546, 0.00192032603081, 0.000973088492174, 0.00106417492498, 0.000308679358568, 5.83660294069e-05, 5.25079049112e-05, 2.51345704783e-06], "dvar2": [5.84352177757e-10, 1.15474676932e-06, 3.37574192599e-07, 2.12387618603e-07, 4.30481986768e-06, 2.04818593375e-06, 8.31845136418e-06, 1.12624757094e-05, 3.96520727008e-06, 7.91460479377e-06, 8.15478233562e-06, 2.13294742935e-06, 6.63095022446e-07, 7.90664557826e-07, 1.3620340269e-06, 2.08571054827e-06, 2.34805111177e-06, 4.0587471517e-07, 1.85777892625e-07, 3.17634203384e-08, 8.96443719256e-09, 2.6318445201e-09, 4.87934359583e-10, 3.45773201738e-11, 6.13545976177e-12, 6.49516952809e-13, 1.68799673403e-14], "median": [6.69442488288e-06, 0.000719730858691, 0.000652429531328, 0.000152853113832, 0.00134468439501, 0.000641290680505, 0.000632896786556, 0.000565965659916, 0.000221224589041, 0.000241925605224, 4.52361928183e-05, 0.000147818922414, 8.14337690827e-05, 0.000126528466353, 0.000193687272258, 0.000167303951457, 0.000149671410327, 7.12444089004e-05, 3.99458003812e-05, 1.68740734807e-05, 7.11893608241e-06, 3.74240084966e-06, 1.9455715119e-06, 5.0516553074e-07, 2.44180910158e-07, 1.10522471175e-07, 1.12550200271e-08], "dmean2": [1.38288687594e-05, 0.000506889016833, 0.0003091909457, 0.000208999277675, 0.000982577330433, 0.000713913294021, 0.00127861998044, 0.0014730328694, 0.000708259700332, 0.00087946181884, 0.000748059828766, 0.000597052334342, 0.00032452432788, 0.000417412782554, 0.00057029229356, 0.000603202148341, 0.000622237799689, 0.000280013482552, 0.00017498176021, 6.95523704053e-05, 3.62382415915e-05, 1.97048229893e-05, 7.99854933575e-06, 2.12373470276e-06, 9.10691881018e-07, 2.43145336754e-07, 4.28487929582e-08], "dmean": [8.60575346451e-06, 0.000335396820446, 0.000240623572608, 0.000186622593901, 0.00067812128691, 0.000527159427293, 0.000984729616903, 0.00100358901545, 0.000473312538816, 0.000547320698388, 0.000468231621198, 0.000373012531782, 0.000197962624952, 0.00024931851658, 0.000339010730386, 0.000360377918696, 0.000371327623725, 0.000166150392033, 0.000106030849565, 4.1613351641e-05, 2.17544529733e-05, 1.19358446682e-05, 4.88490968564e-06, 1.34045239975e-06, 5.87804095176e-07, 1.57907138032e-07, 2.65447930303e-08], "var": [8.02974686742e-10, 7.51269544708e-06, 3.31231376549e-06, 7.38281778467e-06, 1.13572896225e-05, 4.91825585414e-06, 2.01531584025e-05, 1.49777351908e-05, 3.44111913364e-06, 4.60042883788e-06, 6.19707452643e-06, 1.45392721151e-06, 5.36951006325e-07, 4.98790882375e-07, 8.84617804786e-07, 1.36898972869e-06, 1.70457701643e-06, 2.71969952337e-07, 1.77643528332e-07, 2.55819578854e-08, 8.87721007814e-09, 2.95529933858e-09, 7.07056579952e-10, 7.78061989837e-11, 1.64331222241e-11, 1.42179237134e-12, 1.64194965133e-14], "dvar": [2.27725338586e-10, 4.43776883685e-07, 2.07312979228e-07, 1.68641463461e-07, 1.69858924437e-06, 9.65090634963e-07, 4.93274410474e-06, 5.0137141443e-06, 1.76273863417e-06, 2.89056129077e-06, 3.23109566125e-06, 8.34643856251e-07, 2.55234340329e-07, 2.84908423964e-07, 4.88835269152e-07, 7.48792615468e-07, 8.57854843161e-07, 1.44479884057e-07, 7.18783041975e-08, 1.15141736146e-08, 3.29960103684e-09, 9.59698320813e-10, 2.18706761035e-10, 1.62772052781e-11, 2.45426010244e-12, 3.03756206386e-13, 7.09785403602e-15], "mean": [1.57843169291e-05, 0.00175890501123, 0.00128700153437, 0.00100580439903, 0.00248819636181, 0.00143272324931, 0.00219580973499, 0.00189890142065, 0.000804545474239, 0.000870696618222, 0.000707003113348, 0.000571790151298, 0.000312546937494, 0.000380343029974, 0.000550961878616, 0.000581909378525, 0.000621844490524, 0.000281816523056, 0.000199907502974, 7.84146686783e-05, 4.69771766802e-05, 2.66234892479e-05, 1.13608011816e-05, 3.86128385799e-06, 1.96754376702e-06, 6.01223803187e-07, 5.36575726073e-08]}, "melbands_flatness_db": {"min": 0.00281912530772, "max": 0.524833142757, "dvar2": 0.000418960582465, "median": 0.240634813905, "dmean2": 0.0187613517046, "dmean": 0.0127530107275, "var": 0.0054208827205, "dvar": 0.000160866460647, "mean": 0.248505860567}, "melbands_skewness": {"min": -0.382824003696, "max": 16.5599651337, "dvar2": 0.955464661121, "median": 1.73441052437, "dmean2": 0.583105444908, "dmean": 0.379096776247, "var": 1.54878544807, "dvar": 0.298944562674, "mean": 1.96126353741}, "barkbands_skewness": {"min": -2.15975761414, "max": 7.79265213013, "dvar2": 0.252717673779, "median": 1.15174293518, "dmean2": 0.444014281034, "dmean": 0.291042357683, "var": 0.76551181078, "dvar": 0.0913508310914, "mean": 1.23915565014}, "silence_rate_60dB": {"min": 0, "max": 1, "dvar2": 0.0412961244583, "median": 0, "dmean2": 0.0369685776532, "dmean": 0.0184828657657, "var": 0.18601898849, "dvar": 0.0181370880455, "mean": 0.247035264969}, "spectral_energyband_low": {"min": 1.13468805974e-23, "max": 0.0675538256764, "dvar2": 1.85662645436e-06, "median": 0.00171952403616, "dmean2": 0.000758889364079, "dmean": 0.000543601752724, "var": 3.11350049742e-05, "dvar": 8.74107684012e-07, "mean": 0.00367425032891}, "spectral_energyband_middle_low": {"min": 1.58813742496e-22, "max": 0.108829729259, "dvar2": 3.0263170629e-05, "median": 0.00688080536202, "dmean2": 0.00330526591279, "dmean": 0.00236366153695, "var": 0.000119641088531, "dvar": 1.48623594214e-05, "mean": 0.0100081497803}, "melbands_kurtosis": {"min": -1.60491240025, "max": 330.3671875, "dvar2": 453.665740967, "median": 3.94079589844, "dmean2": 5.07840156555, "dmean": 3.10698723793, "var": 235.749649048, "dvar": 133.310073853, "mean": 7.16327238083}, "spectral_decrease": {"min": -3.27165921021e-08, "max": 1.01801840962e-21, "dvar2": 3.11361018925e-18, "median": -3.10585113183e-09, "dmean2": 1.12914322337e-09, "dmean": 7.81196107802e-10, "var": 1.98935365676e-17, "dvar": 1.42331323981e-18, "mean": -4.48251524787e-09}, "erbbands_kurtosis": {"min": -1.71401453018, "max": 17.5292377472, "dvar2": 0.946888148785, "median": -0.557312011719, "dmean2": 0.864751458168, "dmean": 0.545474350452, "var": 1.42018914223, "dvar": 0.403303772211, "mean": -0.253633856773}, "melbands_crest": {"min": 1.52007436752, "max": 37.626411438, "dvar2": 11.2486381531, "median": 12.1275577545, "dmean2": 3.05051374435, "dmean": 2.00598931313, "var": 27.0745811462, "dvar": 4.27777814865, "mean": 13.107626915}, "melbands_spread": {"min": 1.11323416233, "max": 159.652557373, "dvar2": 45.8189353943, "median": 17.4788837433, "dmean2": 5.81015014648, "dmean": 3.74562263489, "var": 273.029510498, "dvar": 18.1386623383, "mean": 20.5216369629}, "spectral_energy": {"min": 9.91173531077e-21, "max": 0.129961445928, "dvar2": 5.20134490216e-05, "median": 0.0124079026282, "dmean2": 0.00459361402318, "dmean": 0.00317177525721, "var": 0.000326984416461, "dvar": 2.35416700889e-05, "mean": 0.0181363224983}, "mfcc": {"mean": [-723.817932129, 174.26713562, -27.6776885986, 25.6463813782, 6.19922351837, -1.7227063179, -10.5966806412, 2.17433595657, -2.07676839828, 0.882626891136, -2.25285959244, -2.97004914284, 3.07340121269], "icov": [[0.00021617989114, -0.000118003626994, 0.000453977554571, -0.000535348197445, 0.000653947296087, -0.000545849732589, 0.000397189811338, -0.00062276161043, 0.000200646594749, -0.000140814750921, 0.000247528078035, -7.21849282854e-05, -5.02053881064e-05], [-0.000118003626994, 0.00102302490268, 0.000149667379446, -7.38025701139e-05, -0.00162830180489, 0.00108607695438, -0.000282870954834, 0.000962336489465, 2.43888280238e-05, 0.000105758525024, -0.000143111261423, 0.000282503780909, -0.000233964179642], [0.000453977554571, 0.000149667379446, 0.00500381551683, -0.000451116007753, -0.00219322717749, -0.000617955927737, -0.00149886508007, -0.00036290002754, -0.000929437519517, 0.000337889883667, 0.000131505657919, 0.000402566394769, -0.000266262562945], [-0.000535348197445, -7.38025701139e-05, -0.000451116007753, 0.0105872927234, -0.0026979080867, -9.87473104033e-05, 0.000780303555075, -0.00154351152014, -0.000695075374097, -0.00184734805953, -0.000566609145608, -0.000564387708437, 0.000181095878361], [0.000653947296087, -0.00162830180489, -0.00219322717749, -0.0026979080867, 0.0120575213805, -0.0044134138152, -0.000338728481438, -0.000271997007076, 0.000545275921468, -0.000559034640901, 0.000255054968875, -0.000392428337364, 0.000204899261007], [-0.000545849732589, 0.00108607695438, -0.000617955927737, -9.87473104033e-05, -0.0044134138152, 0.0142705533653, -0.00575115671381, 0.000560846994631, -0.00160158541985, 0.000674390234053, -0.00121934781782, 0.000435120804468, -0.000900782295503], [0.000397189811338, -0.000282870954834, -0.00149886508007, 0.000780303555075, -0.000338728481438, -0.00575115671381, 0.015739955008, -0.00691835256293, 0.0022224416025, -0.00168476940598, 0.00194696860854, -0.00139249442145, 0.000495072570629], [-0.00062276161043, 0.000962336489465, -0.00036290002754, -0.00154351152014, -0.000271997007076, 0.000560846994631, -0.00691835256293, 0.0198693629354, -0.00867445487529, 0.00443152245134, -0.00317641347647, 0.00225739507005, -0.00155893946066], [0.000200646594749, 2.43888280238e-05, -0.000929437519517, -0.000695075374097, 0.000545275921468, -0.00160158541985, 0.0022224416025, -0.00867445487529, 0.0187528412789, -0.00809594243765, 0.00434426777065, -0.00196399330162, 0.000576713471673], [-0.000140814750921, 0.000105758525024, 0.000337889883667, -0.00184734805953, -0.000559034640901, 0.000674390234053, -0.00168476940598, 0.00443152245134, -0.00809594243765, 0.0200215373188, -0.0112707233056, 0.0047779516317, -0.00144301168621], [0.000247528078035, -0.000143111261423, 0.000131505657919, -0.000566609145608, 0.000255054968875, -0.00121934781782, 0.00194696860854, -0.00317641347647, 0.00434426777065, -0.0112707233056, 0.0223304443061, -0.0116739999503, 0.00504004023969], [-7.21849282854e-05, 0.000282503780909, 0.000402566394769, -0.000564387708437, -0.000392428337364, 0.000435120804468, -0.00139249442145, 0.00225739507005, -0.00196399330162, 0.0047779516317, -0.0116739999503, 0.0186242647469, -0.00920490268618], [-5.02053881064e-05, -0.000233964179642, -0.000266262562945, 0.000181095878361, 0.000204899261007, -0.000900782295503, 0.000495072570629, -0.00155893946066, 0.000576713471673, -0.00144301168621, 0.00504004023969, -0.00920490268618, 0.0155898928642]], "cov": [[14416.2792969, -16.9652671814, -1852.26757812, 460.434387207, -1042.03442383, -49.6547813416, -479.106536865, 265.465209961, -3.15465140343, 24.0555515289, -36.8968734741, 41.3480834961, 100.459480286], [-16.9652671814, 1412.8338623, 7.24260091782, 38.6409835815, 176.058120728, -67.3364562988, -30.8762512207, -93.4911880493, -49.9574356079, 3.05056548119, -1.78123509884, -12.5907297134, 1.52245306969], [-1852.26757812, 7.24260091782, 517.517150879, -19.3878555298, 220.782272339, 74.4112548828, 128.42300415, 10.2188005447, 35.4798622131, 5.48797130585, 2.59594345093, -5.4674115181, -3.32291889191], [460.434387207, 38.6409835815, -19.3878555298, 132.092773438, 14.4020490646, 20.3136692047, -1.18805098534, 27.1120166779, 20.7437648773, 24.4817123413, 16.377866745, 11.7392091751, 7.06559801102], [-1042.03442383, 176.058120728, 220.782272339, 14.4020490646, 229.730514526, 58.3855133057, 72.2289047241, -5.15377759933, 12.4967594147, 10.9820890427, 10.0893688202, 3.04710173607, -0.473435997963], [-49.6547813416, -67.3364562988, 74.4112548828, 20.3136692047, 58.3855133057, 122.621665955, 64.1868057251, 34.140712738, 24.6953449249, 8.76010131836, 7.48590612411, 9.03750705719, 10.3710975647], [-479.106536865, -30.8762512207, 128.42300415, -1.18805098534, 72.2289047241, 64.1868057251, 127.814064026, 40.3674240112, 20.3203773499, 4.29464864731, 1.16054713726, 4.72411966324, 4.9979557991], [265.465209961, -93.4911880493, 10.2188005447, 27.1120166779, -5.15377759933, 34.140712738, 40.3674240112, 97.2720413208, 43.3032875061, 4.08944320679, 2.4606821537, 3.21042251587, 9.67345905304], [-3.15465140343, -49.9574356079, 35.4798622131, 20.7437648773, 12.4967594147, 24.6953449249, 20.3203773499, 43.3032875061, 87.7661132812, 30.9698619843, 4.78423595428, 3.06561326981, 4.43590688705], [24.0555515289, 3.05056548119, 5.48797130585, 24.4817123413, 10.9820890427, 8.76010131836, 4.29464864731, 4.08944320679, 30.9698619843, 86.4681167603, 42.8926506042, 7.49435663223, -2.01689696312], [-36.8968734741, -1.78123509884, 2.59594345093, 16.377866745, 10.0893688202, 7.48590612411, 1.16054713726, 2.4606821537, 4.78423595428, 42.8926506042, 91.5215911865, 48.5428771973, 3.0846157074], [41.3480834961, -12.5907297134, -5.4674115181, 11.7392091751, 3.04710173607, 9.03750705719, 4.72411966324, 3.21042251587, 3.06561326981, 7.49435663223, 48.5428771973, 107.142333984, 48.5156707764], [100.459480286, 1.52245306969, -3.32291889191, 7.06559801102, -0.473435997963, 10.3710975647, 4.9979557991, 9.67345905304, 4.43590688705, -2.01689696312, 3.0846157074, 48.5156707764, 93.063331604]]}, "spectral_contrast_valleys": {"min": [-28.0526981354, -28.1441020966, -27.8853340149, -27.6407146454, -27.5942554474, -27.4281711578], "max": [-5.65398311615, -5.04512643814, -5.95690822601, -6.78438711166, -6.96305179596, -10.1070690155], "dvar2": [0.189198866487, 0.118971049786, 0.107479386032, 0.0791725739837, 0.0566021762788, 0.0332766100764], "median": [-7.852414608, -6.92418956757, -7.8699016571, -8.43667984009, -8.7390165329, -12.2812690735], "dmean2": [0.497957527637, 0.417019486427, 0.38543254137, 0.32309320569, 0.242614001036, 0.171328768134], "dmean": [0.298896700144, 0.257400035858, 0.23226262629, 0.193816274405, 0.148198649287, 0.110192991793], "var": [5.55652618408, 5.97760438919, 5.51873111725, 5.19217205048, 5.12044620514, 3.40285158157], "dvar": [0.0731668546796, 0.050569884479, 0.0448744110763, 0.034367043525, 0.0276861563325, 0.018582334742], "mean": [-8.2056646347, -7.43133115768, -8.35505771637, -8.94239425659, -9.19676113129, -12.382484436]}, "barkbands_flatness_db": {"min": 0.0309977903962, "max": 0.381373614073, "dvar2": 0.000311168056214, "median": 0.172756895423, "dmean2": 0.0174688436091, "dmean": 0.0115655958652, "var": 0.00236449646764, "dvar": 0.000121125405713, "mean": 0.177550002933}, "dynamic_complexity": 5.86052417755, "spectral_skewness": {"min": -0.128631830215, "max": 6.2494430542, "dvar2": 0.228173807263, "median": 1.91757488251, "dmean2": 0.563743293285, "dmean": 0.321543574333, "var": 0.595907270908, "dvar": 0.0753109976649, "mean": 2.11153125763}, "erbbands_flatness_db": {"min": 0.0244750846177, "max"