{"lowlevel": {"spectral_complexity": {"min": 0, "max": 46, "dvar2": 32.6797637939, "median": 9, "dmean2": 4.55842447281, "dmean": 2.95812630653, "var": 31.9991931915, "dvar": 14.3997764587, "mean": 9.67781448364}, "silence_rate_20dB": {"min": 1, "max": 1, "dvar2": 0, "median": 1, "dmean2": 0, "dmean": 0, "var": 0, "dvar": 0, "mean": 1}, "average_loudness": 0.659357130527, "erbbands_spread": {"min": 1.39581716061, "max": 144.748382568, "dvar2": 309.11126709, "median": 28.496515274, "dmean2": 15.8510017395, "dmean": 10.0922040939, "var": 512.800354004, "dvar": 139.30368042, "mean": 34.5633773804}, "spectral_kurtosis": {"min": -1.24978482723, "max": 164.288574219, "dvar2": 37.9208602905, "median": 5.48568630219, "dmean2": 3.21254467964, "dmean": 2.06109189987, "var": 61.6645317078, "dvar": 16.4000225067, "mean": 7.15199804306}, "barkbands_kurtosis": {"min": -1.80728399754, "max": 350.869293213, "dvar2": 248.028121948, "median": 11.3729009628, "dmean2": 11.2286891937, "dmean": 7.27720594406, "var": 256.185668945, "dvar": 112.207901001, "mean": 15.1678667068}, "spectral_strongpeak": {"min": 0, "max": 19.1038856506, "dvar2": 0.977713465691, "median": 0.568459272385, "dmean2": 0.663177967072, "dmean": 0.412219405174, "var": 1.25576901436, "dvar": 0.472379177809, "mean": 0.95760923624}, "spectral_spread": {"min": 916570.4375, "max": 42051160, "dvar2": 2729240952830.0, "median": 6959225, "dmean2": 1566754.75, "dmean": 990565.3125, "var": 6138153140220.0, "dvar": 1229488128000.0, "mean": 6965501.5}, "spectral_rms": {"min": 3.1721793161e-12, "max": 0.0145884631202, "dvar2": 2.35981610786e-06, "median": 0.00398210808635, "dmean2": 0.00138551869895, "dmean": 0.000961250218097, "var": 5.60451780984e-06, "dvar": 1.13531621082e-06, "mean": 0.00420957989991}, "erbbands": {"min": [2.76655917598e-22, 1.4187663128e-21, 5.56499651144e-21, 1.54768222951e-20, 2.02022191757e-20, 3.91348776698e-20, 6.3733891381e-20, 7.45519856142e-20, 1.7533587178e-19, 1.44054149911e-19, 1.55851283485e-19, 8.47415880179e-19, 6.35441283937e-19, 5.22202998114e-19, 1.31984266455e-18, 1.96774480403e-18, 1.77885211409e-18, 2.76606384424e-18, 3.73980349054e-18, 3.75437427703e-18, 5.31245167884e-18, 3.94786009411e-18, 7.75474048771e-18, 5.65531886992e-18, 8.19883307907e-18, 1.10560646345e-17, 1.20907302688e-17, 1.16367272266e-17, 1.45654875711e-17, 1.49776402375e-17, 1.31650823746e-17, 1.21815596632e-17, 1.03731368762e-17, 9.12064977115e-18, 7.59596399631e-18, 4.25580578769e-18, 2.58684916747e-18, 1.02535602672e-18, 2.68730740943e-19, 2.96859386027e-20], "max": [0.51234036684, 10.2240867615, 88.99584198, 109.248794556, 251.807266235, 661.093444824, 359.141296387, 1172.19140625, 1079.83007812, 1445.55761719, 1235.61193848, 2014.48266602, 1444.99707031, 4196.73144531, 3202.32714844, 4421.43945312, 376.974212646, 715.979675293, 714.34942627, 352.834625244, 136.506103516, 142.317687988, 116.173568726, 179.950149536, 125.006874084, 62.4565048218, 68.2528610229, 39.0005607605, 27.9037761688, 20.216802597, 12.9236135483, 11.9509305954, 10.5199117661, 7.37498283386, 3.72118997574, 2.95483708382, 2.77808308601, 3.33295083046, 0.454321920872, 0.011672376655], "dvar2": [0.00267418962903, 1.38437724113, 37.0859336853, 51.2349624634, 359.516967773, 2631.44335938, 750.407226562, 4308.30078125, 7971.14013672, 5173.05517578, 6422.03515625, 4079.11499023, 2292.95068359, 8760.20996094, 9218.2421875, 17724.4335938, 568.377868652, 578.405090332, 4438.25830078, 884.011352539, 149.112609863, 174.646408081, 155.216110229, 84.9192352295, 63.4902458191, 33.8088912964, 24.0892047882, 15.8995294571, 8.98488712311, 4.88475656509, 2.92283606529, 2.44241809845, 1.13953065872, 0.597506165504, 0.198955520988, 0.135992243886, 0.102553270757, 0.203779548407, 0.00387955550104, 2.16245780393e-06], "median": [0.0177121907473, 0.328419148922, 0.843751609325, 1.16031348705, 2.28878688812, 4.31204748154, 6.83218717575, 10.1425981522, 13.3272647858, 12.34121418, 8.63226413727, 4.56554603577, 3.18323969841, 2.68917036057, 2.68628907204, 2.26203536987, 1.83552861214, 1.8686413765, 2.20290780067, 1.47450435162, 0.800385117531, 0.660131931305, 1.09027886391, 0.481830596924, 1.13339996338, 0.402874946594, 0.414829879999, 0.515190005302, 0.405381470919, 0.909947991371, 0.733748435974, 0.528779625893, 0.49621155858, 0.373318463564, 0.274519622326, 0.201811224222, 0.114404201508, 0.0759673118591, 0.00980872195214, 0.000244946801104], "dmean2": [0.0345756188035, 0.72422170639, 3.06313323975, 3.44247102737, 7.86710834503, 22.8982963562, 15.7310876846, 32.5621452332, 40.8717460632, 33.6782035828, 36.6707496643, 22.1249713898, 14.0883932114, 18.6618766785, 17.2023468018, 19.4525966644, 8.93571472168, 9.56641387939, 20.3065185547, 10.9399576187, 4.80100822449, 5.32880878448, 5.12158203125, 3.14158773422, 2.95373797417, 2.21990799904, 1.88947403431, 1.7022818327, 1.29060995579, 1.28331303596, 0.947580516338, 0.824977755547, 0.582140684128, 0.408446758986, 0.242404177785, 0.201588258147, 0.155359536409, 0.196014896035, 0.0272436663508, 0.000639442238025], "dmean": [0.0226543750614, 0.454243212938, 2.21363568306, 2.27306771278, 4.71008396149, 14.2803583145, 9.65946769714, 20.6325416565, 24.7914829254, 21.3966522217, 24.3238105774, 15.293803215, 9.16123771667, 12.518073082, 11.9429769516, 13.3309421539, 5.67983913422, 6.01900529861, 12.110159874, 6.78906869888, 2.77053189278, 3.05666518211, 2.88976025581, 1.73516428471, 1.64577293396, 1.21668744087, 1.04289996624, 0.959767460823, 0.731905758381, 0.778281867504, 0.572683095932, 0.4998434484, 0.357698947191, 0.255274415016, 0.156085416675, 0.130546882749, 0.0980383679271, 0.110696896911, 0.0153752891347, 0.000366313353879], "var": [0.00334678543732, 1.11354207993, 65.2997055054, 49.1767272949, 199.866424561, 2021.95605469, 614.962890625, 8866.61425781, 7320.40576172, 7148.41357422, 8781.26171875, 7080.92773438, 1997.28735352, 7698.52636719, 9008.01367188, 16054.90625, 333.643890381, 373.657623291, 1473.90625, 441.732666016, 40.6093940735, 49.0434761047, 39.028793335, 18.3304805756, 14.117980957, 7.26699495316, 5.354159832, 3.88296866417, 2.27805256844, 2.2423248291, 1.27795755863, 1.0022097826, 0.547057330608, 0.317340612411, 0.1304589957, 0.0907392278314, 0.0487572588027, 0.0540747493505, 0.00104564626236, 6.44520127935e-07], "dvar": [0.00112341647036, 0.542503833771, 23.8146839142, 23.1768531799, 138.668914795, 1134.56005859, 287.746307373, 1861.10339355, 2798.73364258, 2281.44897461, 3103.96069336, 2366.47705078, 1083.91674805, 4297.94628906, 4951.17138672, 9294.3203125, 236.331222534, 259.12588501, 1645.04504395, 351.966125488, 54.034538269, 64.4409713745, 55.7756652832, 29.8861732483, 22.2036514282, 11.8957071304, 8.54077339172, 5.71775245667, 3.2622153759, 1.95094573498, 1.16118049622, 0.965864658356, 0.464676707983, 0.244916781783, 0.084184832871, 0.0591322369874, 0.0423331484199, 0.074931204319, 0.00143983901944, 8.29357702514e-07], "mean": [0.0411655940115, 0.759008765221, 3.45125102997, 3.63337349892, 6.23934793472, 18.6906280518, 16.3655929565, 41.8975868225, 46.9053001404, 43.4524421692, 42.7929534912, 25.7340240479, 13.1759109497, 16.2423648834, 15.3401679993, 17.0580825806, 7.4627866745, 7.52769041061, 12.6801929474, 8.17376804352, 2.79022431374, 2.85068225861, 2.85613918304, 1.48511564732, 1.92470884323, 1.06136894226, 0.967792987823, 1.00916707516, 0.789533495903, 1.31432294846, 1.00934064388, 0.802564263344, 0.675049245358, 0.517426013947, 0.362766563892, 0.281801760197, 0.172676995397, 0.130559250712, 0.0175270140171, 0.000435348687461]}, "zerocrossingrate": {"min": 0.00341796875, "max": 0.7646484375, "dvar2": 0.000312969757942, "median": 0.06005859375, "dmean2": 0.0175772160292, "dmean": 0.0140096694231, "var": 0.00353267486207, "dvar": 0.000230166595429, "mean": 0.0716255679727}, "spectral_contrast_coeffs": {"min": [-0.97559851408, -0.985340237617, -0.994168698788, -0.993542015553, -0.991245269775, -0.965069055557], "max": [-0.322134852409, -0.367697954178, -0.424139976501, -0.529906153679, -0.690228104591, -0.660679101944], "dvar2": [0.00520547479391, 0.00466623203829, 0.00239397166297, 0.0018764360575, 0.000694337941241, 0.00110990961548], "median": [-0.647487878799, -0.712026178837, -0.80546349287, -0.817564070225, -0.826840877533, -0.822118282318], "dmean2": [0.0885168761015, 0.0849570035934, 0.0615804828703, 0.0499224029481, 0.0322380773723, 0.0306383874267], "dmean": [0.0548848360777, 0.0527297630906, 0.0379905812442, 0.0315240882337, 0.0195738766342, 0.0178903583437], "var": [0.00811702851206, 0.00890960358083, 0.00486497720703, 0.0042447890155, 0.000971069035586, 0.000695633294526], "dvar": [0.00215172325261, 0.00180829153396, 0.00100825505797, 0.000862786429934, 0.000265346636297, 0.000413516856497], "mean": [-0.638395905495, -0.702664077282, -0.793762683868, -0.802654445171, -0.827260971069, -0.821551024914]}, "dissonance": {"min": 0.163410261273, "max": 0.500000059605, "dvar2": 0.00178991153371, "median": 0.439307630062, "dmean2": 0.0514472387731, "dmean": 0.0307806711644, "var": 0.00182798609603, "dvar": 0.000670383451506, "mean": 0.432141691446}, "spectral_energyband_high": {"min": 7.41224672343e-21, "max": 0.00502837635577, "dvar2": 6.34858224657e-07, "median": 0.000266950228252, "dmean2": 0.000400082499254, "dmean": 0.000241197369178, "var": 2.4158921974e-07, "dvar": 2.49540931918e-07, "mean": 0.000389992987039}, "gfcc": {"mean": [-39.012134552, 70.7400817871, -49.0798606873, -4.40380573273, -52.4164581299, -0.292486399412, -38.0642433167, 3.27858638763, -16.451751709, 7.23237752914, -13.7417058945, 3.72992134094, -18.0266532898], "icov": [[9.39475430641e-05, -6.44881220069e-05, 0.000107190520794, 2.20709716814e-05, 0.000183807482244, -0.000147502709297, 0.000160473602591, -0.000154079854838, 0.000272329867585, -0.000399825890781, 0.000562607252505, -0.000603584339842, 0.000393717258703], [-6.44881220069e-05, 0.00100176397245, -9.70915516518e-06, 4.08740706916e-05, -0.000369061075617, -0.000193536674487, 0.000469678663649, 0.000233551632846, -0.000592782569584, 0.0015726943966, -0.00161031237803, 0.00190407678019, -0.000884690904059], [0.000107190520794, -9.70915516518e-06, 0.00228741625324, -0.00191081233788, 0.00132444512565, -0.00103498005774, 0.000897348218132, -0.000699587108102, 0.000188445221283, 0.000190250808373, -0.000446376157925, -0.00100343849044, 0.00185161223635], [2.20709716814e-05, 4.08740706916e-05, -0.00191081233788, 0.0059452126734, -0.00369593803771, 0.00275319837965, -0.00194764416665, -0.00126861047465, 0.00263290852308, -0.000637318473309, 0.000366403925, 0.00129800534341, -0.00165420514531], [0.000183807482244, -0.000369061075617, 0.00132444512565, -0.00369593803771, 0.0136087164283, -0.00891812331975, 0.000762173498515, 0.00423889746889, -0.00564352981746, 0.00281244749203, -0.000323340238538, 0.00101223774254, 0.000468604295747], [-0.000147502709297, -0.000193536674487, -0.00103498005774, 0.00275319837965, -0.00891812331975, 0.0183657929301, -0.00784373469651, -0.00261465949006, 0.00511660799384, -0.00694743497297, 0.00382615579292, -0.00235859840177, 0.000729244900867], [0.000160473602591, 0.000469678663649, 0.000897348218132, -0.00194764416665, 0.000762173498515, -0.00784373469651, 0.0200364589691, -0.0113583356142, 0.00092281162506, 0.00904847402126, -0.00890969205648, 0.00764289498329, -0.00428185472265], [-0.000154079854838, 0.000233551632846, -0.000699587108102, -0.00126861047465, 0.00423889746889, -0.00261465949006, -0.0113583356142, 0.0257241372019, -0.0151096712798, 0.0011857538484, 0.00672593945637, -0.00841793045402, 0.00557701569051], [0.000272329867585, -0.000592782569584, 0.000188445221283, 0.00263290852308, -0.00564352981746, 0.00511660799384, 0.00092281162506, -0.0151096712798, 0.0319845937192, -0.0201656315476, 0.00112101610284, 0.00794456340373, -0.00430491007864], [-0.000399825890781, 0.0015726943966, 0.000190250808373, -0.000637318473309, 0.00281244749203, -0.00694743497297, 0.00904847402126, 0.0011857538484, -0.0201656315476, 0.0368265137076, -0.0197072271258, 0.00379166775383, 0.00287808757275], [0.000562607252505, -0.00161031237803, -0.000446376157925, 0.000366403925, -0.000323340238538, 0.00382615579292, -0.00890969205648, 0.00672593945637, 0.00112101610284, -0.0197072271258, 0.0429117269814, -0.0283935014158, 0.00794579088688], [-0.000603584339842, 0.00190407678019, -0.00100343849044, 0.00129800534341, 0.00101223774254, -0.00235859840177, 0.00764289498329, -0.00841793045402, 0.00794456340373, 0.00379166775383, -0.0283935014158, 0.0458093285561, -0.0233430471271], [0.000393717258703, -0.000884690904059, 0.00185161223635, -0.00165420514531, 0.000468604295747, 0.000729244900867, -0.00428185472265, 0.00557701569051, -0.00430491007864, 0.00287808757275, 0.00794579088688, -0.0233430471271, 0.0296811442822]], "cov": [[16264.4814453, 210.469100952, -846.865234375, -716.633850098, -399.31817627, -32.505279541, -380.728851318, -15.4040460587, -55.9550819397, 214.428939819, -43.8332939148, 180.425216675, -116.786361694], [210.469100952, 1234.36132812, -76.1620178223, 11.9812870026, 75.9356994629, 12.6973810196, -5.10928964615, -44.9456977844, -12.1847066879, -64.0346450806, -23.779794693, -62.6554069519, 7.14836597443], [-846.865234375, -76.1620178223, 711.698425293, 238.898269653, -3.06268668175, 12.049861908, 30.3856811523, 36.2388496399, -14.9639968872, -9.42224693298, 15.3077411652, 1.01101756096, -29.3532943726], [-716.633850098, 11.9812870026, 238.898269653, 324.932342529, 76.2821350098, 16.9750041962, 63.4122924805, 18.9489040375, -24.101732254, -41.8118019104, -14.0604276657, -20.0494670868, 5.58991956711], [-399.31817627, 75.9356994629, -3.06268668175, 76.2821350098, 155.085174561, 71.0758285522, 42.463306427, 6.2993812561, 17.1489906311, -9.64682483673, -12.467373848, -27.204120636, -1.88451969624], [-32.505279541, 12.6973810196, 12.049861908, 16.9750041962, 71.0758285522, 116.286483765, 60.2938766479, 34.1292266846, 12.6553325653, 6.06398105621, -3.69912147522, -7.91837072372, -4.67963218689], [-380.728851318, -5.10928964615, 30.3856811523, 63.4122924805, 42.463306427, 60.2938766479, 129.04107666, 59.1828269958, 7.7897977829, -26.2038841248, -5.56884431839, -13.9725732803, 6.05285835266], [-15.4040460587, -44.9456977844, 36.2388496399, 18.9489040375, 6.2993812561, 34.1292266846, 59.1828269958, 98.8987350464, 48.7932548523, 17.0464515686, -2.31120276451, -5.29955244064, -11.448182106], [-55.9550819397, -12.1847066879, -14.9639968872, -24.101732254, 17.1489906311, 12.6553325653, 7.7897977829, 48.7932548523, 94.5695495605, 57.1608924866, 10.6729211807, -13.6095647812, -14.043797493], [214.428939819, -64.0346450806, -9.42224693298, -41.8118019104, -9.64682483673, 6.06398105621, -26.2038841248, 17.0464515686, 57.1608924866, 90.6181106567, 38.1630401611, 14.0341024399, -13.1509923935], [-43.8332939148, -23.779794693, 15.3077411652, -14.0604276657, -12.467373848, -3.69912147522, -5.56884431839, -2.31120276451, 10.6729211807, 38.1630401611, 67.5737686157, 45.5584068298, 13.6401815414], [180.425216675, -62.6554069519, 1.01101756096, -20.0494670868, -27.204120636, -7.91837072372, -13.9725732803, -5.29955244064, -13.6095647812, 14.0341024399, 45.5584068298, 79.267036438, 40.9721984863], [-116.786361694, 7.14836597443, -29.3532943726, 5.58991956711, -1.88451969624, -4.67963218689, 6.05285835266, -11.448182106, -14.043797493, -13.1509923935, 13.6401815414, 40.9721984863, 68.5751495361]]}, "spectral_flux": {"min": 6.58593526937e-11, "max": 0.391897052526, "dvar2": 0.00255358032882, "median": 0.0589502230287, "dmean2": 0.0453985668719, "dmean": 0.0286287348717, "var": 0.0022058065515, "dvar": 0.001121723908, "mean": 0.0696807801723}, "silence_rate_30dB": {"min": 0, "max": 1, "dvar2": 0.0192393362522, "median": 1, "dmean2": 0.0166799742728, "dmean": 0.0083392476663, "var": 0.00957491714507, "dvar": 0.00826915819198, "mean": 0.99033087492}, "spectral_energyband_middle_high": {"min": 1.31105966242e-21, "max": 0.181491553783, "dvar2": 4.9967871746e-05, "median": 0.000539493921679, "dmean2": 0.00218193023466, "dmean": 0.00146964204032, "var": 4.15954236814e-05, "dvar": 2.46544132096e-05, "mean": 0.00197405042127}, "barkbands_spread": {"min": 0.209248811007, "max": 121.041259766, "dvar2": 171.482162476, "median": 12.8166360855, "dmean2": 9.96484375, "dmean": 6.19414234161, "var": 180.129394531, "dvar": 69.6983261108, "mean": 16.7427654266}, "spectral_centroid": {"min": 119.127952576, "max": 11514.140625, "dvar2": 120434.25, "median": 547.596252441, "dmean2": 252.283508301, "dmean": 152.859115601, "var": 271277.9375, "dvar": 49469.734375, "mean": 646.797485352}, "pitch_salience": {"min": 0.0879243090749, "max": 0.994471311569, "dvar2": 0.0148540390655, "median": 0.543535768986, "dmean2": 0.138661548495, "dmean": 0.0846498683095, "var": 0.0159596446902, "dvar": 0.00584179116413, "mean": 0.541227340698}, "erbbands_skewness": {"min": -1.73930871487, "max": 7.58672571182, "dvar2": 0.652956962585, "median": 1.75143134594, "dmean2": 0.853047430515, "dmean": 0.548237860203, "var": 0.887692391872, "dvar": 0.273793518543, "mean": 1.79053103924}, "erbbands_crest": {"min": 2.41418004036, "max": 30.4436264038, "dvar2": 20.2919044495, "median": 11.4127006531, "dmean2": 5.01965236664, "dmean": 3.09743690491, "var": 29.4234790802, "dvar": 8.04309463501, "mean": 12.3013162613}, "melbands": {"min": [2.13729851862e-24, 3.56036316252e-24, 4.79515648784e-24, 2.54080067443e-24, 1.9326368398e-24, 1.6927024289e-24, 3.02797651759e-24, 1.05406795434e-24, 1.28145267293e-24, 5.70244986962e-24, 2.91794402916e-24, 1.87304944247e-24, 4.09915082205e-24, 4.79753293132e-24, 3.66373825655e-24, 3.77006447923e-24, 4.92732027175e-24, 6.00954632028e-24, 5.05992226789e-24, 5.45523663915e-24, 5.2903264502e-24, 3.2405195085e-24, 5.05302565143e-24, 4.88001425542e-24, 3.60838704228e-24, 4.9771431488e-24, 7.32176279357e-24, 7.14382653893e-24, 7.07216325886e-24, 5.33058399435e-24, 5.21859848353e-24, 7.90199286633e-24, 8.31991401897e-24, 7.61921226422e-24, 7.16768958131e-24, 6.09583744812e-24, 7.56127358617e-24, 5.8210768004e-24, 7.96703129252e-24, 7.09606732201e-24], "max": [0.00777446478605, 0.0323833450675, 0.0267822891474, 0.0256151147187, 0.0120985358953, 0.0245113689452, 0.0140691874549, 0.0135128656402, 0.0120127629489, 0.0135543579236, 0.00702791521326, 0.0154362684116, 0.0085015213117, 0.0257650800049, 0.00147190387361, 0.0012366323499, 0.00120999256615, 0.00100948940963, 0.00101019837894, 0.000201629300136, 0.000185836091987, 0.000141564305522, 0.000131716180476, 8.86939160409e-05, 0.000154926630785, 0.00011975360394, 6.72325331834e-05, 4.48684659204e-05, 5.69516923861e-05, 2.61822569882e-05, 2.57015926763e-05, 1.98655325221e-05, 1.16120027087e-05, 1.36679846037e-05, 9.26929169509e-06, 6.69667770126e-06, 7.71696522861e-06, 7.68567497289e-06, 8.3312188508e-06, 6.64035997033e-06], "dvar2": [6.31103546311e-07, 5.96587460677e-06, 2.60850697487e-06, 4.98647705172e-06, 1.30914963847e-06, 2.16270677811e-06, 1.47727553212e-06, 5.56512929961e-07, 4.98911106206e-07, 1.60084979939e-07, 5.67177806943e-08, 1.21319871482e-07, 5.69846818621e-08, 5.55151075332e-07, 7.49582884652e-09, 2.85918222431e-09, 1.87763804504e-09, 9.42981426277e-09, 7.72234276525e-09, 3.52352647059e-10, 1.90003332512e-10, 1.85221546434e-10, 1.89136914464e-10, 9.29302676478e-11, 5.7744642401e-11, 4.09316087968e-11, 2.71676570129e-11, 1.38130860916e-11, 1.16338822256e-11, 6.43848472801e-12, 5.51046014374e-12, 3.36712970873e-12, 2.00654987417e-12, 1.68432563903e-12, 1.15015592536e-12, 8.61469532862e-13, 9.92768259094e-13, 6.19483631059e-13, 5.42697017967e-13, 4.74735647928e-13], "median": [0.000252333265962, 0.000522585760336, 0.000257518026046, 0.000240716151893, 0.000262896704953, 0.00023731373949, 0.000190843391465, 0.000117004798085, 5.3369505622e-05, 2.32068559853e-05, 1.37586648634e-05, 9.95163463813e-06, 8.94642471394e-06, 6.51476057101e-06, 3.7620495732e-06, 3.13380223815e-06, 2.87117404696e-06, 2.77640219792e-06, 2.42622490987e-06, 1.10964936084e-06, 7.63589582675e-07, 6.11388486504e-07, 8.37878076254e-07, 8.0678461245e-07, 2.37331434505e-07, 8.5120524318e-07, 5.55490146326e-07, 1.91957383322e-07, 2.44927775839e-07, 2.71673400221e-07, 3.01908357869e-07, 1.95809761294e-07, 2.88520681124e-07, 5.96039910761e-07, 4.12948281792e-07, 3.5850936797e-07, 2.79492240907e-07, 3.28654607529e-07, 3.56649621835e-07, 2.87558037826e-07], "dmean2": [0.000520453264471, 0.00135421403684, 0.000684675178491, 0.00109162530862, 0.000639968202449, 0.000747253361624, 0.000591734715272, 0.000371624686522, 0.000295560952509, 0.000134404646815, 7.01279423083e-05, 7.28724335204e-05, 5.77704013267e-05, 7.58302921895e-05, 3.0003622669e-05, 1.86865654541e-05, 1.75773693627e-05, 3.01663912978e-05, 2.81557822746e-05, 7.27024826119e-06, 5.17103217135e-06, 5.40860492038e-06, 5.45407192476e-06, 3.80405526812e-06, 2.46885792876e-06, 2.27209966397e-06, 1.93459982256e-06, 1.39335509175e-06, 1.23172662825e-06, 1.08299525436e-06, 9.81522248367e-07, 7.63816956351e-07, 6.77904097302e-07, 8.04219041584e-07, 6.02828151841e-07, 5.22848097262e-07, 5.18984904829e-07, 4.44623680096e-07, 4.25280148875e-07, 3.46699891907e-07], "dmean": [0.000331207265845, 0.000946107553318, 0.000449036102509, 0.000675104791299, 0.000397491530748, 0.000469462334877, 0.000362804246834, 0.000239576867898, 0.00019566170522, 9.30751702981e-05, 4.47419952252e-05, 4.8475987569e-05, 3.88003936678e-05, 5.49798714928e-05, 1.84882028407e-05, 1.18734251373e-05, 1.09401589725e-05, 1.77792153409e-05, 1.75411314558e-05, 4.19522302764e-06, 2.95759991786e-06, 3.09457777803e-06, 3.08945618599e-06, 2.12892427953e-06, 1.35796801715e-06, 1.26398174416e-06, 1.07143353034e-06, 7.61231262913e-07, 6.75948058415e-07, 6.089506428e-07, 5.53717597995e-07, 4.31302851212e-07, 3.93140396682e-07, 4.89791887048e-07, 3.60852794756e-07, 3.16412354096e-07, 3.09366782858e-07, 2.65699384272e-07, 2.661757037e-07, 2.12954901713e-07], "var": [6.62255047246e-07, 9.27790460992e-06, 2.19581465899e-06, 3.52395022674e-06, 1.07216294509e-06, 3.82276220989e-06, 1.62321919106e-06, 7.96957351668e-07, 5.74017121835e-07, 2.98583358926e-07, 4.50668409258e-08, 1.05869879974e-07, 4.80215334164e-08, 5.23993264778e-07, 4.42777325915e-09, 2.26296603678e-09, 1.1439739156e-09, 3.08491943102e-09, 3.79828257735e-09, 1.00588357088e-10, 4.94021837327e-11, 5.26397779532e-11, 4.88017681821e-11, 2.20150529751e-11, 1.21973126044e-11, 8.95099706161e-12, 5.87680468525e-12, 2.93548410406e-12, 2.47857507088e-12, 1.57635883513e-12, 1.32469913944e-12, 8.2106473313e-13, 5.91437543471e-13, 8.8721494344e-13, 4.92544319133e-13, 3.79438803511e-13, 3.72262171176e-13, 2.66093516579e-13, 3.20483223293e-13, 2.2025320478e-13], "dvar": [2.52668769463e-07, 3.50549953509e-06, 1.10846860935e-06, 2.08406413549e-06, 5.28823704826e-07, 8.87578323727e-07, 5.40211487987e-07, 2.52602006867e-07, 2.36239557694e-07, 9.59685380053e-08, 2.61266084323e-08, 5.93560542939e-08, 2.79282286186e-08, 2.97242934266e-07, 3.08654746206e-09, 1.29577204522e-09, 8.267306284e-10, 3.50977358288e-09, 3.04310798782e-09, 1.28669963573e-10, 6.82887288384e-11, 6.83925555078e-11, 6.8570371603e-11, 3.30007653149e-11, 2.02528410709e-11, 1.42733411895e-11, 9.49247017795e-12, 4.8550933239e-12, 4.08640439195e-12, 2.32566960481e-12, 1.97062548571e-12, 1.21332642284e-12, 7.44411260065e-13, 6.88247364915e-13, 4.5245843747e-13, 3.41589820665e-13, 3.86446300307e-13, 2.45777898901e-13, 2.30667671379e-13, 1.87573657236e-13], "mean": [0.000578947947361, 0.00155814678874, 0.000714845780749, 0.000890266092028, 0.000643250765279, 0.000925255939364, 0.000721793971024, 0.000474735308671, 0.00032778349123, 0.00015395898663, 6.10745846643e-05, 6.17512196186e-05, 4.86775679747e-05, 7.04046397004e-05, 2.32683942158e-05, 1.54202898557e-05, 1.31932010845e-05, 1.75992554432e-05, 2.11768256122e-05, 4.26697033618e-06, 2.80443123302e-06, 2.85644136966e-06, 2.89160175271e-06, 2.04636171475e-06, 1.05133767647e-06, 1.45732713008e-06, 1.10114001473e-06, 6.14658631548e-07, 5.98979966071e-07, 5.98816200181e-07, 5.84465681186e-07, 4.27233715072e-07, 4.88094542561e-07, 8.59356134697e-07, 5.95829192207e-07, 5.22830305272e-07, 4.49887863851e-07, 4.52674186135e-07, 5.09205563048e-07, 4.04729007641e-07]}, "spectral_entropy": {"min": 4.11776256561, "max": 9.82033824921, "dvar2": 0.163767412305, "median": 7.25952100754, "dmean2": 0.425559699535, "dmean": 0.275525152683, "var": 0.371636748314, "dvar": 0.0751230940223, "mean": 7.23075675964}, "spectral_rolloff": {"min": 86.1328125, "max": 20004.3457031, "dvar2": 3692543.75, "median": 495.263671875, "dmean2": 623.833129883, "dmean": 356.375152588, "var": 3650310.25, "dvar": 1365764.125, "mean": 877.735046387}, "barkbands": {"min": [1.29086003644e-24, 6.43533714931e-24, 4.18616691306e-24, 5.05633768394e-24, 1.36090339064e-23, 8.58270015258e-24, 1.28117108903e-23, 4.21145187723e-24, 3.25302445268e-23, 1.32038449688e-23, 2.2946471208e-23, 4.10262827869e-23, 3.42701813829e-23, 5.80348307229e-23, 5.77136444276e-23, 8.5688204605e-23, 5.70257072311e-23, 1.25171955089e-22, 1.46672908108e-22, 2.51141606325e-22, 3.05361442601e-22, 4.42445247846e-22, 4.93408943985e-22, 5.81195354514e-22, 1.0850753731e-21, 1.44649342309e-21, 2.17995210944e-21], "max": [0.00247581722215, 0.0369955636561, 0.0967532098293, 0.0707391873002, 0.109172612429, 0.103248402476, 0.0797903314233, 0.0679203793406, 0.0684936195612, 0.0341664366424, 0.119892165065, 0.1765922755, 0.00889611151069, 0.0110149625689, 0.012200973928, 0.00238534039818, 0.00248758913949, 0.00200472283177, 0.00339762750082, 0.00128105678596, 0.00113908166531, 0.000735452398658, 0.000519504654221, 0.000561265565921, 0.000617555517238, 0.00167508935556, 0.00279983552173], "dvar2": [1.81161148305e-08, 1.71247102116e-05, 3.7555295421e-05, 1.54453500727e-05, 8.88620052137e-05, 4.22920202254e-05, 2.85142759822e-05, 1.15634120448e-05, 9.27084329305e-06, 1.54938493324e-06, 6.80776838635e-06, 2.65199651039e-05, 2.88306353013e-07, 2.05483118521e-07, 1.72625505002e-06, 5.41569882273e-08, 4.89193787701e-08, 4.53374973119e-08, 2.96856690341e-08, 1.59062540916e-08, 1.14312284083e-08, 6.2582494742e-09, 3.77382303185e-09, 4.51029258386e-09, 4.0804932766e-09, 3.38711174663e-08, 1.40707015817e-07], "median": [2.64164623331e-06, 0.00112397409976, 0.000547440547962, 0.000333508069161, 0.001179707353, 0.00120579439681, 0.000685058068484, 0.000378965429263, 0.000161979609402, 7.13457629899e-05, 6.2186656578e-05, 5.52561177756e-05, 3.44950894942e-05, 2.98918075714e-05, 3.29074646288e-05, 1.27498760776e-05, 1.09897810034e-05, 1.62644791999e-05, 1.87953210116e-05, 8.32717250887e-06, 1.16638011605e-05, 1.42313519973e-05, 3.00859792333e-05, 2.60678461927e-05, 3.66858803318e-05, 6.5750151407e-05, 5.84217013966e-05], "dmean2": [4.39084869868e-05, 0.00259374384768, 0.00289385626093, 0.00128222128842, 0.00464536156505, 0.00346329947934, 0.00258692796342, 0.00174010451883, 0.00105775194243, 0.000396270421334, 0.000488841789775, 0.000607407069765, 0.00019452018023, 0.000191864237422, 0.000404806138249, 8.99114093045e-05, 9.12663090276e-05, 8.38067280711e-05, 5.98724836891e-05, 4.90072452521e-05, 4.3835840188e-05, 3.67827924492e-05, 3.60111989721e-05, 3.55221854988e-05, 3.3962794987e-05, 8.75166806509e-05, 0.000164978977409], "dmean": [2.98029408441e-05, 0.00160842284095, 0.00214799656533, 0.000774865970016, 0.00287706078961, 0.00217257603072, 0.0015970376553, 0.00113391538616, 0.000726355821826, 0.00024485157337, 0.000326226145262, 0.000433422392234, 0.000120286771562, 0.000119363568956, 0.000244898692472, 5.14972671226e-05, 5.24253846379e-05, 4.68609141535e-05, 3.32370764227e-05, 2.68679468718e-05, 2.44585880864e-05, 2.12295108213e-05, 2.19683952309e-05, 2.17239303311e-05, 2.18091008719e-05, 5.4619358707e-05, 9.26877910388e-05], "var": [1.2812097161e-08, 1.36989365274e-05, 7.139518857e-05, 1.00125444078e-05, 6.40390499029e-05, 6.98936200934e-05, 3.96845643991e-05, 1.84476102731e-05, 1.24092439364e-05, 1.01566320154e-06, 5.67362121728e-06, 2.52025856753e-05, 1.52097143769e-07, 1.18215496059e-07, 6.43973692149e-07, 1.47269174633e-08, 1.39500455631e-08, 1.07343813838e-08, 6.42229913694e-09, 3.43990169682e-09, 2.68361821654e-09, 1.78158687802e-09, 1.83777981722e-09, 1.9764307968e-09, 2.51507481508e-09, 1.50519650077e-08, 3.69861545835e-08], "dvar": [8.90099194351e-09, 6.53490678815e-06, 2.50470311585e-05, 6.15879253019e-06, 3.70179332094e-05, 1.72072541318e-05, 1.13409505502e-05, 5.68474797547e-06, 4.9480099733e-06, 6.81685548898e-07, 3.27085422214e-06, 1.42027693073e-05, 1.16192403254e-07, 8.94238212368e-08, 6.46776470603e-07, 1.96238634231e-08, 1.80900752156e-08, 1.61352282646e-08, 1.03886250713e-08, 5.60296387064e-09, 4.08892830706e-09, 2.31913910298e-09, 1.52044565827e-09, 1.81559978163e-09, 1.71585523567e-09, 1.36820803576e-08, 5.18336058519e-08], "mean": [3.32136514771e-05, 0.00262953201309, 0.00327806477435, 0.00108736520633, 0.00390872405842, 0.00422610109672, 0.0032340886537, 0.00194993126206, 0.00114005606156, 0.000300217740005, 0.000410179432947, 0.000568076269701, 0.000150763007696, 0.000139391428092, 0.000271894474281, 5.03481169289e-05, 4.89974445372e-05, 4.40122130385e-05, 3.55742340616e-05, 2.2859821911e-05, 2.43901431531e-05, 2.5279021429e-05, 4.07915795222e-05, 3.74835581169e-05, 4.9235233746e-05, 9.72130001173e-05, 0.0001044723831]}, "melbands_flatness_db": {"min": 9.38858647714e-06, "max": 0.735265731812, "dvar2": 0.00264988234267, "median": 0.254025071859, "dmean2": 0.0525930970907, "dmean": 0.0339559838176, "var": 0.00590378511697, "dvar": 0.00117072719149, "mean": 0.256887704134}, "melbands_skewness": {"min": -2.97427511215, "max": 16.5267238617, "dvar2": 2.05616903305, "median": 2.56234121323, "dmean2": 1.3881829977, "dmean": 0.901806175709, "var": 3.25307226181, "dvar": 0.924910545349, "mean": 2.90155768394}, "barkbands_skewness": {"min": -9.97849178314, "max": 13.0989246368, "dvar2": 1.42976880074, "median": 2.77753591537, "dmean2": 1.17613422871, "dmean": 0.764925837517, "var": 2.22046327591, "dvar": 0.635201156139, "mean": 2.87231445312}, "silence_rate_60dB": {"min": 0, "max": 1, "dvar2": 0.100353688002, "median": 0, "dmean2": 0.0897879526019, "dmean": 0.0448899939656, "var": 0.117548316717, "dvar": 0.0428738445044, "mean": 0.136077359319}, "spectral_energyband_low": {"min": 3.53888113901e-23, "max": 0.106337606907, "dvar2": 6.98002622812e-05, "median": 0.00269724847749, "dmean2": 0.00512641947716, "dmean": 0.00356278917752, "var": 0.000109894943307, "dvar": 3.95284114347e-05, "mean": 0.00639282772318}, "spectral_energyband_middle_low": {"min": 2.07196159535e-22, "max": 0.147267282009, "dvar2": 0.000256867613643, "median": 0.00908619631082, "dmean2": 0.0109667740762, "dmean": 0.00715638278052, "var": 0.000322119070916, "dvar": 0.000110180626507, "mean": 0.0156669747084}, "melbands_kurtosis": {"min": -1.68942832947, "max": 379.509216309, "dvar2": 817.038879395, "median": 16.5448951721, "dmean2": 19.0472736359, "dmean": 12.2185707092, "var": 809.333374023, "dvar": 357.053131104, "mean": 24.7863254547}, "spectral_decrease": {"min": -5.26105843335e-08, "max": 5.97284012207e-16, "dvar2": 2.43907438501e-17, "median": -4.05899891476e-09, "dmean2": 3.70167674291e-09, "dmean": 2.51441245602e-09, "var": 3.79413188599e-17, "dvar": 1.13540771297e-17, "mean": -6.00448979426e-09}, "erbbands_kurtosis": {"min": -1.69039750099, "max": 88.9856643677, "dvar2": 29.0523109436, "median": 3.78621292114, "dmean2": 4.5224609375, "dmean": 2.89796090126, "var": 36.7296791077, "dvar": 12.2209444046, "mean": 5.21287298203}, "melbands_crest": {"min": 1.05700361729, "max": 31.3161525726, "dvar2": 22.6039733887, "median": 13.7737817764, "dmean2": 5.59960508347, "dmean": 3.4232506752, "var": 26.2992324829, "dvar": 9.10108184814, "mean": 14.6267328262}, "melbands_spread": {"min": 0.320132136345, "max": 238.984588623, "dvar2": 77.4979858398, "median": 8.45495510101, "dmean2": 5.99109077454, "dmean": 3.68589472771, "var": 168.970626831, "dvar": 31.7373695374, "mean": 10.7612848282}, "spectral_energy": {"min": 1.03142895413e-20, "max": 0.218143820763, "dvar2": 0.000384340062737, "median": 0.0162536147982, "dmean2": 0.0146660935134, "dmean": 0.00997281167656, "var": 0.000591909105424, "dvar": 0.000178856062121, "mean": 0.0239082202315}, "mfcc": {"mean": [-710.922180176, 133.313598633, 43.2686576843, 8.66646003723, 5.884724617, -2.20131635666, -7.63766860962, -3.19860649109, -5.92333936691, 2.41695022583, 2.49801969528, -1.06928575039, 2.68833255768], "icov": [[0.000118576041132, -8.23807349661e-05, 8.80077277543e-05, 0.000110035209218, 0.00013388498337, -0.000112620415166, 0.000266305898549, -0.00021327608556, 0.000289014918962, -0.00020905569545, 5.61171982554e-05, 5.64739602851e-05, -0.000134945876198], [-8.23807349661e-05, 0.00122321431991, -0.000170139654074, 0.00042612006655, -0.00083134113811, -5.15417966085e-08, 8.22071888251e-06, 0.000163231423358, -0.000445152516477, 0.000875927275047, -0.000434772548033, 5.35106664756e-06, 0.000423376099207], [8.80077277543e-05, -0.000170139654074, 0.00288308924064, -0.00222069630399, -0.000447211612482, 0.000999152078293, -0.000201534785447, -0.00144234555773, 0.00276344735175, -0.00159332773183, -0.000476643297588, 0.00109191739466, -0.001680952264], [0.000110035209218, 0.00042612006655, -0.00222069630399, 0.00728877447546, -0.00317922793329, 0.000406635022955, -0.00183670886327, 0.00114112102892, -0.00316920084879, 0.00215786951594, 0.000927320157643, -0.000825801747851, 0.00159019534476], [0.00013388498337, -0.00083134113811, -0.000447211612482, -0.00317922793329, 0.0154010495171, -0.010255696252, 0.00513272732496, -0.0017051268369, 0.000647604756523, -0.00121886772104, -0.00191505113617, 0.00162509270012, -0.00171523541212], [-0.000112620415166, -5.15417966085e-08, 0.000999152078293, 0.000406635022955, -0.010255696252, 0.0244729407132, -0.0153778223321, 0.00782391149551, -0.00324700120836, 0.000976920709945, 0.000551235978492, -0.00038714861148, -0.000110883527668], [0.000266305898549, 8.22071888251e-06, -0.000201534785447, -0.00183670886327, 0.00513272732496, -0.0153778223321, 0.0281026195735, -0.0189308132976, 0.00631997408345, -0.00190988660324, 0.00112090376206, 0.000762960931752, 0.000102321871964], [-0.00021327608556, 0.000163231423358, -0.00144234555773, 0.00114112102892, -0.0017051268369, 0.00782391149551, -0.0189308132976, 0.030410386622, -0.0175502877682, 0.00667748693377, -0.00396614056081, 0.00102557940409, 0.00150960637257], [0.000289014918962, -0.000445152516477, 0.00276344735175, -0.00316920084879, 0.000647604756523, -0.00324700120836, 0.00631997408345, -0.0175502877682, 0.0331183224916, -0.020165624097, 0.00728963315487, -0.00288033508696, 0.00142436369788], [-0.00020905569545, 0.000875927275047, -0.00159332773183, 0.00215786951594, -0.00121886772104, 0.000976920709945, -0.00190988660324, 0.00667748693377, -0.020165624097, 0.0341215208173, -0.0215912889689, 0.00931199267507, -0.00410599261522], [5.61171982554e-05, -0.000434772548033, -0.000476643297588, 0.000927320157643, -0.00191505113617, 0.000551235978492, 0.00112090376206, -0.00396614056081, 0.00728963315487, -0.0215912889689, 0.037901468575, -0.0217021293938, 0.00594787020236], [5.64739602851e-05, 5.35106664756e-06, 0.00109191739466, -0.000825801747851, 0.00162509270012, -0.00038714861148, 0.000762960931752, 0.00102557940409, -0.00288033508696, 0.00931199267507, -0.0217021293938, 0.032934460789, -0.0125401662663], [-0.000134945876198, 0.000423376099207, -0.001680952264, 0.00159019534476, -0.00171523541212, -0.000110883527668, 0.000102321871964, 0.00150960637257, 0.00142436369788, -0.00410599261522, 0.00594787020236, -0.0125401662663, 0.020046710968]], "cov": [[10720.3291016, 652.428405762, -678.10534668, -597.871765137, -207.276107788, -125.897758484, -250.944793701, -151.276153564, -131.155578613, -4.36284255981, 10.2996721268, 30.6043872833, 67.7064437866], [652.428405762, 926.346435547, -13.6316175461, -47.6715049744, 47.6316871643, 17.2169017792, -16.0936412811, -12.5532684326, -12.5631170273, -20.7435970306, 4.18735313416, -0.544949829578, -12.2748250961], [-678.10534668, -13.6316175461, 595.147949219, 212.433929443, 71.5174407959, 14.9368267059, 47.6245079041, 38.2871284485, -6.56745958328, 16.7635326385, 12.6112880707, -4.8629989624, 28.9680366516], [-597.871765137, -47.6715049744, 212.433929443, 264.487701416, 74.7169113159, 40.1962165833, 53.2100219727, 37.8265686035, 25.6928539276, 0.0122593296692, -7.98952627182, -11.6040735245, -9.40147972107], [-207.276107788, 47.6316871643, 71.5174407959, 74.7169113159, 120.858268738, 55.9879074097, 19.6228237152, 9.23494434357, 13.2368087769, 12.5129137039, 9.0913848877, -0.172802641988, 6.34058332443], [-125.897758484, 17.2169017792, 14.9368267059, 40.1962165833, 55.9879074097, 91.9421310425, 53.626537323, 18.2213096619, 13.7478055954, 4.19503068924, -0.871766626835, -4.03992176056, -1.88013195992], [-250.944793701, -16.0936412811, 47.6245079041, 53.2100219727, 19.6228237152, 53.626537323, 108.195175171, 68.1550750732, 26.7965831757, 5.25184249878, -2.3893930912, -9.91377925873, -11.6067323685], [-151.276153564, -12.5532684326, 38.2871284485, 37.8265686035, 9.23494434357, 18.2213096619, 68.1550750732, 98.3100738525, 52.0660476685, 18.699262619, 7.5488781929, -5.6739449501, -13.0619316101], [-131.155578613, -12.5631170273, -6.56745958328, 25.6928539276, 13.2368087769, 13.7478055954, 26.7965831757, 52.0660476685, 83.8407974243, 48.6366615295, 17.7019557953, 1.07649791241, -6.62932491302], [-4.36284255981, -20.7435970306, 16.7635326385, 0.0122593296692, 12.5129137039, 4.19503068924, 5.25184249878, 18.699262619, 48.6366615295, 83.2516937256, 46.4442825317, 13.1173067093, 9.49372005463], [10.2996721268, 4.18735313416, 12.6112880707, -7.98952627182, 9.0913848877, -0.871766626835, -2.3893930912, 7.5488781929, 17.7019557953, 46.4442825317, 71.6667251587, 39.5525932312, 13.6224050522], [30.6043872833, -0.544949829578, -4.8629989624, -11.6040735245, -0.172802641988, -4.03992176056, -9.91377925873, -5.6739449501, 1.07649791241, 13.1173067093, 39.5525932312, 65.5912475586, 33.0763549805], [67.7064437866, -12.2748250961, 28.9680366516, -9.40147972107, 6.34058332443, -1.88013195992, -11.6067323685, -13.0619316101, -6.62932491302, 9.49372005463, 13.6224050522, 33.0763549805, 74.4128646851]]}, "spectral_contrast_valleys": {"min": [-27.6446266174, -27.569108963, -27.3484077454, -27.7090778351, -27.4244537354, -27.4340801239], "max": [-5.47099685669, -4.37050390244, -4.99293661118, -5.67531347275, -5.79393196106, -8.47285079956], "dvar2": [0.330433547497, 0.378566563129, 0.470694601536, 0.655047893524, 0.660121917725, 0.271131008863], "median": [-7.38417673111, -6.60871315002, -7.78082942963, -8.54781150818, -8.59627914429, -10.1113843918], "dmean2": [0.71004396677, 0.72965991497, 0.762701094151, 0.837115585804, 0.750956714153, 0.413411408663], "dmean": [0.442634373903, 0.457776576281, 0.494113475084, 0.547325193882, 0.470965594053, 0.265332072973], "var": [1.97268271446, 2.16244411469, 2.10217618942, 2.00664448738, 1.73364162445, 1.61512935162], "dvar": [0.139740586281, 0.165942519903, 0.219258084893, 0.294567584991, 0.283817917109, 0.125387355685], "mean": [-7.58925247192, -6.80738592148, -7.92485284805, -8.65155601501, -8.72300815582, -10.3980207443]}, "barkbands_flatness_db": {"min": 0.0231592431664, "max": 0.570395469666, "dvar2": 0.00161400181241, "median": 0.153704017401, "dmean2": 0.0426086299121, "dmean": 0.0276310145855, "var": 0.00409177131951, "dvar": 0.000721275573596, "mean": 0.158351257443}, "dynamic_complexity": 5.17434453964, "spectral_skewness": {"min": -0.103494212031, "max": 11.5172653198, "dvar2": 0.34479868412, "median": 2.13764381409, "dmean2": 0.46457657218, "dmean": 0.295633196831, "var": 0.594276309013, "dvar": 0.149192139506, "mean": 2.27143740654}, "erbbands_flatness_db": {"min": 0.0301288906485, "max": 0.416711628437, "dvar2": 0.000901028455701, "median": 0.129625320435, "dmean2": 0.0331148654222, "dmean": 0.0216706749052, "var": 0.00259424140677, "dvar": 0.000443522760179, "mean": 0.133913233876}, "hf