{"lowlevel": {"spectral_complexity": {"min": 0, "max": 55, "dvar2": 25.9949989319, "median": 27, "dmean2": 5.95503044128, "dmean": 3.86199760437, "var": 89.854888916, "dvar": 12.0168514252, "mean": 26.9663314819}, "silence_rate_20dB": {"min": 1, "max": 1, "dvar2": 0, "median": 1, "dmean2": 0, "dmean": 0, "var": 0, "dvar": 0, "mean": 1}, "average_loudness": 0.960334837437, "erbbands_spread": {"min": 7.28395080566, "max": 151.795303345, "dvar2": 94.5406341553, "median": 34.5913352966, "dmean2": 10.0157766342, "dmean": 6.57763242722, "var": 159.86579895, "dvar": 44.1337547302, "mean": 36.1469535828}, "spectral_kurtosis": {"min": -1.28833091259, "max": 80.8479919434, "dvar2": 24.6022071838, "median": 4.78454685211, "dmean2": 2.87020397186, "dmean": 1.75154960155, "var": 30.8433914185, "dvar": 9.57907295227, "mean": 5.66775894165}, "barkbands_kurtosis": {"min": -1.86839652061, "max": 186.243530273, "dvar2": 51.2472648621, "median": -0.014550447464, "dmean2": 2.7290365696, "dmean": 1.67216110229, "var": 54.7268714905, "dvar": 18.9385528564, "mean": 1.6755669117}, "spectral_strongpeak": {"min": 0, "max": 18.9102516174, "dvar2": 3.20795917511, "median": 0.438974827528, "dmean2": 1.08785235882, "dmean": 0.624856650829, "var": 1.55700361729, "dvar": 1.25155997276, "mean": 0.878309071064}, "spectral_spread": {"min": 839114.1875, "max": 48971756, "dvar2": 1130059399170.0, "median": 3726217.75, "dmean2": 665354.25, "dmean": 479344.5, "var": 3553521565700.0, "dvar": 583517732864, "mean": 3982344.75}, "spectral_rms": {"min": 3.1614092854e-12, "max": 0.00967239029706, "dvar2": 1.0352564459e-06, "median": 0.00514071807265, "dmean2": 0.00100606831256, "dmean": 0.000640664249659, "var": 1.58913132964e-06, "dvar": 4.29645638178e-07, "mean": 0.00518503366038}, "erbbands": {"min": [1.1990569639e-22, 1.13678274419e-21, 5.54436909882e-21, 6.82775961013e-21, 2.25271750772e-20, 3.90128426801e-20, 3.87612731451e-20, 4.41792383027e-20, 1.2586235444e-19, 5.71469513506e-19, 5.00743761675e-19, 7.28732574577e-19, 3.69058650259e-19, 1.15502568673e-18, 1.28103734727e-18, 1.57727647062e-18, 9.52907205975e-19, 2.67754890125e-18, 3.49229781638e-18, 5.14519245026e-18, 5.97142221869e-18, 7.65965607629e-18, 6.96735388006e-18, 9.20144298312e-18, 9.6676055804e-18, 8.14769760078e-18, 1.18375402095e-17, 1.27598565187e-17, 1.35145777639e-17, 1.20847001222e-17, 1.12897249596e-17, 1.38384743948e-17, 1.30712916737e-17, 1.01556785378e-17, 7.08776242593e-18, 5.02073692324e-18, 2.47520749532e-18, 1.04259509107e-18, 2.71577250376e-19, 2.99284608497e-20], "max": [1.28684735298, 7.43004417419, 31.1364250183, 90.1593093872, 150.778594971, 234.843841553, 289.60760498, 511.465484619, 646.783935547, 906.97644043, 802.057373047, 772.501708984, 532.943847656, 834.434265137, 781.616577148, 697.51373291, 1239.72851562, 1314.64367676, 720.786315918, 886.79901123, 862.940124512, 910.463500977, 2312.8059082, 455.925506592, 318.48651123, 201.620681763, 154.382629395, 134.866363525, 88.7596664429, 93.736831665, 96.5205383301, 102.306030273, 68.5456161499, 56.8853225708, 20.3610305786, 8.47353553772, 3.39783287048, 0.374354094267, 0.0172208882868, 0.000458631518995], "dvar2": [0.0230445079505, 2.23695254326, 26.2923240662, 72.2975234985, 334.929138184, 628.62878418, 558.082519531, 1521.12768555, 2987.16015625, 7333.03808594, 9328.02050781, 4385.78076172, 1576.52160645, 2746.01269531, 2862.26171875, 3304.84619141, 4746.70361328, 3719.67260742, 3279.33496094, 1882.78027344, 2454.18725586, 4897.53710938, 10189.6708984, 1058.97973633, 398.592437744, 190.645599365, 110.480361938, 65.6359939575, 39.2228317261, 35.8260879517, 30.1659183502, 44.1353340149, 22.4511737823, 9.28389167786, 1.31149482727, 0.161679625511, 0.00829892698675, 0.000119739299407, 8.33636192965e-07, 8.59446847024e-10], "median": [0.0309891346842, 0.406091749668, 2.53252363205, 5.42699813843, 7.81324768066, 11.9375905991, 9.38854026794, 9.19957733154, 11.168387413, 13.1969261169, 12.2021608353, 12.8320388794, 12.7487545013, 18.9232997894, 19.5898609161, 14.8967704773, 14.1747312546, 22.8392410278, 26.1025600433, 26.2650985718, 37.3242797852, 42.5960655212, 37.0744628906, 23.0741271973, 11.5591506958, 6.77241277695, 4.71369361877, 3.7823278904, 2.4978826046, 1.49031245708, 0.971207618713, 0.778428554535, 0.593994498253, 0.291139572859, 0.12484613806, 0.0475200898945, 0.0120784034953, 0.00210461160168, 0.000242630252615, 4.28632229159e-05], "dmean2": [0.0975117236376, 0.885612547398, 3.68031454086, 6.45124959946, 11.8601417542, 17.2971496582, 15.022310257, 20.0221424103, 27.6126022339, 41.2605476379, 41.525226593, 30.1053848267, 21.1552581787, 28.9543476105, 28.6117267609, 25.4261417389, 28.0881748199, 35.4146842957, 33.6548118591, 27.3959407806, 36.8299179077, 47.5749320984, 46.8749046326, 22.7697963715, 12.3612670898, 8.30828666687, 6.15530920029, 4.860206604, 3.65469503403, 2.85967159271, 2.09279227257, 2.11100554466, 1.56951761246, 0.856275439262, 0.330935448408, 0.113062746823, 0.0266757048666, 0.00416383752599, 0.000496834109072, 2.17904362216e-05], "dmean": [0.0636530816555, 0.510868906975, 2.10517787933, 3.76108574867, 6.92190504074, 10.4177732468, 9.10243606567, 11.954823494, 16.7792415619, 25.0637226105, 25.9347782135, 18.9591197968, 13.4215745926, 18.5572528839, 18.531545639, 15.9506397247, 17.8779220581, 22.3198795319, 21.0544452667, 16.8070201874, 22.6409759521, 29.623380661, 29.4508914948, 14.0346508026, 7.93467903137, 5.32805681229, 4.05379867554, 3.28809833527, 2.52135634422, 1.97817182541, 1.43069565296, 1.42626595497, 1.07515954971, 0.588516354561, 0.229325294495, 0.0802372545004, 0.0192125383765, 0.0030292829033, 0.000356596749043, 1.49835077536e-05], "var": [0.0142112784088, 0.685728907585, 9.54194355011, 27.3729724884, 120.51008606, 332.868835449, 329.354614258, 672.487426758, 1661.4654541, 5292.81689453, 5789.60839844, 2758.64379883, 1180.26171875, 2193.00756836, 2526.93164062, 2178.65795898, 3571.18823242, 3208.85205078, 2420.74584961, 1301.52844238, 1759.9284668, 4656.64697266, 8189.96289062, 822.304382324, 520.775817871, 214.385620117, 106.781539917, 70.6431045532, 50.7373123169, 40.6458511353, 28.4800319672, 34.2719116211, 20.8435249329, 8.18816375732, 1.25519132614, 0.189418822527, 0.0125603536144, 0.000178649133886, 1.06635411612e-06, 1.11609688158e-09], "dvar": [0.0105653656647, 0.80797213316, 9.2398443222, 26.118637085, 121.404212952, 236.339691162, 216.041915894, 563.110107422, 1191.29870605, 2945.16601562, 3845.06176758, 1823.56677246, 654.818847656, 1153.46557617, 1182.53295898, 1333.0715332, 1875.36303711, 1541.0255127, 1298.12390137, 748.096679688, 958.290527344, 2095.52124023, 4087.66772461, 407.778717041, 169.561477661, 80.7997970581, 49.1215057373, 29.9345016479, 19.0937480927, 16.9213562012, 14.1152935028, 19.8250331879, 10.6098909378, 4.38365507126, 0.655419170856, 0.0867472812533, 0.0049654180184, 7.16957947589e-05, 4.27590720165e-07, 4.14726197828e-10], "mean": [0.0817112028599, 0.675885677338, 3.38405251503, 6.65341711044, 10.8936290741, 17.3132858276, 14.8633747101, 17.3649997711, 24.315694809, 37.6558761597, 36.8099861145, 28.7778282166, 23.6550655365, 33.1723937988, 35.2442131042, 29.1196556091, 31.7045440674, 41.1639060974, 40.5189399719, 35.3679656982, 46.7568321228, 61.4525413513, 60.1628074646, 30.2491607666, 18.4982833862, 11.8196620941, 8.37810134888, 6.93254423141, 5.20077466965, 3.85820388794, 2.71035981178, 2.43063592911, 1.78617525101, 0.938423156738, 0.365844905376, 0.132047951221, 0.0323069505394, 0.00528528401628, 0.000596569152549, 4.94292544317e-05]}, "zerocrossingrate": {"min": 0, "max": 0.51318359375, "dvar2": 0.000124703190522, "median": 0.06005859375, "dmean2": 0.0101050082594, "dmean": 0.00835025683045, "var": 0.00092938519083, "dvar": 0.000105149250885, "mean": 0.063673786819}, "spectral_contrast_coeffs": {"min": [-0.975732982159, -0.973370492458, -0.976912260056, -0.9662296772, -0.963928222656, -0.964762091637], "max": [-0.357446432114, -0.435645163059, -0.530841886997, -0.567858576775, -0.596591472626, -0.613297641277], "dvar2": [0.00452220393345, 0.00446899235249, 0.00247553642839, 0.0016908806283, 0.000940979691222, 0.000572233402636], "median": [-0.61512196064, -0.742891788483, -0.766342759132, -0.771409153938, -0.761845052242, -0.758978545666], "dmean2": [0.0844272524118, 0.0843230485916, 0.0637004598975, 0.0516233928502, 0.0387508124113, 0.0282278265804], "dmean": [0.0510468408465, 0.0507470332086, 0.039370380342, 0.0319505147636, 0.024488626048, 0.0180463995785], "var": [0.00472999876365, 0.00522331660613, 0.00355432857759, 0.00245748413727, 0.00182283017784, 0.001484464854], "dvar": [0.00168994709384, 0.00168178079184, 0.000986605300568, 0.000660127960145, 0.000388219399611, 0.000260019063717], "mean": [-0.615466892719, -0.734639048576, -0.762782871723, -0.766703367233, -0.759646832943, -0.762250363827]}, "dissonance": {"min": 0.355774343014, "max": 0.500000059605, "dvar2": 0.000478552217828, "median": 0.477192431688, "dmean2": 0.0242861174047, "dmean": 0.0144135057926, "var": 0.000363206054317, "dvar": 0.000177935013198, "mean": 0.473003715277}, "spectral_energyband_high": {"min": 7.347306583e-21, "max": 0.0110330395401, "dvar2": 7.53241920393e-07, "median": 0.000365763116861, "dmean2": 0.000418687792262, "dmean": 0.000311600917485, "var": 1.04356797692e-06, "dvar": 3.83549036087e-07, "mean": 0.000732622749638}, "gfcc": {"mean": [24.1897087097, 98.3288803101, -125.227363586, 34.4783210754, -45.0455551147, 7.02519607544, -43.125995636, 8.85997581482, -24.1558551788, -4.31362104416, -17.7182502747, -0.767490804195, -11.9244070053], "icov": [[0.000215204112465, -0.00028061424382, 0.000397584139137, -0.000260169792455, 0.00043277075747, -0.000316115474561, 0.000691458757501, -0.000508707482368, 0.00063562678406, -0.000425946753239, 0.000686052080709, -0.000600726343691, 0.000733965367544], [-0.00028061424382, 0.00250314921141, 0.000111722874863, 0.00139460386708, -0.00133056403138, 0.00176051422022, -0.00108486379031, 0.00200466369279, -0.00247845659032, 0.00222143507563, -0.00340570672415, 0.00331468344666, -0.00336260884069], [0.000397584139137, 0.000111722874863, 0.00351468729787, 0.000494919484481, -4.49039143859e-05, -0.00118801742792, 0.0022838995792, -2.40272547671e-05, 0.000574381381739, -0.00213339249603, 0.00149184034672, -0.0016346774064, 0.000237615982769], [-0.000260169792455, 0.00139460386708, 0.000494919484481, 0.00610173866153, -0.000451868196251, -0.000306162342895, -0.000729782390408, 0.00206451094709, -0.00359408231452, 0.00155715062283, -0.00115326838568, 0.000471144070616, -0.00478442106396], [0.00043277075747, -0.00133056403138, -4.49039143859e-05, -0.000451868196251, 0.00561181083322, 2.85829373752e-05, -0.000324581371387, -0.000718383933417, 0.00100294977892, 0.000853313016705, 0.000570569653064, -0.00122676987667, 0.00151601759717], [-0.000316115474561, 0.00176051422022, -0.00118801742792, -0.000306162342895, 2.85829373752e-05, 0.0102604459971, -0.0037950144615, -0.000669920584187, 0.000979332020506, 0.000341262115398, -0.00246248883195, 0.00183452456258, -0.00204577110708], [0.000691458757501, -0.00108486379031, 0.0022838995792, -0.000729782390408, -0.000324581371387, -0.0037950144615, 0.0120553802699, -0.00275267707184, 0.000842076144181, -0.000126378552523, 0.00127086776774, -0.0018182808999, 0.00128149101511], [-0.000508707482368, 0.00200466369279, -2.40272547671e-05, 0.00206451094709, -0.000718383933417, -0.000669920584187, -0.00275267707184, 0.0162780322134, -0.00795780494809, 0.00231167324819, -0.00152992084622, -0.00022195004567, -0.000253847218119], [0.00063562678406, -0.00247845659032, 0.000574381381739, -0.00359408231452, 0.00100294977892, 0.000979332020506, 0.000842076144181, -0.00795780494809, 0.022210130468, -0.0101681770757, 0.00463896756992, 0.000168108046637, 0.00233215885237], [-0.000425946753239, 0.00222143507563, -0.00213339249603, 0.00155715062283, 0.000853313016705, 0.000341262115398, -0.000126378552523, 0.00231167324819, -0.0101681770757, 0.0249129775912, -0.0122161367908, 0.00509043643251, -0.000296578800771], [0.000686052080709, -0.00340570672415, 0.00149184034672, -0.00115326838568, 0.000570569653064, -0.00246248883195, 0.00127086776774, -0.00152992084622, 0.00463896756992, -0.0122161367908, 0.0253787972033, -0.00886347703636, 0.00569347850978], [-0.000600726343691, 0.00331468344666, -0.0016346774064, 0.000471144070616, -0.00122676987667, 0.00183452456258, -0.0018182808999, -0.00022195004567, 0.000168108046637, 0.00509043643251, -0.00886347703636, 0.0254040528089, -0.0126557126641], [0.000733965367544, -0.00336260884069, 0.000237615982769, -0.00478442106396, 0.00151601759717, -0.00204577110708, 0.00128149101511, -0.000253847218119, 0.00233215885237, -0.000296578800771, 0.00569347850978, -0.0126557126641, 0.0298952590674]], "cov": [[11117.2412109, -163.646789551, -915.362915039, 222.675720215, -802.86907959, 91.0354995728, -377.090148926, 163.903289795, -134.185775757, -12.1881160736, -141.26789856, 39.6315498352, -129.907775879], [-163.646789551, 1111.23144531, -184.362091064, -124.862945557, 220.565216064, -177.3984375, 40.7649078369, -83.8396911621, 45.7596855164, -38.1897621155, 65.2591323853, -86.9379119873, 31.5260887146], [-915.362915039, -184.362091064, 474.643951416, -42.2160644531, 21.4365615845, 36.0173225403, -43.5280952454, -10.4169826508, -1.2894026041, 38.6610565186, 0.871007442474, 23.9234600067, 4.80841302872], [222.675720215, -124.862945557, -42.2160644531, 238.430328369, -31.4647102356, 32.2345581055, 8.34801673889, 1.49770009518, 14.7807531357, -7.139316082, -10.7501564026, 25.7927036285, 34.1810417175], [-802.86907959, 220.565216064, 21.4365615845, -31.4647102356, 285.775817871, -38.0873069763, 45.5813179016, -21.7836818695, 5.44181156158, -24.4110507965, 16.0397472382, -9.60430812836, 12.2900896072], [91.0354995728, -177.3984375, 36.0173225403, 32.2345581055, -38.0873069763, 145.676895142, 27.2290363312, 22.5283622742, -12.7146244049, 6.82256031036, -1.12302339077, 15.9435529709, 1.63107728958], [-377.090148926, 40.7649078369, -43.5280952454, 8.34801673889, 45.5813179016, 27.2290363312, 127.604225159, 12.5128335953, 7.06433486938, -10.7301511765, 6.55877304077, 0.71795386076, 8.11073207855], [163.903289795, -83.8396911621, -10.4169826508, 1.49770009518, -21.7836818695, 22.5283622742, 12.5128335953, 88.4201812744, 22.9242916107, 7.63879489899, -4.21436071396, 5.55495929718, -8.82940483093], [-134.185775757, 45.7596855164, -1.2894026041, 14.7807531357, 5.44181156158, -12.7146244049, 7.06433486938, 22.9242916107, 76.18699646, 26.7452335358, 5.1914563179, -12.955406189, -2.58826327324], [-12.1881160736, -38.1897621155, 38.6610565186, -7.139316082, -24.4110507965, 6.82256031036, -10.7301511765, 7.63879489899, 26.7452335358, 71.3209533691, 24.5385513306, -7.07395267487, -12.263428688], [-141.26789856, 65.2591323853, 0.871007442474, -10.7501564026, 16.0397472382, -1.12302339077, 6.55877304077, -4.21436071396, 5.1914563179, 24.5385513306, 63.7862625122, 6.06041049957, -1.86982655525], [39.6315498352, -86.9379119873, 23.9234600067, 25.7927036285, -9.60430812836, 15.9435529709, 0.71795386076, 5.55495929718, -12.955406189, -7.07395267487, 6.06041049957, 66.0258407593, 22.5177764893], [-129.907775879, 31.5260887146, 4.80841302872, 34.1810417175, 12.2900896072, 1.63107728958, 8.11073207855, -8.82940483093, -2.58826327324, -12.263428688, -1.86982655525, 22.5177764893, 54.652305603]]}, "spectral_flux": {"min": 6.6405499155e-11, "max": 0.267411887646, "dvar2": 0.000926616601646, "median": 0.0911058112979, "dmean2": 0.034299839288, "dmean": 0.0224853176624, "var": 0.00153185264207, "dvar": 0.000465689867269, "mean": 0.0956764668226}, "silence_rate_30dB": {"min": 1, "max": 1, "dvar2": 0, "median": 1, "dmean2": 0, "dmean": 0, "var": 0, "dvar": 0, "mean": 1}, "spectral_energyband_middle_high": {"min": 1.23089079571e-21, "max": 0.0366077423096, "dvar2": 9.92562490865e-06, "median": 0.00686734123155, "dmean2": 0.00273760408163, "dmean": 0.00181940454058, "var": 2.47157549893e-05, "dvar": 4.32692559116e-06, "mean": 0.00792609993368}, "barkbands_spread": {"min": 0.558018088341, "max": 103.486183167, "dvar2": 73.5504379272, "median": 25.9694137573, "dmean2": 8.1932592392, "dmean": 5.29435062408, "var": 122.729797363, "dvar": 32.6022796631, "mean": 26.5953235626}, "spectral_centroid": {"min": 160.681106567, "max": 11441.6357422, "dvar2": 130779.007812, "median": 1486.93603516, "dmean2": 375.265777588, "dmean": 238.343475342, "var": 380045.875, "dvar": 57146.4296875, "mean": 1511.93115234}, "pitch_salience": {"min": 0.0206817649305, "max": 0.849267661572, "dvar2": 0.00875457376242, "median": 0.602639377117, "dmean2": 0.108678802848, "dmean": 0.0657339692116, "var": 0.0102370344102, "dvar": 0.00319788511842, "mean": 0.591540694237}, "erbbands_skewness": {"min": -4.2951836586, "max": 3.43730711937, "dvar2": 0.259984612465, "median": -0.193914428353, "dmean2": 0.536666989326, "dmean": 0.344354480505, "var": 0.464087367058, "dvar": 0.110559217632, "mean": -0.178391069174}, "erbbands_crest": {"min": 2.43978905678, "max": 32.0808906555, "dvar2": 16.4308662415, "median": 7.08878326416, "dmean2": 4.13772058487, "dmean": 2.51799440384, "var": 14.0507650375, "dvar": 6.25067424774, "mean": 8.07810401917}, "melbands": {"min": [2.41567214929e-24, 2.04208300736e-24, 2.79899642643e-24, 1.46212538744e-24, 2.00011915708e-24, 8.17271681419e-25, 1.83434910975e-24, 6.10038759782e-24, 4.41340302998e-24, 5.03023230443e-24, 1.37370265883e-24, 4.19417385125e-24, 3.56756901246e-24, 4.16137695912e-24, 1.8364259833e-24, 2.72665847307e-24, 4.30060735901e-24, 3.45315381006e-24, 4.77339260433e-24, 6.62670297201e-24, 6.66063345726e-24, 6.41697365073e-24, 4.5275827574e-24, 7.57057346738e-24, 6.63741806968e-24, 6.70208652011e-24, 6.26011418176e-24, 5.03442431128e-24, 6.81182338291e-24, 5.86515440348e-24, 5.98628636206e-24, 6.97484464442e-24, 6.04080138377e-24, 5.98118716517e-24, 6.17045777329e-24, 6.53284666809e-24, 7.88003492303e-24, 6.93125534624e-24, 8.72943932501e-24, 7.56320945083e-24], "max": [0.00897941179574, 0.0129594383761, 0.01502528321, 0.0109943319112, 0.00871281512082, 0.0101761063561, 0.00957425963134, 0.00954525079578, 0.00689940946177, 0.00471852393821, 0.00291040050797, 0.00372555456124, 0.00250622141175, 0.0020758099854, 0.00246637221426, 0.00297398935072, 0.0024187983945, 0.00134528893977, 0.00166672992054, 0.00103272811975, 0.00136725022458, 0.000905346416403, 0.00182592694182, 0.0018257801421, 0.000450509862276, 0.000262363115326, 0.000210842277738, 0.000143188502989, 0.000101708101283, 0.000116575516586, 6.09946655459e-05, 5.54228608962e-05, 5.29608078068e-05, 6.05398126936e-05, 5.77384998905e-05, 6.89716252964e-05, 7.57101006457e-05, 4.57351925434e-05, 5.7102592109e-05, 4.88889345434e-05], "dvar2": [1.89389049865e-06, 5.37822370461e-06, 2.61437480731e-06, 2.14786473407e-06, 7.12300106898e-07, 6.66510061365e-07, 6.56734755466e-07, 8.98335940747e-07, 5.41933786735e-07, 1.66789376976e-07, 4.20396055745e-08, 5.03146075914e-08, 3.60193439519e-08, 1.93446929586e-08, 2.10900044095e-08, 2.12497504037e-08, 1.48418379808e-08, 8.60494697719e-09, 7.43377537304e-09, 5.28712940095e-09, 4.16825374217e-09, 5.95208149434e-09, 1.18905143509e-08, 5.64339641684e-09, 8.76939965089e-10, 2.76222655859e-10, 2.38314257217e-10, 8.33039609516e-11, 4.87427043172e-11, 4.80871870101e-11, 2.07449786516e-11, 1.58658780558e-11, 1.19040723459e-11, 1.36838604683e-11, 1.13506226987e-11, 1.3408313522e-11, 2.11203571993e-11, 1.18115794923e-11, 1.19832104309e-11, 6.44520808252e-12], "median": [0.000345100124832, 0.00112063414417, 0.00104852614459, 0.000778148882091, 0.000390670116758, 0.000205724136322, 0.00016749673523, 0.000145132595208, 9.41237740335e-05, 7.14565248927e-05, 5.66361050005e-05, 6.89989974489e-05, 6.34444440948e-05, 4.31727457908e-05, 3.42950334016e-05, 2.64975515165e-05, 4.27964769187e-05, 3.91549438064e-05, 3.4433483961e-05, 3.42364655808e-05, 4.15076319769e-05, 4.09823769587e-05, 3.93456466554e-05, 2.45187693508e-05, 1.74598590093e-05, 8.16886586108e-06, 6.81227993482e-06, 3.42441444445e-06, 2.73263526651e-06, 2.55615555034e-06, 2.00706472242e-06, 1.48781009557e-06, 9.533556522e-07, 7.52186736008e-07, 5.54373514206e-07, 4.57437835166e-07, 4.69555629934e-07, 4.378215408e-07, 3.02479946868e-07, 2.2016806156e-07], "dmean2": [0.000875931349583, 0.0016084095696, 0.00121048931032, 0.00102264340967, 0.000571493175812, 0.000436626316514, 0.000425330654252, 0.000473648658954, 0.00031802218291, 0.000181964758667, 0.000107910418592, 0.000121078533994, 0.000101286197605, 6.79521763232e-05, 6.72659225529e-05, 6.06723842793e-05, 7.34485656722e-05, 5.50036675122e-05, 4.93565094075e-05, 4.56446432509e-05, 4.69054029963e-05, 5.25296090927e-05, 6.0302343627e-05, 3.5102792026e-05, 2.03542549571e-05, 1.02283320302e-05, 9.04551961867e-06, 5.23889548276e-06, 4.09823087466e-06, 3.89405704482e-06, 2.87069565275e-06, 2.38921711571e-06, 1.83206384463e-06, 1.68486508301e-06, 1.33108835598e-06, 1.20891286315e-06, 1.47601474509e-06, 1.21616506021e-06, 9.93419234874e-07, 7.01082853993e-07], "dmean": [0.000551605538931, 0.000920022721402, 0.000705920043401, 0.000608672911767, 0.000348806119291, 0.00026160973357, 0.000258693064097, 0.000289555289783, 0.000199519650778, 0.000114698050311, 6.8398694566e-05, 7.73859137553e-05, 6.57331693219e-05, 4.31960033893e-05, 4.26404585596e-05, 3.84076629416e-05, 4.59839757241e-05, 3.4430235246e-05, 3.03207998513e-05, 2.80017866316e-05, 2.86449539999e-05, 3.21381303365e-05, 3.77211435989e-05, 2.14140418393e-05, 1.23974314192e-05, 6.45710952085e-06, 5.7327902141e-06, 3.29854469783e-06, 2.6473987873e-06, 2.51530900641e-06, 1.89712795873e-06, 1.59275043643e-06, 1.23490451642e-06, 1.13184114525e-06, 8.88553927325e-07, 8.04493197393e-07, 9.76503429229e-07, 8.19116621642e-07, 6.74286354752e-07, 4.68548279287e-07], "var": [9.89545014818e-07, 1.75418142589e-06, 9.74669205789e-07, 9.91176420939e-07, 4.53625403907e-07, 3.06546525053e-07, 3.9217653125e-07, 6.61528190449e-07, 3.31223816374e-07, 1.02067808427e-07, 3.07392475918e-08, 3.95380546081e-08, 3.1882592566e-08, 1.28311139491e-08, 1.75628525056e-08, 1.59242610209e-08, 1.20631211686e-08, 6.11582340326e-09, 5.08650233044e-09, 3.79360365343e-09, 2.67723754277e-09, 4.88112794628e-09, 1.07465059074e-08, 3.99388344619e-09, 5.74964964528e-10, 3.19162529738e-10, 2.44677000882e-10, 8.0913296896e-11, 4.27442005402e-11, 3.79216727464e-11, 2.12921798248e-11, 1.77280082975e-11, 1.30727095815e-11, 1.36042782942e-11, 9.84112184105e-12, 1.0605027273e-11, 1.47792004329e-11, 1.0208955209e-11, 1.05842756434e-11, 4.9035801461e-12], "dvar": [7.99986707989e-07, 1.89883053281e-06, 9.5918653642e-07, 7.85328779784e-07, 2.77783982483e-07, 2.49488323334e-07, 2.62935259343e-07, 3.64560293065e-07, 2.22170783104e-07, 6.90285801852e-08, 1.74859611235e-08, 2.10668797962e-08, 1.50176635572e-08, 7.7086683703e-09, 8.97369556441e-09, 8.50130899011e-09, 6.2092890829e-09, 3.41905326273e-09, 2.98953106714e-09, 2.04830485906e-09, 1.61846069879e-09, 2.45718134728e-09, 4.95723151417e-09, 2.23064855476e-09, 3.33729072155e-10, 1.15362788766e-10, 9.74802877307e-11, 3.4862623205e-11, 2.13477065886e-11, 2.01146616724e-11, 9.39630057789e-12, 7.41423328982e-12, 5.49301880023e-12, 6.25265811349e-12, 5.12844497771e-12, 6.06003528608e-12, 9.16925649991e-12, 5.51017608277e-12, 5.53335892731e-12, 2.93955745162e-12], "mean": [0.000748760823626, 0.00147214764729, 0.00127777317539, 0.00105096888728, 0.000597320497036, 0.000380862824386, 0.000378660100978, 0.000428127241321, 0.00028147015837, 0.000168241153006, 0.000113209120173, 0.00013122605742, 0.00011908000306, 7.75098815211e-05, 7.371364336e-05, 6.49756038911e-05, 7.79575639172e-05, 6.17655969108e-05, 5.46905066585e-05, 5.02638613398e-05, 5.39210559509e-05, 6.04431406828e-05, 6.89510343364e-05, 4.03145786549e-05, 2.34976214415e-05, 1.35116888487e-05, 1.19391615954e-05, 6.58315775581e-06, 5.01653721585e-06, 4.78975289298e-06, 3.73916714125e-06, 3.07724280901e-06, 2.33687910622e-06, 2.06645677281e-06, 1.59979163072e-06, 1.33855394324e-06, 1.56697888087e-06, 1.31031424644e-06, 1.0416412124e-06, 7.06363380232e-07]}, "spectral_entropy": {"min": 5.12986516953, "max": 9.81148338318, "dvar2": 0.0363389216363, "median": 7.66521024704, "dmean2": 0.192553371191, "dmean": 0.134894013405, "var": 0.150479897857, "dvar": 0.0178826544434, "mean": 7.62159347534}, "spectral_rolloff": {"min": 21.533203125, "max": 19466.015625, "dvar2": 1167966.375, "median": 1722.65625, "dmean2": 807.604003906, "dmean": 485.808319092, "var": 1565034.5, "dvar": 538384.8125, "mean": 1795.83422852}, "barkbands": {"min": [4.96754740777e-26, 1.2511128853e-23, 4.08796871872e-24, 6.79918030919e-25, 8.90085327768e-24, 3.85043047281e-24, 9.5270802521e-24, 2.22207191752e-23, 2.90900442073e-23, 2.64443956355e-23, 1.9808552921e-23, 4.00545386803e-23, 1.79969086086e-23, 6.38170296969e-23, 6.23449268953e-23, 9.43669998487e-23, 1.13759965068e-22, 1.70359220404e-22, 1.44535852361e-22, 1.82468778036e-22, 2.84947716614e-22, 3.95916111198e-22, 4.13312374802e-22, 7.23950350226e-22, 1.02816409487e-21, 1.50388059269e-21, 2.1087533864e-21], "max": [0.00243042828515, 0.0285659655929, 0.0304740555584, 0.044693492353, 0.0484375916421, 0.0424987599254, 0.0431948490441, 0.0502717755735, 0.0274253804237, 0.0229370258749, 0.0167204085737, 0.0168248601258, 0.0248231198639, 0.0224062800407, 0.0165874473751, 0.0140377404168, 0.0196015965194, 0.0327753983438, 0.00645352667198, 0.0046141683124, 0.00339447380975, 0.00222346326336, 0.00318599212915, 0.00439531728625, 0.00332319363952, 0.00173360749613, 0.000120595293993], "dvar2": [6.18571931454e-08, 3.10846917273e-05, 2.39858873101e-05, 1.48981253005e-05, 3.73312359443e-05, 1.41741247717e-05, 1.81922150659e-05, 2.27617219934e-05, 6.86916337145e-06, 2.2881829409e-06, 1.71515171132e-06, 1.78843481535e-06, 2.13688690565e-06, 1.53356620558e-06, 1.38617338052e-06, 9.85664314612e-07, 1.77125457412e-06, 2.40288113673e-06, 2.23310081537e-07, 9.39412316825e-08, 5.25601606682e-08, 2.59903352173e-08, 3.48321798072e-08, 8.99017251754e-08, 4.25257447034e-08, 3.81647691228e-09, 2.46772567658e-11], "median": [2.73909699899e-05, 0.0014601573348, 0.00269264751114, 0.00189298810437, 0.00344956270419, 0.00106012506876, 0.00073318160139, 0.00056517199846, 0.000490692560561, 0.000533320009708, 0.000428364146501, 0.000356671924237, 0.000229298369959, 0.00045776454499, 0.000465212884592, 0.000617108424194, 0.00068916316377, 0.000597961887252, 0.000309796247166, 0.000142623030115, 0.000110334498459, 6.54202813166e-05, 3.66791682609e-05, 3.75531781174e-05, 2.15366417251e-05, 8.1791613411e-06, 1.09972825157e-06], "dmean2": [0.000150091611431, 0.00342126050964, 0.00376113899983, 0.00272136949934, 0.00441351206973, 0.00211466243491, 0.00219318224117, 0.00226812507026, 0.00122031068895, 0.000863503315486, 0.000730799511075, 0.000635146279819, 0.000607044901699, 0.000733697204851, 0.000696435454302, 0.000706192047801, 0.000870450981893, 0.000795737607405, 0.000335339456797, 0.000183086231118, 0.000139400188345, 9.46174695855e-05, 7.69554244471e-05, 9.70350811258e-05, 5.88768816669e-05, 1.77232886927e-05, 2.47776802098e-06], "dmean": [9.62851481745e-05, 0.00208151875995, 0.00216442067176, 0.00159498560242, 0.00264695845544, 0.00126167957205, 0.00134214397985, 0.00139549898449, 0.000766811252106, 0.000551523058675, 0.000467196776299, 0.000395937939174, 0.0003837258555, 0.000459860777482, 0.000429028295912, 0.000434440938989, 0.000538709980901, 0.000489936384838, 0.000208825847949, 0.000117179297376, 9.31070535444e-05, 6.57042037346e-05, 5.29323770024e-05, 6.68479769956e-05, 4.09767344536e-05, 1.27497496578e-05, 1.7732154447e-06], "var": [3.33946381659e-08, 1.30766757138e-05, 9.32874627324e-06, 5.95359142608e-06, 1.93487303477e-05, 6.76746731187e-06, 1.12681664177e-05, 1.51652575369e-05, 4.34569301433e-06, 1.73668979642e-06, 1.47917353388e-06, 1.12956854537e-06, 1.62771380019e-06, 1.12885459203e-06, 9.64958530858e-07, 7.04340550328e-07, 1.54298254529e-06, 1.88431829429e-06, 2.21897977326e-07, 9.69757323332e-08, 5.58241630699e-08, 3.47957929137e-08, 3.65009071857e-08, 7.9649169038e-08, 4.05077571486e-08, 5.11130959779e-09, 2.87843204133e-11], "dvar": [2.63984141213e-08, 1.21659686556e-05, 8.34752063383e-06, 5.53171139472e-06, 1.37638389788e-05, 5.3750504776e-06, 7.24770143279e-06, 9.47658281802e-06, 2.82994983536e-06, 9.4999245448e-07, 7.13288045517e-07, 7.15573605703e-07, 8.44635849262e-07, 6.24281256023e-07, 5.47564354747e-07, 3.82049165637e-07, 7.46931902995e-07, 9.51947697558e-07, 8.99485428363e-08, 3.88642149574e-08, 2.40157582709e-08, 1.2961010043e-08, 1.65674300945e-08, 4.19421013476e-08, 2.08295070081e-08, 2.14600248682e-09, 1.25056553654e-11], "mean": [0.000105343518953, 0.00284189591184, 0.00340784736909, 0.00251700240187, 0.00469271047041, 0.00187642103992, 0.00191973580513, 0.00192169414368, 0.00114477437455, 0.000935035815928, 0.00080513471039, 0.000683088379446, 0.000626048014965, 0.000792319769971, 0.000763364892919, 0.000821888854261, 0.00103836460039, 0.000960674777161, 0.000441338459495, 0.000250024546403, 0.000197150569875, 0.000135923313792, 0.000102203397546, 0.000114587826829, 6.65304032736e-05, 2.16081316466e-05, 2.87302736979e-06]}, "melbands_flatness_db": {"min": 0.00376203795895, "max": 0.576004207134, "dvar2": 0.00100556656253, "median": 0.167653828859, "dmean2": 0.0341697782278, "dmean": 0.0218917764723, "var": 0.00370264565572, "dvar": 0.000424691708758, "mean": 0.176315262914}, "melbands_skewness": {"min": -0.282053232193, "max": 16.032781601, "dvar2": 0.786159753799, "median": 1.99248671532, "dmean2": 0.862667620182, "dmean": 0.541209936142, "var": 1.34619390965, "dvar": 0.321075260639, "mean": 2.1794219017}, "barkbands_skewness": {"min": -2.14228701591, "max": 11.5353908539, "dvar2": 0.462089329958, "median": 0.982936441898, "dmean2": 0.665500879288, "dmean": 0.419355988503, "var": 0.954161047935, "dvar": 0.18621596694, "mean": 1.12551140785}, "silence_rate_60dB": {"min": 0, "max": 1, "dvar2": 0.000414241891121, "median": 0, "dmean2": 0.000414464826463, "dmean": 0.000207210934605, "var": 0.0128821982071, "dvar": 0.000207168006455, "mean": 0.0130529366434}, "spectral_energyband_low": {"min": 3.09372598356e-23, "max": 0.0491564683616, "dvar2": 7.48459788156e-05, "median": 0.00604629702866, "dmean2": 0.00658061634749, "dmean": 0.00396361714229, "var": 3.3698102925e-05, "dvar": 2.85547866952e-05, "mean": 0.00760498875752}, "spectral_energyband_middle_low": {"min": 2.07948417295e-22, "max": 0.0727159753442, "dvar2": 0.000113753296318, "median": 0.0118294684216, "dmean2": 0.0086810477078, "dmean": 0.00529507128522, "var": 9.07800786081e-05, "dvar": 4.38459464931e-05, "mean": 0.0143244350329}, "melbands_kurtosis": {"min": -1.61791718006, "max": 312.591522217, "dvar2": 148.01222229, "median": 4.15998268127, "dmean2": 6.28619337082, "dmean": 3.90532636642, "var": 165.376495361, "dvar": 59.8353042603, "mean": 7.25811433792}, "spectral_decrease": {"min": -2.43880968753e-08, "max": 1.80137331413e-28, "dvar2": 1.17938865799e-17, "median": -6.56834941992e-09, "dmean2": 2.99779623347e-09, "dmean": 1.87946014307e-09, "var": 1.05341393106e-17, "dvar": 4.75364485294e-18, "mean": -7.12246883694e-09}, "erbbands_kurtosis": {"min": -1.81442928314, "max": 22.6147727966, "dvar2": 3.29397988319, "median": -0.409368276596, "dmean2": 1.14151132107, "dmean": 0.707174420357, "var": 2.21924090385, "dvar": 1.28787350655, "mean": -0.0249752346426}, "melbands_crest": {"min": 1.71645832062, "max": 39.662197113, "dvar2": 17.7070121765, "median": 11.1004295349, "dmean2": 4.85117530823, "dmean": 2.89173722267, "var": 19.9188747406, "dvar": 6.52552270889, "mean": 11.9077138901}, "melbands_spread": {"min": 0.361590713263, "max": 170.749435425, "dvar2": 145.532012939, "median": 27.6692943573, "dmean2": 11.9010210037, "dmean": 7.47116184235, "var": 222.800521851, "dvar": 59.3566017151, "mean": 29.6454334259}, "spectral_energy": {"min": 1.02443717769e-20, "max": 0.0958940088749, "dvar2": 0.00017468794249, "median": 0.0270876549184, "dmean2": 0.011656771414, "dmean": 0.00735443457961, "var": 0.000170590836206, "dvar": 7.10405583959e-05, "mean": 0.0291856136173}, "mfcc": {"mean": [-612.30456543, 126.304428101, -14.4905567169, 27.3471107483, 14.5213384628, 0.422607630491, -3.22060084343, 4.50411081314, -0.746096491814, -4.30770349503, -2.21451115608, -0.887341439724, -5.50866127014], "icov": [[0.000219755456783, 7.9279539932e-05, 7.18859228073e-05, -0.000123050427646, 0.000292438809993, 2.4893128284e-05, 0.000231429876294, -0.000168862461578, 0.000190172169823, 7.64976357459e-06, 0.00017003591347, -0.000447164668003, 0.000418698007707], [7.9279539932e-05, 0.00127118639648, 0.000723098230083, -2.45593946602e-05, -0.000747904530726, 0.000459871691419, -0.000262478220975, 0.000938642187975, -5.46718692931e-05, 0.000426693586633, -0.000557900697459, 0.000570140953641, -0.000438670365838], [7.18859228073e-05, 0.000723098230083, 0.00337950116955, 0.00121340935584, -0.000657017109916, -0.000637605204247, 0.00119636207819, 0.00110863370355, -8.64002940943e-05, -0.00022501499916, 0.00082359102089, 0.000286730384687, -0.00121912756003], [-0.000123050427646, -2.45593946602e-05, 0.00121340935584, 0.00699574267492, -0.00126816763077, -0.00131613190752, 0.00227953540161, -0.000751097803004, -0.000887460075319, -0.00014930976613, 0.000577275000978, 0.00241450266913, -0.00232119881548], [0.000292438809993, -0.000747904530726, -0.000657017109916, -0.00126816763077, 0.00746200373396, -0.000529808807187, -0.000248710421147, 3.45698099409e-05, 0.000469249644084, 4.73981299365e-06, 0.000203902454814, -0.000138516741572, 0.00120643200353], [2.4893128284e-05, 0.000459871691419, -0.000637605204247, -0.00131613190752, -0.000529808807187, 0.0119400350377, -0.00439090933651, 0.000143900077092, 1.07356272565e-05, -0.000300323154079, -0.000192596562556, 0.00183107703924, -0.00102031219285], [0.000231429876294, -0.000262478220975, 0.00119636207819, 0.00227953540161, -0.000248710421147, -0.00439090933651, 0.0145967500284, -0.00569345802069, 0.00298250303604, -0.000570674135815, -0.000562691013329, 0.000457469956018, -0.000684962666128], [-0.000168862461578, 0.000938642187975, 0.00110863370355, -0.000751097803004, 3.45698099409e-05, 0.000143900077092, -0.00569345802069, 0.0175940860063, -0.00891840178519, 0.00375827308744, 0.000271376222372, 0.000251123477938, -0.000174366461579], [0.000190172169823, -5.46718692931e-05, -8.64002940943e-05, -0.000887460075319, 0.000469249644084, 1.07356272565e-05, 0.00298250303604, -0.00891840178519, 0.020757207647, -0.00632134499028, 0.00260194181465, -0.000964145641774, 0.00202893838286], [7.64976357459e-06, 0.000426693586633, -0.00022501499916, -0.00014930976613, 4.73981299365e-06, -0.000300323154079, -0.000570674135815, 0.00375827308744, -0.00632134499028, 0.0196475312114, -0.0101802889258, 0.00396533263847, -0.00201650895178], [0.00017003591347, -0.000557900697459, 0.00082359102089, 0.000577275000978, 0.000203902454814, -0.000192596562556, -0.000562691013329, 0.000271376222372, 0.00260194181465, -0.0101802889258, 0.0263343639672, -0.013671875, 0.00591289391741], [-0.000447164668003, 0.000570140953641, 0.000286730384687, 0.00241450266913, -0.000138516741572, 0.00183107703924, 0.000457469956018, 0.000251123477938, -0.000964145641774, 0.00396533263847, -0.013671875, 0.0242839753628, -0.00955953169614], [0.000418698007707, -0.000438670365838, -0.00121912756003, -0.00232119881548, 0.00120643200353, -0.00102031219285, -0.000684962666128, -0.000174366461579, 0.00202893838286, -0.00201650895178, 0.00591289391741, -0.00955953169614, 0.0235632397234]], "cov": [[5672.13769531, -557.257751465, -100.715858459, 32.6760215759, -277.132629395, -65.6454391479, -103.612297058, 61.5908088684, -4.03058671951, -30.4126930237, 10.8589334488, 104.760253906, -66.8443756104], [-557.257751465, 1085.94763184, -208.316741943, 37.2001876831, 117.346420288, -31.757101059, 17.5152015686, -54.2835464478, -26.26720047, -8.76693248749, 19.6822719574, -20.6932945251, 3.9068505764], [-100.715858459, -208.316741943, 398.950195312, -54.460144043, 7.06345939636, 13.4524374008, -32.9548683167, -32.7455825806, -7.94592523575, 4.86414003372, -16.5308208466, 0.215889662504, 17.5445404053], [32.6760215759, 37.2001876831, -54.460144043, 182.225845337, 27.0589065552, 14.7600822449, -16.7152080536, 12.4736127853, 14.3637752533, -2.31342506409, -19.6141853333, -25.8112430573, 7.12090492249], [-277.132629395, 117.346420288, 7.06345939636, 27.0589065552, 163.264450073, 10.5509328842, 5.32226371765, -8.63519668579, -4.45184230804, -1.2919896841, -4.2142868042, -13.5730228424, -1.8476498127], [-65.6454391479, -31.757101059, 13.4524374008, 14.7600822449, 10.5509328842, 101.953994751, 32.3962936401, 11.2378482819, 1.30865812302, 1.10623669624, -7.1026763916, -12.9418678284, 4.13849925995], [-103.612297058, 17.5152015686, -32.9548683167, -16.7152080536, 5.32226371765, 32.3962936401, 98.0126495361, 30.2267818451, -2.29778027534, -2.29523563385, 1.92596459389, -2.94296383858, 1.3428286314], [61.5908088684, -54.2835464478, -32.7455825806, 12.4736127853, -8.63519668579, 11.2378482819, 30.2267818451, 91.7162857056, 33.4417266846, -9.16457080841, -9.47923755646, -4.65451431274, -3.25780248642], [-4.03058671951, -26.26720047, -7.94592523575, 14.3637752533, -4.45184230804, 1.30865812302, -2.29778027534, 33.4417266846, 68.7473373413, 15.0177097321, -3.29062962532, -4.61638307571, -4.62974262238], [-30.4126930237, -8.76693248749, 4.86414003372, -2.31342506409, -1.2919896841, 1.10623669624, -2.29523563385, -9.16457080841, 15.0177097321, 71.5548782349, 28.7179050446, 4.95102453232, 0.0131512405351], [10.8589334488, 19.6822719574, -16.5308208466, -19.6141853333, -4.2142868042, -7.1026763916, 1.92596459389, -9.47923755646, -3.29062962532, 28.7179050446, 70.1512298584, 35.9518737793, -2.9969496727], [104.760253906, -20.6932945251, 0.215889662504, -25.8112430573, -13.5730228424, -12.9418678284, -2.94296383858, -4.65451431274, -4.61638307571, 4.95102453232, 35.9518737793, 72.9575653076, 16.634519577], [-66.8443756104, 3.9068505764, 17.5445404053, 7.12090492249, -1.8476498127, 4.13849925995, 1.3428286314, -3.25780248642, -4.62974262238, 0.0131512405351, -2.9969496727, 16.634519577, 53.4978103638]]}, "spectral_contrast_valleys": {"min": [-27.7314624786, -27.9240379333, -27.5681190491, -27.7035331726, -27.3901958466, -27.3252124786], "max": [-5.31135702133, -4.64428758621, -5.27098369598, -5.69312763214, -5.63934230804, -7.55237674713], "dvar2": [0.287749528885, 0.25667822361, 0.164611056447, 0.115215703845, 0.118548437953, 0.185292333364], "median": [-6.88759088516, -6.37696027756, -6.93366336823, -7.07939481735, -7.02602434158, -9.89199256897], "dmean2": [0.639310777187, 0.606400489807, 0.491235017776, 0.396488785744, 0.345662772655, 0.388649106026], "dmean": [0.39368519187, 0.368690222502, 0.306604295969, 0.250172495842, 0.234405174851, 0.302025049925], "var": [1.43906056881, 1.62974750996, 1.51237881184, 1.45704555511, 1.63154900074, 1.6741887331], "dvar": [0.1221652776, 0.10290300101, 0.0728261396289, 0.0547712631524, 0.0628613606095, 0.107348442078], "mean": [-6.98651790619, -6.49839735031, -7.10188770294, -7.25858783722, -7.21591424942, -10.0376729965]}, "barkbands_flatness_db": {"min": 0.0237979963422, "max": 0.425047814846, "dvar2": 0.000622424646281, "median": 0.102682992816, "dmean2": 0.0265637412667, "dmean": 0.0174779351801, "var": 0.00229287496768, "dvar": 0.000277007377008, "mean": 0.111132405698}, "dynamic_complexity": 1.77026534081, "spectral_skewness": {"min": -0.0410453602672, "max": 7.20909500122, "dvar2": 0.143037334085, "median": 1.51228117943, "dmean2": 0.320307850838, "dmean": 0.202869042754, "var": 0.278128772974, "dvar": 0.0592482462525, "mean": 1.59209156036}, "erbbands_flatness_db": {"min": 0.0280744601041, "max": 0.315061956644, "dvar2": 0.00045271916315, "median": 0.149879038334, "dmean2": 0.0231666639447, "dmean": 0.0164856873453, "var": 0.0013258040417, "dvar": 0.000230858990108, "mean": 0.15303