{"lowlevel": {"spectral_complexity": {"min": 0, "max": 61, "dvar2": 76.6508102417, "median": 18, "dmean2": 8.04271221161, "dmean": 5.46868896484, "var": 103.382713318, "dvar": 37.2324638367, "mean": 19.3363838196}, "silence_rate_20dB": {"min": 1, "max": 1, "dvar2": 0, "median": 1, "dmean2": 0, "dmean": 0, "var": 0, "dvar": 0, "mean": 1}, "average_loudness": 0.957527518272, "erbbands_spread": {"min": 3.63210058212, "max": 152.66003418, "dvar2": 308.839691162, "median": 35.2096595764, "dmean2": 16.4620304108, "dmean": 10.9243650436, "var": 377.720245361, "dvar": 142.346328735, "mean": 38.9939842224}, "spectral_kurtosis": {"min": -1.42525577545, "max": 34.29296875, "dvar2": 7.12953662872, "median": 3.12694072723, "dmean2": 2.5014462471, "dmean": 1.5803232193, "var": 6.41360664368, "dvar": 2.91304111481, "mean": 3.54414582253}, "barkbands_kurtosis": {"min": -1.95055758953, "max": 104.067199707, "dvar2": 36.3693504333, "median": -0.0674720108509, "dmean2": 3.30036902428, "dmean": 2.15983986855, "var": 33.1727371216, "dvar": 16.7449550629, "mean": 2.05085611343}, "spectral_strongpeak": {"min": 0, "max": 13.3369665146, "dvar2": 2.89330387115, "median": 0.340098440647, "dmean2": 1.09190034866, "dmean": 0.653744518757, "var": 2.31800365448, "dvar": 1.25385630131, "mean": 1.05176186562}, "spectral_spread": {"min": 1508589, "max": 40648568, "dvar2": 2264463048700.0, "median": 4705493, "dmean2": 1376801.125, "dmean": 931803.5, "var": 2787766697980.0, "dvar": 1114733412350.0, "mean": 4958412.5}, "spectral_rms": {"min": 3.27139378954e-12, "max": 0.010729980655, "dvar2": 1.94350650418e-06, "median": 0.004489203915, "dmean2": 0.00118251156528, "dmean": 0.000855694466736, "var": 2.88755427391e-06, "dvar": 9.55656673796e-07, "mean": 0.00449813110754}, "erbbands": {"min": [1.93551352365e-22, 4.09645809899e-21, 2.96952993145e-20, 2.14973190587e-20, 3.94655883561e-20, 1.22435926774e-19, 3.83093630507e-19, 6.98049292031e-19, 3.78871416317e-19, 6.58166468604e-19, 6.12159355018e-19, 2.80028120425e-18, 4.07384962757e-18, 3.8541326725e-18, 4.76202336537e-18, 3.37442519947e-18, 6.43466031893e-18, 1.35623135299e-17, 6.53230568152e-18, 6.35592554591e-18, 8.55600139577e-18, 1.96698586581e-17, 1.08626234852e-17, 1.74598537458e-17, 1.82269777372e-17, 1.19933934446e-17, 1.54900571203e-17, 1.67493171802e-17, 1.26857221106e-17, 1.66122665875e-17, 1.70385756229e-17, 1.70639601416e-17, 1.63237724597e-17, 1.33646984272e-17, 9.58678755302e-18, 5.49434910913e-18, 3.62532417531e-18, 1.25255245229e-18, 3.70852055375e-19, 3.98207008705e-20], "max": [0.874977767467, 8.93079662323, 17.3813915253, 41.0252151489, 87.1652374268, 196.151275635, 424.735778809, 208.57673645, 592.62322998, 496.636688232, 938.47442627, 1288.48791504, 1967.64404297, 1640.9140625, 1399.17797852, 1317.29406738, 1046.14929199, 1149.45410156, 2434.81079102, 1468.38708496, 1216.58886719, 1304.54431152, 460.718994141, 519.11138916, 326.306732178, 305.623138428, 278.41607666, 390.071350098, 433.815948486, 518.882324219, 644.713806152, 521.954040527, 350.622680664, 170.860473633, 67.952255249, 14.6541633606, 2.57116222382, 0.244664102793, 0.0593602657318, 0.00137461815029], "dvar2": [0.0116300033405, 0.605172693729, 3.24493980408, 9.70034790039, 46.5101699829, 650.712768555, 2512.63256836, 491.978942871, 207.002304077, 3110.94750977, 1590.52209473, 5480.01757813, 9311.89453125, 8755.81738281, 9961.25292969, 5259.59570313, 4080.41699219, 4817.78857422, 6768.71582031, 6546.63574219, 3830.81420898, 3025.2878418, 2398.32006836, 1574.63659668, 1035.69885254, 642.690917969, 856.329406738, 2256.29492188, 2386.59106445, 3793.95141602, 799.78125, 480.752166748, 195.321121216, 65.9978179932, 14.3991565704, 1.76863789558, 0.086182564497, 0.000886000518221, 5.36030302101e-06, 5.83977355362e-09], "median": [0.0830000713468, 0.956239879131, 1.95551347733, 2.19879293442, 1.75904095173, 2.56039571762, 2.54735565186, 2.77036857605, 3.096139431, 5.06834745407, 7.03571224213, 7.37476730347, 10.2459907532, 11.8200597763, 9.01013946533, 11.3508090973, 9.62922859192, 10.9469585419, 16.6021575928, 16.5664596558, 13.9358177185, 15.0208244324, 13.0244274139, 10.4337749481, 10.3274822235, 8.58801937103, 5.55973052979, 4.15173339844, 3.58724141121, 4.32123947144, 3.22401618958, 1.57430791855, 0.80188369751, 0.520357728004, 0.289797484875, 0.0654333233833, 0.0124240834266, 0.00163687788881, 7.34615314286e-05, 3.23989079334e-05], "dmean2": [0.0565342120826, 0.499195694923, 1.21204888821, 1.74082136154, 3.0344619751, 10.4621486664, 18.9274234772, 10.0319824219, 7.64213991165, 20.5404720306, 16.7461528778, 23.2725868225, 35.7238502502, 40.6550140381, 37.8656730652, 35.5022354126, 26.1776771545, 33.5850753784, 43.6695137024, 41.2981185913, 32.4192657471, 33.1394615173, 29.2047252655, 23.1403026581, 19.8048496246, 16.9972648621, 17.4296360016, 23.1486091614, 22.0872020721, 29.685956955, 14.2874708176, 10.2871627808, 6.39655256271, 3.59861564636, 1.93006229401, 0.693620145321, 0.151308611035, 0.0157462991774, 0.000934353447519, 4.43909484602e-05], "dmean": [0.0373999327421, 0.358053892851, 0.861226201057, 1.13719785213, 1.92078733444, 6.70800733566, 12.7342920303, 6.32804107666, 4.77570676804, 12.7869234085, 10.937912941, 15.2475099564, 24.6358985901, 27.5541858673, 24.7015686035, 23.4278697968, 17.2354030609, 22.6767883301, 28.7460250854, 26.7779998779, 20.9884376526, 21.480632782, 18.5583496094, 14.6762638092, 12.5775108337, 10.9049434662, 10.6704378128, 13.672873497, 12.9342088699, 17.4699306488, 8.54734420776, 6.06909990311, 3.8603553772, 2.17538928986, 1.13233149052, 0.400520265102, 0.0874670594931, 0.00930358376354, 0.000539579836186, 2.75590009551e-05], "var": [0.0115344291553, 1.14390158653, 6.74463367462, 8.60531711578, 40.3387374878, 316.604248047, 1605.99389648, 224.976821899, 278.930419922, 1167.79956055, 1145.66516113, 2921.79394531, 8295.3671875, 9938.45898438, 8118.20556641, 5025.49951172, 3242.26220703, 5865.99072266, 7330.86816406, 5661.89648438, 3520.40087891, 3046.74316406, 1819.64978027, 1501.89440918, 834.977233887, 529.800537109, 448.564453125, 702.46472168, 693.633483887, 1150.25488281, 294.097198486, 255.729034424, 195.238418579, 57.2964630127, 6.79395580292, 0.674064278603, 0.0310202855617, 0.00036709709093, 1.72046713942e-06, 2.54933563149e-09], "dvar": [0.00520521774888, 0.329455941916, 1.80050468445, 4.05696249008, 21.8622264862, 265.268341064, 1123.68664551, 198.777114868, 91.9890594482, 1206.43908691, 720.487915039, 2265.640625, 4471.66455078, 4281.62988281, 4150.11523438, 2380.50830078, 1770.24829102, 2284.82446289, 3204.67700195, 2905.21777344, 1674.49414063, 1390.22509766, 979.491638184, 658.44921875, 416.688659668, 270.726593018, 331.59576416, 858.727111816, 907.796142578, 1458.5682373, 316.355041504, 199.344909668, 96.1317443848, 31.4448032379, 5.8586230278, 0.683933675289, 0.0333320125937, 0.000354248215444, 2.04205434784e-06, 2.29738184032e-09], "mean": [0.103060431778, 1.11658632755, 2.78168845177, 2.84456753731, 3.52248358727, 8.85291194916, 16.8228988647, 7.91300487518, 7.79225254059, 15.1834936142, 16.5437526703, 22.2928104401, 39.2633209229, 44.4595146179, 37.1975898743, 36.7226829529, 27.4926795959, 37.0398635864, 45.8930168152, 40.8251991272, 33.6622619629, 35.2420883179, 28.8744812012, 25.0239810944, 21.0403862, 17.586479187, 14.5803384781, 13.6685056686, 12.0903434753, 15.7090559006, 8.80899810791, 6.01328754425, 4.21631622314, 2.40536165237, 1.18048787117, 0.39756783843, 0.083197966218, 0.00897189509124, 0.000477029476315, 4.67637037218e-05]}, "zerocrossingrate": {"min": 0.00537109375, "max": 0.513671875, "dvar2": 0.000427419116022, "median": 0.07177734375, "dmean2": 0.0201369263232, "dmean": 0.0164133422077, "var": 0.00192258274183, "dvar": 0.000331462564645, "mean": 0.0777828469872}, "spectral_contrast_coeffs": {"min": [-0.975108265877, -0.982133686543, -0.983724653721, -0.962309539318, -0.955852031708, -0.959520816803], "max": [-0.310896247625, -0.413938611746, -0.423192024231, -0.48056307435, -0.57503002882, -0.585601687431], "dvar2": [0.0041525317356, 0.00483250198886, 0.00330169778317, 0.00219530891627, 0.00152787123807, 0.00128529465292], "median": [-0.674332618713, -0.736402750015, -0.742700457573, -0.746920645237, -0.759329855442, -0.748387813568], "dmean2": [0.071919940412, 0.0812501981854, 0.0695828273892, 0.0585155300796, 0.0479040853679, 0.0405217818916], "dmean": [0.0453181825578, 0.0502272881567, 0.0451271422207, 0.0385345481336, 0.032485999167, 0.0268195923418], "var": [0.00717792706564, 0.00492569571361, 0.00587706360966, 0.00381708261557, 0.00309597002342, 0.00240921997465], "dvar": [0.00173303333577, 0.00190437666606, 0.00146913819481, 0.00100479729008, 0.00077077903552, 0.000566604547203], "mean": [-0.660958409309, -0.730762898922, -0.735300481319, -0.741796135902, -0.752059102058, -0.751140832901]}, "dissonance": {"min": 0.245782524347, "max": 0.500000059605, "dvar2": 0.0006899490254, "median": 0.474913954735, "dmean2": 0.0272153764963, "dmean": 0.0163660533726, "var": 0.000496082939208, "dvar": 0.000256736035226, "mean": 0.46969845891}, "spectral_energyband_high": {"min": 7.83229533928e-21, "max": 0.0393109582365, "dvar2": 1.90705759451e-05, "median": 0.000693103938829, "dmean2": 0.00261035328731, "dmean": 0.0015725455014, "var": 8.31625402498e-06, "dvar": 7.73392002884e-06, "mean": 0.00179166847374}, "gfcc": {"mean": [9.7372045517, 71.2931747437, -125.252159119, 40.4278450012, -55.6243972778, 24.6867923737, -35.9427680969, 14.8031759262, -21.6028747559, 2.69903707504, -17.4595718384, 1.11337387562, -9.6389465332], "icov": [[0.000248653203016, -0.000283408968244, 0.000182717732969, -0.000255541526712, 0.000392968358938, -0.000587943883147, 0.000518186250702, -0.000534052669536, 0.000587603019085, -0.000440484029241, 0.000646475469694, -0.000723603996448, 0.000346473272657], [-0.000283408968244, 0.00211187638342, -0.000518951273989, 0.000345086678863, -0.00147745769937, 0.00183865940198, -0.00186343293171, 0.00187575700693, -0.00206271116622, 0.00216942862608, -0.00285812467337, 0.00309211877175, -0.00183691631537], [0.000182717732969, -0.000518951273989, 0.00188382272609, -0.00132579775527, 0.000283940520603, -0.00119891553186, 0.00145299127325, -0.000623053347226, 0.00103020877577, -0.000644284998998, 0.00110697885975, -0.00115659600124, 0.000903118459973], [-0.000255541526712, 0.000345086678863, -0.00132579775527, 0.00355851999484, -0.00152071402408, 9.11348251975e-05, -0.000420707277954, 0.00100704375654, -0.00211113411933, 0.000565425609238, 0.000171975625562, 0.000861913606059, -0.000380569254048], [0.000392968358938, -0.00147745769937, 0.000283940520603, -0.00152071402408, 0.00619047461078, -0.00211005122401, 0.000544943497516, -0.00279823713936, 0.00114620267414, -6.78510405123e-05, 0.00160707137547, -0.00115183368325, 0.000868567673024], [-0.000587943883147, 0.00183865940198, -0.00119891553186, 9.11348251975e-05, -0.00211005122401, 0.00868849363178, -0.00505270902067, 0.000836383900605, -0.000679852964822, 0.000683369871695, -0.00189604447223, 0.00154197297525, -0.000174949396751], [0.000518186250702, -0.00186343293171, 0.00145299127325, -0.000420707277954, 0.000544943497516, -0.00505270902067, 0.00918651837856, -0.00198280462064, 0.00141112145502, -0.00138004531618, 0.000161552234204, -0.001702246489, 0.00258280104026], [-0.000534052669536, 0.00187575700693, -0.000623053347226, 0.00100704375654, -0.00279823713936, 0.000836383900605, -0.00198280462064, 0.0097891734913, -0.00425678258762, -3.83297992812e-05, -0.0016059592599, 0.00332275801338, -0.00176079827361], [0.000587603019085, -0.00206271116622, 0.00103020877577, -0.00211113411933, 0.00114620267414, -0.000679852964822, 0.00141112145502, -0.00425678258762, 0.0108485231176, -0.00417632516474, 0.00310490303673, -0.00367114972323, 0.00206697569229], [-0.000440484029241, 0.00216942862608, -0.000644284998998, 0.000565425609238, -6.78510405123e-05, 0.000683369871695, -0.00138004531618, -3.83297992812e-05, -0.00417632516474, 0.0144759165123, -0.00521535659209, 0.00282095372677, -0.00039592286339], [0.000646475469694, -0.00285812467337, 0.00110697885975, 0.000171975625562, 0.00160707137547, -0.00189604447223, 0.000161552234204, -0.0016059592599, 0.00310490303673, -0.00521535659209, 0.0181532204151, -0.00758643401787, 0.00146811641753], [-0.000723603996448, 0.00309211877175, -0.00115659600124, 0.000861913606059, -0.00115183368325, 0.00154197297525, -0.001702246489, 0.00332275801338, -0.00367114972323, 0.00282095372677, -0.00758643401787, 0.01804401353, -0.00604434637353], [0.000346473272657, -0.00183691631537, 0.000903118459973, -0.000380569254048, 0.000868567673024, -0.000174949396751, 0.00258280104026, -0.00176079827361, 0.00206697569229, -0.00039592286339, 0.00146811641753, -0.00604434637353, 0.0138430148363]], "cov": [[7056.17675781, -668.44732666, 205.894302368, 333.591949463, -179.181854248, 388.241455078, -182.136764526, 217.328277588, -144.58366394, 144.728057861, -161.440704346, 144.246887207, -85.9609069824], [-668.44732666, 1504.07080078, -41.7793655396, 51.026309967, 217.675430298, -158.462249756, 144.829376221, -112.091308594, 103.862091064, -135.464981079, 104.72706604, -113.651329041, 83.3896408081], [205.894302368, -41.7793655396, 980.254150391, 422.444152832, 120.173583984, 118.929824829, -77.8856430054, 35.7126235962, 20.1718769073, 6.65297031403, -69.857963562, 0.158531606197, -45.3418312073], [333.591949463, 51.026309967, 422.444152832, 564.319091797, 161.392974854, 93.7064666748, -4.46376657486, 42.4855079651, 83.7715072632, 2.54073619843, -54.120010376, -17.5875892639, -30.7051887512], [-179.181854248, 217.675430298, 120.173583984, 161.392974854, 291.113922119, 66.7973937988, 62.2587585449, 56.4979400635, 45.3171653748, -18.6927242279, -7.78931808472, -31.3126792908, -12.0322351456], [388.241455078, -158.462249756, 118.929824829, 93.7064666748, 66.7973937988, 250.605056763, 95.1174545288, 54.3993988037, -3.28129458427, 28.8449764252, -8.51642131805, 4.28210878372, -43.6908187866], [-182.136764526, 144.829376221, -77.8856430054, -4.46376657486, 62.2587585449, 95.1174545288, 215.963989258, 25.2677364349, 16.6326980591, 5.00995445251, 32.1104469299, -17.4056282043, -24.3944721222], [217.328277588, -112.091308594, 35.7126235962, 42.4855079651, 56.4979400635, 54.3993988037, 25.2677364349, 169.495132446, 49.9490394592, 34.681854248, -13.0598840714, -7.78685188293, -15.9690561295], [-144.58366394, 103.862091064, 20.1718769073, 83.7715072632, 45.3171653748, -3.28129458427, 16.6326980591, 49.9490394592, 155.982910156, 24.9790210724, -2.05959415436, -5.86097574234, -6.16378688812], [144.728057861, -135.464981079, 6.65297031403, 2.54073619843, -18.6927242279, 28.8449764252, 5.00995445251, 34.681854248, 24.9790210724, 102.076782227, 10.4777154922, 8.15107631683, -15.3105707169], [-161.440704346, 104.72706604, -69.857963562, -54.120010376, -7.78931808472, -8.51642131805, 32.1104469299, -13.0598840714, -2.05959415436, 10.4777154922, 91.1394577026, 20.1231594086, 13.4639558792], [144.246887207, -113.651329041, 0.158531606197, -17.5875892639, -31.3126792908, 4.28210878372, -17.4056282043, -7.78685188293, -5.86097574234, 8.15107631683, 20.1231594086, 93.2533340454, 24.7823467255], [-85.9609069824, 83.3896408081, -45.3418312073, -30.7051887512, -12.0322351456, -43.6908187866, -24.3944721222, -15.9690561295, -6.16378688812, -15.3105707169, 13.4639558792, 24.7823467255, 100.167953491]]}, "spectral_flux": {"min": 1.0473569928e-10, "max": 0.317596673965, "dvar2": 0.00208408641629, "median": 0.0700185000896, "dmean2": 0.043564684689, "dmean": 0.028814598918, "var": 0.00194932357408, "dvar": 0.000993206747808, "mean": 0.079063937068}, "silence_rate_30dB": {"min": 1, "max": 1, "dvar2": 0, "median": 1, "dmean2": 0, "dmean": 0, "var": 0, "dvar": 0, "mean": 1}, "spectral_energyband_middle_high": {"min": 1.98415203649e-21, "max": 0.0626983344555, "dvar2": 5.73473262193e-05, "median": 0.00484529184178, "dmean2": 0.00476908450946, "dmean": 0.00330383842811, "var": 6.67815111228e-05, "dvar": 2.47857897193e-05, "mean": 0.00759772770107}, "barkbands_spread": {"min": 1.46069562435, "max": 125.904525757, "dvar2": 335.554138184, "median": 28.8388633728, "dmean2": 15.5733795166, "dmean": 10.0232782364, "var": 300.149230957, "dvar": 144.531234741, "mean": 31.5203762054}, "spectral_centroid": {"min": 249.311691284, "max": 10808.7089844, "dvar2": 375990.65625, "median": 1806.66357422, "dmean2": 552.680969238, "dmean": 363.622161865, "var": 546634.0625, "dvar": 174774.03125, "mean": 1819.80615234}, "pitch_salience": {"min": 0.0946604833007, "max": 0.965455830097, "dvar2": 0.00911035947502, "median": 0.529038727283, "dmean2": 0.103658042848, "dmean": 0.0654978901148, "var": 0.010863378644, "dvar": 0.00373000302352, "mean": 0.527944087982}, "erbbands_skewness": {"min": -5.44035577774, "max": 3.54437041283, "dvar2": 0.347453296185, "median": 0.0382350422442, "dmean2": 0.614350438118, "dmean": 0.402238130569, "var": 0.554840803146, "dvar": 0.154002681375, "mean": 0.0290254987776}, "erbbands_crest": {"min": 2.38692474365, "max": 31.2450256348, "dvar2": 15.5047540665, "median": 7.71289396286, "dmean2": 4.33738470078, "dmean": 2.73739790916, "var": 17.3276081085, "dvar": 6.50685930252, "mean": 8.79163455963}, "melbands": {"min": [3.24063054067e-24, 1.20248513252e-23, 4.86850122493e-24, 4.66923101597e-24, 1.23348239627e-23, 1.54150205084e-23, 6.92289342065e-24, 6.18145962191e-24, 5.12521628502e-24, 2.03319842198e-23, 2.05224925506e-23, 1.43906199364e-23, 1.66080116999e-23, 1.22807175709e-23, 7.68246944248e-24, 1.92337304898e-23, 2.58700970079e-23, 1.03085518972e-23, 6.18288193812e-24, 1.20356863297e-23, 7.72655020101e-24, 2.08065960725e-23, 1.51601316613e-23, 7.1465228655e-24, 1.49835483031e-23, 1.75555014891e-23, 7.65460214215e-24, 8.21146931033e-24, 1.10343907047e-23, 8.97691287958e-24, 9.24367171671e-24, 6.32902275955e-24, 7.86414647554e-24, 1.04746994145e-23, 9.36655257992e-24, 1.10117590742e-23, 9.99463889949e-24, 1.08006464853e-23, 1.0856642199e-23, 1.13806714543e-23], "max": [0.00833366718143, 0.0104488488287, 0.00594806158915, 0.00696376524866, 0.0153276175261, 0.00432270811871, 0.00814464688301, 0.00518291024491, 0.00838124193251, 0.00835981685668, 0.010257108137, 0.00708491820842, 0.00506667234004, 0.00351738627069, 0.00297985109501, 0.00302521698177, 0.0025649247691, 0.00339761073701, 0.00201378623024, 0.00202259491198, 0.00117434607819, 0.00118395406753, 0.000895793491509, 0.000713179935701, 0.000487383949803, 0.000272741861409, 0.000261314096861, 0.00022175894992, 0.000192616091226, 0.000247441494139, 0.000225834650337, 0.000295790465316, 0.000217686101678, 0.00033840231481, 0.000291722710244, 0.000767426448874, 0.000264650472673, 0.000299343111692, 0.000218617540668, 0.000166547572007], "dvar2": [8.16520810076e-07, 8.78361333889e-07, 2.43689441959e-07, 8.15001328647e-07, 3.54567032446e-06, 2.32098940955e-07, 5.47802443407e-08, 3.34500867893e-07, 1.17010493739e-07, 2.25499078965e-07, 2.37354583987e-07, 1.47532489336e-07, 1.38035318287e-07, 6.66313724196e-08, 2.64411035289e-08, 1.31892852195e-08, 2.12792556908e-08, 1.85553794552e-08, 1.83211259497e-08, 9.95068738519e-09, 6.10355987973e-09, 4.15901491024e-09, 3.932966397e-09, 2.5695614525e-09, 1.27995958277e-09, 7.84387388375e-10, 4.14320161513e-10, 3.25791171818e-10, 3.52274015514e-10, 5.87398574226e-10, 8.96080265544e-10, 8.29265101032e-10, 6.53280485263e-10, 1.83353010552e-09, 2.60257065898e-10, 3.40252798159e-10, 2.25941321208e-10, 1.16927245664e-10, 7.6591073761e-11, 4.55923493403e-11], "median": [0.000973274058197, 0.00130646023899, 0.000408215331845, 0.000160326773766, 9.68799140537e-05, 6.26335968263e-05, 4.91498649353e-05, 5.64977381146e-05, 5.57395833312e-05, 4.2391140596e-05, 4.55226872873e-05, 4.13535235566e-05, 2.49044096563e-05, 2.60885499301e-05, 2.38596367126e-05, 1.65678138728e-05, 1.73109292518e-05, 2.25882158702e-05, 2.29983052122e-05, 1.56715032062e-05, 1.4803628801e-05, 1.40008651215e-05, 1.22580295283e-05, 7.99494682724e-06, 6.96220922691e-06, 6.43464500172e-06, 6.23570394964e-06, 4.74119951832e-06, 3.29527074427e-06, 2.44822967943e-06, 1.90092146113e-06, 1.9406706997e-06, 1.95783036361e-06, 2.30085788644e-06, 1.84012492355e-06, 1.22060600916e-06, 7.62003196542e-07, 5.54731286684e-07, 4.3933721372e-07, 4.1565454012e-07], "dmean2": [0.00052711594617, 0.000626564375125, 0.00029785442166, 0.000426602637162, 0.000697812880389, 0.000219221576117, 0.000127326755319, 0.000220744957915, 0.00013623922132, 0.00015093285765, 0.000179661961738, 0.000164713099366, 0.000138774208608, 0.000109413842438, 7.08241059328e-05, 5.18303240824e-05, 6.89353837515e-05, 6.97279756423e-05, 6.70750741847e-05, 4.86706157972e-05, 4.16178954765e-05, 3.72324975615e-05, 3.65208361472e-05, 2.51223773375e-05, 1.97394565475e-05, 1.6299658455e-05, 1.28108249555e-05, 1.16577048175e-05, 1.10594182843e-05, 1.288790736e-05, 1.41833897942e-05, 1.26827417262e-05, 1.21640359794e-05, 1.91280541912e-05, 8.35177888803e-06, 6.2094036366e-06, 6.63326090944e-06, 4.59098600913e-06, 3.92334777644e-06, 2.82688029074e-06], "dmean": [0.000361743906979, 0.000455284258351, 0.000196772278287, 0.000265848648269, 0.000470740313176, 0.000137949798955, 7.80959089752e-05, 0.00013947293337, 8.92651514732e-05, 9.8658776551e-05, 0.000123950696434, 0.000111495523015, 9.03848922462e-05, 7.02513789292e-05, 4.66597048216e-05, 3.43525607605e-05, 4.60490955447e-05, 4.60155533801e-05, 4.29753163189e-05, 3.1367810152e-05, 2.67726627499e-05, 2.38606498897e-05, 2.31010781135e-05, 1.55697962327e-05, 1.24454736579e-05, 1.03248130472e-05, 8.06619391369e-06, 7.42631664252e-06, 6.78418882671e-06, 7.68924019212e-06, 8.28867996461e-06, 7.40456698622e-06, 7.14964608051e-06, 1.11411591206e-05, 4.9972945817e-06, 3.69225767827e-06, 3.85309431294e-06, 2.76573405245e-06, 2.37126073444e-06, 1.70041948877e-06], "var": [1.18664240745e-06, 1.63223353411e-06, 2.39417516923e-07, 4.24648817443e-07, 2.21599589167e-06, 1.07538291161e-07, 6.0746174313e-08, 1.38077638212e-07, 8.3184261257e-08, 1.21475437709e-07, 2.12989633042e-07, 1.74578715928e-07, 1.27207300693e-07, 4.18948395975e-08, 2.25484608762e-08, 1.2245388703e-08, 2.68528523861e-08, 2.15618545241e-08, 1.33349624676e-08, 9.20916942704e-09, 5.60561863594e-09, 4.25811252924e-09, 3.20086379624e-09, 1.5786121299e-09, 1.16730125566e-09, 6.33072427814e-10, 3.09037545554e-10, 2.52544984924e-10, 1.9647264371e-10, 2.55119342318e-10, 2.69391620122e-10, 2.37174474504e-10, 1.99642039012e-10, 5.12782649675e-10, 9.41966435408e-11, 1.18135029537e-10, 1.09479390831e-10, 1.09246493796e-10, 8.08265537833e-11, 3.2618970025e-11], "dvar": [3.97700347321e-07, 4.94434289067e-07, 1.08304455182e-07, 3.28638577685e-07, 1.57577221671e-06, 9.39482021067e-08, 2.34158150647e-08, 1.32897682192e-07, 5.34613846526e-08, 9.3661732592e-08, 1.13979112371e-07, 7.35330445423e-08, 5.92195590343e-08, 2.74658642496e-08, 1.16645928472e-08, 6.16205175774e-09, 1.01234709504e-08, 8.98277541239e-09, 8.0000468472e-09, 4.44934400434e-09, 2.74935851863e-09, 1.92028304369e-09, 1.69614067236e-09, 1.014163864e-09, 5.29296495522e-10, 3.16510428977e-10, 1.72861530645e-10, 1.36299707632e-10, 1.37656289145e-10, 2.23122090248e-10, 3.40022593415e-10, 3.12820519488e-10, 2.51300619203e-10, 6.91334489655e-10, 1.02708501426e-10, 1.24860233264e-10, 9.0999131841e-11, 5.6260312381e-11, 3.85711879103e-11, 2.07790919887e-11], "mean": [0.00112251448445, 0.00150551530533, 0.00050018937327, 0.00039075568202, 0.000618652265985, 0.000175940804183, 0.000121258141007, 0.000169496677699, 0.000134308938868, 0.000140873758937, 0.000194030726561, 0.000176762987394, 0.000132727698656, 9.81810007943e-05, 7.39341630833e-05, 5.22649388586e-05, 7.18415758456e-05, 7.16158247087e-05, 6.25069224043e-05, 4.56274683529e-05, 4.06029321312e-05, 3.77583564841e-05, 3.394957821e-05, 2.20507008635e-05, 2.01196471608e-05, 1.64266457432e-05, 1.26529521367e-05, 1.1229325537e-05, 9.00963277672e-06, 8.96412257134e-06, 7.65389995649e-06, 6.86005751049e-06, 6.71455700285e-06, 9.51771289692e-06, 5.19404557053e-06, 3.69726581084e-06, 3.6285018723e-06, 2.99757653011e-06, 2.59794501289e-06, 1.82423536899e-06]}, "spectral_entropy": {"min": 5.91226816177, "max": 9.8035697937, "dvar2": 0.116174928844, "median": 7.67432022095, "dmean2": 0.358763575554, "dmean": 0.251047223806, "var": 0.155023187399, "dvar": 0.0581502579153, "mean": 7.69563245773}, "spectral_rolloff": {"min": 64.599609375, "max": 18540.0878906, "dvar2": 4937384.5, "median": 1894.921875, "dmean2": 1626.46166992, "dmean": 962.024597168, "var": 3799248.25, "dvar": 2102672, "mean": 2318.29174805}, "barkbands": {"min": [1.35296681885e-23, 1.2614841185e-23, 2.85900231448e-23, 5.73783974755e-24, 3.10764464537e-23, 8.15187150003e-23, 3.75898248235e-23, 1.29311799301e-23, 1.31081747581e-22, 9.33381548344e-23, 1.31418736338e-22, 9.21058405045e-23, 1.47558262479e-22, 2.4294982225e-22, 9.32713036058e-23, 1.65533701449e-22, 3.24032152019e-22, 1.6441697733e-22, 4.44589384408e-22, 2.74763484463e-22, 4.00986353739e-22, 3.52998240934e-22, 6.47887195298e-22, 8.88129646921e-22, 1.21970477332e-21, 1.71832534896e-21, 2.61958951733e-21], "max": [0.00157023430802, 0.0344172865152, 0.0144819542766, 0.0144664626569, 0.0552707239985, 0.0290472339839, 0.0339514836669, 0.0299575142562, 0.0448239669204, 0.0603836029768, 0.0334842018783, 0.0255603343248, 0.0219529122114, 0.0236568562686, 0.042438544333, 0.0236021280289, 0.0203792694956, 0.0131807075813, 0.00881058722734, 0.00536273233593, 0.00812903698534, 0.00933188013732, 0.0239815283567, 0.0191910676658, 0.0114260716364, 0.00179612950888, 0.000276740145637], "dvar2": [3.69697374936e-08, 1.09086240627e-05, 2.85377200271e-06, 1.10622261218e-06, 5.21201691299e-05, 8.74959914654e-06, 3.08978451358e-06, 3.94639891965e-06, 8.84413111635e-06, 9.34084437176e-06, 7.88153374742e-06, 3.98122983825e-06, 1.78130630957e-06, 2.2632927994e-06, 3.09707183987e-06, 1.60620891165e-06, 1.41730379255e-06, 8.53662413647e-07, 4.69964390959e-07, 3.0267634088e-07, 9.49115360527e-07, 1.60720583153e-06, 2.2119068035e-06, 8.44137048261e-07, 3.45045464201e-07, 3.96413248893e-08, 1.35018302094e-10], "median": [2.2654163331e-05, 0.00394740188494, 0.00159381260164, 0.00045486658928, 0.000788899837062, 0.000358387362212, 0.000248177180765, 0.000281919114059, 0.000266119779553, 0.000348558649421, 0.000162703101523, 0.000215072723222, 0.000159658913617, 0.000183909229236, 0.000311521347612, 0.000198584602913, 0.000291862263111, 0.000191909231944, 0.000193571846467, 0.000166435507708, 0.000110278619104, 0.000105280763819, 0.000119863034342, 5.79014558753e-05, 4.42790806119e-05, 9.10124799702e-06, 2.98080323091e-07], "dmean2": [8.96491110325e-05, 0.00207115407102, 0.00113254471216, 0.000582147913519, 0.00305700395256, 0.00128865940496, 0.000814908184111, 0.000907937530428, 0.00101677852217, 0.00129871501122, 0.00104281469248, 0.000899631879292, 0.000568593794014, 0.000725585734472, 0.000938881596085, 0.000624402076937, 0.000734599423595, 0.00051878252998, 0.000435706315329, 0.000364393548807, 0.000523337454069, 0.00059699913254, 0.000705297861714, 0.000441623822553, 0.000291748059681, 0.000103487131128, 4.79518030261e-06], "dmean": [5.35159488209e-05, 0.00145677558612, 0.000779705005698, 0.000364227977116, 0.0020426127594, 0.000811137142591, 0.000486294331495, 0.000595108023845, 0.000662838574499, 0.000890708295628, 0.000669848872349, 0.000576371268835, 0.000369688961655, 0.000483662093757, 0.000604744243901, 0.000397396390326, 0.000469838414574, 0.000325931876432, 0.000276840379229, 0.000233339698752, 0.000310454866849, 0.000351670169039, 0.000417404604377, 0.000262985355221, 0.000174066008185, 5.97342368565e-05, 2.7825133202e-06], "var": [2.12490114393e-08, 1.83746215043e-05, 5.10784684593e-06, 1.07188111542e-06, 3.17057383654e-05, 4.02202203986e-06, 1.62862875186e-06, 2.53083658208e-06, 5.04965782966e-06, 9.91379693005e-06, 6.36897266304e-06, 2.92655136036e-06, 1.44490070397e-06, 2.84949032903e-06, 2.6640541364e-06, 1.35281197799e-06, 1.45181650169e-06, 6.12185715454e-07, 4.31090143138e-07, 2.2385697207e-07, 3.51450154312e-07, 4.97616952089e-07, 6.89935973242e-07, 6.22730397026e-07, 2.52734139394e-07, 1.45611718239e-08, 4.75752770512e-11], "dvar": [1.34122988271e-08, 5.66332028029e-06, 1.41023178912e-06, 4.68455965574e-07, 2.27057753364e-05, 3.57183557753e-06, 1.16689489005e-06, 1.73198759512e-06, 3.74054502572e-06, 4.58992872154e-06, 3.30664420289e-06, 1.68285373547e-06, 7.95158484834e-07, 1.08623987671e-06, 1.39386020237e-06, 6.84791359618e-07, 6.46530111226e-07, 3.47971990777e-07, 1.93004609628e-07, 1.27589203203e-07, 3.59957169849e-07, 6.16410943621e-07, 8.49176387874e-07, 3.78312961402e-07, 1.56364265536e-07, 1.53664050373e-08, 5.21716801705e-11], "mean": [9.77842209977e-05, 0.00453243451193, 0.0022807084024, 0.000811795005575, 0.00290839141235, 0.00103646644857, 0.000636067707092, 0.000811672536656, 0.00093141925754, 0.00145599606913, 0.000952045724262, 0.000824020418804, 0.000541226996575, 0.000769406557083, 0.000884727924131, 0.000568085233681, 0.00074841309106, 0.000473421328934, 0.000463930162368, 0.000358208984835, 0.000355108379154, 0.000344215339283, 0.000388061394915, 0.000272337172646, 0.000192791296286, 5.74769219384e-05, 2.4378971375e-06]}, "melbands_flatness_db": {"min": 0.00668664136901, "max": 0.44344958663, "dvar2": 0.00205751508474, "median": 0.156636446714, "dmean2": 0.0442055538297, "dmean": 0.0314664468169, "var": 0.00431539630517, "dvar": 0.00107018556446, "mean": 0.164117023349}, "melbands_skewness": {"min": -1.61509144306, "max": 12.2121772766, "dvar2": 1.5626064539, "median": 1.87549817562, "dmean2": 1.10230076313, "dmean": 0.758228719234, "var": 2.79620218277, "dvar": 0.778675794601, "mean": 2.26344108582}, "barkbands_skewness": {"min": -5.17963695526, "max": 9.12376594543, "dvar2": 0.816121280193, "median": 0.760603785515, "dmean2": 0.811271250248, "dmean": 0.551144123077, "var": 1.38106966019, "dvar": 0.395909488201, "mean": 1.02733743191}, "silence_rate_60dB": {"min": 0, "max": 1, "dvar2": 0.065893612802, "median": 0, "dmean2": 0.0627118647099, "dmean": 0.0313532762229, "var": 0.054075203836, "dvar": 0.0303673185408, "mean": 0.0573631599545}, "spectral_energyband_low": {"min": 4.60999048077e-23, "max": 0.0470391921699, "dvar2": 1.99497626454e-05, "median": 0.00697741797194, "dmean2": 0.00300894142129, "dmean": 0.00213503511623, "var": 3.46029846696e-05, "dvar": 1.0752372873e-05, "mean": 0.00744953099638}, "spectral_energyband_middle_low": {"min": 3.48164454717e-22, "max": 0.0894716009498, "dvar2": 0.000113265239634, "median": 0.004763642326, "dmean2": 0.00617124699056, "dmean": 0.00421497970819, "var": 7.99617773737e-05, "dvar": 5.0063154049e-05, "mean": 0.00772364251316}, "melbands_kurtosis": {"min": -1.83888339996, "max": 190.226882935, "dvar2": 273.221160889, "median": 3.74451875687, "dmean2": 9.32369327545, "dmean": 6.18111896515, "var": 267.401672363, "dvar": 126.339576721, "mean": 10.0059051514}, "spectral_decrease": {"min": -2.98345455008e-08, "max": 2.77251088993e-18, "dvar2": 1.36511088871e-17, "median": -4.88873519444e-09, "dmean2": 2.76564415813e-09, "dmean": 1.95289273641e-09, "var": 1.43018981971e-17, "dvar": 6.34016361934e-18, "mean": -5.5862887649e-09}, "erbbands_kurtosis": {"min": -1.77066576481, "max": 34.5896759033, "dvar2": 3.66886663437, "median": -0.0832473263144, "dmean2": 1.43958747387, "dmean": 0.926586210728, "var": 3.21397590637, "dvar": 1.6132799387, "mean": 0.387015879154}, "melbands_crest": {"min": 2.14066314697, "max": 35.8233184814, "dvar2": 18.4355602264, "median": 12.5524864197, "dmean2": 4.35461425781, "dmean": 2.79023933411, "var": 21.5264225006, "dvar": 7.53490972519, "mean": 12.9449110031}, "melbands_spread": {"min": 1.02448618412, "max": 277.926025391, "dvar2": 556.837036133, "median": 32.8975639343, "dmean2": 18.583562851, "dmean": 12.0124607086, "var": 614.7265625, "dvar": 246.202056885, "mean": 36.1837120056}, "spectral_energy": {"min": 1.09695668361e-20, "max": 0.118010804057, "dvar2": 0.000260708737187, "median": 0.0206567738205, "dmean2": 0.0123349046335, "dmean": 0.0086025102064, "var": 0.000258943764493, "dvar": 0.000118840820505, "mean": 0.0236986652017}, "mfcc": {"mean": [-628.488525391, 97.575668335, -5.87973117828, 20.2381153107, 7.02202606201, 9.57813453674, 1.08083927631, 9.74495410919, 2.86365056038, 5.94366312027, -0.889259755611, -1.66038763523, 0.76185053587], "icov": [[0.000197173154447, 0.000113948248327, -1.68255828612e-05, 3.01007585222e-05, 1.54864701472e-05, -0.000141016251291, 2.82212167804e-05, -0.000123094461742, -2.24061004701e-05, -9.96688049781e-06, 0.000134877176606, -8.66078480612e-05, 4.69050428364e-05], [0.000113948248327, 0.00101154320873, 0.000330662471242, -0.000578009407036, 5.6056149333e-05, 3.81220197596e-05, -0.000179493785254, -0.000196713546757, 0.000482757110149, -0.000407474697568, 0.000468745507533, -0.000118247669889, 0.000199443180463], [-1.68255828612e-05, 0.000330662471242, 0.00191934278701, -0.000764583412092, -0.000816874729935, -0.000794485153165, -3.48886751453e-05, 0.000387202337151, 0.000110585417133, 0.000288262643153, 0.000594419485424, -0.000648991728667, 0.000288073468255], [3.01007585222e-05, -0.000578009407036, -0.000764583412092, 0.00428681075573, -0.00188345857896, -0.00105608499143, 0.000937500444707, -0.00018539710436, -0.000789235113189, 0.000388257089071, -0.000489249476232, 2.01042748813e-05, -0.000128313229652], [1.54864701472e-05, 5.6056149333e-05, -0.000816874729935, -0.00188345857896, 0.0054426509887, 0.000233023500186, -0.000109340282506, -0.00103527808096, -0.00149976834655, -0.00045384519035, 0.000858401705045, -0.00033048944897, 0.000171566731296], [-0.000141016251291, 3.81220197596e-05, -0.000794485153165, -0.00105608499143, 0.000233023500186, 0.00712560070679, -0.0021333838813, -0.00130953022745, 0.000213502455154, 0.000310801202431, -0.00293741561472, 0.00243426882662, -0.000686060404405], [2.82212167804e-05, -0.000179493785254, -3.48886751453e-05, 0.000937500444707, -0.000109340282506, -0.0021333838813, 0.00671235332265, -0.00215190672316, 0.000960349629167, -0.00187521299813, 0.00112647027709, -0.00131557066925, 0.00115255138371], [-0.000123094461742, -0.000196713546757, 0.000387202337151, -0.00018539710436, -0.00103527808096, -0.00130953022745, -0.00215190672316, 0.00996586494148, -0.00200653309003, 5.60756343475e-05, -0.00191860506311, 0.00134194246493, -0.00214329315349], [-2.24061004701e-05, 0.000482757110149, 0.000110585417133, -0.000789235113189, -0.00149976834655, 0.000213502455154, 0.000960349629167, -0.00200653309003, 0.0103605678305, -0.00341524160467, 0.000387209147448, -0.00288754701614, 0.00100012565963], [-9.96688049781e-06, -0.000407474697568, 0.000288262643153, 0.000388257089071, -0.00045384519035, 0.000310801202431, -0.00187521299813, 5.60756343475e-05, -0.00341524160467, 0.011962659657, -0.003360865172, 0.00209594704211, -0.0026632649824], [0.000134877176606, 0.000468745507533, 0.000594419485424, -0.000489249476232, 0.000858401705045, -0.00293741561472, 0.00112647027709, -0.00191860506311, 0.000387209147448, -0.003360865172, 0.012798814103, -0.00661462498829, 0.00365544995293], [-8.66078480612e-05, -0.000118247669889, -0.000648991728667, 2.01042748813e-05, -0.00033048944897, 0.00243426882662, -0.00131557066925, 0.00134194246493, -0.00288754701614, 0.00209594704211, -0.00661462498829, 0.016105517745, -0.00695486180484], [4.69050428364e-05, 0.000199443180463, 0.000288073468255, -0.000128313229652, 0.000171566731296, -0.000686060404405, 0.00115255138371, -0.00214329315349, 0.00100012565963, -0.0026632649824, 0.00365544995293, -0.00695486180484, 0.0166031587869]], "cov": [[5707.44287109, -758.317443848, 237.051071167, -31.4606494904, 45.1433296204, 156.75819397, 32.6323738098, 90.7989273071, 64.8637008667, -5.68256378174, 6.52832794189, 25.840631485, 8.66432666779], [-758.317443848, 1258.1932373, -187.070053101, 115.745796204, -0.19385433197, -15.9491062164, 36.4262275696, 17.6207904816, -44.5471687317, 30.6392421722, -31.5826339722, -26.2204666138, -6.17416763306], [237.051071167, -187.070053101, 810.86907959, 260.038391113, 227.906082153, 121.41733551, 3.69404196739, 21.072183609, 57.5769996643, -16.452457428, 1.53836154938, 30.6698265076, 1.04508924484], [-31.4606494904, 115.745796204, 260.038391113, 430.696502686, 209.805526733, 89.9333114624, -16.5417613983, 47.9129562378, 72.0777587891, 12.1352081299, 25.4359340668, 20.8644733429, 7.14128160477], [45.1433296204, -0.19385433197, 227.906082153, 209.805526733, 323.129699707, 51.5677337646, 7.06061840057, 54.2418823242, 82.0173110962, 23.0962238312, 7.32123994827, 22.9054031372, 9.59289646149], [156.75819397, -15.9491062164, 121.41733551, 89.9333114624, 51.5677337646, 222.878631592, 72.6669158936, 62.6180839539, 18.4225482941, 21.0011940002, 49.6227378845, -5.92744731903, -1.09635591507], [32.6323738098, 36.4262275696, 3.69404196739, -16.5417613983, 7.06061840057, 72.6669158936, 201.450592041, 56.8213920593, 0.930036127567, 35.3038978577, 15.6121511459, 3.05021166801, -0.993736028671], [90.7989273071, 17.6207904816, 21.072183609, 47.9129562378, 54.2418823242, 62.6180839539, 56.8213920593, 144.893203735, 42.2422790527, 30.6149024963, 34.1929092407, 9.86035442352, 15.2917842865], [64.8637008667, -44.5471687317, 57.5769996643, 72.0777587891, 82.0173110962, 18.4225482941, 0.930036127567, 42.2422790527, 144.798675537, 43.0035629272, 27.3225631714, 34.3762893677, 11.7722558975], [-5.68256378174, 30.6392421722, -16.452457428, 12.1352081299, 23.0962238312, 21.0011940002, 35.3038978577, 30.6149024963, 43.0035629272, 113.807556152, 34.8420600891, 10.6724433899, 14.6223840714], [6.52832794189, -31.5826339722, 1.53836154938, 25.4359340668, 7.32123994827, 49.6227378845, 15.6121511459, 34.1929092407, 27.3225631714, 34.8420600891, 125.137001038, 42.7219429016, 0.123704470694], [25.840631485, -26.2204666138, 30.6698265076, 20.8644733429, 22.9054031372, -5.92744731903, 3.05021166801, 9.86035442352, 34.3762893677, 10.6724433899, 42.7219429016, 100.522018433, 32.7933349609], [8.66432666779, -6.17416763306, 1.04508924484, 7.14128160477, 9.59289646149, -1.09635591507, -0.993736028671, 15.2917842865, 11.7722558975, 14.6223840714, 0.123704470694, 32.7933349609, 77.5607147217]]}, "spectral_contrast_valleys": {"min": [-27.0588779449, -27.1879329681, -27.4955501556, -27.1807003021, -27.3533363342, -27.2732009888], "max": [-5.59035015106, -4.98373031616, -4.81762647629, -5.41144657135, -5.30726623535, -7.24780368805], "dvar2": [0.401523858309, 0.453740596771, 0.398303091526, 0.340147227049, 0.380051225424, 0.726082086563], "median": [-7.03306388855, -7.04419279099, -7.43795013428, -7.72412872314, -7.55661058426, -9.90159034729], "dmean2": [0.658052682877, 0.734149336815, 0.64623773098, 0.61011081934, 0.62292277813, 0.865608751774], "dmean": [0.443103283644, 0.470244675875, 0.435672998428, 0.422517776489, 0.446279972792, 0.637969136238], "var": [1.428352952, 0.819987416267, 0.810119569302, 0.699619591236, 0.728472709656, 1.20202791691], "dvar": [0.228386327624, 0.198267504573, 0.184018418193, 0.167167812586, 0.194344639778, 0.38215893507], "mean": [-7.41113805771, -7.1115026474, -7.45891475677, -7.74681854248, -7.57514619827, -9.90725135803]}, "barkbands_flatness_db": {"min": 0.0237043201923, "max": 0.324334561825, "dvar2": 0.00111608137377, "median": 0.107381246984, "dmean2": 0.0350743085146, "dmean": 0.0247099343687, "var": 0.00220911717042, "dvar": 0.00058693572646, "mean": 0.113559246063}, "dynamic_complexity": 2.81166505814, "spectral_skewness": {"min": -0.410995662212, "max": 4.45678329468, "dvar2": 0.138764441013, "median": 1.36193585396, "dmean2": 0.396187156439, "dmean": 0.254671305418, "var": 0.15911616385, "dvar": 0.0613527260721, "mean": 1.37613475323}, "erbbands_flatness_db": {"min": 0.0468364953995, "max": 0.371603220701, "dvar2": 0.000856461760122, "median": 0.14332228899, "dmean2": 0.0322281494737, "dmean": 0.0225339848548, "var": 0.00180884462316, "dvar": 0.000435939029558, "mean": 0.14919680357}, "hfc": {"min": 1.18427779171e-16, "max": 329.51