{"lowlevel": {"spectral_complexity": {"min": 0, "max": 60, "dvar2": 47.8403930664, "median": 31, "dmean2": 7.61592006683, "dmean": 4.96216440201, "var": 143.830108643, "dvar": 21.5302753448, "mean": 29.6932277679}, "silence_rate_20dB": {"min": 1, "max": 1, "dvar2": 0, "median": 1, "dmean2": 0, "dmean": 0, "var": 0, "dvar": 0, "mean": 1}, "average_loudness": 0.925206720829, "erbbands_spread": {"min": 3.47787594795, "max": 136.117599487, "dvar2": 125.699905396, "median": 43.1797943115, "dmean2": 12.0393800735, "dmean": 7.69757080078, "var": 277.179443359, "dvar": 53.3375854492, "mean": 43.4846420288}, "spectral_kurtosis": {"min": -1.25011050701, "max": 129.487472534, "dvar2": 42.6665077209, "median": 2.49089384079, "dmean2": 1.96199738979, "dmean": 1.16531014442, "var": 59.7557945251, "dvar": 15.3612384796, "mean": 3.59961676598}, "barkbands_kurtosis": {"min": -1.93287146091, "max": 40.8028335571, "dvar2": 10.7341861725, "median": 0.420865058899, "dmean2": 2.32487750053, "dmean": 1.43545031548, "var": 10.4503536224, "dvar": 4.2622051239, "mean": 1.38311564922}, "spectral_strongpeak": {"min": 0, "max": 14.418299675, "dvar2": 2.33720397949, "median": 0.360878378153, "dmean2": 1.03239798546, "dmean": 0.611511826515, "var": 1.96295511723, "dvar": 0.930393755436, "mean": 1.00887465477}, "spectral_spread": {"min": 653232.375, "max": 41870224, "dvar2": 679546912768, "median": 4943692, "dmean2": 679293.625, "dmean": 449395.625, "var": 1618659901440.0, "dvar": 388134797312, "mean": 5046234}, "spectral_rms": {"min": 3.25102271492e-12, "max": 0.00881030876189, "dvar2": 8.82868164354e-07, "median": 0.00537858670577, "dmean2": 0.00107288267463, "dmean": 0.000659424054902, "var": 1.97355097953e-06, "dvar": 3.482749662e-07, "mean": 0.00526555208489}, "erbbands": {"min": [5.18461045876e-22, 3.16623836827e-21, 4.76763543686e-20, 1.8610365663e-19, 2.38336118582e-19, 1.2295914436e-19, 1.03748062042e-19, 2.13769474774e-19, 4.85052972636e-19, 3.20299170733e-19, 2.26472487441e-19, 8.85233905701e-19, 3.88638030868e-18, 2.63219624262e-18, 3.05511156274e-18, 8.31735978904e-18, 5.81856461817e-18, 1.12489284118e-17, 5.47858883692e-18, 1.39361007323e-17, 9.59486249015e-18, 5.8455364964e-18, 6.83460255869e-18, 8.02588532942e-18, 1.86233659954e-17, 2.06625283328e-17, 1.17486216024e-17, 1.21805240331e-17, 2.01666550622e-17, 1.53638409393e-17, 1.83501929068e-17, 1.89936103832e-17, 1.81314201784e-17, 1.19992912424e-17, 1.04103864735e-17, 7.29405548044e-18, 3.34189859663e-18, 1.34637231135e-18, 2.87209929978e-19, 3.63853939372e-20], "max": [1.86917078495, 14.8227157593, 50.385723114, 39.7331085205, 80.7640457153, 122.126991272, 291.071166992, 243.711288452, 450.755584717, 619.963500977, 1081.54187012, 1403.49377441, 1748.95629883, 1597.07800293, 1885.09838867, 1228.95739746, 1077.69311523, 972.345825195, 1758.71765137, 1414.0546875, 1275.49621582, 490.51953125, 409.915893555, 274.199310303, 181.436889648, 231.76184082, 222.229476929, 273.225189209, 381.683868408, 373.514526367, 280.389160156, 151.556381226, 77.7629013062, 38.1981964111, 22.0851783752, 9.82254600525, 3.87414860725, 0.578830122948, 0.100857205689, 0.00260010291822], "dvar2": [0.0648143440485, 3.93119978905, 20.7818126678, 20.6995887756, 80.1440963745, 165.763336182, 165.205291748, 436.784820557, 1497.56152344, 3465.92138672, 7459.32275391, 9695.94238281, 14211.8740234, 8692.80566406, 6461.29003906, 6055.04199219, 4377.70068359, 4548.99462891, 4267.6484375, 4167.390625, 3664.40673828, 1588.40539551, 701.711181641, 579.25012207, 372.408782959, 381.180419922, 851.029602051, 1051.74584961, 1352.73144531, 698.70513916, 365.711425781, 127.141998291, 25.0207653046, 6.06288194656, 1.99555146694, 0.307708889246, 0.0341370105743, 0.00173917890061, 4.01096367568e-05, 3.26273230655e-08], "median": [0.0971054136753, 0.947118759155, 1.97111940384, 2.37534403801, 4.31950187683, 7.05088710785, 7.36321973801, 7.86135482788, 9.43865776062, 12.4151592255, 14.6869907379, 18.792886734, 15.4688005447, 16.2740192413, 19.2499084473, 18.9967784882, 17.1881713867, 14.2217435837, 17.146528244, 17.8482627869, 29.9381523132, 26.8105792999, 15.1033096313, 19.3147678375, 18.5679512024, 19.4260997772, 16.8998222351, 18.1359462738, 14.2176761627, 7.9475402832, 6.25443220139, 4.63627099991, 1.95642387867, 0.800799429417, 0.431831806898, 0.219852000475, 0.0758404806256, 0.0142273847014, 0.00171474937815, 8.85398403625e-05], "dmean2": [0.204962164164, 1.69189596176, 3.44012188911, 3.45680308342, 6.61602783203, 10.329659462, 9.89348506927, 13.5213136673, 21.5784873962, 29.6066589355, 37.1934661865, 42.8225250244, 44.0078125, 37.3927764893, 33.6055641174, 35.7298431396, 31.3460330963, 31.0936431885, 28.9535827637, 26.830821991, 34.7696228027, 27.8808822632, 16.9863071442, 18.5300598145, 15.3237304688, 15.4820833206, 19.5055370331, 21.7285060883, 21.6894321442, 13.539223671, 9.3917760849, 5.36330938339, 2.26580190659, 1.06180393696, 0.637766182423, 0.280841886997, 0.0907613858581, 0.0211742483079, 0.00293735903688, 8.78616701812e-05], "dmean": [0.122758641839, 0.965955674648, 1.9957447052, 2.04551792145, 3.99529504776, 6.21289539337, 5.9029045105, 8.12675952911, 13.1142654419, 18.5589828491, 23.2055988312, 27.2535991669, 28.1887779236, 23.9794960022, 21.6633071899, 23.0800094604, 20.2023162842, 19.8366718292, 18.1786117554, 17.0455417633, 21.3516654968, 17.1494827271, 10.6508722305, 11.3646335602, 9.26890468597, 9.34497261047, 11.607837677, 13.0476484299, 12.8065948486, 8.34169101715, 5.87105369568, 3.32125473022, 1.40352749825, 0.676668286324, 0.411968410015, 0.182144805789, 0.0593268312514, 0.0138464076445, 0.00193650182337, 5.79064253543e-05], "var": [0.0343528054655, 1.78015828133, 9.70949840546, 12.203748703, 58.4853363037, 143.058029175, 144.615570068, 294.895843506, 1207.74914551, 3068.76806641, 5634.09619141, 9773.86132812, 13810.7539062, 9488.71289062, 10396.6025391, 8475.97070312, 4689.20263672, 4686.85888672, 2965.1730957, 6294.32128906, 4509.16308594, 1675.77636719, 780.549804688, 574.971740723, 286.708343506, 313.135314941, 450.321411133, 576.588867188, 621.603210449, 534.37902832, 279.589813232, 81.1198272705, 17.9382209778, 5.07066869736, 1.72082829475, 0.26211810112, 0.0267333239317, 0.00117921899073, 2.48628803092e-05, 2.12786428477e-08], "dvar": [0.0255408789963, 1.3705265522, 7.23545074463, 7.4142832756, 31.2481079102, 64.4961013794, 64.822593689, 166.344772339, 579.955871582, 1406.35852051, 2974.82788086, 4137.63916016, 6259.14648438, 3407.79052734, 2846.90234375, 2727.88037109, 1913.25720215, 2014.37841797, 1711.00708008, 1802.92370605, 1589.86547852, 652.770996094, 289.75012207, 228.75189209, 144.301086426, 151.091598511, 325.911621094, 408.751312256, 514.459533691, 301.58996582, 159.643249512, 51.6189422607, 10.0136232376, 2.75175476074, 0.959952294827, 0.141914516687, 0.0156956352293, 0.000765860604588, 1.77950532816e-05, 1.43810847675e-08], "mean": [0.162910535932, 1.35395932198, 2.85560154915, 3.42256212234, 6.81615877151, 10.8762588501, 10.7851924896, 13.4070110321, 21.2045135498, 31.5012168884, 38.4843711853, 48.8442611694, 50.2785835266, 46.7948646545, 44.3302078247, 44.2505531311, 38.1017303467, 35.7229385376, 33.8011741638, 35.2022666931, 45.0175590515, 37.998374939, 23.4692440033, 25.3755474091, 21.0834579468, 21.7171592712, 21.5159740448, 23.7573280334, 20.7879619598, 14.1379156113, 10.6031761169, 6.80311632156, 2.93261218071, 1.3150074482, 0.763448476791, 0.352184027433, 0.115273140371, 0.0240948516876, 0.00319447787479, 0.000125692342408]}, "zerocrossingrate": {"min": 0.00927734375, "max": 0.49462890625, "dvar2": 0.000181948809768, "median": 0.0791015625, "dmean2": 0.0134845748544, "dmean": 0.0107647301629, "var": 0.000946434796788, "dvar": 0.000144781879499, "mean": 0.0809134170413}, "spectral_contrast_coeffs": {"min": [-0.955327689648, -0.965685963631, -0.960232555866, -0.961461246014, -0.966186463833, -0.961258172989], "max": [-0.394026845694, -0.43462729454, -0.523583650589, -0.556205630302, -0.6161211133, -0.546596050262], "dvar2": [0.00441007409245, 0.00406404864043, 0.00248049781658, 0.0014463661937, 0.000732677814085, 0.00106149329804], "median": [-0.684232890606, -0.73790037632, -0.780535459518, -0.798104405403, -0.802645981312, -0.720600605011], "dmean2": [0.0857238471508, 0.0797944739461, 0.0636725351214, 0.0486179739237, 0.0337750278413, 0.0354943163693], "dmean": [0.0513060502708, 0.0480698794127, 0.0388352870941, 0.0295705422759, 0.0204111523926, 0.0226214304566], "var": [0.00452685775235, 0.00455459626392, 0.00423811841756, 0.00225544488057, 0.00110351131298, 0.00166198785882], "dvar": [0.00161299214233, 0.00146477587987, 0.00097364775138, 0.000562876288313, 0.000280329084489, 0.000435772410128], "mean": [-0.67852461338, -0.732210934162, -0.769388020039, -0.792075335979, -0.79881966114, -0.721221745014]}, "dissonance": {"min": 0.200987413526, "max": 0.500000059605, "dvar2": 0.000648959830869, "median": 0.480005502701, "dmean2": 0.0241696760058, "dmean": 0.0144399311393, "var": 0.000657012744341, "dvar": 0.000240558438236, "mean": 0.472742110491}, "spectral_energyband_high": {"min": 7.85911004673e-21, "max": 0.0204691756517, "dvar2": 5.67854112887e-06, "median": 0.00171876826789, "dmean2": 0.00152768881526, "dmean": 0.000944437459111, "var": 4.40628764409e-06, "dvar": 2.35745301325e-06, "mean": 0.00217920495197}, "gfcc": {"mean": [46.9599304199, 68.4253311157, -110.910224915, 34.845867157, -58.1152915955, 13.759598732, -28.7451515198, 7.95704603195, -17.6461353302, 3.69154524803, -18.4019298553, 5.20981168747, -12.0249471664], "icov": [[0.000259939668467, 0.000277933839243, 0.000398655596655, -0.000345901498804, 0.000165971578099, -0.000375517207431, 0.000294764118735, -0.000347046880051, 0.000226728603593, -0.000108874468424, 0.000268801988568, -0.000341924984241, 0.000197025990929], [0.000277933839243, 0.00281883659773, 0.000845360569656, -0.000472640589578, -0.000748453370761, 0.00190624955576, -0.000804667826742, -0.000245193805313, -0.00103628379293, 0.00256165652536, -0.0027191946283, 0.00130393041763, -0.000214851010242], [0.000398655596655, 0.000845360569656, 0.0028711752966, -0.00118611671496, 0.000555737526156, -0.000517777632922, 0.00121681101155, -0.000756074441597, -0.000273782177828, 0.000199298054213, 0.0005242084153, -0.00158261996694, 0.00155697437003], [-0.000345901498804, -0.000472640589578, -0.00118611671496, 0.00407679565251, -0.000648355460726, -0.00185014330782, 0.000161716481671, 0.00126030051615, -0.000324011401972, -0.00151258707047, 0.00052602001233, 0.000607030407991, -0.00163505843375], [0.000165971578099, -0.000748453370761, 0.000555737526156, -0.000648355460726, 0.00766956107691, -0.00219413638115, 0.000774433952756, 0.00129942491185, -0.000744818767998, -0.0026092780754, 0.00225759041496, -9.43164195633e-05, -0.00138452916872], [-0.000375517207431, 0.00190624955576, -0.000517777632922, -0.00185014330782, -0.00219413638115, 0.0114464433864, -0.00342660117894, -0.00359435332939, 0.00254083308391, 0.000939494755585, -0.00168710853904, 0.000576773018111, 0.00254688807763], [0.000294764118735, -0.000804667826742, 0.00121681101155, 0.000161716481671, 0.000774433952756, -0.00342660117894, 0.00870444625616, -0.00301989819854, 0.00142867013346, 0.000247616117122, -0.000459938804852, -0.00104021898005, 0.000456656503957], [-0.000347046880051, -0.000245193805313, -0.000756074441597, 0.00126030051615, 0.00129942491185, -0.00359435332939, -0.00301989819854, 0.0138266626745, -0.00587889458984, 0.000933457980864, 0.000323382380884, 0.000291767908493, 0.000239116779994], [0.000226728603593, -0.00103628379293, -0.000273782177828, -0.000324011401972, -0.000744818767998, 0.00254083308391, 0.00142867013346, -0.00587889458984, 0.0161107946187, -0.00667391624302, 0.0017264081398, -0.000782196759246, 0.00140926113818], [-0.000108874468424, 0.00256165652536, 0.000199298054213, -0.00151258707047, -0.0026092780754, 0.000939494755585, 0.000247616117122, 0.000933457980864, -0.00667391624302, 0.0188682377338, -0.00912098959088, 0.00298366579227, -0.000125049919006], [0.000268801988568, -0.0027191946283, 0.0005242084153, 0.00052602001233, 0.00225759041496, -0.00168710853904, -0.000459938804852, 0.000323382380884, 0.0017264081398, -0.00912098959088, 0.0229623634368, -0.00850314740092, 0.00045387580758], [-0.000341924984241, 0.00130393041763, -0.00158261996694, 0.000607030407991, -9.43164195633e-05, 0.000576773018111, -0.00104021898005, 0.000291767908493, -0.000782196759246, 0.00298366579227, -0.00850314740092, 0.0188734270632, -0.00330213853158], [0.000197025990929, -0.000214851010242, 0.00155697437003, -0.00163505843375, -0.00138452916872, 0.00254688807763, 0.000456656503957, 0.000239116779994, 0.00140926113818, -0.000125049919006, 0.00045387580758, -0.00330213853158, 0.0147965280339]], "cov": [[8819.45214844, -1619.93237305, -61.0013847351, 798.281066895, -43.4154624939, 773.829528809, -29.5589523315, 243.997253418, -156.384994507, 134.521057129, -153.820373535, 89.0482025146, -145.995758057], [-1619.93237305, 940.185241699, -295.743103027, -208.936843872, 31.6637859344, -262.177307129, 50.0276985168, -59.7740097046, 43.9155006409, -73.5101547241, 71.9025726318, -41.6679153442, 74.4582290649], [-61.0013847351, -295.743103027, 620.352783203, 154.207839966, -26.4687843323, 88.0284042358, -64.425239563, 30.9312667847, 17.8705883026, 27.0982704163, -20.6856517792, 36.0609283447, -60.6497993469], [798.281066895, -208.936843872, 154.207839966, 424.029602051, 51.3260498047, 131.773208618, -28.3876934052, 4.70874834061, -2.87644386292, 54.7924423218, -19.2550373077, 5.76353597641, 2.50114274025], [-43.4154624939, 31.6637859344, -26.4687843323, 51.3260498047, 164.258102417, 11.5847873688, -14.797999382, -18.6618652344, 12.7833099365, 26.3189487457, -6.14952993393, -9.69163131714, 20.6594676971], [773.829528809, -262.177307129, 88.0284042358, 131.773208618, 11.5847873688, 233.997009277, 56.4083747864, 67.797996521, -27.3005809784, 16.4511432648, -15.034819603, 11.8655967712, -44.9939079285], [-29.5589523315, 50.0276985168, -64.425239563, -28.3876934052, -14.797999382, 56.4083747864, 174.953872681, 49.0959014893, -12.5229921341, -17.1528148651, 12.8905410767, 4.71182489395, -10.8208265305], [243.997253418, -59.7740097046, 30.9312667847, 4.70874834061, -18.6618652344, 67.797996521, 49.0959014893, 119.697593689, 25.3822040558, 3.7531504631, -2.90882611275, 4.45331716537, -25.0197200775], [-156.384994507, 43.9155006409, 17.8705883026, -2.87644386292, 12.7833099365, -27.3005809784, -12.5229921341, 25.3822040558, 95.4596099854, 32.6256713867, 7.62873411179, -2.7991771698, -3.28142261505], [134.521057129, -73.5101547241, 27.0982704163, 54.7924423218, 26.3189487457, 16.4511432648, -17.1528148651, 3.7531504631, 32.6256713867, 92.0859680176, 21.222196579, 2.6674387455, -1.94041764736], [-153.820373535, 71.9025726318, -20.6856517792, -19.2550373077, -6.14952993393, -15.034819603, 12.8905410767, -2.90882611275, 7.62873411179, 21.222196579, 70.5509414673, 22.2980327606, 7.06776952744], [89.0482025146, -41.6679153442, 36.0609283447, 5.76353597641, -9.69163131714, 11.8655967712, 4.71182489395, 4.45331716537, -2.7991771698, 2.6674387455, 22.2980327606, 70.8819885254, 7.30882740021], [-145.995758057, 74.4582290649, -60.6497993469, 2.50114274025, 20.6594676971, -44.9939079285, -10.8208265305, -25.0197200775, -3.28142261505, -1.94041764736, 7.06776952744, 7.30882740021, 89.3934555054]]}, "spectral_flux": {"min": 1.04083505703e-10, "max": 0.249389499426, "dvar2": 0.000730998988729, "median": 0.0968534350395, "dmean2": 0.030908472836, "dmean": 0.0196871683002, "var": 0.00124279106967, "dvar": 0.000309484224999, "mean": 0.09784386307}, "silence_rate_30dB": {"min": 1, "max": 1, "dvar2": 0, "median": 1, "dmean2": 0, "dmean": 0, "var": 0, "dvar": 0, "mean": 1}, "spectral_energyband_middle_high": {"min": 1.80920535642e-21, "max": 0.0530636906624, "dvar2": 2.09301597351e-05, "median": 0.005936157424, "dmean2": 0.0034722276032, "dmean": 0.00229418789968, "var": 5.47744093637e-05, "dvar": 9.32062994252e-06, "mean": 0.00817716587335}, "barkbands_spread": {"min": 1.39647734165, "max": 99.1655731201, "dvar2": 118.060165405, "median": 31.8214511871, "dmean2": 11.1125812531, "dmean": 7.0291557312, "var": 214.430114746, "dvar": 52.5696678162, "mean": 32.7587280273}, "spectral_centroid": {"min": 296.069396973, "max": 10917.4482422, "dvar2": 199128.71875, "median": 1760.10571289, "dmean2": 444.32522583, "dmean": 283.907653809, "var": 359905.96875, "dvar": 92427.3515625, "mean": 1752.38659668}, "pitch_salience": {"min": 0.17615044117, "max": 0.899138212204, "dvar2": 0.0109251393005, "median": 0.598946869373, "dmean2": 0.121563471854, "dmean": 0.0726708397269, "var": 0.00943473167717, "dvar": 0.00394955137745, "mean": 0.592046499252}, "erbbands_skewness": {"min": -3.70432400703, "max": 4.78217411041, "dvar2": 0.203502163291, "median": 0.104039847851, "dmean2": 0.481659173965, "dmean": 0.3149279356, "var": 0.56269556284, "dvar": 0.0930037125945, "mean": 0.214194342494}, "erbbands_crest": {"min": 2.28913593292, "max": 28.7795810699, "dvar2": 13.2282953262, "median": 6.64933729172, "dmean2": 3.81207752228, "dmean": 2.33260035515, "var": 18.9546699524, "dvar": 5.22989463806, "mean": 7.90866661072}, "melbands": {"min": [4.64893993577e-24, 1.93278305517e-23, 3.26096954418e-23, 1.45014785594e-23, 3.48132797729e-24, 5.13852555178e-24, 7.69183243257e-24, 3.0733368085e-24, 1.77543342747e-24, 6.26582198484e-24, 2.02171229165e-23, 1.17498504693e-23, 7.98984830534e-24, 1.64388262793e-23, 2.27753404564e-23, 8.12625261105e-24, 2.35881417124e-23, 7.02842486597e-24, 1.68872842376e-23, 1.67563554154e-23, 1.06688223061e-23, 5.68473797015e-24, 5.18514289254e-24, 7.49809213855e-24, 5.48104146265e-24, 1.27680245622e-23, 1.43684829217e-23, 1.29826893917e-23, 6.30459765377e-24, 8.47000111708e-24, 5.95164984629e-24, 1.11662701043e-23, 1.03755916635e-23, 7.91577663293e-24, 1.02236357539e-23, 1.08102761104e-23, 1.19731556923e-23, 1.30104501958e-23, 1.14814855114e-23, 9.64023051604e-24], "max": [0.0143607147038, 0.0202736761421, 0.00732886791229, 0.00749300932512, 0.00798954814672, 0.00481812376529, 0.00686271488667, 0.00733850244433, 0.00904831662774, 0.0092855906114, 0.00862261559814, 0.0067437090911, 0.00500888098031, 0.00397353898734, 0.00274100736715, 0.00305209006183, 0.00222204136662, 0.00340785225853, 0.00155908765737, 0.00337464595214, 0.00122912984807, 0.000642231898382, 0.000430154497735, 0.000445319339633, 0.000234803592321, 0.000135331298225, 0.000208007651963, 0.000203198098461, 0.000158001290401, 0.000246622104896, 0.000178249567398, 0.000204313837457, 0.000203124960535, 0.000241416899371, 0.000204764684895, 0.000148727413034, 9.19657322811e-05, 7.89274272393e-05, 3.30385519192e-05, 3.74964802177e-05], "dvar2": [4.89077820021e-06, 4.89390913572e-06, 6.15043632024e-07, 5.56255145057e-07, 1.9940765128e-07, 1.98942586849e-07, 3.54284168225e-07, 3.83302136697e-07, 5.68542020574e-07, 3.6537042547e-07, 3.59552217333e-07, 1.64132416103e-07, 7.21856423525e-08, 4.15184935321e-08, 3.38037224878e-08, 3.10269143711e-08, 1.98068512702e-08, 1.5901441941e-08, 8.5019964402e-09, 1.408297301e-08, 5.32623456451e-09, 2.79027334571e-09, 1.2035873409e-09, 5.58565693698e-10, 4.78342865318e-10, 2.35164193674e-10, 2.59826382631e-10, 1.98585842215e-10, 3.78216152841e-10, 3.1803765177e-10, 4.80796624736e-10, 5.35287814074e-10, 2.89682944299e-10, 2.45818337907e-10, 1.54608478797e-10, 8.91285101279e-11, 4.60735616326e-11, 2.02006467109e-11, 4.54801040578e-12, 5.36821498712e-12], "median": [0.00108891434502, 0.00123953353614, 0.000504030263983, 0.000455328583485, 0.000287547532935, 0.000179269001819, 0.00014606777404, 0.000128087747726, 0.000121549899632, 0.00010896101594, 6.97237483109e-05, 5.99459090154e-05, 5.91198004258e-05, 4.91015816806e-05, 4.44969991804e-05, 3.05567555188e-05, 2.29165434575e-05, 2.50304910878e-05, 2.25357944146e-05, 2.44647089858e-05, 3.66538806702e-05, 3.01056497847e-05, 1.4976066268e-05, 1.09726452138e-05, 1.58034927153e-05, 1.34353776957e-05, 1.27893808894e-05, 1.22136962091e-05, 9.88904776023e-06, 1.02299864011e-05, 1.03733955257e-05, 8.52309585753e-06, 5.47443005416e-06, 3.77090100301e-06, 3.47058858097e-06, 3.134836561e-06, 2.58217824012e-06, 1.45662556861e-06, 7.67976246152e-07, 5.95026165229e-07], "dmean2": [0.00185294100083, 0.00186408741865, 0.000634819851257, 0.000597468868364, 0.000363218365237, 0.000298597209621, 0.000335539283697, 0.00031894815038, 0.00032720254967, 0.000264767761109, 0.000224830961088, 0.000161092306371, 0.00012092662655, 9.32225229917e-05, 8.81530868355e-05, 7.09883752279e-05, 6.33475501672e-05, 5.10643658345e-05, 4.12427762058e-05, 4.27157756349e-05, 4.56085981568e-05, 3.62841419701e-05, 2.13539096876e-05, 1.41361233545e-05, 1.68089281942e-05, 1.28895026137e-05, 1.24479120132e-05, 1.08410476969e-05, 1.29207955979e-05, 1.23448426166e-05, 1.42477229019e-05, 1.38472687468e-05, 9.66943480307e-06, 7.38243124943e-06, 6.07060155744e-06, 4.51572395832e-06, 3.23305448546e-06, 1.9038981236e-06, 1.10340772608e-06, 9.02667693481e-07], "dmean": [0.00109157105908, 0.00107273529284, 0.000377575546736, 0.000359760655556, 0.000216860586079, 0.000180115370313, 0.000205262665986, 0.000200952854357, 0.000204264128115, 0.000168737518834, 0.000143785655382, 0.0001026205573, 7.7331198554e-05, 6.07056790614e-05, 5.64050096727e-05, 4.50079787697e-05, 4.01241777581e-05, 3.19241080433e-05, 2.56468265434e-05, 2.71808257821e-05, 2.77029030258e-05, 2.20045931201e-05, 1.33315479616e-05, 8.82843596628e-06, 1.02150252133e-05, 7.72835392127e-06, 7.54241273171e-06, 6.48431660011e-06, 7.62526451581e-06, 7.4204504017e-06, 8.47080264066e-06, 8.13493352325e-06, 5.73869374421e-06, 4.58041631646e-06, 3.76610933017e-06, 2.77459162135e-06, 1.97731378648e-06, 1.16245723802e-06, 6.83988446326e-07, 5.74807756948e-07], "var": [2.52614177043e-06, 2.4033720365e-06, 4.15010504184e-07, 4.50947737818e-07, 1.85325362168e-07, 1.41751002047e-07, 2.85378604303e-07, 3.55108227268e-07, 4.61529566564e-07, 3.73801952946e-07, 3.53603013536e-07, 1.75141579462e-07, 1.1962559654e-07, 5.84794577208e-08, 4.08067286628e-08, 2.70669762159e-08, 1.92637905627e-08, 9.40641164959e-09, 9.09774477975e-09, 1.81065225036e-08, 5.41795408537e-09, 2.44442932562e-09, 1.23868471036e-09, 5.2929977068e-10, 4.40373987276e-10, 1.68635591602e-10, 1.93091126421e-10, 1.39882702643e-10, 1.81824125201e-10, 1.83020973377e-10, 2.32828020752e-10, 2.29680011121e-10, 1.68737440687e-10, 1.90001320233e-10, 1.13274965796e-10, 5.5738573479e-11, 2.7308580744e-11, 1.23304266103e-11, 3.91448679027e-12, 3.80613032411e-12], "dvar": [1.83047075097e-06, 1.69455142895e-06, 2.26089923672e-07, 2.14330825088e-07, 7.72972654772e-08, 7.57384697181e-08, 1.38064407906e-07, 1.57553003532e-07, 2.27919315421e-07, 1.59516062581e-07, 1.58604379408e-07, 6.38209769477e-08, 3.21516928636e-08, 1.948308892e-08, 1.50075081251e-08, 1.33690907234e-08, 8.67218918899e-09, 6.39272101921e-09, 3.46937523155e-09, 6.28185103935e-09, 2.15598805475e-09, 1.12640619054e-09, 5.05964825592e-10, 2.28942240166e-10, 1.86922574641e-10, 8.9149694571e-11, 1.00987863905e-10, 7.66833194166e-11, 1.41881034699e-10, 1.24815727198e-10, 1.82742959653e-10, 2.01820976597e-10, 1.15526789524e-10, 1.09022145478e-10, 6.6413416433e-11, 3.7236710243e-11, 1.82056123649e-11, 7.85946568244e-12, 1.93982547039e-12, 2.3778336071e-12], "mean": [0.00158859358635, 0.00166235351935, 0.000690850254614, 0.000657723459881, 0.000414059497416, 0.000301914202282, 0.000332105060806, 0.000340762344422, 0.000335888005793, 0.000295602570986, 0.00024845826556, 0.000190718696103, 0.000149821964442, 0.000113242829684, 0.000103680053144, 7.48015445424e-05, 6.60031146253e-05, 5.36189945706e-05, 4.70531012979e-05, 5.02349575981e-05, 5.4202908359e-05, 4.33736313425e-05, 2.61832046817e-05, 1.75807217602e-05, 2.12120121432e-05, 1.58248076332e-05, 1.53158052854e-05, 1.39136345751e-05, 1.29758900584e-05, 1.33760395329e-05, 1.41495092976e-05, 1.25953292809e-05, 9.03195086721e-06, 7.35226240067e-06, 6.32632736597e-06, 5.02371131006e-06, 3.88241414839e-06, 2.26881252274e-06, 1.25551741803e-06, 1.03553145436e-06]}, "spectral_entropy": {"min": 5.10822439194, "max": 9.81848526001, "dvar2": 0.0300374943763, "median": 8.01707649231, "dmean2": 0.16962608695, "dmean": 0.111426346004, "var": 0.156686618924, "dvar": 0.0143855549395, "mean": 7.93049526215}, "spectral_rolloff": {"min": 107.666015625, "max": 19099.9511719, "dvar2": 1999127.125, "median": 1744.18945312, "dmean2": 1178.13012695, "dmean": 705.855224609, "var": 2028053.125, "dvar": 908772.875, "mean": 1996.9263916}, "barkbands": {"min": [1.08232157958e-23, 1.24520755145e-23, 7.23187540664e-23, 5.29611613704e-23, 6.14807329291e-23, 2.3721943566e-23, 3.33776767765e-23, 7.75941177974e-24, 4.59181985868e-23, 1.29744495818e-22, 5.14335480047e-23, 1.9982833752e-22, 8.34038906154e-23, 2.22554726002e-22, 1.77281910299e-22, 2.09897383358e-22, 9.78588390032e-23, 1.48313057215e-22, 2.69658279607e-22, 3.80448479978e-22, 3.00104246337e-22, 5.36109568266e-22, 5.77596634174e-22, 1.04549035812e-21, 1.22834220701e-21, 1.91515596456e-21, 2.25047955603e-21], "max": [0.00650110049173, 0.0573315545917, 0.0489551946521, 0.0212265737355, 0.0269025601447, 0.0203860420734, 0.0360918790102, 0.039657689631, 0.0470400489867, 0.0438441745937, 0.0335317142308, 0.0290673207492, 0.023677110672, 0.017776671797, 0.0185794923455, 0.0338700823486, 0.00855071283877, 0.00698145758361, 0.00378046161495, 0.00418759835884, 0.00724383164197, 0.00923999026418, 0.00990306586027, 0.0059787905775, 0.00305569707416, 0.00202482123859, 0.000515497580636], "dvar2": [7.39673282624e-07, 6.63285973133e-05, 1.63803215401e-05, 3.16425439451e-06, 9.44056773733e-06, 4.29673491453e-06, 1.02191506812e-05, 1.19003143482e-05, 1.84717591765e-05, 1.39269468491e-05, 4.44781653641e-06, 3.03717683892e-06, 2.78712764157e-06, 1.68384440258e-06, 1.46450338434e-06, 1.91492790691e-06, 6.95463370448e-07, 2.57521890035e-07, 1.59098405561e-07, 1.69569929653e-07, 5.52072378923e-07, 8.5699406327e-07, 4.69560688998e-07, 1.57786942623e-07, 3.84024474442e-08, 9.98191396206e-09, 9.94487159289e-10], "median": [0.000174212516868, 0.00429729744792, 0.00149225420319, 0.000735881621949, 0.00213656108826, 0.000966193736531, 0.000703909317963, 0.000566564325709, 0.000765554839745, 0.000447551516118, 0.000408131949371, 0.000404443941079, 0.000320698018186, 0.000243477130425, 0.000321801286191, 0.000430678453995, 0.000497130968142, 0.000261741428403, 0.00038998897071, 0.000404764839914, 0.000444198056357, 0.000374769588234, 0.000217567940126, 0.000165896461112, 6.58488133922e-05, 4.51222913398e-05, 8.55999496707e-06], "dmean2": [0.000589478586335, 0.00700281886384, 0.0029052561149, 0.00129497563466, 0.00259176804684, 0.00147254695185, 0.00177096971311, 0.00162339117378, 0.00190225185361, 0.00152129877824, 0.000922031118535, 0.000837993342429, 0.000740349292755, 0.000622408115305, 0.000568603340071, 0.000638654339127, 0.000584616267588, 0.000331893155817, 0.000341013103025, 0.000326413748553, 0.000507220393047, 0.00056320882868, 0.000337401375873, 0.000182678559213, 8.60886793816e-05, 5.2037590649e-05, 1.52006332428e-05], "dmean": [0.000348905829014, 0.00406294502318, 0.00170501449611, 0.000762940791901, 0.00156951684039, 0.000885585497599, 0.00108224980067, 0.00101565010846, 0.0012016010005, 0.000949020381086, 0.000587392831221, 0.000538617605343, 0.000466337951366, 0.000397149444325, 0.0003569550463, 0.00039473475772, 0.000358400808182, 0.000205974371056, 0.000205533156986, 0.000198359892238, 0.00030612401315, 0.000333679781761, 0.000212716957321, 0.000112799927592, 5.58302890568e-05, 3.40791302733e-05, 9.98210816761e-06], "var": [3.04325141087e-07, 3.32748313667e-05, 8.16814826976e-06, 1.93927007786e-06, 8.51544882607e-06, 3.24046004607e-06, 7.91002275946e-06, 9.21712489799e-06, 1.84913224075e-05, 1.40214206112e-05, 6.31775446891e-06, 4.61015406472e-06, 2.51343726632e-06, 1.73961564087e-06, 1.41758619066e-06, 2.39448536377e-06, 6.61137619318e-07, 2.57140271742e-07, 1.37020521151e-07, 1.43044061929e-07, 3.14640203669e-07, 4.5668039661e-07, 3.95901139427e-07, 1.01316288692e-07, 3.42971517853e-08, 8.71785132972e-09, 6.32268404299e-10], "dvar": [2.84032125819e-07, 2.40811641561e-05, 5.86064743402e-06, 1.16899957447e-06, 3.63858475794e-06, 1.64601215147e-06, 4.04743423132e-06, 4.81740698888e-06, 7.86997588875e-06, 5.80965615882e-06, 1.94494259631e-06, 1.42759631672e-06, 1.19836045087e-06, 7.39142649309e-07, 5.97117093548e-07, 8.55302687341e-07, 2.83701410808e-07, 1.05679028195e-07, 6.07752639326e-08, 6.69633024586e-08, 2.15452445218e-07, 3.3485494555e-07, 2.11892796642e-07, 6.26787155511e-08, 1.82932229364e-08, 4.64589833271e-09, 4.40796621426e-10], "mean": [0.000378725701012, 0.00598827796057, 0.00233207596466, 0.00115862872917, 0.00302021671087, 0.00153050792869, 0.00171476602554, 0.00158842955716, 0.00209092511795, 0.00170133670326, 0.00107981171459, 0.00100307329558, 0.000784471922088, 0.00066727102967, 0.000648905232083, 0.000759851012845, 0.000721553980839, 0.000412464694818, 0.000458934140624, 0.000456387933809, 0.000571193639189, 0.000556818209589, 0.000382826488931, 0.000239700326347, 0.000110329157906, 6.82622630848e-05, 1.63302902365e-05]}, "melbands_flatness_db": {"min": 0.0115394210443, "max": 0.499214053154, "dvar2": 0.00117957615294, "median": 0.141461506486, "dmean2": 0.0389554984868, "dmean": 0.0241640042514, "var": 0.00339353876188, "dvar": 0.000470338360174, "mean": 0.153073951602}, "melbands_skewness": {"min": -1.55995750427, "max": 10.5057573318, "dvar2": 0.853533625603, "median": 2.12672138214, "dmean2": 0.955646276474, "dmean": 0.595000207424, "var": 1.41251647472, "dvar": 0.331519007683, "mean": 2.27746629715}, "barkbands_skewness": {"min": -2.49243187904, "max": 5.47250080109, "dvar2": 0.386408299208, "median": 1.0160548687, "dmean2": 0.654112279415, "dmean": 0.408081829548, "var": 0.585678815842, "dvar": 0.154928743839, "mean": 1.12315762043}, "silence_rate_60dB": {"min": 0, "max": 1, "dvar2": 0.00760575383902, "median": 0, "dmean2": 0.00627389457077, "dmean": 0.00313663994893, "var": 0.0292800869793, "dvar": 0.00312650413252, "mean": 0.0301872007549}, "spectral_energyband_low": {"min": 1.26804707836e-22, "max": 0.0688430964947, "dvar2": 9.25475396798e-05, "median": 0.00748947169632, "dmean2": 0.00878131017089, "dmean": 0.00511420611292, "var": 5.27928386873e-05, "dvar": 3.34414762619e-05, "mean": 0.00921338517219}, "spectral_energyband_middle_low": {"min": 2.50610507298e-22, "max": 0.058510132134, "dvar2": 4.72369683848e-05, "median": 0.0101618859917, "dmean2": 0.00631578266621, "dmean": 0.00391913158819, "var": 5.77072205488e-05, "dvar": 1.93318192032e-05, "mean": 0.0117152770981}, "melbands_kurtosis": {"min": -1.68109297752, "max": 141.442108154, "dvar2": 106.258247375, "median": 5.52539634705, "dmean2": 7.08735752106, "dmean": 4.32662820816, "var": 86.8736801147, "dvar": 40.3461341858, "mean": 8.38150024414}, "spectral_decrease": {"min": -1.9957116848e-08, "max": -4.58293055768e-29, "dvar2": 8.12117405444e-18, "median": -7.06061920042e-09, "dmean2": 3.05924774402e-09, "dmean": 1.85893322957e-09, "var": 1.07998470941e-17, "dvar": 3.13806991996e-18, "mean": -7.26808391249e-09}, "erbbands_kurtosis": {"min": -1.76066064835, "max": 38.5081291199, "dvar2": 2.58574986458, "median": -0.404314756393, "dmean2": 1.13101148605, "dmean": 0.712605297565, "var": 3.89779853821, "dvar": 1.15093195438, "mean": 0.148189648986}, "melbands_crest": {"min": 2.95089125633, "max": 29.3239116669, "dvar2": 21.8882541656, "median": 11.6083641052, "dmean2": 5.68150234222, "dmean": 3.38191199303, "var": 18.9889450073, "dvar": 8.08936023712, "mean": 12.3012580872}, "melbands_spread": {"min": 1.8455375433, "max": 175.815628052, "dvar2": 261.584777832, "median": 30.0031719208, "dmean2": 14.3308544159, "dmean": 8.85978031158, "var": 289.46697998, "dvar": 106.861610413, "mean": 32.2810707092}, "spectral_energy": {"min": 1.08333768797e-20, "max": 0.0795620754361, "dvar2": 0.000127232706291, "median": 0.0296524260193, "dmean2": 0.0121498527005, "dmean": 0.00742092262954, "var": 0.000187156794709, "dvar": 4.98631488881e-05, "mean": 0.0304420534521}, "mfcc": {"mean": [-594.931945801, 98.8323745728, 3.85565662384, 24.4953384399, -2.72596001625, 10.2440891266, -3.59432196617, 8.14393424988, 3.12700796127, 2.50826430321, -1.60388708115, 4.14357089996, -0.858813822269], "icov": [[0.000232299003983, 0.000178230402526, 0.000203613264603, -0.000145571350004, 0.000122625293443, -0.000434360903455, 0.000152480701217, -0.000292011303827, 7.11671918907e-06, -0.000182740637683, 0.000276367587503, -0.000340883125318, 0.000212646540604], [0.000178230402526, 0.00217823381536, 0.000821862777229, -0.000506584823597, 0.000169808132341, 0.0015129649546, 0.000133368113893, -0.000444637815235, 0.000267850846285, 0.000493504980113, -0.000305915891659, -0.00018094634288, 0.000608700909652], [0.000203613264603, 0.000821862777229, 0.00309673976153, -0.00112436129712, -0.000328435649863, 0.00027339879307, 0.000918878649827, -0.00164589111228, 0.00131961877923, -0.000279408908682, -0.000314681383315, -0.000339261430781, 0.00010538384231], [-0.000145571350004, -0.000506584823597, -0.00112436129712, 0.00585264293477, -0.00116446428001, -0.0030105446931, 0.000278732157312, 0.00134570605587, -0.00239431601949, 0.00110618467443, 0.00040700568934, -0.000698726857081, -0.00146159739234], [0.000122625293443, 0.000169808132341, -0.000328435649863, -0.00116446428001, 0.00732825649902, -0.00221117283218, 0.00209911493585, 0.00175666925497, -0.000977043993771, -0.000550271710381, -0.000376600626623, 0.000938445213251, -3.26978874909e-06], [-0.000434360903455, 0.0015129649546, 0.00027339879307, -0.0030105446931, -0.00221117283218, 0.0122648859397, -0.00457477895543, -0.00021108648798, 0.00168164249044, -0.000103547157778, -0.00244260253385, 0.00179688702337, -0.000290800177027], [0.000152480701217, 0.000133368113893, 0.000918878649827, 0.000278732157312, 0.00209911493585, -0.00457477895543, 0.010782264173, -0.0029976433143, -0.00141504546627, -0.000292973360047, 0.00336728896946, -0.00381825608201, 0.000927911663894], [-0.000292011303827, -0.000444637815235, -0.00164589111228, 0.00134570605587, 0.00175666925497, -0.00021108648798, -0.0029976433143, 0.0100545370951, -0.00283540971577, 0.00138729729224, -0.00275178416632, -0.000168047670741, 0.00159092515241], [7.11671918907e-06, 0.000267850846285, 0.00131961877923, -0.00239431601949, -0.000977043993771, 0.00168164249044, -0.00141504546627, -0.00283540971577, 0.0170382633805, -0.00708408653736, 0.00120061077178, 0.00241978978738, -0.00173832359724], [-0.000182740637683, 0.000493504980113, -0.000279408908682, 0.00110618467443, -0.000550271710381, -0.000103547157778, -0.000292973360047, 0.00138729729224, -0.00708408653736, 0.0161025598645, -0.00316288205795, -0.00202837586403, 0.00170543068089], [0.000276367587503, -0.000305915891659, -0.000314681383315, 0.00040700568934, -0.000376600626623, -0.00244260253385, 0.00336728896946, -0.00275178416632, 0.00120061077178, -0.00316288205795, 0.0146595956758, -0.00757535872981, 0.00318247522227], [-0.000340883125318, -0.00018094634288, -0.000339261430781, -0.000698726857081, 0.000938445213251, 0.00179688702337, -0.00381825608201, -0.000168047670741, 0.00241978978738, -0.00202837586403, -0.00757535872981, 0.021490290761, -0.00834337808192], [0.000212646540604, 0.000608700909652, 0.00010538384231, -0.00146159739234, -3.26978874909e-06, -0.000290800177027, 0.000927911663894, 0.00159092515241, -0.00173832359724, 0.00170543068089, 0.00318247522227, -0.00834337808192, 0.0179229453206]], "cov": [[6284.90673828, -692.387573242, -171.182296753, 256.930847168, -24.7308731079, 423.469451904, 218.121368408, 174.340744019, 96.3044815063, 112.388137817, -25.0871963501, 95.7029571533, -1.34298467636], [-692.387573242, 674.821228027, -140.189941406, -78.0800704956, -56.5626411438, -146.352142334, -43.8847236633, -5.35481071472, -19.5470428467, -36.1158561707, 1.80915606022, -13.4279203415, -24.9155521393], [-171.182296753, -140.189941406, 444.585632324, 74.8659667969, 42.9468421936, 23.8213577271, -32.9926528931, 37.2653045654, -21.2380847931, 1.23541903496, 34.9610519409, 13.6951332092, 7.06791639328], [256.930847168, -78.0800704956, 74.8659667969, 279.081512451, 81.9439239502, 96.6296157837, 6.93561553955, -30.2279911041, 28.7318725586, 3.11384129524, -4.7588801384, 11.859087944, 34.684841156], [-24.7308731079, -56.5626411438, 42.9468421936, 81.9439239502, 195.672866821, 44.8954849243, -43.2822685242, -52.7836380005, 10.2017583847, 9.58784389496, 2.63817930222, -13.48969841, 9.66365242004], [423.469451904, -146.352142334, 23.8213577271, 96.6296157837, 44.8954849243, 167.246124268, 58.6893920898, 12.7637958527, 10.9654397964, 12.8271617889, 10.1282529831, 10.7336578369, 9.27768611908], [218.121368408, -43.8847236633, -32.9926528931, 6.93561553955, -43.2822685242, 58.6893920898, 155.582839966, 54.665763855, 19.1633338928, 8.91914081573, -10.632938385, 23.3545341492, 1.46900212765], [174.340744019, -5.35481071472, 37.2653045654, -30.2279911041, -52.7836380005, 12.7637958527, 54.665763855, 154.338592529, 15.7067241669, 7.16769933701, 27.990032196, 16.5259284973, -17.3389453888], [96.3044815063, -19.5470428467, -21.2380847931, 28.7318725586, 10.2017583847, 10.9654397964, 19.1633338928, 15.7067241669, 83.4846343994, 33.9400749207, -4.28041553497, -1.80409479141, 4.57039928436], [112.388137817, -36.1158561707, 1.23541903496, 3.11384129524, 9.58784389496, 12.8271617889, 8.91914081573, 7.16769933701, 33.9400749207, 85.3059158325, 21.4282684326, 12.0733242035, -3.75827050209], [-25.0871963501, 1.80915606022, 34.9610519409, -4.7588801384, 2.63817930222, 10.1282529831, -10.632938385, 27.990032196, -4.28041553497, 21.4282684326, 102.826393127, 33.2808952332, -7.34637355804], [95.7029571533, -13.4279203415, 13.6951332092, 11.859087944, -13.48969841, 10.7336578369, 23.3545341492, 16.5259284973, -1.80409479141, 12.0733242035, 33.2808952332, 75.5354385376, 25.6322937012], [-1.34298467636, -24.9155521393, 7.06791639328, 34.684841156, 9.66365242004, 9.27768611908, 1.46900212765, -17.3389453888, 4.57039928436, -3.75827050209, -7.34637355804, 25.6322937012, 75.0963287354]]}, "spectral_contrast_valleys": {"min": [-27.2844085693, -27.0821781158, -27.3760452271, -27.2293281555, -26.9472293854, -27.2817401886], "max": [-5.44851589203, -4.59696102142, -5.20861101151, -5.61416530609, -5.68974876404, -7.62244606018], "dvar2": [0.264211922884, 0.225896820426, 0.146470934153, 0.142902746797, 0.127367600799, 0.229018598795], "median": [-6.67125225067, -6.35347652435, -6.71863222122, -7.01068878174, -6.66273403168, -9.2461605072], "dmean2": [0.644208788872, 0.557614982128, 0.46368548274, 0.411855012178, 0.346168875694, 0.384851157665], "dmean": [0.381587862968, 0.336461544037, 0.285881847143, 0.262408614159, 0.226962938905, 0.249896243215], "var": [0.952059984207, 0.620837926865, 0.840099573135, 0.990548431873, 1.30365359783, 1.55002677441], "dvar": [0.108210004866, 0.100090928376, 0.0719427838922, 0.0709232091904, 0.0674975812435, 0.101099394262], "mean": [-6.85459184647, -6.44933080673, -6.88476514816, -7.20753622055, -6.94492721558, -9.5462141037]}, "barkbands_flatness_db": {"min": 0.0173594430089, "max": 0.435495197773, "dvar2": 0.000649264839012, "median": 0.0759511739016, "dmean2": 0.0277853496373, "dmean": 0.0173451080918, "var": 0.00251185661182, "dvar": 0.000259744789219, "mean": 0.0877774432302}, "dynamic_complexity": 2.55065393448, "spectral_skewness": {"min": -0.106509998441, "max": 8.59625244141, "dvar2": 0.204764261842, "median": 1.17055463791, "dmean2": 0.289063632488, "dmean": 0.179541766644, "var": 0.368077814579, "dvar": 0.0758405998349, "mean": 1.26504206657}, "erbbands_flatness_db": {"min": 0.0412981435657, "max": 0.441985964775, "dvar2": 0.000365189858712, "median": 0.117903754115, "dmean2": 0.0207759179175, "dmean": 0.0135808680207, "var": 0.00226214434952, "dvar": 0.000162525117048, "mean": 0.126817375422}, "hfc": {"min": 1.1