{"lowlevel": {"spectral_complexity": {"min": 0, "max": 56, "dvar2": 45.2055435181, "median": 9, "dmean2": 4.49412345886, "dmean": 3.07663440704, "var": 79.6883544922, "dvar": 27.8093204498, "mean": 10.7625265121}, "silence_rate_20dB": {"min": 0, "max": 1, "dvar2": 0.000489599420689, "median": 1, "dmean2": 0.000326477311319, "dmean": 0.000163225326105, "var": 8.15987223177e-05, "dvar": 0.000163196193171, "mean": 0.999918401241}, "average_loudness": 0.779288589954, "erbbands_spread": {"min": 1.68620061874, "max": 199.79133606, "dvar2": 841.603027344, "median": 31.5489692688, "dmean2": 24.1452903748, "dmean": 16.3133487701, "var": 880.919433594, "dvar": 422.674133301, "mean": 39.7007904053}, "spectral_kurtosis": {"min": -1.37292075157, "max": 87.8202667236, "dvar2": 22.0395832062, "median": 4.50901889801, "dmean2": 3.52479147911, "dmean": 2.42973566055, "var": 28.7043132782, "dvar": 10.2954444885, "mean": 5.24458360672}, "barkbands_kurtosis": {"min": -1.936855793, "max": 819.598876953, "dvar2": 2411.23754883, "median": 3.60145401955, "dmean2": 17.4215812683, "dmean": 11.006436348, "var": 1261.93566895, "dvar": 985.577148438, "mean": 13.0021629333}, "spectral_strongpeak": {"min": 0, "max": 19.6745796204, "dvar2": 2.54473900795, "median": 0.619724392891, "dmean2": 0.946575343609, "dmean": 0.572023570538, "var": 1.63716721535, "dvar": 1.00303661823, "mean": 1.0591211319}, "spectral_spread": {"min": 787906.5, "max": 42815372, "dvar2": 5192481243140.0, "median": 4987523, "dmean2": 1955011.875, "dmean": 1474082.75, "var": 14323086786600.0, "dvar": 3276382142460.0, "mean": 6169333}, "spectral_rms": {"min": 3.09231524935e-12, "max": 0.018912224099, "dvar2": 8.65364381752e-06, "median": 0.00384287210181, "dmean2": 0.00201747380197, "dmean": 0.00136090791784, "var": 1.20632921607e-05, "dvar": 3.94776589019e-06, "mean": 0.00465665850788}, "erbbands": {"min": [1.99697449719e-22, 9.1396500565e-22, 1.14621120973e-21, 5.89587441102e-21, 1.75694729226e-20, 3.17583265363e-20, 2.6724951896e-20, 5.0517632531e-20, 1.2808246843e-19, 2.53538612566e-19, 2.68771298642e-19, 3.98082582646e-19, 3.21484003563e-19, 7.70996437397e-19, 1.08923670389e-18, 1.61020901234e-18, 1.29254663491e-18, 1.95702888599e-18, 2.62924796413e-18, 4.24828506156e-18, 3.61995784108e-18, 5.27272881146e-18, 5.77151210338e-18, 6.25250108597e-18, 6.01784111313e-18, 8.33238304333e-18, 1.00987999445e-17, 9.72984761278e-18, 1.03835088939e-17, 1.07034408481e-17, 1.23351282254e-17, 1.12195395118e-17, 1.1561294145e-17, 7.49087897129e-18, 6.61657801514e-18, 4.47463476438e-18, 2.18590148967e-18, 9.59751401761e-19, 2.48277873117e-19, 2.57208192558e-20], "max": [15.4519224167, 74.4106521606, 125.692268372, 314.745635986, 243.53074646, 255.181854248, 258.811706543, 722.321716309, 1078.32629395, 1415.33691406, 1417.32165527, 2489.22851562, 1729.51293945, 2664.3581543, 2835.31103516, 6245.25878906, 3683.18505859, 814.24822998, 575.092468262, 1189.53051758, 659.925170898, 1019.52630615, 419.793426514, 805.401367188, 1141.61022949, 540.681335449, 264.528442383, 276.910369873, 247.985733032, 150.383255005, 172.306655884, 223.267410278, 146.204666138, 93.6660232544, 49.0180130005, 20.1434803009, 5.60150909424, 0.761328160763, 0.0563383810222, 0.0010473781731], "dvar2": [4.64170598984, 169.533569336, 322.617279053, 1024.33410645, 424.6434021, 388.405639648, 226.757965088, 1696.23718262, 4944.46337891, 9786.95898438, 50529.640625, 8964.76855469, 8981.94238281, 6227.06445312, 6480.43164062, 21159.953125, 7941.98193359, 1363.24804688, 819.764526367, 1941.82714844, 1900.35290527, 1545.20275879, 2555.98510742, 681.214233398, 737.037109375, 1027.31201172, 329.728942871, 787.613220215, 430.800567627, 725.388977051, 2087.65600586, 438.156311035, 253.598236084, 65.5372009277, 27.1383876801, 10.4040594101, 0.732963740826, 0.0257529448718, 0.000110584471258, 4.42237322318e-08], "median": [0.000757706933655, 0.00616738386452, 0.035892162472, 0.241128206253, 0.532180786133, 0.550040602684, 0.95999789238, 3.90097999573, 6.51151180267, 5.12316608429, 3.49361658096, 5.05518054962, 6.5758523941, 8.14966201782, 4.42011928558, 4.46648645401, 3.32024550438, 3.19781017303, 2.83646345139, 2.28069710732, 1.7969455719, 2.0795378685, 1.90383481979, 2.24988937378, 2.45355987549, 1.69306707382, 0.877421617508, 0.71731877327, 0.635542809963, 0.554408848286, 0.61509346962, 0.419989138842, 0.311109274626, 0.255995422602, 0.162381082773, 0.0621675625443, 0.0188410505652, 0.00327628594823, 0.000135777605465, 3.73323782696e-05], "dmean2": [0.844267070293, 4.34229230881, 4.31928348541, 6.96006917953, 5.75276613235, 6.17611932755, 5.35972881317, 14.9323320389, 27.6241397858, 35.5474853516, 61.6045341492, 29.2229156494, 32.5387229919, 27.7394790649, 20.5911388397, 26.7777786255, 20.2450447083, 13.8679046631, 11.7355089188, 13.5584945679, 14.3053884506, 13.4203968048, 15.0446109772, 9.84973430634, 10.1511306763, 10.3823833466, 6.46088218689, 8.48411464691, 9.69949150085, 14.1817207336, 22.4888534546, 10.4391965866, 7.78254938126, 4.21392154694, 2.66380929947, 1.61548340321, 0.443856179714, 0.0880272984505, 0.00500460248441, 0.000123731268104], "dmean": [0.500928044319, 2.58714675903, 2.49860429764, 3.88921499252, 3.49587464333, 3.56338882446, 3.35841393471, 9.78462696075, 18.2877540588, 21.9210395813, 36.0807914734, 19.4177742004, 22.0245761871, 19.2798900604, 14.0827732086, 18.3032608032, 14.0382165909, 9.39755153656, 7.83728647232, 9.33133506775, 9.75986385345, 9.11471176147, 9.38601970673, 6.80225563049, 7.04751300812, 6.96858882904, 4.39813709259, 5.5506105423, 6.10961103439, 9.08043479919, 13.5464172363, 6.40300273895, 4.68207454681, 2.66397190094, 1.71262204647, 1.01355051994, 0.296649634838, 0.0587223060429, 0.00328539777547, 8.15525199869e-05], "var": [2.31885576248, 65.9213256836, 83.8717498779, 207.348266602, 122.061416626, 115.933052063, 185.878311157, 1386.08435059, 6280.17626953, 5213.50048828, 13453.7958984, 6629.328125, 8921.9921875, 10959.5576172, 7919.08935547, 15164.2666016, 8595.66796875, 1356.60803223, 1052.94042969, 3117.57275391, 1430.92199707, 1539.98791504, 1076.56567383, 756.066162109, 1068.49377441, 738.980957031, 229.551773071, 372.169647217, 272.345001221, 354.803894043, 682.709228516, 164.273742676, 83.5904006958, 28.5196857452, 11.563791275, 3.84868073463, 0.339207321405, 0.0140010686591, 4.85640593979e-05, 2.28635510524e-08], "dvar": [1.65074014664, 66.4547119141, 118.965103149, 354.757904053, 151.068466187, 136.984466553, 107.091346741, 746.273254395, 2225.33300781, 3924.87451172, 18180.4882812, 3988.37304688, 4238.65039062, 3425.35449219, 2987.49536133, 8785.68554688, 4046.63061523, 668.054016113, 406.760345459, 980.531677246, 874.024047852, 758.51776123, 1004.41094971, 346.9269104, 397.574890137, 461.942016602, 160.204772949, 361.794708252, 220.84173584, 332.558380127, 832.619506836, 181.338134766, 100.036178589, 28.0684070587, 11.3689775467, 4.23445367813, 0.314651191235, 0.0117739997804, 4.72883839393e-05, 1.9567172771e-08], "mean": [0.683721721172, 2.72040081024, 2.21459674835, 3.24856328964, 4.15147638321, 3.89361596107, 4.59913015366, 15.7428503036, 33.048828125, 28.3937225342, 34.6473083496, 27.7515678406, 36.1807785034, 36.2405548096, 26.0890674591, 29.4564189911, 21.8527336121, 14.1033210754, 13.3198823929, 15.6999053955, 13.8324222565, 12.9155921936, 11.3646287918, 10.6852340698, 12.5169343948, 10.456158638, 5.75036907196, 5.4318780899, 5.84103298187, 8.08139514923, 10.4316415787, 5.27511358261, 3.72407031059, 2.40205192566, 1.57526230812, 0.843804776669, 0.279269993305, 0.0591400079429, 0.00304695288651, 9.95754235191e-05]}, "zerocrossingrate": {"min": 0.00146484375, "max": 0.53076171875, "dvar2": 0.00147369562183, "median": 0.05517578125, "dmean2": 0.0304674431682, "dmean": 0.0283420309424, "var": 0.00719313696027, "dvar": 0.00133927050047, "mean": 0.0827740356326}, "spectral_contrast_coeffs": {"min": [-0.979405999184, -0.98166012764, -0.975437045097, -0.970871388912, -0.966995954514, -0.964095056057], "max": [-0.270496994257, -0.279369413853, -0.379893511534, -0.493744343519, -0.508555531502, -0.58863389492], "dvar2": [0.00487040961161, 0.00598911289126, 0.00306551763788, 0.00192403199617, 0.00118031539023, 0.000920410151593], "median": [-0.661776900291, -0.676899790764, -0.744367599487, -0.782104492188, -0.80079627037, -0.809307456017], "dmean2": [0.0814501792192, 0.0884220898151, 0.0672731921077, 0.0543383024633, 0.0399741455913, 0.0336414165795], "dmean": [0.0529466718435, 0.0568692646921, 0.0445086807013, 0.0349585004151, 0.0262991935015, 0.0227116737515], "var": [0.0144983809441, 0.0121889673173, 0.00857106689364, 0.00499793933704, 0.00408105738461, 0.00237000989728], "dvar": [0.00221098749898, 0.00253327726386, 0.00146274990402, 0.000876193924341, 0.000589147617575, 0.000475797947729], "mean": [-0.649086177349, -0.672612011433, -0.735330104828, -0.771542489529, -0.789126515388, -0.801252424717]}, "dissonance": {"min": 0.174228861928, "max": 0.5, "dvar2": 0.00190876855049, "median": 0.451155602932, "dmean2": 0.0468646585941, "dmean": 0.0286764167249, "var": 0.00162328791339, "dvar": 0.000741495925467, "mean": 0.44280615449}, "spectral_energyband_high": {"min": 6.83135267592e-21, "max": 0.0245450846851, "dvar2": 1.81491377589e-05, "median": 0.000212713726796, "dmean2": 0.00227261823602, "dmean": 0.00145533739123, "var": 8.56475071487e-06, "dvar": 8.0746558524e-06, "mean": 0.00138541671913}, "gfcc": {"mean": [-66.370803833, 54.1804122925, -112.534286499, 0.0474172718823, -69.4651565552, 6.5926451683, -36.9749984741, 13.446972847, -24.4678173065, 7.23114395142, -11.879693985, 5.41364002228, -12.3146371841], "icov": [[6.6969449108e-05, -7.1688897151e-05, 6.11867144471e-05, -0.000112871923193, 0.000123788588098, -0.000187081910553, 0.000180104136234, -0.000211421269341, 0.000146839112858, -0.000168811617186, 0.000141985990922, -0.000143087803735, 0.000122540834127], [-7.1688897151e-05, 0.000827450421639, 1.73321750481e-05, 0.000115994123917, -0.000926519685891, 0.000448229344329, -0.000552743324079, 0.000681383709889, -0.000403938727686, 0.00110216962639, -0.00109875120688, 0.00138488423545, -0.000638183031697], [6.11867144471e-05, 1.73321750481e-05, 0.00100329576526, -0.000621326966211, -0.000363977829693, -0.000839007203467, 0.000339919439284, -6.70335284667e-05, 0.000264410366071, -3.10300638375e-05, 0.000485274620587, -0.00102105748374, 0.000918797100894], [-0.000112871923193, 0.000115994123917, -0.000621326966211, 0.00208200281486, -0.000670788460411, 0.000189563332242, 0.000192447798327, -0.000255710445344, -0.00121598958503, 0.000953668844886, -0.000691432040185, 0.000799149391241, -0.000544613052625], [0.000123788588098, -0.000926519685891, -0.000363977829693, -0.000670788460411, 0.00358518934809, -0.00053810357349, -0.00099900609348, -0.00131604983471, 0.000253783568041, -0.00124897668138, 0.00186088588089, -0.000501049798913, 7.82448239534e-07], [-0.000187081910553, 0.000448229344329, -0.000839007203467, 0.000189563332242, -0.00053810357349, 0.00413747364655, -0.00253167911433, 0.000821394496597, -0.00069298571907, 6.96688293829e-05, -0.000762661336921, 0.00116584589705, -0.000187719822861], [0.000180104136234, -0.000552743324079, 0.000339919439284, 0.000192447798327, -0.00099900609348, -0.00253167911433, 0.00615759706125, -0.00129279994871, -0.000287013448542, -0.000694588758051, -0.000702044053469, -0.000448404054623, 0.000252248806646], [-0.000211421269341, 0.000681383709889, -6.70335284667e-05, -0.000255710445344, -0.00131604983471, 0.000821394496597, -0.00129279994871, 0.00653182994574, -0.00094109919155, -0.000917993718758, -0.000663056736812, 0.000410442968132, -0.00110448698979], [0.000146839112858, -0.000403938727686, 0.000264410366071, -0.00121598958503, 0.000253783568041, -0.00069298571907, -0.000287013448542, -0.00094109919155, 0.00676630996168, -0.00191062595695, 0.000563460052945, -0.00193956168368, 0.000292978686048], [-0.000168811617186, 0.00110216962639, -3.10300638375e-05, 0.000953668844886, -0.00124897668138, 6.96688293829e-05, -0.000694588758051, -0.000917993718758, -0.00191062595695, 0.00965790823102, -0.00316652422771, 0.000517484906595, -0.000889024406206], [0.000141985990922, -0.00109875120688, 0.000485274620587, -0.000691432040185, 0.00186088588089, -0.000762661336921, -0.000702044053469, -0.000663056736812, 0.000563460052945, -0.00316652422771, 0.00950620509684, -0.00373732415028, -0.00146923772991], [-0.000143087803735, 0.00138488423545, -0.00102105748374, 0.000799149391241, -0.000501049798913, 0.00116584589705, -0.000448404054623, 0.000410442968132, -0.00193956168368, 0.000517484906595, -0.00373732415028, 0.0119952922687, -0.00336722633801], [0.000122540834127, -0.000638183031697, 0.000918797100894, -0.000544613052625, 7.82448239534e-07, -0.000187719822861, 0.000252248806646, -0.00110448698979, 0.000292978686048, -0.000889024406206, -0.00146923772991, -0.00336722633801, 0.00915264990181]], "cov": [[22684.2753906, -317.569976807, -124.382705688, 863.236022949, -418.919708252, 498.50604248, -446.761199951, 537.584228516, -139.981765747, 229.510467529, -107.771766663, 28.6159896851, -154.554428101], [-317.569976807, 3647.45581055, -75.2870330811, 373.561462402, 965.79888916, 147.818115234, 511.795318604, -45.3227386475, 132.665618896, -194.009918213, 157.23046875, -283.076171875, 169.742523193], [-124.382705688, -75.2870330811, 2593.91650391, 917.944335938, 731.791381836, 693.169433594, 270.865234375, 160.904907227, 184.371276855, 20.6982517242, -133.29548645, 70.831817627, -182.479827881], [863.236022949, 373.561462402, 917.944335938, 1028.35229492, 495.357513428, 311.020080566, 177.232254028, 162.72555542, 196.52331543, 2.37685465813, -0.808435797691, -0.784796535969, -1.85818624496], [-418.919708252, 965.79888916, 731.791381836, 495.357513428, 929.620849609, 364.388061523, 383.631164551, 163.894683838, 163.834320068, 30.4122009277, -10.3628234863, -46.2044868469, 24.6111183167], [498.50604248, 147.818115234, 693.169433594, 311.020080566, 364.388061523, 600.748168945, 293.379119873, 99.0225372314, 120.135627747, 62.6463012695, 14.6235332489, 5.97453546524, -24.5062389374], [-446.761199951, 511.795318604, 270.865234375, 177.232254028, 383.631164551, 293.379119873, 423.274627686, 105.084342957, 116.672042847, 54.8481483459, 68.6631774902, -3.35519814491, 43.4025993347], [537.584228516, -45.3227386475, 160.904907227, 162.72555542, 163.894683838, 99.0225372314, 105.084342957, 255.113510132, 81.5327453613, 80.1497116089, 34.3897171021, 37.9552726746, 37.7381439209], [-139.981765747, 132.665618896, 184.371276855, 196.52331543, 163.834320068, 120.135627747, 116.672042847, 81.5327453613, 232.861190796, 60.533870697, 41.1396331787, 39.4555740356, 32.9287567139], [229.510467529, -194.009918213, 20.6982517242, 2.37685465813, 30.4122009277, 62.6463012695, 54.8481483459, 80.1497116089, 60.533870697, 178.137741089, 64.415725708, 53.6008987427, 36.3311004639], [-107.771766663, 157.23046875, -133.29548645, -0.808435797691, -10.3628234863, 14.6235332489, 68.6631774902, 34.3897171021, 41.1396331787, 64.415725708, 197.835327148, 58.6153373718, 86.5593948364], [28.6159896851, -283.076171875, 70.831817627, -0.784796535969, -46.2044868469, 5.97453546524, -3.35519814491, 37.9552726746, 39.4555740356, 53.6008987427, 58.6153373718, 154.231964111, 47.614982605], [-154.554428101, 169.742523193, -182.479827881, -1.85818624496, 24.6111183167, -24.5062389374, 43.4025993347, 37.7381439209, 32.9287567139, 36.3311004639, 86.5593948364, 47.614982605, 178.111038208]]}, "spectral_flux": {"min": 6.4571563374e-11, "max": 0.574632525444, "dvar2": 0.00737011106685, "median": 0.0691962689161, "dmean2": 0.0664124339819, "dmean": 0.0420490130782, "var": 0.0074880043976, "dvar": 0.00342215760611, "mean": 0.094253025949}, "silence_rate_30dB": {"min": 0, "max": 1, "dvar2": 0.110699005425, "median": 1, "dmean2": 0.120470128953, "dmean": 0.0602301470935, "var": 0.0799027979374, "dvar": 0.0565975010395, "mean": 0.912436783314}, "spectral_energyband_middle_high": {"min": 1.1643872718e-21, "max": 0.135556429625, "dvar2": 2.68316198344e-05, "median": 0.0015195494052, "dmean2": 0.00257270201109, "dmean": 0.00185909855645, "var": 6.53299866826e-05, "dvar": 1.46857537402e-05, "mean": 0.00447457889095}, "barkbands_spread": {"min": 0.171728685498, "max": 134.443862915, "dvar2": 493.653320312, "median": 13.6824531555, "dmean2": 16.4439296722, "dmean": 10.5367136002, "var": 347.342407227, "dvar": 213.238021851, "mean": 20.4685592651}, "spectral_centroid": {"min": 105.153762817, "max": 11724.0917969, "dvar2": 801167.6875, "median": 1109.98059082, "dmean2": 632.143859863, "dmean": 433.157440186, "var": 1331916.625, "dvar": 417266.125, "mean": 1415.76330566}, "pitch_salience": {"min": 0.0393457747996, "max": 0.943144142628, "dvar2": 0.0203629080206, "median": 0.52570939064, "dmean2": 0.145365506411, "dmean": 0.0929486304522, "var": 0.0313245542347, "dvar": 0.00885105505586, "mean": 0.500103890896}, "erbbands_skewness": {"min": -5.18621492386, "max": 6.37362384796, "dvar2": 0.969744563103, "median": 0.610915064812, "dmean2": 0.95134562254, "dmean": 0.644344210625, "var": 1.21200346947, "dvar": 0.465225040913, "mean": 0.575350344181}, "erbbands_crest": {"min": 2.59387731552, "max": 31.9508190155, "dvar2": 22.3049144745, "median": 9.63359928131, "dmean2": 5.3950676918, "dmean": 3.39410686493, "var": 25.4294586182, "dvar": 9.54828834534, "mean": 10.7629804611}, "melbands": {"min": [1.71303117721e-24, 1.50846869765e-24, 1.49396430661e-24, 1.85783152674e-24, 1.02401245246e-24, 1.17716802227e-24, 1.74289607058e-24, 3.22336375596e-24, 2.60912293135e-24, 2.53826961421e-24, 1.37324807773e-24, 2.66626801533e-24, 3.39488972689e-24, 3.59086762486e-24, 2.18879496409e-24, 2.07837810318e-24, 2.90038733807e-24, 3.56614432966e-24, 2.95294756246e-24, 4.00845785036e-24, 3.67276519189e-24, 4.39053553006e-24, 5.06996407278e-24, 4.01426386662e-24, 4.33910613777e-24, 3.94468515149e-24, 3.63702466529e-24, 4.98798446422e-24, 5.10288915482e-24, 3.77059143832e-24, 5.51069040534e-24, 5.69499631736e-24, 5.63670265191e-24, 5.57577931863e-24, 7.26313149565e-24, 6.05613486762e-24, 6.77988556031e-24, 7.54921505837e-24, 6.45635516484e-24, 4.50154876981e-24], "max": [0.106485776603, 0.0696935281157, 0.0520915351808, 0.0136596057564, 0.00695686833933, 0.0182950720191, 0.0145500972867, 0.0176795441657, 0.0109586417675, 0.0172895472497, 0.00857856869698, 0.0118850283325, 0.0082711931318, 0.0142445378006, 0.00746213132516, 0.00732992682606, 0.00176577735692, 0.00126133533195, 0.00156617572065, 0.00170565606095, 0.00119094795082, 0.00156419456471, 0.000634056108538, 0.000451986619737, 0.000732874963433, 0.00138996378519, 0.000375856325263, 0.000310818722937, 0.000190051374375, 0.000124679529108, 0.00019801450253, 0.000144353121868, 0.000112656336569, 9.32385373744e-05, 0.000127640290884, 0.000149632338434, 0.000127242572489, 8.61732696649e-05, 0.000117272422358, 7.93096260168e-05], "dvar2": [0.000314055505442, 0.000120519922348, 2.52394529525e-05, 1.83151621513e-06, 2.80644997019e-07, 7.66987000134e-07, 9.9746887372e-07, 1.972011205e-06, 2.64141363004e-06, 4.04480545058e-07, 2.34798051224e-07, 1.17515071452e-07, 7.47025339365e-08, 1.14746939062e-07, 8.98539482819e-08, 3.70975534736e-08, 5.0201056645e-09, 2.76323408599e-09, 3.85661191871e-09, 5.00532149061e-09, 3.18312731729e-09, 2.47838283229e-09, 1.06085307205e-09, 2.68206634679e-09, 4.22121892996e-10, 6.35353547551e-10, 4.72857863976e-10, 5.48015632873e-10, 1.29823637951e-10, 1.39129832655e-10, 3.41177253116e-10, 1.34920741246e-10, 1.7440297817e-10, 3.11457054591e-10, 1.28326527182e-09, 1.49856238529e-10, 1.44275952296e-10, 1.64262950464e-10, 8.01197164169e-11, 3.88889510872e-11], "median": [6.23703544989e-06, 1.70362473e-05, 5.08901393914e-05, 4.93932748213e-05, 3.02548214677e-05, 8.61319131218e-05, 0.000103252277768, 4.32159577031e-05, 2.03513845918e-05, 2.86493668682e-05, 2.99879757222e-05, 3.05604626192e-05, 1.47042901517e-05, 9.76481896942e-06, 8.47966111905e-06, 5.30174702362e-06, 5.15265537615e-06, 3.84024860978e-06, 3.01205045616e-06, 1.97102190214e-06, 1.71412045802e-06, 1.92925017473e-06, 1.51644155721e-06, 1.62350795563e-06, 1.63459708347e-06, 1.82182134267e-06, 1.43285160448e-06, 9.43125996855e-07, 4.89761305289e-07, 3.76045647954e-07, 3.5398198861e-07, 3.49036014313e-07, 2.68776517487e-07, 2.88995551045e-07, 3.31581929913e-07, 3.0128620665e-07, 2.10708648751e-07, 1.92764304074e-07, 1.89858866406e-07, 2.06155107207e-07], "dmean2": [0.00675112428144, 0.00328850466758, 0.00114296283573, 0.00041730699013, 0.00020073284395, 0.000329949369188, 0.000413437461248, 0.000466054101707, 0.00045561089064, 0.000188692021766, 0.000169535749592, 0.000120956749015, 7.43109776522e-05, 7.23520424799e-05, 6.956152356e-05, 4.29019019066e-05, 2.53421021625e-05, 2.03580566449e-05, 2.09804184124e-05, 2.0000812583e-05, 1.73517000803e-05, 1.61307871167e-05, 1.1047616681e-05, 1.49121860886e-05, 7.75493936089e-06, 8.50605647429e-06, 7.95880532678e-06, 7.28141685613e-06, 4.00836142944e-06, 3.87039517591e-06, 5.49553669771e-06, 5.21601350556e-06, 6.00230760028e-06, 9.03601994651e-06, 1.72522140929e-05, 6.26156088401e-06, 5.94529637965e-06, 6.08480331721e-06, 4.44831721325e-06, 3.27033899339e-06], "dmean": [0.00400965707377, 0.0019684783183, 0.000652608694509, 0.000247791904258, 0.000122545257909, 0.000217751832679, 0.000271824537776, 0.000279752654023, 0.000268205243628, 0.000126902843476, 0.000114458838652, 8.31969373394e-05, 5.05738862557e-05, 4.92465114803e-05, 4.70034538012e-05, 2.86952526949e-05, 1.69083832589e-05, 1.3527163901e-05, 1.43243996718e-05, 1.31984534164e-05, 1.18123361972e-05, 1.07974883576e-05, 7.07602976036e-06, 9.27331529965e-06, 5.33472348252e-06, 5.71548662265e-06, 5.43719534107e-06, 4.76930699733e-06, 2.69513884632e-06, 2.55215672951e-06, 3.59212049261e-06, 3.29070371663e-06, 3.82887583328e-06, 5.80344112677e-06, 1.02382882687e-05, 3.85639123124e-06, 3.65076562048e-06, 3.60595367965e-06, 2.70468080998e-06, 2.09438803722e-06], "var": [0.000146377482451, 4.33717323176e-05, 5.33945058123e-06, 5.96046277224e-07, 1.77173575366e-07, 6.64362744374e-07, 1.2492478163e-06, 7.4770593983e-07, 7.31626414563e-07, 3.16827396318e-07, 2.4447140845e-07, 2.02285590944e-07, 7.96586689944e-08, 1.04417637203e-07, 8.78321984032e-08, 3.10836156814e-08, 4.45599290799e-09, 3.23366711186e-09, 6.6294969514e-09, 4.74236561132e-09, 2.24235674473e-09, 2.4681281463e-09, 6.69339250692e-10, 1.09713660379e-09, 4.92711538236e-10, 1.01602393165e-09, 5.4150883777e-10, 3.24530513574e-10, 9.85273251874e-11, 6.83005596525e-11, 1.55714205419e-10, 8.39060071423e-11, 9.19741643957e-11, 1.35950944946e-10, 3.89124565903e-10, 6.10100511778e-11, 5.37668694289e-11, 4.89024376549e-11, 3.00358835026e-11, 1.78544679041e-11], "dvar": [0.000115031099995, 4.81147872051e-05, 8.8024771685e-06, 6.47929084607e-07, 1.2016330686e-07, 3.40828364642e-07, 4.46419477385e-07, 7.44910607864e-07, 9.54884058046e-07, 1.82762889267e-07, 1.11968859073e-07, 6.32657162214e-08, 3.45992745565e-08, 4.81445709966e-08, 4.17953529563e-08, 1.80286559015e-08, 2.42979303344e-09, 1.37802125266e-09, 2.04384753566e-09, 2.19873941276e-09, 1.47406564732e-09, 1.22718746276e-09, 4.4659898002e-10, 1.06775710496e-09, 2.14102166551e-10, 3.82151615907e-10, 2.21167265058e-10, 2.37841579764e-10, 6.31302718435e-11, 6.25172066893e-11, 1.54578710942e-10, 6.80893952332e-11, 8.29518675971e-11, 1.36007580198e-10, 5.0058157619e-10, 6.40574537858e-11, 5.94124124897e-11, 6.28576565798e-11, 3.28811977646e-11, 1.6872794828e-11], "mean": [0.00526983197778, 0.00199687131681, 0.000587874441408, 0.000300847488688, 0.000153525179485, 0.000355847063474, 0.000494922394864, 0.000318060658174, 0.000259064137936, 0.000186099947314, 0.000185731652891, 0.000152501263074, 8.71160445968e-05, 8.45646718517e-05, 6.90664892318e-05, 4.0135699237e-05, 2.36218602367e-05, 2.02919236472e-05, 2.38543125306e-05, 1.89430120372e-05, 1.5425548554e-05, 1.43151737575e-05, 9.10956259759e-06, 1.04503260445e-05, 8.18082844489e-06, 9.5550522019e-06, 8.98248799786e-06, 6.42985241939e-06, 3.65797768609e-06, 2.68394910563e-06, 3.3405162867e-06, 3.16589944305e-06, 3.38865788763e-06, 5.00667238157e-06, 7.5447137533e-06, 3.30063221554e-06, 2.98212262351e-06, 2.75185243481e-06, 2.23618417294e-06, 1.94264316633e-06]}, "spectral_entropy": {"min": 5.26490354538, "max": 9.82392311096, "dvar2": 0.208662107587, "median": 7.40944385529, "dmean2": 0.43316847086, "dmean": 0.319214701653, "var": 0.423434078693, "dvar": 0.117700964212, "mean": 7.49626064301}, "spectral_rolloff": {"min": 43.06640625, "max": 19509.0820312, "dvar2": 11004935, "median": 1012.06054688, "dmean2": 2148.5769043, "dmean": 1311.63952637, "var": 12742047, "dvar": 5840684, "mean": 2460.57861328}, "barkbands": {"min": [1.12702082478e-24, 5.98603787087e-24, 4.20705239996e-25, 2.01325250786e-24, 7.01360453614e-24, 7.69635497214e-24, 8.76426832283e-24, 9.01717318474e-24, 1.57250838649e-23, 1.59236937973e-23, 1.13764179163e-23, 2.64902426536e-23, 1.99300516999e-23, 2.84783835495e-23, 4.76507895702e-23, 4.87104474915e-23, 7.67449137661e-23, 9.81599945423e-23, 1.33602656733e-22, 1.60172236706e-22, 2.6160212912e-22, 2.91802804285e-22, 3.514894845e-22, 6.50200564613e-22, 8.16660868392e-22, 1.31041150906e-21, 1.8232147183e-21], "max": [0.0458349175751, 0.344241499901, 0.127694755793, 0.121559269726, 0.0533448457718, 0.0784898996353, 0.0671502947807, 0.0856865644455, 0.0926847755909, 0.0732751786709, 0.0609242618084, 0.124589532614, 0.0730715841055, 0.019067293033, 0.0184775907546, 0.0175459887832, 0.0239666271955, 0.00810173340142, 0.0198484901339, 0.00931403040886, 0.00643979338929, 0.00566352438182, 0.00547888269648, 0.0105699487031, 0.00727041717619, 0.00309209432453, 0.000348440691596], "dvar2": [1.18067637231e-05, 0.00366797740571, 0.000282584107481, 0.000113778594823, 2.53403286479e-05, 1.48829603859e-05, 2.395809679e-05, 0.000116134593554, 1.6917627363e-05, 8.96795881999e-06, 5.56225131731e-06, 1.05973358586e-05, 3.4186607536e-06, 4.31624414432e-07, 5.35945559932e-07, 9.30794328724e-07, 5.94540722432e-07, 7.68864197198e-07, 2.71077510661e-07, 4.14686894601e-07, 3.3246672615e-07, 3.300048661e-07, 1.92449397218e-06, 9.76285036813e-07, 5.20900414358e-07, 3.41766309475e-07, 6.21685147806e-09], "median": [1.76453306722e-06, 2.20223882934e-05, 2.35836123466e-05, 8.8534434326e-05, 0.000180400646059, 0.000339831749443, 0.000363789091352, 0.000103347250842, 0.000218837813009, 0.000138659990625, 0.000113552174298, 9.98551113298e-05, 5.96510217292e-05, 5.61000706512e-05, 3.93454320147e-05, 2.82404398604e-05, 3.13833224936e-05, 3.28680253006e-05, 4.64195727545e-05, 3.66343192582e-05, 1.85489298019e-05, 1.6607958969e-05, 2.14537358261e-05, 1.95310167328e-05, 2.46515282925e-05, 1.21610737551e-05, 8.57029533563e-07], "dmean2": [0.00125292688608, 0.022181250155, 0.00376614648849, 0.00245548528619, 0.0016455630539, 0.00143500871491, 0.00202175742015, 0.00292769959196, 0.00141661951784, 0.000986544648185, 0.00063787662657, 0.000719123112503, 0.000469275721116, 0.000268591218628, 0.000258001236944, 0.000303263776004, 0.000251195422607, 0.000268269446678, 0.000200443551876, 0.000221701120608, 0.000186759338249, 0.000266428396571, 0.000693389039952, 0.000483547599288, 0.000375406583771, 0.000298240542179, 3.92659858335e-05], "dmean": [0.000884623965248, 0.0131648806855, 0.00205501378514, 0.00139403284993, 0.000982312601991, 0.000941894366406, 0.00131806347053, 0.0017030572053, 0.000937424018048, 0.000669691769872, 0.000425973266829, 0.000484243559185, 0.00031594443135, 0.000177611262188, 0.000175497305463, 0.000198637120775, 0.000167356527527, 0.000168128855876, 0.000137351598823, 0.000147211598232, 0.00012504485494, 0.00017044202832, 0.000425968028139, 0.000294984172797, 0.000239450382651, 0.000193230400328, 2.55848426605e-05], "var": [2.09816153074e-05, 0.00157577625941, 6.00115963607e-05, 2.33436239796e-05, 8.81704909261e-06, 1.23862491819e-05, 2.81534121314e-05, 3.04862442135e-05, 1.36962808028e-05, 1.15899865705e-05, 5.17081889484e-06, 8.92474145076e-06, 3.56889472641e-06, 4.73066648965e-07, 8.75385524068e-07, 6.31143052487e-07, 5.6514352309e-07, 3.44122071283e-07, 4.11255399513e-07, 3.31615694904e-07, 1.82750056865e-07, 1.97090244569e-07, 6.83761982145e-07, 3.41113093327e-07, 2.25475801585e-07, 1.40989868669e-07, 2.74983391613e-09], "dvar": [5.85450243307e-06, 0.00137568055652, 9.91196211544e-05, 3.91611392843e-05, 9.09905793378e-06, 6.64154640617e-06, 1.06647985376e-05, 4.1768696974e-05, 7.68296467868e-06, 4.45134855909e-06, 2.49284607889e-06, 4.42017426394e-06, 1.80806466687e-06, 2.13156980067e-07, 2.84460810462e-07, 3.98751893727e-07, 2.81921984424e-07, 3.08188845111e-07, 1.51029112772e-07, 1.86717656447e-07, 1.59001160682e-07, 1.63809474429e-07, 7.8681875948e-07, 3.92694488482e-07, 2.21442562065e-07, 1.42790383961e-07, 2.63488897367e-09], "mean": [0.00187670264859, 0.0161627363414, 0.00145271443762, 0.00124034134205, 0.00118840986397, 0.00147921242751, 0.00231254589744, 0.00153090071399, 0.0013644262217, 0.00108931167051, 0.000700613425579, 0.000779187947046, 0.000449316808954, 0.000258066691458, 0.000287980074063, 0.000254780403338, 0.000223283277592, 0.000198155961698, 0.000230313715292, 0.000225924304686, 0.000136131828185, 0.000158371345606, 0.000339950260241, 0.000238087872276, 0.000218694010982, 0.000171188992681, 2.39491473621e-05]}, "melbands_flatness_db": {"min": 0.00305284257047, "max": 0.634909510612, "dvar2": 0.00384494219907, "median": 0.224283024669, "dmean2": 0.0621828176081, "dmean": 0.0446839369833, "var": 0.0111168762669, "dvar": 0.0020443003159, "mean": 0.232675537467}, "melbands_skewness": {"min": -3.10141849518, "max": 28.2184047699, "dvar2": 8.81820011139, "median": 2.42854690552, "dmean2": 2.21618390083, "dmean": 1.48669016361, "var": 10.473818779, "dvar": 4.05498361588, "mean": 3.32443881035}, "barkbands_skewness": {"min": -6.13303661346, "max": 19.5177230835, "dvar2": 4.10560274124, "median": 1.63736534119, "dmean2": 1.71084880829, "dmean": 1.16789853573, "var": 5.86473798752, "dvar": 1.93153202534, "mean": 2.07274913788}, "silence_rate_60dB": {"min": 0, "max": 1, "dvar2": 0.119514636695, "median": 0, "dmean2": 0.123081944883, "dmean": 0.0615359507501, "var": 0.149132609367, "dvar": 0.0577473565936, "mean": 0.182389423251}, "spectral_energyband_low": {"min": 1.89229398035e-23, "max": 0.362460583448, "dvar2": 0.00415578158572, "median": 0.000221399692236, "dmean2": 0.0245194137096, "dmean": 0.014856332913, "var": 0.00211667083204, "dvar": 0.00163816276472, "mean": 0.0200985167176}, "spectral_energyband_middle_low": {"min": 1.67772349859e-22, "max": 0.179028958082, "dvar2": 0.000396055926103, "median": 0.00522381160408, "dmean2": 0.00954006519169, "dmean": 0.00580944446847, "var": 0.000160047959071, "dvar": 0.000145071331644, "mean": 0.00933008827269}, "melbands_kurtosis": {"min": -1.93935286999, "max": 1400.31677246, "dvar2": 10635.5332031, "median": 8.62621498108, "dmean2": 41.120677948, "dmean": 25.8321895599, "var": 5967.90576172, "dvar": 4426.25097656, "mean": 32.3029403687}, "spectral_decrease": {"min": -9.65637880768e-08, "max": 4.81797761409e-12, "dvar2": 2.80656373199e-16, "median": -3.53025564337e-09, "dmean2": 8.08790012741e-09, "dmean": 5.02991603923e-09, "var": 1.6708158989e-16, "dvar": 1.12028259966e-16, "mean": -8.60364846034e-09}, "erbbands_kurtosis": {"min": -1.89928436279, "max": 54.5416488647, "dvar2": 19.5376262665, "median": 0.567485690117, "dmean2": 3.1793782711, "dmean": 2.00835132599, "var": 13.8758068085, "dvar": 8.18166351318, "mean": 1.68562078476}, "melbands_crest": {"min": 1.50747418404, "max": 38.2308959961, "dvar2": 33.3437995911, "median": 16.8524017334, "dmean2": 6.48431682587, "dmean": 4.21586370468, "var": 68.9847717285, "dvar": 14.8958034515, "mean": 18.1310596466}, "melbands_spread": {"min": 0.20395116508, "max": 285.944763184, "dvar2": 1591.83068848, "median": 14.2475824356, "dmean2": 23.2128334045, "dmean": 14.8620347977, "var": 1229.38903809, "dvar": 747.819335938, "mean": 25.7605686188}, "spectral_energy": {"min": 9.80147391226e-21, "max": 0.36661401391, "dvar2": 0.00404457282275, "median": 0.0151368584484, "dmean2": 0.0319598913193, "dmean": 0.0199931692332, "var": 0.00248112273403, "dvar": 0.00162962137256, "mean": 0.0345915257931}, "mfcc": {"mean": [-711.793273926, 100.81615448, -0.0554844401777, -1.60126328468, -10.5783500671, -9.66094779968, -2.40617132187, 0.0764864310622, -6.62955856323, 1.5936037302, -0.94408839941, -1.33465158939, 4.26473522186], "icov": [[7.94836087152e-05, -8.32845125842e-06, -7.86016971688e-06, -4.42088748969e-05, 1.64329740073e-05, 4.3791023927e-05, 5.14911189384e-05, -5.47776726307e-05, 0.000109553198854, -0.00023146350577, 1.97675653908e-05, 7.38028829801e-05, -9.33909614105e-05], [-8.32845125842e-06, 0.000504330848344, 0.000299516832456, -0.000146549515193, -0.000221597714699, -0.000207484539715, -0.000470817321911, -1.28628198581e-05, 4.38891074737e-05, 0.000170532090124, -0.00016439826868, 0.00017812322767, 0.000359470112016], [-7.86016971688e-06, 0.000299516832456, 0.00123829254881, -0.000219339926844, -0.000721150136087, -0.000845309288707, 0.000122511264635, -0.000549501157366, 0.00050851656124, 0.000322050618706, -0.000436616246589, 0.000320371211274, 0.000109302418423], [-4.42088748969e-05, -0.000146549515193, -0.000219339926844, 0.00255044107325, -0.00167606328614, 0.000544748094399, -2.00029789994e-05, -0.000162935306435, -0.00084512506146, 0.000687982479576, 0.000254537299043, -0.000971794885118, 0.00010582399409], [1.64329740073e-05, -0.000221597714699, -0.000721150136087, -0.00167606328614, 0.00475181220099, -0.000649727473501, -4.12364206568e-05, -0.000556163024157, -0.00110231980216, -0.000731308420654, -0.000185919678188, 0.00092881382443, -2.66937568085e-05], [4.3791023927e-05, -0.000207484539715, -0.000845309288707, 0.000544748094399, -0.000649727473501, 0.00428852671757, -0.00114560697693, -0.00072715850547, -0.000866674177814, -0.000768607482314, -0.000376717856852, -0.000296473648632, 0.000450575200375], [5.14911189384e-05, -0.000470817321911, 0.000122511264635, -2.00029789994e-05, -4.12364206568e-05, -0.00114560697693, 0.00471863942221, -0.00115035299677, 1.77961974259e-05, -0.0016504288651, 0.000294576835586, -3.85687744711e-05, -0.000882254738826], [-5.47776726307e-05, -1.28628198581e-05, -0.000549501157366, -0.000162935306435, -0.000556163024157, -0.00072715850547, -0.00115035299677, 0.00743173575029, -0.00152472686023, -2.82967971543e-06, -0.00176880438812, -0.000367675093003, 0.000526982825249], [0.000109553198854, 4.38891074737e-05, 0.00050851656124, -0.00084512506146, -0.00110231980216, -0.000866674177814, 1.77961974259e-05, -0.00152472686023, 0.00844172108918, -0.00355866900645, 0.000958714983426, -0.00110255833715, -0.000806700147223], [-0.00023146350577, 0.000170532090124, 0.000322050618706, 0.000687982479576, -0.000731308420654, -0.000768607482314, -0.0016504288651, -2.82967971543e-06, -0.00355866900645, 0.0117062097415, -0.00303063378669, 0.000802566588391, -0.00156537734438], [1.97675653908e-05, -0.00016439826868, -0.000436616246589, 0.000254537299043, -0.000185919678188, -0.000376717856852, 0.000294576835586, -0.00176880438812, 0.000958714983426, -0.00303063378669, 0.011319052428, -0.00469247065485, 0.000534009479452], [7.38028829801e-05, 0.00017812322767, 0.000320371211274, -0.000971794885118, 0.00092881382443, -0.000296473648632, -3.85687744711e-05, -0.000367675093003, -0.00110255833715, 0.000802566588391, -0.00469247065485, 0.0119172818959, -0.00371535168961], [-9.33909614105e-05, 0.000359470112016, 0.000109302418423, 0.00010582399409, -2.66937568085e-05, 0.000450575200375, -0.000882254738826, 0.000526982825249, -0.000806700147223, -0.00156537734438, 0.000534009479452, -0.00371535168961, 0.00964178331196]], "cov": [[13900.0195312, 63.2736587524, 133.244354248, 256.811645508, 122.822250366, -69.4042510986, -5.50040149689, 119.649986267, -3.10529637337, 293.902252197, 55.1856994629, -26.1299648285, 158.819763184], [63.2736587524, 2978.59863281, -266.092254639, 350.629852295, 355.000610352, 323.836578369, 454.932617188, 182.147659302, 181.103668213, 118.598197937, 76.4643249512, -2.98913240433, -64.7264251709], [133.244354248, -266.092254639, 1732.70983887, 449.607818604, 578.776977539, 536.551879883, 179.163833618, 338.383605957, 170.3387146, 121.011795044, 165.198974609, 46.2885398865, 3.64742636681], [256.811645508, 350.629852295, 449.607818604, 794.854492188, 468.85369873, 216.983795166, 160.118301392, 198.219055176, 207.214614868, 89.7811279297, 82.2821121216, 75.3131561279, 26.9469776154], [122.822250366, 355.000610352, 578.776977539, 468.85369873, 626.316101074, 344.472869873, 215.141723633, 240.608917236, 224.152801514, 141.509216309, 106.772735596, 44.3843460083, 21.3370018005], [-69.4042510986, 323.836578369, 536.551879883, 216.983795166, 344.472869873, 572.024719238, 269.896118164, 238.694458008, 195.176574707, 153.654251099, 122.935935974, 57.1959571838, 21.1697940826], [-5.50040149689, 454.932617188, 179.163833618, 160.118301392, 215.141723633, 269.896118164, 414.052154541, 173.042282104, 148.302368164, 137.125518799, 80.7609863281, 48.2251434326, 44.3904190063], [119.649986267, 182.147659302, 338.383605957, 198.219055176, 240.608917236, 238.694458008, 173.042282104, 287.97644043, 145.737640381, 103.298744202, 99.581993103, 52.7480125427, 21.7371177673], [-3.10529637337, 181.103668213, 170.3387146, 207.214614868, 224.152801514, 195.176574707, 148.302368164, 145.737640381, 261.794555664, 127.71598053, 67.9853591919, 59.2956962585, 47.8392677307], [293.902252197, 118.598197937, 121.011795044, 89.7811279297, 141.509216309, 153.654251099, 137.125518799, 103.298744202, 127.71598053, 181.436203003, 76.6403045654, 41.682510376, 48.1402816772], [55.1856994629, 76.4643249512, 165.198974609, 82.2821121216, 106.772735596, 122.935935974, 80.7609863281, 99.581993103, 67.9853591919, 76.6403045654, 155.635269165, 69.9545440674, 27.8729553223], [-26.1299648285, -2.98913240433, 46.2885398865, 75.3131561279, 44.3843460083, 57.1959571838, 48.2251434326, 52.7480125427, 59.2956962585, 41.682510376, 69.9545440674, 137.12437439, 58.1800727844], [158.819763184, -64.7264251709, 3.64742636681, 26.9469776154, 21.3370018005, 21.1697940826, 44.3904190063, 21.7371177673, 47.8392677307, 48.1402816772, 27.8729553223, 58.1800727844, 141.966827393]]}, "spectral_contrast_valleys": {"min": [-28.1162700653, -28.1582660675, -27.6228485107, -27.6080322266, -27.4429512024, -27.3895950317], "max": [-4.8025560379, -4.6841840744, -5.18455410004, -5.75137138367, -5.30259895325, -7.36926698685], "dvar2": [0.72560864687, 0.588077187538, 0.392209678888, 0.361706286669, 0.377367824316, 1.14920210838], "median": [-9.0839099884, -7.4187040329, -7.75009775162, -8.32366752625, -8.18144989014, -10.3056192398], "dmean2": [0.826274752617, 0.760662078857, 0.628115713596, 0.563870251179, 0.546780943871, 0.812128901482], "dmean": [0.556563913822, 0.484065294266, 0.403076201677, 0.384340256453, 0.404395669699, 0.694184362888], "var": [5.24077129364, 3.31543850899, 3.22826290131, 3.04471278191, 3.12074398994, 3.73509454727], "dvar": [0.423124521971, 0.25868460536, 0.174521580338, 0.175209820271, 0.207244411111, 0.611281275749], "mean": [-9.06460857391, -7.69967651367, -8.08508872986, -8.59662437439, -8.45822238922, -10.483250618]}, "barkbands_flatness_db": {"min": 0.018208835274, "max": 0.495376616716, "dvar2": 0.00274954736233, "median": 0.169345170259, "dmean2": 0.0533440485597, "dmean": 0.0370023362339, "var": 0.00576374586672, "dvar": 0.00126726028975, "mean": 0.17576020956}, "dynamic_complexity": 5.11756420135, "spectral_skewness": {"min": -0.398417383432, "max": 6.71632432938, "dvar2": 0.29986050725, "median": 1.70874142647, "dmean2": 0.522368133068, "dmean": 0.379034459591, "var": 0.528296709061, "dvar": 0.164726182818, "mean": 1.70619988441}, "erbbands_flatness_db": {"min": 0.042293522507, "max": 0.469137370586, "dvar2": 0.00132050691172, "median": 0.173624143004, "dmean2": 0.0394470430911, "dmean": 