{"lowlevel": {"spectral_complexity": {"min": 0, "max": 62, "dvar2": 49.3185539246, "median": 26, "dmean2": 6.95499610901, "dmean": 4.65279006958, "var": 188.891891479, "dvar": 26.1247615814, "mean": 26.1604557037}, "silence_rate_20dB": {"min": 1, "max": 1, "dvar2": 0, "median": 1, "dmean2": 0, "dmean": 0, "var": 0, "dvar": 0, "mean": 1}, "average_loudness": 0.745137155056, "erbbands_spread": {"min": 2.70901226997, "max": 137.976715088, "dvar2": 120.387626648, "median": 32.326385498, "dmean2": 11.3077049255, "dmean": 7.29480552673, "var": 229.388061523, "dvar": 52.0412597656, "mean": 34.736946106}, "spectral_kurtosis": {"min": -1.2544220686, "max": 87.8337402344, "dvar2": 28.3034934998, "median": 12.4573059082, "dmean2": 3.65962433815, "dmean": 2.38891458511, "var": 50.8107185364, "dvar": 11.3683328629, "mean": 13.9269323349}, "barkbands_kurtosis": {"min": -1.86851358414, "max": 350.68548584, "dvar2": 479.07989502, "median": 2.12585568428, "dmean2": 8.40454292297, "dmean": 5.02414178848, "var": 586.502441406, "dvar": 168.893280029, "mean": 8.14837646484}, "spectral_strongpeak": {"min": 0, "max": 173.309829712, "dvar2": 387.415039062, "median": 0.358243942261, "dmean2": 7.39309310913, "dmean": 3.92988324165, "var": 107.997360229, "dvar": 140.74105835, "mean": 3.00630617142}, "spectral_spread": {"min": 922162.0625, "max": 41930768, "dvar2": 674894315520, "median": 4256211, "dmean2": 561768.1875, "dmean": 366863.3125, "var": 3708747776000.0, "dvar": 303174418432, "mean": 4398879.5}, "spectral_rms": {"min": 3.14696706194e-12, "max": 0.0196178779006, "dvar2": 5.86540863878e-06, "median": 0.00555105879903, "dmean2": 0.00173299130984, "dmean": 0.0011522033019, "var": 8.67138169269e-06, "dvar": 2.44214561462e-06, "mean": 0.00586043251678}, "erbbands": {"min": [9.72133803887e-23, 7.36927705341e-22, 1.37412198573e-21, 9.34761752005e-21, 8.67792757249e-21, 5.57134383018e-20, 7.77331413043e-20, 4.72303036856e-20, 1.73886018037e-19, 1.96526959529e-19, 4.27754171604e-19, 4.64198767116e-19, 3.5783877243e-19, 7.2456141294e-19, 1.13124951739e-18, 1.89115615111e-18, 1.7630484149e-18, 3.35610790519e-18, 2.99685509335e-18, 4.18649673775e-18, 3.9996995031e-18, 5.7646634615e-18, 6.7701767695e-18, 7.50974613388e-18, 9.12567820209e-18, 8.89786852549e-18, 1.05357911903e-17, 9.3105654767e-18, 1.19664364556e-17, 1.2665421444e-17, 1.27029398751e-17, 1.34083512297e-17, 1.00382643857e-17, 8.94726527013e-18, 7.80504464948e-18, 4.75612680837e-18, 2.58899011769e-18, 1.06411977818e-18, 2.5511281482e-19, 2.76098703615e-20], "max": [14.9653234482, 57.4460678101, 35.4869346619, 59.8332023621, 110.193115234, 203.284667969, 426.08972168, 504.842926025, 838.257202148, 1027.78491211, 485.604125977, 968.470458984, 823.826782227, 1080.06225586, 1053.12731934, 1133.9720459, 504.435394287, 551.029968262, 1604.54870605, 830.564025879, 400.793243408, 335.052520752, 422.059326172, 284.701721191, 444.091064453, 396.021453857, 422.616394043, 372.983734131, 213.38243103, 129.213882446, 93.4114151001, 42.1832542419, 17.7510719299, 3.8105802536, 0.533554911613, 3.33317780495, 2.83876156807, 3.2309782505, 1.49459481239, 0.418799072504], "dvar2": [5.77334356308, 65.9128570557, 21.2517414093, 33.320766449, 98.0822601318, 214.012939453, 821.105895996, 2778.65600586, 2732.51318359, 4567.15234375, 1693.54040527, 4192.95898438, 5052.51611328, 7614.93115234, 6708.95410156, 4195.44287109, 1518.09411621, 1554.37109375, 3008.76928711, 2559.23876953, 971.818725586, 571.627685547, 475.974487305, 1037.16564941, 661.667236328, 733.250366211, 468.750854492, 345.594848633, 212.698974609, 55.3113288879, 17.9626750946, 4.08455038071, 1.03211569786, 0.0647423788905, 0.00277353660204, 0.0408273935318, 0.0453137457371, 0.0352975130081, 0.00640455586836, 0.00020334457804], "median": [0.0767885148525, 0.32541680336, 0.777041435242, 1.65837693214, 2.95906877518, 4.64606666565, 6.67178726196, 9.18651580811, 9.9619474411, 11.2514400482, 9.77316856384, 13.3045816422, 16.8750648499, 26.1294021606, 21.118434906, 17.8003959656, 17.6643180847, 17.6999034882, 18.773853302, 18.8390598297, 14.8617134094, 11.5360298157, 12.5134925842, 13.5686903, 13.4882555008, 9.38066768646, 7.50566482544, 6.20285224915, 4.52346611023, 2.72637748718, 1.10462725163, 0.472494065762, 0.126273080707, 0.02498729527, 0.00958116073161, 0.0239482559264, 0.0545834600925, 0.0752390921116, 0.0514909848571, 0.023734357208], "dmean2": [0.948525130749, 3.07848501205, 2.69270157814, 3.77831530571, 6.53959465027, 9.35047149658, 15.7243881226, 27.2487697601, 26.0049819946, 35.119354248, 22.6783943176, 34.2469100952, 36.22215271, 54.4774551392, 45.3202400208, 34.5654754639, 26.5426998138, 25.0997142792, 27.2184810638, 29.0759811401, 19.9080181122, 15.8039331436, 15.0104856491, 19.5633926392, 16.8281593323, 14.7509307861, 12.2026338577, 9.89962387085, 7.74046897888, 4.03144741058, 2.03500366211, 0.932515084743, 0.418709695339, 0.103602059186, 0.0314174592495, 0.0801745951176, 0.105261445045, 0.103674247861, 0.0478134378791, 0.0102091673762], "dmean": [0.568974375725, 1.8685246706, 1.63572955132, 2.30473589897, 4.00573730469, 5.70447301865, 9.77767086029, 16.5229492188, 15.9343128204, 20.6962032318, 13.6758956909, 20.5128726959, 21.720664978, 32.2320518494, 26.511964798, 20.5596675873, 15.8653030396, 15.0157270432, 16.4089508057, 17.7470054626, 11.9586277008, 9.7863035202, 9.33958339691, 12.1138381958, 10.7354211807, 9.58107280731, 8.2781162262, 6.75522089005, 5.28038787842, 2.74835920334, 1.38409328461, 0.642666518688, 0.289343118668, 0.0693036392331, 0.0198766682297, 0.0566623061895, 0.075011536479, 0.0743030011654, 0.0349160507321, 0.00686433911324], "var": [2.12907242775, 23.6950244904, 10.3464317322, 18.7988471985, 60.6667289734, 118.215240479, 498.658660889, 1456.05578613, 1703.25866699, 2679.29248047, 1149.71472168, 2377.57470703, 2797.04711914, 4551.03076172, 4024.3996582, 2838.67138672, 1299.78527832, 1174.16442871, 2258.07373047, 2491.46923828, 928.975830078, 545.18170166, 507.686126709, 685.302001953, 745.12286377, 803.293334961, 722.760131836, 562.931274414, 342.704833984, 100.211456299, 20.774848938, 4.42145490646, 0.959700465202, 0.046908672899, 0.00166339217685, 0.0392815172672, 0.0647602379322, 0.100157000124, 0.0218670964241, 0.00115887657739], "dvar": [2.15717840195, 26.209104538, 8.25441932678, 13.4044904709, 39.3431053162, 83.9072570801, 329.2059021, 1046.58935547, 1072.26367188, 1655.05566406, 633.165405273, 1525.89526367, 1853.76647949, 2750.78076172, 2437.20776367, 1541.85107422, 565.960876465, 571.674194336, 1133.36743164, 985.446350098, 358.263763428, 232.261047363, 191.64553833, 405.165496826, 285.892852783, 321.946502686, 224.297775269, 175.253433228, 104.48449707, 28.618768692, 8.55705547333, 1.99421072006, 0.50146818161, 0.0305396709591, 0.00119013153017, 0.0208426173776, 0.0230393223464, 0.0200973637402, 0.00342386728153, 0.000100761470094], "mean": [0.580704450607, 1.80626165867, 2.00841808319, 3.12258648872, 5.5693898201, 8.05770874023, 13.7994613647, 22.5378265381, 23.8807010651, 30.1912975311, 21.6541748047, 30.7418327332, 35.1425094604, 50.5637435913, 43.1791877747, 35.2633056641, 29.6981010437, 28.0616226196, 32.5643959045, 36.1895370483, 24.6006317139, 19.1743507385, 19.6092185974, 22.1089630127, 22.2802753448, 19.5267925262, 17.5883960724, 14.1234540939, 10.6363897324, 5.91671133041, 2.63680458069, 1.16289937496, 0.446630269289, 0.0898384526372, 0.0244791675359, 0.0854593366385, 0.148091033101, 0.187008738518, 0.1069894135, 0.0320771187544]}, "zerocrossingrate": {"min": 0.0087890625, "max": 0.888671875, "dvar2": 0.00188714894466, "median": 0.30810546875, "dmean2": 0.0491985939443, "dmean": 0.0401114150882, "var": 0.0115433428437, "dvar": 0.00119616882876, "mean": 0.302727490664}, "spectral_contrast_coeffs": {"min": [-0.969669103622, -0.97761541605, -0.975370824337, -0.96699655056, -0.970233857632, -0.964451313019], "max": [-0.35908433795, -0.502901673317, -0.579903244972, -0.658691108227, -0.649016618729, -0.417100548744], "dvar2": [0.00534258922562, 0.00462940894067, 0.00274755945429, 0.00129617296625, 0.000640220649075, 0.00252325390466], "median": [-0.686515927315, -0.77462875843, -0.800150096416, -0.814380049706, -0.811952352524, -0.66641330719], "dmean2": [0.0934671536088, 0.0855170860887, 0.0663049295545, 0.0464931540191, 0.0322906933725, 0.0565141998231], "dmean": [0.0574300698936, 0.0512419752777, 0.0392944142222, 0.0274989642203, 0.0193779002875, 0.0362665206194], "var": [0.00848106481135, 0.00428189057857, 0.00279235513881, 0.00136208697222, 0.00104379584081, 0.00630831997842], "dvar": [0.00206963182427, 0.00164797110483, 0.000972206355073, 0.00046189952991, 0.000241832254687, 0.00105247006286], "mean": [-0.680302977562, -0.769666671753, -0.797093987465, -0.81253272295, -0.813847899437, -0.67613786459]}, "dissonance": {"min": 0.22423030436, "max": 0.500000119209, "dvar2": 0.000690030225087, "median": 0.483024865389, "dmean2": 0.0249317269772, "dmean": 0.0144642097875, "var": 0.000364233768778, "dvar": 0.00023661191517, "mean": 0.478041917086}, "spectral_energyband_high": {"min": 7.39653352297e-21, "max": 0.0233998540789, "dvar2": 1.8243898694e-06, "median": 0.000999290961772, "dmean2": 0.000883347820491, "dmean": 0.000653780298308, "var": 6.10749339103e-06, "dvar": 1.07595371901e-06, "mean": 0.00197683204897}, "gfcc": {"mean": [14.7540769577, 68.5573272705, -98.3392410278, 1.51363539696, -23.0884971619, -22.5120544434, 4.27057409286, -22.6360588074, -0.861707031727, -9.32827377319, -6.01202297211, 2.05706691742, -9.07839488983], "icov": [[0.000148227947648, -0.000250962446444, 0.00071162590757, -0.000503118382767, 0.000359224854037, -0.000241383022512, 0.000131285589305, -8.1004045569e-06, -2.58102918451e-05, -0.000343869527569, 0.000439981231466, -0.000439720926806, 2.98289432976e-05], [-0.000250962446444, 0.00237961113453, -0.00252587534487, 0.00248158490285, -0.0016987263225, 0.000807031232398, -0.00126661930699, 0.000876554753631, -0.00093631685013, 0.00155782105867, -0.00222261645831, 0.00172682234552, -0.000736470916308], [0.00071162590757, -0.00252587534487, 0.00832503475249, -0.0058134845458, 0.00341035262682, -0.00399126112461, 0.00259821070358, -0.00146801525261, 0.000467621925054, -0.00140283373185, -0.00016497845354, 0.000620297680143, -0.00180644250941], [-0.000503118382767, 0.00248158490285, -0.0058134845458, 0.00925292726606, -0.00664924643934, 0.00463593332097, -0.00360930105671, -0.00278702774085, 0.00538880843669, -0.0048440778628, 0.00612977799028, -0.0081090638414, 0.00756951514632], [0.000359224854037, -0.0016987263225, 0.00341035262682, -0.00664924643934, 0.0126575333998, -0.00784424506128, 0.000223269089474, 0.00624112319201, -0.00892130006105, 0.00970481242985, -0.0108960578218, 0.00996246840805, -0.0083049396053], [-0.000241383022512, 0.000807031232398, -0.00399126112461, 0.00463593332097, -0.00784424506128, 0.0131263900548, -0.00270826765336, -0.0072678248398, 0.00986263900995, -0.00860320683569, 0.0068134102039, -0.0070454897359, 0.00370256020688], [0.000131285589305, -0.00126661930699, 0.00259821070358, -0.00360930105671, 0.000223269089474, -0.00270826765336, 0.011716529727, -0.000565071415622, -0.00601724535227, 0.00273234653287, -0.000266703369562, -0.00298267393373, 0.00180742354132], [-8.1004045569e-06, 0.000876554753631, -0.00146801525261, -0.00278702774085, 0.00624112319201, -0.0072678248398, -0.000565071415622, 0.0163237247616, -0.00918779708445, 0.00264351465739, -0.00759212020785, 0.0119184404612, -0.00752202374861], [-2.58102918451e-05, -0.00093631685013, 0.000467621925054, 0.00538880843669, -0.00892130006105, 0.00986263900995, -0.00601724535227, -0.00918779708445, 0.0267650187016, -0.0222410988063, 0.0156339388341, -0.0131764849648, 0.00813633017242], [-0.000343869527569, 0.00155782105867, -0.00140283373185, -0.0048440778628, 0.00970481242985, -0.00860320683569, 0.00273234653287, 0.00264351465739, -0.0222410988063, 0.0426123067737, -0.0278653018177, 0.0151925338432, -0.0103853363544], [0.000439981231466, -0.00222261645831, -0.00016497845354, 0.00612977799028, -0.0108960578218, 0.0068134102039, -0.000266703369562, -0.00759212020785, 0.0156339388341, -0.0278653018177, 0.0436814688146, -0.0276610255241, 0.0099739022553], [-0.000439720926806, 0.00172682234552, 0.000620297680143, -0.0081090638414, 0.00996246840805, -0.0070454897359, -0.00298267393373, 0.0119184404612, -0.0131764849648, 0.0151925338432, -0.0276610255241, 0.0420658774674, -0.0186797324568], [2.98289432976e-05, -0.000736470916308, -0.00180644250941, 0.00756951514632, -0.0083049396053, 0.00370256020688, 0.00180742354132, -0.00752202374861, 0.00813633017242, -0.0103853363544, 0.0099739022553, -0.0186797324568, 0.0291167683899]], "cov": [[16779.1113281, -671.282287598, -1753.56152344, 482.733673096, -405.85836792, -651.949157715, 384.451568604, -429.31552124, 288.770782471, -58.666267395, -246.390518188, 288.087036133, -268.488830566], [-671.282287598, 1179.89697266, 128.89100647, -371.916473389, 219.027786255, 76.0926971436, 7.11676883698, -7.81854152679, 59.822052002, 18.4753551483, 103.612785339, -32.3299217224, 119.190704346], [-1753.56152344, 128.89100647, 620.099304199, 231.436904907, 75.633644104, 249.282348633, -16.2262706757, 174.753585815, -51.0913581848, 73.6451721191, 60.3201789856, -0.662118792534, 38.8452644348], [482.733673096, -371.916473389, 231.436904907, 608.42388916, 69.0938262939, 74.8608779907, 127.007881165, 54.6225318909, -10.7312955856, 26.5477809906, -9.34978103638, 71.0132064819, -76.0716552734], [-405.85836792, 219.027786255, 75.633644104, 69.0938262939, 277.226165771, 108.366111755, 64.9836120605, -1.4471449852, 30.1248073578, 8.89846134186, 54.1740875244, 16.1471710205, 40.1286659241], [-651.949157715, 76.0926971436, 249.282348633, 74.8608779907, 108.366111755, 267.356964111, 20.956829071, 120.831512451, -24.1482372284, 53.8874397278, 46.7864379883, 9.26420688629, 41.308013916], [384.451568604, 7.11676883698, -16.2262706757, 127.007881165, 64.9836120605, 20.956829071, 170.234085083, 12.9867515564, 63.9719429016, 17.5720882416, 11.6255970001, 39.1737747192, -16.0400867462], [-429.31552124, -7.81854152679, 174.753585815, 54.6225318909, -1.4471449852, 120.831512451, 12.9867515564, 179.768981934, 30.0712108612, 65.0197067261, 27.3359889984, -10.4194078445, 25.4807720184], [288.770782471, 59.822052002, -51.0913581848, -10.7312955856, 30.1248073578, -24.1482372284, 63.9719429016, 30.0712108612, 126.787574768, 50.7204246521, 15.5386371613, 18.0007324219, 5.18528318405], [-58.666267395, 18.4753551483, 73.6451721191, 26.5477809906, 8.89846134186, 53.8874397278, 17.5720882416, 65.0197067261, 50.7204246521, 87.9234695435, 47.1639823914, 17.1488323212, 21.6198806763], [-246.390518188, 103.612785339, 60.3201789856, -9.34978103638, 54.1740875244, 46.7864379883, 11.6255970001, 27.3359889984, 15.5386371613, 47.1639823914, 82.460609436, 34.5009613037, 31.2565288544], [288.087036133, -32.3299217224, -0.662118792534, 71.0132064819, 16.1471710205, 9.26420688629, 39.1737747192, -10.4194078445, 18.0007324219, 17.1488323212, 34.5009613037, 74.3511276245, 15.6567106247], [-268.488830566, 119.190704346, 38.8452644348, -76.0716552734, 40.1286659241, 41.308013916, -16.0400867462, 25.4807720184, 5.18528318405, 21.6198806763, 31.2565288544, 15.6567106247, 79.1921539307]]}, "spectral_flux": {"min": 6.5612307254e-11, "max": 0.466150671244, "dvar2": 0.00264256563969, "median": 0.112156905234, "dmean2": 0.0424224324524, "dmean": 0.0270906928927, "var": 0.00455427262932, "dvar": 0.00129502546042, "mean": 0.121362060308}, "silence_rate_30dB": {"min": 0, "max": 1, "dvar2": 0.131855532527, "median": 1, "dmean2": 0.143536880612, "dmean": 0.0717613250017, "var": 0.081810593605, "dvar": 0.0666116401553, "mean": 0.910109043121}, "spectral_energyband_middle_high": {"min": 1.38714129562e-21, "max": 0.0507661476731, "dvar2": 1.970590165e-05, "median": 0.00537890335545, "dmean2": 0.00351249123923, "dmean": 0.00219173659571, "var": 3.69147819583e-05, "dvar": 7.82525876275e-06, "mean": 0.00691026914865}, "barkbands_spread": {"min": 0.700256288052, "max": 122.542816162, "dvar2": 182.722290039, "median": 32.9995384216, "dmean2": 13.9453258514, "dmean": 8.93748188019, "var": 372.864990234, "dvar": 83.100769043, "mean": 35.4392623901}, "spectral_centroid": {"min": 233.579452515, "max": 11359.1269531, "dvar2": 177329.046875, "median": 1425.21118164, "dmean2": 418.857666016, "dmean": 288.064056396, "var": 837378.875, "dvar": 103736.851562, "mean": 1617.52246094}, "pitch_salience": {"min": 0.0768603160977, "max": 0.932112693787, "dvar2": 0.0147943850607, "median": 0.634280860424, "dmean2": 0.130302727222, "dmean": 0.0815297290683, "var": 0.0218568369746, "dvar": 0.00622465647757, "mean": 0.591761767864}, "erbbands_skewness": {"min": -4.53372812271, "max": 5.56074666977, "dvar2": 0.234844714403, "median": 0.119881913066, "dmean2": 0.54002225399, "dmean": 0.351045191288, "var": 0.56839877367, "dvar": 0.106169275939, "mean": 0.0401471816003}, "erbbands_crest": {"min": 2.07673668861, "max": 24.941619873, "dvar2": 11.8493595123, "median": 6.25714635849, "dmean2": 3.70428705215, "dmean": 2.2004404068, "var": 8.10761547089, "dvar": 4.36557483673, "mean": 6.92824649811}, "melbands": {"min": [1.6302440709e-24, 7.34227751584e-25, 1.42585661986e-24, 2.11999899619e-24, 2.30211956629e-24, 1.23944020909e-24, 2.43038913834e-24, 2.13528889547e-24, 3.83668575483e-24, 2.49320238513e-24, 1.50910826663e-24, 2.68650407248e-24, 2.27477922503e-24, 4.17462745574e-24, 1.1050980844e-24, 3.12975101285e-24, 6.48645651926e-24, 3.94893947835e-24, 4.41593882336e-24, 3.74591547477e-24, 4.5251684486e-24, 5.79606280996e-24, 4.07258829765e-24, 5.09009304207e-24, 5.82625409452e-24, 6.13251474704e-24, 5.54105287272e-24, 6.07235503112e-24, 6.67735336415e-24, 5.5968600486e-24, 4.70694330041e-24, 5.79470123603e-24, 6.77822343038e-24, 6.96196254584e-24, 7.01054296697e-24, 7.97445131819e-24, 7.41561120888e-24, 6.32129310597e-24, 5.99073277655e-24, 7.67284849488e-24], "max": [0.113951444626, 0.0331847108901, 0.00967502314597, 0.0145832505077, 0.0123722814023, 0.0105789527297, 0.0131336096674, 0.00970006641001, 0.00373994675465, 0.00533314188942, 0.0042870445177, 0.00432086456567, 0.00423742365092, 0.0039183748886, 0.00129021226894, 0.00111516809557, 0.0009996809531, 0.00241645006463, 0.00186426797882, 0.00080791558139, 0.000520010828041, 0.000333583157044, 0.000332694937242, 0.000391177367419, 0.000250707496889, 0.000296322541544, 0.00034413675894, 0.000290758151095, 0.000242650188738, 0.000335528660798, 0.000191736922716, 0.0001353884727, 0.000120410601085, 7.79907059041e-05, 6.26540495432e-05, 4.0382543375e-05, 2.08139954339e-05, 1.40036245284e-05, 8.19076831249e-06, 2.05687365451e-06], "dvar2": [0.000295821053442, 2.27948494285e-05, 1.00575130091e-06, 7.27799260858e-07, 7.14907969268e-07, 1.16558248919e-06, 6.41113842903e-07, 4.27174910556e-07, 1.11019247129e-07, 1.78172541609e-07, 1.30113633645e-07, 1.34257646778e-07, 8.31903435028e-08, 6.71426434451e-08, 1.13558114023e-08, 7.56449747286e-09, 5.56206902758e-09, 7.94185606168e-09, 7.91243248699e-09, 3.24916560324e-09, 1.48001833011e-09, 8.62387716793e-10, 5.28449894954e-10, 4.58967003292e-10, 9.18307652142e-10, 5.34057353896e-10, 4.26236240747e-10, 3.88166498944e-10, 2.25814200672e-10, 2.02044631026e-10, 1.33650049361e-10, 9.14627262816e-11, 4.98883677424e-11, 1.62097123918e-11, 8.30990398021e-12, 2.9488295486e-12, 1.4972719245e-12, 6.62456363636e-13, 2.60878233078e-13, 1.50389395354e-14], "median": [0.000738124013878, 0.000460778130218, 0.000346629996784, 0.000288597715553, 0.000243380171014, 0.000207221921301, 0.000159525341587, 0.000117112649605, 7.58321548346e-05, 8.38690029923e-05, 7.96620442998e-05, 0.000101969431853, 6.91696550348e-05, 5.15084284416e-05, 3.81458448828e-05, 3.66063322872e-05, 3.0294584576e-05, 2.77217914118e-05, 2.68355070148e-05, 2.12743816519e-05, 1.51537969941e-05, 1.11234394353e-05, 1.07123096313e-05, 1.08072781586e-05, 1.05271628854e-05, 1.00676188595e-05, 7.88296711107e-06, 5.09740402777e-06, 4.76291370433e-06, 3.88745866076e-06, 3.32956187776e-06, 2.59038824879e-06, 1.9759627321e-06, 1.25164410747e-06, 6.52076664664e-07, 3.78635547804e-07, 2.26984198548e-07, 8.94852689726e-08, 3.36041949822e-08, 1.16187184318e-08], "dmean2": [0.00690770801157, 0.00216121110134, 0.000688657164574, 0.000548924843315, 0.000500412716065, 0.000576132093556, 0.000414060690673, 0.000349130539689, 0.000186586956261, 0.000228043703828, 0.000187597586773, 0.000228939898079, 0.000168392361957, 0.000127097999211, 6.77163043292e-05, 5.83324617764e-05, 4.83699041069e-05, 4.53414540971e-05, 4.851907579e-05, 3.50013833668e-05, 2.38424472627e-05, 1.88174471987e-05, 1.52185448314e-05, 1.44468694998e-05, 1.79472590389e-05, 1.49823490574e-05, 1.2188306755e-05, 1.06230918391e-05, 8.7547387011e-06, 7.01979979567e-06, 6.1042624111e-06, 5.11639245815e-06, 3.40647625308e-06, 2.10573921322e-06, 1.36038011078e-06, 8.07226058441e-07, 5.51500136226e-07, 3.42204714343e-07, 1.87311059108e-07, 5.63447635216e-08], "dmean": [0.0041962293908, 0.00132383452728, 0.000422284414526, 0.000337296136422, 0.000310372881358, 0.000351171154762, 0.000252472324064, 0.000206319527933, 0.000112174631795, 0.000136464921525, 0.000112187568448, 0.000135273512569, 9.87775056274e-05, 7.42788397474e-05, 4.05499304179e-05, 3.47813147528e-05, 2.8705531804e-05, 2.71081116807e-05, 2.94415567623e-05, 2.11525129998e-05, 1.41688924487e-05, 1.15655720947e-05, 9.31840440899e-06, 8.85031022335e-06, 1.09232223622e-05, 9.3358430604e-06, 7.68206427892e-06, 6.81042001816e-06, 5.77507489652e-06, 4.68942971565e-06, 4.03567673857e-06, 3.41779627888e-06, 2.26757856581e-06, 1.40809470395e-06, 9.06646732801e-07, 5.38347933343e-07, 3.71905457541e-07, 2.31581083199e-07, 1.26198230532e-07, 3.59768357328e-08], "var": [0.000113740592496, 9.27536439121e-06, 6.28532802693e-07, 4.26916045626e-07, 4.4685734224e-07, 6.55306735098e-07, 4.09849775451e-07, 2.61590997752e-07, 7.33991072366e-08, 1.01833684596e-07, 7.18587784831e-08, 7.79554980568e-08, 5.13762721255e-08, 3.79367435244e-08, 8.71115890533e-09, 5.90919979615e-09, 3.90921250926e-09, 5.21233411988e-09, 6.70905109246e-09, 3.10112446833e-09, 1.18387988302e-09, 6.72371380794e-10, 4.80793904689e-10, 4.24793394904e-10, 4.99830676848e-10, 4.46970682688e-10, 4.09804246093e-10, 3.80716902448e-10, 3.04991198963e-10, 2.47492581984e-10, 1.86424820026e-10, 1.25530835726e-10, 6.98180957492e-11, 2.19904545962e-11, 8.23032961228e-12, 2.96590182969e-12, 1.37221299861e-12, 5.91422798322e-13, 1.85870280755e-13, 8.77091097234e-15], "dvar": [0.000112001667731, 9.09818845685e-06, 4.10439014331e-07, 2.87067024374e-07, 2.84688837837e-07, 4.44006985845e-07, 2.48420406024e-07, 1.54975523969e-07, 4.19174597255e-08, 6.50563762861e-08, 4.77829722456e-08, 4.85801336936e-08, 3.10208534415e-08, 2.37068586983e-08, 4.20233670084e-09, 2.78324119307e-09, 2.05325667579e-09, 2.91042523415e-09, 3.12807824088e-09, 1.24198640261e-09, 5.42072331466e-10, 3.39276717831e-10, 2.04982697483e-10, 1.8340243213e-10, 3.47966960801e-10, 2.18803516971e-10, 1.73924027957e-10, 1.6902172717e-10, 1.02653656409e-10, 9.32370430862e-11, 6.39064010044e-11, 4.29030803939e-11, 2.3335373564e-11, 7.70724976895e-12, 3.75611694525e-12, 1.40230839094e-12, 6.95033874204e-13, 3.15074924701e-13, 1.21148601676e-13, 6.6571385584e-15], "mean": [0.00442107301205, 0.00148922938388, 0.000611635216046, 0.000494442356285, 0.000457814807305, 0.000493615691084, 0.000381975987693, 0.000306940899463, 0.00017010080046, 0.000201098635443, 0.00017550989287, 0.000205005839234, 0.000151853906573, 0.000113195870654, 7.06726568751e-05, 6.1843842559e-05, 4.95305212098e-05, 4.86340504722e-05, 5.53958489036e-05, 4.03785343224e-05, 2.61603108811e-05, 1.99673304451e-05, 1.77383171831e-05, 1.7309021132e-05, 1.78789468919e-05, 1.71408373717e-05, 1.50050291268e-05, 1.24943780975e-05, 1.14476761155e-05, 9.2648106147e-06, 7.87704811955e-06, 6.38389383312e-06, 4.53359280073e-06, 2.77049571196e-06, 1.61380808095e-06, 9.52818425048e-07, 6.18905062311e-07, 3.49651571696e-07, 1.6080193177e-07, 4.10461211686e-08]}, "spectral_entropy": {"min": 5.67827224731, "max": 9.81682777405, "dvar2": 0.0333569943905, "median": 7.81615257263, "dmean2": 0.182610154152, "dmean": 0.119254902005, "var": 0.104347400367, "dvar": 0.01517532859, "mean": 7.75944805145}, "spectral_rolloff": {"min": 43.06640625, "max": 22028.4667969, "dvar2": 92596512, "median": 20951.8066406, "dmean2": 6353.05078125, "dmean": 3438.51245117, "var": 74989720, "dvar": 39255820, "mean": 15378.5654297}, "barkbands": {"min": [1.17920111404e-24, 3.67900113735e-24, 1.07215051983e-24, 1.74131026294e-24, 2.21603949818e-23, 6.0135229681e-24, 1.07311651945e-23, 1.38605874496e-23, 2.15890435386e-23, 1.2456450537e-23, 1.02120079442e-23, 3.59492150217e-23, 3.0005839143e-23, 5.59201596932e-23, 4.85479484559e-23, 5.99470863551e-23, 1.06078075438e-22, 1.1564284352e-22, 1.64956785381e-22, 1.89672163573e-22, 2.58157722594e-22, 3.51526264351e-22, 4.15506443104e-22, 6.00526207981e-22, 8.80818004424e-22, 1.26077047391e-21, 2.05645218606e-21], "max": [0.112540893257, 0.348040163517, 0.032113045454, 0.0269535630941, 0.0517033822834, 0.0519422218204, 0.0602434054017, 0.022085307166, 0.0366878695786, 0.026030248031, 0.0268719270825, 0.0299353636801, 0.00983138475567, 0.00949348229915, 0.0281607098877, 0.00933315511793, 0.0064201746136, 0.0072325784713, 0.00613292912021, 0.00876136124134, 0.00988469645381, 0.00518654519692, 0.00305788777769, 0.0010622930713, 0.000174026557943, 0.00130644440651, 0.0170998387039], "dvar2": [0.000305619178107, 0.00231751590036, 1.10746377686e-05, 6.40144389763e-06, 1.26771792566e-05, 2.55253016803e-05, 1.76854355232e-05, 4.28662269769e-06, 7.82419101597e-06, 6.11240602666e-06, 4.49141043646e-06, 3.85947259929e-06, 7.83250129643e-07, 5.41648660146e-07, 1.30528690079e-06, 4.51812837809e-07, 2.17776047862e-07, 1.73379930857e-07, 3.62059211056e-07, 3.3303319924e-07, 2.22258478288e-07, 1.36657391181e-07, 2.4640321783e-08, 4.9510813227e-09, 1.7274268127e-10, 1.03940775986e-08, 4.01598015287e-07], "median": [0.000574884004891, 0.00198217248544, 0.000690465734806, 0.000570290954784, 0.00147761474364, 0.00108256447129, 0.000735913985409, 0.000400325283408, 0.000591037445702, 0.000629806192592, 0.000479900074424, 0.000424375757575, 0.000370720226783, 0.000321904371958, 0.000356991949957, 0.000288295297651, 0.00019015117141, 0.000232586957281, 0.000261879118625, 0.000214936881093, 0.000172174972249, 0.000120476026495, 4.70282975584e-05, 1.38084251375e-05, 1.41264058584e-06, 2.48513788392e-05, 0.00084778649034], "dmean2": [0.00800337735564, 0.0188744273037, 0.00215588789433, 0.0015882239677, 0.0024431378115, 0.00283304043114, 0.00220360630192, 0.00111736066174, 0.0015388247557, 0.0015229556011, 0.00125802878756, 0.000995169160888, 0.000598271144554, 0.000491862650961, 0.00062123592943, 0.000433137320215, 0.000300583749777, 0.000289924355457, 0.000382618803997, 0.000326871697325, 0.000257247360423, 0.000198002438992, 7.94394291006e-05, 3.15807301376e-05, 6.2961180447e-06, 5.00199421367e-05, 0.000468607177027], "dmean": [0.00465379375964, 0.0115562826395, 0.00128893239889, 0.000961039389949, 0.00151284819003, 0.00174468802288, 0.0013261368731, 0.000672570720781, 0.000920659163967, 0.000901887193322, 0.000741812225897, 0.000584907887969, 0.000357373035513, 0.000291153992293, 0.000376473879442, 0.00025784727768, 0.000184936405276, 0.000179246038897, 0.000240611538175, 0.000210795697058, 0.000178327318281, 0.000135072186822, 5.42457819392e-05, 2.22088601731e-05, 3.99323880629e-06, 3.57364187948e-05, 0.000321901054122], "var": [0.000107037900307, 0.000913147523534, 5.64751644561e-06, 3.38606287187e-06, 8.00407633506e-06, 1.58077364176e-05, 1.08325211841e-05, 2.73127420769e-06, 4.67438985652e-06, 3.37411324836e-06, 2.788683787e-06, 2.33613513956e-06, 6.29753174053e-07, 3.85454256957e-07, 1.17605407013e-06, 4.12545546169e-07, 1.87258621054e-07, 1.78103860549e-07, 2.85277337753e-07, 3.7305582623e-07, 3.89445915516e-07, 2.32160459746e-07, 3.16727053473e-08, 5.40362243839e-09, 1.03051844835e-10, 1.51727199693e-08, 2.06682238968e-06], "dvar": [0.000103437319922, 0.000913390016649, 4.26533915743e-06, 2.55280997408e-06, 4.98523104397e-06, 9.95448408503e-06, 6.59952775095e-06, 1.58514023951e-06, 2.87193915938e-06, 2.21218238039e-06, 1.67697180586e-06, 1.37451741011e-06, 2.89152268351e-07, 1.99997998607e-07, 5.15434635417e-07, 1.67780015659e-07, 8.65562128638e-08, 6.94518220712e-08, 1.48313787918e-07, 1.4367356016e-07, 1.14345425573e-07, 6.79346356947e-08, 1.19183356517e-08, 2.47970288747e-09, 7.63187638086e-11, 5.32505817219e-09, 2.11415027707e-07], "mean": [0.00464625097811, 0.0120495120063, 0.00155696528964, 0.0011982570868, 0.00236307294108, 0.00249604345299, 0.00192235352006, 0.000989636639133, 0.00139245169703, 0.00130290712696, 0.00109661964234, 0.000915947661269, 0.000637879711576, 0.000514643266797, 0.00072463118704, 0.000497402041219, 0.000335482502123, 0.000366517808288, 0.000442271848442, 0.000435219582869, 0.000388073996874, 0.000279223953839, 0.000106319443148, 3.78180775442e-05, 4.65717812403e-06, 6.96333663655e-05, 0.0012433148222]}, "melbands_flatness_db": {"min": 0.00256587681361, "max": 0.545333981514, "dvar2": 0.00202028779313, "median": 0.181907683611, "dmean2": 0.0482663437724, "dmean": 0.0319001302123, "var": 0.00617618579417, "dvar": 0.000921222614124, "mean": 0.193265035748}, "melbands_skewness": {"min": -2.61713862419, "max": 29.522611618, "dvar2": 3.18187999725, "median": 1.84252285957, "dmean2": 1.43812334538, "dmean": 0.915865004063, "var": 5.47927427292, "dvar": 1.29239714146, "mean": 2.50748729706}, "barkbands_skewness": {"min": -2.1972258091, "max": 15.964097023, "dvar2": 1.65853857994, "median": 1.47718024254, "dmean2": 1.05654871464, "dmean": 0.684171259403, "var": 3.22989010811, "dvar": 0.673057079315, "mean": 1.84050512314}, "silence_rate_60dB": {"min": 0, "max": 1, "dvar2": 0.0204984396696, "median": 0, "dmean2": 0.0178429819643, "dmean": 0.00892060622573, "var": 0.0549670308828, "dvar": 0.00884102936834, "mean": 0.0583746284246}, "spectral_energyband_low": {"min": 1.15535495328e-23, "max": 0.385778605938, "dvar2": 0.00318432506174, "median": 0.00468741962686, "dmean2": 0.0245340764523, "dmean": 0.0150663526729, "var": 0.00132623512764, "dvar": 0.00120632781181, "mean": 0.0176128521562}, "spectral_energyband_middle_low": {"min": 1.80715537829e-22, "max": 0.0831876918674, "dvar2": 6.93822148605e-05, "median": 0.0084071662277, "dmean2": 0.00669460976496, "dmean": 0.00424009049311, "var": 9.11818497116e-05, "dvar": 2.7636089726e-05, "mean": 0.0106359841302}, "melbands_kurtosis": {"min": -1.8542548418, "max": 1365.51086426, "dvar2": 2221.41577148, "median": 4.01624011993, "dmean2": 16.9861412048, "dmean": 10.1305446625, "var": 2593.93432617, "dvar": 785.222229004, "mean": 15.8927087784}, "spectral_decrease": {"min": -1.03439084853e-07, "max": 2.94247848309e-09, "dvar2": 2.22211814523e-16, "median": -3.99490529546e-09, "dmean2": 7.71611308181e-09, "dmean": 4.8071719938e-09, "var": 1.1232326566e-16, "dvar": 8.47862841019e-17, "mean": -7.41478478616e-09}, "erbbands_kurtosis": {"min": -1.79079318047, "max": 42.2078094482, "dvar2": 4.10061311722, "median": -0.12208019197, "dmean2": 1.36862719059, "dmean": 0.854721307755, "var": 5.43029880524, "dvar": 1.75599575043, "mean": 0.423395097256}, "melbands_crest": {"min": 1.76200282574, "max": 38.5133895874, "dvar2": 40.3826713562, "median": 12.3526210785, "dmean2": 7.21646642685, "dmean": 4.49914646149, "var": 63.7289886475, "dvar": 16.5084609985, "mean": 14.6786136627}, "melbands_spread": {"min": 0.326820522547, "max": 185.732131958, "dvar2": 314.087371826, "median": 23.1770172119, "dmean2": 14.3508710861, "dmean": 9.50295162201, "var": 595.734008789, "dvar": 163.999450684, "mean": 28.8557243347}, "spectral_energy": {"min": 1.01509868016e-20, "max": 0.394482642412, "dvar2": 0.00316541269422, "median": 0.0315846130252, "dmean2": 0.0297494176775, "dmean": 0.0189255513251, "var": 0.00201126863249, "dvar": 0.00122397800442, "mean": 0.0440914519131}, "mfcc": {"mean": [-642.2421875, 130.472473145, -20.9700279236, 34.5827255249, -14.8687734604, 17.5402202606, -5.06282377243, 8.84968471527, -4.46812295914, 4.45648288727, -3.95812988281, 0.761239230633, -0.279464572668], "icov": [[0.000139591866173, -3.6079032725e-05, 0.000148623599671, -0.000137386756251, 0.000248839962296, -0.000106854757178, 7.95962696429e-05, -5.76180609642e-05, 1.71908559423e-05, -0.000212884478969, 0.000192829073058, -7.49193277443e-05, -7.58048236094e-06], [-3.6079032725e-05, 0.000900898769032, 0.000203721428989, 0.0005834379117, -0.000299505889416, -0.000389357213862, 0.000158751703566, 5.88899056311e-05, 3.97343064833e-05, 0.000192147563212, -0.000697849551216, 0.000606016314123, -0.000810637837276], [0.000148623599671, 0.000203721428989, 0.00299387704581, -0.000735489942599, -0.000662078789901, 0.00104087847285, -0.00209681596607, 0.000473257852718, -0.000249951001024, -0.000558810133953, -0.000624395906925, -0.000645001709927, 0.000801181420684], [-0.000137386756251, 0.0005834379117, -0.000735489942599, 0.00413996446878, -0.000121719880553, -0.0020299453754, 0.00127517513465, -0.00247185095213, 0.001324616489, -0.000131479508127, -0.000437932380009, -0.000989224761724, 0.000910361064598], [0.000248839962296, -0.000299505889416, -0.000662078789901, -0.000121719880553, 0.00750238960609, -0.00198940886185, -0.00307320803404, 0.0016681777779, -0.00194756616838, 0.00121251726523, -0.000556909304578, -2.24884697673e-05, -0.00107048253994], [-0.000106854757178, -0.000389357213862, 0.00104087847285, -0.0020299453754, -0.00198940886185, 0.0107711041346, -0.00352669949643, -0.00362204876728, 0.00209505390376, -0.00156717270147, 0.00217722123489, -0.00076247472316, -0.00190628657583], [7.95962696429e-05, 0.000158751703566, -0.00209681596607, 0.00127517513465, -0.00307320803404, -0.00352669949643, 0.014266744256, -0.00533702597022, -0.0016632162733, 0.00492187263444, -0.00291542941704, -0.000898388854694, 0.000200915237656], [-5.76180609642e-05, 5.88899056311e-05, 0.000473257852718, -0.00247185095213, 0.0016681777779, -0.00362204876728, -0.00533702597022, 0.0199486147612, -0.00466016260907, -0.00349893607199, 0.00301399710588, -0.00357507541776, 0.00241794949397], [1.71908559423e-05, 3.97343064833e-05, -0.000249951001024, 0.001324616489, -0.00194756616838, 0.00209505390376, -0.0016632162733, -0.00466016260907, 0.0188858173788, -0.00859691668302, -0.00340242497623, 0.0040322621353, -0.00389052531682], [-0.000212884478969, 0.000192147563212, -0.000558810133953, -0.000131479508127, 0.00121251726523, -0.00156717270147, 0.00492187263444, -0.00349893607199, -0.00859691668302, 0.0212359949946, -0.00707433465868, -0.00404122658074, 0.0034243427217], [0.000192829073058, -0.000697849551216, -0.000624395906925, -0.000437932380009, -0.000556909304578, 0.00217722123489, -0.00291542941704, 0.00301399710588, -0.00340242497623, -0.00707433465868, 0.0227061118931, -0.00693729519844, -0.00088684289949], [-7.49193277443e-05, 0.000606016314123, -0.000645001709927, -0.000989224761724, -2.24884697673e-05, -0.00076247472316, -0.000898388854694, -0.00357507541776, 0.0040322621353, -0.00404122658074, -0.00693729519844, 0.0234140846878, -0.0100927669555], [-7.58048236094e-06, -0.000810637837276, 0.000801181420684, 0.000910361064598, -0.00107048253994, -0.00190628657583, 0.000200915237656, 0.00241794949397, -0.00389052531682, 0.0034243427217, -0.00088684289949, -0.0100927669555, 0.0229091569781]], "cov": [[10608.2998047, 16.4746780396, -902.357116699, 469.536102295, -649.128479004, 141.890014648, -394.309692383, 116.4584198, -120.587478638, 146.898757935, -173.964538574, 5.01291847229, -57.3288421631], [16.4746780396, 1506.71240234, -188.221679688, -313.596862793, 70.8599472046, -4.59335231781, -12.0298509598, -71.2153396606, 17.4121246338, -36.6911125183, 27.8543357849, -37.0696716309, 76.1036911011], [-902.357116699, -188.221679688, 571.406555176, 96.5367889404, 146.406478882, 22.388053894, 149.596969604, 44.0504684448, 52.2507514954, 26.791015625, 66.1570892334, 51.2094421387, 1.95507383347], [469.536102295, -313.596862793, 96.5367889404, 452.466156006, -1.10992133617, 122.583885193, 32.0786094666, 102.962547302, -11.4468870163, 41.4298553467, 3.85649418831, 55.3098907471, -16.9177417755], [-649.128479004, 70.8599472046, 146.406478882, -1.10992133617, 251.034744263, 64.6111297607, 118.337654114, 19.8300361633, 40.2386779785, -8.62762737274, 36.9160385132, 26.4779071808, 32.4094314575], [141.890014648, -4.59335231781, 22.388053894, 122.583885193, 64.6111297607, 181.524475098, 75.1459121704, 69.9923095703, 4.83435201645, 13.4571094513, 3.04592847824, 36.6617774963, 19.3866996765], [-394.309692383, -12.0298509598, 149.596969604, 32.0786094666, 118.337654114, 75.1459121704, 169.670318604, 54.3817253113, 33.616104126, -3.4113702774, 33.0917472839, 33.9205665588, 19.9358558655], [116.4584198, -71.2153396606, 44.0504684448, 102.962547302, 19.8300361633, 69.9923095703, 54.3817253113, 104.8097229, 29.5210762024, 34.4279403687, 12.3948926926, 33.6831130981, 2.28456163406], [-120.587478638, 17.4121246338, 52.2507514954, -11.4468870163, 40.2386779785, 4.83435201645, 33.616104126, 29.5210762024, 96.8479919434, 47.5688362122, 38.513420105, 15.9156017303, 15.9150629044], [146.898757935, -36.6911125183, 26.791015625, 41.4298553467, -8.62762737274, 13.4571094513, -3.4113702774, 34.4279403687, 47.5688362122, 95.37840271, 38.7284660339, 29.9903030396, 1.81316745281], [-173.964538574, 27.8543357849, 66.1570892334, 3.85649418831, 36.9160385132, 3.04592847824, 33.0917472839, 12.3948926926, 38.513420105, 38.7284660339, 81.0854568481, 36.1175613403, 18.6434631348], [5.01291847229, -37.0696716309, 51.2094421387, 55.3098907471, 26.4779071808, 36.6617774963, 33.9205665588, 33.6831130981, 15.9156017303, 29.9903030396, 36.1175613403, 81.4369125366, 30.6322059631], [-57.3288421631, 76.1036911011, 1.95507383347, -16.9177417755, 32.4094314575, 19.3866996765, 19.9358558655, 2.28456163406, 15.9150629044, 1.81316745281, 18.6434631348, 30.6322059631, 66.2887954712]]}, "spectral_contrast_valleys": {"min": [-27.9010658264, -27.6662025452, -28.0246105194, -27.6940059662, -27.3915920258, -27.4365959167], "max": [-4.91634988785, -4.66353845596, -4.90413379669, -5.53111362457, -5.46157264709, -8.41018199921], "dvar2": [0.377389162779, 0.251780897379, 0.215817674994, 0.150718942285, 0.150502830744, 0.523064374924], "median": [-6.98459529877, -6.26376485825, -6.55575466156, -6.93647575378, -6.93941783905, -10.7769908905], "dmean2": [0.742268323898, 0.607893824577, 0.522246778011, 0.420421391726, 0.358635693789, 0.772468447685], "dmean": [0.470989257097, 0.374077856541, 0.323419868946, 0.264429450035, 0.242244228721, 0.505111753941], "var": [2.26222133636, 2.25792527199, 2.30010342598, 2.44498443604, 2.65478301048, 1.8743699789], "dvar": [0.177064836025, 0.10571937263, 0.0958310812712, 0.0735078081489, 0.0787122920156, 0.217530801892], "mean": [-7.25696468353, -6.52329206467, -6.84772825241, -7.30088663101, -7.26754665375, -10.9738874435]}, "barkbands_flatness_db": {"min": 0.0124811893329, "max": 0.392133593559, "dvar2": 0.00139875744935, "median": 0.094462916255, "dmean2": 0.0376215353608, "dmean": 0.0239121839404, "var": 0.00322084804066, "dvar": 0.0005818848731, "mean": 0.106743298471}, "dynamic_complexity": 3.62752485275, "spectral_skewness": {"min": -0.0764265134931, "max": 7.99767112732, "dvar2": 0.176057785749, "median": 2.26633167267, "dmean2": 0.355424255133, "dmean": 0.235277175903, "var": 0.621755421162, "dvar": 0.0775295943022, "mean": 2.36110520363}, "erbbands_flatness_db": {"min": 0.0209932662547, "max": 0.340118855238, "dvar2": 0.000470858649351, "median": 0.123684853315, "dmean2": 0.0253196917474, "dmean": 0.0165723394603, "var": 0.00129044277128, "dvar": 0.000218957473407, "mean": 0.127638041973}, "hfc": {"min": 1.12402847053e-16, "max": 1176.93566895, "dvar2": 7337.43603516, "median": 147.424789429, "dmean2": 67.019859