{"lowlevel": {"spectral_complexity": {"min": 0, "max": 36, "dvar2": 11.8786849976, "median": 10, "dmean2": 3.13009905815, "dmean": 2.01029324532, "var": 22.1216373444, "dvar": 5.36301231384, "mean": 9.94763946533}, "silence_rate_20dB": {"min": 1, "max": 1, "dvar2": 0, "median": 1, "dmean2": 0, "dmean": 0, "var": 0, "dvar": 0, "mean": 1}, "average_loudness": 0.934227526188, "erbbands_spread": {"min": 1.65424919128, "max": 165.954650879, "dvar2": 120.664649963, "median": 27.3593864441, "dmean2": 9.29626750946, "dmean": 6.42149114609, "var": 264.036346436, "dvar": 58.3059959412, "mean": 29.6701335907}, "spectral_kurtosis": {"min": -1.33405554295, "max": 40.3870544434, "dvar2": 10.5838623047, "median": 5.08428239822, "dmean2": 3.20616722107, "dmean": 1.89710247517, "var": 8.93051815033, "dvar": 3.70644617081, "mean": 5.57332897186}, "barkbands_kurtosis": {"min": -1.94509077072, "max": 785.631225586, "dvar2": 269.802368164, "median": 2.16877985001, "dmean2": 5.45157337189, "dmean": 3.60291171074, "var": 486.722473145, "dvar": 121.497779846, "mean": 5.88218021393}, "spectral_strongpeak": {"min": 0, "max": 23.2932071686, "dvar2": 6.94674158096, "median": 0.568670928478, "dmean2": 1.46525228024, "dmean": 0.915185153484, "var": 9.58927249908, "dvar": 3.10019826889, "mean": 1.95952832699}, "spectral_spread": {"min": 1295963.875, "max": 42277444, "dvar2": 825240977408, "median": 3591897.75, "dmean2": 519405, "dmean": 358075.15625, "var": 14714908180500.0, "dvar": 453047320576, "mean": 4105651.5}, "spectral_rms": {"min": 3.13301207894e-12, "max": 0.0063737439923, "dvar2": 5.7861990399e-07, "median": 0.00335634197108, "dmean2": 0.000653969938867, "dmean": 0.000450561754405, "var": 1.69173779341e-06, "dvar": 2.96472904893e-07, "mean": 0.0031232398469}, "erbbands": {"min": [1.00600818536e-22, 1.10370268885e-21, 3.98074692119e-21, 6.22978274816e-21, 2.55197368188e-20, 3.27329940983e-20, 5.86989205406e-20, 5.41055219756e-20, 1.46140480362e-19, 1.82448242106e-19, 4.59259154691e-19, 3.54008512604e-19, 5.91136249557e-19, 8.97779133666e-19, 1.00386277248e-18, 7.0265896279e-19, 1.55420505916e-18, 2.56334524395e-18, 2.82449319437e-18, 2.66705549479e-18, 4.38115053386e-18, 3.74303900751e-18, 4.88620261406e-18, 7.48848676496e-18, 7.51750260649e-18, 8.53241268624e-18, 7.51833309582e-18, 9.91743811363e-18, 1.04429707722e-17, 1.03327340663e-17, 1.19577452689e-17, 1.17312880326e-17, 1.00533728396e-17, 7.56177331287e-18, 6.47603258444e-18, 4.78295682513e-18, 2.37903348025e-18, 9.95298971597e-19, 2.27863210695e-19, 2.78572684505e-20], "max": [0.739109158516, 7.85546827316, 28.3520526886, 27.0336685181, 80.1134338379, 65.1773986816, 146.896377563, 136.01550293, 197.05770874, 370.711456299, 342.450927734, 620.520446777, 707.575744629, 710.491394043, 572.560180664, 566.178771973, 708.596496582, 796.456787109, 866.200012207, 851.452270508, 1223.21594238, 577.436645508, 1123.3659668, 2301.39038086, 1774.22351074, 557.360351563, 291.107116699, 358.329528809, 115.847648621, 127.778083801, 50.5305900574, 30.9445571899, 31.9417076111, 31.8269023895, 21.3877906799, 6.99882411957, 1.00812149048, 0.0777058303356, 0.0020164961461, 0.000164482858963], "dvar2": [0.0037645350676, 0.972825109959, 10.0849723816, 5.37868928909, 59.5953712463, 10.4433345795, 51.03150177, 117.607780457, 97.4600906372, 175.092727661, 688.573425293, 1036.31408691, 1308.12878418, 715.122131348, 883.121520996, 1171.71447754, 1220.61254883, 1612.7409668, 2079.91821289, 1128.10302734, 4805.76025391, 1297.56433105, 5244.58300781, 11016.7177734, 5481.46142578, 1071.90234375, 215.411941528, 143.06678772, 40.1152801514, 13.5649738312, 3.21493148804, 1.18933081627, 0.858575344086, 0.693441092968, 0.378630906343, 0.0211386736482, 0.000487857701955, 6.21877325102e-06, 3.57657703454e-09, 6.36617633609e-11], "median": [0.00356197403744, 0.0483380630612, 0.204460024834, 0.329571157694, 0.342374622822, 0.413941502571, 1.00391232967, 2.7294178009, 3.6668305397, 3.08652830124, 3.62809586525, 3.78773021698, 2.82153439522, 1.70774185658, 1.66050565243, 2.5849943161, 2.48156809807, 2.37446331978, 2.58317899704, 3.01214909554, 3.7125813961, 4.33546304703, 4.29548740387, 3.60935354233, 2.8471262455, 1.74121630192, 0.95153683424, 0.6616076231, 0.397956192493, 0.276624292135, 0.141731113195, 0.100142352283, 0.0492615625262, 0.0251590777189, 0.0118418335915, 0.0045490860939, 0.00138697039802, 0.000263635098236, 1.41478431033e-05, 1.49587958731e-05], "dmean2": [0.0312276370823, 0.4482203722, 1.2976411581, 1.05167102814, 2.23439288139, 1.29531776905, 3.15062856674, 5.13502073288, 4.93085765839, 4.82940196991, 8.58676242828, 10.8439044952, 11.1499052048, 6.916410923, 9.90374279022, 11.8134593964, 11.3611268997, 14.1874074936, 15.6143131256, 11.9400587082, 25.8722991943, 15.4147415161, 26.2801456451, 29.9771080017, 22.3909111023, 11.1548719406, 5.21655797958, 4.21784591675, 2.32230734825, 1.23721599579, 0.641186594963, 0.364507257938, 0.250360220671, 0.155109301209, 0.0708022117615, 0.0199443940073, 0.00439481856301, 0.00066947680898, 1.76335215656e-05, 5.96032532485e-06], "dmean": [0.0193946082145, 0.28618234396, 0.866803884506, 0.641917645931, 1.3937497139, 0.866702318192, 2.037722826, 3.48919725418, 3.63584756851, 3.34389996529, 5.86461782455, 7.58206272125, 8.13054084778, 5.26840782166, 7.04011297226, 8.53737545013, 8.07444000244, 10.3412752151, 10.9286670685, 8.48525905609, 17.4246044159, 10.5516328812, 18.5967750549, 19.894487381, 15.0663337708, 7.40041923523, 3.40076994896, 2.72426652908, 1.52395784855, 0.833984732628, 0.435821264982, 0.248028770089, 0.172667354345, 0.105154030025, 0.0459592081606, 0.0134915793315, 0.00299596204422, 0.000448489299743, 1.19424485092e-05, 4.02118803322e-06], "var": [0.00476170843467, 0.98528021574, 14.0018062592, 3.24535751343, 26.0125675201, 10.7587308884, 82.1328048706, 194.479949951, 218.526260376, 256.632019043, 670.742919922, 1190.73364258, 2673.97729492, 1340.45849609, 1703.29931641, 2140.92163086, 1672.00048828, 3126.90063477, 3270.39672852, 3100.84423828, 8556.96679688, 1575.79614258, 9680.77929688, 13520.5302734, 7942.12988281, 1307.38708496, 218.531158447, 125.232414246, 30.1476078033, 10.7538032532, 3.12358498573, 1.30226516724, 1.07152032852, 0.627543509007, 0.177359759808, 0.0146049596369, 0.000413001602283, 5.09477740707e-06, 3.24232307669e-09, 1.26853513804e-10], "dvar": [0.00148491503205, 0.383703708649, 4.56348276138, 2.02956438065, 24.72448349, 4.85252046585, 21.7840862274, 52.3866577148, 53.1303825378, 96.7202148438, 314.748474121, 505.343780518, 723.724121094, 473.891876221, 434.025512695, 625.221313477, 650.139160156, 912.700195313, 1126.85534668, 718.989562988, 2333.33642578, 612.983215332, 2707.73925781, 4644.56054688, 2522.99389648, 485.06817627, 90.3876113892, 64.745223999, 17.7038707733, 5.83183526993, 1.47012114525, 0.587198853493, 0.477323353291, 0.352564364672, 0.152620375156, 0.0101158982143, 0.000237221887801, 2.71800900009e-06, 1.61112090336e-09, 2.98045199632e-11], "mean": [0.0320525206625, 0.522968173027, 1.62572753429, 1.04034876823, 1.69225633144, 1.48416864872, 3.9508907795, 7.87927722931, 8.42261600494, 6.87999773026, 11.2931470871, 14.6261863708, 16.4723796844, 10.449634552, 15.167263031, 17.5069732666, 14.5979585648, 20.3255500793, 19.539686203, 17.2451782227, 34.947807312, 20.8240585327, 38.6436233521, 39.1257019043, 28.6749401093, 13.6924257278, 6.10697793961, 4.47753095627, 2.47654342651, 1.51080596447, 0.815423429012, 0.471099942923, 0.312251329422, 0.176279038191, 0.0735993608832, 0.0248892847449, 0.00604369910434, 0.000912790303119, 2.94535348075e-05, 1.5779698515e-05]}, "zerocrossingrate": {"min": 0.0029296875, "max": 0.52392578125, "dvar2": 0.000179233262315, "median": 0.05224609375, "dmean2": 0.00983009207994, "dmean": 0.00884535443038, "var": 0.00349574862048, "dvar": 0.000154049354023, "mean": 0.0655254870653}, "spectral_contrast_coeffs": {"min": [-0.974918544292, -0.996834814548, -0.998542368412, -0.988660156727, -0.989349603653, -0.964160323143], "max": [-0.351044684649, -0.371665269136, -0.392020016909, -0.459045261145, -0.400979667902, -0.560338973999], "dvar2": [0.00438350532204, 0.00308586354367, 0.00275192270055, 0.00181345362216, 0.00112202600576, 0.000825093826279], "median": [-0.679471731186, -0.729352355003, -0.732047498226, -0.762124061584, -0.76258122921, -0.763743638992], "dmean2": [0.0789122506976, 0.0657361596823, 0.0615802519023, 0.0498291663826, 0.0378320552409, 0.0289497245103], "dmean": [0.048489946872, 0.0418218709528, 0.0410155616701, 0.0330648198724, 0.02591474168, 0.0187815222889], "var": [0.00692013418302, 0.00628039101139, 0.00895208399743, 0.00740007311106, 0.00808952003717, 0.00285409879871], "dvar": [0.00164050539024, 0.0013022335479, 0.00141812709626, 0.000924508087337, 0.00063611700898, 0.000385634979466], "mean": [-0.67808008194, -0.722651064396, -0.718258321285, -0.74570530653, -0.743408679962, -0.754742741585]}, "dissonance": {"min": 0.285469859838, "max": 0.500000119209, "dvar2": 0.00106227316428, "median": 0.466418325901, "dmean2": 0.0325922816992, "dmean": 0.0195709876716, "var": 0.000953714887146, "dvar": 0.000394230737584, "mean": 0.459025859833}, "spectral_energyband_high": {"min": 6.8416770855e-21, "max": 0.0126732448116, "dvar2": 3.96423274651e-07, "median": 7.92172650108e-05, "dmean2": 0.000245163479121, "dmean": 0.000168067868799, "var": 4.57083075389e-07, "dvar": 1.79751936003e-07, "mean": 0.00035566027509}, "gfcc": {"mean": [-76.7857666016, 88.7251052856, -135.668731689, 32.585773468, -55.2319221497, 0.349484086037, -33.414352417, 14.7189388275, -18.9416980743, 5.73597621918, -11.1213521957, -0.202763944864, -14.1996202469], "icov": [[0.000363878585631, -0.00074035814032, 0.00106742768548, -0.00106007501017, 0.000933846458793, -0.00127511657774, 0.000805038784165, -0.000845440372359, 0.00061269570142, -0.000456887239125, 0.00029832785367, -0.000292511191219, -3.49753281625e-05], [-0.00074035814032, 0.00240627187304, -0.00261183478869, 0.0023952757474, -0.00228488980792, 0.00316411745735, -0.00187171250582, 0.00214078603312, -0.00116400548723, 0.00109507679008, -0.00081643240992, 0.000967530417256, -0.000115584698506], [0.00106742768548, -0.00261183478869, 0.00414903694764, -0.00337543897331, 0.00286501506343, -0.00448514381424, 0.00254412787035, -0.00253090192564, 0.00186000403482, -0.00129683606792, 0.000539965112694, 6.3192928792e-05, -0.000633264426142], [-0.00106007501017, 0.0023952757474, -0.00337543897331, 0.00533595541492, -0.0036691040732, 0.00438480498269, -0.0028335666284, 0.00181931036059, -0.00199153134599, 0.00117752735969, -0.000209282588912, 0.00098777632229, 0.000295930978609], [0.000933846458793, -0.00228488980792, 0.00286501506343, -0.0036691040732, 0.00703509291634, -0.00451881717891, 0.000625786080491, -0.000788114790339, -0.000465852004709, 1.36600829137e-05, -0.000526317744516, -0.00056427961681, -0.00063198315911], [-0.00127511657774, 0.00316411745735, -0.00448514381424, 0.00438480498269, -0.00451881717891, 0.00881576631218, -0.00368350185454, 0.00261030253023, -0.000975839560851, 0.000205992590054, 0.000576538033783, 0.000155823145178, 0.00132059759926], [0.000805038784165, -0.00187171250582, 0.00254412787035, -0.0028335666284, 0.000625786080491, -0.00368350185454, 0.00729312328622, -0.00440951623023, 0.00228964374401, -0.00131875544321, -0.00051239534514, -0.000562813947909, -0.000991142471321], [-0.000845440372359, 0.00214078603312, -0.00253090192564, 0.00181931036059, -0.000788114790339, 0.00261030253023, -0.00440951623023, 0.0115204006433, -0.00570359360427, 0.00374077958986, -0.00262493034825, 0.00286005903035, 0.001662066672], [0.00061269570142, -0.00116400548723, 0.00186000403482, -0.00199153134599, -0.000465852004709, -0.000975839560851, 0.00228964374401, -0.00570359360427, 0.0106170764193, -0.00539047829807, 0.00234007788822, -0.00104925432242, -0.000524868199136], [-0.000456887239125, 0.00109507679008, -0.00129683606792, 0.00117752735969, 1.36600829137e-05, 0.000205992590054, -0.00131875544321, 0.00374077958986, -0.00539047829807, 0.0123942643404, -0.00473448401317, 0.00227852677926, -0.000255035527516], [0.00029832785367, -0.00081643240992, 0.000539965112694, -0.000209282588912, -0.000526317744516, 0.000576538033783, -0.00051239534514, -0.00262493034825, 0.00234007788822, -0.00473448401317, 0.0146201448515, -0.0065844533965, 0.00284484936856], [-0.000292511191219, 0.000967530417256, 6.3192928792e-05, 0.00098777632229, -0.00056427961681, 0.000155823145178, -0.000562813947909, 0.00286005903035, -0.00104925432242, 0.00227852677926, -0.0065844533965, 0.0139836315066, -0.00562916137278], [-3.49753281625e-05, -0.000115584698506, -0.000633264426142, 0.000295930978609, -0.00063198315911, 0.00132059759926, -0.000991142471321, 0.001662066672, -0.000524868199136, -0.000255035527516, 0.00284484936856, -0.00562916137278, 0.0128445867449]], "cov": [[16187.8740234, 264.535797119, -2498.80566406, 710.200012207, -535.405212402, 179.890197754, -297.870910645, 176.788284302, -135.925552368, 32.4744949341, -122.833389282, 86.6246566772, -123.539405823], [264.535797119, 1676.19714355, 711.505065918, -42.0360565186, 130.403137207, -81.5208969116, 44.1722450256, -86.6220245361, -43.2951889038, -28.570526123, 18.4948692322, -54.3771972656, 51.0022735596], [-2498.80566406, 711.505065918, 1536.20056152, 112.359092712, 92.4983978271, 173.651107788, 44.6814002991, -0.164264440536, -21.0694046021, 2.80676031113, -17.7657489777, -117.252090454, 14.6577777863], [710.200012207, -42.0360565186, 112.359092712, 592.870544434, 146.662918091, -14.7478599548, 108.042831421, 90.8908615112, 77.5465393066, 5.37002372742, -12.1639289856, -38.4511604309, -12.1376686096], [-535.405212402, 130.403137207, 92.4983978271, 146.662918091, 339.259307861, 71.7099533081, 121.175537109, 16.4710197449, 59.3798217773, 5.54132556915, 24.963432312, 5.4885225296, 16.8484458923], [179.890197754, -81.5208969116, 173.651107788, -14.7478599548, 71.7099533081, 325.529998779, 62.8715629578, 12.1055498123, -15.0037088394, 21.2044906616, -11.6974878311, -8.96977519989, -19.5305175781], [-297.870910645, 44.1722450256, 44.6814002991, 108.042831421, 121.175537109, 62.8715629578, 272.059967041, 78.1366577148, 25.6547412872, 6.93192529678, 30.7744007111, -1.27054655552, 3.49382472038], [176.788284302, -86.6220245361, -0.164264440536, 90.8908615112, 16.4710197449, 12.1055498123, 78.1366577148, 181.233505249, 72.4241256714, -1.11052000523, 7.26157903671, -34.854888916, -34.2025146484], [-135.925552368, -43.2951889038, -21.0694046021, 77.5465393066, 59.3798217773, -15.0037088394, 25.6547412872, 72.4241256714, 172.821395874, 48.4710655212, 2.33926844597, -11.991771698, -4.2619304657], [32.4744949341, -28.570526123, 2.80676031113, 5.37002372742, 5.54132556915, 21.2044906616, 6.93192529678, -1.11052000523, 48.4710655212, 116.548416138, 27.2633800507, -1.2351244688, -3.66773605347], [-122.833389282, 18.4948692322, -17.7657489777, -12.1639289856, 24.963432312, -11.6974878311, 30.7744007111, 7.26157903671, 2.33926844597, 27.2633800507, 103.809768677, 42.3093528748, -0.710685670376], [86.6246566772, -54.3771972656, -117.252090454, -38.4511604309, 5.4885225296, -8.96977519989, -1.27054655552, -34.854888916, -11.991771698, -1.2351244688, 42.3093528748, 125.257392883, 45.4649963379], [-123.539405823, 51.0022735596, 14.6577777863, -12.1376686096, 16.8484458923, -19.5305175781, 3.49382472038, -34.2025146484, -4.2619304657, -3.66773605347, -0.710685670376, 45.4649963379, 106.346534729]]}, "spectral_flux": {"min": 6.23435955638e-11, "max": 0.181296542287, "dvar2": 0.000912273593713, "median": 0.0452640615404, "dmean2": 0.0293376930058, "dmean": 0.0185941662639, "var": 0.00101259211078, "dvar": 0.000376085634343, "mean": 0.0517920441926}, "silence_rate_30dB": {"min": 1, "max": 1, "dvar2": 0, "median": 1, "dmean2": 0, "dmean": 0, "var": 0, "dvar": 0, "mean": 1}, "spectral_energyband_middle_high": {"min": 1.15808516932e-21, "max": 0.0329681523144, "dvar2": 1.03059528556e-05, "median": 0.00176374649163, "dmean2": 0.00198858859949, "dmean": 0.00141669099685, "var": 3.26006338582e-05, "dvar": 5.23220023751e-06, "mean": 0.00475340057164}, "barkbands_spread": {"min": 0.28125333786, "max": 101.008628845, "dvar2": 78.3827133179, "median": 15.430267334, "dmean2": 6.99927139282, "dmean": 4.6756772995, "var": 156.763824463, "dvar": 37.7135505676, "mean": 18.4140968323}, "spectral_centroid": {"min": 129.431549072, "max": 11558.6298828, "dvar2": 164880.234375, "median": 1384.40759277, "dmean2": 316.879516602, "dmean": 223.456848145, "var": 1636293.375, "dvar": 91146.6796875, "mean": 1666.22692871}, "pitch_salience": {"min": 0.0525514893234, "max": 0.996072530746, "dvar2": 0.0116581302136, "median": 0.540767073631, "dmean2": 0.11590500921, "dmean": 0.0729066357017, "var": 0.0199757441878, "dvar": 0.00493037234992, "mean": 0.525195479393}, "erbbands_skewness": {"min": -6.07025194168, "max": 4.35757160187, "dvar2": 0.298402011395, "median": 0.307845830917, "dmean2": 0.548763036728, "dmean": 0.380513101816, "var": 1.43895411491, "dvar": 0.148753553629, "mean": 0.129685506225}, "erbbands_crest": {"min": 2.51230883598, "max": 33.3490028381, "dvar2": 18.251953125, "median": 10.2464551926, "dmean2": 4.42232847214, "dmean": 2.83060145378, "var": 27.8558673859, "dvar": 7.61619472504, "mean": 11.3537368774}, "melbands": {"min": [1.63999074321e-24, 3.40139506834e-24, 1.160194398e-24, 1.5130764342e-24, 2.38015565918e-24, 1.32743172661e-24, 2.10742238399e-24, 1.78097892242e-24, 3.15370516866e-24, 2.14518239451e-24, 2.42666670094e-24, 3.38255352005e-24, 3.29270640447e-24, 1.63142598176e-24, 2.60021964996e-24, 3.62927844563e-24, 3.56496379932e-24, 3.29797165658e-24, 3.26043252711e-24, 2.86065320314e-24, 4.25705592616e-24, 2.87466672547e-24, 3.31843490568e-24, 5.28852626961e-24, 5.18053555043e-24, 5.3013811525e-24, 4.89750803485e-24, 4.34644017761e-24, 4.06782752209e-24, 5.11739275699e-24, 3.85492224681e-24, 4.78685333238e-24, 4.88213550239e-24, 5.49239001563e-24, 6.02494212413e-24, 6.41920731039e-24, 6.97392719919e-24, 5.7760612417e-24, 6.08979911232e-24, 6.07480444423e-24], "max": [0.00845678709447, 0.0118027701974, 0.006515101064, 0.00439743883908, 0.00437508290634, 0.00285822572187, 0.00254700426012, 0.00348865892738, 0.00276835425757, 0.00378545699641, 0.00344057311304, 0.00285170483403, 0.0020997216925, 0.00216695573181, 0.00210661697201, 0.00155455048662, 0.00171665987, 0.00153743522242, 0.00190544559155, 0.0013472730061, 0.00195604399778, 0.000651383656077, 0.00162455602549, 0.00124542717822, 0.0024300632067, 0.00194881530479, 0.000889106479008, 0.00039279696648, 0.000236206848058, 0.000188019010238, 0.000160796378623, 6.38633573544e-05, 8.01759088063e-05, 6.6538756073e-05, 3.21261541103e-05, 1.66184854606e-05, 2.11060159927e-05, 2.19661342271e-05, 2.63827732851e-05, 2.58495456364e-05], "dvar2": [5.93628953993e-07, 2.18113359551e-06, 3.35384100936e-07, 1.329884185e-07, 4.5500403445e-08, 4.93465179829e-08, 1.87196853574e-08, 2.63014268143e-08, 4.5008270888e-08, 4.25977511043e-08, 3.39930679161e-08, 1.3610095273e-08, 1.00983141849e-08, 1.66325566653e-08, 3.38337824424e-09, 7.75204522796e-09, 6.7534493553e-09, 8.24955748158e-09, 4.0837488946e-09, 2.87257417853e-09, 1.1467457206e-08, 1.62186697406e-09, 5.02684471826e-09, 5.31088151234e-09, 1.01741184366e-08, 1.04548618651e-08, 1.19820375843e-09, 5.33503186073e-10, 1.45670017715e-10, 3.85985687856e-11, 6.14740480742e-11, 1.87999824042e-11, 7.92606605349e-12, 4.073214422e-12, 1.5950677194e-12, 5.76047673104e-13, 5.4788899112e-13, 4.69015017796e-13, 5.67537173941e-13, 5.30575800309e-13], "median": [4.36122027168e-05, 9.90653643385e-05, 6.46523258183e-05, 2.67985014943e-05, 3.11124967993e-05, 6.46361877443e-05, 5.55310580239e-05, 3.08258458972e-05, 2.74734757113e-05, 1.91567851289e-05, 1.13733121907e-05, 5.288936336e-06, 3.35132881446e-06, 6.78311607771e-06, 3.62021796718e-06, 4.00338331019e-06, 3.01295312966e-06, 3.16449813909e-06, 2.06542495107e-06, 3.14336875817e-06, 3.09764982376e-06, 2.87469833893e-06, 3.04129707729e-06, 2.73876412393e-06, 2.52822746916e-06, 2.02073806577e-06, 1.34409674502e-06, 8.88535510057e-07, 5.53081918042e-07, 4.53007658052e-07, 3.26285515939e-07, 1.99419375235e-07, 1.53633806121e-07, 1.40745356703e-07, 7.96885473164e-08, 6.13919937109e-08, 5.59547217449e-08, 3.185850872e-08, 2.77937246551e-08, 1.7569579569e-08], "dmean2": [0.000380326790037, 0.000634797732346, 0.00022671095212, 0.0001197248057, 9.72899506451e-05, 0.000111279543489, 7.17801740393e-05, 6.10332062934e-05, 6.97764626238e-05, 7.02815232216e-05, 5.74681835133e-05, 3.09845599986e-05, 2.8806472983e-05, 4.54482542409e-05, 2.06488675758e-05, 3.03957876895e-05, 2.74248286587e-05, 3.06851397909e-05, 1.44315799844e-05, 2.03330491786e-05, 3.6799996451e-05, 1.62013639056e-05, 2.07044340641e-05, 2.54284550465e-05, 2.63915171672e-05, 2.86664799205e-05, 9.41557755141e-06, 7.22642471374e-06, 3.86747660741e-06, 2.27865461966e-06, 2.65023550128e-06, 1.56227224579e-06, 9.92511900222e-07, 6.67428992074e-07, 4.50705385902e-07, 2.73213373703e-07, 2.35116729641e-07, 1.94253800601e-07, 1.64204465136e-07, 1.31750809373e-07], "dmean": [0.000239861576119, 0.00041700550355, 0.000139619980473, 7.69848047639e-05, 6.31152652204e-05, 7.56951485528e-05, 5.23616254213e-05, 4.20882424805e-05, 4.71900420962e-05, 4.96400862176e-05, 4.18620256823e-05, 2.36951291299e-05, 2.04101434065e-05, 3.24219618051e-05, 1.4604500393e-05, 2.13840030483e-05, 1.9953953597e-05, 2.09903828363e-05, 1.04877181002e-05, 1.39414078149e-05, 2.46696054091e-05, 1.10581977424e-05, 1.44031901073e-05, 1.76989760803e-05, 1.74322158273e-05, 1.91891340364e-05, 6.24732547294e-06, 4.77209596284e-06, 2.48943706538e-06, 1.48467483996e-06, 1.68489032148e-06, 1.0080748325e-06, 6.407839237e-07, 4.43820823648e-07, 2.99508201351e-07, 1.85477929904e-07, 1.56300075105e-07, 1.33706606675e-07, 1.09571821838e-07, 8.79161987655e-08], "var": [7.20499031104e-07, 2.70810551228e-06, 1.78223373837e-07, 7.5719498227e-08, 8.18130487801e-08, 8.74843451015e-08, 4.05667393011e-08, 4.05532070147e-08, 3.88179763888e-08, 5.19138545485e-08, 6.98633826346e-08, 2.79039635842e-08, 1.70220939566e-08, 3.60451188897e-08, 5.47497025494e-09, 1.07927320414e-08, 1.26928751953e-08, 1.22432419758e-08, 1.00393240388e-08, 5.5610969163e-09, 2.03857073444e-08, 1.93472926568e-09, 5.5678421873e-09, 1.06349684614e-08, 1.2012575823e-08, 1.32930839669e-08, 1.20094267864e-09, 5.72157321521e-10, 1.25684643248e-10, 3.97877356062e-11, 4.07476101472e-11, 1.29833479037e-11, 5.26375124044e-12, 3.11784517475e-12, 1.32114273948e-12, 6.73544987145e-13, 4.85322882143e-13, 5.62219921226e-13, 5.79497929677e-13, 4.16937805895e-13], "dvar": [2.33597347687e-07, 9.51066681409e-07, 1.33811639103e-07, 5.67089770698e-08, 1.95302742867e-08, 2.21875087192e-08, 9.9823198596e-09, 1.38147910889e-08, 2.00342089585e-08, 2.11982875697e-08, 1.89975555287e-08, 9.14052833423e-09, 5.15738696194e-09, 8.76408101647e-09, 1.8933474788e-09, 4.04829014755e-09, 3.79775588755e-09, 4.3222985191e-09, 2.6553717003e-09, 1.56648327643e-09, 5.62889379552e-09, 7.97250265805e-10, 2.41284303648e-09, 2.69661537544e-09, 4.31429558745e-09, 4.52883597291e-09, 5.33491195664e-10, 2.43086301088e-10, 6.04241587321e-11, 1.75283520337e-11, 2.6293162092e-11, 8.2092605283e-12, 3.32023709741e-12, 1.75274454239e-12, 7.07092858657e-13, 2.87006014657e-13, 2.55459661671e-13, 2.56249936634e-13, 2.92152071849e-13, 2.58458835931e-13], "mean": [0.00042362237582, 0.000813944323454, 0.000217320208321, 0.000109472850454, 0.000126241589896, 0.000173471140442, 0.000121066266729, 8.43476736918e-05, 8.87708229129e-05, 9.36920841923e-05, 8.33604717627e-05, 4.51507694379e-05, 4.03242374887e-05, 6.7455759563e-05, 2.43616123043e-05, 3.66512322216e-05, 3.63000581274e-05, 3.54205003532e-05, 1.8264128812e-05, 2.57524916378e-05, 4.67813733849e-05, 1.88396697922e-05, 2.58859636233e-05, 3.60066951544e-05, 3.13713717333e-05, 3.39582365996e-05, 1.05489307316e-05, 8.03048442322e-06, 3.94605740439e-06, 2.57188867181e-06, 2.47620050686e-06, 1.47860657762e-06, 1.00400200154e-06, 7.63159562212e-07, 5.06597302774e-07, 3.31274435439e-07, 2.69016680932e-07, 2.276378126e-07, 1.82487312372e-07, 1.36769870096e-07]}, "spectral_entropy": {"min": 4.86627531052, "max": 9.82140445709, "dvar2": 0.0567318163812, "median": 7.21449661255, "dmean2": 0.241368353367, "dmean": 0.174176380038, "var": 0.258990734816, "dvar": 0.0292397141457, "mean": 7.19390773773}, "spectral_rolloff": {"min": 86.1328125, "max": 19638.28125, "dvar2": 1151441.375, "median": 1356.59179688, "dmean2": 586.07800293, "dmean": 354.110137939, "var": 4870754.5, "dvar": 566983.375, "mean": 1860.06726074}, "barkbands": {"min": [2.27050069e-25, 4.53161383662e-24, 5.1229001894e-25, 2.580128546e-24, 7.68601458339e-24, 8.93536436457e-24, 9.40936169466e-24, 9.99520924592e-24, 1.33398903428e-23, 2.60247768542e-23, 1.72227252494e-23, 1.4160652783e-23, 3.26898752642e-23, 3.79560613874e-23, 4.43518553061e-23, 6.36918911137e-23, 5.48864805393e-23, 9.18487917562e-23, 1.49393935494e-22, 1.53808136063e-22, 2.64405349502e-22, 3.25875057311e-22, 4.16489250196e-22, 6.08492062293e-22, 9.21306031638e-22, 1.38813266028e-21, 1.84160373496e-21], "max": [0.000845085945912, 0.0320449844003, 0.0229961313307, 0.0151196885854, 0.0177511032671, 0.0130535289645, 0.0124225644395, 0.0160318017006, 0.0217291153967, 0.0201083831489, 0.0141490986571, 0.0140673350543, 0.0126523869112, 0.0133220683783, 0.0168561134487, 0.0196863096207, 0.0161527916789, 0.0188110284507, 0.0321891866624, 0.0154782896861, 0.0063174078241, 0.0037775891833, 0.00229524238966, 0.00147997692693, 0.00235862657428, 0.00083920720499, 8.4885632532e-06], "dvar2": [1.345282441e-09, 1.31889546537e-05, 7.53972926759e-06, 1.60506715474e-06, 2.36612322624e-06, 1.11686051696e-06, 5.12655333296e-07, 1.30351747885e-06, 1.80176289177e-06, 9.8873135812e-07, 5.82947279781e-07, 9.49036689235e-07, 6.5049857767e-07, 9.31554495764e-07, 6.83728842432e-07, 1.42894339206e-06, 7.52626476697e-07, 1.72430407019e-06, 5.04149875269e-06, 4.9723655593e-07, 9.84268879733e-08, 2.43391689025e-08, 5.24451460038e-09, 2.79251421986e-09, 6.17894135857e-09, 2.98767344198e-10, 3.41271959694e-13], "median": [1.51948904659e-06, 0.000184853255632, 0.00016246236919, 7.47842350393e-05, 0.000139962052344, 0.000272875011433, 0.000230191246374, 0.000113502646855, 0.000138409581268, 4.70636623504e-05, 1.41552227433e-05, 5.31412260898e-05, 3.40394144587e-05, 4.35089750681e-05, 2.75528636848e-05, 5.60691041755e-05, 3.93209884351e-05, 6.25662869425e-05, 5.62749482924e-05, 3.43052488461e-05, 2.01660150196e-05, 1.02604863059e-05, 5.77638775212e-06, 3.94318476538e-06, 1.93952996597e-06, 8.44442354264e-07, 5.98519775963e-08], "dmean2": [1.37731840368e-05, 0.00170212821104, 0.00108605832793, 0.000438097835286, 0.000546169583686, 0.000554792641196, 0.000332327152137, 0.00037558877375, 0.000477647205116, 0.000322359031998, 0.00018633264699, 0.000347969209542, 0.000258334068349, 0.000379373552278, 0.00023216221598, 0.000481359864352, 0.000283426517854, 0.000490831967909, 0.000674045644701, 0.000232541628066, 0.000114447808301, 5.77651080675e-05, 2.6061798053e-05, 1.54899589688e-05, 1.17284016596e-05, 2.9403975077e-06, 1.97340810359e-07], "dmean": [8.341740795e-06, 0.00108111475129, 0.000715158181265, 0.000267197785433, 0.000361732410965, 0.000368739041733, 0.00024068368657, 0.000252604251727, 0.000331726827426, 0.000243897709879, 0.000125427046441, 0.000241611560341, 0.00017849401047, 0.000261662033154, 0.000161751988344, 0.000324526248733, 0.000191475090105, 0.000342011247994, 0.000449217506684, 0.000153206536197, 7.41214826121e-05, 3.79454140784e-05, 1.75097266037e-05, 1.06540765046e-05, 7.77441618993e-06, 2.01483703677e-06, 1.23047684042e-07], "var": [6.30613172792e-10, 1.36260850923e-05, 9.03702584765e-06, 7.91218099039e-07, 1.79279015811e-06, 1.86378622402e-06, 7.8827923744e-07, 1.53387566115e-06, 2.25910252993e-06, 2.57340730059e-06, 7.66311131883e-07, 1.85179419532e-06, 8.18001581138e-07, 1.47126343109e-06, 1.25062172174e-06, 2.41157886194e-06, 6.35467927168e-07, 3.05500202558e-06, 6.39334984953e-06, 5.1436643389e-07, 9.1140186953e-08, 1.82020869488e-08, 4.87391815795e-09, 3.16297188441e-09, 4.13084411122e-09, 2.43855158288e-10, 2.5131177521e-13], "dvar": [5.73070091381e-10, 5.14739122082e-06, 3.23218978338e-06, 6.39946165393e-07, 1.03014463093e-06, 5.00549674598e-07, 2.56384481645e-07, 6.0516214262e-07, 9.11257302505e-07, 6.33494437352e-07, 2.8916704764e-07, 4.82941743485e-07, 3.32003537551e-07, 4.78973731788e-07, 3.9875112634e-07, 7.07592278104e-07, 3.51952451183e-07, 8.50148694553e-07, 2.15437512452e-06, 2.19149583813e-07, 4.16798613401e-08, 1.05318642696e-08, 2.39822139925e-09, 1.43563305688e-09, 2.77042877528e-09, 1.47727344246e-10, 1.37371884701e-13], "mean": [9.20822549233e-06, 0.00193220761139, 0.00126249773894, 0.000334484357154, 0.00058942544274, 0.000801565882284, 0.00052077852888, 0.000468117010314, 0.000633515475783, 0.000494351959787, 0.000229151075473, 0.000494373263791, 0.000298333005048, 0.000469721504487, 0.000251824443694, 0.000619588769041, 0.000305930443574, 0.000682689191308, 0.000809726479929, 0.000263659312623, 0.000128934378154, 6.31430229987e-05, 3.19088067045e-05, 2.02024530154e-05, 1.29663703774e-05, 4.02644354836e-06, 2.00453044386e-07]}, "melbands_flatness_db": {"min": 2.63174484871e-07, "max": 0.560702204704, "dvar2": 0.00145562109537, "median": 0.198902755976, "dmean2": 0.035307880491, "dmean": 0.0242781229317, "var": 0.00483826128766, "dvar": 0.000687438121531, "mean": 0.208667844534}, "melbands_skewness": {"min": -3.61345362663, "max": 16.7877025604, "dvar2": 1.58321917057, "median": 1.68601095676, "dmean2": 1.04200983047, "dmean": 0.704533576965, "var": 3.98658919334, "dvar": 0.736727237701, "mean": 2.00296831131}, "barkbands_skewness": {"min": -6.48895931244, "max": 24.4188842773, "dvar2": 1.02408254147, "median": 1.05691874027, "dmean2": 0.857644021511, "dmean": 0.583462893963, "var": 3.52271127701, "dvar": 0.494107842445, "mean": 1.1364338398}, "silence_rate_60dB": {"min": 0, "max": 1, "dvar2": 0.123849123716, "median": 0, "dmean2": 0.127139359713, "dmean": 0.0635614991188, "var": 0.147173941135, "dvar": 0.0595185942948, "mean": 0.179338738322}, "spectral_energyband_low": {"min": 2.86722382283e-23, "max": 0.039155729115, "dvar2": 2.73094501608e-05, "median": 0.00054548913613, "dmean2": 0.00246578874066, "dmean": 0.00161796016619, "var": 3.42392449966e-05, "dvar": 1.16356532089e-05, "mean": 0.00334488251247}, "spectral_energyband_middle_low": {"min": 1.90039293127e-22, "max": 0.031902693212, "dvar2": 1.00240968095e-05, "median": 0.00237995223142, "dmean2": 0.00189183291513, "dmean": 0.00128521746956, "var": 1.15284383355e-05, "dvar": 4.31485341323e-06, "mean": 0.00348859280348}, "melbands_kurtosis": {"min": -1.92309367657, "max": 567.481018066, "dvar2": 567.379272461, "median": 4.38877630234, "dmean2": 10.2940855026, "dmean": 6.63310146332, "var": 625.542785645, "dvar": 248.962631226, "mean": 12.0597238541}, "spectral_decrease": {"min": -1.09134843385e-08, "max": 1.62709543198e-28, "dvar2": 2.09618444646e-18, "median": -2.72868283524e-09, "dmean2": 1.10186393343e-09, "dmean": 7.33773208861e-10, "var": 3.61343717631e-18, "dvar": 9.48842130252e-19, "mean": -2.77331935195e-09}, "erbbands_kurtosis": {"min": -1.80257046223, "max": 60.3061523438, "dvar2": 11.3610715866, "median": 0.462157130241, "dmean2": 1.98979878426, "dmean": 1.34675514698, "var": 16.0138759613, "dvar": 5.08211374283, "mean": 1.6354187727}, "melbands_crest": {"min": 1.0030413866, "max": 33.4033317566, "dvar2": 23.3077354431, "median": 13.8895168304, "dmean2": 5.15089082718, "dmean": 3.28908848763, "var": 38.3847236633, "dvar": 9.72125816345, "mean": 14.9768218994}, "melbands_spread": {"min": 0.36496964097, "max": 275.949035645, "dvar2": 248.773117065, "median": 19.9892787933, "dmean2": 11.2131462097, "dmean": 7.48080873489, "var": 722.825622559, "dvar": 121.650642395, "mean": 29.6509685516}, "spectral_energy": {"min": 1.00611585414e-20, "max": 0.0416402295232, "dvar2": 3.35084805556e-05, "median": 0.0115466574207, "dmean2": 0.00455334968865, "dmean": 0.00303472392261, "var": 6.32815572317e-05, "dvar": 1.54108947754e-05, "mean": 0.0117325037718}, "mfcc": {"mean": [-710.69744873, 116.332618713, -17.743724823, 32.0113868713, -2.6813659668, -6.11500406265, -2.91788506508, 2.75678873062, -3.28921365738, 4.2102060318, 4.86437034607, 3.62718486786, 1.08030390739], "icov": [[0.000215795967961, -9.4469129408e-07, 0.000193931686226, -0.000128380648675, 7.77188979555e-05, -0.000281871034531, 0.000174842221895, -0.00023892489844, 0.000141914730193, -8.74493271112e-05, 1.89611455426e-05, -1.86289307749e-05, 7.32581393095e-05], [-9.4469129408e-07, 0.000639290548861, -0.00026466473355, -3.13662312692e-05, -0.000274393416476, 0.000264992500888, -0.000374318013201, 0.00032625393942, -5.75798658247e-05, 0.000167325109942, 0.000374755356461, -0.000121013967146, 2.81686261587e-05], [0.000193931686226, -0.00026466473355, 0.00161848485004, -0.000115531976917, -0.00042731751455, -0.000509889505338, -0.000231287223869, -9.94458059722e-06, 0.000219233101234, -0.00109234498814, 0.000417709496105, 0.000351543305442, 0.000131896958919], [-0.000128380648675, -3.13662312692e-05, -0.000115531976917, 0.00219566537999, -0.000411534856539, 0.00043841774459, -0.000478268921142, -0.00019946708926, -0.00095275597414, 6.28908528597e-05, -0.000538324413355, 0.000238171225647, -0.000677610805724], [7.77188979555e-05, -0.000274393416476, -0.00042731751455, -0.000411534856539, 0.00564644904807, -0.0022550446447, 0.00156233110465, -0.00160688790493, 0.000545898335986, -0.00123666494619, 0.00058222305961, -0.000250835088082, 0.00013210697216], [-0.000281871034531, 0.000264992500888, -0.000509889505338, 0.00043841774459, -0.0022550446447, 0.00721409637481, -0.00349281984381, 0.0019005748909, -0.00299366959371, 0.00188447814435, -0.000175153152668, 0.000211806123843, -0.00121754186694], [0.000174842221895, -0.000374318013201, -0.000231287223869, -0.000478268921142, 0.00156233110465, -0.00349281984381, 0.00717696733773, -0.00349345803261, 0.00195468962193, -0.0015859939158, 0.000422539451392, -0.000932392838877, 0.000923616695218], [-0.00023892489844, 0.00032625393942, -9.94458059722e-06, -0.00019946708926, -0.00160688790493, 0.0019005748909, -0.00349345803261, 0.00912629719824, -0.00328103918582, 0.00217630504631, -0.00280206790194, 0.000810392317362, -0.000480548187625], [0.000141914730193, -5.75798658247e-05, 0.000219233101234, -0.00095275597414, 0.000545898335986, -0.00299366959371, 0.00195468962193, -0.00328103918582, 0.011114529334, -0.00493554677814, 0.00268289400265, -0.00257334113121, 0.00133884919342], [-8.74493271112e-05, 0.000167325109942, -0.00109234498814, 6.28908528597e-05, -0.00123666494619, 0.00188447814435, -0.0015859939158, 0.00217630504631, -0.00493554677814, 0.0103905601427, -0.00555306999013, 0.00287469336763, -0.000827513285913], [1.89611455426e-05, 0.000374755356461, 0.000417709496105, -0.000538324413355, 0.00058222305961, -0.000175153152668, 0.000422539451392, -0.00280206790194, 0.00268289400265, -0.00555306999013, 0.0118286851794, -0.00415619276464, 0.001133598038], [-1.86289307749e-05, -0.000121013967146, 0.000351543305442, 0.000238171225647, -0.000250835088082, 0.000211806123843, -0.000932392838877, 0.000810392317362, -0.00257334113121, 0.00287469336763, -0.00415619276464, 0.0104447463527, -0.00389067176729], [7.32581393095e-05, 2.81686261587e-05, 0.000131896958919, -0.000677610805724, 0.00013210697216, -0.00121754186694, 0.000923616695218, -0.000480548187625, 0.00133884919342, -0.000827513285913, 0.001133598038, -0.00389067176729, 0.00958870258182]], "cov": [[5922.49951172, -536.8359375, -850.904602051, 296.074584961, -65.7940979004, 115.856140137, -45.580368042, 170.845367432, 19.5849571228, -67.6056976318, 84.7369232178, 72.7251281738, 28.4482212067], [-536.8359375, 1946.66418457, 473.626525879, 22.0614719391, 118.704803467, 36.0335388184, 96.1416397095, -64.5305252075, -2.4560945034, -3.96182847023, -110.292800903, -27.9091377258, -14.4120864868], [-850.904602051, 473.626525879, 988.338256836, 48.8004188538, 145.131240845, 98.1455917358, 103.79473877, -9.82646179199, 48.9244232178, 129.95993042, -27.7766304016, -62.0630226135, -22.5786685944], [296.074584961, 22.0614719391, 48.8004188538, 550.362915039, 57.8419723511, 29.407585144, 57.5009422302, 72.943359375, 73.2773590088, 56.9237747192, 49.4101982117, 21.8080615997, 34.6372261047], [-65.7940979004, 118.704803467, 145.131240845, 57.8419723511, 240.675552368, 80.5210418701, 16.1820392609, 31.1350193024, 36.7153739929, 40.587688446, -0.466804921627, -1.47802066803, 6.98697710037], [115.856140137, 36.0335388184, 98.1455917358, 29.407585144, 80.5210418701, 238.66595459, 99.1466903687, 20.0770435333, 54.2296295166, 6.10387182236, -8.00506591797, 17.5008487701, 21.3910617828], [-45.580368042, 96.1416397095, 103.79473877, 57.5009422302, 16.1820392609, 99.1466903687, 235.092483521, 74.7391891479, 22.6497344971, 30.2517223358, 20.311416626, 14.8470067978, -0.760176002979], [170.845367432, -64.5305252075, -9.82646179199, 72.943359375, 31.1350193024, 20.0770435333, 74.7391891479, 173.079162598, 46.3993225098, 18.4992523193, 46.7506828308, 18.575630188, 4.89754343033], [19.5849571228, -2.4560945034, 48.9244232178, 73.2773590088, 36.7153739929, 54.2296295166, 22.6497344971, 46.3993225098, 147.548446655, 66.0232162476, 15.1536474228, 19.9561958313, 2.28849768639], [-67.6056976318, -3.96182847023, 129.95993042, 56.9237747192, 40.587688446, 6.10387182236, 30.2517223358, 18.4992523193, 66.0232162476, 183.860153198, 66.7221069336, -13.6670827866, -5.79274368286], [84.7369232178, -110.292800903, -27.7766304016, 49.4101982117, -0.466804921627, -8.00506591797, 20.311416626, 46.7506828308, 15.1536474228, 66.7221069336, 143.355224609, 41.8990516663, 6.62217330933], [72.7251281738, -27.9091377258, -62.0630226135, 21.8080615997, -1.47802066803, 17.5008487701, 14.8470067978, 18.575630188, 19.9561958313, -13.6670827866, 41.8990516663, 141.398635864, 52.1185760498], [28.4482212067, -14.4120864868, -22.5786685944, 34.6372261047, 6.98697710037, 21.3910617828, -0.760176002979, 4.89754343033, 2.28849768639, -5.79274368286, 6.62217330933, 52.1185760498, 129.356338501]]}, "spectral_contrast_valleys": {"min": [-28.4138126373, -28.0802307129, -27.8420944214, -27.6576766968, -27.4989967346, -27.3987522125], "max": [-5.993932724, -5.59829139709, -6.1893787384, -6.45288896561, -5.90011548996, -7.85090589523], "dvar2": [0.307544827461, 0.210438027978, 0.239475488663, 0.162069544196, 0.138525038958, 0.127260372043], "median": [-8.30722999573, -7.27112865448, -8.29780769348, -8.595662117, -8.27352523804, -11.152469635], "dmean2": [0.691425263882, 0.53039675951, 0.54408878088, 0.442420125008, 0.360846698284, 0.326785266399], "dmean": [0.433766752481, 0.332469761372, 0.346165418625, 0.29528003931, 0.255634009838, 0.244859009981], "var": [4.6946439743, 4.59860944748, 4.08856058121, 3.98770594597, 4.13277339935, 3.20967531204], "dvar": [0.144562095404, 0.0930998325348, 0.104354768991, 0.0808625295758, 0.0756486058235, 0.0762233361602], "mean": [-8.50693893433, -7.53662586212, -8.53120613098, -8.82556056976, -8.44802761078, -11.251329422]}, "barkbands_flatness_db": {"min": 0.0365769118071, "max": 0.425473362207, "dvar2": 0.000921406841371, "median": 0.159661516547, "dmean2": 0.0304130706936, "dmean": 0.0206787362695, "var": 0.00236485875212, "dvar": 0.000423348217737, "mean": 0.163981884718}, "dynamic_complexity": 3.41234755516, "spectral_skewness": {"min": -0.183862656355, "max": 3.45353293419, "dvar2": 0.127720072865, "median": 1.54263043404, "dmean2": 0.379766315222, "dmean": 0.238440483809, "var": 0.202508598566, "dvar": 0.0488775186241, "mean": 1.5374506712}, "erbbands_flatness_db": {"min": 0.0452940613031, "max": 0.420300364494, "dvar2": 0.000461308314698, "median": 0.191291227937, "dmean2": 0.0226706769317, "dmean": 0.0164947062731, "var": 0.00282169505954, "dvar": 0.000260006112512, "mean": 0.1951