{"lowlevel": {"spectral_complexity": {"min": 0, "max": 37, "dvar2": 6.14767599106, "median": 10, "dmean2": 2.4524242878, "dmean": 1.56893241405, "var": 33.8651351929, "dvar": 2.98026657104, "mean": 10.3398294449}, "silence_rate_20dB": {"min": 1, "max": 1, "dvar2": 0, "median": 1, "dmean2": 0, "dmean": 0, "var": 0, "dvar": 0, "mean": 1}, "average_loudness": 0.643418550491, "erbbands_spread": {"min": 1.46504986286, "max": 169.495666504, "dvar2": 206.08531189, "median": 29.8467273712, "dmean2": 10.0951337814, "dmean": 6.64515018463, "var": 416.354003906, "dvar": 95.2705154419, "mean": 31.8838500977}, "spectral_kurtosis": {"min": -1.25642979145, "max": 175.512619019, "dvar2": 64.9365005493, "median": 7.65578174591, "dmean2": 5.44350528717, "dmean": 3.30053639412, "var": 239.969451904, "dvar": 25.0938243866, "mean": 10.8512592316}, "barkbands_kurtosis": {"min": -1.95644378662, "max": 141.944381714, "dvar2": 183.631439209, "median": 6.55622243881, "dmean2": 7.94465827942, "dmean": 4.91448259354, "var": 168.547012329, "dvar": 72.2092971802, "mean": 10.4685125351}, "spectral_strongpeak": {"min": 0, "max": 11.0456666946, "dvar2": 1.20237648487, "median": 0.376895427704, "dmean2": 0.665939807892, "dmean": 0.405045479536, "var": 2.72710800171, "dvar": 0.530926287174, "mean": 1.15267884731}, "spectral_spread": {"min": 552632.75, "max": 42831728, "dvar2": 1506308521980.0, "median": 3558475.75, "dmean2": 872890.4375, "dmean": 594769.75, "var": 16181207498800.0, "dvar": 776396931072, "mean": 4234917}, "spectral_rms": {"min": 3.1310555277e-12, "max": 0.0107504036278, "dvar2": 1.25499138903e-06, "median": 0.00382765033282, "dmean2": 0.000943892169744, "dmean": 0.000608312548138, "var": 3.87290037906e-06, "dvar": 5.86369196753e-07, "mean": 0.00413275370374}, "erbbands": {"min": [3.07549572358e-23, 4.34519076393e-22, 1.1586299251e-21, 6.72810413726e-21, 1.36403052362e-20, 1.57486270589e-20, 4.50730231104e-20, 9.93693750071e-20, 6.76249425201e-20, 2.15080892087e-19, 1.31949925535e-19, 2.5460466743e-19, 5.17298695961e-19, 5.89397774404e-19, 1.09958969643e-18, 1.57638001363e-18, 1.39074610511e-18, 2.00625874694e-18, 2.63494041431e-18, 3.14474919661e-18, 4.07299887231e-18, 4.72309831369e-18, 4.53991048165e-18, 4.69007974518e-18, 4.40568636519e-18, 8.01672016823e-18, 8.35597588876e-18, 1.03144947338e-17, 1.02173762853e-17, 1.04202142064e-17, 1.12965012232e-17, 1.06090140453e-17, 9.39681311763e-18, 6.54028880161e-18, 5.53383168053e-18, 4.29274601948e-18, 2.32242310028e-18, 9.43413757482e-19, 2.55267575142e-19, 2.35979797671e-20], "max": [2.72051906586, 14.9976940155, 36.4211959839, 53.5893135071, 113.631164551, 206.561203003, 393.3984375, 476.944152832, 795.669006348, 933.33203125, 768.120788574, 1155.72912598, 1126.80615234, 1862.33532715, 2072.31054688, 3218.30322266, 1119.58642578, 1436.15356445, 957.322265625, 1261.40490723, 807.464355469, 446.028961182, 483.647949219, 257.060546875, 104.238754272, 162.478164673, 185.060180664, 288.477416992, 178.794189453, 90.7195281982, 78.3227767944, 73.7755584717, 55.957195282, 33.1190490723, 9.61598777771, 2.64634585381, 0.507166206837, 0.212144196033, 0.0274342354387, 0.00127194519155], "dvar2": [0.12029132247, 3.11070489883, 14.0327281952, 35.137336731, 128.421310425, 351.66317749, 548.758544922, 532.801940918, 1481.45544434, 1961.7668457, 902.077514648, 3135.32836914, 5012.60009766, 10859.1386719, 14766.2421875, 4547.30859375, 2048.75048828, 584.294128418, 1109.97766113, 1544.57556152, 1102.18078613, 246.577560425, 194.170516968, 111.107513428, 16.2347011566, 27.2160739899, 24.5244293213, 18.199514389, 8.93716716766, 6.87932300568, 3.40444231033, 2.93760538101, 2.52302980423, 0.634882867336, 0.0882477536798, 0.00843317992985, 0.00238493201323, 0.000351575901732, 7.70377300796e-06, 1.15767901931e-08], "median": [0.0255515351892, 0.389140754938, 1.44066822529, 2.62458157539, 5.18072128296, 7.21367311478, 6.5482749939, 7.55282020569, 4.06807279587, 4.58038949966, 2.96819663048, 3.6591129303, 2.71802687645, 2.36083745956, 2.3512737751, 1.53788840771, 1.5449025631, 1.6265027523, 1.95500421524, 2.18839979172, 1.81343090534, 1.79085242748, 1.70153748989, 1.5576697588, 1.06192696095, 0.878176271915, 0.554818987846, 0.271784633398, 0.194587096572, 0.146780714393, 0.119267240167, 0.112525247037, 0.0923712477088, 0.0585855208337, 0.0208962913603, 0.00548396678641, 0.00157437275629, 0.000420383847086, 4.92120707349e-05, 2.20744132093e-05], "dmean2": [0.127020061016, 0.7697904706, 2.22065901756, 3.54535531998, 7.43237876892, 10.5048093796, 10.5547847748, 11.0705823898, 12.811879158, 13.0661125183, 8.99364948273, 17.0159664154, 22.0311050415, 29.8040122986, 33.0523452759, 16.1603813171, 12.6048822403, 7.15815544128, 9.11171340942, 10.4820556641, 8.59645843506, 5.39134502411, 4.23970937729, 4.01882219315, 1.75516200066, 1.54466760159, 1.20086240768, 0.670962929726, 0.576420843601, 0.516862690449, 0.397270083427, 0.341934859753, 0.296530872583, 0.171477079391, 0.0727218315005, 0.0306365862489, 0.0191197618842, 0.00730467401445, 0.00108427135274, 4.69898950541e-05], "dmean": [0.0748237445951, 0.450649827719, 1.27932953835, 2.05254435539, 4.35844326019, 6.44013214111, 7.12401008606, 7.52868938446, 8.58840560913, 8.88359069824, 6.37914180756, 12.4539241791, 15.5802354813, 20.4612083435, 22.835105896, 11.4250936508, 8.6608915329, 5.33646440506, 6.38217353821, 7.36110019684, 6.03811120987, 3.78233408928, 3.04773283005, 2.7947704792, 1.21078920364, 1.02854418755, 0.799094378948, 0.443215876818, 0.395500272512, 0.342893749475, 0.280829966068, 0.240344420075, 0.212285757065, 0.118624508381, 0.0483996681869, 0.0196338910609, 0.0114431260154, 0.00428614020348, 0.000633118557744, 2.82919263555e-05], "var": [0.0378852970898, 0.995369434357, 6.42411756516, 14.7194128036, 64.0078811646, 261.440612793, 763.048400879, 1329.27929688, 2044.96789551, 2083.24194336, 1197.86853027, 6390.08398438, 12195.7460938, 16690.7558594, 35672.3203125, 15021.0957031, 3147.44311523, 5518.99267578, 2412.69555664, 2555.1887207, 2021.64904785, 658.244873047, 491.232269287, 283.809417725, 41.4775619507, 31.0074520111, 24.9656486511, 14.3278446198, 9.47086524963, 7.7740855217, 6.46668767929, 4.75046443939, 4.63083839417, 1.11047780514, 0.101638197899, 0.00740012945607, 0.00109869649168, 0.000125462800497, 2.74927629107e-06, 4.73290695524e-09], "dvar": [0.0470081306994, 1.19228827953, 5.08595752716, 12.5410289764, 44.2291145325, 127.869361877, 249.06350708, 252.38041687, 636.197875977, 900.596313477, 441.07800293, 1650.55737305, 2298.31640625, 4978.78271484, 6861.9453125, 2295.87329102, 976.650634766, 364.826446533, 603.417175293, 717.781066895, 496.593902588, 130.136154175, 94.3050231934, 59.2280158997, 8.43365192413, 12.0819950104, 11.0163860321, 8.58447551727, 4.80867433548, 3.57176470757, 2.33960676193, 1.81371903419, 1.64324772358, 0.399861425161, 0.0466811135411, 0.0041181249544, 0.000973650778178, 0.000138354385854, 3.0707951737e-06, 4.66433869306e-09], "mean": [0.0801288560033, 0.621678948402, 2.14112186432, 3.69562029839, 7.60350322723, 12.4900865555, 16.0490970612, 20.5728092194, 18.9634094238, 17.8856143951, 13.424949646, 31.6464767456, 45.6861381531, 46.2621612549, 63.9822235107, 33.2815093994, 18.9727554321, 18.1294498444, 14.3413257599, 16.6307849884, 13.2427072525, 9.15791320801, 7.85840988159, 7.09672212601, 3.16594791412, 2.44459438324, 1.78535830975, 0.830860555172, 0.652511894703, 0.553253173828, 0.513203203678, 0.465682923794, 0.400496035814, 0.215685427189, 0.0752868950367, 0.0241669584066, 0.0109353801236, 0.00362939271145, 0.000511923222803, 4.3095977162e-05]}, "zerocrossingrate": {"min": 0.00341796875, "max": 0.76611328125, "dvar2": 0.000114932518045, "median": 0.0322265625, "dmean2": 0.00737391412258, "dmean": 0.00609718728811, "var": 0.00361725175753, "dvar": 9.20523962122e-05, "mean": 0.0415726229548}, "spectral_contrast_coeffs": {"min": [-0.978234052658, -0.977084457874, -0.985748052597, -0.971834719181, -0.969275951385, -0.963645398617], "max": [-0.282727628946, -0.352816641331, -0.350265473127, -0.436836212873, -0.50371670723, -0.54391759634], "dvar2": [0.00411968491971, 0.00285001378506, 0.00214849342592, 0.00153152935673, 0.00112080096733, 0.000611909374129], "median": [-0.643918693066, -0.689737021923, -0.738227725029, -0.755277872086, -0.776059687138, -0.808300554752], "dmean2": [0.0764944404364, 0.0624334812164, 0.0528295300901, 0.0468951798975, 0.0368116870522, 0.02585535869], "dmean": [0.0454939641058, 0.0396140106022, 0.0354163981974, 0.0309131294489, 0.0244682896882, 0.0167718008161], "var": [0.00604973873124, 0.0078533468768, 0.012826773338, 0.00757667887956, 0.00462902709842, 0.00231008254923], "dvar": [0.00146058783866, 0.00120073626749, 0.00108736730181, 0.000785146141425, 0.000575607293285, 0.000292674201773], "mean": [-0.643534958363, -0.683284044266, -0.714205205441, -0.743626117706, -0.772415995598, -0.803874433041]}, "dissonance": {"min": 0.190912246704, "max": 0.500000059605, "dvar2": 0.00159208639525, "median": 0.44539141655, "dmean2": 0.0410960912704, "dmean": 0.0247405711561, "var": 0.00204566353932, "dvar": 0.000601989915594, "mean": 0.434659510851}, "spectral_energyband_high": {"min": 7.08067492918e-21, "max": 0.0120114516467, "dvar2": 8.09284586012e-08, "median": 5.56850864086e-05, "dmean2": 9.10837916308e-05, "dmean": 6.53784154565e-05, "var": 1.6191489749e-07, "dvar": 5.30261736742e-08, "mean": 0.000142470031278}, "gfcc": {"mean": [-81.8048248291, 123.713554382, -93.5884017944, 25.9700279236, -46.453704834, 1.70365977287, -37.6497573853, 3.67230558395, -24.0385150909, -5.774081707, -11.2631959915, -4.31115198135, -4.50798273087], "icov": [[0.000149663435877, -0.000280222069705, 0.000254074140685, -0.00011580849241, 0.000168051643413, -0.000393830967369, 0.000395493814722, -0.000569849216845, 0.000719200354069, -0.000469374848763, 0.000647987995762, -0.000694873160683, 0.000528002623469], [-0.000280222069705, 0.00144324393477, -0.000437123322627, 0.000100060911791, -0.000676571973599, 0.000855753081851, -0.000706567370798, 0.0014204782201, -0.00166198331863, 0.00200091698207, -0.00216444465332, 0.00213760859333, -0.00122957373969], [0.000254074140685, -0.000437123322627, 0.00137689674739, -0.000526622403413, -0.000379453442292, -0.000692710455041, 0.000899157195818, -0.000393218913814, 0.00133761519101, -0.000542912399396, 0.000818424567115, -0.00236558145843, 0.00181509903632], [-0.00011580849241, 0.000100060911791, -0.000526622403413, 0.00253075896762, -0.0005212831893, 0.000855619669892, 0.000313284865115, 0.000596628407948, -0.000557767634746, -0.00061446178006, 0.000979124219157, 0.00071596482303, -0.000807792763226], [0.000168051643413, -0.000676571973599, -0.000379453442292, -0.0005212831893, 0.00424019852653, -0.000327818008373, -0.00104818562977, 5.90913659835e-05, -0.000584153633099, -0.000441004405729, 0.00161155231763, -0.000319853425026, -0.000336404773407], [-0.000393830967369, 0.000855753081851, -0.000692710455041, 0.000855619669892, -0.000327818008373, 0.005810177885, -0.00241626356728, 0.00109980872367, -6.88840227667e-05, 0.000908198184334, -0.00164634466637, 0.00201234756969, -0.000911136274226], [0.000395493814722, -0.000706567370798, 0.000899157195818, 0.000313284865115, -0.00104818562977, -0.00241626356728, 0.00687830988318, -0.00133426371031, 0.00261486065574, -0.00230321893468, 0.000851717020851, -0.000803664850537, 0.00211871694773], [-0.000569849216845, 0.0014204782201, -0.000393218913814, 0.000596628407948, 5.90913659835e-05, 0.00109980872367, -0.00133426371031, 0.00897513888776, -0.00477461051196, 0.00417848909274, -0.00277883838862, 0.00147782324348, -0.00133219652344], [0.000719200354069, -0.00166198331863, 0.00133761519101, -0.000557767634746, -0.000584153633099, -6.88840227667e-05, 0.00261486065574, -0.00477461051196, 0.0136560527608, -0.00612497981638, 0.00578780192882, -0.00406101392582, 0.00194145157002], [-0.000469374848763, 0.00200091698207, -0.000542912399396, -0.00061446178006, -0.000441004405729, 0.000908198184334, -0.00230321893468, 0.00417848909274, -0.00612497981638, 0.0150601575151, -0.00437538651749, 0.00237859901972, 0.000924392777961], [0.000647987995762, -0.00216444465332, 0.000818424567115, 0.000979124219157, 0.00161155231763, -0.00164634466637, 0.000851717020851, -0.00277883838862, 0.00578780192882, -0.00437538651749, 0.0141476588324, -0.00560068804771, 0.000142694552778], [-0.000694873160683, 0.00213760859333, -0.00236558145843, 0.00071596482303, -0.000319853425026, 0.00201234756969, -0.000803664850537, 0.00147782324348, -0.00406101392582, 0.00237859901972, -0.00560068804771, 0.0166643410921, -0.00388384540565], [0.000528002623469, -0.00122957373969, 0.00181509903632, -0.000807792763226, -0.000336404773407, -0.000911136274226, 0.00211871694773, -0.00133219652344, 0.00194145157002, 0.000924392777961, 0.000142694552778, -0.00388384540565, 0.0178566072136]], "cov": [[24567.5976563, 878.282348633, -2829.87011719, -292.010406494, -1215.11523438, 713.938659668, -467.309143066, 855.893554688, -501.313751221, -113.689109802, -174.056594849, 109.861152649, -173.006210327], [878.282348633, 1495.62927246, 3.65386819839, 39.493724823, 168.597488403, -57.3096961975, 19.2307815552, -80.2154541016, -0.0978913605213, -103.900634766, 76.802520752, -84.3403091431, 56.8487358093], [-2829.87011719, 3.65386819839, 1668.51245117, 313.074066162, 301.770355225, -68.2728500366, -46.9977989197, -158.803024292, 24.2837963104, 24.7529983521, -14.6672534943, 115.599464417, -54.2420692444], [-292.010406494, 39.493724823, 313.074066162, 602.955383301, 140.493927002, -125.729240417, -84.5556793213, -57.7430648804, 73.3072662354, 38.4150085449, -95.2073287964, 0.525558233261, -0.320901483297], [-1215.11523438, 168.597488403, 301.770355225, 140.493927002, 390.141357422, -38.9854545593, 56.3716468811, -73.2177429199, 57.7014045715, 13.329120636, -37.0913963318, -12.7641973495, 6.98649835587], [713.938659668, -57.3096961975, -68.2728500366, -125.729240417, -38.9854545593, 280.509338379, 87.937713623, 11.1291952133, -70.9608306885, -3.38222885132, 29.8903217316, -8.57362270355, -14.0430374146], [-467.309143066, 19.2307815552, -46.9977989197, -84.5556793213, 56.3716468811, 87.937713623, 233.813919067, -17.9054393768, -30.6253623962, 14.6006221771, 26.4886894226, -24.7461566925, -10.455116272], [855.893554688, -80.2154541016, -158.803024292, -57.7430648804, -73.2177429199, 11.1291952133, -17.9054393768, 190.631652832, 18.5678424835, -23.7155971527, 0.270359814167, 13.4864273071, 0.373714089394], [-501.313751221, -0.0978913605213, 24.2837963104, 73.3072662354, 57.7014045715, -70.9608306885, -30.6253623962, 18.5678424835, 147.49836731, 31.4846801758, -42.0454330444, 3.65512108803, 1.6141462326], [-113.689109802, -103.900634766, 24.7529983521, 38.4150085449, 13.329120636, -3.38222885132, 14.6006221771, -23.7155971527, 31.4846801758, 101.148117065, -2.67073106766, 2.51055240631, -16.0861530304], [-174.056594849, 76.802520752, -14.6672534943, -95.2073287964, -37.0913963318, 29.8903217316, 26.4886894226, 0.270359814167, -42.0454330444, -2.67073106766, 127.27268219, 17.7410755157, 12.8740282059], [109.861152649, -84.3403091431, 115.599464417, 0.525558233261, -12.7641973495, -8.57362270355, -24.7461566925, 13.4864273071, 3.65512108803, 2.51055240631, 17.7410755157, 97.389251709, 2.99484181404], [-173.006210327, 56.8487358093, -54.2420692444, -0.320901483297, 6.98649835587, -14.0430374146, -10.455116272, 0.373714089394, 1.6141462326, -16.0861530304, 12.8740282059, 2.99484181404, 72.4201431274]]}, "spectral_flux": {"min": 6.30235100219e-11, "max": 0.335110932589, "dvar2": 0.00120176980272, "median": 0.0515973158181, "dmean2": 0.0298868846148, "dmean": 0.0192261617631, "var": 0.00170354906004, "dvar": 0.000571782933548, "mean": 0.0601208880544}, "silence_rate_30dB": {"min": 1, "max": 1, "dvar2": 0, "median": 1, "dmean2": 0, "dmean": 0, "var": 0, "dvar": 0, "mean": 1}, "spectral_energyband_middle_high": {"min": 1.32507306327e-21, "max": 0.0898422896862, "dvar2": 2.80989661405e-05, "median": 0.000714354508091, "dmean2": 0.00193957192823, "dmean": 0.00141119828913, "var": 0.000114511160064, "dvar": 1.4141196516e-05, "mean": 0.00538220815361}, "barkbands_spread": {"min": 0.54427075386, "max": 140.832824707, "dvar2": 47.7034912109, "median": 8.99656581879, "dmean2": 4.5660700798, "dmean": 2.9822306633, "var": 119.099647522, "dvar": 24.6967849731, "mean": 11.4642515182}, "spectral_centroid": {"min": 171.288360596, "max": 11852.5361328, "dvar2": 92496.296875, "median": 657.450012207, "dmean2": 194.066162109, "dmean": 131.215682983, "var": 1296680.125, "dvar": 46679.9492188, "mean": 871.018737793}, "pitch_salience": {"min": 0.109027549624, "max": 0.931747376919, "dvar2": 0.00865723006427, "median": 0.580431997776, "dmean2": 0.102790385485, "dmean": 0.0617035962641, "var": 0.0097825312987, "dvar": 0.00324640516192, "mean": 0.575405538082}, "erbbands_skewness": {"min": -3.88326692581, "max": 10.8770570755, "dvar2": 0.31787827611, "median": 0.750210464001, "dmean2": 0.545332312584, "dmean": 0.362464159727, "var": 1.23127484322, "dvar": 0.148238509893, "mean": 0.876908659935}, "erbbands_crest": {"min": 2.47795319557, "max": 29.5242767334, "dvar2": 13.592045784, "median": 9.75544166565, "dmean2": 3.73287320137, "dmean": 2.35065746307, "var": 22.4237537384, "dvar": 5.42603969574, "mean": 10.7659425735}, "melbands": {"min": [9.33096824777e-25, 9.823040945e-25, 1.15353325651e-24, 6.57643064146e-25, 1.71236458975e-24, 2.47768844935e-24, 1.30318579087e-24, 2.48463220026e-24, 1.13879329189e-24, 1.42017997678e-24, 2.08916636771e-24, 1.93303738393e-24, 1.79050481228e-24, 3.36955545892e-24, 2.34418813786e-24, 2.97135385675e-24, 3.3987263519e-24, 3.39459272076e-24, 3.07343344396e-24, 3.7164740025e-24, 3.85193680271e-24, 3.19497955452e-24, 3.77652525005e-24, 4.12709740291e-24, 3.53136305792e-24, 2.54278564568e-24, 4.15317359456e-24, 3.88647826074e-24, 3.86708529868e-24, 5.58077714689e-24, 4.63531354692e-24, 5.22342157911e-24, 5.38200510359e-24, 4.33411225381e-24, 5.2997375608e-24, 5.05439550839e-24, 5.52014174784e-24, 5.23085264883e-24, 6.40267633569e-24, 4.97357513093e-24], "max": [0.0204260982573, 0.0166698042303, 0.00909549556673, 0.00844311248511, 0.0132012153044, 0.010216168128, 0.0103377690539, 0.00912449508905, 0.00558451889083, 0.00679024215788, 0.00627905223519, 0.00834618788213, 0.0097265439108, 0.00798454042524, 0.00461091427132, 0.00218707253225, 0.00246762204915, 0.00215287064202, 0.00172633398324, 0.00148975558113, 0.000981215620413, 0.000506258045789, 0.000792109989561, 0.000372598558897, 0.000245419651037, 0.000177984591573, 9.41394100664e-05, 0.000126059429022, 0.000120945842355, 0.000128011350171, 0.000162900832947, 0.000110199041956, 5.49632786715e-05, 5.00927999383e-05, 5.08404664288e-05, 5.28105956619e-05, 4.37135859102e-05, 4.70983759442e-05, 3.75185372832e-05, 3.2945543353e-05], "dvar2": [7.30887586542e-06, 3.60230455954e-06, 1.05071512735e-06, 1.04566981918e-06, 5.82418238082e-07, 2.6300088507e-07, 3.2030749253e-07, 1.82363166346e-07, 6.47771898343e-08, 1.3030374646e-07, 1.45892116166e-07, 2.08361115028e-07, 2.99126526215e-07, 4.63672655826e-08, 3.0493080061e-08, 7.32899696487e-09, 2.36136465936e-09, 4.17922940699e-09, 2.94960900149e-09, 3.13505221783e-09, 1.57850765792e-09, 2.93381319239e-10, 2.21883331153e-10, 2.51637793935e-10, 8.97085808416e-11, 2.0121345562e-11, 1.25507815946e-11, 1.37104719938e-11, 1.29527855455e-11, 5.5033044094e-12, 5.09832584136e-12, 3.46837771177e-12, 2.39698040062e-12, 2.24746241582e-12, 1.32242253172e-12, 1.38581258014e-12, 1.24367953002e-12, 1.60093878258e-12, 9.38204483721e-13, 4.24784827539e-13], "median": [0.000350846617948, 0.000723254925106, 0.000578970648348, 0.000480543967569, 0.000281202374026, 0.000168505284819, 6.11977302469e-05, 4.36587797594e-05, 2.1903160814e-05, 2.06075164897e-05, 1.07552532427e-05, 8.44866099214e-06, 8.13559745438e-06, 3.72772251467e-06, 3.24921234096e-06, 2.78015977528e-06, 2.78050902125e-06, 2.79735945696e-06, 2.2815961529e-06, 2.20329206968e-06, 1.67176426658e-06, 1.55364557486e-06, 1.44569833083e-06, 1.32837817546e-06, 1.14974318421e-06, 8.3715110577e-07, 5.63923492791e-07, 5.17490775565e-07, 3.45489610254e-07, 1.98382522854e-07, 1.22635327671e-07, 1.0483989854e-07, 8.36215576783e-08, 6.87793502152e-08, 6.52749889696e-08, 6.44252295956e-08, 6.74302214065e-08, 6.31377048421e-08, 5.82737484933e-08, 4.22473895867e-08], "dmean2": [0.00103600462899, 0.00106105627492, 0.000694321934134, 0.000644719752017, 0.000380606710678, 0.000247269897955, 0.000193261235836, 0.000131718217744, 8.14543382148e-05, 0.000111920729978, 0.000117984563985, 0.000127786639496, 0.000140258242027, 5.22455557075e-05, 4.27817867603e-05, 2.19417888729e-05, 1.40473166539e-05, 1.74199158209e-05, 1.32196046252e-05, 1.38824007081e-05, 9.86492614174e-06, 5.5995637922e-06, 4.89847525387e-06, 5.03191768075e-06, 3.47854484062e-06, 1.91349568013e-06, 1.0663603689e-06, 1.11683652904e-06, 9.02667864011e-07, 5.05818150032e-07, 3.7804474573e-07, 3.55459150114e-07, 3.248214e-07, 2.94888479857e-07, 2.47460604896e-07, 2.28207042596e-07, 2.22712913001e-07, 2.28981974715e-07, 1.9090872172e-07, 1.42712508477e-07], "dmean": [0.000616650679149, 0.000617051206063, 0.000403617479606, 0.000384089798899, 0.000252291822108, 0.000167928345036, 0.000129852225655, 9.0015695605e-05, 5.82676038903e-05, 8.19704073365e-05, 8.25755414553e-05, 8.75073019415e-05, 9.61601035669e-05, 3.61426245945e-05, 2.97069182125e-05, 1.48943918248e-05, 1.03376387415e-05, 1.20905942822e-05, 9.36359901971e-06, 9.85484803095e-06, 6.75828596286e-06, 3.9267347347e-06, 3.37189067068e-06, 3.49565743818e-06, 2.37662129621e-06, 1.3141935824e-06, 7.01588021457e-07, 7.36457366202e-07, 5.92600997606e-07, 3.31357000505e-07, 2.48480546361e-07, 2.40056721168e-07, 2.12610743233e-07, 1.94114520013e-07, 1.71637267954e-07, 1.5598209302e-07, 1.53621343202e-07, 1.61317245784e-07, 1.31781035861e-07, 9.78897247705e-08], "var": [2.3940799565e-06, 1.48283390899e-06, 5.1731296935e-07, 6.69579321766e-07, 8.24225764973e-07, 6.25882137228e-07, 4.44418702727e-07, 2.03915391239e-07, 1.10747627957e-07, 3.10497199507e-07, 3.33760880267e-07, 2.80555752852e-07, 6.95412609275e-07, 1.68495120079e-07, 6.78055585013e-08, 1.65903326632e-08, 1.78645933602e-08, 8.40445935069e-09, 6.12666717359e-09, 7.57563078935e-09, 2.52860332672e-09, 6.55385912207e-10, 5.68094626896e-10, 5.14141396124e-10, 1.91234098001e-10, 6.6270121335e-11, 1.03416242583e-11, 1.73178190538e-11, 1.37896950803e-11, 4.2281707649e-12, 4.8503510236e-12, 3.46677526096e-12, 2.43909124668e-12, 2.51497585778e-12, 2.27104272887e-12, 1.95488547225e-12, 1.7965508638e-12, 2.6136490975e-12, 1.56442111869e-12, 6.60709334466e-13], "dvar": [2.88033720608e-06, 1.36276571538e-06, 3.68578639609e-07, 3.79475636691e-07, 2.57232329659e-07, 1.22569446148e-07, 1.38456002219e-07, 8.56213873135e-08, 3.31644081086e-08, 6.72427802328e-08, 6.63444055249e-08, 9.45082661019e-08, 1.36662634986e-07, 2.31028902675e-08, 1.49779335601e-08, 3.40622641204e-09, 1.5190992908e-09, 2.24594343123e-09, 1.55104173949e-09, 1.65741209646e-09, 6.84765411041e-10, 1.52949874987e-10, 1.12985225342e-10, 1.17818255152e-10, 4.6409206339e-11, 1.13192129281e-11, 5.26474436963e-12, 6.17432927702e-12, 5.61557007492e-12, 2.50615045209e-12, 2.57425309368e-12, 1.81392813096e-12, 1.21985407886e-12, 1.15102838285e-12, 8.66777949329e-13, 8.16819918995e-13, 7.22528699197e-13, 9.96300698192e-13, 5.61197898048e-13, 2.58677221353e-13], "mean": [0.000738116621505, 0.00103377341293, 0.00077019596938, 0.000726096099243, 0.00058558449382, 0.000457719783299, 0.000283823144855, 0.000178297952516, 0.000120185344713, 0.000223678653128, 0.000233941493207, 0.000182699091965, 0.000254424492596, 0.000107879153802, 6.37664270471e-05, 3.46282795363e-05, 3.2107836887e-05, 2.39955734287e-05, 2.03693925869e-05, 2.18757122639e-05, 1.32839986691e-05, 8.42766621645e-06, 7.67963501858e-06, 8.06944899523e-06, 5.57486691832e-06, 3.24800726048e-06, 1.47431501318e-06, 1.64301604855e-06, 1.26912004816e-06, 6.31686987163e-07, 4.21354940272e-07, 3.79664555794e-07, 3.23015171944e-07, 3.02866254742e-07, 2.98166440871e-07, 2.80095207472e-07, 2.86046002884e-07, 2.92050003736e-07, 2.39943403813e-07, 1.63995977687e-07]}, "spectral_entropy": {"min": 4.16719341278, "max": 9.82128047943, "dvar2": 0.111506268382, "median": 6.85834312439, "dmean2": 0.299203872681, "dmean": 0.209975495934, "var": 0.468328177929, "dvar": 0.0575779341161, "mean": 6.83534574509}, "spectral_rolloff": {"min": 86.1328125, "max": 21597.8027344, "dvar2": 706727.875, "median": 452.197265625, "dmean2": 321.084838867, "dmean": 192.332427979, "var": 5301221, "dvar": 339633.40625, "mean": 1011.84918213}, "barkbands": {"min": [1.72746930393e-25, 1.94912068006e-24, 1.48021835604e-25, 2.12347175911e-24, 5.29308667451e-24, 1.2358126125e-23, 9.0863689079e-24, 3.09629660515e-24, 1.01827648704e-23, 1.27462165025e-23, 6.50264828377e-24, 2.51571308326e-23, 3.30024819082e-23, 2.84537900219e-23, 4.82170844151e-23, 5.18051519781e-23, 5.6962806618e-23, 8.94334637475e-23, 9.10746162856e-23, 1.31593030422e-22, 2.4261935895e-22, 3.04730454851e-22, 3.80446258546e-22, 5.42988990717e-22, 7.48175271506e-22, 1.24537110124e-21, 1.83096711316e-21], "max": [0.00710193114355, 0.0708089619875, 0.033436730504, 0.0215721167624, 0.0534181818366, 0.047878947109, 0.0442441925406, 0.0319662354887, 0.0392421260476, 0.0655114203691, 0.0635308325291, 0.0660322979093, 0.0248365364969, 0.0260343570262, 0.0163408704102, 0.0138997789472, 0.00646112998948, 0.00913128629327, 0.00447148038074, 0.00363967870362, 0.00583209376782, 0.00370560563169, 0.00245754956268, 0.00340504082851, 0.00208112644032, 0.000370769528672, 0.000154040142661], "dvar2": [4.71312006312e-07, 7.5337877206e-05, 1.42425069498e-05, 4.98069675814e-06, 1.91250819626e-05, 8.47134197102e-06, 7.84461917647e-06, 1.97971758098e-06, 6.00691419095e-06, 1.12310199256e-05, 1.34640467877e-05, 2.80365429717e-06, 1.29245756852e-06, 4.60263009927e-07, 4.15142125121e-07, 4.92766503157e-07, 6.99354458789e-08, 8.36595006604e-08, 2.30240910781e-08, 1.02514903233e-08, 1.12678755215e-08, 4.74322492394e-09, 4.52917348071e-09, 7.16162906755e-09, 2.67505151363e-09, 5.47397904782e-10, 2.40913289318e-10], "median": [2.92888616968e-05, 0.00155378796626, 0.00125280022621, 0.000952938396949, 0.00217944150791, 0.000865064794198, 0.000263053312665, 0.000108226922748, 0.000162182419444, 5.42569141544e-05, 4.58847280242e-05, 3.21002116834e-05, 2.60534397967e-05, 4.46284357167e-05, 2.64431782853e-05, 3.57602621079e-05, 2.71752542176e-05, 2.88824940071e-05, 2.37221429416e-05, 1.6505980966e-05, 9.60382840276e-06, 5.19546847499e-06, 4.14998703491e-06, 5.65750542592e-06, 4.10560278397e-06, 9.70073074313e-07, 2.29223275028e-07], "dmean2": [0.000273116340395, 0.00358029035851, 0.00218014558777, 0.00150766584557, 0.00276410556398, 0.00136843207292, 0.000961578974966, 0.000415766611695, 0.000826741161291, 0.000921594793908, 0.000970287772361, 0.000461004528916, 0.000285921792965, 0.000209147387068, 0.000162624841323, 0.000200002308702, 9.29670859477e-05, 9.27694709389e-05, 5.85099551245e-05, 3.11045405397e-05, 2.2627222279e-05, 1.57545382535e-05, 1.41548798638e-05, 1.67548150785e-05, 1.24067055367e-05, 9.22810158954e-06, 6.10990537098e-06], "dmean": [0.000169979713974, 0.00212880643085, 0.00124851590954, 0.000875403056853, 0.00169185060076, 0.000923492305446, 0.000644819927402, 0.000285473710392, 0.000603011285421, 0.000617028621491, 0.000663904240355, 0.000316136865877, 0.000194995067432, 0.00014817713236, 0.000113086854981, 0.000139992494951, 6.47336419206e-05, 6.45516265649e-05, 3.97987714678e-05, 2.09047975659e-05, 1.51236454258e-05, 1.07997657324e-05, 9.9607368611e-06, 1.19213091239e-05, 8.44484657136e-06, 5.65179152545e-06, 3.56604118679e-06], "var": [1.85356640259e-07, 2.54161623161e-05, 6.38418896415e-06, 2.71835324384e-06, 1.61137595569e-05, 1.62457035913e-05, 9.73739133769e-06, 2.25947201216e-06, 1.7998059775e-05, 1.33473367896e-05, 3.19325372402e-05, 1.06263878479e-05, 1.69632653524e-06, 1.94362382899e-06, 7.99776671556e-07, 1.04428102077e-06, 1.62331375009e-07, 1.76578055289e-07, 5.86959458815e-08, 1.27322286048e-08, 1.03531174744e-08, 6.56826948386e-09, 8.01895883029e-09, 1.40647253843e-08, 4.41789316241e-09, 3.10818759619e-10, 8.62650367806e-11], "dvar": [1.91550768136e-07, 2.97691985907e-05, 5.10293830303e-06, 1.71716772002e-06, 7.14335010343e-06, 3.78681988877e-06, 3.39243342751e-06, 9.63770389717e-07, 3.04012451124e-06, 4.8827878345e-06, 6.26153860139e-06, 1.44978423577e-06, 6.03999353643e-07, 2.58448608292e-07, 2.09891879877e-07, 2.42242037984e-07, 3.56842519977e-08, 4.06760634064e-08, 1.22607914932e-08, 4.68202543402e-09, 5.33253219359e-09, 2.80572720612e-09, 2.92276558511e-09, 4.86855311621e-09, 1.6528882707e-09, 2.36007186016e-10, 9.60291429708e-11], "mean": [0.000168952683453, 0.00274966307916, 0.00200768793002, 0.00146944262087, 0.00346348364837, 0.00238154875115, 0.00129551987629, 0.000523826049175, 0.00177297089249, 0.00122489896603, 0.00168301351368, 0.00089392636437, 0.000366716092685, 0.000389989319956, 0.000231117752264, 0.000305318448227, 0.000144653589814, 0.000147279439261, 9.47587468545e-05, 4.78397450934e-05, 3.09982679028e-05, 1.79710841621e-05, 1.79957496584e-05, 2.36399555433e-05, 1.46686716107e-05, 5.75796912017e-06, 2.85163218905e-06]}, "melbands_flatness_db": {"min": 0.00321845873259, "max": 0.726248323917, "dvar2": 0.00136920413934, "median": 0.267986267805, "dmean2": 0.035701777786, "dmean": 0.0241139680147, "var": 0.00838228221983, "dvar": 0.000663083686959, "mean": 0.279441267252}, "melbands_skewness": {"min": -1.97562932968, "max": 15.1061458588, "dvar2": 1.60506260395, "median": 2.70505928993, "dmean2": 1.04731452465, "dmean": 0.679954707623, "var": 3.67867588997, "dvar": 0.687508285046, "mean": 2.68967533112}, "barkbands_skewness": {"min": -3.94123601913, "max": 11.3546915054, "dvar2": 1.10755133629, "median": 2.05945086479, "dmean2": 0.889087796211, "dmean": 0.572837173939, "var": 2.54209733009, "dvar": 0.472873985767, "mean": 1.97815036774}, "silence_rate_60dB": {"min": 0, "max": 1, "dvar2": 0.0251074377447, "median": 0, "dmean2": 0.020739318803, "dmean": 0.0103686638176, "var": 0.0691136196256, "dvar": 0.0102605093271, "mean": 0.0746856108308}, "spectral_energyband_low": {"min": 1.36521356886e-23, "max": 0.0779273733497, "dvar2": 0.000118888645375, "median": 0.0037296176888, "dmean2": 0.0054117157124, "dmean": 0.00327651319094, "var": 5.20329995197e-05, "dvar": 4.91948849231e-05, "mean": 0.00553087098524}, "spectral_energyband_middle_low": {"min": 1.37202992661e-22, "max": 0.0757079795003, "dvar2": 4.66342098662e-05, "median": 0.00786277931184, "dmean2": 0.00515887606889, "dmean": 0.00328893307596, "var": 0.000108251879283, "dvar": 1.96724213311e-05, "mean": 0.0111001674086}, "melbands_kurtosis": {"min": -1.62636971474, "max": 431.977539063, "dvar2": 630.970153809, "median": 13.4425020218, "dmean2": 13.7422523499, "dmean": 8.4951505661, "var": 508.834777832, "dvar": 248.452285767, "mean": 19.6862659454}, "spectral_decrease": {"min": -3.00695255362e-08, "max": 2.65613946853e-15, "dvar2": 1.14642956376e-17, "median": -3.84665987951e-09, "dmean2": 2.39316522155e-09, "dmean": 1.51908141621e-09, "var": 2.0203888116e-17, "dvar": 5.07557320759e-18, "mean": -5.39004663125e-09}, "erbbands_kurtosis": {"min": -1.88656258583, "max": 211.224960327, "dvar2": 14.8996906281, "median": 0.650379419327, "dmean2": 2.24924874306, "dmean": 1.48122608662, "var": 85.4508666992, "dvar": 6.90652990341, "mean": 2.95705199242}, "melbands_crest": {"min": 1.53568005562, "max": 33.1835632324, "dvar2": 18.4458808899, "median": 13.0453300476, "dmean2": 4.60973453522, "dmean": 2.78197574615, "var": 18.2599010468, "dvar": 6.7179646492, "mean": 13.3926801682}, "melbands_spread": {"min": 0.705124735832, "max": 192.072479248, "dvar2": 67.2964324951, "median": 8.71894359589, "dmean2": 4.81936216354, "dmean": 3.19475698471, "var": 279.549713135, "dvar": 34.3712387085, "mean": 13.4381542206}, "spectral_energy": {"min": 1.00485957358e-20, "max": 0.118460454047, "dvar2": 0.000171320411027, "median": 0.0150171788409, "dmean2": 0.00931193027645, "dmean": 0.00593249825761, "var": 0.000330773735186, "dvar": 7.63818097766e-05, "mean": 0.021476443857}, "mfcc": {"mean": [-723.790222168, 153.418762207, 13.2019367218, 27.8005180359, 12.2104568481, -2.19710969925, 2.56608271599, 0.159985259175, -2.95355939865, -1.40606153011, -6.29773902893, -4.01972293854, -3.91248083115], "icov": [[0.000121646735352, -6.98015719536e-05, 8.36510080262e-05, 6.09983953836e-06, 8.08089171187e-05, 8.21346766315e-05, -9.73075839283e-06, -0.000306775647914, 0.000103825761471, -0.000160385709023, 6.15958924755e-05, -3.02041553368e-05, 6.23400555924e-05], [-6.98015719536e-05, 0.000774089072365, 6.1414875745e-06, -4.18165800511e-05, -0.000439236988313, 0.000135132970172, -0.00040118873585, 1.16434239317e-05, 2.24924060603e-05, 3.21929401252e-05, -3.71405003534e-05, 0.000335388351232, -0.000502838171087], [8.36510080262e-05, 6.1414875745e-06, 0.00154943938833, -0.000344640953699, -0.000500337162521, -0.000379955017706, 0.000134066678584, -0.000783556199167, 0.000822056957986, 0.000777908950113, -0.000321324245306, 0.000424789497629, -0.00077345041791], [6.09983953836e-06, -4.18165800511e-05, -0.000344640953699, 0.00269117951393, -0.00143760745414, -0.000452915264759, 0.000607515859883, 0.00100660987664, -0.00159475556575, 0.00150445092004, -0.000705639889929, -0.000487314740894, 0.000274576537777], [8.08089171187e-05, -0.000439236988313, -0.000500337162521, -0.00143760745414, 0.00499209901318, -0.000359673751518, 0.000910593313165, -0.000835939252283, -0.000292006530799, -0.000369283399777, 0.000863263267092, 0.000591965275817, 0.000717365706805], [8.21346766315e-05, 0.000135132970172, -0.000379955017706, -0.000452915264759, -0.000359673751518, 0.00466398289427, -0.00195441395044, 0.00127999368124, -0.00115274440031, -0.000411531538703, -0.00128662888892, 0.00193790148478, -0.00115956249647], [-9.73075839283e-06, -0.00040118873585, 0.000134066678584, 0.000607515859883, 0.000910593313165, -0.00195441395044, 0.0055651855655, -0.00186820991803, 0.00165056844708, 0.000666726205964, -0.000342384242686, -0.000699833559338, 0.00180860655382], [-0.000306775647914, 1.16434239317e-05, -0.000783556199167, 0.00100660987664, -0.000835939252283, 0.00127999368124, -0.00186820991803, 0.0100634628907, -0.00293354364112, 0.000955150520895, -5.79891748202e-05, 0.00083185947733, -0.00160324783064], [0.000103825761471, 2.24924060603e-05, 0.000822056957986, -0.00159475556575, -0.000292006530799, -0.00115274440031, 0.00165056844708, -0.00293354364112, 0.0114781083539, -0.00409458903596, 0.000973640999291, -0.00177571491804, 0.00144057231955], [-0.000160385709023, 3.21929401252e-05, 0.000777908950113, 0.00150445092004, -0.000369283399777, -0.000411531538703, 0.000666726205964, 0.000955150520895, -0.00409458903596, 0.0151833100244, -0.00434817699715, 0.00286695244722, -0.000369745364878], [6.15958924755e-05, -3.71405003534e-05, -0.000321324245306, -0.000705639889929, 0.000863263267092, -0.00128662888892, -0.000342384242686, -5.79891748202e-05, 0.000973640999291, -0.00434817699715, 0.0146831944585, -0.0045415982604, 0.00173407897819], [-3.02041553368e-05, 0.000335388351232, 0.000424789497629, -0.000487314740894, 0.000591965275817, 0.00193790148478, -0.000699833559338, 0.00083185947733, -0.00177571491804, 0.00286695244722, -0.0045415982604, 0.0145339230075, -0.00426438543946], [6.23400555924e-05, -0.000502838171087, -0.00077345041791, 0.000274576537777, 0.000717365706805, -0.00115956249647, 0.00180860655382, -0.00160324783064, 0.00144057231955, -0.000369745364878, 0.00173407897819, -0.00426438543946, 0.0141032896936]], "cov": [[11207.2871094, 914.82421875, -904.636535645, -736.542358398, -395.580535889, -431.811828613, 238.105575562, 368.629730225, -73.0500106812, 144.031494141, -54.7604293823, 2.53752779961, -37.4672355652], [914.82421875, 1532.57800293, 46.11769104, 29.9930667877, 126.430038452, -8.86398220062, 93.1960449219, 59.5072059631, -16.4468917847, -6.53907966614, -18.4401016235, -33.2199516296, 33.9287376404], [-904.636535645, 46.11769104, 950.706054688, 262.340759277, 194.265426636, 119.569030762, -32.1277732849, 22.944519043, -34.8621826172, -80.174621582, 1.47272074223, -20.6796321869, 54.3769874573], [-736.542358398, 29.9930667877, 262.340759277, 698.233764648, 260.059234619, 102.11113739, -126.392555237, -57.1038856506, 89.3122711182, -45.4931259155, 17.1509017944, 12.1048488617, 1.23894333839], [-395.580535889, 126.430038452, 194.265426636, 260.059234619, 335.589691162, 53.4106826782, -74.8204269409, -0.547073543072, 42.5303421021, -15.2226457596, -11.7202091217, -20.7822971344, -0.884722948074], [-431.811828613, -8.86398220062, 119.569030762, 102.11113739, 53.4106826782, 305.985870361, 63.8786888123, -28.2512359619, 20.3543815613, 6.09061336517, 25.5088920593, -28.7789669037, 3.44217538834], [238.105575562, 93.1960449219, -32.1277732849, -126.392555237, -74.8204269409, 63.8786888123, 267.932647705, 38.4315719604, -43.5586395264, -5.95990657806, 10.2244949341, -5.54613256454, -16.6050243378], [368.629730225, 59.5072059631, 22.944519043, -57.1038856506, -0.547073543072, -28.2512359619, 38.4315719604, 133.901092529, 11.4264993668, -0.955134272575, -7.84227180481, -3.25141358376, 9.64954566956], [-73.0500106812, -16.4468917847, -34.8621826172, 89.3122711182, 42.5303421021, 20.3543815613, -43.5586395264, 11.4264993668, 127.073013306, 29.426525116, 5.22700929642, 5.87635850906, -8.59328651428], [144.031494141, -6.53907966614, -80.174621582, -45.4931259155, -15.2226457596, 6.09061336517, -5.95990657806, -0.955134272575, 29.426525116, 91.3910369873, 19.7774810791, -9.89806079865, -8.48460197449], [-54.7604293823, -18.4401016235, 1.47272074223, 17.1509017944, -11.7202091217, 25.5088920593, 10.2244949341, -7.84227180481, 5.22700929642, 19.7774810791, 84.7328491211, 20.8084449768, -4.31974506378], [2.53752779961, -33.2199516296, -20.6796321869, 12.1048488617, -20.7822971344, -28.7789669037, -5.54613256454, -3.25141358376, 5.87635850906, -9.89806079865, 20.8084449768, 90.3371658325, 20.3639392853], [-37.4672355652, 33.9287376404, 54.3769874573, 1.23894333839, -0.884722948074, 3.44217538834, -16.6050243378, 9.64954566956, -8.59328651428, -8.48460197449, -4.31974506378, 20.3639392853, 86.1370162964]]}, "spectral_contrast_valleys": {"min": [-28.1409034729, -28.0912647247, -27.8796081543, -27.756067276, -27.5627746582, -27.4058303833], "max": [-5.27191019058, -4.88069248199, -4.98880910873, -5.84870386124, -6.06480407715, -7.66191482544], "dvar2": [0.27057826519, 0.218413755298, 0.223865255713, 0.187145784497, 0.273356765509, 0.384060919285], "median": [-7.01495361328, -7.23535108566, -8.25507354736, -8.88807201385, -8.68436908722, -10.9519395828], "dmean2": [0.609666466713, 0.528710782528, 0.507160782814, 0.461944162846, 0.452188789845, 0.466956883669], "dmean": [0.369527488947, 0.335690408945, 0.329731702805, 0.315146327019, 0.326779872179, 0.361934751272], "var": [5.40581941605, 5.50024652481, 5.15663480759, 4.7001824379, 4.80905771255, 4.29578018188], "dvar": [0.118647173047, 0.104391716421, 0.11189982295, 0.104040622711, 0.145217090845, 0.216841697693], "mean": [-7.43496513367, -7.62456798553, -8.59259128571, -9.18559169769, -9.03106212616, -11.3932981491]}, "barkbands_flatness_db": {"min": 0.0352630019188, "max": 0.557897150517, "dvar2": 0.00107335625216, "median": 0.18124371767, "dmean2": 0.0324723683298, "dmean": 0.0218557622284, "var": 0.00473828101531, "dvar": 0.000519703782629, "mean": 0.192024677992}, "dynamic_complexity": 5.17668581009, "spectral_skewness": {"min": -0.215696424246, "max": 11.3293495178, "dvar2": 0.320369124413, "median": 2.18269252777, "dmean2": 0.512394070625, "dmean": 0.325073301792, "var": 1.45287799835, "dvar": 0.136330127716, "mean": 2.35598421097}, "erbbands_flatness_db": {"min": 0.0154034746811, "max": 0.437035053968, "dvar2": 0.000995850539766, "median