{"lowlevel": {"spectral_complexity": {"min": 0, "max": 22, "dvar2": 4.06494379044, "median": 8, "dmean2": 2.10498642921, "dmean": 1.26557445526, "var": 6.70069503784, "dvar": 1.73456978798, "mean": 7.58833026886}, "silence_rate_20dB": {"min": 1, "max": 1, "dvar2": 0, "median": 1, "dmean2": 0, "dmean": 0, "var": 0, "dvar": 0, "mean": 1}, "average_loudness": 0.632988333702, "erbbands_spread": {"min": 0.997354924679, "max": 85.9378585815, "dvar2": 31.0626831055, "median": 18.3816051483, "dmean2": 6.06680011749, "dmean": 3.99780750275, "var": 79.9783935547, "dvar": 13.4266471863, "mean": 19.5062103271}, "spectral_kurtosis": {"min": -1.25411093235, "max": 42.976600647, "dvar2": 54.0949172974, "median": 13.5157413483, "dmean2": 9.07056808472, "dmean": 5.13705301285, "var": 33.8367576599, "dvar": 17.5631217957, "mean": 14.3411922455}, "barkbands_kurtosis": {"min": -1.90578460693, "max": 67.1196136475, "dvar2": 20.2055416107, "median": -0.510292291641, "dmean2": 2.36762237549, "dmean": 1.56810259819, "var": 29.0482673645, "dvar": 9.78280830383, "mean": 1.23470294476}, "spectral_strongpeak": {"min": 0, "max": 17.0046100616, "dvar2": 4.27568912506, "median": 1.57681488991, "dmean2": 1.46401786804, "dmean": 0.933043658733, "var": 4.32517528534, "dvar": 1.74879276752, "mean": 2.22040057182}, "spectral_spread": {"min": 1386115.25, "max": 42503804, "dvar2": 267087085568, "median": 2201338.25, "dmean2": 355639.6875, "dmean": 212957.875, "var": 6789572591620.0, "dvar": 128903249920, "mean": 2476737}, "spectral_rms": {"min": 3.10122218704e-12, "max": 0.0166128575802, "dvar2": 5.86653698065e-07, "median": 0.00271883932874, "dmean2": 0.000683980179019, "dmean": 0.000527765369043, "var": 3.18013780998e-06, "dvar": 3.58947204404e-07, "mean": 0.00309289596044}, "erbbands": {"min": [4.65631649521e-23, 3.31051650924e-22, 1.40425349357e-21, 6.15709425183e-21, 1.46844785879e-20, 2.1425320418e-20, 4.69971647686e-20, 3.78062543538e-20, 1.72521092478e-19, 1.56537093761e-19, 2.13205440994e-19, 5.27468209508e-19, 8.3296451789e-19, 6.39171868499e-19, 1.09515445739e-18, 1.32879224179e-18, 7.63355511585e-19, 1.574759877e-18, 3.46089514519e-18, 4.29068675335e-18, 4.39977326458e-18, 3.38336722869e-18, 5.20212315591e-18, 6.07682818979e-18, 8.62423387013e-18, 7.73589317745e-18, 7.88454415097e-18, 1.21628579367e-17, 1.32529008315e-17, 1.13533508651e-17, 1.29215206976e-17, 1.12735246273e-17, 8.72684148922e-18, 8.74274982676e-18, 6.49878046488e-18, 4.00045430541e-18, 2.36073459074e-18, 1.03400482041e-18, 2.22688885771e-19, 2.96365597975e-20], "max": [0.000728569692001, 0.00357776484452, 0.0141076771542, 0.0212845392525, 0.280334681273, 12.3910512924, 40.0634765625, 405.230743408, 573.289978027, 5922.37646484, 1368.70385742, 1324.1862793, 854.718811035, 2255.68164062, 2743.24389648, 1418.98791504, 5534.53515625, 654.629089355, 2728.68994141, 1447.56762695, 824.404968262, 1963.98083496, 1674.08276367, 1370.23376465, 565.752868652, 37.0539627075, 40.167881012, 37.7133140564, 4.68920755386, 2.87395596504, 2.02059388161, 2.42621350288, 0.702572762966, 0.156333222985, 0.0450062341988, 0.00806400086731, 0.00270739174448, 0.000428775529144, 0.00015730287123, 0.000320580409607], "dvar2": [1.09495834621e-09, 3.89125673905e-08, 5.50142431166e-07, 1.96208793568e-06, 0.000102273334051, 0.137730613351, 1.33971226215, 111.369522095, 413.365722656, 19210.1289062, 3016.21459961, 2863.56274414, 805.223754883, 6960.79638672, 9257.45019531, 2263.51123047, 28128.0039062, 850.842834473, 14966.6660156, 2959.43432617, 1492.7767334, 6566.52587891, 7839.20800781, 3078.26806641, 348.93347168, 5.23734235764, 0.984569609165, 0.658253669739, 0.0286046601832, 0.0126209864393, 0.00345988990739, 0.00350519176573, 0.000444823148428, 1.73331663973e-05, 2.07953553399e-06, 2.63886477114e-07, 2.54224357121e-08, 1.1857684834e-09, 4.41195725787e-11, 1.17892626217e-10], "median": [2.59222506429e-05, 0.000250838318607, 0.000843505025841, 0.000939148303587, 0.0012392437784, 0.00269808759913, 0.0249237641692, 0.312504678965, 1.68259000778, 3.41240644455, 4.92384576797, 3.65358924866, 3.31721448898, 6.02979946136, 3.73612308502, 3.89957976341, 6.76734018326, 6.83933830261, 10.2823266983, 6.92631483078, 7.31159925461, 11.182469368, 14.1906509399, 7.52791166306, 2.980905056, 0.612274587154, 0.152284547687, 0.0852824896574, 0.0367378331721, 0.0223208200186, 0.0155146364123, 0.0114093236625, 0.00763060944155, 0.00472476193681, 0.00267136073671, 0.00123519159388, 0.000385527673643, 7.11531174602e-05, 7.25342897567e-06, 9.53814924287e-06], "dmean2": [3.44949148712e-05, 0.000217173335841, 0.000754486478399, 0.00142648024485, 0.0025333436206, 0.0595419332385, 0.37403023243, 3.31963300705, 8.73662567139, 39.5538825989, 21.0861377716, 15.7618494034, 9.17593288422, 27.4300727844, 21.6457462311, 13.3720321655, 46.7639770508, 12.5870275497, 35.3720207214, 21.5651874542, 16.9474754333, 27.7698974609, 35.1758575439, 18.0140171051, 7.08154010773, 1.04773569107, 0.30340924859, 0.202619835734, 0.062949411571, 0.0307930503041, 0.014700928703, 0.0100666023791, 0.00524027599022, 0.00228403438814, 0.00111737684347, 0.000494860636536, 0.000146950915223, 3.06340625684e-05, 5.01084150528e-06, 6.64117260385e-06], "dmean": [1.92726201931e-05, 0.000131542779854, 0.000441629585112, 0.000813785707578, 0.00173240993172, 0.0456617735326, 0.294212967157, 2.69556498528, 7.00629711151, 32.3686981201, 16.2898483276, 11.8635950089, 6.70440816879, 19.6677913666, 16.0314235687, 9.60863304138, 33.7027053833, 8.48002910614, 22.9080543518, 14.7714452744, 11.6877784729, 18.5374011993, 24.0735244751, 12.0969495773, 4.74033308029, 0.685657024384, 0.197603449225, 0.13081382215, 0.0412355698645, 0.0200180541724, 0.00945467315614, 0.00650458130985, 0.00337365525775, 0.00146525446326, 0.000712448265404, 0.000316686084261, 9.72447160166e-05, 1.97749959625e-05, 3.47569539372e-06, 5.15414012625e-06], "var": [3.56328355711e-10, 1.67647620231e-08, 2.47413623811e-07, 7.62948332067e-07, 0.000223489027121, 0.380942732096, 5.45254468918, 480.096466064, 1789.57141113, 86041.0078125, 7677.34326172, 5843.74414062, 1257.04589844, 13783.0595703, 16429.671875, 3694.3359375, 64385.78125, 993.99987793, 11785.2607422, 3724.88793945, 2529.37963867, 4509.65039062, 10906.1826172, 3614.53857422, 444.471343994, 5.4513220787, 1.13615596294, 0.784048974514, 0.0329503156245, 0.00789353530854, 0.00221190787852, 0.00161166395992, 0.00029060212546, 1.73246899067e-05, 3.09492884298e-06, 6.09579558386e-07, 7.57425979714e-08, 3.07879366446e-09, 1.15049185456e-10, 4.51080256481e-10], "dvar": [3.89158233416e-10, 1.41555434041e-08, 1.9127682549e-07, 7.01766623479e-07, 5.10106910951e-05, 0.0742433816195, 0.805987119675, 80.5086975098, 291.522857666, 14652.6992188, 1846.94824219, 1540.52563477, 405.304656982, 3405.625, 5135.87597656, 1122.25183105, 15848.4707031, 404.316864014, 5940.74023438, 1496.99060059, 777.060791016, 3038.97558594, 3699.69995117, 1495.44348145, 164.908950806, 2.25769424438, 0.46999129653, 0.319878935814, 0.0131654525176, 0.00513963587582, 0.00156053202227, 0.00141575315502, 0.000181760551641, 7.43047439755e-06, 8.91553440852e-07, 1.12921071604e-07, 1.11931894864e-08, 5.13552311787e-10, 2.33588530463e-11, 7.82493098095e-11], "mean": [2.96885737043e-05, 0.000269761134405, 0.000935640884563, 0.00115793338045, 0.00397398974746, 0.114370524883, 0.767871975899, 6.45229434967, 17.9623470306, 77.3040847778, 36.9312934875, 24.7744827271, 13.2128047943, 42.4841804504, 31.1916561127, 19.2796955109, 66.0607757568, 15.772901535, 37.5447921753, 25.4998550415, 23.3104419708, 30.0563182831, 46.7727355957, 21.8618278503, 8.71795082092, 1.36229097843, 0.396716564894, 0.236694008112, 0.0859669521451, 0.0424346663058, 0.0235679708421, 0.0163666065782, 0.00997290015221, 0.0055711013265, 0.00306284055114, 0.00140311021823, 0.000447527650977, 8.36028630147e-05, 1.0443546671e-05, 1.60623767442e-05]}, "zerocrossingrate": {"min": 0.017578125, "max": 0.51806640625, "dvar2": 9.33900737436e-05, "median": 0.06396484375, "dmean2": 0.00851664785296, "dmean": 0.00721888849512, "var": 0.00144394824747, "dvar": 5.8642035583e-05, "mean": 0.0664600208402}, "spectral_contrast_coeffs": {"min": [-0.97738057375, -0.980265140533, -0.980085134506, -0.97144305706, -0.966163992882, -0.965084075928], "max": [-0.38508450985, -0.181760966778, -0.305785983801, -0.360276699066, -0.432915300131, -0.653962790966], "dvar2": [0.00195837393403, 0.00414297264069, 0.00349205662496, 0.00231575313956, 0.00111207854934, 0.000299912673654], "median": [-0.815629482269, -0.550933241844, -0.590168893337, -0.618718802929, -0.649629592896, -0.807975769043], "dmean2": [0.0551944561303, 0.0735593736172, 0.0678679049015, 0.0573734119534, 0.0398941747844, 0.021480768919], "dmean": [0.0328441932797, 0.048822555691, 0.0452841892838, 0.038220576942, 0.0265734307468, 0.0134453726932], "var": [0.00703912228346, 0.020835833624, 0.00993696693331, 0.00769275566563, 0.00470008235425, 0.000879092898685], "dvar": [0.000733336608391, 0.00196660635993, 0.00160859245807, 0.00110261468217, 0.00050475198077, 0.000120837736176], "mean": [-0.790349841118, -0.570298910141, -0.595396339893, -0.620028197765, -0.650152385235, -0.80509108305]}, "dissonance": {"min": 0.187905624509, "max": 0.5, "dvar2": 0.00204491661862, "median": 0.435261666775, "dmean2": 0.0518766604364, "dmean": 0.0314409844577, "var": 0.0021788154263, "dvar": 0.000780738308094, "mean": 0.427456229925}, "spectral_energyband_high": {"min": 7.1812662309e-21, "max": 0.000930328445975, "dvar2": 1.20960630401e-09, "median": 9.09411937755e-06, "dmean2": 1.40206011565e-05, "dmean": 9.20145339478e-06, "var": 1.75261039015e-09, "dvar": 5.80947789874e-10, "mean": 2.11387396121e-05}, "gfcc": {"mean": [-149.055450439, 60.8668327332, -216.864868164, -28.9226417542, -50.1853904724, -17.5937995911, -34.9134979248, 27.9686870575, -6.63042831421, 8.48962497711, 1.85017359257, 1.81418764591, -13.442732811], "icov": [[0.00104175764136, 7.73147912696e-05, 0.0028080586344, 2.79107989627e-05, 0.00248047360219, -0.000156625901582, 0.00163283955771, -0.000595457328018, 0.00142585334834, -0.000434868095908, 0.000953170354478, -0.000369115296053, 0.000452979380498], [7.73147912696e-05, 0.00710396515206, -0.000119612137496, 0.00408053584397, 0.00294279912487, 0.000707372149918, 0.00457033747807, -7.64846045058e-05, 0.00178059341852, 0.00098599283956, -0.00146944855805, 0.0025459502358, -0.00162970949896], [0.0028080586344, -0.000119612137496, 0.00957266800106, -0.00126084196381, 0.00853546243161, -0.00119783228729, 0.00484231952578, -0.000399932061555, 0.00408203434199, -0.00184239575174, 0.00371974171139, -0.00179621006828, 0.00194502272643], [2.79107989627e-05, 0.00408053584397, -0.00126084196381, 0.00718189869076, -0.00155494234059, 0.00134633667767, 0.00247645215131, -0.00172935507726, 0.00261666812003, -9.97485494736e-06, 0.00135377468541, 0.00033015126246, -0.000361990591045], [0.00248047360219, 0.00294279912487, 0.00853546243161, -0.00155494234059, 0.0166245531291, -0.00495277903974, 0.00671920180321, -0.000124115642393, 0.00222798669711, 0.000774490239564, 0.000392035319237, 0.00225378898904, -0.0011003005784], [-0.000156625901582, 0.000707372149918, -0.00119783228729, 0.00134633667767, -0.00495277903974, 0.00970711652189, -0.00482191843912, 0.00341281946748, 0.00199658051133, -0.00381625071168, 0.00738101173192, -0.00489414250478, 0.00359429069795], [0.00163283955771, 0.00457033747807, 0.00484231952578, 0.00247645215131, 0.00671920180321, -0.00482191843912, 0.0143829416484, -0.00751428352669, 0.00386748067103, 0.00318214553408, -0.00436528446153, 0.00683402549475, -0.0033833750058], [-0.000595457328018, -7.64846045058e-05, -0.000399932061555, -0.00172935507726, -0.000124115642393, 0.00341281946748, -0.00751428352669, 0.0185609590262, -0.00665891263634, 0.00130330992397, 0.00648014899343, -0.00394599884748, 0.00662585860118], [0.00142585334834, 0.00178059341852, 0.00408203434199, 0.00261666812003, 0.00222798669711, 0.00199658051133, 0.00386748067103, -0.00665891263634, 0.0143190659583, -0.00787533633411, 0.00518742389977, -0.0023627136834, 0.00263858563267], [-0.000434868095908, 0.00098599283956, -0.00184239575174, -9.97485494736e-06, 0.000774490239564, -0.00381625071168, 0.00318214553408, 0.00130330992397, -0.00787533633411, 0.0175091177225, -0.0133451651782, 0.00783301517367, -0.00204568426125], [0.000953170354478, -0.00146944855805, 0.00371974171139, 0.00135377468541, 0.000392035319237, 0.00738101173192, -0.00436528446153, 0.00648014899343, 0.00518742389977, -0.0133451651782, 0.0265627354383, -0.016849104315, 0.0107137588784], [-0.000369115296053, 0.0025459502358, -0.00179621006828, 0.00033015126246, 0.00225378898904, -0.00489414250478, 0.00683402549475, -0.00394599884748, -0.0023627136834, 0.00783301517367, -0.016849104315, 0.020900933072, -0.0120070325211], [0.000452979380498, -0.00162970949896, 0.00194502272643, -0.000361990591045, -0.0011003005784, 0.00359429069795, -0.0033833750058, 0.00662585860118, 0.00263858563267, -0.00204568426125, 0.0107137588784, -0.0120070325211, 0.0146252783015]], "cov": [[6032.72021484, 438.19720459, -1657.05310059, -539.465270996, -272.553588867, -405.812438965, -113.296737671, 122.96005249, 72.4499816895, 34.771270752, 170.305114746, 15.2568044662, -54.1266136169], [438.19720459, 700.278808594, 194.314605713, -323.643981934, -284.585998535, -288.00881958, -348.046539307, -199.188552856, -57.7372589111, 92.7011871338, 215.953094482, 171.466812134, 95.6600646973], [-1657.05310059, 194.314605713, 889.95300293, 89.5583114624, -161.454269409, -41.1950836182, -217.970977783, -160.668395996, -105.80014801, 30.773519516, 44.4123764038, 122.607429504, 68.6946640015], [-539.465270996, -323.643981934, 89.5583114624, 380.251220703, 152.084869385, 124.303321838, 83.6373825073, 53.1291732788, -47.8137969971, -85.7103118896, -136.040100098, -50.9098701477, 8.81564903259], [-272.553588867, -284.585998535, -161.454269409, 152.084869385, 269.09942627, 184.331695557, 124.472366333, 46.3905563354, -2.97164750099, -60.2619972229, -113.352180481, -73.7712554932, -0.732967019081], [-405.812438965, -288.00881958, -41.1950836182, 124.303321838, 184.331695557, 324.607421875, 191.911941528, 50.8259124756, -28.9331989288, -64.4199447632, -147.930099487, -84.7907791138, -20.541885376], [-113.296737671, -348.046539307, -217.970977783, 83.6373825073, 124.472366333, 191.911941528, 378.88961792, 180.37310791, 31.8602161407, -84.2984008789, -149.027084351, -172.239868164, -85.8550338745], [122.96005249, -199.188552856, -160.668395996, 53.1291732788, 46.3905563354, 50.8259124756, 180.37310791, 215.195114136, 109.259315491, -25.4737606049, -99.1770858765, -129.575912476, -125.089454651], [72.4499816895, -57.7372589111, -105.80014801, -47.8137969971, -2.97164750099, -28.9331989288, 31.8602161407, 109.259315491, 214.215545654, 92.2261886597, 6.2310218811, -69.7128219604, -118.576683044], [34.771270752, 92.7011871338, 30.773519516, -85.7103118896, -60.2619972229, -64.4199447632, -84.2984008789, -25.4737606049, 92.2261886597, 184.89692688, 122.745323181, 9.22982692719, -66.7401275635], [170.305114746, 215.953094482, 44.4123764038, -136.040100098, -113.352180481, -147.930099487, -149.027084351, -99.1770858765, 6.2310218811, 122.745323181, 229.274246216, 132.438659668, 4.61750793457], [15.2568044662, 171.466812134, 122.607429504, -50.9098701477, -73.7712554932, -84.7907791138, -172.239868164, -129.575912476, -69.7128219604, 9.22982692719, 132.438659668, 239.245803833, 148.479873657], [-54.1266136169, 95.6600646973, 68.6946640015, 8.81564903259, -0.732967019081, -20.541885376, -85.8550338745, -125.089454651, -118.576683044, -66.7401275635, 4.61750793457, 148.479873657, 244.169326782]]}, "spectral_flux": {"min": 6.26872095899e-11, "max": 0.235465869308, "dvar2": 0.00084577704547, "median": 0.037032790482, "dmean2": 0.026512503624, "dmean": 0.0159454289824, "var": 0.00077510724077, "dvar": 0.000305019348161, "mean": 0.0439289584756}, "silence_rate_30dB": {"min": 0, "max": 1, "dvar2": 0.0088416012004, "median": 1, "dmean2": 0.00768686132506, "dmean": 0.00384304206818, "var": 0.00643002614379, "dvar": 0.00382855720818, "mean": 0.993528187275}, "spectral_energyband_middle_high": {"min": 1.25255289093e-21, "max": 0.106887355447, "dvar2": 3.16785735777e-05, "median": 0.00347320502624, "dmean2": 0.00308786774985, "dmean": 0.00222813338041, "var": 7.56779918447e-05, "dvar": 1.66409990925e-05, "mean": 0.00630269944668}, "barkbands_spread": {"min": 0.777263402939, "max": 89.2202529907, "dvar2": 14.5718164444, "median": 11.9882307053, "dmean2": 3.89328980446, "dmean": 2.5630300045, "var": 61.6025772095, "dvar": 6.47122240067, "mean": 12.8013067245}, "spectral_centroid": {"min": 439.908111572, "max": 11558.1914062, "dvar2": 89283.5703125, "median": 1638.06933594, "dmean2": 316.64956665, "dmean": 212.213790894, "var": 665931.9375, "dvar": 42717.3867188, "mean": 1674.84838867}, "pitch_salience": {"min": 0.0762943774462, "max": 0.869234085083, "dvar2": 0.0089965974912, "median": 0.530725717545, "dmean2": 0.106673844159, "dmean": 0.0700207799673, "var": 0.0211996026337, "dvar": 0.0040194564499, "mean": 0.516192793846}, "erbbands_skewness": {"min": -3.42597532272, "max": 5.78111171722, "dvar2": 0.34075319767, "median": 0.00398294022307, "dmean2": 0.608515977859, "dmean": 0.411305695772, "var": 0.913313090801, "dvar": 0.163592845201, "mean": 0.119685381651}, "erbbands_crest": {"min": 2.4464662075, "max": 33.4966926575, "dvar2": 18.9245986938, "median": 13.2314243317, "dmean2": 4.89962005615, "dmean": 3.09353303909, "var": 30.610786438, "dvar": 8.07701778412, "mean": 14.3075199127}, "melbands": {"min": [5.28539320992e-25, 5.34471456392e-25, 2.24783430031e-24, 2.19618382975e-24, 1.77115997073e-24, 9.29688156806e-25, 2.8588575585e-24, 1.9726839553e-24, 1.98197969499e-24, 3.35552872316e-24, 3.69658721351e-24, 2.42999076358e-24, 2.8245133157e-24, 3.73179999217e-24, 2.91245513498e-24, 2.02409125948e-24, 2.62512379152e-24, 4.06325962302e-24, 5.81371002284e-24, 4.39538781348e-24, 4.96125706789e-24, 3.51016005451e-24, 3.14690913197e-24, 6.25712479336e-24, 4.06596068276e-24, 6.15603266278e-24, 4.11245101691e-24, 4.56626652404e-24, 4.12742951335e-24, 4.58455626413e-24, 6.09695881389e-24, 6.01637075597e-24, 6.27101939491e-24, 5.3152000234e-24, 6.51280486793e-24, 5.76493159762e-24, 6.65967183582e-24, 5.01504436542e-24, 6.13253762401e-24, 7.35972278033e-24], "max": [5.90263744016e-06, 6.51195159662e-06, 3.86969350075e-06, 0.000338731566444, 0.0012767734006, 0.0103088971227, 0.0133011480793, 0.0559365265071, 0.0104373889044, 0.00734606711194, 0.00536681711674, 0.00831307657063, 0.0117955412716, 0.00403984123841, 0.00645872531459, 0.0088895149529, 0.00143483607098, 0.00613635405898, 0.00325947301462, 0.000891541130841, 0.00100708799437, 0.00297655584291, 0.00113790214527, 0.00119947921485, 0.00140633329283, 0.000619032885879, 0.000141014388646, 3.17552294291e-05, 3.31154951709e-05, 1.1500284927e-05, 2.51784440479e-05, 3.59653654414e-06, 1.36956032293e-06, 1.40894212564e-06, 1.2633811366e-06, 8.61463661295e-07, 1.6500990796e-06, 7.487957987e-07, 4.13819492451e-07, 6.64013271034e-08], "dvar2": [7.06360019304e-14, 1.04384593146e-13, 4.76315086548e-14, 1.05936093231e-10, 1.47776457737e-09, 6.20214066771e-08, 1.48870910266e-07, 2.19053049477e-06, 1.49588132103e-07, 1.07382987835e-07, 2.49939535735e-08, 1.17901301167e-07, 1.41320853686e-07, 1.79608097284e-08, 6.15247586211e-08, 7.05913905108e-08, 3.45078943198e-09, 4.87926392623e-08, 1.26224977137e-08, 1.73066028175e-09, 3.58993523797e-09, 1.39134517241e-08, 5.97594240759e-09, 4.85135354111e-09, 3.11750425475e-09, 5.05512465221e-10, 1.9257822767e-11, 2.29605679088e-12, 9.2400078474e-13, 2.01468006232e-13, 2.4879154726e-13, 1.61256133501e-14, 3.63985049918e-15, 4.14204023998e-15, 1.40998914933e-15, 1.0183926888e-15, 1.74409748372e-15, 4.85387677622e-16, 1.05879488984e-16, 5.4226205559e-18], "median": [2.5864193276e-07, 4.30510453953e-07, 1.5639061246e-07, 7.45992281281e-08, 2.22382638526e-07, 1.85119301932e-06, 2.08456531254e-05, 3.50674163201e-05, 3.18542370223e-05, 9.43137547438e-06, 8.16870306153e-06, 1.68990682141e-05, 7.78740195528e-06, 3.74272713088e-06, 8.22987385618e-06, 1.14752547233e-05, 4.85346117785e-06, 1.19704027384e-05, 1.21647508422e-05, 3.95280676457e-06, 5.89273622609e-06, 7.49578066461e-06, 9.19559442991e-06, 8.41124892759e-06, 3.50423260898e-06, 2.31476292356e-06, 6.17466071162e-07, 2.30811579627e-07, 7.56645732736e-08, 5.75558019023e-08, 3.80772533504e-08, 1.95367046985e-08, 1.39531923793e-08, 1.11635118927e-08, 8.91520723911e-09, 7.63685203964e-09, 6.55957954621e-09, 5.35729327567e-09, 4.55019621981e-09, 3.75203867975e-09], "dmean2": [2.61945558577e-07, 3.37670854833e-07, 2.13209546018e-07, 1.33528521928e-06, 1.1221771274e-05, 7.46056321077e-05, 0.000160359952133, 0.000432089087553, 0.000147562503116, 9.13560652407e-05, 4.55567460449e-05, 0.00011022092076, 8.59073770698e-05, 3.18016864185e-05, 6.89906519256e-05, 8.32515288494e-05, 1.85085627891e-05, 5.6775235862e-05, 4.20116921305e-05, 1.63083332154e-05, 2.3979033358e-05, 3.36861776304e-05, 3.27235575242e-05, 2.76996870525e-05, 1.52966040332e-05, 7.68162317399e-06, 1.5061295926e-06, 6.37608707166e-07, 2.38329420199e-07, 1.59096799734e-07, 1.14756083747e-07, 4.27305266726e-08, 2.1852844867e-08, 1.65583191603e-08, 9.80569847542e-09, 7.4510548842e-09, 6.51017773023e-09, 4.69625804911e-09, 2.97895375034e-09, 2.01622452067e-09], "dmean": [1.51647412849e-07, 2.00804706196e-07, 1.22956592463e-07, 9.95692630568e-07, 8.71713109518e-06, 6.16845936747e-05, 0.000132163142553, 0.000348299421603, 0.00011366646504, 6.85530467308e-05, 3.32817835442e-05, 7.88616453065e-05, 6.37795310467e-05, 2.33103492064e-05, 4.96373468195e-05, 5.99591621722e-05, 1.2140144463e-05, 3.70015950466e-05, 2.79189025605e-05, 1.12368206828e-05, 1.65099900187e-05, 2.24285358854e-05, 2.23666174861e-05, 1.9046734451e-05, 1.02476724351e-05, 5.19333025295e-06, 9.79316610028e-07, 4.10693900221e-07, 1.52589777258e-07, 1.02028927529e-07, 7.36498293463e-08, 2.7661039681e-08, 1.40162628171e-08, 1.05655653115e-08, 6.18577367106e-09, 4.66736915783e-09, 4.09104083943e-09, 2.94965052383e-09, 1.85153148369e-09, 1.2542845651e-09], "var": [2.34945069178e-14, 4.70483467994e-14, 1.88994328e-14, 2.43368020181e-10, 5.64862956409e-09, 2.96926771171e-07, 7.63346008625e-07, 8.74034139997e-06, 3.67737669649e-07, 2.13933603277e-07, 3.76651065892e-08, 2.16698410327e-07, 2.39741950736e-07, 3.16485930796e-08, 1.23530355722e-07, 1.65990741152e-07, 2.65829935842e-09, 3.99500521553e-08, 1.3366824092e-08, 2.38194175495e-09, 5.62664803638e-09, 9.22621357091e-09, 8.41242364658e-09, 6.62751942215e-09, 3.54146467707e-09, 5.76278080811e-10, 1.73863371616e-11, 2.25918589392e-12, 8.91663424953e-13, 1.72887203685e-13, 2.96894805832e-13, 1.5966782814e-14, 3.09476658642e-15, 2.16634372557e-15, 8.76245843056e-16, 4.23844831243e-16, 6.9344152172e-16, 2.49209639758e-16, 4.37567426733e-17, 7.62905287517e-18], "dvar": [2.51141931551e-14, 3.70398292116e-14, 1.70243305537e-14, 5.34157232335e-11, 8.74869787726e-10, 4.75760337793e-08, 1.17825173618e-07, 1.5768960111e-06, 9.1377579281e-08, 5.72585854286e-08, 1.26712009774e-08, 5.71392178017e-08, 7.64926966212e-08, 9.62251700543e-09, 3.23499023125e-08, 4.12832292795e-08, 1.49134093963e-09, 1.99824139457e-08, 5.48783862797e-09, 9.01397900765e-10, 1.77950365554e-09, 6.4577574399e-09, 3.05739678019e-09, 2.3169115515e-09, 1.53268864267e-09, 2.42962067132e-10, 7.97254796903e-12, 1.03050565043e-12, 4.18015990745e-13, 9.15313967198e-14, 1.23852357948e-13, 7.15941469656e-15, 1.60726195807e-15, 1.63774985022e-15, 6.43675847909e-16, 3.76636296961e-16, 6.85179085896e-16, 1.89950155977e-16, 3.99900632575e-17, 2.47385215989e-18], "mean": [2.87804937216e-07, 4.63074968593e-07, 1.8821890535e-07, 2.33928540183e-06, 2.20126457862e-05, 0.000148158942466, 0.0003373377549, 0.000821346184239, 0.000252358033322, 0.000139247436891, 6.15452736383e-05, 0.000168230937561, 0.000121374185255, 4.46133853984e-05, 9.44976854953e-05, 0.000117049101391, 1.90382397705e-05, 5.81219501328e-05, 4.64829208795e-05, 1.98904035642e-05, 3.10595423798e-05, 3.17526937579e-05, 4.06974177167e-05, 3.54122712451e-05, 1.62409323821e-05, 8.71902284416e-06, 1.69822737917e-06, 6.80534810726e-07, 2.59692967575e-07, 1.64418864301e-07, 1.20763061773e-07, 5.09488735645e-08, 2.77157266027e-08, 2.06482972942e-08, 1.38274982575e-08, 1.08879261163e-08, 9.44536004965e-09, 7.36782190813e-09, 5.54518164719e-09, 4.36640101853e-09]}, "spectral_entropy": {"min": 4.26207637787, "max": 9.82752418518, "dvar2": 0.100223518908, "median": 6.21578121185, "dmean2": 0.305526942015, "dmean": 0.222171753645, "var": 0.356549322605, "dvar": 0.0535300001502, "mean": 6.23135852814}, "spectral_rolloff": {"min": 409.130859375, "max": 19509.0820312, "dvar2": 397635.15625, "median": 1981.0546875, "dmean2": 548.962158203, "dmean": 318.2449646, "var": 2022065.25, "dvar": 188273.578125, "mean": 2085.43603516}, "barkbands": {"min": [4.92327197317e-26, 1.67451326858e-24, 7.71658511284e-25, 1.41415751681e-24, 5.30459733841e-24, 4.09798291348e-24, 8.17161132424e-24, 8.96650385994e-24, 1.95585439675e-23, 1.49508515963e-23, 1.47542532592e-23, 2.68934389286e-23, 1.2785567251e-23, 3.54065197397e-23, 5.96637527615e-23, 5.91432875798e-23, 5.60056785263e-23, 1.07587702775e-22, 1.5566317088e-22, 1.33164731646e-22, 2.39315180339e-22, 3.87849838048e-22, 4.24300386797e-22, 5.57396948239e-22, 9.00505145341e-22, 1.23632048115e-21, 1.77385812746e-21], "max": [4.64601180283e-06, 1.88185658772e-05, 1.30845055537e-05, 7.82240840635e-06, 0.00358449318446, 0.0459265038371, 0.190523222089, 0.153952419758, 0.046854712069, 0.0559415332973, 0.0760827437043, 0.0275778286159, 0.0990135446191, 0.0572513602674, 0.0386872291565, 0.0133993588388, 0.039098571986, 0.0232553258538, 0.0188890174031, 0.00148018903565, 0.000597246631514, 8.16934771137e-05, 4.84085576318e-05, 7.93098442955e-05, 9.61842488323e-06, 1.45839567267e-06, 2.30973554949e-07], "dvar2": [8.03347324644e-14, 8.17594852497e-13, 5.21433211279e-13, 2.68445313721e-13, 1.03093231729e-08, 1.18394962101e-06, 1.40100983117e-05, 2.46230301855e-05, 3.5726607166e-06, 3.60657804777e-06, 8.08988988865e-06, 1.05308151888e-06, 9.86076156551e-06, 2.32968091041e-06, 3.67981260752e-06, 3.58053341643e-07, 2.55168265539e-06, 1.95633697331e-06, 6.75885871715e-07, 2.89647350549e-09, 4.19469264878e-10, 1.83591024328e-11, 3.12664174065e-12, 3.70074327086e-12, 8.62448811369e-14, 7.30471811646e-15, 6.51462357096e-16], "median": [1.52951514565e-07, 1.07770051727e-06, 6.55508188174e-07, 2.46987383434e-07, 4.1080178903e-07, 4.23436404162e-06, 9.09580630832e-05, 5.28019736521e-05, 4.5739376219e-05, 8.12271100585e-05, 4.10260472563e-05, 1.52778211486e-05, 0.000117070914712, 3.5309636587e-05, 0.000210804006201, 4.70088198199e-05, 0.000167942911503, 0.000221924143261, 7.57572051953e-05, 8.05986201158e-06, 2.45585852099e-06, 8.91458853403e-07, 5.69714643461e-07, 4.93263712542e-07, 3.96950326831e-07, 2.33318573351e-07, 1.67470783907e-08], "dmean2": [2.54740768924e-07, 9.34096021865e-07, 6.93126423812e-07, 5.09418896399e-07, 1.86032721103e-05, 0.000322080100887, 0.00119869562332, 0.00157847371884, 0.000550594180822, 0.000564761459827, 0.000721863238141, 0.000234159495449, 0.000916807795875, 0.000283555418719, 0.000698446470778, 0.000241614412516, 0.000572903547436, 0.000598862825427, 0.000258807674982, 1.90678110812e-05, 6.17984687779e-06, 1.60490435519e-06, 5.49630442492e-07, 3.70658739257e-07, 1.60888077971e-07, 8.14227689716e-08, 1.93397511339e-08], "dmean": [1.57103102083e-07, 5.5282600897e-07, 4.03495022283e-07, 2.90238261869e-07, 1.43601846503e-05, 0.00027060895809, 0.00101476081181, 0.00119999132585, 0.000413375848439, 0.000398390257033, 0.000533457437996, 0.000167536680237, 0.000660522317048, 0.000181872819667, 0.000457736197859, 0.000166343466844, 0.000379786477424, 0.000409134052461, 0.000174204891664, 1.23436020658e-05, 3.97619487558e-06, 1.0564490367e-06, 3.57115084171e-07, 2.40082442815e-07, 1.04831563874e-07, 5.41097833207e-08, 1.14067155721e-08], "var": [2.83965915154e-14, 3.0208894739e-13, 2.26197370296e-13, 8.76642440822e-14, 3.70085579959e-08, 5.76325101065e-06, 8.77331767697e-05, 6.71296220389e-05, 7.44009093978e-06, 4.66445908387e-06, 1.63691456692e-05, 1.60000820415e-06, 2.26512674999e-05, 1.63235995387e-06, 2.93503990179e-06, 5.90954130075e-07, 1.98169914256e-06, 2.64043342213e-06, 7.60690625157e-07, 2.25840479651e-09, 4.33887065165e-10, 1.91134920391e-11, 2.63066022958e-12, 2.14259361121e-12, 9.58080728468e-14, 2.43489141339e-14, 4.37744986015e-16], "dvar": [2.87545425567e-14, 2.90768548562e-13, 1.80615532296e-13, 9.64991500878e-14, 6.29901375504e-09, 9.33189824082e-07, 1.29254021886e-05, 1.52979118866e-05, 1.92404809241e-06, 1.70602845628e-06, 4.41407701146e-06, 5.29956764694e-07, 5.49287869944e-06, 9.36352535064e-07, 1.47606783685e-06, 1.93980980612e-07, 1.17971126201e-06, 9.29771715619e-07, 3.31770138473e-07, 1.19646803576e-09, 1.97907010224e-10, 8.30589590162e-12, 1.50349849758e-12, 1.54297733444e-12, 3.83640906857e-14, 3.33295182767e-15, 2.36683981232e-16], "mean": [1.82334588317e-07, 1.17011609291e-06, 7.66646223838e-07, 3.29453655468e-07, 3.52879578713e-05, 0.00064641458448, 0.00252025783993, 0.00264858617447, 0.000843986461405, 0.000750714971218, 0.00105685775634, 0.000303031789372, 0.00129589787684, 0.000273216515779, 0.000731237523723, 0.000296804995742, 0.000581577303819, 0.000761234783567, 0.000284710258711, 2.10960715776e-05, 6.9929219535e-06, 2.1240678052e-06, 8.80389166014e-07, 6.81259564317e-07, 4.60565814819e-07, 2.68571483275e-07, 2.27987566603e-08]}, "melbands_flatness_db": {"min": 0.00338792218827, "max": 0.535663366318, "dvar2": 0.00100710918196, "median": 0.283296376467, "dmean2": 0.0330366678536, "dmean": 0.0239311158657, "var": 0.00454541528597, "dvar": 0.000520928064361, "mean": 0.289398610592}, "melbands_skewness": {"min": -4.02160596848, "max": 10.439198494, "dvar2": 0.799001693726, "median": 1.14975428581, "dmean2": 0.847850859165, "dmean": 0.578691482544, "var": 2.22355771065, "dvar": 0.385781645775, "mean": 1.48734867573}, "barkbands_skewness": {"min": -4.93876123428, "max": 7.38199615479, "dvar2": 0.498706817627, "median": 0.524077892303, "dmean2": 0.70684659481, "dmean": 0.484330356121, "var": 1.45507311821, "dvar": 0.241450861096, "mean": 0.741592943668}, "silence_rate_60dB": {"min": 0, "max": 1, "dvar2": 0.131318494678, "median": 0, "dmean2": 0.127035498619, "dmean": 0.0635113269091, "var": 0.152766227722, "dvar": 0.0594739690423, "mean": 0.188188895583}, "spectral_energyband_low": {"min": 5.90117852558e-24, "max": 3.98160118493e-05, "dvar2": 2.45584151973e-12, "median": 2.18724676415e-06, "dmean2": 1.46846025473e-06, "dmean": 8.73323187989e-07, "var": 8.98821924007e-13, "dvar": 8.56346298126e-13, "mean": 2.29561919696e-06}, "spectral_energyband_middle_low": {"min": 1.50983748965e-22, "max": 0.268738329411, "dvar2": 5.19944806001e-05, "median": 0.00266412412748, "dmean2": 0.00341875921004, "dmean": 0.00271004415117, "var": 0.000211893697269, "dvar": 3.77050309908e-05, "mean": 0.00679336767644}, "melbands_kurtosis": {"min": -1.88238084316, "max": 154.537078857, "dvar2": 84.0997161865, "median": 0.701568841934, "dmean2": 4.4877076149, "dmean": 2.98871588707, "var": 129.587524414, "dvar": 39.7483444214, "mean": 4.44929933548}, "spectral_decrease": {"min": -7.1304484095e-08, "max": 3.77633702089e-20, "dvar2": 4.99925835146e-18, "median": -1.78579095955e-09, "dmean2": 1.31510058399e-09, "dmean": 1.02545871794e-09, "var": 1.9812223059e-17, "dvar": 3.42358516366e-18, "mean": -3.11584558155e-09}, "erbbands_kurtosis": {"min": -1.90308845043, "max": 37.372341156, "dvar2": 5.882791996, "median": -0.50990986824, "dmean2": 1.56044745445, "dmean": 1.00597345829, "var": 6.27565145493, "dvar": 2.7405936718, "mean": 0.138678207994}, "melbands_crest": {"min": 1.66958510876, "max": 35.4939727783, "dvar2": 21.1884632111, "median": 15.8581151962, "dmean2": 4.85957670212, "dmean": 3.14355587959, "var": 42.2684516907, "dvar": 9.313580513, "mean": 17.0259914398}, "melbands_spread": {"min": 0.800832271576, "max": 148.631561279, "dvar2": 56.6716842651, "median": 20.318063736, "dmean2": 7.54492855072, "dmean": 4.97501039505, "var": 182.178634644, "dvar": 24.9408874512, "mean": 21.793422699}, "spectral_energy": {"min": 9.85801865415e-21, "max": 0.282886743546, "dvar2": 8.37204061099e-05, "median": 0.00757688982412, "dmean2": 0.00546991126612, "dmean": 0.00425811065361, "var": 0.000327016750816, "dvar": 5.65919654036e-05, "mean": 0.0130648342893}, "mfcc": {"mean": [-788.381591797, 105.180091858, -99.7941055298, -8.33336925507, -11.0881185532, -34.8011817932, -13.8579511642, 1.95694100857, -4.74625396729, 7.66292715073, 16.0559825897, 9.8004283905, 5.27528524399], "icov": [[0.00230084918439, -0.000178439280717, 0.0036479094997, -0.000248736207141, 0.00295504857786, 0.000330775772454, 0.00235062208958, -0.000853725825436, 0.00201564584859, -0.000386783212889, 0.00110451760702, -0.000213216335396, 0.000753105443437], [-0.000178439280717, 0.00549010653049, -0.000588433525991, 0.00530550023541, -0.00092345662415, 0.00522419624031, -0.000681611825712, 0.00390829751268, 0.000542451860383, 0.00169847218785, 0.000748569786083, 0.000390800094465, 0.00109362695366], [0.0036479094997, -0.000588433525991, 0.00791705492884, -0.00140399869997, 0.00566347828135, -0.00136746838689, 0.00497537944466, -0.00209088344127, 0.00467283651233, -0.00129454850685, 0.0026536998339, -0.00062750041252, 0.00153508584481], [-0.000248736207141, 0.00530550023541, -0.00140399869997, 0.0111207859591, -0.0040519637987, 0.00748412776738, -0.00343844457529, 0.00429115071893, -0.00146840012167, 0.00196949322708, -0.000654705974739, 0.00121130899061, 0.000834888836835], [0.00295504857786, -0.00092345662415, 0.00566347828135, -0.0040519637987, 0.0146591728553, -0.0078641930595, 0.0104262111709, -0.00440732482821, 0.00679153110832, -0.00306913256645, 0.0038815708831, -0.000966076389886, 0.00132465874776], [0.000330775772454, 0.00522419624031, -0.00136746838689, 0.00748412776738, -0.0078641930595, 0.0186792649329, -0.0101204188541, 0.00917606521398, -0.00615687482059, 0.00578342843801, -0.00155184092, 0.000941473001149, 0.00149758951738], [0.00235062208958, -0.000681611825712, 0.00497537944466, -0.00343844457529, 0.0104262111709, -0.0101204188541, 0.0189777296036, -0.011047414504, 0.0111078601331, -0.00883857533336, 0.00754124810919, -0.00224593025632, 0.00195280555636], [-0.000853725825436, 0.00390829751268, -0.00209088344127, 0.00429115071893, -0.00440732482821, 0.00917606521398, -0.011047414504, 0.0202327147126, -0.0146454507485, 0.0126066878438, -0.00940437894315, 0.00616818014532, -0.000696483824868], [0.00201564584859, 0.000542451860383, 0.00467283651233, -0.00146840012167, 0.00679153110832, -0.00615687482059, 0.0111078601331, -0.0146454507485, 0.0221878290176, -0.0163170006126, 0.0157605148852, -0.00978197716177, 0.00460440292954], [-0.000386783212889, 0.00169847218785, -0.00129454850685, 0.00196949322708, -0.00306913256645, 0.00578342843801, -0.00883857533336, 0.0126066878438, -0.0163170006126, 0.0212815925479, -0.0178088881075, 0.0113779669628, -0.00387994199991], [0.00110451760702, 0.000748569786083, 0.0026536998339, -0.000654705974739, 0.0038815708831, -0.00155184092, 0.00754124810919, -0.00940437894315, 0.0157605148852, -0.0178088881075, 0.0238572712988, -0.0154515709728, 0.00727536994964], [-0.000213216335396, 0.000390800094465, -0.00062750041252, 0.00121130899061, -0.000966076389886, 0.000941473001149, -0.00224593025632, 0.00616818014532, -0.00978197716177, 0.0113779669628, -0.0154515709728, 0.0139178996906, -0.00612987531349], [0.000753105443437, 0.00109362695366, 0.00153508584481, 0.000834888836835, 0.00132465874776, 0.00149758951738, 0.00195280555636, -0.000696483824868, 0.00460440292954, -0.00387994199991, 0.00727536994964, -0.00612987531349, 0.00618874281645]], "cov": [[2316.02929688, 433.149993896, -866.631896973, -167.69190979, -222.109268188, -337.110931396, -164.343170166, -59.7680130005, -104.023399353, -57.9880218506, 85.3249969482, 128.877609253, 121.837905884], [433.149993896, 886.402832031, 31.6620616913, -275.80682373, -49.8009300232, -206.228530884, -207.708938599, -249.32131958, -307.81930542, -216.27166748, -77.6201171875, 25.148317337, 127.637870789], [-866.631896973, 31.6620616913, 580.157409668, 30.6782093048, 24.296667099, 61.8248252869, -0.846831083298, -42.464302063, -79.6323928833, -60.5273323059, -72.1402359009, -82.3432159424, -48.3054885864], [-167.69190979, -275.80682373, 30.6782093048, 225.997451782, 40.799446106, 20.7567977905, 52.7352867126, 54.051109314, 61.7463417053, 61.1105194092, 9.92343616486, -50.0253410339, -62.1077766418], [-222.109268188, -49.8009300232, 24.296667099, 40.799446106, 183.375198364, 72.6371688843, -41.6279640198, -26.3764896393, -20.4081802368, -30.0206813812, -31.4336166382, -20.4829387665, -9.3350982666], [-337.110931396, -206.228530884, 61.8248252869, 20.7567977905, 72.6371688843, 200.843734741, 98.9741897583, 39.8014755249, 70.7571487427, 18.8875904083, -46.5237197876, -59.8690643311, -76.9785385132], [-164.343170166, -207.708938599, -0.846831083298, 52.7352867126, -41.6279640198, 98.9741897583, 215.604980469, 115.056648254, 81.9671859741, 71.4585342407, -37.9369087219, -117.886703491, -108.675453186], [-59.7680130005, -249.32131958, -42.464302063, 54.051109314, -26.3764896393, 39.8014755249, 115.056648254, 220.396820068, 167.850448608, 51.3845062256, -5.37812232971, -62.0602684021, -108.727600098], [-104.023399353, -307.81930542, -79.6323928833, 61.7463417053, -20.4081802368, 70.7571487427, 81.9671859741, 167.850448608, 294.419525146, 147.361114502, 5.80044794083, -16.4857158661, -91.0605316162], [-57.9880218506, -216.27166748, -60.5273323059, 61.1105194092, -30.0206813812, 18.8875904083, 71.4585342407, 51.3845062256, 147.361114502, 264.162658691, 138.851135254, -11.6747112274, -81.6839752197], [85.3249969482, -77.6201171875, -72.1402359009, 9.92343616486, -31.4336166382, -46.5237197876, -37.9369087219, -5.37812232971, 5.80044794083, 138.851135254, 311.477844238, 230.272079468, -6.11037397385], [128.877609253, 25.148317337, -82.3432159424, -50.0253410339, -20.4829387665, -59.8690643311, -117.886703491, -62.0602684021, -16.4857158661, -11.6747112274, 230.272079468, 436.617462158, 222.838790894], [121.837905884, 127.637870789, -48.3054885864, -62.1077766418, -9.3350982666, -76.9785385132, -108.675453186, -108.727600098, -91.0605316162, -81.6839752197, -6.11037397385, 222.838790894, 431.684417725]]}, "spectral_contrast_valleys": {"min": [-28.3602256775, -27.8110599518, -27.7193279266, -27.6513938904, -27.6744709015, -27.4013538361], "max": [-9.14694213867, -6.11705732346, -6.82397890091, -7.08784484863, -7.31069087982, -10.8223466873], "dvar2": [0.194094359875, 0.277394741774, 0.265985876322, 0.182293862104, 0.105926647782, 0.0257767178118], "median": [-10.6768302917, -8.94732761383, -9.43069171906, -9.52193546295, -9.27175998688, -11.8922634125], "dmean2": [0.562924742699, 0.636490464211, 0.574471712112, 0.469210267067, 0.340891957283, 0.163796797395], "dmean": [0.329279094934, 0.384591549635, 0.359244972467, 0.30326846242, 0.214906558394, 0.107422210276], "var": [1.28276085854, 1.84338462353, 1.75221002102, 1.70515930653, 1.55226719379, 1.06872975826], "dvar": [0.0700569674373, 0.112315602601, 0.115300223231, 0.0878893136978, 0.0497445687652, 0.0148615511134], "mean": [-10.7557849884, -8.97833538055, -9.45989322662, -9.54914665222, -9.32535362244, -11.9526062012]}, "barkbands_flatness_db": {"min": 0.0151658467948, "max": 0.491201043129, "dvar2": 0.000927760847844, "median": 0.274071872234, "dmean2": 0.0324634760618, "dmean": 0.0233357604593, "var": 0.00438125152141, "dvar": 0.000491482496727, "mean": 0.276147574186}, "dynamic_complexity": 3.99934411049, "spectral_skewness": {"min": -0.0489272624254, "max": 5.05225276947, "dvar2": 0.399597495794, "median": 2.25339102745, "dmean2": 0.786267459393, "dmean": 0.450