{"lowlevel": {"spectral_complexity": {"min": 0, "max": 57, "dvar2": 12.3558931351, "median": 6, "dmean2": 2.70308113098, "dmean": 1.72099542618, "var": 76.1055297852, "dvar": 5.86898565292, "mean": 9.33250713348}, "silence_rate_20dB": {"min": 1, "max": 1, "dvar2": 0, "median": 1, "dmean2": 0, "dmean": 0, "var": 0, "dvar": 0, "mean": 1}, "average_loudness": 0.0925066843629, "erbbands_spread": {"min": 2.36715769768, "max": 156.006561279, "dvar2": 320.679077148, "median": 42.4602737427, "dmean2": 14.9658546448, "dmean": 9.68584251404, "var": 466.951416016, "dvar": 135.901443481, "mean": 44.7034492493}, "spectral_kurtosis": {"min": -0.939809560776, "max": 34.3867111206, "dvar2": 8.65930938721, "median": 3.95879364014, "dmean2": 2.71880245209, "dmean": 1.67293357849, "var": 12.3468589783, "dvar": 3.40547776222, "mean": 4.70263671875}, "barkbands_kurtosis": {"min": -1.93871557713, "max": 263.523040771, "dvar2": 152.17918396, "median": 6.03756523132, "dmean2": 7.93204927444, "dmean": 5.11461496353, "var": 300.915679932, "dvar": 65.6427612305, "mean": 12.0822429657}, "spectral_strongpeak": {"min": 0, "max": 14.9539270401, "dvar2": 1.19455993176, "median": 0.289635151625, "dmean2": 0.554316937923, "dmean": 0.335358560085, "var": 1.07292044163, "dvar": 0.493213444948, "mean": 0.642999947071}, "spectral_spread": {"min": 2060973.625, "max": 21982062, "dvar2": 1597025550340.0, "median": 4434168.5, "dmean2": 1039582.875, "dmean": 707050.8125, "var": 1990987218940.0, "dvar": 799023300608, "mean": 4780625}, "spectral_rms": {"min": 4.04139115062e-07, "max": 0.0113978404552, "dvar2": 6.33100512459e-07, "median": 0.00245275069028, "dmean2": 0.000650635338388, "dmean": 0.000440073636128, "var": 4.65524590254e-06, "dvar": 2.84568983488e-07, "mean": 0.00297511182725}, "erbbands": {"min": [1.67062363943e-10, 2.84746032309e-10, 9.06525965405e-10, 1.03890149816e-08, 3.75499809024e-08, 5.31683035376e-08, 3.03913623156e-08, 6.16028401623e-08, 1.19077874672e-07, 4.38867786556e-08, 5.92975304414e-08, 1.13794030199e-07, 1.20576032714e-07, 6.08877570585e-08, 1.48660035393e-07, 1.54527313612e-07, 8.36075884081e-08, 5.37298028291e-08, 2.38434552102e-08, 3.0139062801e-08, 5.16707245879e-08, 4.75406558564e-08, 4.74615191592e-08, 2.99010309845e-07, 4.80006463022e-07, 4.20870605922e-07, 2.96182861348e-06, 3.76256224399e-07, 7.79569191423e-08, 3.70934749583e-08, 4.64202649653e-08, 4.78646917657e-08, 5.0106329752e-08, 5.60852022602e-08, 7.02271023556e-08, 2.93925914718e-08, 8.60428883698e-09, 7.29948723688e-09, 2.72931988121e-09, 1.56370916216e-10], "max": [1.63076508045, 6.29408311844, 21.7711849213, 72.248878479, 140.045211792, 412.543945313, 471.350158691, 218.850158691, 393.245697021, 1424.12585449, 1983.04248047, 2622.77197266, 1107.52160645, 1412.76208496, 1051.109375, 1010.89813232, 1765.68994141, 424.614532471, 370.170928955, 601.530212402, 192.457733154, 191.606399536, 302.696685791, 189.855728149, 277.023895264, 692.144165039, 357.726165771, 2202.1315918, 796.984924316, 765.864746094, 601.818664551, 226.020217896, 145.590606689, 67.4961624146, 17.4021720886, 8.24705314636, 2.36285161972, 0.563954532146, 0.0485075674951, 0.00131366285495], "dvar2": [0.00787397567183, 0.210951790214, 5.1712269783, 38.7894592285, 202.801086426, 690.221313477, 764.508056641, 141.458770752, 393.775054932, 2906.5847168, 7410.62207031, 12213.9677734, 5271.33642578, 5809.69335938, 3414.11181641, 2350.01123047, 5327.125, 469.734924316, 631.259338379, 609.631408691, 107.23021698, 116.206680298, 214.398254395, 137.706634521, 97.7480926514, 285.552764893, 250.689071655, 1724.78173828, 523.491271973, 649.883056641, 607.360778809, 112.029846191, 28.0849533081, 6.84299325943, 1.10455465317, 0.0878778249025, 0.00456564454362, 0.000159317889484, 2.28553312809e-06, 1.77656278577e-09], "median": [0.00107667676639, 0.0427221134305, 0.567901194096, 2.1018550396, 3.46052074432, 2.76559448242, 2.57823252678, 2.99504137039, 1.96297776699, 0.906914770603, 1.38775622845, 0.681553006172, 0.9332690835, 0.990901589394, 0.882445335388, 0.907676458359, 0.893758416176, 1.2751224041, 1.01697075367, 0.849408626556, 0.676123380661, 0.606067538261, 0.975843191147, 1.14219760895, 0.955550193787, 0.664968073368, 0.528015732765, 0.352027177811, 0.216889292002, 0.199935019016, 0.157240658998, 0.111205771565, 0.07578458637, 0.0264146924019, 0.0100528113544, 0.0025972709991, 0.000445061945356, 5.93392614974e-05, 1.11985009426e-05, 7.93015078671e-06], "dmean2": [0.0195699427277, 0.165082082152, 1.1319411993, 3.36229848862, 6.92418336868, 8.0162563324, 10.3812837601, 5.28172063828, 6.44910001755, 13.180439949, 21.6438312531, 23.32330513, 18.9316101074, 18.6418895721, 12.228767395, 11.7725324631, 15.0558776855, 6.62235689163, 7.22181797028, 6.58219194412, 3.6690928936, 3.65623354912, 5.33818912506, 4.45223093033, 3.48373222351, 3.62979245186, 3.98481607437, 5.13463926315, 4.54986953735, 4.7916431427, 4.39482545853, 2.33598995209, 1.28209233284, 0.665172696114, 0.293221116066, 0.0823193714023, 0.0163102447987, 0.00199196743779, 0.000146193167893, 1.05137160062e-05], "dmean": [0.0132516715676, 0.103706374764, 0.698172867298, 2.07981324196, 4.52339220047, 5.00621843338, 6.38329696655, 3.5262901783, 4.41003608704, 9.17300891876, 14.7307882309, 15.035569191, 11.8713579178, 11.7066249847, 7.64045238495, 7.27048683167, 9.37450218201, 4.20592498779, 4.40017271042, 4.08079338074, 2.25537919998, 2.25544476509, 3.30308103561, 2.85426044464, 2.27542686462, 2.40054941177, 2.6908595562, 3.44565939903, 3.14347243309, 3.26646304131, 3.05636143684, 1.58678519726, 0.835311293602, 0.440018266439, 0.193035557866, 0.0542086660862, 0.0107491659001, 0.00139651179779, 9.78372481768e-05, 7.20582465874e-06], "var": [0.0063009201549, 0.138799801469, 3.87873744965, 38.3865432739, 162.533981323, 362.393188477, 572.988769531, 176.120941162, 417.333709717, 3223.3737793, 9652.94824219, 10095.40625, 4720.55078125, 5152.54736328, 2723.60473633, 2362.76269531, 5694.59912109, 470.943664551, 599.624267578, 516.435302734, 109.146362305, 141.187240601, 237.688354492, 187.066711426, 174.592880249, 321.506896973, 281.49005127, 1513.3013916, 758.905578613, 814.29095459, 570.300720215, 108.220947266, 20.7426643372, 4.85000658035, 0.900225579739, 0.0986692979932, 0.00596708571538, 0.000223180977628, 1.91332674149e-06, 2.1975687936e-09], "dvar": [0.00393148325384, 0.0864188149571, 1.95171093941, 14.6062355042, 84.3069458008, 259.675476074, 282.910522461, 63.8760223389, 182.354522705, 1422.86975098, 3597.29858398, 4976.77539063, 1962.33996582, 2184.69970703, 1322.60644531, 947.141540527, 2078.0859375, 193.123397827, 239.245605469, 238.781967163, 41.4931907654, 44.7175178528, 86.3110427856, 59.2438926697, 47.6777114868, 141.550140381, 124.13558197, 919.25402832, 268.361328125, 331.781585693, 296.86730957, 55.9432373047, 13.4473829269, 3.21211791039, 0.505594015121, 0.0424746349454, 0.00247051543556, 9.72870620899e-05, 1.23254699247e-06, 9.25151066866e-10], "mean": [0.0189771912992, 0.174976751208, 1.29341769218, 4.29511260986, 8.00897026062, 9.10823535919, 11.4020271301, 7.70749473572, 8.59305953979, 15.6220464706, 26.0579013824, 24.4753475189, 20.084405899, 20.6369724274, 13.1338701248, 13.1723737717, 17.3623905182, 8.66589260101, 8.39780426025, 7.55002403259, 4.61455106735, 4.95825719833, 7.2320728302, 6.34160709381, 5.01133680344, 4.59070587158, 4.7570939064, 5.59689426422, 5.36237478256, 5.44144964218, 4.46120977402, 2.28807878494, 1.13462376595, 0.559166312218, 0.249787420034, 0.0725819766521, 0.0137931350619, 0.00176848319825, 0.000129011779791, 2.15200780076e-05]}, "zerocrossingrate": {"min": 0.005859375, "max": 0.31591796875, "dvar2": 0.000261979381321, "median": 0.041015625, "dmean2": 0.0127595961094, "dmean": 0.0106335692108, "var": 0.00169151998125, "dvar": 0.000246996845817, "mean": 0.0508860163391}, "spectral_contrast_coeffs": {"min": [-0.936935484409, -0.941173315048, -0.948101997375, -0.963912963867, -0.919491589069, -0.905972659588], "max": [-0.278809905052, -0.419794261456, -0.442064255476, -0.573228776455, -0.554637789726, -0.545284986496], "dvar2": [0.00392409414053, 0.00279805762693, 0.00191240967251, 0.00117827137001, 0.000822846661322, 0.000695855240338], "median": [-0.580078661442, -0.707680463791, -0.780644536018, -0.787614345551, -0.787653803825, -0.791606366634], "dmean2": [0.0745688825846, 0.0618471950293, 0.0520788133144, 0.0417737103999, 0.0346310809255, 0.0293331295252], "dmean": [0.0454744063318, 0.0390862077475, 0.032708670944, 0.0262348223478, 0.0223401449621, 0.0197275932878], "var": [0.00755669083446, 0.00558374309912, 0.00576002849266, 0.00270938035101, 0.00212756823748, 0.00201154826209], "dvar": [0.00147069443483, 0.00114182115067, 0.000775755965151, 0.000473010790301, 0.000380585086532, 0.000363966682926], "mean": [-0.579344630241, -0.705394923687, -0.764207661152, -0.782202780247, -0.783757209778, -0.788361549377]}, "dissonance": {"min": 0.276007205248, "max": 0.500000059605, "dvar2": 0.0007310101646, "median": 0.459079176188, "dmean2": 0.0288805086166, "dmean": 0.0176542829722, "var": 0.000912687683012, "dvar": 0.000278693129076, "mean": 0.452542483807}, "spectral_energyband_high": {"min": 8.55252327292e-11, "max": 0.0510057099164, "dvar2": 3.79024936592e-06, "median": 4.73484178656e-05, "dmean2": 0.000478051340906, "dmean": 0.000349676527549, "var": 6.70714825901e-06, "dvar": 2.25814846999e-06, "mean": 0.000638907484245}, "gfcc": {"mean": [-102.388000488, 99.4731369019, -102.79094696, 38.9618797302, -62.8901138306, 5.15300416946, -44.926738739, -4.84942817688, -33.3351135254, -8.55613327026, -15.6436662674, -9.6370010376, -13.8003740311], "icov": [[0.000384811428376, -0.000714039895684, 0.00070195319131, -0.000773906824179, 0.00108239566907, -0.001001529512, 0.000775384600274, -0.00106534524821, 0.000634028285276, -0.000718221999705, 0.00100739311893, -0.00102841644548, 0.000576585356612], [-0.000714039895684, 0.00347818271257, -0.00104369095061, 0.00241046980955, -0.00309502938762, 0.00230274675414, -0.00163911352865, 0.00238103838637, -0.00323792849667, 0.00464085210115, -0.00375625817105, 0.00331193790771, -0.00243754405528], [0.00070195319131, -0.00104369095061, 0.00374283571728, -0.00180787406862, 0.000921520870179, -0.0017805963289, 0.00193808507174, -0.00088504847372, 0.00107297487557, -0.00154012383427, 0.00257076043636, -0.00281490478665, 0.0013031528797], [-0.000773906824179, 0.00241046980955, -0.00180787406862, 0.00528289983049, -0.00255018263124, 0.00147007743362, -0.000924222054891, 0.00311839929782, -0.00235000974499, 0.00251553440467, -0.00335640856065, 0.00352595630102, -0.00282312580384], [0.00108239566907, -0.00309502938762, 0.000921520870179, -0.00255018263124, 0.00738276867196, -0.00162994558923, 0.000755646266043, -0.0039772298187, 0.00341650727205, -0.00356875942089, 0.00215308973566, -0.00304464297369, 0.00255611608736], [-0.001001529512, 0.00230274675414, -0.0017805963289, 0.00147007743362, -0.00162994558923, 0.0090452991426, -0.00364275393076, 0.000861394742969, -0.00184169050772, 0.00176526897121, -0.000956184638198, 0.000390183355194, -0.000221633017645], [0.000775384600274, -0.00163911352865, 0.00193808507174, -0.000924222054891, 0.000755646266043, -0.00364275393076, 0.00900594703853, -0.00223351689056, 0.0015575978905, -0.00255568744615, 0.00166507810354, -0.00137390638702, -0.00056859664619], [-0.00106534524821, 0.00238103838637, -0.00088504847372, 0.00311839929782, -0.0039772298187, 0.000861394742969, -0.00223351689056, 0.0119512984529, -0.00512767536566, 0.00204200297594, -0.00221014232375, 0.00139145657886, -0.000191534549231], [0.000634028285276, -0.00323792849667, 0.00107297487557, -0.00235000974499, 0.00341650727205, -0.00184169050772, 0.0015575978905, -0.00512767536566, 0.0125285992399, -0.00451342063025, 0.00372726120986, -0.00308947102167, 0.00239359168336], [-0.000718221999705, 0.00464085210115, -0.00154012383427, 0.00251553440467, -0.00356875942089, 0.00176526897121, -0.00255568744615, 0.00204200297594, -0.00451342063025, 0.0169818941504, -0.00752037577331, 0.00423261476681, -0.00438653770834], [0.00100739311893, -0.00375625817105, 0.00257076043636, -0.00335640856065, 0.00215308973566, -0.000956184638198, 0.00166507810354, -0.00221014232375, 0.00372726120986, -0.00752037577331, 0.0198370236903, -0.00862712971866, 0.00537790358067], [-0.00102841644548, 0.00331193790771, -0.00281490478665, 0.00352595630102, -0.00304464297369, 0.000390183355194, -0.00137390638702, 0.00139145657886, -0.00308947102167, 0.00423261476681, -0.00862712971866, 0.0190200898796, -0.00743618747219], [0.000576585356612, -0.00243754405528, 0.0013031528797, -0.00282312580384, 0.00255611608736, -0.000221633017645, -0.00056859664619, -0.000191534549231, 0.00239359168336, -0.00438653770834, 0.00537790358067, -0.00743618747219, 0.0175218991935]], "cov": [[14885.5830078, 32.2183761597, -1383.18103027, 203.268997192, -1360.57580566, 955.903686523, -311.382659912, 677.458557129, 323.819091797, -138.54901123, -254.256759644, 191.477676392, -61.476146698], [32.2183761597, 1119.48364258, -112.759506226, -198.497573853, 210.985321045, -159.21446228, 44.5673828125, -7.90658092499, 82.928237915, -153.985656738, 55.4961738586, -55.7947006226, 9.05704689026], [-1383.18103027, -112.759506226, 527.59942627, 94.3200302124, 112.227912903, -33.7183113098, -30.1438884735, -74.2231292725, -36.4354476929, 24.8101158142, -0.659234821796, 18.0596580505, 6.25422811508], [203.268997192, -198.497573853, 94.3200302124, 352.188171387, -16.7388706207, 17.372171402, -33.6294403076, -46.7729301453, -10.1412887573, 18.6979198456, 0.961830019951, -5.38137149811, 19.973279953], [-1360.57580566, 210.985321045, 112.227912903, -16.7388706207, 370.873138428, -91.6676712036, 55.1723175049, -14.7522926331, -29.302154541, 9.5121049881, 45.5947952271, -11.6988830566, -3.12951159477], [955.903686523, -159.21446228, -33.7183113098, 17.372171402, -91.6676712036, 232.274154663, 25.6613121033, 65.5013809204, 22.4408168793, 14.5387992859, -27.0013446808, 34.2277679443, -7.05079364777], [-311.382659912, 44.5673828125, -30.1438884735, -33.6294403076, 55.1723175049, 25.6613121033, 162.414871216, 15.4975337982, -0.853421509266, 15.0253458023, 8.90857982635, 1.65501487255, 12.8320865631], [677.458557129, -7.90658092499, -74.2231292725, -46.7729301453, -14.7522926331, 65.5013809204, 15.4975337982, 162.90536499, 51.5131034851, 5.37833881378, -7.88749361038, 18.7373600006, -15.4620084763], [323.819091797, 82.928237915, -36.4354476929, -10.1412887573, -29.302154541, 22.4408168793, -0.853421509266, 51.5131034851, 123.387710571, 1.67951977253, -6.52124595642, 5.27442073822, -5.14458847046], [-138.54901123, -153.985656738, 24.8101158142, 18.6979198456, 9.5121049881, 14.5387992859, 15.0253458023, 5.37833881378, 1.67951977253, 104.934494019, 18.3778076172, 9.93117046356, 8.26225566864], [-254.256759644, 55.4961738586, -0.659234821796, 0.961830019951, 45.5947952271, -27.0013446808, 8.90857982635, -7.88749361038, -6.52124595642, 18.3778076172, 82.3959350586, 16.2869377136, -3.38469600677], [191.477676392, -55.7947006226, 18.0596580505, -5.38137149811, -11.6988830566, 34.2277679443, 1.65501487255, 18.7373600006, 5.27442073822, 9.93117046356, 16.2869377136, 86.1245040894, 19.4427890778], [-61.476146698, 9.05704689026, 6.25422811508, 19.973279953, -3.12951159477, -7.05079364777, 12.8320865631, -15.4620084763, -5.14458847046, 8.26225566864, -3.38469600677, 19.4427890778, 75.7835159302]]}, "spectral_flux": {"min": 0.000262357818428, "max": 0.24646936357, "dvar2": 0.000613639946096, "median": 0.0305356308818, "dmean2": 0.0199864972383, "dmean": 0.0125918481499, "var": 0.00169258948881, "dvar": 0.000254566461081, "mean": 0.0451761744916}, "silence_rate_30dB": {"min": 0, "max": 1, "dvar2": 0.00172214850318, "median": 1, "dmean2": 0.00129282486159, "dmean": 0.000646342756227, "var": 0.000430675107054, "dvar": 0.000645938387606, "mean": 0.999569177628}, "spectral_energyband_middle_high": {"min": 2.5081201005e-11, "max": 0.0542711354792, "dvar2": 1.38262239489e-05, "median": 0.000305063993437, "dmean2": 0.00123631639872, "dmean": 0.000802622467745, "var": 2.92250060738e-05, "dvar": 5.34956143383e-06, "mean": 0.00240128766745}, "barkbands_spread": {"min": 0.349095016718, "max": 101.179580688, "dvar2": 182.20916748, "median": 13.0590829849, "dmean2": 9.28291606903, "dmean": 5.91470575333, "var": 224.559860229, "dvar": 79.6520996094, "mean": 17.2389450073}, "spectral_centroid": {"min": 169.656814575, "max": 5390.74804688, "dvar2": 259650.828125, "median": 825.586914063, "dmean2": 375.784942627, "dmean": 248.048400879, "var": 635567.0625, "dvar": 138845.109375, "mean": 1041.70056152}, "pitch_salience": {"min": 0.092279471457, "max": 0.853843569756, "dvar2": 0.00997784454376, "median": 0.523654997349, "dmean2": 0.111887946725, "dmean": 0.0695511549711, "var": 0.0126695958897, "dvar": 0.0038132162299, "mean": 0.518722772598}, "erbbands_skewness": {"min": -7.03929901123, "max": 6.96987247467, "dvar2": 0.385028243065, "median": 0.643073439598, "dmean2": 0.604595780373, "dmean": 0.410406678915, "var": 1.43053591251, "dvar": 0.211784332991, "mean": 0.619839310646}, "erbbands_crest": {"min": 2.42741632462, "max": 30.6912937164, "dvar2": 17.8603000641, "median": 9.47345542908, "dmean2": 4.54996967316, "dmean": 2.86791706085, "var": 22.9240913391, "dvar": 7.57024002075, "mean": 10.5303611755}, "melbands": {"min": [1.35798631454e-12, 3.94374908164e-13, 2.53160274861e-12, 3.53437765166e-12, 1.3269013709e-12, 1.39168787171e-12, 1.73116176342e-12, 3.82598385482e-13, 5.3873127747e-13, 7.61550436428e-13, 5.81185165098e-13, 2.0877196456e-13, 4.36701239406e-13, 5.77224140881e-13, 2.03544226287e-13, 1.71414857135e-13, 8.64712286692e-14, 3.49137087513e-14, 3.67877555946e-14, 4.88407159497e-14, 6.16343253019e-14, 4.08850674128e-14, 6.17480581098e-14, 3.53275216155e-14, 2.48600456627e-13, 4.29587572112e-13, 1.53300901704e-13, 1.79991140265e-13, 2.0519677537e-12, 8.5686243257e-13, 5.54635852491e-14, 3.85603448315e-14, 2.99984714261e-14, 1.53792926202e-14, 2.13917916719e-14, 3.44522858593e-14, 2.79857652894e-14, 4.15424632357e-14, 2.48826397583e-14, 5.16574460887e-14], "max": [0.012019276619, 0.00819965265691, 0.0146105932072, 0.0175552815199, 0.0193285942078, 0.00456855166703, 0.00635050889105, 0.0147128589451, 0.0136744314805, 0.0145284105092, 0.00567257823423, 0.00621583824977, 0.00473453244194, 0.00443449569866, 0.00391035247594, 0.00302706751972, 0.000969637418166, 0.000777547364123, 0.00143268133979, 0.00043518160237, 0.000245312956395, 0.000185089593288, 0.000194460473722, 0.000223519964493, 0.00016868764942, 0.000278879684629, 0.000241277899477, 0.000597558857407, 0.000272292556474, 0.000810295867268, 0.00124907749705, 0.000584258697927, 0.000315942335874, 0.000619701808318, 0.000419248011895, 0.00023124719155, 0.00011164532043, 0.000112400019134, 8.02543581813e-05, 5.21060574101e-05], "dvar2": [4.50545712738e-07, 7.95114431185e-07, 1.43936370023e-06, 1.57054887495e-06, 9.40289055507e-07, 7.21811446169e-08, 9.80405445716e-08, 3.8611170794e-07, 4.57688599909e-07, 4.03362889756e-07, 1.47351130408e-07, 1.22775006162e-07, 6.1700198728e-08, 2.28388614687e-08, 3.48005571027e-08, 1.35129853973e-08, 1.72191061409e-09, 2.3318207365e-09, 1.65116909034e-09, 5.02090646837e-10, 1.83067047632e-10, 1.29662933168e-10, 1.92759613826e-10, 1.94848234769e-10, 1.09331772802e-10, 7.86061285507e-11, 9.1471462349e-11, 2.0275028878e-10, 1.25997712264e-10, 3.5939820564e-10, 6.23266882549e-10, 2.53890131141e-10, 1.7029062882e-10, 2.96081464901e-10, 3.03431946236e-10, 1.04546829527e-10, 3.25017339431e-11, 1.79140261652e-11, 9.09204048855e-12, 4.55313781469e-12], "median": [1.73078551597e-05, 0.000228876218898, 0.000450947205536, 0.000254467537161, 9.14637130336e-05, 6.94988848409e-05, 2.72667748504e-05, 8.93323885975e-06, 1.00509514596e-05, 3.61117008651e-06, 4.33000377598e-06, 3.69934923583e-06, 2.71089811577e-06, 2.67545965471e-06, 1.67694872744e-06, 2.00301474251e-06, 2.11737688005e-06, 1.44587102113e-06, 1.28928490994e-06, 8.69700329531e-07, 7.50600520405e-07, 5.15102897225e-07, 7.54134589442e-07, 8.8658993036e-07, 8.21142634777e-07, 5.94325058501e-07, 5.22126128999e-07, 3.44840316302e-07, 3.09314600599e-07, 2.28885511433e-07, 1.48290581592e-07, 1.164186898e-07, 1.10202194037e-07, 1.07105947222e-07, 9.21513532148e-08, 7.27708737713e-08, 6.16116651031e-08, 5.55513253175e-08, 3.27717053494e-08, 1.72428507028e-08], "dmean2": [0.000171075342223, 0.000448784587206, 0.000671615125611, 0.000501772970892, 0.000362825172488, 0.000123005214846, 0.000101670331787, 0.000167140780832, 0.000173792606802, 0.000141901007737, 9.92750865407e-05, 8.55345642776e-05, 4.49453618785e-05, 3.64054976671e-05, 3.68843066099e-05, 2.61026634689e-05, 1.2208123735e-05, 1.33668827402e-05, 8.87920668902e-06, 6.90790420776e-06, 4.76840887131e-06, 3.75794343199e-06, 5.44160457139e-06, 5.07968206875e-06, 3.90121067539e-06, 2.96514372167e-06, 2.59816101789e-06, 2.72506144938e-06, 2.69670090347e-06, 2.83892245534e-06, 3.2901727991e-06, 2.90757770927e-06, 2.60223396253e-06, 3.01675981973e-06, 2.94858955385e-06, 1.98867201107e-06, 1.31912315737e-06, 9.7092845408e-07, 7.25978225091e-07, 5.43911653494e-07], "dmean": [0.000113799993414, 0.000276632083114, 0.000424404279329, 0.000323616957758, 0.000223853392527, 8.18871048978e-05, 7.02029501554e-05, 0.000116757284559, 0.000116590766993, 9.14175761864e-05, 6.1816375819e-05, 5.33617203473e-05, 2.81379197986e-05, 2.231875078e-05, 2.32679540204e-05, 1.61553616636e-05, 7.72443581809e-06, 8.06981915957e-06, 5.5750174397e-06, 4.24042536906e-06, 2.88873070531e-06, 2.30383488997e-06, 3.36377365784e-06, 3.12218435283e-06, 2.48723631557e-06, 1.88363082998e-06, 1.67976418197e-06, 1.76043442934e-06, 1.77946253643e-06, 1.86098418453e-06, 2.18011155084e-06, 1.91271305994e-06, 1.78058121492e-06, 2.05279707188e-06, 1.98620205083e-06, 1.34533661367e-06, 8.70460837632e-07, 6.28070267794e-07, 4.67124579018e-07, 3.55191787094e-07], "var": [3.50353900558e-07, 6.23803657618e-07, 1.41071893722e-06, 1.00850627405e-06, 6.82094196236e-07, 8.84357476139e-08, 1.07202161814e-07, 4.89721969643e-07, 5.07067738909e-07, 3.39652274306e-07, 1.26520731669e-07, 1.02436388261e-07, 4.68612952886e-08, 1.82894339673e-08, 3.67270018842e-08, 1.39991165327e-08, 1.50527768028e-09, 2.06575179185e-09, 1.05286945828e-09, 4.08619832415e-10, 1.57414165036e-10, 1.33529159951e-10, 2.19582227401e-10, 1.92493673778e-10, 1.32327995783e-10, 1.15752671337e-10, 1.01958164134e-10, 1.75217410026e-10, 1.10195103042e-10, 2.11196074518e-10, 5.94027327327e-10, 2.79046730167e-10, 2.01915678621e-10, 3.27339683137e-10, 2.47334902559e-10, 9.43243885776e-11, 2.744304263e-11, 1.2171895436e-11, 5.61627263793e-12, 3.10193450787e-12], "dvar": [2.16565808842e-07, 3.03670333324e-07, 5.62668446946e-07, 6.09989399436e-07, 3.52566814854e-07, 3.21127160419e-08, 4.62150353542e-08, 1.94195351355e-07, 2.05390918495e-07, 1.64773581446e-07, 5.42589582153e-08, 4.57524897968e-08, 2.34932411303e-08, 8.80083650401e-09, 1.39738878246e-08, 5.35137711921e-09, 7.18202219918e-10, 8.71303973415e-10, 6.5602545618e-10, 1.91058294186e-10, 6.99504135171e-11, 4.98726268616e-11, 7.67404334523e-11, 7.86258072538e-11, 4.62538028712e-11, 3.48905244973e-11, 4.47424076955e-11, 9.19882989225e-11, 5.87029522214e-11, 1.573943198e-10, 3.30370786283e-10, 1.17085452445e-10, 8.23866461164e-11, 1.48324991178e-10, 1.41597900072e-10, 5.20179940788e-11, 1.52665380337e-11, 8.32131325651e-12, 4.15396753453e-12, 2.08956354823e-12], "mean": [0.000175551540451, 0.000522729824297, 0.000866938207764, 0.000608351605479, 0.000408081221394, 0.00017815757019, 0.000133779380121, 0.00020032680186, 0.000201023547561, 0.000144786958117, 0.000100069461041, 8.99652877706e-05, 4.52623025922e-05, 3.53280629497e-05, 4.08450723626e-05, 2.92858858302e-05, 1.4230294255e-05, 1.42868957482e-05, 9.86375198408e-06, 7.60008970246e-06, 5.15873261975e-06, 4.3878321776e-06, 6.75109095027e-06, 6.28063662589e-06, 5.11509460921e-06, 3.84876466342e-06, 3.14071530738e-06, 3.03125466417e-06, 2.94926212518e-06, 2.90536740977e-06, 3.35178015121e-06, 3.05808021039e-06, 2.87846910396e-06, 3.15723991662e-06, 2.78572679235e-06, 1.89380148186e-06, 1.19967637602e-06, 8.33380511267e-07, 5.81010340284e-07, 4.36771074419e-07]}, "spectral_entropy": {"min": 4.83896541595, "max": 8.79135036469, "dvar2": 0.10697003454, "median": 7.23282814026, "dmean2": 0.323513567448, "dmean": 0.222692549229, "var": 0.291344761848, "dvar": 0.0534090772271, "mean": 7.2091293335}, "spectral_rolloff": {"min": 107.666015625, "max": 12704.5898438, "dvar2": 2767527.75, "median": 559.86328125, "dmean2": 807.224304199, "dmean": 467.355316162, "var": 2297535, "dvar": 1198562, "mean": 1108.16345215}, "barkbands": {"min": [5.43527549357e-12, 2.56606758411e-12, 1.10963755545e-12, 5.43516360391e-12, 1.49367462843e-11, 5.95961908295e-12, 7.04426317624e-12, 1.65506822657e-12, 5.3826374781e-12, 2.16192471911e-12, 2.77689459968e-12, 4.3180329104e-12, 1.71843095309e-12, 7.83420203709e-13, 4.32023828604e-13, 9.34020005436e-13, 8.79768697129e-13, 8.75449344094e-13, 9.94325281833e-12, 5.81415037643e-12, 4.73810123081e-11, 1.626868887e-12, 1.41969032016e-12, 2.63809070075e-12, 7.3659169042e-12, 5.58623763566e-12, 1.50595473591e-11], "max": [0.00247514853254, 0.0365136004984, 0.0289354585111, 0.0384247526526, 0.102965638041, 0.0221324600279, 0.034969560802, 0.0777630284429, 0.085954554379, 0.0367847010493, 0.0299897622317, 0.0299264024943, 0.0320502109826, 0.00757764978334, 0.0140475314111, 0.0040434631519, 0.00293286633678, 0.00474530598149, 0.00483630783856, 0.0120400255546, 0.0358523912728, 0.0218335241079, 0.0266635194421, 0.00837367959321, 0.00378557294607, 0.00167551368941, 0.000267246447038], "dvar2": [2.01197778438e-08, 4.88596015202e-06, 7.70810311224e-06, 8.27623807709e-06, 3.30818475049e-05, 3.00650458485e-06, 4.05564560424e-06, 1.4323409232e-05, 1.86469842447e-05, 7.88427041698e-06, 2.60579304268e-06, 1.88950900792e-06, 2.11302676689e-06, 2.64211792e-07, 2.38722037693e-07, 5.49507674918e-08, 3.36579191185e-08, 7.5957139245e-08, 4.3948244155e-08, 1.21753387816e-07, 5.23996902757e-07, 3.91663178334e-07, 7.76814658821e-07, 1.34345668812e-07, 3.28813527517e-08, 2.23587415249e-09, 6.51350501313e-11], "median": [5.48588388938e-07, 0.000105360581074, 0.000613909447566, 0.000763513380662, 0.00114690349437, 0.00039166098577, 6.86641287757e-05, 5.3135008784e-05, 2.65519356617e-05, 3.13083946821e-05, 1.46035599755e-05, 2.16676235141e-05, 1.46861111716e-05, 2.35702791542e-05, 1.65534402186e-05, 1.30351236294e-05, 1.05548369902e-05, 1.61370317073e-05, 2.23368333536e-05, 1.20186405184e-05, 1.09187276394e-05, 6.32635192233e-06, 5.99326904194e-06, 5.01273098052e-06, 1.78181858246e-06, 3.52891902367e-07, 4.88479159344e-08], "dmean2": [3.1898754969e-05, 0.000667687971145, 0.00132678414229, 0.00155731430277, 0.00232426263392, 0.00079110119259, 0.000548042007722, 0.00098007300403, 0.000992966117337, 0.000711471308023, 0.000294214842143, 0.000337617530022, 0.000312874617521, 0.000157604532433, 0.00012425595196, 8.35816026665e-05, 6.58606804791e-05, 0.000104331244074, 7.93789731688e-05, 7.7189411968e-05, 0.000114805457997, 0.000127794366563, 0.000157447939273, 8.84695691639e-05, 4.88922778459e-05, 1.1970547348e-05, 8.05037075224e-07], "dmean": [2.35995321418e-05, 0.000434928660979, 0.000815716339275, 0.000970359018538, 0.00148402166087, 0.000514223764185, 0.000378440250643, 0.000677367323078, 0.00062930828426, 0.000441793876234, 0.000184931675903, 0.000206673750654, 0.00019410988898, 9.77309973678e-05, 7.75103835622e-05, 5.12221922691e-05, 4.0556609747e-05, 6.40153084532e-05, 5.06603682879e-05, 5.14742605446e-05, 7.65618460719e-05, 8.87766873348e-05, 0.000110171509732, 5.86045098316e-05, 3.22131854773e-05, 7.94523202785e-06, 5.44594115581e-07], "var": [2.71536677587e-08, 3.62856440006e-06, 4.97223072671e-06, 8.00027373771e-06, 2.25850690185e-05, 3.43261581293e-06, 4.09612630392e-06, 2.03333911486e-05, 1.43730394484e-05, 6.37014136373e-06, 1.98591919798e-06, 1.54798635776e-06, 2.18684544961e-06, 2.42897698399e-07, 1.90013949464e-07, 4.73595207495e-08, 3.69120414234e-08, 8.66019078671e-08, 6.76457858617e-08, 1.30752709993e-07, 4.72161275411e-07, 5.82680513617e-07, 8.17942350295e-07, 1.17189635773e-07, 2.53381386983e-08, 2.72922351385e-09, 6.07616040815e-11], "dvar": [1.16074954093e-08, 2.21899517783e-06, 2.88569913209e-06, 3.2036466564e-06, 1.27290277305e-05, 1.23884660752e-06, 1.91331469068e-06, 7.24117717255e-06, 7.33898878025e-06, 2.86568410957e-06, 9.90073090179e-07, 7.46977605104e-07, 8.25668507787e-07, 1.03173043442e-07, 9.46637825905e-08, 2.1016132834e-08, 1.29467006005e-08, 3.0742942414e-08, 1.911624814e-08, 6.03709580105e-08, 2.74943829481e-07, 2.00287473717e-07, 3.92615959299e-07, 6.60340120362e-08, 1.53875028275e-08, 1.14459763889e-09, 3.62260256515e-11], "mean": [4.24270911026e-05, 0.000691287801601, 0.00140317808837, 0.00181050400715, 0.00288467132486, 0.00109414150938, 0.000664205581415, 0.00116452528164, 0.000986867235042, 0.000739712559152, 0.000286170194158, 0.000322488223901, 0.000336125551257, 0.000180328424904, 0.000139301730087, 9.45664723986e-05, 8.03508155514e-05, 0.000135235139169, 0.000108836851723, 9.64236678556e-05, 0.000128583429614, 0.000151983113028, 0.000166950732819, 8.27027688501e-05, 4.15223803429e-05, 1.04259124782e-05, 6.8456927238e-07]}, "melbands_flatness_db": {"min": 0.051341008395, "max": 0.484862029552, "dvar2": 0.00145776919089, "median": 0.227707535028, "dmean2": 0.0403407253325, "dmean": 0.0265769120306, "var": 0.00499555282295, "dvar": 0.000653753580991, "mean": 0.235010147095}, "melbands_skewness": {"min": -1.53830063343, "max": 15.2410745621, "dvar2": 1.82017421722, "median": 3.51433420181, "dmean2": 1.30055367947, "dmean": 0.85258859396, "var": 4.1329574585, "dvar": 0.787247657776, "mean": 3.75123500824}, "barkbands_skewness": {"min": -4.60896635056, "max": 13.4388847351, "dvar2": 0.977693200111, "median": 2.31234097481, "dmean2": 0.970445156097, "dmean": 0.638971149921, "var": 2.72236680984, "dvar": 0.450858801603, "mean": 2.4957587719}, "silence_rate_60dB": {"min": 0, "max": 1, "dvar2": 0.102981418371, "median": 0, "dmean2": 0.0973928049207, "dmean": 0.0486911572516, "var": 0.220332503319, "dvar": 0.046322979033, "mean": 0.327768206596}, "spectral_energyband_low": {"min": 8.35368406393e-12, "max": 0.0543140694499, "dvar2": 1.81546911335e-05, "median": 0.0014887455618, "dmean2": 0.00220495020039, "dmean": 0.00138969684485, "var": 1.86915349332e-05, "dvar": 7.39590814192e-06, "mean": 0.00303259631619}, "spectral_energyband_middle_low": {"min": 4.18495585408e-11, "max": 0.120072774589, "dvar2": 7.76282613515e-05, "median": 0.00373225170188, "dmean2": 0.00454915361479, "dmean": 0.00299219274893, "var": 0.000153160392074, "dvar": 3.25416949636e-05, "mean": 0.00871377810836}, "melbands_kurtosis": {"min": -1.94314265251, "max": 407.405181885, "dvar2": 617.049560547, "median": 18.0461654663, "dmean2": 17.4303970337, "dmean": 11.2422246933, "var": 976.1328125, "dvar": 262.563140869, "mean": 28.1504211426}, "spectral_decrease": {"min": -3.32971126227e-08, "max": -2.26155762053e-17, "dvar2": 6.40556879037e-18, "median": -1.54030055377e-09, "dmean2": 1.42556533245e-09, "dmean": 9.46663414325e-10, "var": 2.03071252195e-17, "dvar": 2.66718391458e-18, "mean": -3.40457595449e-09}, "erbbands_kurtosis": {"min": -1.90877354145, "max": 68.5122528076, "dvar2": 14.3828735352, "median": -0.0148380938917, "dmean2": 1.99982702732, "dmean": 1.31754517555, "var": 25.5637836456, "dvar": 7.38630437851, "mean": 1.50459301472}, "melbands_crest": {"min": 3.3319542408, "max": 32.5915870667, "dvar2": 22.2073898315, "median": 15.0282077789, "dmean2": 5.06549787521, "dmean": 3.09259343147, "var": 27.3037910461, "dvar": 7.98150682449, "mean": 15.5887022018}, "melbands_spread": {"min": 0.55847966671, "max": 234.276672363, "dvar2": 470.165252686, "median": 11.4926052094, "dmean2": 10.5671548843, "dmean": 6.80433559418, "var": 707.280151367, "dvar": 245.624801636, "mean": 18.0966567993}, "spectral_energy": {"min": 1.67411626228e-10, "max": 0.133158534765, "dvar2": 9.97832612484e-05, "median": 0.00616638641804, "dmean2": 0.00568390358239, "dmean": 0.00379446730949, "var": 0.000336546392646, "dvar": 4.2070132622e-05, "mean": 0.0138441557065}, "mfcc": {"mean": [-746.47277832, 123.168922424, 16.9431209564, 29.0464439392, 4.92628479004, 3.90234327316, -1.72309243679, -2.80727958679, -12.9064893723, -4.16047763824, -7.48042678833, -7.16673326492, -9.81829071045], "icov": [[0.000104696366179, 4.52673375548e-05, 0.00012726643763, 5.79014485993e-05, 0.000200082387892, -3.07632144541e-05, 0.00026590746711, -0.000375906034606, 2.37213243963e-05, -0.000117590519949, 3.35328950314e-05, -8.22622678243e-05, -2.28183785111e-06], [4.52673375548e-05, 0.00106428761501, 0.000675602059346, -2.26263164222e-05, -0.000419941410655, 0.000686971936375, -2.64158898062e-05, -0.000641895283479, 0.000222219168791, 0.000155310335685, 0.000331556628225, -0.000113025904284, 0.000204809839488], [0.00012726643763, 0.000675602059346, 0.00351871945895, -0.000238836335484, -0.000303760520183, -0.00116918061394, 0.0012306222925, -0.000402609060984, -4.67072568426e-05, 0.000768105965108, 0.000613638374489, -0.000534617051017, -0.000405212980695], [5.79014485993e-05, -2.26263164222e-05, -0.000238836335484, 0.00488728657365, -0.00221710186452, -0.000574785110075, 2.78873103525e-05, 0.000562377274036, 0.000835754850414, -0.000552381738089, 0.00194446824025, -0.000799468078185, -0.000105099657958], [0.000200082387892, -0.000419941410655, -0.000303760520183, -0.00221710186452, 0.00657170079648, -2.85350834019e-05, -0.000174217319, -0.000124450874864, -0.000561677908991, 0.000480132934172, -0.00213373475708, 0.00120797241107, -2.78643656202e-05], [-3.07632144541e-05, 0.000686971936375, -0.00116918061394, -0.000574785110075, -2.85350834019e-05, 0.00855548400432, -0.00227868766524, -6.8812048994e-05, -0.000813889084384, 0.000287707691314, -0.000166201192769, -0.000650977133773, 0.000220863192226], [0.00026590746711, -2.64158898062e-05, 0.0012306222925, 2.78873103525e-05, -0.000174217319, -0.00227868766524, 0.0078786900267, -0.000867264927365, -0.000433174311183, 0.000600398576353, -0.00041789750685, 0.000344700296409, -0.000739426410291], [-0.000375906034606, -0.000641895283479, -0.000402609060984, 0.000562377274036, -0.000124450874864, -6.8812048994e-05, -0.000867264927365, 0.0102148335427, -0.00331435329281, 0.0014386784751, -0.00362508068793, 0.00101016834378, -0.000930313486606], [2.37213243963e-05, 0.000222219168791, -4.67072568426e-05, 0.000835754850414, -0.000561677908991, -0.000813889084384, -0.000433174311183, -0.00331435329281, 0.012319676578, -0.00442410912365, 0.00317746424116, -0.00299624213949, -0.000101523452031], [-0.000117590519949, 0.000155310335685, 0.000768105965108, -0.000552381738089, 0.000480132934172, 0.000287707691314, 0.000600398576353, 0.0014386784751, -0.00442410912365, 0.0136896679178, -0.00534213846549, 0.00395746575668, -0.00277697015554], [3.35328950314e-05, 0.000331556628225, 0.000613638374489, 0.00194446824025, -0.00213373475708, -0.000166201192769, -0.00041789750685, -0.00362508068793, 0.00317746424116, -0.00534213846549, 0.0136544099078, -0.00380020868033, 0.00256783119403], [-8.22622678243e-05, -0.000113025904284, -0.000534617051017, -0.000799468078185, 0.00120797241107, -0.000650977133773, 0.000344700296409, 0.00101016834378, -0.00299624213949, 0.00395746575668, -0.00380020868033, 0.0138134174049, -0.00370029406622], [-2.28183785111e-06, 0.000204809839488, -0.000405212980695, -0.000105099657958, -2.78643656202e-05, 0.000220863192226, -0.000739426410291, -0.000930313486606, -0.000101523452031, -0.00277697015554, 0.00256783119403, -0.00370029406622, 0.0137712350115]], "cov": [[15465.9707031, -335.408905029, -486.114471436, -673.13458252, -697.276062012, -120.330291748, -424.96963501, 611.594848633, 187.720413208, 236.809356689, 192.580551147, 90.5993118286, 44.6981391907], [-335.408905029, 1305.24060059, -287.004089355, 8.57859230042, 91.0538787842, -140.481140137, 26.141242981, 55.9588241577, -27.8635673523, -12.0809268951, 8.44774341583, -30.2392215729, -32.5677528381], [-486.114471436, -287.004089355, 414.766906738, 61.7323799133, 22.2353057861, 76.424118042, -28.9149284363, -32.2081832886, 2.28246116638, -36.0815620422, -35.3647041321, 25.0462322235, 18.0193328857], [-673.13458252, 8.57859230042, 61.7323799133, 292.653717041, 107.448028564, 26.5423126221, 14.5800170898, -54.4132575989, -21.626083374, -20.0334262848, -43.2544898987, 1.32859909534, 4.93270778656], [-697.276062012, 91.0538787842, 22.2353057861, 107.448028564, 222.63494873, 6.51035261154, 25.449848175, -17.4855461121, -9.59170913696, -7.39260339737, 11.034330368, -13.5770168304, -6.73114347458], [-120.330291748, -140.481140137, 76.424118042, 26.5423126221, 6.51035261154, 152.008666992, 36.3183441162, -4.23144435883, 13.7842283249, -7.04964256287, -3.92389273643, 14.4448490143, 7.05312919617], [-424.96963501, 26.141242981, -28.9149284363, 14.5800170898, 25.449848175, 36.3183441162, 158.704055786, 2.98839759827, 5.51698827744, -5.50256633759, 4.87315034866, -1.96931171417, 4.48681735992], [611.594848633, 55.9588241577, -32.2081832886, -54.4132575989, -17.4855461121, -4.23144435883, 2.98839759827, 150.339660645, 37.6906242371, 16.9354438782, 42.1061973572, 6.43295049667, 5.82537555695], [187.720413208, -27.8635673523, 2.28246116638, -21.626083374, -9.59170913696, 13.7842283249, 5.51698827744, 37.6906242371, 108.525482178, 30.0029449463, 0.635441482067, 17.2772026062, 14.3235569], [236.809356689, -12.0809268951, -36.0815620422, -20.0334262848, -7.39260339737, -7.04964256287, -5.50256633759, 16.9354438782, 30.0029449463, 104.883560181, 35.6625213623, -12.7482004166, 11.2468538284], [192.580551147, 8.44774341583, -35.3647041321, -43.2544898987, 11.034330368, -3.92389273643, 4.87315034866, 42.1061973572, 0.635441482067, 35.6625213623, 111.943321228, 11.3245391846, -8.9074640274], [90.5993118286, -30.2392215729, 25.0462322235, 1.32859909534, -13.5770168304, 14.4448490143, -1.96931171417, 6.43295049667, 17.2772026062, -12.7482004166, 11.3245391846, 91.3954086304, 21.2843379974], [44.6981391907, -32.5677528381, 18.0193328857, 4.93270778656, -6.73114347458, 7.05312919617, 4.48681735992, 5.82537555695, 14.3235569, 11.2468538284, -8.9074640274, 21.2843379974, 83.9359436035]]}, "spectral_contrast_valleys": {"min": [-14.7537784576, -15.5818271637, -15.8634624481, -15.9235668182, -16.0847854614, -17.1145420074], "max": [-5.5133357048, -4.8578286171, -5.17125082016, -6.04760551453, -5.65646696091, -7.06818294525], "dvar2": [0.270225256681, 0.163464829326, 0.145953416824, 0.123052544892, 0.142134770751, 0.357490301132], "median": [-8.18895244598, -7.77006053925, -8.63054943085, -9.01735877991, -8.79957008362, -11.1159324646], "dmean2": [0.635354995728, 0.481373459101, 0.46348553896, 0.403126984835, 0.372024357319, 0.551831245422], "dmean": [0.386410862207, 0.300416767597, 0.292960375547, 0.262384355068, 0.25803810358, 0.410503983498], "var": [1.56932294369, 1.58295285702, 1.74887657166, 1.72236311436, 1.86409747601, 1.92635393143], "dvar": [0.104350239038, 0.0681147277355, 0.0647662132978, 0.0603675842285, 0.0763604715466, 0.214673936367], "mean": [-8.29212760925, -7.86128520966, -8.67160224915, -9.05314159393, -8.86533260345, -11.0631399155]}, "barkbands_flatness_db": {"min": 0.0310733579099, "max": 0.379732608795, "dvar2": 0.000938999932259, "median": 0.156668782234, "dmean2": 0.0334425196052, "dmean": 0.0219098180532, "var": 0.00310474005528, "dvar": 0.000402621983085, "mean": 0.163292631507}, "dynamic_complexity": 7.85600376129, "spectral_skewness": {"min": -0.41890540719, "max": 4.92512226105, "dvar2": 0.127870187163, "median": 1.59979748726, "dmean2": 0.367278903723, "dmean": 0.23568110168, "var": 0.337695538998, "dvar": 0.0586484745145, "mean": 1.63598561287}, "erbbands_flatness_db": {"min": 0.0279012676328, "max": 0.328580409288, "dvar2": 0.00059090583818, "median": 0.1583702266