{"lowlevel": {"spectral_complexity": {"min": 0, "max": 64, "dvar2": 112.986213684, "median": 16, "dmean2": 9.5104970932, "dmean": 5.96039438248, "var": 160.198852539, "dvar": 47.532585144, "mean": 19.2281341553}, "silence_rate_20dB": {"min": 1, "max": 1, "dvar2": 0, "median": 1, "dmean2": 0, "dmean": 0, "var": 0, "dvar": 0, "mean": 1}, "average_loudness": 0.927798032761, "erbbands_spread": {"min": 2.03067493439, "max": 161.372924805, "dvar2": 408.473602295, "median": 53.4674530029, "dmean2": 16.7217693329, "dmean": 10.8492898941, "var": 571.98840332, "dvar": 170.404144287, "mean": 52.3190307617}, "spectral_kurtosis": {"min": -1.16516542435, "max": 303.947509766, "dvar2": 191.927352905, "median": 2.8359413147, "dmean2": 3.95633816719, "dmean": 2.36945509911, "var": 838.579040527, "dvar": 68.8026885986, "mean": 8.61889076233}, "barkbands_kurtosis": {"min": -1.89936339855, "max": 1630.22473145, "dvar2": 13473.3095703, "median": 6.82617759705, "dmean2": 33.0812492371, "dmean": 21.2362041473, "var": 8713.50292969, "dvar": 5227.41748047, "mean": 30.261384964}, "spectral_strongpeak": {"min": 0, "max": 7.14963960648, "dvar2": 0.235018834472, "median": 0.418657809496, "dmean2": 0.398621737957, "dmean": 0.245617628098, "var": 0.165961116552, "dvar": 0.0938884988427, "mean": 0.526306390762}, "spectral_spread": {"min": 286660, "max": 39591328, "dvar2": 1644176474110.0, "median": 6045611, "dmean2": 1108499.5, "dmean": 716400.5625, "var": 3730038849540.0, "dvar": 783977480192, "mean": 5924994}, "spectral_rms": {"min": 3.23441794181e-12, "max": 0.0171339642256, "dvar2": 3.88349826608e-06, "median": 0.00692282710224, "dmean2": 0.00191558792721, "dmean": 0.00130758201703, "var": 1.13835030788e-05, "dvar": 1.65898381965e-06, "mean": 0.00706392107531}, "erbbands": {"min": [1.75620657585e-22, 1.67879304251e-21, 2.82021219866e-20, 7.09525285657e-20, 7.45252573406e-20, 2.32793762908e-20, 9.67816244712e-20, 1.25107045483e-18, 7.90439162599e-19, 4.56420374226e-19, 6.92274485681e-19, 1.27678098603e-18, 1.17252324502e-18, 2.06887962803e-18, 2.61892971316e-18, 4.73354560483e-18, 5.02446378549e-18, 4.73483807454e-18, 7.12772848441e-18, 7.06656095965e-18, 7.4141058571e-18, 1.25213646316e-17, 1.38278815199e-17, 1.36214073129e-17, 1.60082113278e-17, 1.82101694271e-17, 1.6166331865e-17, 1.30427820667e-17, 1.50162149782e-17, 2.07820460051e-17, 1.71238198938e-17, 1.90083341981e-17, 1.89104770773e-17, 1.18245270041e-17, 6.7600735855e-18, 5.57570563109e-18, 3.43385006147e-18, 1.39774415649e-18, 3.68934133727e-19, 3.36976224019e-20], "max": [10.0203790665, 67.7488021851, 171.898391724, 160.297454834, 224.718093872, 285.752166748, 260.878295898, 337.080352783, 353.501098633, 232.157516479, 323.952941895, 288.051330566, 426.728820801, 309.279632568, 273.138183594, 461.48147583, 347.606048584, 563.108032227, 485.925018311, 306.35067749, 360.808197021, 280.66305542, 223.203796387, 170.169296265, 185.24319458, 164.723434448, 135.737625122, 141.646194458, 165.142105103, 229.393035889, 119.535926819, 87.7719497681, 71.4042510986, 69.6743545532, 21.2030601501, 7.42220973969, 1.91161322594, 0.359725385904, 0.0787027031183, 0.00595157174394], "dvar2": [1.45518648624, 85.548500061, 461.591186523, 564.925415039, 1694.84594727, 2414.71069336, 748.989196777, 947.00982666, 407.538238525, 485.843780518, 1607.94299316, 1725.60241699, 4126.41455078, 1115.75830078, 472.279907227, 7050.29980469, 2596.47631836, 4995.29101562, 7608.75292969, 2218.09667969, 3713.4152832, 2524.63989258, 1035.30725098, 580.090820312, 1051.2557373, 619.79095459, 477.942199707, 525.680114746, 481.229827881, 1308.77319336, 303.012939453, 182.565063477, 123.778594971, 66.5356216431, 11.8564844131, 1.19293522835, 0.0658551007509, 0.00227162544616, 0.000117130977742, 1.01569878552e-06], "median": [0.610760092735, 3.06612873077, 6.39724111557, 3.45287036896, 3.53189611435, 5.52217245102, 10.294131279, 10.9638967514, 10.1743526459, 8.36561203003, 12.4171094894, 9.58382415771, 7.68097734451, 9.10179138184, 8.96981525421, 9.68801021576, 6.98778390884, 8.3851776123, 6.97041320801, 6.60407686234, 6.72038269043, 5.51928281784, 5.11668014526, 5.050801754, 4.94118928909, 5.04280900955, 4.75746393204, 3.57959651947, 3.34014558792, 4.03276252747, 2.62662696838, 1.85045564175, 1.13524258137, 0.978894531727, 0.480246156454, 0.183983519673, 0.0463968403637, 0.00664928695187, 0.000944026454818, 0.000148631967022], "dmean2": [0.837672889233, 5.32796430588, 11.2503700256, 10.7856531143, 18.1897296906, 22.2545375824, 17.7573471069, 18.5838394165, 13.7304964066, 15.8103694916, 23.8359184265, 23.3882255554, 31.3061141968, 20.70079422, 15.3916168213, 38.1702346802, 25.9903087616, 33.3639907837, 36.1689453125, 23.2952880859, 27.9099903107, 23.9813671112, 17.2845897675, 14.6917867661, 19.5332107544, 15.7937068939, 14.3027877808, 14.2958087921, 12.0180702209, 15.5454683304, 8.52298736572, 6.46836805344, 5.03741693497, 3.85407209396, 1.74012756348, 0.554428935051, 0.149170801044, 0.0262597240508, 0.00509381387383, 0.000452109292382], "dmean": [0.559304893017, 4.06482362747, 7.39176177979, 6.82132291794, 10.6847696304, 12.4180421829, 10.7501440048, 11.0402889252, 8.9736032486, 9.55069732666, 14.7528514862, 14.0411653519, 17.9053878784, 12.7604455948, 9.52355670929, 21.455072403, 14.6717166901, 18.6058502197, 19.7378444672, 13.0380916595, 15.3421773911, 13.2639665604, 9.76270198822, 8.4444065094, 11.0473632812, 9.13029670715, 8.43173408508, 8.50072288513, 7.30170822144, 9.35246086121, 5.3563170433, 4.08816576004, 3.06475734711, 2.39059877396, 1.13105249405, 0.364039838314, 0.0986047759652, 0.0174885150045, 0.00328816846013, 0.000286671391223], "var": [1.99834299088, 111.882469177, 317.132965088, 239.211715698, 514.093078613, 562.507629395, 377.339538574, 511.438751221, 411.91986084, 388.341796875, 886.025939941, 694.532165527, 1304.63000488, 621.491394043, 334.418273926, 1768.82983398, 712.694274902, 1252.23742676, 1654.81091309, 589.812194824, 903.612487793, 689.704589844, 375.444763184, 271.312438965, 388.863983154, 288.914581299, 244.221908569, 258.294647217, 241.55632019, 462.328369141, 157.044403076, 99.0299301147, 50.7279319763, 29.0218353271, 6.80494451523, 0.747970700264, 0.0533946491778, 0.00209743739106, 7.59293543524e-05, 4.81265601593e-07], "dvar": [0.659349739552, 44.4905128479, 210.688415527, 240.711380005, 644.123718262, 850.875915527, 276.34967041, 335.032348633, 176.399261475, 187.82434082, 617.905151367, 636.156066895, 1480.48901367, 433.788452148, 189.243301392, 2485.68530273, 927.342834473, 1765.08288574, 2658.16723633, 786.453552246, 1299.51586914, 888.695129395, 368.745147705, 211.810379028, 387.591918945, 233.362197876, 181.936828613, 210.045318604, 189.899215698, 496.421020508, 120.263343811, 75.1400299072, 47.7895088196, 26.8335189819, 5.13045692444, 0.509532272816, 0.0310991667211, 0.00107270875014, 4.92136387038e-05, 4.10904306136e-07], "mean": [1.1149532795, 7.16017532349, 12.43009758, 7.93749380112, 11.580780983, 12.8448028564, 16.5047492981, 17.9562587738, 16.6349544525, 15.2775278091, 22.7087287903, 19.0335960388, 20.4415645599, 18.3889026642, 14.9519519806, 22.3848552704, 15.7067251205, 19.198507309, 18.2841892242, 14.3224668503, 15.9697227478, 14.5971956253, 12.6560506821, 11.8209466934, 13.1723585129, 12.2743740082, 11.5247392654, 10.8829774857, 10.16335392, 11.7450838089, 7.84639596939, 6.02890300751, 3.99717855453, 3.08532738686, 1.56363654137, 0.551724374294, 0.150662228465, 0.0287919789553, 0.00512659782544, 0.00042916071834]}, "zerocrossingrate": {"min": 0.001953125, "max": 0.49169921875, "dvar2": 0.00033750309376, "median": 0.04296875, "dmean2": 0.0154018141329, "dmean": 0.0130517734215, "var": 0.00189646449871, "dvar": 0.000298482627841, "mean": 0.0517347231507}, "spectral_contrast_coeffs": {"min": [-0.95662689209, -0.959901988506, -0.96415656805, -0.96960991621, -0.961665809155, -0.958181917667], "max": [-0.301961451769, -0.44696316123, -0.512786209583, -0.583812236786, -0.667198956013, -0.588994085789], "dvar2": [0.00557393860072, 0.00404270784929, 0.00247563747689, 0.00148386706132, 0.000780970382039, 0.000799715751782], "median": [-0.676121711731, -0.741236805916, -0.790404617786, -0.806523323059, -0.817980647087, -0.785904586315], "dmean2": [0.088720805943, 0.0789573118091, 0.0632530078292, 0.0489022769034, 0.0343111529946, 0.0302766673267], "dmean": [0.0553386956453, 0.0481861121953, 0.0383978933096, 0.0297992508858, 0.0208581648767, 0.0182979591191], "var": [0.00947784539312, 0.00447084568441, 0.00312720169313, 0.00201655132696, 0.0011005155975, 0.001355101238], "dvar": [0.00243808771484, 0.00154640991241, 0.000921342871152, 0.000581572763622, 0.000301209598547, 0.000301485153614], "mean": [-0.661821782589, -0.74269670248, -0.788148343563, -0.804695546627, -0.818687617779, -0.788666188717]}, "dissonance": {"min": 0.0891296118498, "max": 0.500000178814, "dvar2": 0.00138050026726, "median": 0.469019562006, "dmean2": 0.032449554652, "dmean": 0.0200161952525, "var": 0.00191090453882, "dvar": 0.00053813616978, "mean": 0.457224160433}, "spectral_energyband_high": {"min": 7.67313577278e-21, "max": 0.0189800877124, "dvar2": 1.19656824609e-05, "median": 0.000615818018559, "dmean2": 0.00181891664397, "dmean": 0.00113872112706, "var": 6.2420285758e-06, "dvar": 4.85113878312e-06, "mean": 0.00166733318474}, "gfcc": {"mean": [11.0715370178, 82.8980560303, -76.2674407959, 31.7163257599, -51.0417366028, 20.4044723511, -27.977930069, 10.134850502, -17.022611618, 7.28038215637, -10.4954509735, 2.35026979446, -7.41300630569], "icov": [[0.000160374067491, -2.64302034338e-05, 0.000120155171317, -0.000376388139557, 0.000107483618194, 7.84768926678e-05, 0.000231218713452, -0.000406925799325, 0.000384999089874, -0.000471194769489, 0.000282759458059, -0.000538613996468, 0.000206425320357], [-2.64302034338e-05, 0.000935464398935, -0.000397338677431, 0.000612322008237, -0.00102230336051, 0.000655191601254, -0.000260406668531, 0.000431692402344, -9.90859643935e-06, 0.00132201751694, -0.000942368234973, 0.00121418235358, -0.000655997253489], [0.000120155171317, -0.000397338677431, 0.00146216340363, -0.000983202713542, 0.000502988987137, -0.0011367254192, 0.000258587591816, 0.000237190397456, -0.000204533571377, -0.000479664362501, -0.000247982417932, -0.000410962529713, 0.000889033137355], [-0.000376388139557, 0.000612322008237, -0.000983202713542, 0.00359079497866, -0.000907800509594, -0.00112889928278, -0.000595903547946, 7.78587491368e-05, -0.000357628247002, 0.00127586210147, -0.000955858384259, 0.0016712899087, -0.000815341772977], [0.000107483618194, -0.00102230336051, 0.000502988987137, -0.000907800509594, 0.00775967538357, -0.00364419724792, -0.00216716341674, 0.000359312572982, -0.00134752469603, -0.000568969466258, 0.000434570683865, 0.00104218663182, -0.000722568540368], [7.84768926678e-05, 0.000655191601254, -0.0011367254192, -0.00112889928278, -0.00364419724792, 0.012308771722, -0.00274235755205, -0.00263767922297, 0.00246115890332, -0.00214176834561, 0.00328802620061, -0.00372972246259, 0.000653287454043], [0.000231218713452, -0.000260406668531, 0.000258587591816, -0.000595903547946, -0.00216716341674, -0.00274235755205, 0.0168386772275, -0.00587953347713, -0.00401191785932, 0.00357254571281, -0.0062670186162, 0.00360892154276, -0.00215333676897], [-0.000406925799325, 0.000431692402344, 0.000237190397456, 7.78587491368e-05, 0.000359312572982, -0.00263767922297, -0.00587953347713, 0.0210413448513, -0.00728748179972, -0.00812880601734, 0.00612149154767, -0.00309999636374, 0.00192784238607], [0.000384999089874, -9.90859643935e-06, -0.000204533571377, -0.000357628247002, -0.00134752469603, 0.00246115890332, -0.00401191785932, -0.00728748179972, 0.0237628743052, -0.00627208547667, -0.00501368613914, 0.00236046803184, -0.00306231784634], [-0.000471194769489, 0.00132201751694, -0.000479664362501, 0.00127586210147, -0.000568969466258, -0.00214176834561, 0.00357254571281, -0.00812880601734, -0.00627208547667, 0.0329435244203, -0.0132488599047, -0.00119680026546, 0.00187506631482], [0.000282759458059, -0.000942368234973, -0.000247982417932, -0.000955858384259, 0.000434570683865, 0.00328802620061, -0.0062670186162, 0.00612149154767, -0.00501368613914, -0.0132488599047, 0.0332193635404, -0.0120885074139, -0.00460108695552], [-0.000538613996468, 0.00121418235358, -0.000410962529713, 0.0016712899087, 0.00104218663182, -0.00372972246259, 0.00360892154276, -0.00309999636374, 0.00236046803184, -0.00119680026546, -0.0120885074139, 0.0307215899229, -0.00996576528996], [0.000206425320357, -0.000655997253489, 0.000889033137355, -0.000815341772977, -0.000722568540368, 0.000653287454043, -0.00215333676897, 0.00192784238607, -0.00306231784634, 0.00187506631482, -0.00460108695552, -0.00996576528996, 0.0319127589464]], "cov": [[13933.8408203, -2738.69506836, -290.668060303, 1485.27258301, -310.172851562, 360.833618164, -190.247253418, 520.120239258, -88.3151779175, 395.714263916, -50.180606842, 373.01071167, -81.5244140625], [-2738.69506836, 2423.24023438, 251.885131836, -456.626831055, 241.324829102, -178.231018066, 64.8045425415, -219.256759644, -7.3610959053, -185.326187134, 19.2231292725, -161.91192627, 37.9663200378], [-290.668060303, 251.885131836, 1071.09838867, 304.379943848, 95.8134994507, 150.760070801, 61.8748703003, 22.4878368378, 36.4178123474, 19.3394088745, 30.3210144043, 0.656276464462, -6.16976881027], [1485.27258301, -456.626831055, 304.379943848, 636.246643066, 67.0879516602, 169.547119141, 52.6716651917, 105.084472656, 30.596572876, 64.2652664185, 12.6184492111, 40.6444320679, -2.29177260399], [-310.172851562, 241.324829102, 95.8134994507, 67.0879516602, 235.246459961, 79.7445907593, 80.5360183716, 23.6157665253, 40.9427680969, 4.21607446671, 16.8917102814, -14.0455656052, 15.4437675476], [360.833618164, -178.231018066, 150.760070801, 169.547119141, 79.7445907593, 177.541519165, 53.5144119263, 70.406578064, 24.3116569519, 40.8636550903, 7.08051681519, 28.8695774078, 1.63114774227], [-190.247253418, 64.8045425415, 61.8748703003, 52.6716651917, 80.5360183716, 53.5144119263, 122.106529236, 48.5142478943, 52.6164665222, 18.8086414337, 31.2937583923, 0.884834766388, 16.9532661438], [520.120239258, -219.256759644, 22.4878368378, 105.084472656, 23.6157665253, 70.406578064, 48.5142478943, 123.421180725, 49.0822372437, 58.8678398132, 14.4900226593, 31.8688793182, 2.39028739929], [-88.3151779175, -7.3610959053, 36.4178123474, 30.596572876, 40.9427680969, 24.3116569519, 52.6164665222, 49.0822372437, 85.4186401367, 36.0941734314, 32.9398040771, 10.6880664825, 15.3645448685], [395.714263916, -185.326187134, 19.3394088745, 64.2652664185, 4.21607446671, 40.8636550903, 18.8086414337, 58.8678398132, 36.0941734314, 76.7758636475, 31.1772518158, 33.9231033325, 5.74694681168], [-50.180606842, 19.2231292725, 30.3210144043, 12.6184492111, 16.8917102814, 7.08051681519, 31.2937583923, 14.4900226593, 32.9398040771, 31.1772518158, 63.9264755249, 26.6530380249, 20.540189743], [373.01071167, -161.91192627, 0.656276464462, 40.6444320679, -14.0455656052, 28.8695774078, 0.884834766388, 31.8688793182, 10.6880664825, 33.9231033325, 26.6530380249, 66.6175918579, 16.1832332611], [-81.5244140625, 37.9663200378, -6.16976881027, -2.29177260399, 15.4437675476, 1.63114774227, 16.9532661438, 2.39028739929, 15.3645448685, 5.74694681168, 20.540189743, 16.1832332611, 43.2241973877]]}, "spectral_flux": {"min": 1.03551896224e-10, "max": 0.380922555923, "dvar2": 0.00320559833199, "median": 0.102090761065, "dmean2": 0.0606347694993, "dmean": 0.0398752614856, "var": 0.00557348504663, "dvar": 0.00156201177742, "mean": 0.118529304862}, "silence_rate_30dB": {"min": 0, "max": 1, "dvar2": 0.155620008707, "median": 1, "dmean2": 0.175356417894, "dmean": 0.0876746103168, "var": 0.157937481999, "dvar": 0.0799934417009, "mean": 0.80341809988}, "spectral_energyband_middle_high": {"min": 1.62850102672e-21, "max": 0.0437497720122, "dvar2": 9.34942218009e-05, "median": 0.00203815940768, "dmean2": 0.00462810648605, "dmean": 0.0026317499578, "var": 2.61862205662e-05, "dvar": 3.30222464981e-05, "mean": 0.00358617911115}, "barkbands_spread": {"min": 0.114445097744, "max": 112.571113586, "dvar2": 323.432281494, "median": 14.5979375839, "dmean2": 13.0044536591, "dmean": 8.36099815369, "var": 313.484985352, "dvar": 143.434661865, "mean": 19.663269043}, "spectral_centroid": {"min": 76.8085861206, "max": 10934.2050781, "dvar2": 576688.1875, "median": 1038.95153809, "dmean2": 563.137390137, "dmean": 360.116363525, "var": 619466.9375, "dvar": 261702.890625, "mean": 1154.4864502}, "pitch_salience": {"min": 0.0290930457413, "max": 0.913827180862, "dvar2": 0.0157000143081, "median": 0.488415747881, "dmean2": 0.141830533743, "dmean": 0.096184335649, "var": 0.030677113682, "dvar": 0.0078667588532, "mean": 0.466295540333}, "erbbands_skewness": {"min": -2.45655870438, "max": 8.9800901413, "dvar2": 0.786566257477, "median": 0.444380372763, "dmean2": 0.677838623524, "dmean": 0.460057944059, "var": 0.885937452316, "dvar": 0.369330853224, "mean": 0.589453220367}, "erbbands_crest": {"min": 1.96315336227, "max": 29.2621841431, "dvar2": 10.1301298141, "median": 5.60397338867, "dmean2": 3.14033651352, "dmean": 2.02622580528, "var": 15.4613189697, "dvar": 4.75210857391, "mean": 6.83158922195}, "melbands": {"min": [2.16026758439e-24, 9.57595728493e-24, 1.28131876379e-23, 3.20675764226e-24, 2.8155763105e-24, 2.37435141786e-23, 1.19513279111e-23, 4.66695633555e-24, 8.01423830681e-24, 7.09804499629e-24, 5.65996813216e-24, 8.04414954575e-24, 8.475077437e-24, 1.00465483136e-23, 1.32736986019e-23, 9.97720034032e-24, 8.63124507497e-24, 1.2102873613e-23, 9.44614391209e-24, 7.18009757449e-24, 9.66565944732e-24, 1.26016080434e-23, 1.36737047234e-23, 1.0448052482e-23, 1.11794141047e-23, 1.13945238518e-23, 1.14823556249e-23, 1.23506122248e-23, 1.13961070956e-23, 9.52690039182e-24, 6.81877955838e-24, 8.36891253638e-24, 9.0028111831e-24, 1.2911250937e-23, 9.2621350062e-24, 1.03590524058e-23, 1.24355054912e-23, 1.4275679747e-23, 9.64269886182e-24, 1.06357919111e-23], "max": [0.0781113654375, 0.0734885632992, 0.0225485526025, 0.0210259854794, 0.00976031739265, 0.00704529788345, 0.00471972767264, 0.00282566901296, 0.00340706505813, 0.00191471341532, 0.00208509364165, 0.00115435302723, 0.000636264972854, 0.00177438068204, 0.00234009907581, 0.000544176611584, 0.00121200084686, 0.000963621772826, 0.000512977188919, 0.000534089631401, 0.000378071767045, 0.000263616006123, 0.000250482960837, 0.000221143753151, 0.000156040681759, 0.000145169862662, 0.000203865216463, 0.000122990066302, 7.69739417592e-05, 0.000103814629256, 9.09780355869e-05, 9.20167731238e-05, 8.29066266306e-05, 0.000185484852409, 7.69890539232e-05, 5.36929728696e-05, 6.30488357274e-05, 4.96138782182e-05, 5.26050425833e-05, 6.32261071587e-05], "dvar2": [0.000110471759399, 8.62939996296e-05, 1.18823545563e-05, 1.18959806059e-05, 1.19376250041e-06, 4.04598040404e-07, 7.83110394309e-08, 6.51078764236e-08, 1.2869980992e-07, 8.56286632711e-08, 1.05265087313e-07, 1.91036839681e-08, 3.8010008474e-09, 3.45392692225e-08, 3.94243571122e-08, 5.25769161541e-09, 2.08758681453e-08, 2.52395935263e-08, 3.38053407489e-09, 8.33362889807e-09, 3.71094932561e-09, 2.26966512251e-09, 2.46968712148e-09, 4.96462926325e-10, 3.50907192193e-10, 6.54625076368e-10, 6.61393939616e-10, 2.49532949859e-10, 1.60166546692e-10, 3.28444355047e-10, 1.42470382714e-10, 1.52127838104e-10, 1.13155075587e-10, 7.53581697044e-10, 1.01047378798e-10, 4.9504782218e-11, 9.28819798851e-11, 5.05522672334e-11, 6.90257087599e-11, 4.56541054961e-11], "median": [0.00516847614199, 0.00402667280287, 0.000691940076649, 0.000339071382768, 0.000330374314217, 0.000280323554762, 0.00014504394494, 8.50398209877e-05, 0.000106995750684, 5.94487391936e-05, 3.65601263184e-05, 3.5524564737e-05, 3.09161441692e-05, 2.26421798288e-05, 2.31245685427e-05, 1.02719504866e-05, 1.56486385094e-05, 1.00153574749e-05, 1.00498818938e-05, 7.14522275302e-06, 6.8738236223e-06, 5.41425833944e-06, 4.36773643742e-06, 4.58081694887e-06, 3.8534885789e-06, 3.60712738257e-06, 3.10122436531e-06, 3.39611938216e-06, 3.09769916385e-06, 2.44134162131e-06, 1.82509779734e-06, 1.90219793694e-06, 1.68225653852e-06, 2.5290485155e-06, 1.57840088377e-06, 1.12376494599e-06, 1.13739247354e-06, 7.6480671396e-07, 7.27457916128e-07, 8.35290620671e-07], "dmean2": [0.0069287144579, 0.00545920897275, 0.00170558167156, 0.00154511269648, 0.000659910729155, 0.000404231221182, 0.000192283361685, 0.00018188195827, 0.000214169311221, 0.000159065748448, 0.000159182454809, 8.51128570503e-05, 4.65000557597e-05, 9.18970617931e-05, 9.83549543889e-05, 4.24342470069e-05, 6.69175205985e-05, 6.45018735668e-05, 3.34537216986e-05, 4.00496792281e-05, 2.9093662306e-05, 2.41809648287e-05, 2.21476402658e-05, 1.34581941893e-05, 1.16875298772e-05, 1.52356242324e-05, 1.43186780406e-05, 1.02854783108e-05, 8.72627151693e-06, 1.08891590571e-05, 7.50230901758e-06, 6.90976685291e-06, 5.93349977862e-06, 1.08832400656e-05, 5.05905336468e-06, 3.7324589357e-06, 4.43886528956e-06, 3.29879981109e-06, 3.88171156374e-06, 3.15995725941e-06], "dmean": [0.00488410657272, 0.00388516485691, 0.00113574636634, 0.000891717383638, 0.000387381907785, 0.000244285620283, 0.000124351354316, 0.000109585897007, 0.000134695859742, 9.4392336905e-05, 9.11382230697e-05, 5.21514848515e-05, 2.96775779134e-05, 5.28889104316e-05, 5.61761517019e-05, 2.41315665335e-05, 3.72455724573e-05, 3.50327063643e-05, 1.90416212718e-05, 2.18793338718e-05, 1.60422296176e-05, 1.34220026666e-05, 1.21705334095e-05, 7.68419158703e-06, 6.72599526297e-06, 8.52756511449e-06, 8.15371731733e-06, 5.95437995798e-06, 5.13174018124e-06, 6.38773917672e-06, 4.45003934146e-06, 4.17366936745e-06, 3.60505578101e-06, 6.46325906928e-06, 3.15820716423e-06, 2.36670894083e-06, 2.75704724118e-06, 2.00861563826e-06, 2.35992774833e-06, 1.94994390768e-06], "var": [0.000161476069479, 9.88367683021e-05, 6.85608301865e-06, 3.28961755258e-06, 4.52187663313e-07, 2.35619694422e-07, 7.39044878628e-08, 5.08729023352e-08, 7.94685206529e-08, 3.18401269794e-08, 3.36922028055e-08, 9.93912863123e-09, 3.41942740789e-09, 1.21083711946e-08, 1.16085399071e-08, 1.71550851302e-09, 5.11538100767e-09, 5.36024513664e-09, 1.13574361027e-09, 1.89680715579e-09, 9.41543509825e-10, 6.68105293311e-10, 6.15979156571e-10, 2.310805991e-10, 1.69239303127e-10, 2.26565405326e-10, 2.35457625619e-10, 1.18846710251e-10, 9.00686608629e-11, 1.30276817112e-10, 7.41100375512e-11, 7.74656519487e-11, 5.93745400068e-11, 2.357699036e-10, 5.27439376896e-11, 3.35367636439e-11, 4.26766885719e-11, 2.20532377082e-11, 2.75832568591e-11, 1.9316541422e-11], "dvar": [5.34367500222e-05, 4.14792921219e-05, 5.65248365092e-06, 4.36756363342e-06, 4.25648892133e-07, 1.45043813404e-07, 3.31867617831e-08, 2.54553764734e-08, 5.11068662945e-08, 3.12441663652e-08, 3.78395519363e-08, 7.32922389446e-09, 1.6136832981e-09, 1.26184449556e-08, 1.41317375579e-08, 1.91886262435e-09, 7.34621341536e-09, 8.80500561351e-09, 1.22062149277e-09, 2.91595148028e-09, 1.30290045419e-09, 8.02743482797e-10, 8.62463822582e-10, 1.8054531481e-10, 1.28291099966e-10, 2.37178027218e-10, 2.4445989677e-10, 9.34980148859e-11, 6.05784936103e-11, 1.27130139749e-10, 5.67158889297e-11, 5.97546734316e-11, 4.45013435824e-11, 2.8156896259e-10, 3.94103048806e-11, 2.11585107074e-11, 3.7053454055e-11, 1.94365634698e-11, 2.74759642122e-11, 1.80673809247e-11], "mean": [0.00983064807951, 0.00761657534167, 0.00149069388863, 0.000975545495749, 0.000543835631106, 0.000423181481892, 0.000229373501497, 0.000166803758475, 0.000205326388823, 0.000122595156427, 0.000102310688817, 7.29114981368e-05, 5.04496492795e-05, 5.89578703512e-05, 5.82115826546e-05, 2.5504066798e-05, 3.74242154066e-05, 3.01856380247e-05, 2.18222248805e-05, 2.03427189263e-05, 1.67830621649e-05, 1.46869224409e-05, 1.28940082504e-05, 1.06082025013e-05, 9.21693754208e-06, 9.78570369625e-06, 9.35521075007e-06, 7.93876006355e-06, 7.14602720109e-06, 7.30501915314e-06, 5.78194612899e-06, 5.76285856368e-06, 5.06714559378e-06, 7.52230016587e-06, 4.61590298073e-06, 3.64583615919e-06, 3.76940124625e-06, 2.70025225291e-06, 2.79122900793e-06, 2.540999958e-06]}, "spectral_entropy": {"min": 4.43449211121, "max": 9.800822258, "dvar2": 0.27242577076, "median": 7.81667327881, "dmean2": 0.382471889257, "dmean": 0.264537960291, "var": 0.560123324394, "dvar": 0.12662191689, "mean": 7.62634181976}, "spectral_rolloff": {"min": 21.533203125, "max": 18992.2851562, "dvar2": 3487553.75, "median": 409.130859375, "dmean2": 1100.07653809, "dmean": 631.284240723, "var": 2409295.75, "dvar": 1470673.625, "mean": 967.706237793}, "barkbands": {"min": [8.14137744118e-24, 4.15565061781e-24, 2.78019163906e-23, 3.00305809765e-23, 1.10660895025e-23, 9.54435299271e-23, 4.274503715e-23, 1.58256320759e-23, 5.97535377543e-23, 5.1822342835e-23, 5.2590112755e-23, 1.18130128265e-22, 9.95945601866e-23, 1.12728374817e-22, 1.45882090827e-22, 1.06270241954e-22, 2.22740846688e-22, 2.13676746535e-22, 3.10155672178e-22, 4.11031796858e-22, 3.34437972043e-22, 4.67250063932e-22, 6.58523413194e-22, 1.07260405017e-21, 9.72655550179e-22, 1.76479044273e-21, 2.44112267485e-21], "max": [0.0359594859183, 0.265857964754, 0.166971802711, 0.0490749180317, 0.0831331163645, 0.0295171663165, 0.0202387720346, 0.0134682701901, 0.017809772864, 0.0125133506954, 0.00824396498501, 0.0124079668894, 0.00608002999797, 0.0109337018803, 0.00731245614588, 0.00767617998645, 0.00471560750157, 0.0035352029372, 0.00344927306287, 0.00387844978832, 0.0034392955713, 0.00373322796077, 0.00639512389898, 0.00445718551055, 0.00462025078014, 0.0011929551838, 0.000455654982943], "dvar2": [2.34272774833e-05, 0.00142500316724, 0.000413620378822, 0.000122419223771, 0.000197716057301, 1.02889434856e-05, 1.43957709042e-06, 2.38598886426e-06, 5.3708863561e-06, 2.44055081566e-06, 3.73649442054e-07, 3.30869147547e-06, 8.33283479551e-07, 2.85227383756e-06, 1.13973828775e-06, 1.66348672792e-06, 7.45860290863e-07, 3.03780552713e-07, 2.84745425461e-07, 3.52758661393e-07, 3.43537237768e-07, 2.79416525473e-07, 8.71004544933e-07, 4.11669219602e-07, 3.77633540438e-07, 2.92901312093e-08, 5.13423481507e-09], "median": [0.00127205438912, 0.0166898705065, 0.00466839969158, 0.000426748476457, 0.00172856566496, 0.00155603245366, 0.000609514012467, 0.000455892441096, 0.000568216841202, 0.000166046011145, 0.000229550671065, 0.000257484498434, 0.000118862619274, 0.000170875282492, 0.000124049489386, 0.000117260511615, 7.86745804362e-05, 9.65112340054e-05, 9.1120498837e-05, 0.000113314039481, 0.000104548387753, 9.20795791899e-05, 0.000107966006908, 7.9261000792e-05, 7.96387466835e-05, 2.97617389151e-05, 5.32212743565e-06], "dmean2": [0.00317263789475, 0.023869054392, 0.0102037843317, 0.00439011305571, 0.00654921727255, 0.00219039432704, 0.000847825431265, 0.000974548398517, 0.0013270820491, 0.000779814610723, 0.000419396732468, 0.000915208889637, 0.00048532357323, 0.000754021748435, 0.000519018271007, 0.000570575124584, 0.000405109167332, 0.000307362177409, 0.000330851675244, 0.000364723440725, 0.000372849521227, 0.000298142171232, 0.000405219121603, 0.000294692174066, 0.000298250495689, 9.09049485927e-05, 3.25271903421e-05], "dmean": [0.00183987431228, 0.0175699088722, 0.00655765458941, 0.00247941398993, 0.0037330025807, 0.00134808418807, 0.000547426694538, 0.000586009293329, 0.000809290446341, 0.000445647339802, 0.000274015503237, 0.000525866402313, 0.000274484511465, 0.000418463081587, 0.000288254173938, 0.00031202743412, 0.000223473776714, 0.000174072934897, 0.000187879966688, 0.000210624813917, 0.00022140078363, 0.000182263320312, 0.000248530035606, 0.000183996686246, 0.000190344100702, 6.02747531957e-05, 2.09796962736e-05], "var": [8.96982692211e-06, 0.0020998599939, 0.000217146880459, 3.10667892336e-05, 5.20567991771e-05, 6.65557263346e-06, 1.39039048008e-06, 1.35675588808e-06, 2.491133273e-06, 8.44513010634e-07, 3.84061735303e-07, 1.05064316358e-06, 2.41342576146e-07, 6.72480723551e-07, 2.90659698976e-07, 3.82594663506e-07, 1.96594001522e-07, 1.15718343352e-07, 1.17640361452e-07, 1.53916360546e-07, 1.68803779843e-07, 1.57142181934e-07, 3.37975706088e-07, 1.97165974214e-07, 1.88960413539e-07, 2.04224619438e-08, 3.01995672913e-09], "dvar": [7.68243899074e-06, 0.000715937174391, 0.000183511117939, 4.55929985037e-05, 7.14775160304e-05, 3.82596908821e-06, 6.15738201759e-07, 9.02215504084e-07, 2.01412740353e-06, 8.85883878254e-07, 1.6895653232e-07, 1.19017556699e-06, 3.00190777125e-07, 1.00209842913e-06, 4.025635576e-07, 5.81023471113e-07, 2.62329933776e-07, 1.0859696431e-07, 1.04656344035e-07, 1.32891443627e-07, 1.34944102115e-07, 1.10437454737e-07, 3.34759732823e-07, 1.63956158872e-07, 1.58094891844e-07, 1.28178747616e-08, 2.14714845903e-09], "mean": [0.0022770119831, 0.0343405343592, 0.00938458740711, 0.00193887692876, 0.00417821668088, 0.00235268031247, 0.000992274726741, 0.000875715049915, 0.00113603915088, 0.000484481133753, 0.000457170855952, 0.00059925171081, 0.000285705318674, 0.000410729786381, 0.000295407196973, 0.000303405540762, 0.000234151724726, 0.000229526223848, 0.000237541782553, 0.000276285834843, 0.000287918170216, 0.000269591517281, 0.000323946063872, 0.000262771762209, 0.000253980979323, 9.32351103984e-05, 3.12284828397e-05]}, "melbands_flatness_db": {"min": 0.00593884987757, "max": 0.804465830326, "dvar2": 0.00710931234062, "median": 0.233442038298, "dmean2": 0.0700142681599, "dmean": 0.0496460646391, "var": 0.0141733465716, "dvar": 0.00323721230961, "mean": 0.256079524755}, "melbands_skewness": {"min": -1.5483468771, "max": 23.6216945648, "dvar2": 6.76838684082, "median": 4.2400135994, "dmean2": 2.17275667191, "dmean": 1.41560876369, "var": 7.65458631516, "dvar": 2.62792444229, "mean": 4.67593240738}, "barkbands_skewness": {"min": -2.15354347229, "max": 33.6689758301, "dvar2": 7.82231903076, "median": 2.50835347176, "dmean2": 1.8724874258, "dmean": 1.27043962479, "var": 10.1135406494, "dvar": 3.38763523102, "mean": 3.30627560616}, "silence_rate_60dB": {"min": 0, "max": 1, "dvar2": 0.0283298008144, "median": 0, "dmean2": 0.0259665548801, "dmean": 0.0129827447236, "var": 0.046523116529, "dvar": 0.012821582146, "mean": 0.0489297881722}, "spectral_energyband_low": {"min": 5.45394322281e-23, "max": 0.290799856186, "dvar2": 0.00164451927412, "median": 0.0282116755843, "dmean2": 0.0279159899801, "dmean": 0.0198255050927, "var": 0.0026279296726, "dvar": 0.00072464114055, "mean": 0.046592194587}, "spectral_energyband_middle_low": {"min": 2.75195805482e-22, "max": 0.104200564325, "dvar2": 0.000219238136197, "median": 0.00808304361999, "dmean2": 0.0100198769942, "dmean": 0.00653899088502, "var": 0.000153404500452, "dvar": 0.000110659457278, "mean": 0.0116421766579}, "melbands_kurtosis": {"min": -1.72643816471, "max": 1220.73840332, "dvar2": 5713.36523438, "median": 26.1643333435, "dmean2": 43.8879203796, "dmean": 29.0688915253, "var": 5155.07568359, "dvar": 2424.25415039, "mean": 51.4826622009}, "spectral_decrease": {"min": -7.91032377379e-08, "max": 5.58771739954e-29, "dvar2": 1.14873549515e-16, "median": -1.23043903955e-08, "dmean2": 8.30597635115e-09, "dmean": 5.66529179125e-09, "var": 1.91845246612e-16, "dvar": 4.81746713116e-17, "mean": -1.60199871146e-08}, "erbbands_kurtosis": {"min": -1.82885122299, "max": 126.991912842, "dvar2": 27.0373630524, "median": -0.367388486862, "dmean2": 2.00168323517, "dmean": 1.32999944687, "var": 16.4066200256, "dvar": 11.5338354111, "mean": 0.804662704468}, "melbands_crest": {"min": 2.22289967537, "max": 36.7366790771, "dvar2": 29.7766113281, "median": 19.1919116974, "dmean2": 6.17527341843, "dmean": 3.89335513115, "var": 43.5064620972, "dvar": 12.7868452072, "mean": 18.9415950775}, "melbands_spread": {"min": 0.16560728848, "max": 218.409072876, "dvar2": 429.105102539, "median": 9.51599407196, "dmean2": 12.705622673, "dmean": 7.77134943008, "var": 426.90612793, "dvar": 188.55619812, "mean": 15.3404855728}, "spectral_energy": {"min": 1.07229959277e-20, "max": 0.300912082195, "dvar2": 0.00169141264632, "median": 0.0491236709058, "dmean2": 0.0326429195702, "dmean": 0.0221064165235, "var": 0.0028056607116, "dvar": 0.000703794823494, "mean": 0.062814347446}, "mfcc": {"mean": [-641.696411133, 117.666549683, 31.5910758972, 22.5823745728, 7.11732959747, 12.1610498428, 5.73575973511, 5.60629892349, 3.66588354111, 5.01547241211, 2.76146411896, 2.65310406685, 3.66360831261], "icov": [[0.000132902190671, 0.000115907321742, 0.000149575731484, -0.000218940636842, -8.88176218723e-05, 8.36098115542e-05, 8.41769360704e-05, -0.000192194711417, 0.000143935249071, -5.1672635891e-05, -1.84506898222e-05, 9.33219234867e-06, -0.000133526380523], [0.000115907321742, 0.000747080484871, -0.000116140079626, -3.76001153199e-05, -0.000205101823667, 0.000267094117589, -0.000634683005046, 0.000553233607206, -0.000631106842775, 0.000788466597442, 0.00057166168699, -0.00041268664063, 0.000339688267559], [0.000149575731484, -0.000116140079626, 0.00181928987149, -0.000879011698999, -0.000303483888274, -0.000863553548697, 0.000167734193383, -0.000519233173691, 0.00177898618858, -0.00140586285852, -0.000261875422439, 0.00086060364265, -0.000783799914643], [-0.000218940636842, -3.76001153199e-05, -0.000879011698999, 0.00594425620511, -0.00294312182814, -0.000487196753966, -0.000459879025584, -0.00117541407235, -0.00010657042003, 0.000837259402033, -0.00147434801329, -0.000576063932385, 0.00121955154464], [-8.88176218723e-05, -0.000205101823667, -0.000303483888274, -0.00294312182814, 0.0130057176575, -0.00685029989108, -0.000316130317515, 0.000506277661771, -0.00291401683353, -0.000108113148599, 0.000338002311764, -0.000118270720122, -0.00149537774269], [8.36098115542e-05, 0.000267094117589, -0.000863553548697, -0.000487196753966, -0.00685029989108, 0.0185640472919, -0.00735758990049, -0.00241322512738, -0.000429334846558, 0.0019455231959, -0.000836954102851, 0.0030597045552, -0.000781698676292], [8.41769360704e-05, -0.000634683005046, 0.000167734193383, -0.000459879025584, -0.000316130317515, -0.00735758990049, 0.0212230607867, -0.00621797610074, -0.00136776722502, -0.00181351357605, 0.000704942620359, -0.00361261889338, 0.000282940862235], [-0.000192194711417, 0.000553233607206, -0.000519233173691, -0.00117541407235, 0.000506277661771, -0.00241322512738, -0.00621797610074, 0.0260295774788, -0.0119251040742, 0.00260608340614, -0.0028291081544, 0.0032212738879, -0.00629965309054], [0.000143935249071, -0.000631106842775, 0.00177898618858, -0.00010657042003, -0.00291401683353, -0.000429334846558, -0.00136776722502, -0.0119251040742, 0.0360895060003, -0.0201143231243, 0.00179011013824, -0.00237249140628, 0.00488257966936], [-5.1672635891e-05, 0.000788466597442, -0.00140586285852, 0.000837259402033, -0.000108113148599, 0.0019455231959, -0.00181351357605, 0.00260608340614, -0.0201143231243, 0.041733879596, -0.0194968935102, 0.00245254626498, -0.00504796812311], [-1.84506898222e-05, 0.00057166168699, -0.000261875422439, -0.00147434801329, 0.000338002311764, -0.000836954102851, 0.000704942620359, -0.0028291081544, 0.00179011013824, -0.0194968935102, 0.0434699207544, -0.021662959829, 0.00653147790581], [9.33219234867e-06, -0.00041268664063, 0.00086060364265, -0.000576063932385, -0.000118270720122, 0.0030597045552, -0.00361261889338, 0.0032212738879, -0.00237249140628, 0.00245254626498, -0.021662959829, 0.0471572652459, -0.0214691404253], [-0.000133526380523, 0.000339688267559, -0.000783799914643, 0.00121955154464, -0.00149537774269, -0.000781698676292, 0.000282940862235, -0.00629965309054, 0.00488257966936, -0.00504796812311, 0.00653147790581, -0.0214691404253, 0.0343383401632]], "cov": [[11327.8359375, -2116.69628906, -747.143615723, 407.181304932, 148.349868774, 15.8186712265, -7.39075469971, 182.615341187, 76.4894638062, 115.089820862, 131.419189453, 94.1872711182, 113.790100098], [-2116.69628906, 1890.21582031, 212.292755127, -36.748046875, 13.4020709991, 11.5463066101, 40.4247665405, -57.9688568115, -16.6783943176, -69.3382263184, -68.7551498413, -30.0741424561, -44.4470863342], [-747.143615723, 212.292755127, 828.869995117, 183.434677124, 129.985656738, 124.255111694, 70.6245574951, 51.7652435303, 13.1422271729, 35.0834503174, 26.0194587708, 6.40779829025, 27.1494846344], [407.181304932, -36.748046875, 183.434677124, 306.822357178, 136.913848877, 96.290763855, 64.8062210083, 65.1420593262, 42.0333709717, 34.8919715881, 37.7049751282, 21.4166316986, 20.1791000366], [148.349868774, 13.4020709991, 129.985656738, 136.913848877, 178.269775391, 103.716949463, 63.3018188477, 53.7967224121, 43.7492141724, 31.3086910248, 25.617975235, 16.5942554474, 21.9052181244], [15.8186712265, 11.5463066101, 124.255111694, 96.290763855, 103.716949463, 132.655899048, 68.7203140259, 51.4386672974, 33.6689720154, 22.1510047913, 18.3255119324, 8.76002502441, 16.2310771942], [-7.39075469971, 40.4247665405, 70.6245574951, 64.8062210083, 63.3018188477, 68.7203140259, 95.000869751, 49.2813568115, 35.7825126648, 26.447807312, 21.0526371002, 17.3533058167, 17.1065139771], [182.615341187, -57.9688568115, 51.7652435303, 65.1420593262, 53.7967224121, 51.4386672974, 49.2813568115, 84.2284240723, 45.2848129272, 32.2730674744, 26.3809719086, 17.2057285309, 22.7564601898], [76.4894638062, -16.6783943176, 13.1422271729, 42.0333709717, 43.7492141724, 33.6689720154, 35.7825126648, 45.2848129272, 69.8471221924, 44.6886367798, 28.4865455627, 17.4680576324, 12.0952358246], [115.089820862, -69.3382263184, 35.0834503174, 34.8919715881, 31.3086910248, 22.1510047913, 26.447807312, 32.2730674744, 44.6886367798, 65.5023422241, 40.7318344116, 23.623210907, 18.5627880096], [131.419189453, -68.7551498413, 26.0194587708, 37.7049751282, 25.617975235, 18.3255119324, 21.0526371002, 26.3809719086, 28.4865455627, 40.7318344116, 57.1212081909, 31.5364627838, 17.4347991943], [94.1872711182, -30.0741424561, 6.40779829025, 21.4166316986, 16.5942554474, 8.76002502441, 17.3533058167, 17.2057285309, 17.4680576324, 23.623210907, 31.5364627838, 48.0414276123, 29.0120925903], [113.790100098, -44.4470863342, 27.1494846344, 20.1791000366, 21.9052181244, 16.2310771942, 17.1065139771, 22.7564601898, 12.0952358246, 18.5627880096, 17.4347991943, 29.0120925903, 51.0963134766]]}, "spectral_contrast_valleys": {"min": [-27.8387966156, -27.2831764221, -27.1418857574, -27.1804695129, -27.261100769, -27.2672786713], "max": [-4.93988132477, -4.28719043732, -5.14890909195, -5.13672208786, -5.36765050888, -7.33690452576], "dvar2": [0.336615353823, 0.617620885372, 0.782223701477, 0.940873146057, 1.01231253147, 0.724140405655], "median": [-6.42270231247, -6.39534711838, -7.2674407959, -7.67668533325, -7.47606754303, -9.47029781342], "dmean2": [0.678499281406, 0.797855138779, 0.851112544537, 0.861641943455, 0.764665901661, 0.626895368099], "dmean": [0.420974820852, 0.495399564505, 0.555407226086, 0.566185951233, 0.515205383301, 0.454668670893], "var": [1.93728017807, 1.05075120926, 1.03586018085, 1.44111609459, 2.04004764557, 2.31950855255], "dvar": [0.140259206295, 0.247165217996, 0.316065132618, 0.397689551115, 0.400933146477, 0.31182962656], "mean": [-6.8325510025, -6.55675363541, -7.41191196442, -7.81499958038, -7.73113965988, -9.73752212524]}, "barkbands_flatness_db": {"min": 0.0146274529397, "max": 0.642866551876, "dvar2": 0.00438157236204, "median": 0.13706278801, "dmean2": 0.0556079633534, "dmean": 0.0398657172918, "var": 0.00950053706765, "dvar": 0.0020191941876, "mean": 0.16142514348}, "dynamic_complexity": 3.04984664917, "spectral_skewness": {"min": 0.0108710164204, "max": 14.2888059616, "dvar2": 0.644977986813, "median": 1.44361209869, "dmean2": 0.420917004347, "dmean": 0.267187893391, "var": 2.50493431091, "dvar": 0.244884058833, "mean": 1.83336806297}, "erbbands_flatness_db": {"min": 0.0391420759261, "max": 0.475704163313, "dvar2": 0.000864495581482, "median": 0.0966475307941, "dmean2": 0.0230059362948, "dmean": 0.0155083034188, "var": 0.00435048528016, "dvar": 0.000394227768993, "mean": 0.116758689284}, "hfc": {"min": 1.20546168868e-16, "max": 182.568008423, "dvar2": 1410.68884277, 