{"lowlevel": {"spectral_complexity": {"min": 0, "max": 39, "dvar2": 16.5184841156, "median": 15, "dmean2": 3.95138216019, "dmean": 2.46765971184, "var": 33.2576141357, "dvar": 6.90439891815, "mean": 14.9045658112}, "silence_rate_20dB": {"min": 1, "max": 1, "dvar2": 0, "median": 1, "dmean2": 0, "dmean": 0, "var": 0, "dvar": 0, "mean": 1}, "average_loudness": 0.860882043839, "erbbands_spread": {"min": 1.42357265949, "max": 137.180984497, "dvar2": 183.30015564, "median": 23.863489151, "dmean2": 10.5498285294, "dmean": 6.9586482048, "var": 337.026733398, "dvar": 82.7393264771, "mean": 27.670747757}, "spectral_kurtosis": {"min": -1.48687291145, "max": 86.3186645508, "dvar2": 36.8180618286, "median": 4.82734537125, "dmean2": 3.06301259995, "dmean": 1.87603068352, "var": 97.9031677246, "dvar": 11.9777145386, "mean": 6.87544727325}, "barkbands_kurtosis": {"min": -1.84368419647, "max": 73.0121917725, "dvar2": 51.4343757629, "median": 2.86394834518, "dmean2": 4.66413164139, "dmean": 2.98422265053, "var": 42.6269454956, "dvar": 21.9901618958, "mean": 4.9825668335}, "spectral_strongpeak": {"min": 0, "max": 22.2260189056, "dvar2": 3.06655931473, "median": 1.24963343143, "dmean2": 1.30440342426, "dmean": 0.819203317165, "var": 5.51082277298, "dvar": 1.33053922653, "mean": 2.18796825409}, "spectral_spread": {"min": 1002809.3125, "max": 39692060, "dvar2": 1187122118660.0, "median": 5189360.5, "dmean2": 939350.0625, "dmean": 674237.25, "var": 3347611910140.0, "dvar": 746244800512, "mean": 5282126.5}, "spectral_rms": {"min": 3.21796062019e-12, "max": 0.0109292166308, "dvar2": 1.86590523299e-06, "median": 0.00461184699088, "dmean2": 0.00107323296834, "dmean": 0.000707799918018, "var": 4.13208590544e-06, "dvar": 8.07645506029e-07, "mean": 0.00462056649849}, "erbbands": {"min": [3.82871254834e-22, 6.08936278073e-21, 3.12732174188e-20, 2.19327249611e-19, 4.28801149615e-19, 2.72266188429e-19, 2.57678961724e-19, 2.00055130411e-19, 1.96226796364e-19, 6.12013667833e-19, 7.40160178137e-19, 1.69829113308e-18, 2.11962281591e-18, 3.50530274997e-18, 3.46950650896e-18, 4.14621138756e-18, 3.47457629893e-18, 6.97205226594e-18, 7.13883172977e-18, 8.18938502211e-18, 7.14571718119e-18, 6.42163098351e-18, 1.61871718533e-17, 1.85389935729e-17, 1.35114071806e-17, 9.4667735723e-18, 1.22260280657e-17, 1.56866299754e-17, 2.07546530919e-17, 1.52510267387e-17, 1.20796874077e-17, 1.89251760768e-17, 1.36856229982e-17, 1.13805601442e-17, 1.15429621682e-17, 5.50228632069e-18, 3.61696510163e-18, 1.28751872096e-18, 2.9328973333e-19, 3.44654237249e-20], "max": [1.90004277229, 17.3590927124, 41.1740837097, 26.8350200653, 46.5896759033, 103.863571167, 237.63494873, 361.730682373, 734.588745117, 1524.45458984, 1788.81616211, 2953.22363281, 2917.41674805, 4416.17236328, 2623.74414063, 1469.39172363, 1504.40673828, 1239.39282227, 1227.09960938, 638.661682129, 475.761657715, 348.472503662, 165.884109497, 182.921234131, 296.941131592, 116.640525818, 157.985458374, 125.650489807, 129.989517212, 75.4018707275, 262.17779541, 362.755462646, 265.280487061, 480.344848633, 107.128334045, 46.9656486511, 16.5765342712, 1.68162739277, 0.0365430414677, 0.00169764715247], "dvar2": [0.096699103713, 10.1391124725, 52.5850067139, 21.648059845, 29.5914707184, 53.9769973755, 252.004577637, 1239.85144043, 2676.40429688, 4697.91748047, 8691.77539063, 30136.1582031, 34117.6523438, 76970.4296875, 14366.6933594, 4338.92382813, 7833.81445313, 4726.30371094, 5353.75634766, 1148.19067383, 1109.92529297, 242.153152466, 86.0196075439, 147.557098389, 244.247283936, 122.338623047, 173.616210938, 120.285606384, 103.898498535, 45.7787361145, 94.1205673218, 97.4566726685, 85.4940032959, 102.732910156, 6.11033296585, 1.74186897278, 0.45688188076, 0.00645524123684, 3.12413067149e-06, 3.66466679225e-09], "median": [0.0167956743389, 0.160466596484, 0.497714489698, 1.28046214581, 1.65633356571, 2.2606818676, 4.71790409088, 8.7998418808, 11.6465187073, 7.17206192017, 10.4806690216, 12.4102678299, 21.2772426605, 20.2552223206, 9.73384857178, 8.57749938965, 9.31493186951, 8.26884555817, 12.9176015854, 7.88541889191, 4.89114809036, 3.79354214668, 3.00357985497, 4.03670930862, 4.1917219162, 3.5452439785, 2.79874873161, 1.70818996429, 1.14354074001, 0.724515020847, 0.592254281044, 0.966054797173, 0.952357947826, 0.643805682659, 0.319477140903, 0.105594500899, 0.0379340350628, 0.00719528039917, 0.000188966019778, 4.11730288761e-05], "dmean2": [0.11584225297, 1.06230998039, 2.4801774025, 2.17879199982, 2.91123867035, 3.58002519608, 7.72423315048, 16.8167247772, 23.163980484, 20.5755367279, 32.0282096863, 59.1165885925, 72.3228607178, 95.5052490234, 36.3962516785, 25.8707389832, 30.7930374146, 25.3056030273, 31.6265163422, 15.0960226059, 12.4922714233, 6.3351726532, 4.89273929596, 6.22548484802, 7.64564323425, 5.960542202, 6.47563505173, 4.63965511322, 3.98880004883, 2.51667284966, 2.58291888237, 2.36522626877, 2.07789254189, 1.4178314209, 0.608840227127, 0.382577747107, 0.228578925133, 0.0357672013342, 0.000788748031482, 3.13374475809e-05], "dmean": [0.072048895061, 0.580560386181, 1.31361448765, 1.19786965847, 1.69681203365, 2.15996217728, 4.98179578781, 11.1441679001, 15.9008722305, 13.2762622833, 20.9430274963, 40.91771698, 49.1966896057, 64.5907745361, 26.4742527008, 17.7139472961, 21.0918731689, 16.8465309143, 20.7809524536, 10.0135030746, 8.1393995285, 4.11609888077, 3.09982252121, 3.98304963112, 4.82136964798, 3.7996070385, 4.077896595, 2.90355801582, 2.47672629356, 1.58402383327, 1.59719467163, 1.58371126652, 1.36167049408, 0.954615712166, 0.418348163366, 0.258221745491, 0.150519043207, 0.0234204530716, 0.00051780208014, 2.12083868973e-05], "var": [0.0381745547056, 2.1673886776, 10.1399564743, 4.93135070801, 11.5475215912, 33.1361198425, 313.742706299, 1581.52954102, 3918.39624023, 2704.54956055, 7186.23242188, 36076.4609375, 79077.859375, 209353.953125, 39424.0859375, 9495.98046875, 15140.6572266, 6637.11767578, 10154.7929688, 1275.8626709, 1020.9375, 212.594009399, 87.497505188, 137.445358276, 215.81187439, 94.3392868042, 119.372711182, 57.3239021301, 48.1769790649, 20.6750583649, 38.0131225586, 67.8182983398, 48.139667511, 76.2190322876, 7.97039031982, 2.0243639946, 0.329756945372, 0.00470077246428, 2.23775373343e-06, 3.58124618849e-09], "dvar": [0.0403299182653, 3.56623744965, 17.8199710846, 7.29934549332, 10.6397848129, 21.5507202148, 112.511077881, 582.510803223, 1311.11901855, 2071.19799805, 3945.06079102, 14640.1367188, 16163.0576172, 38405.9101563, 8827.5390625, 2374.17993164, 4047.33935547, 2257.39379883, 2727.3371582, 570.277099609, 493.564300537, 120.706771851, 40.5570640564, 65.1585388184, 103.332931519, 49.3773612976, 70.4480361938, 45.500617981, 39.5277290344, 17.5315799713, 36.8086357117, 45.7387199402, 33.9738731384, 50.3275184631, 3.15819573402, 0.863167762756, 0.20243562758, 0.0028794335667, 1.39063286042e-06, 1.68853520055e-09], "mean": [0.0733773708344, 0.498879253864, 1.23949229717, 1.75949788094, 2.5977230072, 3.8027369976, 10.4598484039, 23.3760051727, 33.2196426392, 20.4288978577, 33.4269523621, 70.8846664429, 116.760475159, 186.666427612, 57.6655464172, 37.9272460938, 43.3884773254, 32.483669281, 43.9342536926, 19.1161289215, 14.0307359695, 7.61393880844, 5.75149345398, 7.29283714294, 8.65358543396, 7.0581612587, 6.74223423004, 4.42313861847, 3.50698566437, 2.22627210617, 2.05255651474, 2.56414103508, 2.26584744453, 1.50739920139, 0.7466365695, 0.383060485125, 0.190422207117, 0.0298444386572, 0.000682311656419, 5.19354834978e-05]}, "zerocrossingrate": {"min": 0.00390625, "max": 0.50146484375, "dvar2": 0.000367915985407, "median": 0.05224609375, "dmean2": 0.0131017509848, "dmean": 0.0115771079436, "var": 0.00163921585772, "dvar": 0.000315103156026, "mean": 0.0618857964873}, "spectral_contrast_coeffs": {"min": [-0.949382722378, -0.981647729874, -0.97223675251, -0.974804103374, -0.980458140373, -0.958914458752], "max": [-0.356851220131, -0.397228986025, -0.379046678543, -0.467923164368, -0.585551142693, -0.627079308033], "dvar2": [0.00364376953803, 0.00402642320842, 0.00305830664001, 0.00206164596602, 0.0011525421869, 0.000738744740374], "median": [-0.686209797859, -0.704892992973, -0.708052396774, -0.731553256512, -0.779799878597, -0.787618100643], "dmean2": [0.0700714215636, 0.0735260099173, 0.0651886686683, 0.0543395243585, 0.0394545160234, 0.0291850678623], "dmean": [0.0420534424484, 0.046333797276, 0.0429293401539, 0.0352108702064, 0.0253824684769, 0.01820265688], "var": [0.00378017965704, 0.00607327744365, 0.0101655926555, 0.00502056255937, 0.00231657898985, 0.00132948521059], "dvar": [0.0013484848896, 0.00168813066557, 0.0014354538871, 0.000930089270696, 0.000542659661733, 0.000293599470751], "mean": [-0.680521190166, -0.695673108101, -0.687520503998, -0.725707828999, -0.777445077896, -0.786968648434]}, "dissonance": {"min": 0.197097808123, "max": 0.499890983105, "dvar2": 0.00224747671746, "median": 0.444047182798, "dmean2": 0.0495038703084, "dmean": 0.0295084882528, "var": 0.0019278046675, "dvar": 0.000823570007924, "mean": 0.434808433056}, "spectral_energyband_high": {"min": 7.41480500566e-21, "max": 0.0422599390149, "dvar2": 2.23190545512e-06, "median": 0.000380824203603, "dmean2": 0.000538052758202, "dmean": 0.000371349568013, "var": 1.9570384211e-06, "dvar": 1.01309217371e-06, "mean": 0.000730651780032}, "gfcc": {"mean": [-8.55839920044, 85.136138916, -105.703605652, 6.20636415482, -61.0902900696, 15.5685930252, -36.5353279114, 13.9930725098, -28.6415615082, 10.9056692123, -18.5323562622, -0.201078251004, -7.376912117], "icov": [[0.000314405420795, 0.000125468912302, 0.000608458707575, -0.000196070075617, 0.000445119076176, -0.000656862626784, 0.000338437908795, -0.000875212426763, 0.000507378135808, -0.000764634809457, 0.000682940415572, -0.000601340725552, 0.00043648344581], [0.000125468912302, 0.00247434712946, -0.000406571460189, 0.000583645247389, -0.00185404985677, 0.00142756267451, -0.000966770108789, 0.00177462596912, -0.00238655856811, 0.0019144177204, -0.00278562819585, 0.00209561642259, -0.00102855474688], [0.000608458707575, -0.000406571460189, 0.00299919769168, -0.000583288492635, 0.00107073341496, -0.00207670312375, 0.00118295685388, -0.00211737235077, 0.00128200137988, -0.0029414659366, 0.00277511449531, -0.0027113975957, 0.00173925922718], [-0.000196070075617, 0.000583645247389, -0.000583288492635, 0.00376022607088, -0.00098509225063, 0.0014867449645, -0.000128958883579, 0.000882471271325, -0.00101866771001, 0.00177120149601, -0.000564207381103, 1.57218073582e-06, 0.000364520587027], [0.000445119076176, -0.00185404985677, 0.00107073341496, -0.00098509225063, 0.00660785380751, -0.00202431995422, 0.000472288578749, -0.00279227807187, 0.00119571061805, -0.00278037576936, 0.00287384679541, -0.00274569005705, 0.00164964806754], [-0.000656862626784, 0.00142756267451, -0.00207670312375, 0.0014867449645, -0.00202431995422, 0.0074123442173, -0.00333843077533, 0.00264614191838, -0.00140712957364, 0.00257664732635, -0.00398526154459, 0.00283562298864, -0.00235331547447], [0.000338437908795, -0.000966770108789, 0.00118295685388, -0.000128958883579, 0.000472288578749, -0.00333843077533, 0.0079845180735, -0.00288981385529, 0.00243241572753, -0.000319795915857, 0.00202562101185, -0.00143955182284, 0.00217075529508], [-0.000875212426763, 0.00177462596912, -0.00211737235077, 0.000882471271325, -0.00279227807187, 0.00264614191838, -0.00288981385529, 0.0118301026523, -0.00536665599793, 0.00430144043639, -0.00449483562261, 0.003910548985, -0.00402130605653], [0.000507378135808, -0.00238655856811, 0.00128200137988, -0.00101866771001, 0.00119571061805, -0.00140712957364, 0.00243241572753, -0.00536665599793, 0.0129592809826, -0.00459584686905, 0.00607890682295, -0.00276767881587, 0.00309810298495], [-0.000764634809457, 0.0019144177204, -0.0029414659366, 0.00177120149601, -0.00278037576936, 0.00257664732635, -0.000319795915857, 0.00430144043639, -0.00459584686905, 0.0159912109375, -0.00746415602043, 0.00312159513123, 0.000731058593374], [0.000682940415572, -0.00278562819585, 0.00277511449531, -0.000564207381103, 0.00287384679541, -0.00398526154459, 0.00202562101185, -0.00449483562261, 0.00607890682295, -0.00746415602043, 0.0153713971376, -0.00261980178766, 0.00291450996883], [-0.000601340725552, 0.00209561642259, -0.0027113975957, 1.57218073582e-06, -0.00274569005705, 0.00283562298864, -0.00143955182284, 0.003910548985, -0.00276767881587, 0.00312159513123, -0.00261980178766, 0.0133551564068, -0.0023151836358], [0.00043648344581, -0.00102855474688, 0.00173925922718, 0.000364520587027, 0.00164964806754, -0.00235331547447, 0.00217075529508, -0.00402130605653, 0.00309810298495, 0.000731058593374, 0.00291450996883, -0.0023151836358, 0.0115839494392]], "cov": [[11830.5097656, -2866.17700195, -1178.12744141, 158.076797485, -759.72076416, 602.582641602, -25.7086162567, 430.519805908, -397.039703369, 95.3632354736, -169.109375, 199.292892456, 39.073677063], [-2866.17700195, 1465.68591309, 79.7111434937, -100.055717468, 315.196624756, -186.986099243, 43.9880142212, -100.076728821, 164.561737061, -43.4139976501, 122.379486084, -135.286132813, 4.35985708237], [-1178.12744141, 79.7111434937, 768.049560547, 48.0429725647, 68.1477508545, 7.38774394989, -33.6461639404, -25.2768878937, 59.2159309387, 69.1652450562, -46.8881835938, 81.6868133545, -68.112953186], [158.076797485, -100.055717468, 48.0429725647, 338.858123779, 17.3277263641, -69.6436080933, -32.706489563, -2.62264823914, 24.4626731873, -14.9130887985, -42.9857559204, 42.9927787781, -30.3078231812], [-759.72076416, 315.196624756, 68.1477508545, 17.3277263641, 268.879089355, -24.4733352661, 21.5714817047, -0.15547953546, 55.4390983582, 6.33296823502, 4.3451294899, 0.808665037155, -17.6812667847], [602.582641602, -186.986099243, 7.38774394989, -69.6436080933, -24.4733352661, 270.501647949, 76.2120285034, 24.6799163818, -53.5864067078, 4.20366430283, 25.4358959198, -6.99379777908, 20.7673950195], [-25.7086162567, 43.9880142212, -33.6461639404, -32.706489563, 21.5714817047, 76.2120285034, 176.303436279, 24.8380069733, -21.3496589661, -19.6247158051, 10.3672323227, -12.5717849731, 0.777896463871], [430.519805908, -100.076728821, -25.2768878937, -2.62264823914, -0.15547953546, 24.6799163818, 24.8380069733, 149.324493408, 16.8245868683, -13.1492033005, -5.25169992447, -6.07761669159, 27.4252033234], [-397.039703369, 164.561737061, 59.2159309387, 24.4626731873, 55.4390983582, -53.5864067078, -21.3496589661, 16.8245868683, 140.165023804, 12.568572998, -23.927947998, 1.64998173714, -20.9584636688], [95.3632354736, -43.4139976501, 69.1652450562, -14.9130887985, 6.33296823502, 4.20366430283, -19.6247158051, -13.1492033005, 12.568572998, 107.752929688, 28.1602554321, 4.22154808044, -34.7015991211], [-169.109375, 122.379486084, -46.8881835938, -42.9857559204, 4.3451294899, 25.4358959198, 10.3672323227, -5.25169992447, -23.927947998, 28.1602554321, 124.205459595, -26.3087768555, -5.47210407257], [199.292892456, -135.286132813, 81.6868133545, 42.9927787781, 0.808665037155, -6.99379777908, -12.5717849731, -6.07761669159, 1.64998173714, 4.22154808044, -26.3087768555, 117.039993286, -5.12585115433], [39.073677063, 4.35985708237, -68.112953186, -30.3078231812, -17.6812667847, 20.7673950195, 0.777896463871, 27.4252033234, -20.9584636688, -34.7015991211, -5.47210407257, -5.12585115433, 120.680900574]]}, "spectral_flux": {"min": 1.03025005194e-10, "max": 0.336471736431, "dvar2": 0.00231735571288, "median": 0.0708350539207, "dmean2": 0.0455189011991, "dmean": 0.0290342252702, "var": 0.00294050690718, "dvar": 0.00111696566455, "mean": 0.0817449837923}, "silence_rate_30dB": {"min": 1, "max": 1, "dvar2": 0, "median": 1, "dmean2": 0, "dmean": 0, "var": 0, "dvar": 0, "mean": 1}, "spectral_energyband_middle_high": {"min": 1.62536719158e-21, "max": 0.116793699563, "dvar2": 6.46442713332e-05, "median": 0.00340036908165, "dmean2": 0.00430144742131, "dmean": 0.0030219827313, "var": 0.000229737648624, "dvar": 3.31883165927e-05, "mean": 0.0103332707658}, "barkbands_spread": {"min": 1.30159342289, "max": 105.824035645, "dvar2": 119.890388489, "median": 14.9115905762, "dmean2": 8.07264614105, "dmean": 5.40781068802, "var": 190.615692139, "dvar": 59.6005058289, "mean": 18.069234848}, "spectral_centroid": {"min": 231.117019653, "max": 10544.8154297, "dvar2": 207854.9375, "median": 1049.1607666, "dmean2": 310.20602417, "dmean": 203.468536377, "var": 273658.8125, "dvar": 99033.1328125, "mean": 1123.10302734}, "pitch_salience": {"min": 0.135566100478, "max": 0.98765617609, "dvar2": 0.0112789403647, "median": 0.5498239398, "dmean2": 0.110111512244, "dmean": 0.0703087225556, "var": 0.019027762115, "dvar": 0.00483885547146, "mean": 0.530969083309}, "erbbands_skewness": {"min": -3.21037507057, "max": 6.42977952957, "dvar2": 0.52902930975, "median": 0.948150157928, "dmean2": 0.704906642437, "dmean": 0.458476513624, "var": 1.13931655884, "dvar": 0.239481657743, "mean": 1.12393820286}, "erbbands_crest": {"min": 2.512819767, "max": 33.6178855896, "dvar2": 22.4630699158, "median": 11.6002159119, "dmean2": 4.8174495697, "dmean": 3.07717418671, "var": 54.3132896423, "dvar": 10.1079349518, "mean": 13.5780067444}, "melbands": {"min": [6.09464153499e-24, 1.30666281363e-23, 4.59233703589e-23, 2.49059606758e-23, 1.02241422026e-23, 4.2138839354e-24, 3.18271848668e-24, 7.52528969598e-24, 5.27020576395e-24, 1.16428351766e-23, 1.00790446498e-23, 1.40139609422e-23, 1.02029510321e-23, 1.36559095991e-23, 9.55448685767e-24, 6.34734878724e-24, 1.4353139577e-23, 1.16884518473e-23, 1.18333853171e-23, 8.96739527276e-24, 8.9683206066e-24, 6.92419740772e-24, 7.47514101937e-24, 2.05416224276e-23, 1.45014548936e-23, 1.1798495577e-23, 6.42950036748e-24, 6.31084898201e-24, 7.73343695671e-24, 7.2647226281e-24, 1.05495733585e-23, 1.36391857479e-23, 7.44875914412e-24, 9.53556681772e-24, 6.52563569055e-24, 7.39072659163e-24, 1.30357978744e-23, 1.03641760574e-23, 7.67055448737e-24, 1.00942562546e-23], "max": [0.0168789699674, 0.0219050515443, 0.00441229715943, 0.00526871206239, 0.00627278955653, 0.00758412992582, 0.0118740368634, 0.0135877849534, 0.0170222241431, 0.016413461417, 0.014698705636, 0.017799070105, 0.0109286475927, 0.00687967473641, 0.00316750025377, 0.0031363775488, 0.00220884615555, 0.00164976925589, 0.00151144189294, 0.000816475483589, 0.000572468095925, 0.000469382357551, 0.000371473463019, 0.0003042765602, 0.000168039739947, 0.000232159276493, 0.000102286918263, 9.38686207519e-05, 0.000126175887999, 8.82252570591e-05, 9.54734714469e-05, 8.70325020514e-05, 4.62523421447e-05, 3.75623276341e-05, 9.56076110015e-05, 0.000303472479573, 0.000190704755369, 0.000210641577723, 0.000197999412194, 0.00046970313997], "dvar2": [9.22456547414e-06, 1.62972683029e-05, 6.18178205514e-07, 2.06776093137e-07, 2.16094548477e-07, 5.12684266596e-07, 6.95901292147e-07, 4.76229502056e-07, 7.2617922342e-07, 1.2232443396e-06, 8.79242008978e-07, 1.41867474213e-06, 2.45598187121e-07, 5.78061651879e-08, 3.53193492231e-08, 3.1775808651e-08, 1.62279381044e-08, 1.22235386257e-08, 9.09849529052e-09, 1.38214706347e-09, 1.87417614761e-09, 3.53029466771e-10, 3.21939697123e-10, 1.25771573711e-10, 1.27825555696e-10, 1.94556690203e-10, 7.98804078439e-11, 6.58872817416e-11, 9.68104693633e-11, 5.61856464132e-11, 4.97655666676e-11, 4.11155762214e-11, 2.95845188625e-11, 9.78163990778e-12, 2.37798218616e-11, 7.05833030912e-11, 3.38788649912e-11, 6.07447078749e-11, 2.66324289011e-11, 9.90373130727e-11], "median": [0.000170638217242, 0.000264682748821, 0.000233978149481, 0.000144731035107, 0.000143535769894, 0.000198516470846, 0.000173471911694, 7.37270675017e-05, 7.8094053606e-05, 7.22476979718e-05, 8.94312979653e-05, 6.90325177857e-05, 2.40696572291e-05, 1.97571698664e-05, 1.69708928297e-05, 1.82357362064e-05, 1.07547448351e-05, 1.60918225447e-05, 1.41981790875e-05, 4.78814490634e-06, 5.07842196384e-06, 3.47439572579e-06, 2.62955654762e-06, 2.36520941144e-06, 2.90862089969e-06, 3.09498864226e-06, 2.37816084336e-06, 2.02868773158e-06, 1.80274105333e-06, 1.12520001494e-06, 8.02183308224e-07, 6.44862893751e-07, 4.55732816818e-07, 3.38927520716e-07, 2.82738795931e-07, 3.70849363662e-07, 6.09896119386e-07, 6.72199917062e-07, 5.47228864889e-07, 4.90336731218e-07], "dmean2": [0.00108650501352, 0.00135119445622, 0.000396949821152, 0.000232668957324, 0.000235650470131, 0.00036062381696, 0.000358026736649, 0.000224672301556, 0.000285836227704, 0.000398871023208, 0.000379852688638, 0.000412644003518, 0.000138375922688, 8.4188519395e-05, 6.59316574456e-05, 6.69528308208e-05, 4.66188357677e-05, 4.84415613755e-05, 3.80185556423e-05, 1.47500350067e-05, 1.59719966177e-05, 7.07336585037e-06, 6.74932061884e-06, 4.75005526823e-06, 5.47090394321e-06, 6.66188452669e-06, 4.60473438579e-06, 4.15119120589e-06, 4.73059935757e-06, 3.45876742358e-06, 2.71622207038e-06, 2.4371706786e-06, 2.01532952815e-06, 1.18909747471e-06, 1.44741090935e-06, 1.63210108894e-06, 1.58329817168e-06, 1.7182950387e-06, 1.18233344892e-06, 1.27793714455e-06], "dmean": [0.000655431707855, 0.000721719872672, 0.000219567111344, 0.000137243056088, 0.000151506013935, 0.000240279332502, 0.000245796371019, 0.000142427088576, 0.000189535916434, 0.00027449632762, 0.000258724263404, 0.000278668565443, 0.000105624058051, 6.01245264988e-05, 4.39414470748e-05, 4.55276167486e-05, 3.06397305394e-05, 3.2189203921e-05, 2.50417378993e-05, 9.63544789556e-06, 1.0249231309e-05, 4.5452620725e-06, 4.23699248131e-06, 2.98979512081e-06, 3.46826163877e-06, 4.1814114411e-06, 2.88116234515e-06, 2.63063861894e-06, 2.98164354717e-06, 2.12933127841e-06, 1.69474628819e-06, 1.50381299591e-06, 1.22753385767e-06, 7.51585673697e-07, 8.80037589468e-07, 1.03200682133e-06, 1.0449751926e-06, 1.10725909508e-06, 7.75778119078e-07, 8.52948630836e-07], "var": [2.98304394164e-06, 3.23626318277e-06, 1.49033709818e-07, 1.20150474459e-07, 2.65426194801e-07, 7.12398559699e-07, 9.44376949974e-07, 2.67026877054e-07, 6.00940779805e-07, 1.4832951365e-06, 2.0295210561e-06, 3.990841833e-06, 7.23135542557e-07, 1.49443721398e-07, 5.55837083027e-08, 4.37422613686e-08, 2.3166377261e-08, 2.27600338576e-08, 9.06255603894e-09, 1.2218417389e-09, 1.6441040751e-09, 2.81864226404e-10, 2.20298362885e-10, 1.19932924703e-10, 1.06602116023e-10, 1.64065358521e-10, 5.08758556117e-11, 4.69154264049e-11, 6.57544713123e-11, 3.02845595823e-11, 2.13248446679e-11, 1.85046977741e-11, 1.18551401335e-11, 4.6316722159e-12, 8.71722485862e-12, 3.27446993131e-11, 2.66075859262e-11, 3.01574598627e-11, 2.20959032321e-11, 7.0405944963e-11], "dvar": [3.59542491424e-06, 5.59727732252e-06, 2.11533162542e-07, 7.77767539262e-08, 9.57966008741e-08, 2.47045477408e-07, 3.35384612526e-07, 2.0954227864e-07, 3.33520887352e-07, 5.97553651005e-07, 4.2681369905e-07, 7.15669898455e-07, 1.62594986364e-07, 3.72531410164e-08, 1.60864850329e-08, 1.61023834266e-08, 7.77390241069e-09, 6.18318285461e-09, 4.38211289477e-09, 6.60582644141e-10, 8.30502167037e-10, 1.66849825622e-10, 1.42849065909e-10, 5.76571811128e-11, 5.51073145449e-11, 8.29999680096e-11, 3.0903574838e-11, 2.66142594074e-11, 3.93707288993e-11, 2.2353988452e-11, 1.85462999125e-11, 1.54976274869e-11, 1.11970242106e-11, 3.76714241399e-12, 8.95132318962e-12, 2.93070220869e-11, 1.66088462428e-11, 2.35439775315e-11, 1.22169869707e-11, 4.85784121262e-11], "mean": [0.000652858172543, 0.000663796730805, 0.000323321175529, 0.000232949925703, 0.000315281300573, 0.00051136163529, 0.000506904965732, 0.000211426231544, 0.000297096761642, 0.000472945452202, 0.000586835900322, 0.000791788450442, 0.000203468560358, 0.000118731200928, 8.69534633239e-05, 8.31603247207e-05, 5.50180411665e-05, 6.49173744023e-05, 4.35880065197e-05, 1.60427316587e-05, 1.65640794876e-05, 7.75174976297e-06, 6.4677874434e-06, 5.20460162079e-06, 5.73922307012e-06, 6.93517631589e-06, 4.8903766583e-06, 4.52861422673e-06, 4.71522889711e-06, 3.00717852042e-06, 2.40739223045e-06, 2.08826304515e-06, 1.570733275e-06, 1.06218976725e-06, 1.07953997031e-06, 1.36796654715e-06, 1.67761913872e-06, 1.76476464731e-06, 1.23786367112e-06, 1.26932047806e-06]}, "spectral_entropy": {"min": 5.50903701782, "max": 9.80161952972, "dvar2": 0.089347422123, "median": 7.35143232346, "dmean2": 0.279674738646, "dmean": 0.200540870428, "var": 0.309294342995, "dvar": 0.0478466451168, "mean": 7.31729745865}, "spectral_rolloff": {"min": 86.1328125, "max": 18927.6855469, "dvar2": 2739195.25, "median": 947.4609375, "dmean2": 796.703613281, "dmean": 474.813934326, "var": 2434452.5, "dvar": 1283471.125, "mean": 1403.88476563}, "barkbands": {"min": [3.76762997559e-23, 2.09163155804e-23, 3.19293944189e-23, 1.09768694919e-22, 1.12591807217e-22, 2.03600424244e-23, 1.63224330082e-23, 3.72532431188e-23, 7.34026615719e-23, 8.67571111316e-23, 6.12147227209e-23, 1.20237560707e-22, 7.57484751577e-23, 1.62307386565e-22, 1.2276736821e-22, 1.26366984697e-22, 1.26430282896e-22, 3.51037700704e-22, 3.29613753131e-22, 1.79829426152e-22, 3.33267756844e-22, 5.62055695688e-22, 4.44259956094e-22, 9.01778833848e-22, 1.41762611218e-21, 1.65786957354e-21, 2.26744584626e-21], "max": [0.0033173202537, 0.0701178088784, 0.0306130032986, 0.00715572712943, 0.0200203936547, 0.0331038497388, 0.0715180560946, 0.0607610791922, 0.0978123322129, 0.112658128142, 0.0780892372131, 0.0460533164442, 0.0286478623748, 0.0223534666002, 0.0245749745518, 0.0085463039577, 0.00630664639175, 0.00396715616807, 0.00414555799216, 0.00229781353846, 0.00275103771128, 0.00308785145171, 0.00769642693922, 0.0139275453985, 0.0269759427756, 0.00949032884091, 0.000250209181104], "dvar2": [1.84880121878e-07, 0.000153827684699, 3.20201761497e-05, 1.64396783475e-06, 3.94188009523e-06, 1.01532559711e-05, 2.11949063669e-05, 1.43029983519e-05, 5.052646884e-05, 5.8905883634e-05, 1.61927382578e-05, 4.10772827308e-06, 4.03842705055e-06, 1.53695395966e-06, 1.92606876226e-06, 3.36128920253e-07, 1.31066158815e-07, 4.08801383855e-08, 7.57221272352e-08, 5.78836001353e-08, 8.33277198353e-08, 7.68196244394e-08, 8.22684071977e-08, 2.26266607228e-07, 2.87312502678e-07, 1.0610906287e-07, 2.93660207262e-10], "median": [1.11842964543e-05, 0.000667869695462, 0.000447431812063, 0.000478111644043, 0.000701019307598, 0.00110458768904, 0.000584080233239, 0.000327248912072, 0.0005040843389, 0.000551501172595, 0.000115902905236, 0.000149325045641, 0.0001814289717, 0.000105434577563, 0.000215956970351, 6.24175081612e-05, 7.346815255e-05, 5.02921757288e-05, 8.36196777527e-05, 6.82326499373e-05, 5.72734206798e-05, 3.09152710543e-05, 1.88218727999e-05, 5.63535177207e-05, 5.52084493393e-05, 2.11791739275e-05, 1.4240689552e-06], "dmean2": [0.000176779867616, 0.00429056305438, 0.00199028081261, 0.000729241408408, 0.00108311814256, 0.00172366842162, 0.00166168936994, 0.00124538491946, 0.00268101878464, 0.00314568914473, 0.0010510206921, 0.000691682333127, 0.000734669680241, 0.000458191236248, 0.000608385133091, 0.000227589072892, 0.000145402140333, 9.70490073087e-05, 0.000150975756696, 0.000129031395772, 0.000142148957821, 0.000107986277726, 8.28190968605e-05, 0.000116871771752, 9.78876196314e-05, 0.000105608298327, 7.80337632023e-06], "dmean": [0.000133156514494, 0.00249301223084, 0.00106081506237, 0.000409867061535, 0.000651947164442, 0.00115042226389, 0.00110725616105, 0.000783997995313, 0.00184242252726, 0.00214400119148, 0.000748475664295, 0.000467382749775, 0.00048649054952, 0.000296426936984, 0.000399258831749, 0.000148673017975, 9.19319063541e-05, 6.12079747953e-05, 9.55024006544e-05, 8.11988866189e-05, 8.80035076989e-05, 6.74910552334e-05, 5.16098007211e-05, 7.79349866207e-05, 6.72729074722e-05, 7.05068378011e-05, 4.94883715874e-06], "var": [1.82146379757e-07, 4.15034373873e-05, 6.21601657258e-06, 4.73791828881e-07, 2.55673990068e-06, 1.4882769392e-05, 2.1104080588e-05, 9.49213699641e-06, 6.62741367705e-05, 0.00017051488976, 3.64559527952e-05, 7.94764127932e-06, 6.36733057036e-06, 1.86816305359e-06, 3.18441061609e-06, 2.86226480739e-07, 9.57092041176e-08, 3.62082737126e-08, 6.88078927169e-08, 4.01174489184e-08, 4.82559947557e-08, 3.53331053304e-08, 3.533584092e-08, 1.45619594605e-07, 3.06376932713e-07, 9.38804731732e-08, 1.58620616642e-10], "dvar": [1.0428672681e-07, 5.71186210436e-05, 1.08222911877e-05, 5.56059944756e-07, 1.54728002144e-06, 4.91370383315e-06, 9.6255016615e-06, 6.11125642536e-06, 2.49369441008e-05, 3.07904592773e-05, 9.39401161304e-06, 2.33034575103e-06, 1.93251685232e-06, 7.01905946698e-07, 9.7973247648e-07, 1.52242776608e-07, 5.85763686445e-08, 1.87087785264e-08, 3.26373523762e-08, 2.31922143712e-08, 3.28705205277e-08, 2.91665269714e-08, 3.2519974269e-08, 9.87067636515e-08, 1.51810468196e-07, 4.91962772742e-08, 1.22245311096e-10], "mean": [0.000171570238308, 0.00234522391111, 0.00103452475742, 0.000636356300674, 0.00118226197083, 0.00252328300849, 0.0020635179244, 0.00112502952106, 0.00325292395428, 0.00585070578381, 0.00135357386898, 0.000920634716749, 0.000916302436963, 0.000494327046908, 0.000794437713921, 0.000230581412325, 0.000157556554768, 0.000103697384475, 0.000169645762071, 0.000140679941978, 0.000137810638989, 9.49699388002e-05, 6.77608186379e-05, 0.000132282235427, 0.000118355143059, 9.4920360425e-05, 5.88109833188e-06]}, "melbands_flatness_db": {"min": 0.000992795685306, "max": 0.503975510597, "dvar2": 0.00145351421088, "median": 0.197764888406, "dmean2": 0.0355150811374, "dmean": 0.0238686464727, "var": 0.0052341055125, "dvar": 0.000663228449412, "mean": 0.205516457558}, "melbands_skewness": {"min": -2.68011856079, "max": 11.3119430542, "dvar2": 1.39709973335, "median": 1.59187996387, "dmean2": 0.906875669956, "dmean": 0.593342602253, "var": 1.72325658798, "dvar": 0.557805657387, "mean": 1.57559430599}, "barkbands_skewness": {"min": -2.37604689598, "max": 6.59781503677, "dvar2": 0.782906889915, "median": 1.27654862404, "dmean2": 0.774389624596, "dmean": 0.509787261486, "var": 0.934092640877, "dvar": 0.336907058954, "mean": 1.34996557236}, "silence_rate_60dB": {"min": 0, "max": 1, "dvar2": 0.0208746530116, "median": 0, "dmean2": 0.0172515194863, "dmean": 0.00862406939268, "var": 0.0642218366265, "dvar": 0.0085485978052, "mean": 0.0689790323377}, "spectral_energyband_low": {"min": 1.12193034874e-22, "max": 0.0932673588395, "dvar2": 0.000291893054964, "median": 0.00159019907005, "dmean2": 0.00593189662322, "dmean": 0.00346638890915, "var": 7.9407436715e-05, "dvar": 0.000107402229332, "mean": 0.00390040245838}, "spectral_energyband_middle_low": {"min": 3.87673057475e-22, "max": 0.104643642902, "dvar2": 8.47930277814e-05, "median": 0.00804699026048, "dmean2": 0.00628287019208, "dmean": 0.00414975080639, "var": 0.000144787045429, "dvar": 3.95646493416e-05, "mean": 0.0121293254197}, "melbands_kurtosis": {"min": -1.8508450985, "max": 166.2396698, "dvar2": 228.430480957, "median": 5.71670150757, "dmean2": 7.53727912903, "dmean": 4.65915393829, "var": 97.4127502441, "dvar": 86.0849075317, "mean": 8.22548484802}, "spectral_decrease": {"min": -2.9643997479e-08, "max": 5.53424169768e-30, "dvar2": 2.18973650579e-17, "median": -5.2986557364e-09, "dmean2": 3.07534597788e-09, "dmean": 1.95271798731e-09, "var": 2.42010762987e-17, "dvar": 8.71997009987e-18, "mean": -6.34310648451e-09}, "erbbands_kurtosis": {"min": -1.6950956583, "max": 77.3291091919, "dvar2": 32.9859848022, "median": 1.60433411598, "dmean2": 3.34054017067, "dmean": 2.16987943649, "var": 49.7425422668, "dvar": 14.6705551147, "mean": 3.91567730904}, "melbands_crest": {"min": 1.52335870266, "max": 33.2662200928, "dvar2": 24.1424465179, "median": 12.918926239, "dmean2": 5.05865240097, "dmean": 3.24356675148, "var": 43.0848045349, "dvar": 10.6773643494, "mean": 14.528260231}, "melbands_spread": {"min": 2.0520927906, "max": 264.334136963, "dvar2": 260.514678955, "median": 17.042755127, "dmean2": 9.91458129883, "dmean": 6.39307260513, "var": 270.07824707, "dvar": 120.173042297, "mean": 20.2943019867}, "spectral_energy": {"min": 1.06141522069e-20, "max": 0.122433967888, "dvar2": 0.00032770371763, "median": 0.0218008607626, "dmean2": 0.0122361257672, "dmean": 0.00781432259828, "var": 0.000397690775571, "dvar": 0.000131436710944, "mean": 0.0261188000441}, "mfcc": {"mean": [-657.983886719, 124.883033752, 7.3598947525, 3.18023896217, -2.14362502098, -1.93929290771, 4.68754434586, -5.69355583191, 3.76680541039, 5.53446769714, -2.33873701096, -3.83290743828, -2.81482672691], "icov": [[0.000209334728424, 0.00021696377371, 0.000272915203823, 0.000187734825886, 0.000253737147432, 3.77302349079e-05, -5.49603792024e-05, -5.24877686985e-05, -0.000170946397702, 2.45741284743e-05, 3.80079145543e-05, -0.000167068690644, -9.98305040412e-05], [0.00021696377371, 0.00154651154298, 0.000608555215877, 0.000317307771184, -0.000478131638374, 0.000130135245854, -2.63429556071e-05, 0.000179166032467, -4.36330701632e-05, -0.000152338878252, -0.00104628095869, 0.000102811049146, -0.000169183578691], [0.000272915203823, 0.000608555215877, 0.00261610536836, 0.00016258355754, -0.000110050066723, -0.000845418544486, 0.00024124509946, 0.000133785972139, -0.000555101723876, 0.000385735766031, -0.000621236220468, -0.000518476124853, -0.000132623681566], [0.000187734825886, 0.000317307771184, 0.00016258355754, 0.00372790056281, -0.000814389553852, 6.4242798544e-05, 0.00133717164863, -0.000961206911597, 5.06074138684e-05, 0.00052591226995, -7.36381434763e-06, -0.000507755379658, -0.000470608705655], [0.000253737147432, -0.000478131638374, -0.000110050066723, -0.000814389553852, 0.00631652073935, -3.56009659299e-05, 0.000327616842696, 0.000289601826807, -0.00163081206847, 7.01141379977e-06, -0.000132827713969, -0.000645667780191, -0.000407250685384], [3.77302349079e-05, 0.000130135245854, -0.000845418544486, 6.4242798544e-05, -3.56009659299e-05, 0.0061384094879, -0.00039167740033, -0.00119227590039, 0.00116365018766, -7.7773576777e-05, -0.00146065535955, 0.00142175203655, -0.000961665704381], [-5.49603792024e-05, -2.63429556071e-05, 0.00024124509946, 0.00133717164863, 0.000327616842696, -0.00039167740033, 0.00512100756168, -0.00100321753416, 0.000764002848882, -0.000924625433981, 0.000635385513306, -0.00070164562203, 0.00108186260331], [-5.24877686985e-05, 0.000179166032467, 0.000133785972139, -0.000961206911597, 0.000289601826807, -0.00119227590039, -0.00100321753416, 0.00860753003508, -0.00282902666368, 0.00016857002629, -0.000597870734055, 0.000836216146126, -0.00129665189888], [-0.000170946397702, -4.36330701632e-05, -0.000555101723876, 5.06074138684e-05, -0.00163081206847, 0.00116365018766, 0.000764002848882, -0.00282902666368, 0.00958852563053, -0.00206178426743, 0.0018601854099, 0.00169952993747, 0.000325314322254], [2.45741284743e-05, -0.000152338878252, 0.000385735766031, 0.00052591226995, 7.01141379977e-06, -7.7773576777e-05, -0.000924625433981, 0.00016857002629, -0.00206178426743, 0.0108966808766, -0.00290464237332, 7.68360623624e-05, 0.0016105431132], [3.80079145543e-05, -0.00104628095869, -0.000621236220468, -7.36381434763e-06, -0.000132827713969, -0.00146065535955, 0.000635385513306, -0.000597870734055, 0.0018601854099, -0.00290464237332, 0.0133131965995, -0.00431067543104, 0.00114900502376], [-0.000167068690644, 0.000102811049146, -0.000518476124853, -0.000507755379658, -0.000645667780191, 0.00142175203655, -0.00070164562203, 0.000836216146126, 0.00169952993747, 7.68360623624e-05, -0.00431067543104, 0.0115724829957, -0.002926297253], [-9.98305040412e-05, -0.000169183578691, -0.000132623681566, -0.000470608705655, -0.000407250685384, -0.000961665704381, 0.00108186260331, -0.00129665189888, 0.000325314322254, 0.0016105431132, 0.00114900502376, -0.002926297253, 0.0135506624356]], "cov": [[7884.25732422, -989.728637695, -685.672485352, -468.902740479, -468.699829102, -143.71572876, 279.148468018, 64.9399490356, 68.061340332, 5.24459075928, -171.348571777, -0.158373773098, -5.38823890686], [-989.728637695, 922.286254883, -94.0759658813, -9.4726266861, 106.796302795, -12.9789409637, -11.273683548, -35.0616989136, -19.6470317841, 38.2352638245, 86.1344909668, 15.6968622208, -5.17924165726], [-685.672485352, -94.0759658813, 520.478271484, 55.2117233276, 45.0589752197, 78.7719192505, -51.3640136719, 4.30947875977, 6.52996587753, -17.7099170685, 31.2379646301, 20.9459171295, 16.0658321381], [-468.902740479, -9.4726266861, 55.2117233276, 365.640960693, 77.5451660156, 5.93590927124, -114.002288818, 30.4351501465, 12.3917417526, -29.6084079742, 5.45802640915, 14.3884525299, 30.2980079651], [-468.699829102, 106.796302795, 45.0589752197, 77.5451660156, 207.886581421, 2.15888023376, -46.6280670166, 1.95166134834, 28.746339798, 0.774147689342, 15.009513855, 10.3443231583, 11.5040121078], [-143.71572876, -12.9789409637, 78.7719192505, 5.93590927124, 2.15888023376, 193.14012146, 8.72028827667, 24.8716945648, -17.9868755341, 0.035524956882, 23.7025737762, -8.59913158417, 11.77247715], [279.148468018, -11.273683548, -51.3640136719, -114.002288818, -46.6280670166, 8.72028827667, 249.522583008, 12.0890855789, -15.6036052704, 27.0879096985, -4.24953317642, 1.82254123688, -24.1843242645], [64.9399490356, -35.0616989136, 4.30947875977, 30.4351501465, 1.95166134834, 24.8716945648, 12.0890855789, 142.447113037, 43.2958564758, 1.79363536835, -5.77322912216, -15.328125, 11.5558700562], [68.061340332, -19.6470317841, 6.52996587753, 12.3917417526, 28.746339798, -17.9868755341, -15.6036052704, 43.2958564758, 140.864120483, 17.2214813232, -25.5930423737, -29.5943260193, -3.92289066315], [5.24459075928, 38.2352638245, -17.7099170685, -29.6084079742, 0.774147689342, 0.035524956882, 27.0879096985, 1.79363536835, 17.2214813232, 108.919433594, 23.9597301483, 0.323171049356, -17.9715652466], [-171.348571777, 86.1344909668, 31.2379646301, 5.45802640915, 15.009513855, 23.7025737762, -4.24953317642, -5.77322912216, -25.5930423737, 23.9597301483, 108.438064575, 40.3543357849, -0.485079616308], [-0.158373773098, 15.6968622208, 20.9459171295, 14.3884525299, 10.3443231583, -8.59913158417, 1.82254123688, -15.328125, -29.5943260193, 0.323171049356, 40.3543357849, 115.418830872, 21.1631584167], [-5.38823890686, -5.17924165726, 16.0658321381, 30.2980079651, 11.5040121078, 11.77247715, -24.1843242645, 11.5558700562, -3.92289066315, -17.9715652466, -0.485079616308, 21.1631584167, 85.9615936279]]}, "spectral_contrast_valleys": {"min": [-27.3690700531, -27.1865882874, -27.226934433, -27.3040733337, -27.3556461334, -27.2175579071], "max": [-5.42171144485, -4.97454500198, -5.48611974716, -6.40423059464, -6.16076898575, -7.67872571945], "dvar2": [0.303623378277, 0.229962691665, 0.216829642653, 0.219206914306, 0.25844052434, 0.276929497719], "median": [-7.38653755188, -6.71252584457, -7.4092130661, -8.10351753235, -7.94421815872, -9.96475124359], "dmean2": [0.587380111217, 0.538966715336, 0.514048397541, 0.492938965559, 0.462778627872, 0.432237297297], "dmean": [0.356660276651, 0.335278660059, 0.329699158669, 0.319147706032, 0.316573113203, 0.327881664038], "var": [0.723829865456, 0.940312743187, 1.14760053158, 1.18393397331, 1.56404173374, 2.00630497932], "dvar": [0.135757252574, 0.108000330627, 0.108838774264, 0.109134301543, 0.134936586022, 0.152196407318], "mean": [-7.48442173004, -6.83134078979, -7.5306429863, -8.26000976563, -8.17232227325, -10.268330574]}, "barkbands_flatness_db": {"min": 0.0288291499019, "max": 0.367148071527, "dvar2": 0.000842692388687, "median": 0.131013289094, "dmean2": 0.0298617575318, "dmean": 0.0204318724573, "var": 0.00359142338857, "dvar": 0.00041016729665, "mean": 0.140084117651}, "dynamic_complexity": 4.1116976738, "spectral_skewness": {"min": -0.179432630539, "max": 7.68740081787, "dvar2": 0.234381720424, "median": 1.87851715088, "dmean2": 0.394916892052, "dmean": 0.253785818815, "var": 0.794607281685, "dvar": 0.0884910747409, "mean": 1.99709284306}, "erbbands_flatness_db": {"min": 0.0521951876581, "max": 0.342748641968, "dvar2": 0.000843222893309, "median": 0.170477554202, "dmean2": 0.0293106231838, "dmean": 0.0210303291678, "var": 0.00317326560616, "dvar": 0.000439996249042, "mean": 0.174444422126}, "hfc": {"min": 1.17251343052e-16, "max": 458.499633789, "dvar2": 247.741668701, "me