{"lowlevel": {"spectral_complexity": {"min": 0, "max": 33, "dvar2": 13.1267127991, "median": 11, "dmean2": 3.95473027229, "dmean": 2.71700119972, "var": 30.0231285095, "dvar": 6.58402490616, "mean": 11.642326355}, "silence_rate_20dB": {"min": 1, "max": 1, "dvar2": 0, "median": 1, "dmean2": 0, "dmean": 0, "var": 0, "dvar": 0, "mean": 1}, "average_loudness": 0.801520943642, "erbbands_spread": {"min": 1.38434970379, "max": 117.567558289, "dvar2": 48.7477912903, "median": 13.1049184799, "dmean2": 7.30951881409, "dmean": 4.65403652191, "var": 77.1811981201, "dvar": 20.6421127319, "mean": 14.8920812607}, "spectral_kurtosis": {"min": -1.2752494812, "max": 205.453781128, "dvar2": 609.590820312, "median": 28.5495414734, "dmean2": 21.5882415771, "dmean": 13.5641698837, "var": 445.874908447, "dvar": 238.596740723, "mean": 34.4893951416}, "barkbands_kurtosis": {"min": -1.84950518608, "max": 183.182525635, "dvar2": 139.652587891, "median": 8.35620498657, "dmean2": 9.24625110626, "dmean": 5.92585754395, "var": 159.280532837, "dvar": 63.5880622864, "mean": 11.8882627487}, "spectral_strongpeak": {"min": 0, "max": 61.9562339783, "dvar2": 26.8862037659, "median": 0.672289133072, "dmean2": 1.6782078743, "dmean": 0.967724382877, "var": 7.96612787247, "dvar": 9.90636348724, "mean": 1.24422121048}, "spectral_spread": {"min": 857694.875, "max": 43443072, "dvar2": 887173414912, "median": 2940649.25, "dmean2": 947209.6875, "dmean": 590949, "var": 17700017406000.0, "dvar": 385924988928, "mean": 3449884.5}, "spectral_rms": {"min": 3.13513798256e-12, "max": 0.0173045545816, "dvar2": 2.50440575655e-06, "median": 0.00352075463161, "dmean2": 0.00134400674142, "dmean": 0.00102648150641, "var": 5.3319977269e-06, "dvar": 1.33945059133e-06, "mean": 0.00401326827705}, "erbbands": {"min": [1.23815051223e-22, 7.32715364812e-22, 1.0112468781e-21, 2.51679879568e-21, 1.0247951918e-20, 1.32155536462e-20, 3.53087472841e-20, 2.63671607381e-20, 9.96110474552e-20, 1.82611313009e-19, 2.12098311443e-19, 3.18513132694e-19, 3.24680513793e-19, 3.67011197297e-19, 1.02043905836e-18, 1.22932129159e-18, 1.15135889847e-18, 1.88537891492e-18, 2.41929132669e-18, 2.92183622245e-18, 3.64226566143e-18, 4.74556702067e-18, 5.07576676785e-18, 6.15194983789e-18, 6.80752438774e-18, 7.88119406949e-18, 9.27178559523e-18, 9.37385141101e-18, 1.0695100386e-17, 1.21070232454e-17, 1.05127765441e-17, 1.09772285319e-17, 9.36763432153e-18, 6.71447690859e-18, 6.11256528739e-18, 4.15793749992e-18, 1.98223018412e-18, 8.40868228643e-19, 2.4752511291e-19, 2.4504884758e-20], "max": [3.94551277161, 28.7511901855, 35.2111320496, 92.0356445312, 280.329772949, 529.979370117, 1512.5480957, 1410.47363281, 2784.17675781, 662.807617188, 2592.05249023, 1540.49963379, 2974.09912109, 3866.97851562, 1375.99707031, 934.271240234, 441.028259277, 907.749389648, 304.433990479, 330.043792725, 290.992858887, 49.1741485596, 27.520866394, 26.7533359528, 50.7027053833, 30.7165775299, 24.5804195404, 18.1640434265, 20.1875972748, 4.44370031357, 2.195789814, 1.10855352879, 0.801002919674, 0.554701387882, 0.353720366955, 0.202249377966, 0.124019056559, 0.135522097349, 0.191639438272, 0.100855745375], "dvar2": [0.0487643443048, 2.07993245125, 4.85035181046, 34.0249443054, 229.729415894, 727.826538086, 3357.43701172, 6107.20068359, 5865.8359375, 2698.68847656, 27915.2441406, 10895.7871094, 15218.2138672, 26056.9941406, 9067.12597656, 1989.16699219, 1363.05664062, 3034.58251953, 821.632995605, 433.481170654, 572.065551758, 29.2394237518, 13.0997238159, 4.73436069489, 6.3492102623, 4.41664552689, 5.42851448059, 0.939044177532, 0.561588287354, 0.154400765896, 0.0761065930128, 0.0131920371205, 0.00350251235068, 0.00162392400671, 0.000637803401332, 0.000200123467948, 0.000191607396118, 0.000145183119457, 0.000128985382617, 0.00014565839956], "median": [0.0118099162355, 0.0675170272589, 0.193758696318, 0.590002596378, 1.10871326923, 1.47891378403, 8.4342212677, 11.9984083176, 9.15633869171, 7.97131586075, 17.0459747314, 13.3976106644, 13.209066391, 8.63506698608, 6.40308856964, 4.59049034119, 3.44522166252, 2.62434315681, 1.96494340897, 1.29783797264, 0.910747945309, 0.526812791824, 0.243124306202, 0.226466417313, 0.287317961454, 0.283402681351, 0.213583409786, 0.129538089037, 0.0613131932914, 0.0357861593366, 0.0208703577518, 0.00847623683512, 0.00368073908612, 0.00239670393057, 0.0016280063428, 0.00110869552009, 0.00123759754933, 0.00178684666753, 0.00268892804161, 0.00403988640755], "dmean2": [0.0909253284335, 0.461610138416, 0.951654791832, 2.78647637367, 6.00490140915, 6.54514026642, 26.5605239868, 33.5650100708, 32.0670280457, 24.4605331421, 78.0673675537, 49.6096878052, 41.8411140442, 51.3848419189, 30.7790088654, 17.0475845337, 17.7852725983, 21.1292819977, 14.8904647827, 9.89996433258, 11.3183546066, 2.85639095306, 1.81765544415, 1.16750347614, 1.2703357935, 1.15957558155, 1.07810878754, 0.553848981857, 0.309406936169, 0.184831872582, 0.139105275273, 0.0599533319473, 0.0260487310588, 0.0176552683115, 0.0111758457497, 0.00642416998744, 0.00704029481858, 0.00617794692516, 0.00640403293073, 0.00722443498671], "dmean": [0.0563538335264, 0.28491550684, 0.567640900612, 1.66171061993, 3.60268235207, 4.02072095871, 21.0545654297, 21.5731525421, 20.517665863, 15.7121515274, 48.4563751221, 31.6117973328, 26.3048477173, 32.2035064697, 19.8485660553, 10.9725837708, 11.270740509, 13.2059497833, 9.18841362, 6.39782810211, 7.3645234108, 1.79663217068, 1.09739398956, 0.722339868546, 0.83647787571, 0.762729525566, 0.686035275459, 0.354754328728, 0.190550252795, 0.111221887171, 0.0838131308556, 0.0359732732177, 0.015845078975, 0.0107375979424, 0.00681825121865, 0.00394703680649, 0.00424829404801, 0.00389045872726, 0.00439290469512, 0.00484045129269], "var": [0.0317555777729, 1.12717616558, 2.23330450058, 18.0663280487, 96.0073699951, 188.41104126, 6378.78076172, 3746.54272461, 5005.65576172, 1719.25744629, 12996.0820312, 5374.92529297, 10560.4248047, 13673.8232422, 5507.12890625, 1038.00427246, 679.392578125, 1741.58154297, 515.556213379, 349.921569824, 491.263122559, 15.8814067841, 4.47071695328, 1.96280944347, 5.97860479355, 3.17179250717, 2.57173013687, 0.792814671993, 0.35816976428, 0.0599108077586, 0.0287164021283, 0.00528262229636, 0.00147603242658, 0.000683261838276, 0.000272118864814, 8.82330714376e-05, 7.09479136276e-05, 6.89459120622e-05, 8.85168992681e-05, 8.14994273242e-05], "dvar": [0.0222505554557, 0.904158711433, 2.0073056221, 13.6867198944, 86.2002792358, 260.736724854, 1875.00305176, 2584.62109375, 2826.86035156, 1058.29577637, 11617.0517578, 4533.55957031, 6264.71240234, 10330.5703125, 3802.38378906, 762.35144043, 560.425354004, 1204.19152832, 319.823944092, 178.174880981, 241.284835815, 11.5985307693, 5.08519363403, 1.87975907326, 2.87179613113, 1.86017155647, 2.15221810341, 0.40141454339, 0.218463748693, 0.0584535971284, 0.0294832512736, 0.00529010267928, 0.00143552443478, 0.000665681727696, 0.000262402725639, 8.301831258e-05, 7.52560299588e-05, 5.66561211599e-05, 5.75962621951e-05, 6.33578747511e-05], "mean": [0.0651937350631, 0.326652139425, 0.620045244694, 1.83714127541, 3.96099662781, 4.87148714066, 41.0971374512, 30.8345146179, 27.152053833, 21.50349617, 52.9841194153, 38.3467636108, 35.7117347717, 40.5384635925, 26.5817298889, 14.6312294006, 12.7675619125, 16.6817264557, 12.011797905, 9.40864276886, 10.9588880539, 2.30398535728, 1.01678442955, 0.767433583736, 1.20637285709, 1.05293083191, 0.844249784946, 0.500039041042, 0.230955407023, 0.119763933122, 0.0844579488039, 0.0344189703465, 0.0151080973446, 0.0101946108043, 0.00657414179295, 0.00395155046135, 0.00426254887134, 0.0048338137567, 0.00637544924393, 0.00712984846905]}, "zerocrossingrate": {"min": 0.052734375, "max": 0.72705078125, "dvar2": 0.00120773783419, "median": 0.24267578125, "dmean2": 0.0436535961926, "dmean": 0.03568925336, "var": 0.00715720793232, "dvar": 0.000849177886266, "mean": 0.248045101762}, "spectral_contrast_coeffs": {"min": [-0.979791104794, -0.995426595211, -0.995566785336, -0.985601365566, -0.986573934555, -0.964293241501], "max": [-0.349522352219, -0.428228646517, -0.490268468857, -0.548083424568, -0.587494015694, -0.487255960703], "dvar2": [0.00515897618607, 0.00492961425334, 0.00317357270978, 0.00235930993222, 0.00176465371624, 0.00491468096152], "median": [-0.672249913216, -0.72530156374, -0.761777818203, -0.807983517647, -0.837164759636, -0.801347851753], "dmean2": [0.0896326825023, 0.0855922847986, 0.0719635039568, 0.0598287694156, 0.052039604634, 0.0742681547999], "dmean": [0.055213496089, 0.0523578301072, 0.0443885214627, 0.0378293804824, 0.0334271416068, 0.0471491217613], "var": [0.00818658433855, 0.00582975987345, 0.00380521081388, 0.00328011089005, 0.00289306719787, 0.00548021541908], "dvar": [0.0020848873537, 0.00187562149949, 0.00121600250714, 0.000996359623969, 0.000729809340555, 0.00200194306672], "mean": [-0.669832527637, -0.721913039684, -0.759213209152, -0.803184390068, -0.834480404854, -0.789318323135]}, "dissonance": {"min": 0.0986079052091, "max": 0.500000119209, "dvar2": 0.00418020877987, "median": 0.422300517559, "dmean2": 0.0765586718917, "dmean": 0.0455153100193, "var": 0.00310189649463, "dvar": 0.00149933248758, "mean": 0.412324339151}, "spectral_energyband_high": {"min": 6.76250321852e-21, "max": 0.00141051865648, "dvar2": 3.42951338439e-08, "median": 4.93618426844e-05, "dmean2": 0.000116815164802, "dmean": 7.77599852881e-05, "var": 2.31833254816e-08, "dvar": 1.47301735254e-08, "mean": 0.000112138877739}, "gfcc": {"mean": [-96.4745178223, 130.036224365, -86.6393508911, -35.7832069397, -35.45570755, -27.7601127625, -2.41932916641, -20.5079421997, -0.390796840191, -6.29090309143, -5.19576454163, -7.92395305634, 2.19790506363], "icov": [[0.000180926886969, -0.000738885835744, 0.00112199143041, -0.000690605549607, 0.000645717140287, -0.000372876966139, 0.000320525316056, -0.000488800113089, 0.000586155860219, -0.000464082928374, 0.000101872923551, -0.000320348568494, 0.000450124207418], [-0.000738885835744, 0.00535519886762, -0.0056760427542, 0.0035895195324, -0.0025648821611, 0.00175699556712, -0.00210813782178, 0.00371725298464, -0.00500777782872, 0.00491841137409, -0.00298785208724, 0.00383670674637, -0.00443374644965], [0.00112199143041, -0.0056760427542, 0.0100297536701, -0.00624058814719, 0.005154769402, -0.00329821975902, 0.00281828362495, -0.00539466738701, 0.00459519540891, -0.00206721853465, -0.00035962407128, -0.00239594327286, 0.00348334410228], [-0.000690605549607, 0.0035895195324, -0.00624058814719, 0.00951557978988, -0.00616679154336, 0.00196897634305, -0.00123058480676, 0.00141106918454, -2.27493437706e-05, -0.00279614888132, 0.0046386779286, -0.00397329730913, 0.00157168600708], [0.000645717140287, -0.0025648821611, 0.005154769402, -0.00616679154336, 0.0109787611291, -0.00494051352143, -0.000989174703136, 0.00196977076121, -0.00245143845677, 0.00251946807839, -0.00419877097011, 0.00328472792171, -0.00198324141093], [-0.000372876966139, 0.00175699556712, -0.00329821975902, 0.00196897634305, -0.00494051352143, 0.0100218113512, 7.11847242201e-05, -0.0042145694606, 0.00178126059473, -0.00446437532082, 0.00391913298517, -0.00235692621209, 0.00175037281588], [0.000320525316056, -0.00210813782178, 0.00281828362495, -0.00123058480676, -0.000989174703136, 7.11847242201e-05, 0.00781101174653, -0.00251446058974, -0.000561689841561, -0.00149046361912, -0.00120942934882, -0.000723919074517, 0.00295606791042], [-0.000488800113089, 0.00371725298464, -0.00539466738701, 0.00141106918454, 0.00196977076121, -0.0042145694606, -0.00251446058974, 0.0130218267441, -0.00850423239172, 0.00718715367839, -0.00829124171287, 0.00802105292678, -0.00636017834768], [0.000586155860219, -0.00500777782872, 0.00459519540891, -2.27493437706e-05, -0.00245143845677, 0.00178126059473, -0.000561689841561, -0.00850423239172, 0.0210946630687, -0.0148171968758, 0.0132248513401, -0.0120362211019, 0.00893369689584], [-0.000464082928374, 0.00491841137409, -0.00206721853465, -0.00279614888132, 0.00251946807839, -0.00446437532082, -0.00149046361912, 0.00718715367839, -0.0148171968758, 0.0295890439302, -0.0143785513937, 0.0132799474522, -0.0142006119713], [0.000101872923551, -0.00298785208724, -0.00035962407128, 0.0046386779286, -0.00419877097011, 0.00391913298517, -0.00120942934882, -0.00829124171287, 0.0132248513401, -0.0143785513937, 0.0247088056058, -0.0164616256952, 0.00962805654854], [-0.000320348568494, 0.00383670674637, -0.00239594327286, -0.00397329730913, 0.00328472792171, -0.00235692621209, -0.000723919074517, 0.00802105292678, -0.0120362211019, 0.0132799474522, -0.0164616256952, 0.0263878647238, -0.0123153431341], [0.000450124207418, -0.00443374644965, 0.00348334410228, 0.00157168600708, -0.00198324141093, 0.00175037281588, 0.00295606791042, -0.00636017834768, 0.00893369689584, -0.0142006119713, 0.00962805654854, -0.0123153431341, 0.0170317497104]], "cov": [[22305.7695312, 1157.3527832, -2493.15380859, -335.559295654, -171.571563721, -420.965393066, -53.0668716431, -635.859619141, 17.3620166779, 87.2528839111, -167.468017578, -65.0853118896, 158.938262939], [1157.3527832, 889.259643555, 140.423324585, -210.136322021, -22.9420089722, -116.183944702, 80.2476272583, -6.92886543274, 28.8136100769, -60.938079834, 72.0919342041, -18.6004295349, 64.20703125], [-2493.15380859, 140.423324585, 872.142272949, 136.360153198, -109.794075012, 177.319580078, -50.9622879028, 289.333374023, -57.9770622253, -34.5519752502, 108.065979004, 28.0219612122, -41.850982666], [-335.559295654, -210.136322021, 136.360153198, 343.945526123, 110.69682312, 103.284049988, 1.20091581345, 19.2642745972, 22.4523963928, 37.2436714172, -30.1593589783, 37.7506446838, -32.5801010132], [-171.571563721, -22.9420089722, -109.794075012, 110.69682312, 247.451751709, 49.3262023926, 76.2030944824, -51.3199996948, 61.3880004883, 30.3976917267, -19.9493026733, 3.88400149345, 9.38721466064], [-420.965393066, -116.183944702, 177.319580078, 103.284049988, 49.3262023926, 237.297119141, -0.562240958214, 134.333221436, 13.8655166626, 37.68724823, 9.05307102203, 6.01966619492, -9.91346073151], [-53.0668716431, 80.2476272583, -50.9622879028, 1.20091581345, 76.2030944824, -0.562240958214, 201.58215332, 14.940155983, 53.5416679382, 10.2954826355, 20.2599506378, -3.33852529526, -21.2392196655], [-635.859619141, -6.92886543274, 289.333374023, 19.2642745972, -51.3199996948, 134.333221436, 14.940155983, 268.930633545, 12.0503330231, 8.63303470612, 61.5801391602, -2.68367934227, -3.77340912819], [17.3620166779, 28.8136100769, -57.9770622253, 22.4523963928, 61.3880004883, 13.8655166626, 53.5416679382, 12.0503330231, 125.804115295, 38.4840927124, -28.2069225311, 8.85575580597, 6.20554924011], [87.2528839111, -60.938079834, -34.5519752502, 37.2436714172, 30.3976917267, 37.68724823, 10.2954826355, 8.63303470612, 38.4840927124, 86.0610656738, 5.18286848068, 5.33697748184, 39.0620765686], [-167.468017578, 72.0919342041, 108.065979004, -30.1593589783, -19.9493026733, 9.05307102203, 20.2599506378, 61.5801391602, -28.2069225311, 5.18286848068, 114.89490509, 33.3214836121, -1.63858497143], [-65.0853118896, -18.6004295349, 28.0219612122, 37.7506446838, 3.88400149345, 6.01966619492, -3.33852529526, -2.68367934227, 8.85575580597, 5.33697748184, 33.3214836121, 84.5889434814, 29.2069549561], [158.938262939, 64.20703125, -41.850982666, -32.5801010132, 9.38721466064, -9.91346073151, -21.2392196655, -3.77340912819, 6.20554924011, 39.0620765686, -1.63858497143, 29.2069549561, 138.54208374]]}, "spectral_flux": {"min": 6.40892408588e-11, "max": 0.448995351791, "dvar2": 0.00208521378227, "median": 0.0663647502661, "dmean2": 0.0400799997151, "dmean": 0.0265847928822, "var": 0.00269784755073, "dvar": 0.00101216579787, "mean": 0.079662039876}, "silence_rate_30dB": {"min": 0, "max": 1, "dvar2": 0.0365418381989, "median": 1, "dmean2": 0.0307692307979, "dmean": 0.015383255668, "var": 0.0146302273497, "dvar": 0.0151476757601, "mean": 0.985148489475}, "spectral_energyband_middle_high": {"min": 1.26601477072e-21, "max": 0.107752978802, "dvar2": 4.32936612924e-05, "median": 0.00100883399136, "dmean2": 0.00284600467421, "dmean": 0.00190825143363, "var": 3.61792335752e-05, "dvar": 1.78204336407e-05, "mean": 0.00313225667924}, "barkbands_spread": {"min": 0.581766664982, "max": 132.412063599, "dvar2": 48.9306144714, "median": 10.4710636139, "dmean2": 6.47798013687, "dmean": 4.1407995224, "var": 63.0081977844, "dvar": 19.6219768524, "mean": 12.0779771805}, "spectral_centroid": {"min": 149.560791016, "max": 11734.1982422, "dvar2": 77511.125, "median": 587.368896484, "dmean2": 184.68951416, "dmean": 121.326560974, "var": 1357889.25, "dvar": 33026.9375, "mean": 774.318481445}, "pitch_salience": {"min": 0.170817062259, "max": 0.995117604733, "dvar2": 0.0104239182547, "median": 0.621437311172, "dmean2": 0.126438573003, "dmean": 0.0783845633268, "var": 0.011803672649, "dvar": 0.00414772005752, "mean": 0.609579324722}, "erbbands_skewness": {"min": -1.87096726894, "max": 5.76669597626, "dvar2": 0.421434551477, "median": 0.745327830315, "dmean2": 0.766602694988, "dmean": 0.490207910538, "var": 0.569377958775, "dvar": 0.167213246226, "mean": 0.770311653614}, "erbbands_crest": {"min": 2.61748957634, "max": 30.4806232452, "dvar2": 22.3513202667, "median": 10.6252574921, "dmean2": 5.62843465805, "dmean": 3.48935008049, "var": 22.1340770721, "dvar": 9.03273868561, "mean": 11.5226173401}, "melbands": {"min": [1.44604820498e-24, 6.1730638739e-25, 9.02046963725e-25, 6.19034683026e-25, 1.40967708269e-24, 3.31718204665e-25, 1.63269634364e-24, 2.0427971237e-24, 1.52079938246e-24, 2.37721971611e-24, 1.28465436352e-24, 1.22459414268e-24, 2.58969170954e-24, 2.43640479438e-24, 2.09550861217e-24, 3.51510029593e-24, 2.07828186215e-24, 2.56355457838e-24, 3.30624424368e-24, 4.00235364468e-24, 3.43284498048e-24, 3.90627038642e-24, 4.15282807349e-24, 4.83765479139e-24, 3.26098906848e-24, 3.85200937792e-24, 3.12445243136e-24, 4.44188603625e-24, 4.3295360717e-24, 5.00308483967e-24, 3.71280185498e-24, 4.69216911894e-24, 4.3634515686e-24, 6.06072761581e-24, 5.0264252617e-24, 5.40175818066e-24, 5.5810635034e-24, 5.74106106106e-24, 5.48377092138e-24, 5.38089320415e-24], "max": [0.0328467227519, 0.0259725060314, 0.0208440087736, 0.0230412967503, 0.0387290641665, 0.0303837005049, 0.036816496402, 0.0113543812186, 0.0171513967216, 0.00929398834705, 0.0143708204851, 0.0154793653637, 0.00852624326944, 0.00306362565607, 0.00251029175706, 0.0016047618119, 0.00183672294952, 0.000575056765229, 0.000304154818878, 0.000910837145057, 0.000352305592969, 6.67886051815e-05, 3.22184750985e-05, 2.00973190658e-05, 2.22215949179e-05, 2.72874949587e-05, 4.09984932048e-05, 2.04052666959e-05, 2.01601833396e-05, 1.52707016241e-05, 1.51780977831e-05, 1.43197748912e-05, 5.42814359505e-06, 2.16173816625e-06, 1.53456289809e-06, 1.42344947562e-06, 6.36332003978e-07, 5.67697099996e-07, 5.06880326157e-07, 4.54143957995e-07], "dvar2": [3.35893491865e-06, 1.5990170823e-06, 1.55147483838e-06, 1.8301794853e-06, 3.05051344185e-06, 2.90359116661e-06, 1.28817328005e-06, 2.68634209988e-07, 2.46414288085e-06, 3.66745808833e-07, 3.85576271356e-07, 4.18721811002e-07, 2.29441852184e-07, 1.87300965848e-08, 7.64739471748e-09, 8.98503405011e-09, 1.25448353927e-08, 3.02544522768e-09, 5.79601366901e-10, 1.96059013469e-09, 6.91038504197e-10, 4.91618482035e-11, 1.40619156944e-11, 6.83314819658e-12, 3.23763043285e-12, 2.7337947444e-12, 4.35143717933e-12, 2.07389118899e-12, 3.04727272062e-12, 8.45645656364e-13, 2.93546030582e-13, 2.09487890359e-13, 1.32601340932e-13, 3.5794636569e-14, 2.96594752881e-14, 1.93236726398e-14, 2.71499216474e-15, 1.77676002708e-15, 1.37864988319e-15, 1.08267846609e-15], "median": [0.000108980282675, 0.000107853033114, 0.000131083710585, 6.62062884658e-05, 0.000241801404627, 0.000290437892545, 0.000140777759952, 8.73014796525e-05, 0.000140325340908, 7.95466330601e-05, 5.84260051255e-05, 3.15465440508e-05, 2.2421218091e-05, 1.3025066437e-05, 8.93400829227e-06, 6.4309751906e-06, 3.96707764594e-06, 3.10569748763e-06, 1.79369578746e-06, 1.48112826537e-06, 8.98404891814e-07, 4.83898134007e-07, 1.87349229464e-07, 1.52228665229e-07, 1.60350609235e-07, 1.90272373857e-07, 2.01190516691e-07, 1.6855051399e-07, 1.27041758446e-07, 9.37333624051e-08, 6.09851582567e-08, 3.18439816738e-08, 2.10110968624e-08, 1.66623213005e-08, 1.23028343069e-08, 7.33766825078e-09, 3.61216256906e-09, 2.31449726051e-09, 2.11107242798e-09, 1.95080529508e-09], "dmean2": [0.000716932467185, 0.000497536500916, 0.000582673237659, 0.000412330118706, 0.000752965395804, 0.000761889386922, 0.000502181006595, 0.000259479827946, 0.000706604390871, 0.000288297596853, 0.00020361407951, 0.00020542240236, 0.000131832275656, 5.28182063135e-05, 3.52222959918e-05, 4.16893817601e-05, 4.09719577874e-05, 2.7363499612e-05, 1.27273733597e-05, 1.81374107342e-05, 1.2185218111e-05, 3.39688835993e-06, 1.79683286206e-06, 1.35039636007e-06, 9.28783038034e-07, 8.3064617229e-07, 1.03468516954e-06, 7.57251200412e-07, 7.53960705424e-07, 4.91436537686e-07, 2.84079135326e-07, 1.82264003001e-07, 1.4448941954e-07, 9.21309180058e-08, 8.49803427627e-08, 6.61187158357e-08, 2.59527421775e-08, 1.83595343373e-08, 1.62122084646e-08, 1.44289602488e-08], "dmean": [0.000445604440756, 0.000304186833091, 0.000350972404703, 0.000246742245508, 0.000579955463763, 0.000503175833728, 0.000320307735819, 0.000166399462614, 0.000436381262261, 0.000183704672963, 0.000127617968246, 0.000127850129502, 8.39780404931e-05, 3.44584550476e-05, 2.22575308726e-05, 2.6020077712e-05, 2.53536181845e-05, 1.68173919519e-05, 7.85757129051e-06, 1.18094367281e-05, 7.85392785474e-06, 2.08720916817e-06, 1.07548430606e-06, 8.06419109267e-07, 5.7334733583e-07, 5.38060589861e-07, 6.81648259615e-07, 4.92002982355e-07, 4.77419234812e-07, 3.13450811973e-07, 1.7956401166e-07, 1.12428544696e-07, 8.61395221818e-08, 5.53510126622e-08, 5.11196915909e-08, 3.9208607916e-08, 1.57012820523e-08, 1.11300169081e-08, 9.84268488935e-09, 8.77532979615e-09], "var": [2.27074406212e-06, 8.86550822088e-07, 9.02040824258e-07, 5.19321190495e-07, 4.53432994618e-06, 2.06782715395e-06, 1.07702487639e-06, 2.00859716415e-07, 1.05037941012e-06, 1.91046922282e-07, 2.62514362248e-07, 2.19606960172e-07, 1.21978018797e-07, 1.18028262719e-08, 3.25863691586e-09, 4.20720036587e-09, 7.05326197448e-09, 1.85172654987e-09, 3.50007162142e-10, 1.45279432928e-09, 5.43833977851e-10, 2.28849890427e-11, 4.64001363373e-12, 2.2860897203e-12, 1.28040677019e-12, 2.37552750908e-12, 3.72189215211e-12, 1.26987580607e-12, 1.26938715615e-12, 6.41186431206e-13, 2.38081093468e-13, 1.53700538625e-13, 5.8582391054e-14, 1.32379323432e-14, 1.11793780071e-14, 6.45831112656e-15, 1.15309602077e-15, 7.39686185448e-16, 5.76514446703e-16, 4.55717860485e-16], "dvar": [1.56029670961e-06, 6.98416442901e-07, 6.22166112407e-07, 6.66539676786e-07, 1.5367601236e-06, 1.26440670556e-06, 6.05152138178e-07, 1.08965082291e-07, 1.0117845477e-06, 1.54210425762e-07, 1.57935559741e-07, 1.6441069306e-07, 9.4609788448e-08, 8.03601096777e-09, 2.68995559161e-09, 3.64475849501e-09, 4.95986585136e-09, 1.17899690011e-09, 2.27090415916e-10, 8.09143196889e-10, 2.8848015643e-10, 1.9246543595e-11, 5.44816101955e-12, 2.62570455829e-12, 1.28232223017e-12, 1.18794741839e-12, 1.94179091209e-12, 8.49680189489e-13, 1.19483568005e-12, 3.58596155157e-13, 1.2192295242e-13, 8.26730787236e-14, 5.0026104678e-14, 1.37050769428e-14, 1.14008635703e-14, 7.44157407678e-15, 1.10833551758e-15, 7.26580203474e-16, 5.64327336658e-16, 4.43907653632e-16], "mean": [0.000538511376362, 0.0003597640316, 0.000404409162002, 0.000251770950854, 0.0011061684927, 0.000770437822212, 0.000424333644332, 0.000229130178923, 0.000463788805064, 0.000226036980166, 0.000168178536114, 0.000157700080308, 0.000105167273432, 4.6231696615e-05, 2.77128856396e-05, 2.791933548e-05, 3.14250719384e-05, 2.11979222513e-05, 1.00923170976e-05, 1.68813257915e-05, 1.12598017949e-05, 2.42348960455e-06, 9.5914015219e-07, 7.27754752461e-07, 5.822509479e-07, 7.41930477943e-07, 9.55978180173e-07, 6.42541181151e-07, 5.51178345631e-07, 4.20095176423e-07, 2.41674058543e-07, 1.34593250323e-07, 9.01246508533e-08, 5.77922634193e-08, 5.20175298391e-08, 3.56550806657e-08, 1.48717074211e-08, 1.04019903802e-08, 9.25802723373e-09, 8.32227797787e-09]}, "spectral_entropy": {"min": 4.88268852234, "max": 9.82219982147, "dvar2": 0.159905970097, "median": 6.81812524796, "dmean2": 0.45327809453, "dmean": 0.301619291306, "var": 0.349404245615, "dvar": 0.0704813376069, "mean": 6.79494047165}, "spectral_rolloff": {"min": 86.1328125, "max": 21985.4003906, "dvar2": 150426960, "median": 2433.25195312, "dmean2": 9845.08789062, "dmean": 5061.84423828, "var": 98835464, "dvar": 67873032, "mean": 10720.6035156}, "barkbands": {"min": [3.59460297986e-25, 2.35088596137e-24, 8.33575316266e-25, 2.92997731341e-25, 2.44946280895e-24, 1.66919102126e-24, 9.87594215452e-24, 5.70790405392e-24, 1.82384309966e-23, 6.02723337063e-24, 1.5196668543e-23, 2.56128289563e-23, 2.85953589999e-23, 2.43733975233e-23, 4.14433693248e-23, 4.75985417347e-23, 6.33504594922e-23, 1.02641292464e-22, 9.72844536009e-23, 1.44625088307e-22, 2.22723908267e-22, 3.21222671237e-22, 3.40794423891e-22, 6.00346978783e-22, 8.35015856743e-22, 1.24965563832e-21, 1.80181182385e-21], "max": [0.0141082750633, 0.111317977309, 0.0287487786263, 0.0576791912317, 0.145657643676, 0.151848003268, 0.158091977239, 0.112565182149, 0.0592698566616, 0.0699250847101, 0.0836130604148, 0.024334512651, 0.012225410901, 0.0153025295585, 0.00423176353797, 0.00869783945382, 0.00147609179839, 0.000500799389556, 0.000693643698469, 0.000561919528991, 0.000450942461612, 0.000457544694655, 8.38558844407e-05, 4.9274880439e-05, 4.96470238431e-05, 5.69028052269e-05, 0.00206739781424], "dvar2": [1.13591886475e-06, 4.03100057156e-05, 4.72668671136e-06, 9.92924105958e-06, 5.34564715053e-05, 7.42355623515e-05, 2.4124086849e-05, 2.3188204068e-05, 2.8724416552e-05, 1.55622838065e-05, 1.97482659132e-05, 1.35054006023e-06, 6.47862179903e-07, 1.02633225652e-06, 1.68152922697e-07, 2.86321380827e-07, 1.13265299362e-08, 4.69677230441e-09, 1.53058132835e-09, 2.12850004289e-09, 1.39318423464e-09, 3.60371787966e-10, 9.34355162685e-11, 1.53801953812e-11, 1.27788248733e-11, 3.9958515663e-11, 8.20178698291e-08], "median": [5.80037594773e-05, 0.000355289521394, 0.000174498767592, 0.000232569203945, 0.000614828604739, 0.001795692835, 0.00056458770996, 0.000597524340264, 0.000601477571763, 0.000358832941856, 0.000179152673809, 0.000108412161353, 5.4910837207e-05, 4.03435406042e-05, 2.6867744964e-05, 1.90720838873e-05, 7.20763819118e-06, 3.60765989171e-06, 5.10370318807e-06, 6.06780940871e-06, 4.4558182708e-06, 1.49541290284e-06, 7.8441541973e-07, 2.78173729384e-07, 2.18230781002e-07, 6.35898686596e-07, 6.95710114087e-05], "dmean2": [0.000462954543764, 0.0023190130014, 0.000954137591179, 0.00140157539863, 0.00213034963235, 0.0043593943119, 0.00212865439244, 0.00242411694489, 0.00248896889389, 0.00131285737734, 0.00120216503274, 0.000450348918093, 0.000359556928743, 0.000424489961006, 0.00020547551685, 0.000245549163083, 5.13970226166e-05, 3.48206340277e-05, 2.13894963963e-05, 2.56799885392e-05, 1.98483357963e-05, 8.05815761851e-06, 4.9574005061e-06, 1.93888831745e-06, 1.57389467859e-06, 3.38402151101e-06, 0.000178702714038], "dmean": [0.000266724848188, 0.00143847463187, 0.000559684704058, 0.000831502838992, 0.00133384519722, 0.00310447253287, 0.00135143345688, 0.00151266925968, 0.00155721046031, 0.000818345637526, 0.000755913730245, 0.000287814007606, 0.000226088624913, 0.000263216235908, 0.000124321362819, 0.000160601703101, 3.1279574614e-05, 2.09733734664e-05, 1.37600545713e-05, 1.68494898389e-05, 1.2652994883e-05, 4.91770742883e-06, 2.98606119031e-06, 1.17541696909e-06, 9.58270334195e-07, 2.05921151064e-06, 0.000115879956866], "var": [4.12385503523e-07, 2.58506952378e-05, 1.71989802311e-06, 5.68948144064e-06, 1.62728829309e-05, 8.44939931994e-05, 1.84167856787e-05, 1.34736692416e-05, 1.32806944748e-05, 9.90306489257e-06, 1.00310353446e-05, 7.30528768145e-07, 2.99618790223e-07, 6.34156776869e-07, 8.20539511892e-08, 2.49813155051e-07, 5.3024380442e-09, 1.62058511055e-09, 1.27696642149e-09, 1.55768820065e-09, 8.62332816265e-10, 2.19961313053e-10, 3.56293883286e-11, 6.58657590275e-12, 5.40681952335e-12, 1.63066955772e-11, 4.59475835157e-08], "dvar": [4.24392680998e-07, 1.84965865628e-05, 1.81896484719e-06, 3.96221639676e-06, 1.94100066437e-05, 3.53149262082e-05, 1.07998430394e-05, 9.85399037745e-06, 1.19694568639e-05, 5.85039197176e-06, 8.07820742921e-06, 5.28189389115e-07, 2.64484526724e-07, 4.03090751888e-07, 6.41795949718e-08, 1.21328000091e-07, 4.49210801889e-09, 1.83033221912e-09, 6.75249745008e-10, 9.09592734466e-10, 5.69268632233e-10, 1.38404204764e-10, 3.63627461475e-11, 6.29119716392e-12, 5.24645084321e-12, 1.60582051129e-11, 3.47184716532e-08], "mean": [0.000269770418527, 0.00171676126774, 0.000564895628486, 0.000881440879311, 0.00176682299934, 0.00543694291264, 0.00177283014636, 0.00171885918826, 0.00178593595047, 0.00110030802898, 0.000906604283955, 0.00037596852053, 0.000237456333707, 0.0003459652944, 0.000146238671732, 0.000240429668338, 3.52201022906e-05, 1.88187113963e-05, 1.8362841729e-05, 2.3002128728e-05, 1.66598438227e-05, 5.74625028094e-06, 3.04576497001e-06, 1.11921838197e-06, 9.14468103019e-07, 2.11011274587e-06, 0.000153724569827]}, "melbands_flatness_db": {"min": 7.25274867364e-06, "max": 0.558796942234, "dvar2": 0.00253183930181, "median": 0.293174773455, "dmean2": 0.0598813332617, "dmean": 0.039574213326, "var": 0.00505609950051, "dvar": 0.00110538606532, "mean": 0.296567976475}, "melbands_skewness": {"min": -1.94958591461, "max": 7.83291578293, "dvar2": 0.718957960606, "median": 1.06074786186, "dmean2": 0.968614518642, "dmean": 0.606686234474, "var": 0.904856383801, "dvar": 0.286918252707, "mean": 1.18509292603}, "barkbands_skewness": {"min": -2.18279504776, "max": 9.55540370941, "dvar2": 0.95242112875, "median": 1.88920366764, "dmean2": 1.09027087688, "dmean": 0.697357594967, "var": 1.5010124445, "dvar": 0.398416548967, "mean": 2.01733469963}, "silence_rate_60dB": {"min": 0, "max": 1, "dvar2": 0.108165316284, "median": 0, "dmean2": 0.0997347459197, "dmean": 0.0498629659414, "var": 0.0937921404839, "dvar": 0.0473689623177, "mean": 0.104756012559}, "spectral_energyband_low": {"min": 1.62508249484e-23, "max": 0.123820602894, "dvar2": 5.13030317961e-05, "median": 0.000946718384512, "dmean2": 0.00336808152497, "dmean": 0.00211250898428, "var": 3.96894065489e-05, "dvar": 2.47204934567e-05, "mean": 0.00282311905175}, "spectral_energyband_middle_low": {"min": 1.40724089089e-22, "max": 0.238773360848, "dvar2": 0.000341423670761, "median": 0.00686786416918, "dmean2": 0.0104490248486, "dmean": 0.00745474081486, "var": 0.000338345300406, "dvar": 0.000155866306159, "mean": 0.0138316284865}, "melbands_kurtosis": {"min": -1.60344076157, "max": 86.9321594238, "dvar2": 41.1058235168, "median": 2.4396750927, "dmean2": 4.9445977211, "dmean": 3.04145503044, "var": 33.038356781, "dvar": 16.2343521118, "mean": 4.11331605911}, "spectral_decrease": {"min": -6.68353976607e-08, "max": 2.57751292532e-10, "dvar2": 2.58119824175e-17, "median": -2.26261720471e-09, "dmean2": 3.00641689321e-09, "dmean": 2.15243978197e-09, "var": 3.06809527915e-17, "dvar": 1.22687668336e-17, "mean": -4.25965041018e-09}, "erbbands_kurtosis": {"min": -1.67525541782, "max": 48.1689910889, "dvar2": 16.2305183411, "median": 1.87107658386, "dmean2": 3.38569426537, "dmean": 2.10116815567, "var": 12.9273948669, "dvar": 6.5058016777, "mean": 2.7294216156}, "melbands_crest": {"min": 1.04586815834, "max": 32.2409973145, "dvar2": 27.7532520294, "median": 12.3705806732, "dmean2": 6.17455530167, "dmean": 3.81457042694, "var": 28.3103752136, "dvar": 10.6662578583, "mean": 13.4028654099}, "melbands_spread": {"min": 0.683798730373, "max": 162.002975464, "dvar2": 40.1395454407, "median": 10.5167102814, "dmean2": 5.92425823212, "dmean": 3.82563686371, "var": 229.620758057, "dvar": 16.781627655, "mean": 13.4376630783}, "spectral_energy": {"min": 1.00748175228e-20, "max": 0.306933820248, "dvar2": 0.000611448427662, "median": 0.0127056064084, "dmean2": 0.0149675766006, "dmean": 0.0108569562435, "var": 0.000681840523612, "dvar": 0.000292576063657, "mean": 0.0219742394984}, "mfcc": {"mean": [-755.976379395, 197.864440918, -4.58138370514, 4.88693332672, -20.0888347626, 0.935082912445, -6.89380264282, -7.63570356369, 1.8419958353, 4.32873773575, -5.33413553238, -1.16232824326, 3.31474900246], "icov": [[0.000224017727305, -0.000206098891795, 0.000347169872839, -0.000239229892031, 8.05075105745e-05, -0.000201185568585, 0.000242358524702, -0.00016829672677, 0.000210880098166, -0.000269597920123, 0.000263353314949, -0.000222070113523, 0.000118916919746], [-0.000206098891795, 0.00105628650635, -0.000509846431669, 0.000276722712442, 0.000379861157853, 0.000363720813766, -0.000369531509932, 0.000291645264952, -0.000256598286796, 9.65003637248e-05, -0.00024287418637, 0.000383396400139, -0.000321463012369], [0.000347169872839, -0.000509846431669, 0.00292466999963, -0.000597875681706, -0.00141185510438, 0.00142227031756, -0.000405435974244, -0.000700389151461, -0.000470477330964, 0.000741113268305, -0.0012057517888, -4.85519194626e-06, 0.00113086320926], [-0.000239229892031, 0.000276722712442, -0.000597875681706, 0.00542268157005, -0.000348256522557, -0.00203779269941, 0.000295910052955, -0.00080131663708, 0.000849980977364, -0.000545065617189, 0.00145146460272, -0.00141944864299, 0.000611880503129], [8.05075105745e-05, 0.000379861157853, -0.00141185510438, -0.000348256522557, 0.00685282237828, -0.00213613570668, -1.62523356266e-05, -0.000758157402743, -0.000470691215014, -0.000112532812636, -0.000140617325087, 0.000466340366984, -7.82773131505e-05], [-0.000201185568585, 0.000363720813766, 0.00142227031756, -0.00203779269941, -0.00213613570668, 0.00750671559945, -0.000696370727383, 0.000825834227726, -0.0016921099741, 0.000190610677237, -0.00104331295006, 0.00147341482807, -0.00168972369283], [0.000242358524702, -0.000369531509932, -0.000405435974244, 0.000295910052955, -1.62523356266e-05, -0.000696370727383, 0.00887758750468, -0.00239304220304, 0.00134917232208, -0.00172803085297, 0.0010612749029, -0.00377501198091, -0.00088181468891], [-0.00016829672677, 0.000291645264952, -0.000700389151461, -0.00080131663708, -0.000758157402743, 0.000825834227726, -0.00239304220304, 0.0102138100192, -0.000958198797889, 0.000655834854115, -0.00537034543231, -0.000893584801815, 0.000754953653086], [0.000210880098166, -0.000256598286796, -0.000470477330964, 0.000849980977364, -0.000470691215014, -0.0016921099741, 0.00134917232208, -0.000958198797889, 0.0099145565182, -0.00546950660646, 0.00263394718058, -0.000510918500368, -0.00348466169089], [-0.000269597920123, 9.65003637248e-05, 0.000741113268305, -0.000545065617189, -0.000112532812636, 0.000190610677237, -0.00172803085297, 0.000655834854115, -0.00546950660646, 0.0147190252319, -0.00522298784927, 0.000882020103745, -0.000555447652005], [0.000263353314949, -0.00024287418637, -0.0012057517888, 0.00145146460272, -0.000140617325087, -0.00104331295006, 0.0010612749029, -0.00537034543231, 0.00263394718058, -0.00522298784927, 0.0171021092683, -0.00525878323242, 0.00332793686539], [-0.000222070113523, 0.000383396400139, -4.85519194626e-06, -0.00141944864299, 0.000466340366984, 0.00147341482807, -0.00377501198091, -0.000893584801815, -0.000510918500368, 0.000882020103745, -0.00525878323242, 0.018661364913, -0.00270927231759], [0.000118916919746, -0.000321463012369, 0.00113086320926, 0.000611880503129, -7.82773131505e-05, -0.00168972369283, -0.00088181468891, 0.000754953653086, -0.00348466169089, -0.000555447652005, 0.00332793686539, -0.00270927231759, 0.0147873219103]], "cov": [[9353.6875, 807.72052002, -1682.62988281, 412.34753418, -335.731262207, 562.630981445, -293.08215332, -301.288116455, 29.081281662, 132.201248169, -351.53225708, -60.4213371277, 194.236053467], [807.72052002, 1259.49182129, 117.090782166, -64.2332839966, -88.8858032227, -97.4492111206, 26.2075061798, -8.91943359375, 4.15127229691, 6.93514108658, 7.60456705093, -3.84598994255, 3.82302498817], [-1682.62988281, 117.090782166, 910.308105469, -50.4798927307, 141.950042725, -229.847686768, 116.054237366, 184.220718384, -48.596031189, -35.2186965942, 169.952133179, 51.5219154358, -121.031112671], [412.34753418, -64.2332839966, -50.4798927307, 247.452453613, 29.9301147461, 93.4617538452, -4.64779949188, 9.38584423065, -2.89550471306, 10.3487911224, -16.2473983765, 11.9296245575, 4.53923225403], [-335.731262207, -88.8858032227, 141.950042725, 29.9301147461, 203.890350342, 37.305316925, 23.5037879944, 45.6292076111, 20.0881996155, 8.01515483856, 31.1529178619, 6.8861656189, -7.62688779831], [562.630981445, -97.4492111206, -229.847686768, 93.4617538452, 37.305316925, 259.362060547, -24.5733795166, -48.4748802185, 62.3652648926, 31.2691516876, -49.2282218933, -17.6517238617, 61.6270484924], [-293.08215332, 26.2075061798, 116.054237366, -4.64779949188, 23.5037879944, -24.5733795166, 160.692825317, 69.0832290649, -9.26067638397, 14.1244392395, 44.1524276733, 43.4666824341, -6.00882863998], [-301.288116455, -8.91943359375, 184.220718384, 9.38584423065, 45.6292076111, -48.4748802185, 69.0832290649, 183.936462402, -14.2974319458, 10.4079446793, 93.7000045776, 42.679599762, -39.0625457764], [29.081281662, 4.15127229691, -48.596031189, -2.89550471306, 20.0881996155, 62.3652648926, -9.26067638397, -14.2974319458, 168.269073486, 58.0928955078, -24.3005256653, -4.58522844315, 57.5668754578], [132.201248169, 6.93514108658, -35.2186965942, 10.3487911224, 8.01515483856, 31.2691516876, 14.1244392395, 10.4079446793, 58.0928955078, 102.26789093, 20.0095996857, 8.1657743454, 19.8031902313], [-351.53225708, 7.60456705093, 169.952133179, -16.2473983765, 31.1529178619, -49.2282218933, 44.1524276733, 93.7000045776, -24.3005256653, 20.0095996857, 132.1199646, 40.1859931946, -44.2898826599], [-60.4213371277, -3.84598994255, 51.5219154358, 11.9296245575, 6.8861656189, -17.6517238617, 43.4666824341, 42.679599762, -4.58522844315, 8.1657743454, 40.1859931946, 76.5361938477, -1.39412593842], [194.236053467, 3.82302498817, -121.031112671, 4.53923225403, -7.62688779831, 61.6270484924, -6.00882863998, -39.0625457764, 57.5668754578, 19.8031902313, -44.2898826599, -1.39412593842, 107.874038696]]}, "spectral_contrast_valleys": {"min": [-28.2334384918, -28.1091384888, -28.0344219208, -27.7410144806, -27.5624408722, -27.3804168701], "max": [-5.17256259918, -4.29392719269, -5.21020078659, -5.54505395889, -6.64990568161, -9.09074211121], "dvar2": [0.40867677331, 0.267321527004, 0.24882158637, 0.380399167538, 0.500320613384, 0.917787492275], "median": [-7.77529907227, -6.3997130394, -7.30501651764, -8.20870399475, -8.89076900482, -11.9000873566], "dmean2": [0.803909897804, 0.634889304638, 0.600226640701, 0.687507629395, 0.801794350147, 1.12877631187], "dmean": [0.506955802441, 0.415230691433, 0.408820211887, 0.483774095774, 0.556184232235, 0.726275622845], "var": [5.49994516373, 5.98289823532, 5.65959835052, 5.57298755646, 5.0612154007, 3.86848592758], "dvar": [0.185777485371, 0.131579846144, 0.134316965938, 0.206373557448, 0.24390399456, 0.355070799589], "mean": [-8.0686006546, -6.68887138367, -7.60516405106, -8.49327278137, -9.189453125, -12.1221265793]}, "barkbands_flatness_db": {"min": 0.0261616911739, "max": 0.396569728851, "dvar2": 0.00175973470323, "median": 0.178768709302, "dmean2": 0.0497857183218, "dmean": 0.0329795591533, "var": 0.0027719323989, "dvar": 0.000775251712184, "mean": 0.183782726526}, "dynamic_complexity": 3.88666415215, "spectral_skewness": {"min": -0.0840582773089, "max": 11.4915885925, "dvar2": 1.94410693645, "median": 3.91407728195, "dmean2": 1.36951267719, "dmean": 0.880704402924, "var": 2.10567259789, "dvar": 0.779611587524, "mean": 4.22745895386}, "erbbands_flatness_db": {"min": 0.039891846478, "max": 0.40458804369, "dvar2": 0.00175646948628, "median": 0.2180255651