{"lowlevel": {"spectral_complexity": {"min": 0, "max": 65, "dvar2": 74.5472259521, "median": 12, "dmean2": 6.87527704239, "dmean": 4.66604089737, "var": 118.762306213, "dvar": 38.1461219788, "mean": 14.3600311279}, "silence_rate_20dB": {"min": 1, "max": 1, "dvar2": 0, "median": 1, "dmean2": 0, "dmean": 0, "var": 0, "dvar": 0, "mean": 1}, "average_loudness": 0.813664674759, "erbbands_spread": {"min": 1.93978691101, "max": 154.660217285, "dvar2": 324.379486084, "median": 26.4070930481, "dmean2": 15.5677118301, "dmean": 10.004242897, "var": 568.307189941, "dvar": 143.725234985, "mean": 34.3848457336}, "spectral_kurtosis": {"min": -1.24898958206, "max": 253.630279541, "dvar2": 71.2184906006, "median": 4.08462238312, "dmean2": 3.89018821716, "dmean": 2.34868359566, "var": 90.4991073608, "dvar": 28.5093612671, "mean": 5.61984634399}, "barkbands_kurtosis": {"min": -1.94592905045, "max": 444.122039795, "dvar2": 574.88079834, "median": 0.124346256256, "dmean2": 7.03787994385, "dmean": 4.16788625717, "var": 318.194213867, "dvar": 219.110061646, "mean": 4.05279779434}, "spectral_strongpeak": {"min": 0, "max": 14.6568975449, "dvar2": 4.53906440735, "median": 0.558257222176, "dmean2": 1.56049716473, "dmean": 0.934804201126, "var": 4.40677928925, "dvar": 1.92067396641, "mean": 1.60235130787}, "spectral_spread": {"min": 423337.4375, "max": 43068788, "dvar2": 1252951326720.0, "median": 4634843, "dmean2": 973907.5, "dmean": 658518.125, "var": 5998632763390.0, "dvar": 576653230080, "mean": 4869697}, "spectral_rms": {"min": 3.19149741357e-12, "max": 0.0145831080154, "dvar2": 6.0049142121e-06, "median": 0.00336156692356, "dmean2": 0.00176088651642, "dmean": 0.00114998384379, "var": 4.94978166898e-06, "dvar": 2.6632171739e-06, "mean": 0.0037061648909}, "erbbands": {"min": [1.03396061956e-22, 7.62201041696e-22, 7.35289328331e-21, 1.28273700632e-20, 2.21717459077e-20, 1.31497976343e-20, 7.11121485745e-20, 1.04945884192e-19, 1.64354506312e-19, 1.96192054779e-19, 3.36738273883e-19, 1.11780390333e-18, 8.69502895004e-19, 1.13842882472e-18, 1.17363973205e-18, 1.70400974284e-18, 2.69912239201e-18, 1.28052542586e-18, 2.04796870894e-18, 4.69980862995e-18, 4.80837194945e-18, 5.40261477919e-18, 6.46944078214e-18, 8.99618225001e-18, 8.42798278826e-18, 9.86845992238e-18, 1.32311525988e-17, 1.14981190529e-17, 9.779842409e-18, 1.11756981122e-17, 1.25817504707e-17, 1.34992922934e-17, 1.00884047657e-17, 8.53907645325e-18, 7.8036442327e-18, 4.38341163206e-18, 2.54058495581e-18, 1.06233761755e-18, 2.65201032022e-19, 2.54899954752e-20], "max": [5.8275551796, 38.1088638306, 36.3733329773, 51.0151634216, 203.825698853, 405.579345703, 113.548606873, 222.838745117, 203.561065674, 271.324188232, 438.1222229, 732.277404785, 779.881713867, 998.394470215, 1881.31298828, 1707.64379883, 2106.24584961, 1816.34362793, 1954.08483887, 3792.05957031, 877.25189209, 1110.78295898, 1280.13745117, 568.946594238, 784.89453125, 241.872238159, 176.989257812, 183.932495117, 151.692199707, 133.455688477, 99.3780517578, 42.3200836182, 25.1507740021, 17.3997898102, 8.8218164444, 3.64132452011, 2.13483333588, 0.627956748009, 0.0651208534837, 0.00307821552269], "dvar2": [0.984058499336, 38.729019165, 26.9788856506, 71.7781524658, 355.420257568, 1758.17602539, 314.604156494, 394.042053223, 617.192749023, 331.756286621, 2674.55444336, 1224.22143555, 4109.77832031, 3582.24804688, 8840.15722656, 6195.04296875, 10059.5478516, 5423.19042969, 5999.71630859, 12913.6103516, 4901.15576172, 4949.72021484, 6206.3359375, 1295.23217773, 3801.42358398, 488.640472412, 284.669616699, 303.430725098, 285.630859375, 228.411026001, 99.6710281372, 17.2139015198, 4.90204620361, 2.27456641197, 0.439365565777, 0.105280451477, 0.0333201289177, 0.00259212520905, 3.3643165807e-05, 5.48473124695e-08], "median": [0.0225980244577, 0.132689923048, 0.354980349541, 0.759951293468, 1.41481399536, 1.10717582703, 0.658467113972, 0.759771883488, 1.51628661156, 2.31746006012, 3.46765422821, 3.05526828766, 4.40684127808, 5.61871814728, 6.43064022064, 6.44250106812, 8.22189331055, 10.3131198883, 10.8836965561, 10.9482622147, 12.1276988983, 10.7533512115, 8.91916370392, 6.39215421677, 5.86000299454, 4.24211502075, 3.03688192368, 2.75556206703, 2.06165313721, 1.36612808704, 0.998609364033, 0.758143365383, 0.540338039398, 0.397000521421, 0.223345562816, 0.0794889107347, 0.0203261822462, 0.00297022843733, 0.00027333869366, 3.38364188792e-05], "dmean2": [0.3365008533, 2.11793684959, 2.27950119972, 4.09550380707, 9.08440303802, 15.0249595642, 7.39130687714, 7.44314908981, 9.52687644958, 8.97560405731, 18.3551254272, 13.8956193924, 25.1403446198, 23.6242446899, 33.289478302, 26.1732959747, 36.8062667847, 31.4149055481, 33.3649978638, 32.8292884827, 35.1397819519, 31.9752311707, 30.7975063324, 19.3918418884, 26.6051654816, 11.8122558594, 8.00816345215, 7.9341802597, 6.97531890869, 5.62295198441, 3.71048951149, 1.7376884222, 1.01540660858, 0.719705879688, 0.32555899024, 0.156364575028, 0.0769413337111, 0.0203821249306, 0.00227773049846, 9.98829927994e-05], "dmean": [0.197397112846, 1.21633327007, 1.29840576649, 2.2721426487, 5.01922607422, 8.33132362366, 4.14743232727, 4.50467348099, 5.67478656769, 5.59015846252, 10.8896722794, 8.9084072113, 15.5068397522, 15.8989152908, 22.0708961487, 17.581281662, 24.7974834442, 21.5120258331, 22.2595291138, 21.0404224396, 22.3984661102, 19.9940223694, 19.2507762909, 12.1450910568, 16.5033988953, 7.49773168564, 5.03444671631, 5.08013057709, 4.52952051163, 3.77389836311, 2.55217051506, 1.21963405609, 0.727639377117, 0.527469992638, 0.24552102387, 0.119060516357, 0.0561982318759, 0.0141938785091, 0.00155247387011, 6.85738414177e-05], "var": [0.281871765852, 10.3637800217, 7.36978387833, 17.3209114075, 84.1397247314, 419.137268066, 83.3023147583, 147.037002563, 212.904067993, 262.048583984, 963.277404785, 1306.15222168, 3082.21313477, 4683.70898438, 14995.1542969, 8514.078125, 19782.1953125, 10140.7695312, 8680.37011719, 10970.2763672, 4851.15527344, 2992.31835938, 3468.55786133, 908.793395996, 2100.25878906, 339.038543701, 163.327392578, 218.337387085, 164.389205933, 142.208618164, 76.2299804688, 15.5074729919, 5.4723482132, 2.86891007423, 0.646196484566, 0.150534942746, 0.0304465517402, 0.0017657399876, 2.05086744245e-05, 3.60492151685e-08], "dvar": [0.382308721542, 14.7164945602, 10.1236724854, 25.4020328522, 127.054542542, 641.43572998, 116.484954834, 154.108184814, 232.414093018, 141.570114136, 977.47265625, 544.23840332, 1636.13134766, 1687.56530762, 4286.64892578, 2848.5949707, 4823.77783203, 2793.6394043, 2868.28076172, 5343.81005859, 2082.8515625, 2013.68017578, 2468.44750977, 532.961975098, 1599.53405762, 207.136276245, 117.926094055, 132.481170654, 126.012046814, 106.916389465, 49.4912261963, 8.8638458252, 2.66060209274, 1.26913511753, 0.25618609786, 0.0608486570418, 0.0171317942441, 0.00122949818615, 1.55443267431e-05, 2.58442138801e-08], "mean": [0.158240050077, 0.933052241802, 1.23551881313, 2.26828956604, 4.51703023911, 6.27820920944, 3.48425316811, 4.70071649551, 6.47048664093, 8.51025485992, 14.2871875763, 15.0790939331, 25.0420722961, 29.3135108948, 42.7289352417, 33.4206504822, 52.0256614685, 43.7258987427, 41.4920654297, 37.3387184143, 38.0329246521, 30.3603858948, 28.6486968994, 18.2419528961, 21.4716835022, 11.3569297791, 7.38427591324, 7.97122621536, 6.26744365692, 4.98408174515, 3.71924734116, 2.05418944359, 1.35548567772, 1.02199649811, 0.517763137817, 0.233106464148, 0.088679805398, 0.0189140290022, 0.00192769546993, 9.77281888481e-05]}, "zerocrossingrate": {"min": 0, "max": 0.51904296875, "dvar2": 0.00037032153341, "median": 0.0771484375, "dmean2": 0.0167357753962, "dmean": 0.0145092383027, "var": 0.00273024081253, "dvar": 0.000296184414765, "mean": 0.0861810594797}, "spectral_contrast_coeffs": {"min": [-0.977014780045, -0.971516013145, -0.975001096725, -0.973820984364, -0.964408159256, -0.963320314884], "max": [-0.323385953903, -0.426620960236, -0.408552795649, -0.441509366035, -0.523728907108, -0.592254638672], "dvar2": [0.00700978329405, 0.00456105452031, 0.00347435032018, 0.00276849721558, 0.00168055377435, 0.0011938912794], "median": [-0.702780663967, -0.760479569435, -0.74991697073, -0.747728466988, -0.774382770061, -0.767429053783], "dmean2": [0.0893898680806, 0.080918982625, 0.0701917558908, 0.0624082237482, 0.0473239570856, 0.0341419689357], "dmean": [0.0556553825736, 0.0500094369054, 0.0449792854488, 0.0403607003391, 0.0306616947055, 0.0213194712996], "var": [0.0074963234365, 0.00706253573298, 0.00901950709522, 0.00775757618248, 0.00399589631706, 0.00165330898017], "dvar": [0.0028592410963, 0.00184044009075, 0.0015322418185, 0.00129090843257, 0.000789931509644, 0.000494586071], "mean": [-0.698116481304, -0.750904738903, -0.739974379539, -0.739332377911, -0.767269670963, -0.764995634556]}, "dissonance": {"min": 0.12040103972, "max": 0.500000119209, "dvar2": 0.00132605724502, "median": 0.478909194469, "dmean2": 0.0325840711594, "dmean": 0.0190998315811, "var": 0.00095355004305, "dvar": 0.000482253934024, "mean": 0.470064550638}, "spectral_energyband_high": {"min": 7.1899435494e-21, "max": 0.0115520767868, "dvar2": 2.24875748245e-06, "median": 0.000356167089194, "dmean2": 0.00065476866439, "dmean": 0.000464369833935, "var": 1.99347505259e-06, "dvar": 1.12575492039e-06, "mean": 0.000831449520774}, "gfcc": {"mean": [-36.9631347656, 63.946056366, -124.984397888, 28.708404541, -42.2780265808, 18.0114917755, -30.6619777679, 10.8041334152, -21.1123371124, 3.32706856728, -17.5973701477, -0.788058698177, -11.1160335541], "icov": [[0.000115271242976, -2.00443064386e-05, 0.00015695275215, -0.000117732277431, 3.92949550587e-05, -0.000100841323729, 0.000144276025821, -0.000108552914753, 0.000212383951293, -0.000116216571769, 0.000436558038928, -0.000451581232483, 0.000405917060561], [-2.00443064386e-05, 0.0011447283905, -0.000229875353398, 0.000285689660814, -0.000596305413637, 0.000315087701892, -0.000322423991747, 0.000654428789858, -0.000672178342938, 0.00181153742597, -0.00188437697943, 0.0021597892046, -0.000985244405456], [0.00015695275215, -0.000229875353398, 0.00111992901657, -0.000679776538163, 8.93041724339e-05, -0.00027421451523, 0.000116161339974, 6.13342417637e-05, 0.000771473394707, -0.00102584878914, 0.00186864438001, -0.00197161128744, 0.00123504654039], [-0.000117732277431, 0.000285689660814, -0.000679776538163, 0.0021820415277, -0.000485181051772, 1.10936684905e-06, -0.000110159628093, 0.000350221002009, -3.36559569405e-05, 0.000854025944136, -0.000931334972847, 0.00197747303173, -0.00120515958406], [3.92949550587e-05, -0.000596305413637, 8.93041724339e-05, -0.000485181051772, 0.00310122291557, -0.000513777835295, -0.00120590568986, -0.000322391424561, -0.000314317905577, -0.000224672825425, 0.000651629408821, -0.000545067421626, 0.00084576458903], [-0.000100841323729, 0.000315087701892, -0.00027421451523, 1.10936684905e-06, -0.000513777835295, 0.0045202258043, -0.00233524944633, -0.000135681402753, 0.000768534198869, -0.0014327338431, 0.00159673811868, -0.000173518128577, -2.04724547075e-05], [0.000144276025821, -0.000322423991747, 0.000116161339974, -0.000110159628093, -0.00120590568986, -0.00233524944633, 0.00775935081765, -0.00196821871214, -0.00128954288084, 0.00252499454655, -0.00258702575229, 0.00147983967327, -0.000599938503001], [-0.000108552914753, 0.000654428789858, 6.13342417637e-05, 0.000350221002009, -0.000322391424561, -0.000135681402753, -0.00196821871214, 0.00799845252186, -0.00219413661398, -0.00083125004312, 0.00145400920883, -0.00139583530836, 0.000804748851806], [0.000212383951293, -0.000672178342938, 0.000771473394707, -3.36559569405e-05, -0.000314317905577, 0.000768534198869, -0.00128954288084, -0.00219413661398, 0.00978705193847, -0.00475323898718, 0.0012776175281, 0.000773352279793, -0.00121777446475], [-0.000116216571769, 0.00181153742597, -0.00102584878914, 0.000854025944136, -0.000224672825425, -0.0014327338431, 0.00252499454655, -0.00083125004312, -0.00475323898718, 0.0159457083791, -0.00840506702662, 0.00306399492547, 0.000520682893693], [0.000436558038928, -0.00188437697943, 0.00186864438001, -0.000931334972847, 0.000651629408821, 0.00159673811868, -0.00258702575229, 0.00145400920883, 0.0012776175281, -0.00840506702662, 0.0172010343522, -0.0113378735259, 0.00539125362411], [-0.000451581232483, 0.0021597892046, -0.00197161128744, 0.00197747303173, -0.000545067421626, -0.000173518128577, 0.00147983967327, -0.00139583530836, 0.000773352279793, 0.00306399492547, -0.0113378735259, 0.0201319269836, -0.00982453953475], [0.000405917060561, -0.000985244405456, 0.00123504654039, -0.00120515958406, 0.00084576458903, -2.04724547075e-05, -0.000599938503001, 0.000804748851806, -0.00121777446475, 0.000520682893693, 0.00539125362411, -0.00982453953475, 0.0139723718166]], "cov": [[14731.2753906, -2170.19189453, -579.079956055, 186.182006836, -548.513122559, 336.732757568, -558.41619873, 231.554992676, -455.719909668, 72.3534011841, -365.620056152, 197.404800415, -279.902618408], [-2170.19189453, 2413.44458008, -295.342681885, 21.5166091919, 498.478210449, -167.539535522, 317.274627686, -175.073959351, 171.878051758, -223.992553711, 110.878158569, -239.653823853, 66.5120697021], [-579.079956055, -295.342681885, 1685.06420898, 390.384918213, -10.1304683685, 148.076522827, -74.9860305786, -32.3032112122, -153.528656006, 15.794336319, -130.040237427, 59.541809082, -41.733127594], [186.182006836, 21.5166091919, 390.384918213, 656.432983398, 105.265800476, 63.8557434082, 22.9699077606, -35.4221343994, -48.4652709961, -50.3064231873, -69.9088363647, -54.2782707214, 1.42871165276], [-548.513122559, 498.478210449, -10.1304683685, 105.265800476, 518.404296875, 75.2646636963, 179.450546265, 15.204624176, 67.7826461792, -45.1542739868, 1.44499409199, -73.3496780396, -7.92266750336], [336.732757568, -167.539535522, 148.076522827, 63.8557434082, 75.2646636963, 328.595550537, 82.3991851807, 50.3395957947, -18.9009075165, 15.5399551392, -52.8006439209, -3.61555480957, -17.0086536407], [-558.41619873, 317.274627686, -74.9860305786, 22.9699077606, 179.450546265, 82.3991851807, 256.242095947, 39.2347450256, 67.2081069946, -33.4881782532, 24.6807365417, -44.7805900574, 11.3008012772], [231.554992676, -175.073959351, -32.3032112122, -35.4221343994, 15.204624176, 50.3395957947, 39.2347450256, 176.048431396, 41.3334465027, 33.1745567322, -10.0184249878, 17.1692123413, -10.2694482803], [-455.719909668, 171.878051758, -153.528656006, -48.4652709961, 67.7826461792, -18.9009075165, 67.2081069946, 41.3334465027, 173.708557129, 34.0145339966, 32.3570747375, -26.0333366394, 14.2060289383], [72.3534011841, -223.992553711, 15.794336319, -50.3064231873, -45.1542739868, 15.5399551392, -33.4881782532, 33.1745567322, 34.0145339966, 132.667785645, 52.7264099121, 32.4193611145, -23.7527961731], [-365.620056152, 110.878158569, -130.040237427, -69.9088363647, 1.44499409199, -52.8006439209, 24.6807365417, -10.0184249878, 32.3570747375, 52.7264099121, 155.110214233, 49.9217071533, 1.48458838463], [197.404800415, -239.653823853, 59.541809082, -54.2782707214, -73.3496780396, -3.61555480957, -44.7805900574, 17.1692123413, -26.0333366394, 32.4193611145, 49.9217071533, 139.096313477, 44.0093688965], [-279.902618408, 66.5120697021, -41.733127594, 1.42871165276, -7.92266750336, -17.0086536407, 11.3008012772, -10.2694482803, 14.2060289383, -23.7527961731, 1.48458838463, 44.0093688965, 122.230079651]]}, "spectral_flux": {"min": 6.39826663873e-11, "max": 0.386243402958, "dvar2": 0.00446390220895, "median": 0.059284761548, "dmean2": 0.0578948967159, "dmean": 0.0369529388845, "var": 0.00438740476966, "dvar": 0.0022578316275, "mean": 0.0798874571919}, "silence_rate_30dB": {"min": 0, "max": 1, "dvar2": 0.0265787560493, "median": 1, "dmean2": 0.0194506049156, "dmean": 0.00972447358072, "var": 0.0059350845404, "dvar": 0.00962911080569, "mean": 0.994029343128}, "spectral_energyband_middle_high": {"min": 1.18925731722e-21, "max": 0.0709218978882, "dvar2": 3.98463125748e-05, "median": 0.00444079795852, "dmean2": 0.00433326559141, "dmean": 0.00286076846533, "var": 7.46836376493e-05, "dvar": 1.76699886651e-05, "mean": 0.00745800603181}, "barkbands_spread": {"min": 0.239137321711, "max": 125.388374329, "dvar2": 222.829147339, "median": 24.5680541992, "dmean2": 12.9220132828, "dmean": 8.25358200073, "var": 258.484039307, "dvar": 91.0697784424, "mean": 26.7242698669}, "spectral_centroid": {"min": 101.554389954, "max": 11512.2490234, "dvar2": 390861.34375, "median": 1787.94677734, "dmean2": 537.166687012, "dmean": 345.102233887, "var": 681706.5, "dvar": 165049.765625, "mean": 1800.66186523}, "pitch_salience": {"min": 0.0480815134943, "max": 0.931063771248, "dvar2": 0.0201479960233, "median": 0.56904065609, "dmean2": 0.137832432985, "dmean": 0.0858881250024, "var": 0.0181764028966, "dvar": 0.00818946119398, "mean": 0.557475984097}, "erbbands_skewness": {"min": -4.47376966476, "max": 7.29449129105, "dvar2": 0.48237118125, "median": -0.0178554467857, "dmean2": 0.674520850182, "dmean": 0.437173068523, "var": 0.636000990868, "dvar": 0.203252598643, "mean": -0.00703113060445}, "erbbands_crest": {"min": 2.32126355171, "max": 32.3414039612, "dvar2": 19.3893299103, "median": 8.83122825623, "dmean2": 4.54519462585, "dmean": 2.83803844452, "var": 28.0507965088, "dvar": 8.24739074707, "mean": 10.0775690079}, "melbands": {"min": [1.40692622611e-24, 2.78168211285e-24, 2.06338264623e-24, 7.69712292823e-25, 2.6379617139e-24, 2.21193619874e-24, 2.87308722872e-24, 2.37968175099e-24, 2.36137958635e-24, 6.42426430322e-24, 3.7966187206e-24, 4.34195195349e-24, 2.70984133907e-24, 3.46947139788e-24, 5.7666734025e-24, 5.03656606864e-24, 1.78627494011e-24, 2.16688987447e-24, 4.67542199636e-24, 4.12199741716e-24, 6.10049527733e-24, 3.30313435677e-24, 4.34603825298e-24, 6.90458001473e-24, 5.9869513718e-24, 5.68071556839e-24, 4.68630591026e-24, 5.02087917511e-24, 7.4329014622e-24, 6.07078164805e-24, 6.17593996216e-24, 4.43158666827e-24, 4.78581874131e-24, 6.63867945827e-24, 8.03036025713e-24, 5.88772489727e-24, 6.57940168884e-24, 6.10290721955e-24, 7.46809254719e-24, 7.02749243238e-24], "max": [0.0527112819254, 0.0272818990052, 0.0120713673532, 0.0235985796899, 0.00670801103115, 0.00483703333884, 0.00289387209341, 0.00326313567348, 0.00354023394175, 0.00510154804215, 0.00394839188084, 0.00393130630255, 0.00627326453105, 0.00564780039713, 0.00539636239409, 0.00796788092703, 0.00417649047449, 0.00369077478535, 0.00540962722152, 0.0038285406772, 0.00114351545926, 0.00139838294126, 0.00180209497921, 0.000723298464436, 0.000471467617899, 0.000617537356447, 0.000713233253919, 0.000152815482579, 0.000187239958905, 9.57567535806e-05, 0.00012451778457, 8.93133546924e-05, 0.000103551639768, 7.5800169725e-05, 7.41582116461e-05, 4.10962347814e-05, 2.44375733018e-05, 1.70683833858e-05, 2.08649344131e-05, 1.42861181303e-05], "dvar2": [7.4852599937e-05, 1.91748968064e-05, 2.91357309834e-06, 4.60091223431e-06, 8.48344825499e-07, 1.75344098352e-07, 1.22582719086e-07, 4.70955257015e-08, 1.66531108903e-07, 5.7027218503e-08, 1.0441700482e-07, 6.40448760691e-08, 8.75878214401e-08, 5.99389977651e-08, 4.97095022922e-08, 6.71020785603e-08, 2.17085922571e-08, 1.9457626621e-08, 2.41041728799e-08, 1.77966885673e-08, 7.71432162594e-09, 6.89279877619e-09, 1.11057705254e-08, 2.07022710086e-09, 9.18488007873e-10, 2.41415665236e-09, 1.33428013083e-09, 1.74946487852e-10, 1.3298866175e-10, 1.0880996798e-10, 1.24554574987e-10, 9.45854505829e-11, 9.82423239981e-11, 7.23550802606e-11, 4.62796259648e-11, 1.49406112482e-11, 5.05971176415e-12, 2.59149732923e-12, 2.81439628547e-12, 1.51458489847e-12], "median": [0.000207412405871, 0.000196569293621, 0.000165780540556, 0.000104132763227, 2.72207944363e-05, 1.55868801812e-05, 2.29398810916e-05, 2.62282210315e-05, 2.42594469455e-05, 1.62469914358e-05, 1.86418310477e-05, 1.65108867805e-05, 1.57497815962e-05, 1.38802242873e-05, 9.43163468037e-06, 1.37982769957e-05, 1.36563467095e-05, 1.34374058689e-05, 1.11451736302e-05, 1.10757428047e-05, 1.10272158054e-05, 8.04262072052e-06, 7.94380139268e-06, 5.0734852266e-06, 3.64512607121e-06, 3.9733245103e-06, 3.16170621772e-06, 2.37247741097e-06, 1.7768845737e-06, 1.34308470479e-06, 1.54838323851e-06, 1.20621746191e-06, 7.44545445741e-07, 7.05477646079e-07, 5.88500427057e-07, 4.67489115863e-07, 4.32664563732e-07, 3.58259910627e-07, 3.62175455848e-07, 3.14832504955e-07], "dmean2": [0.00292269303463, 0.00172441464383, 0.000846929906402, 0.000884770764969, 0.000358932098607, 0.000161534058861, 0.000139078401844, 0.000106066938315, 0.000145100260852, 9.34693889576e-05, 0.000127993887872, 9.67986925389e-05, 0.000108376843855, 8.44264213811e-05, 7.29646999389e-05, 8.96579222172e-05, 5.90278104937e-05, 5.69473413634e-05, 4.65356024506e-05, 4.8463101848e-05, 4.28041930718e-05, 3.50739646819e-05, 3.82531543437e-05, 2.2025711587e-05, 1.57143567776e-05, 2.17803444684e-05, 1.48773433466e-05, 7.12123483027e-06, 5.51265429749e-06, 4.55899817098e-06, 5.12613223691e-06, 4.2179231059e-06, 3.60388912668e-06, 3.20083790939e-06, 2.51333244705e-06, 1.45264107232e-06, 1.01074601844e-06, 7.63698835726e-07, 7.6490647416e-07, 6.04676017701e-07], "dmean": [0.00170999381226, 0.000992244225927, 0.000469507824164, 0.000491009734105, 0.000200476686587, 9.77874151431e-05, 8.3250211901e-05, 6.60854420858e-05, 8.66037880769e-05, 5.99055674684e-05, 7.92394785094e-05, 6.5043073846e-05, 7.21357719158e-05, 5.6350716477e-05, 4.91936370963e-05, 6.03593398409e-05, 4.02288569603e-05, 3.81435420422e-05, 3.05870198645e-05, 3.08054259222e-05, 2.72209581453e-05, 2.1907790142e-05, 2.38051816268e-05, 1.37342922244e-05, 9.78140178631e-06, 1.33483863465e-05, 9.28009103518e-06, 4.48936953035e-06, 3.44580394085e-06, 2.8444610507e-06, 3.2469231428e-06, 2.70325563179e-06, 2.33384753301e-06, 2.12373174691e-06, 1.69812335571e-06, 9.95096570477e-07, 6.95204960266e-07, 5.24992401552e-07, 5.40700625606e-07, 4.31854857652e-07], "var": [2.12334252865e-05, 5.48902789888e-06, 7.05038985416e-07, 1.10199050596e-06, 2.17473072439e-07, 6.68466739739e-08, 4.39629133098e-08, 3.82565943369e-08, 6.23319920123e-08, 6.09534538398e-08, 8.2094416598e-08, 8.34413782513e-08, 1.41627793937e-07, 8.6857902204e-08, 7.35649692274e-08, 1.53878332299e-07, 3.89586816141e-08, 3.08620862199e-08, 2.09976569465e-08, 2.38900739191e-08, 6.06980110618e-09, 4.14525924697e-09, 5.25818766306e-09, 1.51798873471e-09, 6.43350261953e-10, 1.29526367409e-09, 7.30242699643e-10, 1.27310439968e-10, 8.1731475754e-11, 5.86332787877e-11, 9.54235579442e-11, 5.51041053065e-11, 4.80724557383e-11, 4.59526097729e-11, 3.34883475117e-11, 1.01299619734e-11, 4.72275994354e-12, 2.56893378098e-12, 2.85703340326e-12, 1.81806794012e-12], "dvar": [2.89894796879e-05, 7.4048894021e-06, 1.03502645743e-06, 1.67228245118e-06, 3.13960214271e-07, 6.87267203148e-08, 4.63243807758e-08, 2.01389358523e-08, 6.13283646089e-08, 2.52025049718e-08, 4.18228722765e-08, 2.99508151613e-08, 4.27896011956e-08, 2.80198566571e-08, 2.42686066798e-08, 3.42223174243e-08, 1.14819238561e-08, 9.61485024931e-09, 1.03282529196e-08, 7.60902363339e-09, 3.24903592919e-09, 2.84412227103e-09, 4.32206581635e-09, 8.61708093769e-10, 3.79109243998e-10, 9.96966731392e-10, 5.76361125493e-10, 7.33776442385e-11, 5.49895233515e-11, 4.50071126201e-11, 5.41298360301e-11, 4.13352130302e-11, 4.25829753403e-11, 3.39252272108e-11, 2.2244355663e-11, 7.15625518913e-12, 2.56328075085e-12, 1.34089907147e-12, 1.4530667251e-12, 8.20587629964e-13], "mean": [0.00135794794187, 0.000863954890519, 0.000465782504762, 0.000401116441935, 0.000160428826348, 0.00010294697131, 9.70347318798e-05, 0.000102107645944, 0.000112623172754, 9.9534583569e-05, 0.000126656246721, 0.000115376053145, 0.00013463452342, 0.00010251369531, 8.80015068105e-05, 0.000124903162941, 7.52021514927e-05, 6.82269237586e-05, 4.89521189593e-05, 5.51701450604e-05, 4.16618131567e-05, 3.08878807118e-05, 3.20567232848e-05, 1.99261576199e-05, 1.36431044666e-05, 1.66364025063e-05, 1.18381312859e-05, 6.69235623718e-06, 4.86742646899e-06, 3.86597503166e-06, 5.01607564729e-06, 3.699019544e-06, 2.788619895e-06, 2.80118388218e-06, 2.41738302975e-06, 1.42567546391e-06, 1.17882848372e-06, 9.18854880183e-07, 9.61699129221e-07, 8.18071214326e-07]}, "spectral_entropy": {"min": 4.64289665222, "max": 9.82135295868, "dvar2": 0.0997250303626, "median": 7.63464450836, "dmean2": 0.312837690115, "dmean": 0.214314103127, "var": 0.319622993469, "dvar": 0.0473700240254, "mean": 7.56383323669}, "spectral_rolloff": {"min": 21.533203125, "max": 19595.2148438, "dvar2": 2825713, "median": 1981.0546875, "dmean2": 1206.8581543, "dmean": 750.971435547, "var": 3861099, "dvar": 1362293.125, "mean": 2261.71826172}, "barkbands": {"min": [6.20403504608e-25, 4.45607685508e-24, 3.88396534433e-24, 3.31340355082e-24, 5.6077400182e-24, 1.12587821892e-23, 1.63768533666e-23, 1.41394671345e-23, 4.26633679582e-23, 3.06931484062e-23, 1.40871372575e-23, 2.68380577376e-23, 5.20103820312e-23, 1.85118091655e-23, 6.48054913438e-23, 6.50761652976e-23, 6.0179863431e-23, 1.38942412024e-22, 1.35939313222e-22, 1.82974898571e-22, 2.66365687784e-22, 3.0856154206e-22, 4.35243162351e-22, 7.15167362234e-22, 8.86942695249e-22, 1.37966163207e-21, 2.07978893831e-21], "max": [0.00582141429186, 0.183172225952, 0.0289589725435, 0.0269556660205, 0.0955811738968, 0.021744677797, 0.0131293637678, 0.0176309011877, 0.02685062401, 0.0285774450749, 0.039027415216, 0.0389158427715, 0.05984345451, 0.0367317721248, 0.0633904188871, 0.0367434173822, 0.0213469583541, 0.0242149401456, 0.0114735467359, 0.0106072109193, 0.00387034728192, 0.00413124170154, 0.0034519196488, 0.00153261935338, 0.00129163521342, 0.000969799119048, 0.000456960668089], "dvar2": [9.29775126224e-07, 0.000879044877365, 1.50771247718e-05, 1.33493440444e-05, 8.29321070341e-05, 3.73855391445e-06, 2.11844894693e-06, 3.82734970117e-06, 2.87271609523e-06, 3.76659204449e-06, 4.8262513701e-06, 4.73600402984e-06, 5.96652989771e-06, 2.33021410168e-06, 3.84297572964e-06, 2.22474523071e-06, 1.90228365682e-06, 1.94443487089e-06, 9.97792653834e-07, 3.13959390041e-07, 1.77959833536e-07, 2.16179969925e-07, 1.394682414e-07, 2.18356532855e-08, 1.18355947265e-08, 7.39198924293e-09, 1.20213961008e-09], "median": [5.46122901142e-05, 0.000727408740204, 0.000290573283564, 0.000273869023658, 0.000394347996917, 7.9671270214e-05, 0.000112630841613, 0.000125469407067, 0.00010715983808, 0.000107994987047, 9.07683352125e-05, 0.00010225893493, 0.000134681191412, 0.000128889398184, 0.000166727346368, 0.000156599518959, 0.000154803172336, 0.000124179845443, 0.000110327164293, 8.76395060914e-05, 7.14678171789e-05, 5.13355989824e-05, 3.77094402211e-05, 3.31248811563e-05, 3.49383662979e-05, 1.3690581909e-05, 1.38235350278e-06], "dmean2": [0.000380112964194, 0.0100754322484, 0.00172578834463, 0.00177878129762, 0.00373028381728, 0.000785513024312, 0.000618019665126, 0.000771244289353, 0.000679064542055, 0.000804049719591, 0.000802133174147, 0.000707389088348, 0.000870172167197, 0.00062481086934, 0.000657896162011, 0.000660491699819, 0.000633711111732, 0.00055429834174, 0.000486219563754, 0.000270070508122, 0.000196056222194, 0.0001895953028, 0.000141135547892, 6.49555804557e-05, 5.21028596268e-05, 3.79829907615e-05, 1.33649264171e-05], "dmean": [0.000237386237131, 0.00587325543165, 0.0009623002843, 0.000987231382169, 0.00207155453973, 0.000471303763334, 0.000369992572814, 0.000465234421426, 0.000433215318481, 0.00051454489585, 0.000539182452485, 0.000467672565719, 0.000573880155571, 0.000426888727816, 0.000432498229202, 0.000419385818532, 0.000395459675929, 0.000345074979123, 0.000301871099509, 0.000170893530594, 0.000124218437122, 0.000123643971165, 9.71688932623e-05, 4.67854988528e-05, 3.93375703425e-05, 2.8854190532e-05, 9.06124660105e-06], "var": [3.47875470652e-07, 0.000247241579928, 3.64158972843e-06, 3.38778067999e-06, 2.0160123313e-05, 1.3957524061e-06, 8.0752863596e-07, 1.71931708337e-06, 2.72365241472e-06, 4.19412026531e-06, 7.15715032129e-06, 6.12989515503e-06, 1.22360079331e-05, 4.42046939497e-06, 3.70890484191e-06, 2.83138479062e-06, 1.1706991927e-06, 1.04152866243e-06, 5.75054684759e-07, 2.04542828897e-07, 1.13707983473e-07, 1.23167964716e-07, 1.07048307996e-07, 2.32690631208e-08, 1.68583262905e-08, 8.51120418588e-09, 6.94153623471e-10], "dvar": [3.90982449971e-07, 0.000339433754561, 5.41094004802e-06, 4.72616602565e-06, 3.02969801851e-05, 1.45310059452e-06, 8.0194831753e-07, 1.44342686781e-06, 1.21955224586e-06, 1.65703124821e-06, 2.41537395596e-06, 2.14437795876e-06, 2.81082952824e-06, 1.21254629448e-06, 1.67841062648e-06, 9.47931880546e-07, 7.71730356064e-07, 7.79132108164e-07, 4.08612464753e-07, 1.37178545856e-07, 7.58389475664e-08, 9.6568314234e-08, 6.96740656281e-08, 1.17714371584e-08, 6.898622118e-09, 4.07876665776e-09, 5.46856837591e-10], "mean": [0.000229516721447, 0.00465495791286, 0.000924251275137, 0.000989563181065, 0.00166829838417, 0.000489448022563, 0.000442061020294, 0.000635795644484, 0.000699584197719, 0.000851059623528, 0.000938664830755, 0.000811960839201, 0.0011798607884, 0.000798892520834, 0.000701195327565, 0.000718361116014, 0.000569037627429, 0.000477276247693, 0.000402136240155, 0.000248588126851, 0.000189061334822, 0.000163932621945, 0.000140207193908, 8.5279418272e-05, 8.21910216473e-05, 5.03514966113e-05, 1.09471275209e-05]}, "melbands_flatness_db": {"min": 0.00341084296815, "max": 0.699864447117, "dvar2": 0.00339469336905, "median": 0.163814336061, "dmean2": 0.05177449435, "dmean": 0.0347003228962, "var": 0.00775349326432, "dvar": 0.0015130287502, "mean": 0.182573452592}, "melbands_skewness": {"min": -2.82830047607, "max": 18.8824806213, "dvar2": 5.23561859131, "median": 1.24776935577, "dmean2": 1.66527318954, "dmean": 1.081412673, "var": 5.84060192108, "dvar": 2.29827022552, "mean": 2.0468173027}, "barkbands_skewness": {"min": -3.1901409626, "max": 18.9794616699, "dvar2": 2.75012922287, "median": 0.470416665077, "dmean2": 1.20016562939, "dmean": 0.77856194973, "var": 2.99413704872, "dvar": 1.17201912403, "mean": 0.916536986828}, "silence_rate_60dB": {"min": 0, "max": 1, "dvar2": 0.136095583439, "median": 0, "dmean2": 0.137177959085, "dmean": 0.0685831308365, "var": 0.126312702894, "dvar": 0.0638762786984, "mean": 0.148328214884}, "spectral_energyband_low": {"min": 2.30313715741e-23, "max": 0.203232362866, "dvar2": 0.000972638197709, "median": 0.00165251758881, "dmean2": 0.0118907066062, "dmean": 0.00702397152781, "var": 0.000303487293422, "dvar": 0.000387283362215, "mean": 0.00624807132408}, "spectral_energyband_middle_low": {"min": 2.11265949743e-22, "max": 0.143145561218, "dvar2": 0.000247298448812, "median": 0.0028131166473, "dmean2": 0.0075817280449, "dmean": 0.00436194147915, "var": 7.23312332411e-05, "dvar": 9.21177052078e-05, "mean": 0.00518934475258}, "melbands_kurtosis": {"min": -1.86582517624, "max": 605.909240723, "dvar2": 2727.7355957, "median": 1.65017843246, "dmean2": 18.4871368408, "dmean": 11.0713424683, "var": 1160.80480957, "dvar": 1032.81433105, "mean": 13.042049408}, "spectral_decrease": {"min": -5.70553524426e-08, "max": 1.50245586636e-28, "dvar2": 8.74864133795e-17, "median": -2.6760962335e-09, "dmean2": 5.0782191785e-09, "dmean": 3.09862890902e-09, "var": 3.6591684355e-17, "dvar": 3.55875267961e-17, "mean": -4.57153515043e-09}, "erbbands_kurtosis": {"min": -1.86122965813, "max": 71.6237030029, "dvar2": 10.4182872772, "median": 0.257055878639, "dmean2": 1.93767750263, "dmean": 1.22566509247, "var": 9.48464679718, "dvar": 4.58974790573, "mean": 0.95423322916}, "melbands_crest": {"min": 1.6688337326, "max": 37.6314849854, "dvar2": 35.788230896, "median": 12.0014533997, "dmean2": 5.96056079865, "dmean": 3.77839159966, "var": 36.8734016418, "dvar": 15.4044876099, "mean": 13.3346643448}, "melbands_spread": {"min": 0.215981185436, "max": 249.024459839, "dvar2": 519.71496582, "median": 33.0567779541, "dmean2": 18.8782997131, "dmean": 12.1717805862, "var": 652.309753418, "dvar": 240.703338623, "mean": 35.9507751465}, "spectral_energy": {"min": 1.04402972598e-20, "max": 0.217983722687, "dvar2": 0.00131054082885, "median": 0.0115826353431, "dmean2": 0.0200737733394, "dmean": 0.0123565560207, "var": 0.000583163870033, "dvar": 0.000535219034646, "mean": 0.01915255934}, "mfcc": {"mean": [-679.921386719, 97.0432662964, -13.4275779724, 19.2248153687, 8.86325645447, 8.9779548645, 4.19609117508, 6.14600133896, 4.9652929306, 4.03585624695, 2.00201582909, -0.918114423752, -0.535734057426], "icov": [[0.000106706123916, 7.59959657444e-05, 8.15354069346e-05, -6.23552250545e-06, 6.01577949055e-06, -4.14781061409e-05, 8.11210629763e-05, -0.000118762145576, 9.76972587523e-05, 0.000103805425169, 4.74908447359e-05, 3.6173096305e-05, 4.93899788125e-05], [7.59959657444e-05, 0.000742576550692, 0.000281213695416, -5.91096541029e-05, -0.000358688790584, -2.32210586546e-05, -0.000161106407177, -0.000217560474994, 0.000261667883024, -6.32533774478e-05, -9.7628129879e-05, 0.000374554132577, -6.94786722306e-05], [8.15354069346e-05, 0.000281213695416, 0.0011012108298, -0.000359637488145, -0.000200332549866, -0.000492894032504, -6.53657771181e-05, 0.000223146416829, -5.44780996279e-05, 0.00047754283878, 0.000570252828766, -0.000177871363121, 0.000313120224746], [-6.23552250545e-06, -5.91096541029e-05, -0.000359637488145, 0.00257234461606, -0.00130132131744, -0.00012163293286, -2.09137942875e-05, -0.000404268386774, 0.000656065065414, -0.000287540286081, -0.000335152988555, 0.00103880360257, -0.000335056451149], [6.01577949055e-06, -0.000358688790584, -0.000200332549866, -0.00130132131744, 0.00546757364646, -0.00125012244098, -0.000554751604795, 0.000209989288123, -0.000982665456831, -0.00022143345268, 0.000609757727943, -0.00127690576483, 0.000461177813122], [-4.14781061409e-05, -2.32210586546e-05, -0.000492894032504, -0.00012163293286, -0.00125012244098, 0.00611982541159, -0.00305174128152, 0.000843414862175, -0.00133141037077, 0.000193058454897, -0.000234420847846, -0.000300148007227, 0.000991354696453], [8.11210629763e-05, -0.000161106407177, -6.53657771181e-05, -2.09137942875e-05, -0.000554751604795, -0.00305174128152, 0.00899255461991, -0.00508893467486, 0.00210459134541, -0.00107763032429, 6.46588596283e-05, 0.000136565184221, -0.000866746471729], [-0.000118762145576, -0.000217560474994, 0.000223146416829, -0.000404268386774, 0.000209989288123, 0.000843414862175, -0.00508893467486, 0.0127842212096, -0.00701086129993, 0.00259434385225, -0.00126839894801, 7.29549938114e-05, 0.000176864385139], [9.76972587523e-05, 0.000261667883024, -5.44780996279e-05, 0.000656065065414, -0.000982665456831, -0.00133141037077, 0.00210459134541, -0.00701086129993, 0.0131084509194, -0.0069268681109, 0.00359301851131, -0.000907294335775, 0.00111321278382], [0.000103805425169, -6.32533774478e-05, 0.00047754283878, -0.000287540286081, -0.00022143345268, 0.000193058454897, -0.00107763032429, 0.00259434385225, -0.0069268681109, 0.0163495056331, -0.0115287257358, 0.00722435256466, -0.00187748658936], [4.74908447359e-05, -9.7628129879e-05, 0.000570252828766, -0.000335152988555, 0.000609757727943, -0.000234420847846, 6.46588596283e-05, -0.00126839894801, 0.00359301851131, -0.0115287257358, 0.0218088589609, -0.0145665062591, 0.00614174408838], [3.6173096305e-05, 0.000374554132577, -0.000177871363121, 0.00103880360257, -0.00127690576483, -0.000300148007227, 0.000136565184221, 7.29549938114e-05, -0.000907294335775, 0.00722435256466, -0.0145665062591, 0.0182547029108, -0.00761644355953], [4.93899788125e-05, -6.94786722306e-05, 0.000313120224746, -0.000335056451149, 0.000461177813122, 0.000991354696453, -0.000866746471729, 0.000176864385139, 0.00111321278382, -0.00187748658936, 0.00614174408838, -0.00761644355953, 0.00934084597975]], "cov": [[11024.8720703, -1044.82373047, -590.286376953, -193.493713379, -227.907302856, -144.823410034, -189.738311768, -20.4768009186, -137.767959595, -192.307830811, -112.738311768, -44.411819458, -28.1354255676], [-1044.82373047, 1721.13623047, -340.747650146, 93.5522232056, 140.585327148, 51.2500572205, 104.486297607, 71.1825561523, 33.5344581604, 74.4722366333, 31.1134166718, -41.0495529175, -13.8846740723], [-590.286376953, -340.747650146, 1298.8548584, 232.683120728, 126.185661316, 162.987167358, 54.8964233398, -8.64298820496, 2.98784041405, -74.2700805664, -86.6541824341, -38.7481994629, -42.7799835205], [-193.493713379, 93.5522232056, 232.683120728, 526.80255127, 163.126724243, 92.5537490845, 63.1257286072, 32.8283119202, 15.5132350922, 16.5352916718, -16.8899269104, -46.7522773743, -25.3666572571], [-227.907302856, 140.585327148, 126.185661316, 163.126724243, 278.574798584, 114.706016541, 76.3302993774, 43.686340332, 47.8417205811, 24.615480423, 6.72442865372, -0.923561871052, -21.7284126282], [-144.823410034, 51.2500572205, 162.987167358, 92.5537490845, 114.706016541, 271.08770752, 119.619926453, 54.5115852356, 55.9886169434, 25.697555542, 9.42363071442, -10.2141332626, -41.3954467773], [-189.738311768, 104.486297607, 54.8964233398, 63.1257286072, 76.3302993774, 119.619926453, 205.908050537, 92.5008926392, 40.7839775085, 24.8933486938, 12.7273626328, 1.15448772907, -4.18857526779], [-20.4768009186, 71.1825561523, -8.64298820496, 32.8283119202, 43.686340332, 54.5115852356, 92.5008926392, 156.630783081, 87.5136413574, 27.2788505554, 9.73589611053, -6.42910814285, -16.8100795746], [-137.767959595, 33.5344581604, 2.98784041405, 15.5132350922, 47.8417205811, 55.9886169434, 40.7839775085, 87.5136413574, 162.727432251, 72.988494873, 9.42425346375, -26.4759120941, -37.250289917], [-192.307830811, 74.4722366333, -74.2700805664, 16.5352916718, 24.615480423, 25.697555542, 24.8933486938, 27.2788505554, 72.988494873, 143.752883911, 68.2943115234, -13.6314468384, -33.319770813], [-112.738311768, 31.1134166718, -86.6541824341, -16.8899269104, 6.72442865372, 9.42363071442, 12.7273626328, 9.73589611053, 9.42425346375, 68.2943115234, 140.582626343, 81.3425292969, -10.7143602371], [-44.411819458, -41.0495529175, -38.7481994629, -46.7522773743, -0.923561871052, -10.2141332626, 1.15448772907, -6.42910814285, -26.4759120941, -13.6314468384, 81.3425292969, 159.14491272, 77.6067581177], [-28.1354255676, -13.8846740723, -42.7799835205, -25.3666572571, -21.7284126282, -41.3954467773, -4.18857526779, -16.8100795746, -37.250289917, -33.319770813, -10.7143602371, 77.6067581177, 181.088973999]]}, "spectral_contrast_valleys": {"min": [-27.851020813, -28.0057964325, -27.6131267548, -27.6298618317, -27.5524959564, -27.3614044189], "max": [-4.92276239395, -4.48857116699, -5.160551548, -5.71223306656, -5.45163726807, -7.86758708954], "dvar2": [0.944592773914, 0.715729355812, 0.533881127834, 0.49178737402, 0.509035825729, 0.465760111809], "median": [-7.55734968185, -7.48164176941, -7.78218412399, -7.97480869293, -7.75766563416, -10.009765625], "dmean2": [0.926706254482, 0.854881823063, 0.740200996399, 0.708750009537, 0.659208536148, 0.516424953938], "dmean": [0.621161460876, 0.540497660637, 0.475427746773, 0.462128102779, 0.440874695778, 0.377626866102], "var": [2.19226741791, 1.90922117233, 1.82306110859, 1.88641119003, 2.07147073746, 2.73043036461], "dvar": [0.454636126757, 0.319309234619, 0.241955026984, 0.225450024009, 0.238290011883, 0.240488305688], "mean": [-7.83834838867, -7.61177396774, -7.9388885498, -8.13872814178, -7.96235466003, -10.4578762054]}, "barkbands_flatness_db": {"min": 0.0161973219365, "max": 0.521306097507, "dvar2": 0.00194986560382, "median": 0.110875152051, "dmean2": 0.0412004105747, "dmean": 0.0273303780705, "var": 0.00475019030273, "dvar": 0.000840167456772, "mean": 0.127534791827}, "dynamic_complexity": 4.39614391327, "spectral_skewness": {"min": -0.2429484725, "max": 13.4790525436, "dvar2": 0.399964362383, "median": 1.51692724228, "dmean2": 0.462637484074, "dmean": 0.286777228117, "var": 0.509593188763, "dvar": 0.159897014499, "mean": 1.59077453613}, "erbbands_flatness_db": {"min": 0.0391482040286, "max": 0.443069934845, "dvar2": 0.00135516561568, "median": 0.158772423863, "dmean2": 0.0372100882232, "dmean": 0.0261366590858, "v