{"lowlevel": {"spectral_complexity": {"min": 0, "max": 21, "dvar2": 2.562915802, "median": 6, "dmean2": 1.44193148613, "dmean": 0.857208371162, "var": 17.1464328766, "dvar": 1.07127583027, "mean": 6.00122213364}, "silence_rate_20dB": {"min": 1, "max": 1, "dvar2": 0, "median": 1, "dmean2": 0, "dmean": 0, "var": 0, "dvar": 0, "mean": 1}, "average_loudness": 0.131394818425, "erbbands_spread": {"min": 0.696324050426, "max": 149.936981201, "dvar2": 79.7027816772, "median": 11.8552379608, "dmean2": 5.19697618484, "dmean": 3.41395258904, "var": 197.717285156, "dvar": 34.3059539795, "mean": 15.4423770905}, "spectral_kurtosis": {"min": -1.34007668495, "max": 244.011795044, "dvar2": 398.124694824, "median": 18.234992981, "dmean2": 17.133234024, "dmean": 10.1832141876, "var": 652.947265625, "dvar": 152.057357788, "mean": 26.2913513184}, "barkbands_kurtosis": {"min": -1.94855725765, "max": 1189.3996582, "dvar2": 2475.5769043, "median": 4.04765129089, "dmean2": 14.6657114029, "dmean": 9.67869567871, "var": 4072.29516602, "dvar": 1107.32202148, "mean": 22.1680793762}, "spectral_strongpeak": {"min": 0, "max": 14.3142757416, "dvar2": 2.19032692909, "median": 0.721968889236, "dmean2": 0.793105661869, "dmean": 0.492186158895, "var": 5.20847511292, "dvar": 0.930060565472, "mean": 1.72870194912}, "spectral_spread": {"min": 395634.75, "max": 15818878, "dvar2": 550458097664, "median": 2102482.75, "dmean2": 615313.1875, "dmean": 376664.75, "var": 1930837622780.0, "dvar": 243800768512, "mean": 2428191.75}, "spectral_rms": {"min": 1.27380531012e-07, "max": 0.0176642220467, "dvar2": 6.45571617497e-07, "median": 0.00236103171483, "dmean2": 0.000503514485899, "dmean": 0.000357620359864, "var": 5.39450820725e-06, "dvar": 3.34986651751e-07, "mean": 0.00283479806967}, "erbbands": {"min": [2.81465240004e-10, 5.86410364711e-10, 6.55348497691e-10, 4.43287934138e-10, 5.22041021522e-10, 6.94314050698e-10, 1.92066318405e-09, 1.91951010642e-09, 1.49233891911e-09, 2.37394570668e-09, 1.00053920704e-09, 2.24127671977e-09, 2.3541670835e-09, 1.24557109071e-09, 9.99888838393e-10, 7.8937056891e-10, 9.7670982413e-10, 5.55071766328e-10, 2.18135634555e-10, 1.73371472734e-09, 3.05799230382e-09, 4.44644898678e-09, 1.23544008357e-09, 6.7439442919e-10, 6.96692648017e-10, 9.23980780776e-10, 9.78830794196e-10, 6.51067699753e-10, 5.15503806309e-10, 6.39526986923e-10, 7.0835842747e-10, 4.99619401406e-10, 4.96958030283e-10, 4.79170314538e-10, 4.08417466513e-10, 2.27720883816e-10, 1.71775621505e-10, 1.55168808358e-10, 7.14102041388e-11, 2.96822679283e-12], "max": [0.0184792391956, 0.402829408646, 1.02823579311, 30.3165569305, 435.099365234, 1123.90222168, 507.635498047, 3780.41601562, 2299.02075195, 529.510620117, 6310.15087891, 1737.11303711, 2811.80566406, 542.905273438, 717.092407227, 2038.33447266, 1166.86633301, 1537.0123291, 2611.31713867, 910.698669434, 607.307922363, 456.869232178, 194.377243042, 423.174224854, 249.532867432, 229.507980347, 50.6289482117, 75.5694351196, 77.0365142822, 58.9790267944, 26.8179073334, 25.1479663849, 33.1845626831, 44.6000785828, 10.7278223038, 2.69063711166, 0.436213582754, 0.0113232312724, 0.00079838023521, 0.000357007433195], "dvar2": [2.57050800201e-07, 9.14575066417e-05, 0.00535367010161, 1.25264775753, 83.6080780029, 1447.59716797, 365.842437744, 11785.4697266, 6568.82128906, 539.129211426, 14582.3886719, 4473.81591797, 1683.94592285, 371.973358154, 634.878234863, 3129.24682617, 4037.36254883, 3754.51416016, 13070.1181641, 905.655395508, 355.498931885, 60.8682327271, 35.20885849, 60.0299949646, 28.1678104401, 28.2231464386, 3.04026937485, 4.81344509125, 3.16408777237, 2.12215828896, 0.545613467693, 0.494766801596, 0.730228543282, 0.528961956501, 0.0806346386671, 0.00338609679602, 6.5975029429e-05, 1.08002758736e-07, 4.71053196449e-10, 2.5213248156e-10], "median": [9.41834587138e-05, 0.00100198341534, 0.0129666496068, 0.112144961953, 0.659302651882, 2.34165763855, 3.93584251404, 2.93572378159, 1.51025605202, 1.66843259335, 1.3948186636, 1.67059803009, 1.03428959846, 0.707442820072, 0.736385822296, 0.675033211708, 0.709142506123, 0.539954066277, 0.299378037453, 0.187446892262, 0.139999091625, 0.139780312777, 0.143270730972, 0.13443775475, 0.0711707770824, 0.0490017086267, 0.028555855155, 0.0114756273106, 0.00642506312579, 0.00547290686518, 0.00462612649426, 0.00238003046252, 0.00146347435657, 0.000691571854986, 0.000177878508111, 6.07830770605e-05, 1.75205168489e-05, 3.27723364535e-06, 3.70104089598e-06, 6.78614560456e-06], "dmean2": [0.000209371006349, 0.0033665872179, 0.0309071280062, 0.365452408791, 2.78759336472, 8.65025424957, 7.0642619133, 23.3823795319, 11.6557798386, 5.73660707474, 10.9672851562, 11.7717781067, 6.31057310104, 4.06953907013, 5.75571393967, 6.8951997757, 21.4612998962, 19.2760295868, 22.8716411591, 4.49119520187, 2.45705318451, 1.0186303854, 1.64045834541, 1.34131968021, 0.659107029438, 1.06098604202, 0.501686036587, 0.182269841433, 0.157026559114, 0.153439715505, 0.0942617580295, 0.0689061656594, 0.0770209133625, 0.0440382361412, 0.0161780826747, 0.00361314951442, 0.000459073402453, 3.7003068428e-05, 4.20411015511e-06, 5.83464543524e-06], "dmean": [0.000140594740515, 0.0025951040443, 0.0194983799011, 0.226954802871, 1.8443261385, 5.46565198898, 4.91706609726, 16.4984283447, 8.25004291534, 3.78245925903, 8.11305332184, 8.12390136719, 4.81000900269, 3.01659488678, 4.10474348068, 4.802983284, 14.855556488, 13.7013883591, 16.076751709, 3.04723763466, 1.69468915462, 0.708124637604, 1.08499729633, 0.904445469379, 0.44966006279, 0.703840792179, 0.331804126501, 0.113136276603, 0.096911855042, 0.095390163362, 0.0597100369632, 0.0457280948758, 0.0497817210853, 0.0307828839868, 0.0120394527912, 0.00256379600614, 0.000292718643323, 2.29815959756e-05, 2.83397798739e-06, 4.06135313824e-06], "var": [2.52771337728e-06, 0.00138569111004, 0.0125340148807, 2.41785526276, 395.860046387, 1267.09130859, 1077.76574707, 23128.7070312, 8380.7734375, 802.914978027, 34469.6796875, 6691.85986328, 4994.13916016, 690.967407227, 1674.68164062, 3656.53100586, 18462.8710938, 15481.6367188, 50368.4257812, 1770.19689941, 704.23223877, 87.4808273315, 51.7614974976, 89.083152771, 29.1912593842, 32.5629959106, 5.33125305176, 1.26156771183, 1.19232845306, 1.41171228886, 0.426512748003, 0.402592986822, 0.730381190777, 0.469350218773, 0.0644935593009, 0.00302175083198, 2.89751424134e-05, 7.27873867845e-08, 3.4151667605e-10, 6.71034505739e-10], "dvar": [1.00029296846e-07, 3.8047459384e-05, 0.00187142379582, 0.528528869152, 48.1145896912, 583.596374512, 172.391723633, 5851.99951172, 3274.48999023, 223.986999512, 8789.25488281, 2051.05151367, 1071.30578613, 203.072296143, 304.151428223, 1499.3848877, 2065.09643555, 2136.63769531, 6790.88085938, 372.78729248, 158.431686401, 31.2204093933, 17.2749633789, 26.9417762756, 10.9035749435, 11.0456848145, 1.3471211195, 1.7261903286, 1.22403717041, 0.901971101761, 0.241565406322, 0.236358851194, 0.40268149972, 0.298544645309, 0.0408584289253, 0.00189458485693, 2.75076508842e-05, 5.05566895015e-08, 1.92169336e-10, 1.2142806205e-10], "mean": [0.000693375477567, 0.0148987350985, 0.0649078637362, 0.53671246767, 5.20144176483, 12.9352579117, 15.560508728, 42.1074066162, 19.2854480743, 9.29371166229, 22.7483520508, 19.0696029663, 12.7159175873, 6.93988323212, 11.6779756546, 12.2046422958, 53.3319664001, 46.0357627869, 52.6020011902, 8.5128068924, 4.01787853241, 1.59415566921, 2.58464932442, 2.23020744324, 1.18729317188, 1.99735796452, 0.834222257137, 0.157761231065, 0.132668808103, 0.122684262693, 0.0838099122047, 0.0684020966291, 0.0738004073501, 0.0384426675737, 0.0137926684693, 0.00286139477976, 0.000330222595949, 2.96605994663e-05, 8.99739643501e-06, 1.60607942234e-05]}, "zerocrossingrate": {"min": 0.0048828125, "max": 0.4091796875, "dvar2": 6.72946989653e-05, "median": 0.0263671875, "dmean2": 0.00430212030187, "dmean": 0.00370696838945, "var": 0.000683220569044, "dvar": 7.77686436777e-05, "mean": 0.0334434993565}, "spectral_contrast_coeffs": {"min": [-0.944863021374, -0.949870526791, -0.965791583061, -0.946806550026, -0.941455483437, -0.94365632534], "max": [-0.135552585125, -0.262575179338, -0.363049536943, -0.426325947046, -0.523905277252, -0.595281839371], "dvar2": [0.00231411587447, 0.00251418515109, 0.00166022032499, 0.00138807052281, 0.000780410948209, 0.000709578336682], "median": [-0.519845664501, -0.694095432758, -0.720257282257, -0.736709475517, -0.784386634827, -0.805911183357], "dmean2": [0.0580136962235, 0.0569924227893, 0.0487363673747, 0.0422170385718, 0.0318983569741, 0.0276331305504], "dmean": [0.0356184132397, 0.035942863673, 0.0309202037752, 0.0269838068634, 0.0203082431108, 0.0169785059988], "var": [0.021267965436, 0.012583842501, 0.00898089166731, 0.0147067671642, 0.00681543024257, 0.00350407930091], "dvar": [0.000952113885432, 0.00111608533189, 0.000716126640327, 0.000634817813989, 0.000354893913027, 0.000294068217045], "mean": [-0.527406692505, -0.673544347286, -0.709115326405, -0.714505493641, -0.776556074619, -0.801798939705]}, "dissonance": {"min": 0.0291623696685, "max": 0.499581128359, "dvar2": 0.00456912908703, "median": 0.395412117243, "dmean2": 0.070276260376, "dmean": 0.0414811223745, "var": 0.00495008472353, "dvar": 0.00165281805675, "mean": 0.385061830282}, "spectral_energyband_high": {"min": 5.61549938494e-13, "max": 0.00486610922962, "dvar2": 2.91203310354e-08, "median": 3.01583622786e-06, "dmean2": 3.66674939869e-05, "dmean": 2.46931922447e-05, "var": 3.26184981247e-08, "dvar": 1.40264884152e-08, "mean": 5.57500279683e-05}, "gfcc": {"mean": [-216.607116699, 152.236282349, -120.557975769, -6.64661312103, -66.7388534546, -20.9147586823, -42.9815750122, -20.4012317657, -27.7916221619, -11.6248064041, -3.29115629196, -12.3960504532, -4.10426473618], "icov": [[0.000310629751766, -0.000509767211042, 0.000737723778002, -0.000421981530963, 0.000767270394135, -0.000312064192258, 0.000580653431825, 3.75234267267e-05, 0.000175690234755, -0.000234761086176, -4.55398840131e-05, 0.000278188032098, -9.52266927925e-05], [-0.000509767211042, 0.00350823346525, -0.00205912068486, 0.00236043590121, -0.00318988459185, 0.00234449771233, -0.00364084565081, 0.00190868938807, -0.00270836357959, 0.00244771456346, -0.0013295148965, 0.00084101036191, -0.000322990963468], [0.000737723778002, -0.00205912068486, 0.00268479576334, -0.00150772125926, 0.00230331905186, -0.00164218049031, 0.00245904619806, -0.000959240423981, 0.00127446348779, -0.00117111764848, 0.000754231063183, -0.000448429869721, -6.23818195891e-05], [-0.000421981530963, 0.00236043590121, -0.00150772125926, 0.00382701004855, -0.00303928670473, 0.00182787224185, -0.00163597497158, 0.000288096896838, -0.000924747670069, 0.00074841605965, -2.93452885671e-05, -0.000255678751273, 0.000751061656047], [0.000767270394135, -0.00318988459185, 0.00230331905186, -0.00303928670473, 0.0059359469451, -0.00219747284427, 0.00219102902338, -5.02710418004e-06, 0.00102739396971, -0.00216072285548, 0.00163641956169, -9.33833071031e-05, 0.000883749802597], [-0.000312064192258, 0.00234449771233, -0.00164218049031, 0.00182787224185, -0.00219747284427, 0.00516711594537, -0.00301976269111, 0.000353126000846, -0.000928789901081, 0.000537719053682, -0.000221311769565, 0.00125577650033, 0.000189244994544], [0.000580653431825, -0.00364084565081, 0.00245904619806, -0.00163597497158, 0.00219102902338, -0.00301976269111, 0.00764676602557, -0.0028656325303, 0.00357877486385, -0.00322508811951, 0.00172092602588, -0.00227922433987, 0.00221628230065], [3.75234267267e-05, 0.00190868938807, -0.000959240423981, 0.000288096896838, -5.02710418004e-06, 0.000353126000846, -0.0028656325303, 0.00676144706085, -0.00433304160833, 0.00316301407292, -0.000936782860663, -0.000543418806046, -0.000764819269534], [0.000175690234755, -0.00270836357959, 0.00127446348779, -0.000924747670069, 0.00102739396971, -0.000928789901081, 0.00357877486385, -0.00433304160833, 0.00898972060531, -0.00457514822483, 0.00355121656321, -0.00127623206936, -0.000725585327018], [-0.000234761086176, 0.00244771456346, -0.00117111764848, 0.00074841605965, -0.00216072285548, 0.000537719053682, -0.00322508811951, 0.00316301407292, -0.00457514822483, 0.00710629904643, -0.00290297390893, 0.00105146341957, 0.000762329786085], [-4.55398840131e-05, -0.0013295148965, 0.000754231063183, -2.93452885671e-05, 0.00163641956169, -0.000221311769565, 0.00172092602588, -0.000936782860663, 0.00355121656321, -0.00290297390893, 0.00867900438607, -0.00358208082616, 0.00149182975292], [0.000278188032098, 0.00084101036191, -0.000448429869721, -0.000255678751273, -9.33833071031e-05, 0.00125577650033, -0.00227922433987, -0.000543418806046, -0.00127623206936, 0.00105146341957, -0.00358208082616, 0.00834570173174, -0.00341041851789], [-9.52266927925e-05, -0.000322990963468, -6.23818195891e-05, 0.000751061656047, 0.000883749802597, 0.000189244994544, 0.00221628230065, -0.000764819269534, -0.000725585327018, 0.000762329786085, 0.00149182975292, -0.00341041851789, 0.010155740194]], "cov": [[17892.6113281, -33.0341072083, -5116.11669922, -481.975097656, -651.008239746, -665.401611328, -519.150695801, -1299.98925781, -358.336608887, 103.288795471, 406.451141357, -977.505554199, -165.935531616], [-33.0341072083, 1879.54797363, 149.78477478, -355.136535645, 562.859741211, -144.886764526, 393.230926514, -242.284576416, 138.928283691, -17.6615905762, -27.5870704651, -92.218788147, -79.3540802002], [-5116.11669922, 149.78477478, 2279.25854492, 102.353637695, -67.7679138184, 184.44694519, -25.0889034271, 454.184539795, 123.564567566, -136.811798096, -119.626319885, 321.312561035, 149.933029175], [-481.975097656, -355.136535645, 102.353637695, 629.385620117, 221.473220825, 23.7449474335, 1.94410169125, 40.8119735718, 17.7893714905, 99.0773239136, -56.238368988, 15.6290435791, -71.4534683228], [-651.008239746, 562.859741211, -67.7679138184, 221.473220825, 748.440917969, 90.3148422241, 229.827758789, -162.388534546, 74.570602417, 190.057647705, -94.5764923096, -105.297157288, -164.600921631], [-665.401611328, -144.886764526, 184.44694519, 23.7449474335, 90.3148422241, 371.305725098, 119.528831482, 49.178768158, -1.7041349411, 79.5141906738, -39.6573944092, -21.8781757355, -56.2414283752], [-519.150695801, 393.230926514, -25.0889034271, 1.94410169125, 229.827758789, 119.528831482, 432.63571167, 2.44618749619, -4.89104890823, 104.039291382, -2.36143541336, 19.2837600708, -110.452537537], [-1299.98925781, -242.284576416, 454.184539795, 40.8119735718, -162.388534546, 49.178768158, 2.44618749619, 428.516723633, 111.863395691, -110.645484924, -35.7202415466, 170.868713379, 103.75302124], [-358.336608887, 138.928283691, 123.564567566, 17.7893714905, 74.570602417, -1.7041349411, -4.89104890823, 111.863395691, 256.275360107, 56.4589500427, -73.1282730103, 28.3294563293, 37.8635292053], [103.288795471, -17.6615905762, -136.811798096, 99.0773239136, 190.057647705, 79.5141906738, 104.039291382, -110.645484924, 56.4589500427, 331.352813721, 24.6650428772, -58.3573799133, -100.877456665], [406.451141357, -27.5870704651, -119.626319885, -56.238368988, -94.5764923096, -39.6573944092, -2.36143541336, -35.7202415466, -73.1282730103, 24.6650428772, 196.938461304, 50.9040222168, -5.75898361206], [-977.505554199, -92.218788147, 321.312561035, 15.6290435791, -105.297157288, -21.8781757355, 19.2837600708, 170.868713379, 28.3294563293, -58.3573799133, 50.9040222168, 271.082672119, 96.9092941284], [-165.935531616, -79.3540802002, 149.933029175, -71.4534683228, -164.600921631, -56.2414283752, -110.452537537, 103.75302124, 37.8635292053, -100.877456665, -5.75898361206, 96.9092941284, 191.54788208]]}, "spectral_flux": {"min": 1.62061187439e-05, "max": 0.36093044281, "dvar2": 0.00115621718578, "median": 0.0209831316024, "dmean2": 0.0207684747875, "dmean": 0.0124624697492, "var": 0.00101368641481, "dvar": 0.000434330722783, "mean": 0.0301164984703}, "silence_rate_30dB": {"min": 0, "max": 1, "dvar2": 0.0177971180528, "median": 1, "dmean2": 0.0152811734006, "dmean": 0.0076400032267, "var": 0.0131908990443, "dvar": 0.00758214248344, "mean": 0.986631035805}, "spectral_energyband_middle_high": {"min": 3.10878303352e-13, "max": 0.0573204383254, "dvar2": 7.85030897532e-06, "median": 0.000381535384804, "dmean2": 0.00126005313359, "dmean": 0.000894281663932, "var": 3.24388274748e-05, "dvar": 3.97709300159e-06, "mean": 0.003490567673}, "barkbands_spread": {"min": 0.0607248097658, "max": 78.4512329102, "dvar2": 27.401309967, "median": 5.70979118347, "dmean2": 2.64171504974, "dmean": 1.72046625614, "var": 44.0735664368, "dvar": 11.7074041367, "mean": 7.55782985687}, "spectral_centroid": {"min": 196.166656494, "max": 7765.65722656, "dvar2": 60459.7460938, "median": 524.828796387, "dmean2": 128.239761353, "dmean": 87.9248962402, "var": 260836.890625, "dvar": 35741.0742188, "mean": 710.114807129}, "pitch_salience": {"min": 0.0401706360281, "max": 0.846417605877, "dvar2": 0.00747151440009, "median": 0.434481889009, "dmean2": 0.0870506763458, "dmean": 0.0561315789819, "var": 0.0238850340247, "dvar": 0.00327013689093, "mean": 0.435493022203}, "erbbands_skewness": {"min": -8.532954216, "max": 10.812122345, "dvar2": 0.633384525776, "median": 0.695874452591, "dmean2": 0.731842279434, "dmean": 0.499020129442, "var": 4.34255599976, "dvar": 0.320815116167, "mean": 0.7894307971}, "erbbands_crest": {"min": 3.06365418434, "max": 34.7791175842, "dvar2": 15.7079553604, "median": 16.6926956177, "dmean2": 3.91210079193, "dmean": 2.55166554451, "var": 49.3910369873, "dvar": 7.24967050552, "mean": 17.5967845917}, "melbands": {"min": [2.36354468983e-12, 4.76741584578e-13, 8.01757613208e-14, 4.27107994967e-14, 6.00297738493e-14, 4.29488869057e-14, 2.54592862363e-14, 2.35655255482e-14, 8.97060830702e-15, 1.34327092635e-14, 1.16643230041e-14, 5.4166473722e-15, 3.42005286091e-15, 2.55344582928e-15, 1.41994771569e-15, 2.90066030447e-15, 7.40920206573e-16, 1.67298403854e-16, 1.26206903289e-15, 3.54139837742e-15, 3.39997606248e-15, 5.74280503184e-15, 1.31878095921e-15, 7.80128832306e-16, 5.07209575684e-16, 4.82770345815e-16, 5.74645044988e-16, 6.15026652534e-16, 6.90852142e-16, 4.66798110226e-16, 3.44688172954e-16, 2.75055659003e-16, 2.90464538272e-16, 4.07028209685e-16, 5.00148603156e-16, 2.43383773616e-16, 3.19460196593e-16, 3.17133211798e-16, 4.32600769638e-16, 3.91062882709e-16], "max": [0.000247152987868, 0.000479740148876, 0.0173124708235, 0.0483864806592, 0.0175231285393, 0.0731346160173, 0.0308416560292, 0.0100176613778, 0.0470701679587, 0.0117076281458, 0.0138874119148, 0.00237744231708, 0.00235164747573, 0.00400707637891, 0.00270820688456, 0.00415617180988, 0.00353582692333, 0.00402705324814, 0.00173709040973, 0.00278892717324, 0.00072842463851, 0.000753122149035, 0.000148240796989, 0.000136476199259, 0.000400907476433, 0.000188926060218, 7.06005157554e-05, 0.000204639698495, 3.30996044795e-05, 4.93442239531e-05, 7.11450120434e-05, 5.55109363631e-05, 4.76316090499e-05, 2.57948267972e-05, 1.87474397535e-05, 1.57113481691e-05, 2.04408042919e-05, 3.04946843244e-05, 2.15881118493e-05, 5.36762272532e-05], "dvar2": [4.70560743149e-11, 7.97325205859e-10, 1.69282841966e-07, 2.50326297646e-06, 8.08178867828e-07, 5.15498413733e-06, 1.22155995541e-06, 9.31518826519e-08, 8.28158079003e-07, 1.65746655512e-07, 3.94873325149e-08, 6.13922646053e-09, 8.79223804873e-09, 1.33269706382e-08, 6.15758199984e-09, 4.19951255992e-08, 1.9427673692e-08, 3.75530539998e-08, 2.73906786141e-09, 6.42934105954e-09, 2.16903231487e-10, 1.61095359275e-10, 2.01481730605e-11, 2.91535545704e-11, 5.40850871034e-11, 2.04675790205e-11, 3.86071469932e-12, 2.31689875618e-11, 2.95622142217e-12, 1.51353246342e-12, 2.55278415594e-12, 1.48705440323e-12, 9.73832559731e-13, 5.44388590196e-13, 2.43175922107e-13, 1.11579087712e-13, 3.25704225959e-13, 4.53191195508e-13, 4.18384836325e-13, 6.60264106844e-13], "median": [6.28858344953e-07, 3.29643035002e-06, 3.20811814163e-05, 0.000106827748823, 0.000163541204529, 6.35290125501e-05, 1.81603063538e-05, 1.71477331605e-05, 9.36734522838e-06, 8.70481744641e-06, 3.84146187571e-06, 1.92215156858e-06, 1.65780124917e-06, 1.25374344861e-06, 1.07718369691e-06, 8.7340401933e-07, 6.74537147916e-07, 2.6627196803e-07, 1.34464215762e-07, 1.42823012084e-07, 1.15167708259e-07, 7.1875319918e-08, 8.68130385356e-08, 9.41059568049e-08, 4.02255224685e-08, 2.58678127807e-08, 1.59395483479e-08, 2.35406965032e-08, 1.66054476836e-08, 4.39330793967e-09, 2.6176059098e-09, 2.96857671778e-09, 1.69568070696e-09, 2.03530436949e-09, 2.24984830766e-09, 9.57435686288e-10, 1.1930801902e-09, 7.29683369283e-10, 6.29863716739e-10, 3.27795901534e-10], "dmean2": [2.46017566496e-06, 1.14482136269e-05, 0.00012110415264, 0.000402478937758, 0.000293678138405, 0.000485684548039, 0.000162624535733, 6.78200958646e-05, 8.75160039868e-05, 7.03608820913e-05, 2.94861401926e-05, 1.61053012562e-05, 1.91649542103e-05, 1.74680299097e-05, 1.45330532177e-05, 6.58985663904e-05, 3.41706072504e-05, 3.96023788198e-05, 9.76367846306e-06, 6.84940232532e-06, 2.14171268453e-06, 1.35546929414e-06, 1.294994604e-06, 1.37692347835e-06, 1.19799153708e-06, 6.4672320832e-07, 3.01610640463e-07, 9.64526293501e-07, 5.06160688474e-07, 1.33510070555e-07, 1.02418169945e-07, 9.77822054438e-08, 9.01483829807e-08, 8.08708335853e-08, 6.12196373595e-08, 3.90944734363e-08, 4.84748134966e-08, 6.06192287478e-08, 4.54085657964e-08, 3.9562785048e-08], "dmean": [1.81867665106e-06, 7.54194616093e-06, 7.85486481618e-05, 0.000257633684669, 0.000198428853764, 0.000342053273926, 0.000113459362183, 4.50328006991e-05, 6.46231274004e-05, 4.84649790451e-05, 2.27845303016e-05, 1.19572832773e-05, 1.3511546058e-05, 1.23583413369e-05, 1.00136157926e-05, 4.60151459265e-05, 2.43075501203e-05, 2.7433361538e-05, 7.00091777617e-06, 4.42445661974e-06, 1.557409405e-06, 9.58290229391e-07, 8.42517863475e-07, 9.16237411275e-07, 8.12112261883e-07, 4.53326663319e-07, 2.02305443509e-07, 6.35802564375e-07, 3.37888877766e-07, 8.51191330753e-08, 6.20510931526e-08, 6.01978129566e-08, 5.39033564451e-08, 5.12158884192e-08, 3.83079736821e-08, 2.49181191236e-08, 3.13719290546e-08, 3.93598575954e-08, 3.04805745088e-08, 2.67632476181e-08], "var": [6.1587157596e-10, 2.91588864165e-09, 6.49090168281e-07, 3.46996012013e-06, 1.44528951296e-06, 9.50588128035e-06, 1.58573402587e-06, 1.5129759845e-07, 1.92209745364e-06, 2.589944188e-07, 1.19180427305e-07, 1.12290585719e-08, 2.13669935079e-08, 1.8233768273e-08, 7.8405104631e-09, 2.08372341604e-07, 7.44030685951e-08, 1.33423725401e-07, 1.20483703014e-08, 1.10981366319e-08, 3.83188425435e-10, 1.93887836342e-10, 3.42557163191e-11, 4.66967194079e-11, 7.27530813371e-11, 2.85404685996e-11, 7.1356883076e-12, 2.54493388169e-11, 6.21972352094e-12, 6.06599622963e-13, 5.80291077776e-13, 4.71044969523e-13, 5.57158431804e-13, 3.91397770314e-13, 1.69783729177e-13, 8.70131603489e-14, 2.05988682058e-13, 4.29195090926e-13, 2.75466417255e-13, 4.70170181e-13], "dvar": [1.8931108417e-11, 2.78056577763e-10, 8.98228691426e-08, 1.03851107269e-06, 3.48456239863e-07, 2.52714289672e-06, 6.05268439813e-07, 4.43705481246e-08, 4.88934688292e-07, 7.50452500142e-08, 2.5651957003e-08, 3.43040174045e-09, 3.82657949771e-09, 6.54708509629e-09, 3.03884406527e-09, 2.15522728553e-08, 1.12920846007e-08, 1.93808791238e-08, 1.52837020817e-09, 2.45857556536e-09, 1.2166456731e-10, 8.50670853203e-11, 1.01222745463e-11, 1.41113700586e-11, 2.45752411476e-11, 9.06687485508e-12, 1.59213506094e-12, 9.09731665e-12, 1.30639932466e-12, 6.15109417394e-13, 8.85953040531e-13, 5.58912454079e-13, 3.92975121844e-13, 2.37947682391e-13, 1.04514209516e-13, 5.1333933713e-14, 1.44069760462e-13, 2.42652604824e-13, 1.96120165464e-13, 3.50372535889e-13], "mean": [1.02839539977e-05, 2.85623209493e-05, 0.000200627502636, 0.000669864937663, 0.000595197430812, 0.000880418869201, 0.000262244808255, 0.000109419823275, 0.000175390494405, 0.000111319648568, 5.90205927438e-05, 2.50065459113e-05, 3.72941758542e-05, 3.04747100017e-05, 2.28577737289e-05, 0.000167918857187, 7.12224064046e-05, 8.63614113769e-05, 2.19664798351e-05, 1.05843346319e-05, 3.22108894579e-06, 1.73900275513e-06, 1.97871077035e-06, 2.06676577363e-06, 1.83283486876e-06, 1.03780337213e-06, 5.19735579019e-07, 1.74715387402e-06, 8.60719353568e-07, 9.9109861651e-08, 7.84111051644e-08, 8.10397438045e-08, 6.48002043135e-08, 6.59036771822e-08, 5.17013667434e-08, 3.62206122873e-08, 4.38748273268e-08, 5.69687976792e-08, 3.87758127829e-08, 3.09337089277e-08]}, "spectral_entropy": {"min": 3.40539503098, "max": 8.7557849884, "dvar2": 0.110438331962, "median": 5.86426258087, "dmean2": 0.304454505444, "dmean": 0.198658645153, "var": 0.424328833818, "dvar": 0.053040292114, "mean": 5.88163280487}, "spectral_rolloff": {"min": 86.1328125, "max": 11800.1953125, "dvar2": 336507.34375, "median": 667.529296875, "dmean2": 192.051345825, "dmean": 110.612113953, "var": 599696.6875, "dvar": 173968.4375, "mean": 865.186645508}, "barkbands": {"min": [9.66147474524e-12, 4.69326530764e-12, 4.90320620477e-13, 9.38415537226e-14, 2.44770810608e-13, 2.52568636578e-13, 1.3637059689e-13, 4.94819232789e-14, 8.90367694937e-14, 7.25030319527e-14, 2.23592811746e-14, 2.1516891662e-14, 2.57750177674e-14, 3.19518573045e-15, 1.1960175519e-14, 5.12094605273e-14, 7.61994769583e-14, 1.74092731469e-14, 1.37071360799e-14, 2.20934212494e-14, 1.76229338197e-14, 1.50387701288e-14, 2.43492089013e-14, 2.77016568863e-14, 5.36815329601e-14, 8.46100262335e-14, 3.28012817645e-13], "max": [4.2309598939e-05, 0.00144691998139, 0.00131689873524, 0.0215674843639, 0.189795032144, 0.301032751799, 0.102385051548, 0.23167976737, 0.0625464767218, 0.0714749917388, 0.0203640144318, 0.0400413498282, 0.0303091239184, 0.0298136472702, 0.0432475730777, 0.0264895763248, 0.0144608700648, 0.00279651535675, 0.00516810500994, 0.00357782910578, 0.00145609420724, 0.00146432186011, 0.00111980806105, 0.00156462297309, 0.00240495917387, 0.000240233261138, 4.93847028338e-06], "dvar2": [2.4001545109e-12, 1.12880571557e-09, 9.17866316286e-09, 7.79249603511e-07, 4.756224007e-05, 9.22557228478e-05, 8.72030886967e-06, 2.03410727408e-05, 5.19684499523e-06, 1.07584662601e-06, 4.93984032346e-07, 1.19860942505e-06, 2.32167280956e-06, 1.3017161109e-06, 3.11845315082e-06, 5.85554005283e-07, 5.9046854517e-08, 1.48906771358e-08, 1.83532176123e-08, 9.81793313315e-09, 1.94632954198e-09, 2.36742447868e-09, 6.38470443182e-10, 1.69303193687e-09, 2.20472085033e-09, 3.14669991452e-11, 2.04288930878e-14], "median": [1.41240761309e-07, 2.17688602788e-06, 6.67887888994e-06, 4.23131932621e-05, 0.000693169189617, 0.000353905517841, 6.47166889394e-05, 7.18926530681e-05, 4.70253216918e-05, 2.34432554862e-05, 1.2148215319e-05, 5.66930975765e-06, 9.02873944142e-06, 3.72142585547e-06, 2.09469862966e-06, 1.82575104191e-06, 1.49128231897e-06, 1.90263153854e-06, 1.0682977063e-06, 7.67643655308e-07, 2.33499577007e-07, 1.43246893458e-07, 1.34983551447e-07, 8.82454713746e-08, 3.99965358611e-08, 8.69463701036e-09, 3.28506111202e-09], "dmean2": [6.11164693964e-07, 1.16027731565e-05, 3.67761458619e-05, 0.000248851836659, 0.00183663272765, 0.00212828023359, 0.000509919889737, 0.000476742716273, 0.000415907328716, 0.000172107029357, 0.000145921148942, 0.000136578673846, 0.000501052069012, 0.000275006575976, 0.00033365591662, 7.3526862252e-05, 2.75829024758e-05, 3.26828812831e-05, 2.4142287657e-05, 2.43916529143e-05, 5.16275349582e-06, 4.90902311867e-06, 3.21920447277e-06, 3.79679681828e-06, 3.01840327666e-06, 3.77817997332e-07, 1.36019382424e-08], "dmean": [3.77310698241e-07, 8.99826409295e-06, 2.25582753046e-05, 0.000151744650793, 0.00119077134877, 0.00148987735156, 0.000356710399501, 0.000344626983861, 0.000288249109872, 0.000135835536639, 0.000102153448097, 9.33736155275e-05, 0.00034886537469, 0.000192665713257, 0.000230861813179, 4.85700184072e-05, 1.93916421267e-05, 2.10576272366e-05, 1.58250622917e-05, 1.61149928317e-05, 3.21206584886e-06, 3.0104565667e-06, 2.0576303541e-06, 2.51842311627e-06, 2.21334607886e-06, 2.50090664622e-07, 7.88396992135e-09], "var": [8.218951561e-12, 1.82683432826e-08, 1.39510891728e-08, 1.00730960639e-06, 6.78144060657e-05, 0.000169540173374, 1.48137478391e-05, 4.67310674139e-05, 8.036959116e-06, 3.18344132211e-06, 1.19635296869e-06, 1.39861413118e-06, 1.12551952043e-05, 5.13709846928e-06, 1.2514626178e-05, 1.05798960703e-06, 6.85036596337e-08, 2.16961648647e-08, 2.07837835831e-08, 1.61198805415e-08, 5.88430415505e-10, 1.02507491384e-09, 6.0600696683e-10, 1.75314063267e-09, 2.13926054649e-09, 2.3988219397e-11, 4.62839681742e-15], "dvar": [9.45582587925e-13, 4.80000206249e-10, 3.2051910015e-09, 3.16442054782e-07, 1.98371872102e-05, 4.42906457465e-05, 4.70838631372e-06, 1.21104776554e-05, 2.47591833613e-06, 7.22157437849e-07, 2.1396091654e-07, 5.74964758471e-07, 1.19898152207e-06, 7.40127632071e-07, 1.62950095728e-06, 2.31470991707e-07, 3.17988195775e-08, 6.44803677119e-09, 7.81865328037e-09, 3.9706087307e-09, 7.19908910263e-10, 9.33311206097e-10, 2.96358465546e-10, 9.22119325342e-10, 1.25528376582e-09, 1.63796198827e-11, 7.0668437363e-15], "mean": [8.71570023264e-07, 5.28952732566e-05, 5.83527289564e-05, 0.000305574794766, 0.00333585753106, 0.00400326075032, 0.000778489804361, 0.000933753908612, 0.000636069395114, 0.000321017199894, 0.000282925640931, 0.000209604753763, 0.00125591666438, 0.000566448667087, 0.000737959286198, 0.000111366818601, 3.39483303833e-05, 4.6445933549e-05, 3.26705230691e-05, 4.51845189673e-05, 4.10720576838e-06, 3.72933868675e-06, 2.99155067296e-06, 3.95677943743e-06, 2.67545760835e-06, 2.83931655076e-07, 1.0562302144e-08]}, "melbands_flatness_db": {"min": 0.0710545033216, "max": 0.669080674648, "dvar2": 0.00144734035712, "median": 0.363782823086, "dmean2": 0.0357442162931, "dmean": 0.0237125065178, "var": 0.00627083703876, "dvar": 0.000704719219357, "mean": 0.371916949749}, "melbands_skewness": {"min": -3.23571920395, "max": 17.2568778992, "dvar2": 1.23760938644, "median": 1.67779660225, "dmean2": 0.902064442635, "dmean": 0.606551349163, "var": 5.75666952133, "dvar": 0.573817193508, "mean": 2.13773679733}, "barkbands_skewness": {"min": -7.40844869614, "max": 28.5561599731, "dvar2": 2.24666905403, "median": 1.38777279854, "dmean2": 1.02738273144, "dmean": 0.694072365761, "var": 9.50467300415, "dvar": 1.05693888664, "mean": 2.05928277969}, "silence_rate_60dB": {"min": 0, "max": 1, "dvar2": 0.068827599287, "median": 0, "dmean2": 0.0660146698356, "dmean": 0.0330048128963, "var": 0.237961560488, "dvar": 0.0319195315242, "mean": 0.390374332666}, "spectral_energyband_low": {"min": 9.69896732372e-12, "max": 0.00320557551458, "dvar2": 5.31745314447e-08, "median": 4.05941937061e-05, "dmean2": 9.50986432144e-05, "dmean": 5.85252346355e-05, "var": 7.7808024912e-08, "dvar": 1.84434529871e-08, "mean": 0.000172545711393}, "spectral_energyband_middle_low": {"min": 8.96937363791e-13, "max": 0.311533898115, "dvar2": 0.000191549988813, "median": 0.00297464290634, "dmean2": 0.00440497742966, "dmean": 0.00303195044398, "var": 0.00042600260349, "dvar": 9.11341485335e-05, "mean": 0.0102094979957}, "melbands_kurtosis": {"min": -1.94256067276, "max": 738.165283203, "dvar2": 901.882263184, "median": 4.97271442413, "dmean2": 11.8515911102, "dmean": 7.74102115631, "var": 1809.66442871, "dvar": 379.260498047, "mean": 19.9413204193}, "spectral_decrease": {"min": -8.18354379817e-08, "max": -4.16370749829e-18, "dvar2": 1.29553333595e-17, "median": -1.42518552515e-09, "dmean2": 1.27108745751e-09, "dmean": 8.81187567359e-10, "var": 3.31026431487e-17, "dvar": 6.19590869718e-18, "mean": -3.42713502022e-09}, "erbbands_kurtosis": {"min": -1.89021110535, "max": 185.756729126, "dvar2": 94.1693191528, "median": 2.70889759064, "dmean2": 5.0669465065, "dmean": 3.37993097305, "var": 219.754119873, "dvar": 42.7551994324, "mean": 7.93762588501}, "melbands_crest": {"min": 4.36306858063, "max": 35.0049133301, "dvar2": 12.7219400406, "median": 16.9454078674, "dmean2": 3.77004575729, "dmean": 2.45155858994, "var": 36.5721435547, "dvar": 5.54433584213, "mean": 17.7282905579}, "melbands_spread": {"min": 0.232480570674, "max": 242.428359985, "dvar2": 100.222808838, "median": 7.74059104919, "dmean2": 4.18142938614, "dmean": 2.76631045341, "var": 217.431442261, "dvar": 49.0370674133, "mean": 12.7277345657}, "spectral_energy": {"min": 1.66314462202e-11, "max": 0.319825351238, "dvar2": 0.000199365254957, "median": 0.00571383349597, "dmean2": 0.00505367480218, "dmean": 0.00350734055974, "var": 0.000518861634191, "dvar": 9.56056755967e-05, "mean": 0.0137663846835}, "mfcc": {"mean": [-852.10333252, 170.56892395, 7.13075065613, 3.75878620148, -9.95323562622, -14.5383377075, -10.6816663742, -17.2870197296, -21.4334793091, -10.3390378952, -10.2638320923, -6.54976415634, -12.6048021317], "icov": [[0.000373702816432, -0.000260774424532, 0.000570156378672, -0.000170366256498, 0.00046000990551, -0.000169945255038, 0.000522720394656, -0.000190050312085, 0.00058365665609, -0.000448385457275, 0.000285119720502, -0.000165604709764, 3.15598335874e-05], [-0.000260774424532, 0.000802171532996, -0.000328472058754, 0.000580537132919, -0.000478433823446, 0.000201949675102, -0.000458614522358, 0.000616495148279, -0.000776684144512, 0.000820954039227, -0.000466385099571, 0.000117916591989, 0.000158458686201], [0.000570156378672, -0.000328472058754, 0.00170923303813, -0.000223286566325, 0.000470572063932, -0.000183789088624, 0.000787345459685, -0.000724478915799, 0.000410506880144, -0.000279026047792, 0.0002619678271, 7.58614914957e-05, -0.000254911748925], [-0.000170366256498, 0.000580537132919, -0.000223286566325, 0.00335211399943, -0.00186111603398, 0.000595896388404, -3.03796878143e-05, 0.000981122371741, -0.0013318968704, 0.00156890414655, -0.000844763009809, -0.000643212581053, 0.000325229746522], [0.00046000990551, -0.000478433823446, 0.000470572063932, -0.00186111603398, 0.004675576929, -0.001799978083, 0.00138135266025, -0.00149893574417, 0.00109785166569, -0.00147633499, 0.000827251526061, 0.000184560543858, 0.000320898630889], [-0.000169945255038, 0.000201949675102, -0.000183789088624, 0.000595896388404, -0.001799978083, 0.00536539964378, -0.00316699477844, 0.00293033267371, -0.00260000023991, 0.00111506681424, -0.00310792471282, 0.000921540486161, -0.000211714344914], [0.000522720394656, -0.000458614522358, 0.000787345459685, -3.03796878143e-05, 0.00138135266025, -0.00316699477844, 0.0062899957411, -0.00317993597127, 0.00288693094626, -0.00113805616274, 0.000920332269743, -0.00164544640575, 0.000451403553598], [-0.000190050312085, 0.000616495148279, -0.000724478915799, 0.000981122371741, -0.00149893574417, 0.00293033267371, -0.00317993597127, 0.00759279401973, -0.00426654750481, 0.00146404607221, -0.00010139655933, 0.000197355577257, -0.00101798190735], [0.00058365665609, -0.000776684144512, 0.000410506880144, -0.0013318968704, 0.00109785166569, -0.00260000023991, 0.00288693094626, -0.00426654750481, 0.0081236558035, -0.003163526766, 0.000128735788167, -0.000268996489467, -0.00104597792961], [-0.000448385457275, 0.000820954039227, -0.000279026047792, 0.00156890414655, -0.00147633499, 0.00111506681424, -0.00113805616274, 0.00146404607221, -0.003163526766, 0.00720819365233, -0.00337286177091, 0.00261600594968, -4.53169413959e-05], [0.000285119720502, -0.000466385099571, 0.0002619678271, -0.000844763009809, 0.000827251526061, -0.00310792471282, 0.000920332269743, -0.00010139655933, 0.000128735788167, -0.00337286177091, 0.0103182252496, -0.0049801771529, 0.00227552535944], [-0.000165604709764, 0.000117916591989, 7.58614914957e-05, -0.000643212581053, 0.000184560543858, 0.000921540486161, -0.00164544640575, 0.000197355577257, -0.000268996489467, 0.00261600594968, -0.0049801771529, 0.00684511940926, -0.00234338548034], [3.15598335874e-05, 0.000158458686201, -0.000254911748925, 0.000325229746522, 0.000320898630889, -0.000211714344914, 0.000451403553598, -0.00101798190735, -0.00104597792961, -4.53169413959e-05, 0.00227552535944, -0.00234338548034, 0.00591820292175]], "cov": [[11279.9335938, 1882.56860352, -3354.39404297, -446.89352417, -769.665649414, -206.335403442, -321.990722656, -926.593566895, -909.368103027, 54.6567115784, -26.9624729156, -8.53263092041, -484.265991211], [1882.56860352, 2073.19604492, -372.651306152, -240.875869751, -75.6428604126, 143.534393311, 44.7374076843, -229.101730347, -82.9435577393, -68.904510498, 104.423034668, 42.3445205688, -140.516326904], [-3354.39404297, -372.651306152, 1712.38928223, 95.9211425781, 170.96661377, -60.3639793396, -12.2868204117, 347.09487915, 290.903594971, -34.8288764954, -72.3453216553, -52.2525062561, 203.83581543], [-446.89352417, -240.875869751, 95.9211425781, 511.121826172, 196.587768555, 62.2988395691, -29.318025589, 6.3055434227, 78.6631088257, -48.2866516113, 76.1422729492, 97.1859207153, 2.50451779366], [-769.665649414, -75.6428604126, 170.96661377, 196.587768555, 396.288360596, 137.809616089, -4.1875705719, 51.5982398987, 107.269020081, 48.8829040527, 50.5041770935, -13.6764497757, -10.1737384796], [-206.335403442, 143.534393311, -60.3639793396, 62.2988395691, 137.809616089, 509.839019775, 181.581939697, -93.9041366577, 87.5504455566, 59.363910675, 221.240112305, 94.3064193726, -59.7983169556], [-321.990722656, 44.7374076843, -12.2868204117, -29.318025589, -4.1875705719, 181.581939697, 326.814666748, 52.7323417664, -8.36076164246, -10.6343412399, 82.6839065552, 105.760253906, 0.993406832218], [-926.593566895, -229.101730347, 347.09487915, 6.3055434227, 51.5982398987, -93.9041366577, 52.7323417664, 337.487670898, 162.570571899, -11.2358465195, -58.5864372253, 3.73425006866, 126.202163696], [-909.368103027, -82.9435577393, 290.903594971, 78.6631088257, 107.269020081, 87.5504455566, -8.36076164246, 162.570571899, 323.412139893, 84.0114440918, 49.0029945374, 6.84346723557, 82.8652572632], [54.6567115784, -68.904510498, -34.8288764954, -48.2866516113, 48.8829040527, 59.363910675, -10.6343412399, -11.2358465195, 84.0114440918, 252.460083008, 60.369140625, -74.3637084961, -34.8172874451], [-26.9624729156, 104.423034668, -72.3453216553, 76.1422729492, 50.5041770935, 221.240112305, 82.6839065552, -58.5864372253, 49.0029945374, 60.369140625, 269.885772705, 152.106735229, -55.5789260864], [-8.53263092041, 42.3445205688, -52.2525062561, 97.1859207153, -13.6764497757, 94.3064193726, 105.760253906, 3.73425006866, 6.84346723557, -74.3637084961, 152.106735229, 327.724609375, 59.9334144592], [-484.265991211, -140.516326904, 203.83581543, 2.50451779366, -10.1737384796, -59.7983169556, 0.993406832218, 126.202163696, 82.8652572632, -34.8172874451, -55.5789260864, 59.9334144592, 263.481750488]]}, "spectral_contrast_valleys": {"min": [-16.7332267761, -17.2085437775, -17.8000106812, -19.1492462158, -18.2637386322, -20.1572151184], "max": [-7.13225460052, -4.55820655823, -6.25823640823, -6.7888302803, -7.27576303482, -8.2862329483], "dvar2": [0.240807458758, 0.200415596366, 0.165474087, 0.180580437183, 0.184137284756, 0.367086797953], "median": [-9.99001502991, -7.92238903046, -9.11020278931, -10.064748764, -10.3057985306, -13.3164510727], "dmean2": [0.559681773186, 0.504921019077, 0.472484260798, 0.439393669367, 0.396096378565, 0.49792611599], "dmean": [0.328616648912, 0.305349856615, 0.286414504051, 0.26779705286, 0.246617674828, 0.30695950985], "var": [1.25536799431, 2.08761739731, 1.73867750168, 1.78042006493, 1.4293025732, 1.36951065063], "dvar": [0.0818346366286, 0.0780355855823, 0.067513667047, 0.0740269422531, 0.0789735615253, 0.14894028008], "mean": [-9.78308868408, -8.16958904266, -9.39706516266, -10.322514534, -10.5481128693, -13.3098611832]}, "barkbands_flatness_db": {"min": 0.0404643416405, "max": 0.56663197279, "dvar2": 0.00112479249947, "median": 0.301614761353, "dmean2": 0.033382922411, "dmean": 0.0219940636307, "var": 0.00458132242784, "dvar": 0.000540366978385, "mean": 0.301833301783}, "dynamic_complexity": 8.85464000702, "spectral_skewness": {"min": -0.658400833607, "max": 12.6637144089, "dvar2": 1.25807964802, "median": 3.168176651, "dmean2": 1.15632688999, "dmean": 0.694164872169, "var": 2.8284866