{"lowlevel": {"spectral_complexity": {"min": 0, "max": 59, "dvar2": 38.4247016907, "median": 28, "dmean2": 6.50713968277, "dmean": 4.15076112747, "var": 166.408309937, "dvar": 18.180267334, "mean": 26.7819652557}, "silence_rate_20dB": {"min": 1, "max": 1, "dvar2": 0, "median": 1, "dmean2": 0, "dmean": 0, "var": 0, "dvar": 0, "mean": 1}, "average_loudness": 0.904396474361, "erbbands_spread": {"min": 7.58010053635, "max": 101.955657959, "dvar2": 80.7367935181, "median": 40.8195037842, "dmean2": 9.92031860352, "dmean": 6.35473155975, "var": 178.532562256, "dvar": 35.11668396, "mean": 42.2484283447}, "spectral_kurtosis": {"min": -1.17554736137, "max": 17.7592430115, "dvar2": 1.49119591713, "median": 3.33503007889, "dmean2": 1.28106164932, "dmean": 0.756856560707, "var": 1.82514035702, "dvar": 0.539915502071, "mean": 3.38544583321}, "barkbands_kurtosis": {"min": -1.87207984924, "max": 41.2507171631, "dvar2": 5.41390323639, "median": 0.060234554112, "dmean2": 1.52429103851, "dmean": 0.92682403326, "var": 4.67984676361, "dvar": 2.10391807556, "mean": 0.570249378681}, "spectral_strongpeak": {"min": 0, "max": 10.4967889786, "dvar2": 1.8910279274, "median": 0.325084716082, "dmean2": 0.931778311729, "dmean": 0.53992331028, "var": 1.14169490337, "dvar": 0.721125781536, "mean": 0.773832917213}, "spectral_spread": {"min": 2691353.75, "max": 39822860, "dvar2": 280684625920, "median": 4386799.5, "dmean2": 450402.9375, "dmean": 329830.8125, "var": 1011173294080.0, "dvar": 208150364160, "mean": 4541596.5}, "spectral_rms": {"min": 3.18531681066e-12, "max": 0.00930573791265, "dvar2": 1.13928138035e-06, "median": 0.00440895743668, "dmean2": 0.000882820459083, "dmean": 0.000575187907089, "var": 3.0007111036e-06, "dvar": 5.08223081397e-07, "mean": 0.00429108878598}, "erbbands": {"min": [2.79224529485e-21, 5.23771410103e-21, 2.39975483927e-20, 7.42810451895e-20, 1.26987242525e-19, 1.25648631649e-19, 3.75197519476e-19, 7.83897508122e-19, 7.79384203905e-19, 7.56217253091e-19, 1.53005252265e-18, 1.88132242119e-18, 6.33359218636e-19, 1.94887536669e-18, 2.25664569797e-18, 9.37247829119e-18, 4.40859307786e-18, 3.58834051653e-18, 5.3960399341e-18, 6.67026038254e-18, 1.15424890209e-17, 1.6001759319e-17, 1.51218790296e-17, 1.05423085463e-17, 1.35529457095e-17, 8.38747988957e-18, 1.78410301526e-17, 1.73677918524e-17, 1.77975039088e-17, 1.43121535824e-17, 1.36211814925e-17, 1.21599313717e-17, 1.21883590878e-17, 1.39725893235e-17, 9.47725974093e-18, 7.61979672412e-18, 3.67003659614e-18, 1.22000785827e-18, 3.62657694034e-19, 3.12958582569e-20], "max": [0.751810252666, 7.39715909958, 42.7887954712, 53.832698822, 130.2784729, 134.489974976, 196.802947998, 209.296417236, 516.501281738, 445.701446533, 978.363220215, 1730.99707031, 1136.31359863, 1076.21435547, 748.054321289, 1350.58093262, 1463.82421875, 1311.25231934, 499.04598999, 1054.46203613, 1486.76416016, 778.352478027, 719.014648438, 423.685943604, 527.208251953, 298.122650146, 153.130355835, 245.994720459, 216.560272217, 233.709320068, 300.408630371, 158.026947021, 122.488769531, 52.6382141113, 22.2610626221, 6.96822404861, 1.28442454338, 0.255145668983, 0.0407745055854, 0.00111369823571], "dvar2": [0.00882796104997, 0.9946616292, 36.4913063049, 93.3029174805, 492.137481689, 129.909805298, 123.836128235, 270.805877686, 1167.77587891, 1181.93432617, 2659.32666016, 5722.77392578, 4003.29516602, 3573.39770508, 2864.80249023, 6560.04931641, 4618.55517578, 4301.87255859, 1224.88842773, 1501.06982422, 2488.43603516, 1599.54846191, 1273.4777832, 735.743530273, 845.946411133, 448.768493652, 257.337188721, 110.399635315, 88.6041870117, 96.1895523071, 130.970565796, 47.7211685181, 21.5023860931, 3.97029995918, 0.664488315582, 0.0613194592297, 0.00528898509219, 0.000579736370128, 2.71967601293e-05, 2.34985453318e-08], "median": [0.0473956763744, 0.398263454437, 1.64501261711, 3.00677657127, 4.09525680542, 5.06204986572, 5.38333129883, 7.02185535431, 6.82273387909, 10.1799001694, 8.70469665527, 16.6622924805, 15.2159719467, 15.6245822906, 20.094127655, 19.0755119324, 16.1326141357, 12.2659606934, 10.6745986938, 11.662238121, 11.3898420334, 14.0001468658, 16.9193191528, 18.2131881714, 21.5707359314, 20.4934921265, 16.8101882935, 10.1182079315, 5.24827098846, 2.87554907799, 2.25577902794, 1.13979279995, 0.512192726135, 0.331581443548, 0.169093623757, 0.100225560367, 0.0538090504706, 0.0138433808461, 0.000997947761789, 5.90936688241e-05], "dmean2": [0.0554046966136, 0.53728312254, 2.48972249031, 5.70029640198, 11.3533840179, 7.58165979385, 7.08184814453, 10.1874790192, 16.7193202972, 17.7427749634, 19.2546749115, 33.8472328186, 29.1760520935, 27.225479126, 31.3402957916, 38.7355270386, 28.1330165863, 25.6881484985, 16.6426677704, 17.5656394958, 18.902425766, 19.035490036, 19.6778793335, 17.3182563782, 18.3844680786, 15.880698204, 12.6163768768, 6.9824719429, 5.31100749969, 4.24916934967, 3.79616951942, 2.09914803505, 1.16922545433, 0.560020923615, 0.229934424162, 0.103020630777, 0.0503855980933, 0.0158949103206, 0.0033938428387, 0.000105491206341], "dmean": [0.0351270027459, 0.32815977931, 1.43336701393, 3.21344518661, 6.57497406006, 4.63475322723, 4.3252696991, 6.23513793945, 10.2467222214, 10.9617576599, 12.3637170792, 21.6303424835, 18.538772583, 17.3561210632, 19.3664474487, 23.913230896, 17.5736026764, 15.8905858994, 10.304315567, 10.8206834793, 11.2690200806, 11.5478973389, 12.1655750275, 10.6471738815, 11.1586084366, 9.6502571106, 7.58940029144, 4.43520307541, 3.39461994171, 2.74456977844, 2.54145622253, 1.51135802269, 0.834492206573, 0.410031706095, 0.167967796326, 0.0756759047508, 0.0355056747794, 0.0106720039621, 0.0019913255237, 6.21139697614e-05], "var": [0.00641229515895, 0.511674761772, 10.8168668747, 27.1708068848, 167.641723633, 124.245895386, 135.051681519, 200.068069458, 704.202697754, 732.462524414, 2197.57641602, 3640.43969727, 4274.71777344, 4123.25927734, 3242.75756836, 5324.26855469, 3610.11669922, 2850.2265625, 930.617980957, 1241.9074707, 1707.98986816, 2064.43286133, 1711.43286133, 1214.07434082, 917.182006836, 530.780334473, 272.623168945, 154.605392456, 112.066932678, 87.3519821167, 118.508071899, 68.1044082642, 23.7501354218, 3.65853738785, 0.784207344055, 0.0841912478209, 0.00814303383231, 0.000639612553641, 1.29618538267e-05, 1.18673915139e-08], "dvar": [0.00389268738218, 0.404834330082, 13.0152101517, 33.1399688721, 185.305725098, 51.4559249878, 49.5000953674, 105.35609436, 484.729980469, 466.244628906, 1169.29309082, 2437.6171875, 1680.02368164, 1674.74206543, 1209.62072754, 2516.74121094, 1953.79382324, 1643.78662109, 479.324188232, 616.560424805, 922.100585938, 592.328125, 497.515380859, 296.530761719, 329.770385742, 171.792388916, 98.8799972534, 48.8097724915, 42.0942077637, 42.9030570984, 60.6245880127, 23.3492488861, 9.74335098267, 1.77463066578, 0.300212353468, 0.0293605718762, 0.00286671891809, 0.000268505566055, 1.00714050859e-05, 8.74951044949e-09], "mean": [0.0656526088715, 0.58464640379, 2.29866433144, 4.31841945648, 8.16107082367, 8.66976356506, 8.5494260788, 11.1696300507, 15.141752243, 18.227388382, 20.6688785553, 35.0451774597, 35.1450958252, 33.6917572021, 37.5003356934, 44.9171829224, 32.4018325806, 27.4933490753, 19.1918296814, 19.5587100983, 21.8740558624, 26.4649810791, 28.4566802979, 27.561252594, 28.867521286, 25.5836105347, 20.3929080963, 13.2270383835, 8.56997108459, 6.07471323013, 5.32353210449, 3.24509048462, 1.6592720747, 0.814911425114, 0.361933022738, 0.171984672546, 0.0837525203824, 0.0229570008814, 0.00238164584152, 9.57837110036e-05]}, "zerocrossingrate": {"min": 0.01708984375, "max": 0.494140625, "dvar2": 0.000123174322653, "median": 0.07763671875, "dmean2": 0.0109890457243, "dmean": 0.0089366491884, "var": 0.000902162108105, "dvar": 9.68904641923e-05, "mean": 0.0823417156935}, "spectral_contrast_coeffs": {"min": [-0.989497303963, -0.986958861351, -0.973011016846, -0.971413433552, -0.955317974091, -0.955879330635], "max": [-0.34357213974, -0.51842969656, -0.544814884663, -0.6182269454, -0.648968577385, -0.593903899193], "dvar2": [0.00507904030383, 0.00351871061139, 0.00245137885213, 0.00123231532052, 0.000661282858346, 0.000462176656583], "median": [-0.673493146896, -0.759158730507, -0.772926747799, -0.807074308395, -0.804831564426, -0.718699753284], "dmean2": [0.0846503078938, 0.0740943625569, 0.0624810233712, 0.0444468148053, 0.0317295864224, 0.0267549678683], "dmean": [0.0509457848966, 0.0445842035115, 0.0381018556654, 0.0268980916589, 0.018986614421, 0.0169862415642], "var": [0.00574729312211, 0.00375072471797, 0.00358143891208, 0.00192185980268, 0.00128909596242, 0.00162650691345], "dvar": [0.00193948880769, 0.00128677044995, 0.000953573500738, 0.000476668094052, 0.000253441219684, 0.000209449150134], "mean": [-0.669820725918, -0.756765544415, -0.769420802593, -0.803590595722, -0.802394330502, -0.721852600574]}, "dissonance": {"min": 0.348780691624, "max": 0.500000059605, "dvar2": 0.000349249690771, "median": 0.482771575451, "dmean2": 0.0204799585044, "dmean": 0.0121351750568, "var": 0.000220027388423, "dvar": 0.000127925915876, "mean": 0.479501307011}, "spectral_energyband_high": {"min": 7.64198159829e-21, "max": 0.0275232344866, "dvar2": 1.06700304059e-06, "median": 0.000998646719381, "dmean2": 0.000568937044591, "dmean": 0.000388352840673, "var": 1.82180281172e-06, "dvar": 5.42262000636e-07, "mean": 0.0013367269421}, "gfcc": {"mean": [14.5530948639, 70.6310195923, -115.850067139, 33.5899581909, -52.9208564758, 6.23227024078, -22.5403213501, 6.73228406906, -30.3607158661, 3.85744476318, -18.9242267609, 2.73797559738, -15.1931524277], "icov": [[7.75158114266e-05, -0.000128131810925, 5.57398961973e-05, 2.12420604839e-06, 1.3062655853e-05, -0.000128069819766, 5.69425101276e-05, 2.4848850444e-05, -6.47974084131e-05, 0.000132263754494, 0.000107870640932, -0.000300198065815, 0.000468782440294], [-0.000128131810925, 0.00370552996174, 0.00105478265323, -0.000742508098483, 0.000268319883617, 0.00200689351186, -0.00173428002745, 0.00119176716544, 0.000483806419652, -0.00169177632779, -0.000350797898136, 0.0022308814805, -0.00240119663067], [5.57398961973e-05, 0.00105478265323, 0.00419517187402, 0.000114312810183, -0.00133758154698, 0.000563732173759, 0.000717774673831, -0.000336637953296, 0.000154086286784, -0.00122451025527, 0.00151974393521, -0.00114951387513, 0.0011115608504], [2.12420604839e-06, -0.000742508098483, 0.000114312810183, 0.00550646428019, -0.000669163884595, -0.00059347145725, 0.00213978812099, 0.000606828602031, -0.00188028730918, 0.00165089638904, -0.00163911678828, -0.000253563892329, -0.00181154464372], [1.3062655853e-05, 0.000268319883617, -0.00133758154698, -0.000669163884595, 0.0076045342721, 0.00189995078836, -0.00461733993143, -0.000779226305895, 0.00172206072602, -0.00156234751921, -0.000115674891276, -0.000627400178928, -0.000783932046033], [-0.000128069819766, 0.00200689351186, 0.000563732173759, -0.00059347145725, 0.00189995078836, 0.00867829937488, -0.00282760267146, -0.00312363659032, 0.00288563966751, -0.000424570200266, -0.00282085733488, 0.00272284611128, 0.000549874152057], [5.69425101276e-05, -0.00173428002745, 0.000717774673831, 0.00213978812099, -0.00461733993143, -0.00282760267146, 0.00972807500511, -0.000151250409544, -0.000131180742756, -0.00149507657625, 0.00126680941321, -0.00158959429245, 0.000529198150616], [2.4848850444e-05, 0.00119176716544, -0.000336637953296, 0.000606828602031, -0.000779226305895, -0.00312363659032, -0.000151250409544, 0.0129410373047, -0.00425536558032, -0.00171568070073, 0.00379682146013, -0.000692800269462, -0.00135154859163], [-6.47974084131e-05, 0.000483806419652, 0.000154086286784, -0.00188028730918, 0.00172206072602, 0.00288563966751, -0.000131180742756, -0.00425536558032, 0.0171668510884, -0.00145954126492, -0.00380314001814, 0.00701035792008, -0.000303688866552], [0.000132263754494, -0.00169177632779, -0.00122451025527, 0.00165089638904, -0.00156234751921, -0.000424570200266, -0.00149507657625, -0.00171568070073, -0.00145954126492, 0.0206765942276, -0.00497609563172, -0.00140552956145, 0.00315037742257], [0.000107870640932, -0.000350797898136, 0.00151974393521, -0.00163911678828, -0.000115674891276, -0.00282085733488, 0.00126680941321, 0.00379682146013, -0.00380314001814, -0.00497609563172, 0.0224185995758, -0.00720453308895, -0.000239570988924], [-0.000300198065815, 0.0022308814805, -0.00114951387513, -0.000253563892329, -0.000627400178928, 0.00272284611128, -0.00158959429245, -0.000692800269462, 0.00701035792008, -0.00140552956145, -0.00720453308895, 0.0309497434646, -0.00967304315418], [0.000468782440294, -0.00240119663067, 0.0011115608504, -0.00181154464372, -0.000783932046033, 0.000549874152057, 0.000529198150616, -0.00135154859163, -0.000303688866552, 0.00315037742257, -0.000239570988924, -0.00967304315418, 0.0249459631741]], "cov": [[15851.4628906, 354.226898193, -342.740112305, 9.65532779694, -236.835144043, 179.70791626, -63.5166130066, -68.8522338867, 12.3732671738, -86.3042144775, -30.666437149, -2.39525365829, -251.769897461], [354.226898193, 475.600463867, -134.367645264, 57.3167076111, 25.5082550049, -97.4817886353, 60.0397644043, -70.1009750366, 1.62707960606, 20.2314758301, 18.4358100891, -6.73392534256, 42.181678772], [-342.740112305, -134.367645264, 328.053497314, -46.3721618652, 74.2600326538, -7.32082033157, 7.04415750504, 30.9758529663, -14.1002559662, 19.2506103516, -26.1647663116, 13.7259702682, -17.9859352112], [9.65532779694, 57.3167076111, -46.3721618652, 251.746643066, -40.2392196655, -22.5896530151, -76.4229431152, -25.0648612976, 32.0117034912, -24.6757030487, 28.2680053711, 0.28107213974, 29.0664958954], [-236.835144043, 25.5082550049, 74.2600326538, -40.2392196655, 240.866592407, -22.4702911377, 126.227218628, 11.4374418259, -30.7086811066, 35.0056610107, -7.3671040535, 21.9495010376, 10.3270950317], [179.70791626, -97.4817886353, -7.32082033157, -22.5896530151, -22.4702911377, 178.993545532, 28.5388507843, 44.1261711121, -11.2906885147, 3.14164614677, 5.84465408325, -7.76049137115, -20.4280834198], [-63.5166130066, 60.0397644043, 7.04415750504, -76.4229431152, 126.227218628, 28.5388507843, 206.483459473, 14.2171983719, -26.1302070618, 35.1166610718, -7.56789922714, 11.5705041885, 0.497767388821], [-68.8522338867, -70.1009750366, 30.9758529663, -25.0648612976, 11.4374418259, 44.1261711121, 14.2171983719, 107.097190857, 15.6504821777, 8.4741601944, -14.7601213455, -3.73787903786, -6.23740911484], [12.3732671738, 1.62707960606, -14.1002559662, 32.0117034912, -30.7086811066, -11.2906885147, -26.1302070618, 15.6504821777, 79.5950012207, 0.301543027163, 8.38125038147, -17.6535453796, -2.27081203461], [-86.3042144775, 20.2314758301, 19.2506103516, -24.6757030487, 35.0056610107, 3.14164614677, 35.1166610718, 8.4741601944, 0.301543027163, 63.0950202942, 10.2052135468, 4.41303777695, -4.49077701569], [-30.666437149, 18.4358100891, -26.1647663116, 28.2680053711, -7.3671040535, 5.84465408325, -7.56789922714, -14.7601213455, 8.38125038147, 10.2052135468, 59.9429473877, 11.386800766, 8.37425136566], [-2.39525365829, -6.73392534256, 13.7259702682, 0.28107213974, 21.9495010376, -7.76049137115, 11.5705041885, -3.73787903786, -17.6535453796, 4.41303777695, 11.386800766, 47.0196113586, 16.7879371643], [-251.769897461, 42.181678772, -17.9859352112, 29.0664958954, 10.3270950317, -20.4280834198, 0.497767388821, -6.23740911484, -2.27081203461, -4.49077701569, 8.37425136566, 16.7879371643, 59.346244812]]}, "spectral_flux": {"min": 1.01979896749e-10, "max": 0.240403160453, "dvar2": 0.000986682018265, "median": 0.0739573538303, "dmean2": 0.0274820663035, "dmean": 0.017793642357, "var": 0.00162238557823, "dvar": 0.000480702932691, "mean": 0.0766232833266}, "silence_rate_30dB": {"min": 1, "max": 1, "dvar2": 0, "median": 1, "dmean2": 0, "dmean": 0, "var": 0, "dvar": 0, "mean": 1}, "spectral_energyband_middle_high": {"min": 1.6047752209e-21, "max": 0.0547721199691, "dvar2": 1.41396767503e-05, "median": 0.00499096466228, "dmean2": 0.00270047993399, "dmean": 0.00174933951348, "var": 3.37100937031e-05, "dvar": 6.45887166684e-06, "mean": 0.00647312076762}, "barkbands_spread": {"min": 3.45670151711, "max": 131.494216919, "dvar2": 65.9928894043, "median": 31.3929290771, "dmean2": 8.09802818298, "dmean": 5.11663818359, "var": 140.54536438, "dvar": 29.8286190033, "mean": 32.9193153381}, "spectral_centroid": {"min": 373.571807861, "max": 10603.7109375, "dvar2": 142387.625, "median": 1896.25244141, "dmean2": 397.723693848, "dmean": 246.994674683, "var": 230995.390625, "dvar": 60727.0585938, "mean": 1911.3001709}, "pitch_salience": {"min": 0.221926942468, "max": 0.843706905842, "dvar2": 0.00807943195105, "median": 0.63250207901, "dmean2": 0.100586220622, "dmean": 0.0599633194506, "var": 0.00694156391546, "dvar": 0.00288318283856, "mean": 0.624930858612}, "erbbands_skewness": {"min": -2.57266640663, "max": 2.24562096596, "dvar2": 0.115581654012, "median": 0.105039522052, "dmean2": 0.392166554928, "dmean": 0.248963564634, "var": 0.286270529032, "dvar": 0.0498798452318, "mean": 0.0715224891901}, "erbbands_crest": {"min": 2.33497309685, "max": 27.8082523346, "dvar2": 12.5214080811, "median": 6.51029491425, "dmean2": 3.73568344116, "dmean": 2.29426050186, "var": 13.4375772476, "dvar": 5.02052974701, "mean": 7.4750418663}, "melbands": {"min": [2.06690502851e-23, 8.95024543668e-24, 1.47716097769e-23, 8.29324736493e-24, 1.0583678182e-23, 1.75736926216e-23, 1.23141376632e-23, 1.00837991144e-23, 1.30138817408e-23, 1.09358170126e-23, 2.72781908467e-24, 7.29208190201e-24, 7.92807181899e-24, 1.5147123345e-23, 2.1580596416e-23, 6.82452562121e-24, 6.1504581772e-24, 8.72315762562e-24, 7.25085681997e-24, 1.29613230941e-23, 1.26087314573e-23, 1.48471021878e-23, 1.62026571015e-23, 1.05466853387e-23, 8.29255474506e-24, 9.97036643829e-24, 9.91955117422e-24, 3.99290111888e-24, 1.17867013176e-23, 9.41906389493e-24, 1.10307848215e-23, 1.05718602568e-23, 9.5631872046e-24, 7.14102608272e-24, 6.55260092845e-24, 1.07392518077e-23, 6.12495075426e-24, 7.66900200911e-24, 9.92294090953e-24, 1.30393445931e-23], "max": [0.00736249843612, 0.0182868726552, 0.0112518882379, 0.0118222013116, 0.00641395989805, 0.00464436458424, 0.00785249099135, 0.00486082490534, 0.00658253021538, 0.0104746213183, 0.00554598588496, 0.00457872916013, 0.00263109430671, 0.00375617598183, 0.00205101561733, 0.00302810803987, 0.00302324583754, 0.0010099777719, 0.00158379238565, 0.00094435486244, 0.0025128624402, 0.00111894414295, 0.000738102186006, 0.000528322183527, 0.000377271877369, 0.000308871356538, 0.000343979161698, 0.000228666263865, 0.000102349338704, 0.000115264483611, 0.00014562519209, 0.000132644549012, 0.00010698785627, 0.000160146490089, 0.000210981132113, 0.000138916089782, 0.000101982623164, 0.000107698433567, 5.75796511839e-05, 3.98246593249e-05], "dvar2": [8.51995082485e-07, 5.76380398343e-06, 3.86861756851e-06, 1.25721135191e-06, 1.31475772491e-07, 1.26127318367e-07, 2.81084993503e-07, 1.3473136562e-07, 1.77354877451e-07, 2.07876865943e-07, 1.03792189066e-07, 6.83663259338e-08, 4.62335592033e-08, 4.67280685257e-08, 1.9708091159e-08, 1.80707289132e-08, 2.04508623369e-08, 5.0692676723e-09, 3.50313111852e-09, 2.08542183522e-09, 5.72245717478e-09, 2.86814372252e-09, 1.67705438425e-09, 1.1572787173e-09, 6.0068405805e-10, 5.39425559776e-10, 4.09201617035e-10, 2.24401816573e-10, 1.56535548412e-10, 5.32775212836e-11, 5.05106824422e-11, 3.49987018533e-11, 2.98531685483e-11, 4.05959883765e-11, 5.52233501983e-11, 3.23090582066e-11, 1.99041963467e-11, 1.67748905044e-11, 7.25703264842e-12, 2.34631498258e-12], "median": [0.00044192475616, 0.000803068804089, 0.00059849768877, 0.000358739052899, 0.000207314791624, 0.000159789342433, 0.000110226574179, 0.000104500133602, 8.02400318207e-05, 0.000104443228338, 6.9064735726e-05, 5.53954778297e-05, 6.14378441242e-05, 4.9927195505e-05, 4.44600300398e-05, 2.78763291135e-05, 2.11217229662e-05, 1.64393004525e-05, 1.43552224472e-05, 1.35058344313e-05, 1.33231733344e-05, 1.38331779453e-05, 1.48781709868e-05, 1.45025205711e-05, 1.36821809065e-05, 1.62264350365e-05, 1.3851426047e-05, 1.29871914396e-05, 1.06733514258e-05, 7.67020992498e-06, 5.10249492436e-06, 3.13081636705e-06, 1.76832372745e-06, 1.47989055677e-06, 1.36099765768e-06, 9.02607894204e-07, 5.79082495733e-07, 3.59861047627e-07, 2.83557767489e-07, 2.64089806024e-07], "dmean2": [0.000525913957972, 0.00103037792724, 0.0011835397454, 0.000669619301334, 0.000241187910433, 0.000223772556637, 0.000259683816694, 0.000185002849321, 0.000170633356902, 0.00020735837461, 0.000148543142132, 0.000113949099614, 0.00012115509162, 0.000104032173113, 7.44066637708e-05, 5.4028336308e-05, 5.28560776729e-05, 3.08017988573e-05, 2.5879666282e-05, 2.1536150598e-05, 2.59284715867e-05, 2.31887515838e-05, 2.13948496821e-05, 1.89155416592e-05, 1.54318131536e-05, 1.58947441378e-05, 1.30494154291e-05, 1.11485824164e-05, 9.63155798672e-06, 5.97971302341e-06, 4.64792492494e-06, 3.58092756869e-06, 2.60025922216e-06, 2.52707013715e-06, 2.49288723353e-06, 1.77842400717e-06, 1.34939193686e-06, 9.71351141743e-07, 6.46560636142e-07, 4.76122437476e-07], "dmean": [0.000326986570144, 0.000603844062425, 0.000670222158078, 0.000399712938815, 0.0001491549192, 0.000137766677653, 0.000158611059305, 0.000115033908514, 0.00010960889631, 0.000131834574859, 9.39524179557e-05, 7.27393926354e-05, 7.52212436055e-05, 6.36481272522e-05, 4.61576382804e-05, 3.40766746376e-05, 3.24587381328e-05, 1.9016692022e-05, 1.55005309352e-05, 1.33261737574e-05, 1.53049168148e-05, 1.38398827403e-05, 1.29596919578e-05, 1.17126619443e-05, 9.38276480156e-06, 9.58217060543e-06, 7.9145820564e-06, 6.7606738412e-06, 5.70930978938e-06, 3.69741132999e-06, 2.90075354314e-06, 2.23348001782e-06, 1.6603861468e-06, 1.62520188951e-06, 1.66045890637e-06, 1.17424406199e-06, 9.59899352893e-07, 6.8037326173e-07, 4.47300408268e-07, 3.38679257084e-07], "var": [5.37126425115e-07, 1.99265173251e-06, 1.18251682579e-06, 6.71144334774e-07, 1.75835481286e-07, 9.97316931262e-08, 1.62952005667e-07, 8.75522658816e-08, 1.4262775494e-07, 1.32627590688e-07, 1.06229826713e-07, 7.58197842288e-08, 5.27405710216e-08, 3.62590277803e-08, 1.7490886961e-08, 1.28865318416e-08, 1.23172867461e-08, 3.33771987826e-09, 2.5067128373e-09, 1.83053483482e-09, 3.0823601449e-09, 2.68241362456e-09, 1.91185556275e-09, 1.40185485442e-09, 8.32045099486e-10, 6.0254534695e-10, 3.8492647958e-10, 2.37305008977e-10, 1.32044736256e-10, 6.47263007081e-11, 5.8847322848e-11, 3.98612462482e-11, 2.87422672468e-11, 3.0065810952e-11, 4.50724353673e-11, 3.26413271412e-11, 2.65963657348e-11, 1.60521752141e-11, 4.93862025927e-12, 2.16044911995e-12], "dvar": [3.50864382881e-07, 2.14313877223e-06, 1.40149040817e-06, 4.83207031721e-07, 5.51405960891e-08, 4.95924368238e-08, 1.15673159939e-07, 5.40690265893e-08, 7.73726611669e-08, 8.88701663371e-08, 4.33752305184e-08, 3.20547677291e-08, 1.94170528545e-08, 1.84458830432e-08, 7.83751907818e-09, 7.75442110523e-09, 7.75492381422e-09, 1.98762362125e-09, 1.39168210289e-09, 8.71886118858e-10, 2.05540806597e-09, 1.01871155955e-09, 6.56312226788e-10, 4.60472160402e-10, 2.36357239336e-10, 2.0890661423e-10, 1.57201085482e-10, 8.37780539387e-11, 5.73920529157e-11, 2.22916598375e-11, 2.14601947324e-11, 1.61799514758e-11, 1.33156662779e-11, 1.72881084448e-11, 2.52616122465e-11, 1.50685210837e-11, 9.28837388947e-12, 7.33453575652e-12, 2.98597583291e-12, 1.04033773783e-12], "mean": [0.000633062969428, 0.00107835466042, 0.000887205125764, 0.000627517874818, 0.000322492734995, 0.000251964374911, 0.000235529529164, 0.000191419399926, 0.000180894276127, 0.000212413433474, 0.000170572457137, 0.000132907589432, 0.000134017929668, 0.000114400660095, 8.73387543834e-05, 5.84716763115e-05, 5.14911189384e-05, 3.19481405313e-05, 2.57381670963e-05, 2.34722465393e-05, 2.68156018137e-05, 2.77473354799e-05, 2.67701434495e-05, 2.50340199273e-05, 2.15925119846e-05, 2.24259856623e-05, 1.84667715075e-05, 1.64638277056e-05, 1.34371057356e-05, 9.47896751313e-06, 7.29991234039e-06, 5.11987991558e-06, 3.57047179023e-06, 3.296304385e-06, 3.25579617311e-06, 2.39605037677e-06, 1.85579074241e-06, 1.26001964418e-06, 8.1080986547e-07, 6.38578796952e-07]}, "spectral_entropy": {"min": 6.85757398605, "max": 9.7774181366, "dvar2": 0.0164150614291, "median": 7.90453004837, "dmean2": 0.131893470883, "dmean": 0.0865518301725, "var": 0.0371379591525, "dvar": 0.00779498973861, "mean": 7.90137672424}, "spectral_rolloff": {"min": 129.19921875, "max": 17980.2246094, "dvar2": 1163689.5, "median": 1744.18945313, "dmean2": 933.932800293, "dmean": 560.307434082, "var": 1982393.875, "dvar": 518739.15625, "mean": 2096.88989258}, "barkbands": {"min": [5.07356522282e-23, 4.44428299011e-23, 1.88119865172e-23, 3.72183880886e-23, 3.58989330276e-23, 9.62485530146e-23, 4.15811107497e-23, 6.75675521193e-23, 6.9499762777e-23, 2.63356069835e-23, 6.39019994827e-23, 1.96753862583e-22, 7.20894542893e-23, 7.99752613076e-23, 9.5820706414e-23, 2.24828841598e-22, 2.18106812674e-22, 2.52736897645e-22, 2.42994831497e-22, 2.14486206176e-22, 4.56165924503e-22, 5.34912771609e-22, 5.01765164538e-22, 6.25017903086e-22, 1.34172340525e-21, 1.95078168034e-21, 2.2857863953e-21], "max": [0.00213156896643, 0.0281179267913, 0.040085054934, 0.0282530710101, 0.0441344864666, 0.0263089668006, 0.0360430032015, 0.0455832481384, 0.0556756220758, 0.0333390235901, 0.0173412244767, 0.0280294381082, 0.0262951478362, 0.0273798722774, 0.0178725142032, 0.0133106093854, 0.0221647880971, 0.0122478073463, 0.00828479696065, 0.00624438654631, 0.00453312229365, 0.00507508777082, 0.010323333554, 0.0063436483033, 0.00370258837938, 0.00108758942224, 0.000226319112699], "dvar2": [6.00346083957e-08, 1.34024539875e-05, 4.04054007959e-05, 1.89919283002e-05, 1.78714835783e-05, 3.06260085381e-06, 7.14163434168e-06, 4.71723933515e-06, 7.70837505115e-06, 4.76510740555e-06, 2.29686975217e-06, 3.13221244141e-06, 1.87802913842e-06, 1.8801575834e-06, 5.37696905667e-07, 5.20767230228e-07, 7.18473074812e-07, 4.57111440255e-07, 3.07101885255e-07, 1.8344130126e-07, 8.25958181849e-08, 6.40855475353e-08, 1.51765505052e-07, 7.71323485083e-08, 1.90094819885e-08, 2.05297512323e-09, 5.06743536022e-10], "median": [7.59817994549e-05, 0.00168727396522, 0.00155302323401, 0.000981224235147, 0.00153153203428, 0.000845881702844, 0.000616502016783, 0.00029572864878, 0.000707446946763, 0.000457007845398, 0.000394160859287, 0.000408043764764, 0.000277227372862, 0.000239165659877, 0.000194256252144, 0.000183257681783, 0.000255328312051, 0.000314633827657, 0.000408133899327, 0.00042463268619, 0.000336689350661, 0.000133956433274, 8.21922440082e-05, 3.91144421883e-05, 2.65660346486e-05, 2.79736304947e-05, 6.32488718111e-06], "dmean2": [0.000152684777277, 0.00205886573531, 0.00258028460667, 0.00266737374477, 0.00262265978381, 0.00113954266999, 0.00132666504942, 0.000821285648271, 0.00135414267424, 0.0010000896873, 0.000832174962852, 0.00086882757023, 0.000588087073993, 0.000526590505615, 0.000340271100868, 0.000319902290357, 0.000383594859159, 0.00038270233199, 0.000370498979464, 0.000320280174492, 0.000226505027968, 0.000144373640069, 0.000129470121465, 7.89105179138e-05, 3.79482480639e-05, 2.52621593972e-05, 1.51536578414e-05], "dmean": [9.44829589571e-05, 0.00128132570535, 0.00147818098776, 0.00149353931192, 0.00159448117483, 0.000694188987836, 0.000805743038654, 0.000522313057445, 0.000860306143295, 0.000637775403447, 0.000517158885486, 0.000533079612069, 0.000366744556231, 0.000324660475599, 0.000204625015613, 0.000193620129721, 0.000229686003877, 0.000237915010075, 0.000225449883146, 0.000195515269297, 0.000139973926707, 9.30519308895e-05, 8.71835218277e-05, 5.77636456001e-05, 2.82619257632e-05, 1.84844011528e-05, 9.08665333554e-06], "var": [4.06492368654e-08, 8.25849656394e-06, 1.10611972559e-05, 5.48602838535e-06, 1.16303617688e-05, 2.49686809184e-06, 3.76469961338e-06, 3.56647183253e-06, 5.22579512108e-06, 5.04935042045e-06, 2.58857448898e-06, 2.49674508268e-06, 1.45222475112e-06, 1.19645244467e-06, 4.10902913472e-07, 4.17186271306e-07, 6.90397939707e-07, 5.99028112447e-07, 4.04996541192e-07, 2.17943835423e-07, 1.17472595207e-07, 8.22972054948e-08, 1.30507714857e-07, 1.12138650366e-07, 2.01171683756e-08, 2.9012778846e-09, 2.94188257088e-10], "dvar": [2.42089992497e-08, 5.53428753847e-06, 1.42209673868e-05, 6.71195766699e-06, 7.02141005604e-06, 1.17692570711e-06, 2.84648922388e-06, 2.02687874662e-06, 3.27748898599e-06, 2.09829431697e-06, 9.5899815733e-07, 1.22245683087e-06, 7.85521820035e-07, 7.20822299627e-07, 2.11481136603e-07, 2.06820715221e-07, 2.59829050719e-07, 1.79985462978e-07, 1.20797622571e-07, 7.00694258171e-08, 3.49901796426e-08, 3.12500105792e-08, 6.87585242076e-08, 3.77550151143e-08, 8.77809647193e-09, 1.03972408461e-09, 1.93863092246e-10], "mean": [0.00015292003809, 0.00247336830944, 0.00221088551916, 0.00168550736271, 0.00266977655701, 0.00129020947497, 0.00121030863374, 0.000815052597318, 0.0014053764753, 0.00114308123011, 0.000911694020033, 0.00096106051933, 0.000624988228083, 0.000534156512003, 0.000345132139046, 0.000346765329596, 0.00047875547898, 0.000534753722604, 0.000567839422729, 0.00052163383225, 0.000413099478465, 0.00022711357451, 0.000186054472579, 0.000122216049931, 6.04622873652e-05, 4.46639605798e-05, 1.26480445033e-05]}, "melbands_flatness_db": {"min": 0.0053405216895, "max": 0.365377694368, "dvar2": 0.000946693762671, "median": 0.136938944459, "dmean2": 0.0297963656485, "dmean": 0.0182278491557, "var": 0.00133176380768, "dvar": 0.000353203009581, "mean": 0.140171349049}, "melbands_skewness": {"min": -0.802169859409, "max": 9.67614936829, "dvar2": 0.722025573254, "median": 1.93722391129, "dmean2": 0.809754550457, "dmean": 0.499609678984, "var": 0.894361793995, "dvar": 0.279485613108, "mean": 2.06619620323}, "barkbands_skewness": {"min": -1.85909759998, "max": 5.77928733826, "dvar2": 0.309687435627, "median": 0.921355426311, "dmean2": 0.53775370121, "dmean": 0.333550006151, "var": 0.410436242819, "dvar": 0.120063401759, "mean": 0.972468554974}, "silence_rate_60dB": {"min": 0, "max": 1, "dvar2": 0.0108247771859, "median": 0, "dmean2": 0.00965980719775, "dmean": 0.00482939649373, "var": 0.0864015445113, "dvar": 0.0048056486994, "mean": 0.0955280289054}, "spectral_energyband_low": {"min": 1.12308322163e-22, "max": 0.0689418688416, "dvar2": 8.35816099425e-05, "median": 0.00442970357835, "dmean2": 0.00442506605759, "dmean": 0.00266278069466, "var": 3.69754707208e-05, "dvar": 3.21976476698e-05, "mean": 0.00557450111955}, "spectral_energyband_middle_low": {"min": 3.5055491783e-22, "max": 0.0673324987292, "dvar2": 8.2285318058e-05, "median": 0.00745522882789, "dmean2": 0.0061496431008, "dmean": 0.00383737357333, "var": 6.87815991114e-05, "dvar": 3.40773513017e-05, "mean": 0.00953604374081}, "melbands_kurtosis": {"min": -1.67380988598, "max": 136.223236084, "dvar2": 61.1275138855, "median": 4.23634338379, "dmean2": 4.98133182526, "dmean": 3.02457952499, "var": 50.1586380005, "dvar": 23.2874736786, "mean": 6.03284358978}, "spectral_decrease": {"min": -2.20798757056e-08, "max": -5.36075678709e-29, "dvar2": 1.12262380204e-17, "median": -4.7331800701e-09, "dmean2": 2.38418595977e-09, "dmean": 1.51850310104e-09, "var": 1.1967266945e-17, "dvar": 4.73190530567e-18, "mean": -5.24786569756e-09}, "erbbands_kurtosis": {"min": -1.8167270422, "max": 13.9115886688, "dvar2": 0.788752913475, "median": -0.599150240421, "dmean2": 0.711016476154, "dmean": 0.43820348382, "var": 0.959921598434, "dvar": 0.322896122932, "mean": -0.337665766478}, "melbands_crest": {"min": 2.03726792336, "max": 29.1148452759, "dvar2": 18.0459060669, "median": 9.87546157837, "dmean2": 4.60867071152, "dmean": 2.70053529739, "var": 12.0035762787, "dvar": 6.44979286194, "mean": 10.4473819733}, "melbands_spread": {"min": 2.42005515099, "max": 164.824783325, "dvar2": 169.690734863, "median": 32.4846343994, "dmean2": 11.9084377289, "dmean": 7.43784999847, "var": 259.272216797, "dvar": 70.7441177368, "mean": 34.9848632813}, "spectral_energy": {"min": 1.03998995036e-20, "max": 0.0887616723776, "dvar2": 0.000172643412952, "median": 0.0199248809367, "dmean2": 0.00944505631924, "dmean": 0.00605911575258, "var": 0.000204365758691, "dvar": 7.36805668566e-05, "mean": 0.0219494998455}, "mfcc": {"mean": [-626.773193359, 104.819572449, -7.38966608047, 31.7257671356, -8.28899288177, 6.83919334412, 8.17087841034, 4.05148553848, -0.803921341896, 0.104226283729, -2.70174741745, 1.11400055885, -2.21993517876], "icov": [[0.000110721834062, -0.000213042570977, 3.36701418746e-06, -1.2584072465e-05, 3.08998860419e-05, -5.87855320191e-05, 0.000141642638482, -0.000464291981189, 0.000445155194029, -0.000233403770835, -2.27718865062e-05, 0.000179471127922, -9.05842098291e-05], [-0.000213042570977, 0.00323974573985, 0.000928423076402, -0.00122850190382, 0.0015763589181, 0.000473005027743, -0.00175893737469, 0.00266740494408, -0.00141967833042, -6.53106180835e-05, 0.000261984678218, -6.11879513599e-05, 0.000289000279736], [3.36701418746e-06, 0.000928423076402, 0.00501550501212, 0.000468385405838, -0.00125884008594, 0.000379279546905, 0.00081705028424, 0.000496612279676, 0.000228652250371, -0.000605021370575, 0.000726240803488, -0.000246016628807, -5.62520654057e-06], [-1.2584072465e-05, -0.00122850190382, 0.000468385405838, 0.00607714010403, -0.00240498338826, -0.000614308170043, 0.0017279451713, 0.00140520045534, -0.00206816405989, 0.00278401048854, 0.000521344714798, -0.000567301991396, -0.00147776317317], [3.08998860419e-05, 0.0015763589181, -0.00125884008594, -0.00240498338826, 0.0102362651378, 0.00150392588694, -0.00124847493134, 0.000218919798499, 0.000205305768759, -0.00123731908388, 0.000594392768107, 0.00034936319571, -0.00118429947179], [-5.87855320191e-05, 0.000473005027743, 0.000379279546905, -0.000614308170043, 0.00150392588694, 0.0129569554701, -0.0060559255071, 0.000519061926752, 0.00324441958219, -0.00264640897512, 0.000930303824134, 0.000882013991941, -0.000849130039569], [0.000141642638482, -0.00175893737469, 0.00081705028424, 0.0017279451713, -0.00124847493134, -0.0060559255071, 0.0125205237418, -0.00380656542256, -0.00536881340668, 0.00585221871734, -0.00430471915752, -0.00190309330355, -0.00128019310068], [-0.000464291981189, 0.00266740494408, 0.000496612279676, 0.00140520045534, 0.000218919798499, 0.000519061926752, -0.00380656542256, 0.0189181640744, -0.00475432118401, -0.00330182421021, 0.00345468288288, -0.00137651583645, 0.000179499620572], [0.000445155194029, -0.00141967833042, 0.000228652250371, -0.00206816405989, 0.000205305768759, 0.00324441958219, -0.00536881340668, -0.00475432118401, 0.020424136892, -0.00781312584877, -0.000164376484463, 0.00523745920509, -0.00151428463869], [-0.000233403770835, -6.53106180835e-05, -0.000605021370575, 0.00278401048854, -0.00123731908388, -0.00264640897512, 0.00585221871734, -0.00330182421021, -0.00781312584877, 0.0252539236099, -0.0109597668052, -0.00157880631741, 0.00369040924124], [-2.27718865062e-05, 0.000261984678218, 0.000726240803488, 0.000521344714798, 0.000594392768107, 0.000930303824134, -0.00430471915752, 0.00345468288288, -0.000164376484463, -0.0109597668052, 0.0270384252071, -0.00867754779756, 0.002189936582], [0.000179471127922, -6.11879513599e-05, -0.000246016628807, -0.000567301991396, 0.00034936319571, 0.000882013991941, -0.00190309330355, -0.00137651583645, 0.00523745920509, -0.00157880631741, -0.00867754779756, 0.0297742988914, -0.00958598963916], [-9.05842098291e-05, 0.000289000279736, -5.62520654057e-06, -0.00147776317317, -0.00118429947179, -0.000849130039569, -0.00128019310068, 0.000179499620572, -0.00151428463869, 0.00369040924124, 0.002189936582, -0.00958598963916, 0.0245992951095]], "cov": [[12124.0683594, 654.660827637, -159.786941528, -14.9395933151, -170.47605896, 68.9071731567, -92.282989502, 165.512313843, -164.130813599, 104.051849365, 3.09387373924, -42.2153091431, -18.258354187], [654.660827637, 577.379699707, -156.574691772, 111.307312012, -79.0761413574, 31.9546775818, 93.9850845337, -45.6671333313, 41.4559135437, -21.4672050476, 8.9723739624, -0.8286241889, 9.4494972229], [-159.786941528, -156.574691772, 259.359130859, -31.2101631165, 47.9301338196, -30.2094230652, -61.1530036926, 0.0343899726868, -21.1653556824, 10.5329704285, -10.790438652, -1.90535271168, -5.1474609375], [-14.9395933151, 111.307312012, -31.2101631165, 240.880004883, 35.2619056702, -5.42932605743, -7.76925754547, -35.6161460876, 10.2215614319, -37.1702842712, -18.9324264526, 0.189504310489, 22.4312763214], [-170.47605896, -79.0761413574, 47.9301338196, 35.2619056702, 126.629302979, -18.1464614868, -14.6071472168, -0.117076106369, -1.15538358688, -1.26494526863, -6.72178506851, 0.860764145851, 8.1936674118], [68.9071731567, 31.9546775818, -30.2094230652, -5.42932605743, -18.1464614868, 107.783256531, 63.7505912781, 7.81825113297, 1.59336733818, 0.381193757057, 7.70387125015, 4.97517728806, 6.94660997391], [-92.282989502, 93.9850845337, -61.1530036926, -7.76925754547, -14.6071472168, 63.7505912781, 170.898605347, 25.4117527008, 43.2936668396, -9.89245796204, 22.3408718109, 13.9614191055, 15.8819179535], [165.512313843, -45.6671333313, 0.0343899726868, -35.6161460876, -0.117076106369, 7.81825113297, 25.4117527008, 78.6716461182, 19.9947433472, 18.3117198944, 3.02217483521, 1.17462074757, -1.30855035782], [-164.130813599, 41.4559135437, -21.1653556824, 10.2215614319, -1.15538358688, 1.59336733818, 43.2936668396, 19.9947433472, 81.1951293945, 18.9109802246, 10.5692796707, -5.18140983582, 0.825458884239], [104.051849365, -21.4672050476, 10.5329704285, -37.1702842712, -1.26494526863, 0.381193757057, -9.89245796204, 18.3117198944, 18.9109802246, 69.1181640625, 26.9624958038, 3.02762651443, -12.7169008255], [3.09387373924, 8.9723739624, -10.790438652, -18.9324264526, -6.72178506851, 7.70387125015, 22.3408718109, 3.02217483521, 10.5692796707, 26.9624958038, 57.0623817444, 16.4570808411, -2.21206736565], [-42.2153091431, -0.8286241889, -1.90535271168, 0.189504310489, 0.860764145851, 4.97517728806, 13.9614191055, 1.17462074757, -5.18140983582, 3.02762651443, 16.4570808411, 45.7611923218, 16.3906421661], [-18.258354187, 9.4494972229, -5.1474609375, 22.4312763214, 8.1936674118, 6.94660997391, 15.8819179535, -1.30855035782, 0.825458884239, -12.7169008255, -2.21206736565, 16.3906421661, 51.832736969]]}, "spectral_contrast_valleys": {"min": [-27.4331054688, -27.0234966278, -26.9427547455, -27.3734169006, -27.3137435913, -27.3254795074], "max": [-5.52510023117, -4.69130706787, -5.21306180954, -5.65672111511, -5.35738706589, -7.34118747711], "dvar2": [0.23078969121, 0.211318016052, 0.145976543427, 0.135054528713, 0.103782743216, 0.152148485184], "median": [-6.89284658432, -6.49049472809, -6.78518486023, -7.23416471481, -6.73654174805, -9.83381462097], "dmean2": [0.555563747883, 0.562042117119, 0.466461926699, 0.399836719036, 0.30063855648, 0.306545257568], "dmean": [0.32910823822, 0.340530842543, 0.28471878171, 0.248564884067, 0.189174458385, 0.236392840743], "var": [1.57764053345, 1.63214874268, 1.54070651531, 1.50654876232, 1.48314857483, 1.6354123354], "dvar": [0.0961530730128, 0.0946184173226, 0.0667062476277, 0.0670893788338, 0.0567217692733, 0.098941244185], "mean": [-7.20716094971, -6.77287340164, -7.06860923767, -7.51374959946, -7.03211021423, -10.0695838928]}, "barkbands_flatness_db": {"min": 0.0134382601827, "max": 0.261817395687, "dvar2": 0.000432677101344, "median": 0.0709980428219, "dmean2": 0.0208812579513, "dmean": 0.01283831615, "var": 0.000615758239292, "dvar": 0.000157202113769, "mean": 0.0743213668466}, "dynamic_complexity": 4.19070148468, "spectral_skewness": {"min": -0.00570352608338, "max": 3.44449734688, "dvar2": 0.0322903133929, "median": 1.19974339008, "dmean2": 0.204144731164, "dmean": 0.12672829628, "var": 0.0725433751941, "dvar": 0.0134857976809, "mean": 1.20391893387}, "erbbands_flatness_db": {"min": 0.0329329743981, "max": 0.224487692118, "dvar2": 0.000235964471358, "median": 0.121124133468, "dmean2": 0.0172715112567, "dmean": 0.0116764875129, "var": 0.0006