{"lowlevel": {"spectral_complexity": {"min": 0, "max": 62, "dvar2": 24.5955924988, "median": 21, "dmean2": 5.25633239746, "dmean": 3.53863954544, "var": 97.3602828979, "dvar": 13.8877859116, "mean": 21.6261024475}, "silence_rate_20dB": {"min": 1, "max": 1, "dvar2": 0, "median": 1, "dmean2": 0, "dmean": 0, "var": 0, "dvar": 0, "mean": 1}, "average_loudness": 0.938095986843, "erbbands_spread": {"min": 2.95769715309, "max": 113.036079407, "dvar2": 110.93901062, "median": 35.6407546997, "dmean2": 10.9554033279, "dmean": 7.31170463562, "var": 233.389129639, "dvar": 51.9544334412, "mean": 36.8750762939}, "spectral_kurtosis": {"min": -1.21293640137, "max": 241.657989502, "dvar2": 45.4711685181, "median": 4.79152774811, "dmean2": 2.07233095169, "dmean": 1.27908205986, "var": 15.8997268677, "dvar": 16.3833560944, "mean": 5.10189437866}, "barkbands_kurtosis": {"min": -1.79731941223, "max": 1769.5201416, "dvar2": 3831.86743164, "median": 1.71596717834, "dmean2": 7.59569454193, "dmean": 4.5965051651, "var": 1129.40637207, "dvar": 1448.03686523, "mean": 4.77806043625}, "spectral_strongpeak": {"min": 0, "max": 10.3902301788, "dvar2": 1.41397953033, "median": 0.426171720028, "dmean2": 0.848128318787, "dmean": 0.499724030495, "var": 0.78938049078, "dvar": 0.550762951374, "mean": 0.792502999306}, "spectral_spread": {"min": 639727.8125, "max": 41082408, "dvar2": 1037556056060.0, "median": 4335014.5, "dmean2": 729430.9375, "dmean": 531616.5, "var": 2138890960900.0, "dvar": 645611585536, "mean": 4628765}, "spectral_rms": {"min": 3.2245219949e-12, "max": 0.0147004155442, "dvar2": 2.95510903925e-06, "median": 0.00499126967043, "dmean2": 0.00138028734364, "dmean": 0.000939256162383, "var": 4.99207453686e-06, "dvar": 1.48141918999e-06, "mean": 0.00523920403793}, "erbbands": {"min": [1.93843912475e-22, 6.02108685676e-21, 9.98574051061e-21, 8.33475424703e-21, 3.18058538786e-20, 1.29057921167e-19, 2.18580848355e-19, 6.00225982212e-19, 9.0794621737e-19, 1.62813360263e-18, 4.25116706221e-19, 1.14626904936e-18, 2.00145944502e-18, 1.47337617503e-18, 3.64744008975e-18, 3.55447284712e-18, 9.33558355433e-18, 5.97428302284e-18, 3.71986016597e-18, 4.96615292898e-18, 4.37923023407e-18, 1.03242488476e-17, 1.2833195179e-17, 1.1438490084e-17, 9.78696774279e-18, 1.21502368149e-17, 1.79936499387e-17, 2.09156389828e-17, 2.57833454247e-17, 2.04070105872e-17, 1.90231605834e-17, 1.54759305298e-17, 1.28077304238e-17, 1.39804028715e-17, 9.86156289043e-18, 5.54487785043e-18, 2.85288865044e-18, 1.38375074207e-18, 3.43104410974e-19, 3.61010376769e-20], "max": [8.39018917084, 42.9572410583, 69.8696670532, 124.68460083, 349.398101807, 213.159347534, 612.182250977, 468.815124512, 495.967773438, 599.880493164, 1179.77441406, 1001.69525146, 1222.56201172, 858.205688477, 828.802856445, 767.845214844, 1149.01757812, 882.198669434, 753.989929199, 938.329284668, 419.907867432, 760.847900391, 260.145904541, 197.763000488, 390.228851318, 169.31111145, 192.144622803, 75.3816680908, 104.352409363, 53.6111450195, 27.680809021, 63.6440315247, 92.1022338867, 54.0774497986, 23.0077590942, 12.5529251099, 4.73786211014, 0.714896440506, 0.112005487084, 0.00359204062261], "dvar2": [0.66199940443, 42.3270492554, 73.3099365234, 445.835968018, 1610.0793457, 718.577392578, 2364.09228516, 1246.6394043, 786.55480957, 2569.65844727, 15020.0800781, 7569.25097656, 3347.37158203, 6278.83398438, 3318.0793457, 6049.74609375, 7827.72265625, 5478.8515625, 3826.00512695, 3699.51635742, 1103.32470703, 882.153503418, 399.583282471, 242.046936035, 445.296203613, 227.812469482, 156.678207397, 40.7302322388, 89.1634750366, 15.4741792679, 6.89039707184, 10.0656337738, 5.94167232513, 3.1482591629, 1.25176107883, 0.273212075233, 0.0472146980464, 0.00266230362467, 8.93801698112e-05, 7.86842520029e-08], "median": [0.0964077860117, 0.928291141987, 1.19562733173, 1.40077149868, 3.46151471138, 6.99577856064, 11.5666646957, 9.75875759125, 10.9817066193, 12.2445077896, 22.9307117462, 15.441365242, 13.6924409866, 13.8209915161, 12.9487218857, 18.1345176697, 18.6754798889, 17.3120574951, 14.1582269669, 12.422252655, 11.3804140091, 12.4790267944, 10.2590875626, 8.79412841797, 6.32155418396, 3.90266466141, 3.28523254395, 2.96738815308, 2.18926262856, 1.3259960413, 0.854675352573, 0.581784307957, 0.355446457863, 0.219054892659, 0.146644413471, 0.0573438815773, 0.0212978050113, 0.00577295804396, 0.000791582802776, 5.69799703953e-05], "dmean2": [0.338581889868, 2.39170861244, 3.65330862999, 7.13520812988, 13.0444583893, 14.3337621689, 27.5591506958, 17.0272579193, 15.6171245575, 26.0025787354, 66.4648666382, 37.006652832, 28.1566562653, 38.2205810547, 26.6296882629, 42.608127594, 44.1538619995, 37.6171150208, 31.6938934326, 28.1598072052, 18.1057376862, 17.8752117157, 12.9938154221, 10.0211658478, 8.72894382477, 6.0113158226, 5.47109127045, 3.63403487206, 3.75824594498, 2.00730037689, 1.26365113258, 1.22517645359, 0.866753578186, 0.627847015858, 0.459284007549, 0.203430220485, 0.0844270214438, 0.020248554647, 0.00255889468826, 7.85278025432e-05], "dmean": [0.208547145128, 1.48074471951, 2.24392056465, 4.10640525818, 8.06466197968, 9.16389942169, 17.9777679443, 11.1331167221, 10.2686910629, 16.3430843353, 42.3804779053, 23.0731563568, 17.4182319641, 23.7679767609, 16.1357421875, 26.0485496521, 26.8155384064, 22.9864883423, 19.5065822601, 17.4251155853, 11.3103809357, 11.3495206833, 8.19544887543, 6.26936721802, 5.58440685272, 4.13948106766, 4.00533294678, 2.56850099564, 2.63807153702, 1.3750846386, 0.921942949295, 0.873403429985, 0.660795390606, 0.466768115759, 0.335431545973, 0.152971938252, 0.0640779957175, 0.0144939869642, 0.00175651407335, 5.46162227693e-05], "var": [0.344233691692, 16.4388828278, 47.6702079773, 110.73790741, 604.205383301, 400.70098877, 1961.9901123, 700.200073242, 468.712219238, 1446.60412598, 10302.6484375, 3494.61938477, 2687.890625, 4081.52978516, 2160.42333984, 4148.203125, 5491.63818359, 3446.96972656, 2448.58959961, 2791.55615234, 806.104492188, 892.939086914, 370.931427002, 306.544311523, 370.166290283, 292.592254639, 276.159179688, 76.8090362549, 89.7588653564, 23.2793807983, 10.5710744858, 11.7464523315, 10.6822309494, 4.13575696945, 1.69483196735, 0.431003540754, 0.0669206306338, 0.00275544007309, 4.16297261836e-05, 3.40752386307e-08], "dvar": [0.262123316526, 16.76628685, 37.5276641846, 159.405059814, 629.113342285, 281.463165283, 1031.63317871, 500.023376465, 319.139404297, 1016.90100098, 6344.87744141, 3055.01074219, 1443.37304688, 2591.02294922, 1260.83239746, 2383.4909668, 2977.21411133, 2257.27807617, 1534.38977051, 1524.99035645, 450.597961426, 388.771057129, 170.181350708, 100.88130188, 182.844940186, 107.20022583, 92.5759735107, 22.8327579498, 39.5570106506, 7.20761442184, 3.37240672112, 4.69032049179, 3.85387039185, 1.66251027584, 0.685802340508, 0.160391539335, 0.0266087800264, 0.00132553686853, 3.60980702681e-05, 3.05843848025e-08], "mean": [0.307222098112, 1.97007215023, 3.07717633247, 4.12947416306, 10.0269432068, 14.1856870651, 27.8660240173, 17.6733283997, 17.2256088257, 24.201210022, 61.1827125549, 32.2611312866, 26.7228088379, 33.3831138611, 25.2125339508, 40.6159591675, 43.2027244568, 35.0955085754, 30.6837291718, 28.1021442413, 20.6276550293, 21.6600151062, 16.6573810577, 14.751914978, 12.5057640076, 8.84458065033, 8.44009017944, 5.92908573151, 5.24555110931, 3.03722310066, 2.02041602135, 1.74253225327, 1.28120529652, 0.882302463055, 0.588749885559, 0.265338391066, 0.107189081609, 0.0244007073343, 0.00269291107543, 0.000110610744741]}, "zerocrossingrate": {"min": 0.00048828125, "max": 0.505859375, "dvar2": 0.000202966475626, "median": 0.04736328125, "dmean2": 0.0121799632907, "dmean": 0.0108939008787, "var": 0.00109855644405, "dvar": 0.000185399796464, "mean": 0.0535090826452}, "spectral_contrast_coeffs": {"min": [-0.947945535183, -0.974982261658, -0.954545021057, -0.957872569561, -0.963301420212, -0.960304498672], "max": [-0.34722661972, -0.407744377851, -0.543681681156, -0.584636271, -0.586416840553, -0.619485557079], "dvar2": [0.00494219642133, 0.00443476578221, 0.00266154971905, 0.00166005024221, 0.00103573815431, 0.000530706893187], "median": [-0.660003304482, -0.71707713604, -0.772167682648, -0.78462266922, -0.803123950958, -0.762639284134], "dmean2": [0.083610676229, 0.0802404880524, 0.0657171010971, 0.0520499683917, 0.0351163446903, 0.0267349537462], "dmean": [0.0530329495668, 0.0503678657115, 0.0402452275157, 0.0319308787584, 0.0217065773904, 0.0175855793059], "var": [0.00732791703194, 0.00552214914933, 0.00340750999749, 0.00232535554096, 0.00137785123661, 0.0012528692605], "dvar": [0.00198887032457, 0.00176484009717, 0.00104706466664, 0.000669331930112, 0.000427650025813, 0.000254222861258], "mean": [-0.6496565938, -0.712637126446, -0.768813788891, -0.782617151737, -0.798873364925, -0.763830721378]}, "dissonance": {"min": 0.266545236111, "max": 0.500000059605, "dvar2": 0.000696999777574, "median": 0.469044536352, "dmean2": 0.0288408603519, "dmean": 0.0172949880362, "var": 0.00054320594063, "dvar": 0.000260228029219, "mean": 0.464985430241}, "spectral_energyband_high": {"min": 7.91652720568e-21, "max": 0.00875684898347, "dvar2": 4.49915120271e-07, "median": 0.00030205908115, "dmean2": 0.000340321596013, "dmean": 0.000282541150227, "var": 1.22437370464e-06, "dvar": 2.92385493594e-07, "mean": 0.000714898400474}, "gfcc": {"mean": [17.6588401794, 86.0259094238, -108.257278442, 18.8142681122, -48.1545715332, 8.08059310913, -33.1534118652, 7.81311988831, -20.5174751282, 8.06924629211, -14.0342407227, 5.45120477676, -11.2896642685], "icov": [[0.000186649136594, -0.000192462743144, 0.000103578880953, -0.00029853041633, 0.000268893898465, -0.000642938481178, 0.000578106089961, -0.000498643843457, 0.000543409143575, -0.000694731483236, 0.000562237226404, -7.92046557763e-05, 0.000407558080042], [-0.000192462743144, 0.00272113946266, 0.000617399229668, 0.000406971026678, -0.00163243908901, 0.000609462906141, -0.00170325313229, 0.00158667494543, -0.00288948812522, 0.00360459997319, -0.00359210325405, 0.00222640414722, -0.000603978638537], [0.000103578880953, 0.000617399229668, 0.00290968199261, -0.000983153004199, -0.00145804835483, -0.000868024304509, 0.00025132796145, -0.000318827922456, 0.000715440372005, -0.0016922178911, 0.00110751960892, -0.00107036915142, 0.00123825471383], [-0.00029853041633, 0.000406971026678, -0.000983153004199, 0.00550353946164, -0.000669808243401, 0.0011208205251, -0.00124075915664, 0.0011302937055, -0.00170242926106, 0.00175141578075, -0.00154085305985, 0.00178446667269, -0.00291138002649], [0.000268893898465, -0.00163243908901, -0.00145804835483, -0.000669808243401, 0.00658734189346, -0.00227270484902, 0.00115578470286, -0.00144340028055, -0.00109755911399, -0.00156835501548, 0.00162144599017, -0.00151312106755, 0.00162577664014], [-0.000642938481178, 0.000609462906141, -0.000868024304509, 0.0011208205251, -0.00227270484902, 0.00974508188665, -0.00542899034917, -0.000362408783985, 0.000841370667331, 0.000708019535523, -0.00264912005514, 0.00306346244179, -0.0029919759836], [0.000578106089961, -0.00170325313229, 0.00025132796145, -0.00124075915664, 0.00115578470286, -0.00542899034917, 0.0141993286088, -0.00485319597647, 0.00208345265128, -0.00268568098545, -0.000917536206543, -0.00177367555443, 0.00337604200467], [-0.000498643843457, 0.00158667494543, -0.000318827922456, 0.0011302937055, -0.00144340028055, -0.000362408783985, -0.00485319597647, 0.015502601862, -0.00739726284519, 0.00304666836746, -0.00133767980151, -0.000597901002038, 0.0023071046453], [0.000543409143575, -0.00288948812522, 0.000715440372005, -0.00170242926106, -0.00109755911399, 0.000841370667331, 0.00208345265128, -0.00739726284519, 0.019517570734, -0.0112332543358, 0.00571996578947, -0.000959240831435, -0.00310525274836], [-0.000694731483236, 0.00360459997319, -0.0016922178911, 0.00175141578075, -0.00156835501548, 0.000708019535523, -0.00268568098545, 0.00304666836746, -0.0112332543358, 0.0238910913467, -0.0141030875966, 0.00541871087626, -0.00140672246926], [0.000562237226404, -0.00359210325405, 0.00110751960892, -0.00154085305985, 0.00162144599017, -0.00264912005514, -0.000917536206543, -0.00133767980151, 0.00571996578947, -0.0141030875966, 0.0303397364914, -0.016077298671, 0.00505779869854], [-7.92046557763e-05, 0.00222640414722, -0.00107036915142, 0.00178446667269, -0.00151312106755, 0.00306346244179, -0.00177367555443, -0.000597901002038, -0.000959240831435, 0.00541871087626, -0.016077298671, 0.0289144515991, -0.0140846157447], [0.000407558080042, -0.000603978638537, 0.00123825471383, -0.00291138002649, 0.00162577664014, -0.0029919759836, 0.00337604200467, 0.0023071046453, -0.00310525274836, -0.00140672246926, 0.00505779869854, -0.0140846157447, 0.0223839469254]], "cov": [[10376.6044922, 33.940738678, 37.7588768005, 211.288146973, -77.7488098145, 626.119628906, -7.31019115448, 241.021728516, -146.442977905, 134.814376831, -121.787536621, -272.776092529, -252.98916626], [33.940738678, 727.35736084, -145.785919189, -0.700827240944, 135.997787476, 32.4651947021, 77.3792724609, 9.50301647186, 77.8284454346, -33.691947937, 49.7159194946, -18.8433818817, -5.61764144897], [37.7588768005, -145.785919189, 558.550720215, 80.2097473145, 158.497741699, 96.9211730957, 37.292640686, 50.1756057739, 19.8830337524, 72.4746932983, 7.12605857849, 7.85542726517, -23.7944355011], [211.288146973, -0.700827240944, 80.2097473145, 226.142456055, 35.4161262512, 10.6431903839, 4.9689078331, 2.24558281898, 21.5488739014, 9.45579814911, 1.18716990948, 1.70966362953, 23.3708724976], [-77.7488098145, 135.997787476, 158.497741699, 35.4161262512, 277.673156738, 84.0019836426, 50.8338317871, 53.2474594116, 61.4481048584, 40.1724090576, 20.4204463959, 2.21119976044, -13.344669342], [626.119628906, 32.4651947021, 96.9211730957, 10.6431903839, 84.0019836426, 219.226715088, 84.8064193726, 56.2061653137, 3.08121061325, 36.6699180603, 20.2997589111, -16.6125469208, -22.1913776398], [-7.31019115448, 77.3792724609, 37.292640686, 4.9689078331, 50.8338317871, 84.8064193726, 134.162322998, 49.5950241089, 16.562664032, 25.0419025421, 32.1782531738, 2.72108054161, -18.5860157013], [241.021728516, 9.50301647186, 50.1756057739, 2.24558281898, 53.2474594116, 56.2061653137, 49.5950241089, 111.186920166, 39.3893241882, 25.8355503082, 9.01177024841, -4.20470237732, -19.5042896271], [-146.442977905, 77.8284454346, 19.8830337524, 21.5488739014, 61.4481048584, 3.08121061325, 16.562664032, 39.3893241882, 107.693161011, 41.5055999756, 12.0601377487, 7.83875179291, 15.6158037186], [134.814376831, -33.691947937, 72.4746932983, 9.45579814911, 40.1724090576, 36.6699180603, 25.0419025421, 25.8355503082, 41.5055999756, 94.5495758057, 34.5891838074, 7.16658878326, -2.20543718338], [-121.787536621, 49.7159194946, 7.12605857849, 1.18716990948, 20.4204463959, 20.2997589111, 32.1782531738, 9.01177024841, 12.0601377487, 34.5891838074, 74.8943634033, 37.0562934875, 9.0080871582], [-272.776092529, -18.8433818817, 7.85542726517, 1.70966362953, 2.21119976044, -16.6125469208, 2.72108054161, -4.20470237732, 7.83875179291, 7.16658878326, 37.0562934875, 78.6466064453, 44.5392036438], [-252.98916626, -5.61764144897, -23.7944355011, 23.3708724976, -13.344669342, -22.1913776398, -18.5860157013, -19.5042896271, 15.6158037186, -2.20543718338, 9.0080871582, 44.5392036438, 84.3198013306]]}, "spectral_flux": {"min": 1.03235073268e-10, "max": 0.378944575787, "dvar2": 0.00305152847432, "median": 0.0850413218141, "dmean2": 0.0447361133993, "dmean": 0.0279917735606, "var": 0.00349063519388, "dvar": 0.0013798478758, "mean": 0.0967922285199}, "silence_rate_30dB": {"min": 0, "max": 1, "dvar2": 0.0893464609981, "median": 1, "dmean2": 0.0839484706521, "dmean": 0.0419681631029, "var": 0.0380756221712, "dvar": 0.0402052514255, "mean": 0.960353076458}, "spectral_energyband_middle_high": {"min": 1.37194609279e-21, "max": 0.0377906300128, "dvar2": 1.85802146007e-05, "median": 0.00432211440057, "dmean2": 0.00322873098776, "dmean": 0.00214685569517, "var": 2.80324929918e-05, "dvar": 8.249988241e-06, "mean": 0.00591978244483}, "barkbands_spread": {"min": 0.0521531105042, "max": 90.8946762085, "dvar2": 80.5771789551, "median": 19.569475174, "dmean2": 8.41202163696, "dmean": 5.64144182205, "var": 125.770576477, "dvar": 40.1381416321, "mean": 21.771654129}, "spectral_centroid": {"min": 85.0074768066, "max": 10730.125, "dvar2": 131022.796875, "median": 1148.94262695, "dmean2": 348.71005249, "dmean": 235.885147095, "var": 218423.65625, "dvar": 65935.6171875, "mean": 1225.17944336}, "pitch_salience": {"min": 0.0134063987061, "max": 0.917856931686, "dvar2": 0.011654545553, "median": 0.55429148674, "dmean2": 0.116309173405, "dmean": 0.0727934986353, "var": 0.0129108456895, "dvar": 0.00483315857127, "mean": 0.546620249748}, "erbbands_skewness": {"min": -2.90581488609, "max": 7.49124956131, "dvar2": 0.316897600889, "median": 0.33209335804, "dmean2": 0.57055824995, "dmean": 0.367214113474, "var": 0.364289224148, "dvar": 0.135417535901, "mean": 0.332643806934}, "erbbands_crest": {"min": 2.38825917244, "max": 28.5012321472, "dvar2": 19.2284641266, "median": 7.67814207077, "dmean2": 4.82082891464, "dmean": 2.93393969536, "var": 17.635887146, "dvar": 7.45971059799, "mean": 8.76181793213}, "melbands": {"min": [4.0333215628e-24, 6.91304685883e-24, 1.87527619959e-24, 5.60511942228e-24, 7.82154483121e-24, 1.18294189245e-23, 1.77846482272e-23, 1.52420517109e-23, 2.629730542e-24, 7.89769909642e-24, 9.65388964262e-24, 5.12212197812e-24, 1.18267257534e-23, 6.96700257816e-24, 1.61599008404e-23, 2.32891981392e-23, 9.2632165345e-24, 4.86767449871e-24, 8.17668133327e-24, 5.18010798781e-24, 4.71082015732e-24, 1.10084900346e-23, 9.53570960154e-24, 1.12658716822e-23, 9.13560881675e-24, 7.65658139416e-24, 7.8733887699e-24, 7.79100960329e-24, 9.98199424804e-24, 1.36499363444e-23, 1.0500558275e-23, 1.50070326923e-23, 1.50536780376e-23, 9.44714182113e-24, 1.05653655649e-23, 1.12688314883e-23, 8.85085764009e-24, 8.20841326319e-24, 1.23335696738e-23, 1.08268595444e-23], "max": [0.0622520819306, 0.0457461662591, 0.0279569663107, 0.0196623634547, 0.0183605868369, 0.00945527851582, 0.0066359215416, 0.00724436249584, 0.010026906617, 0.00605433760211, 0.00607145950198, 0.00369241205044, 0.00263367197476, 0.00186019600369, 0.00223857956007, 0.00193059106823, 0.00187949487008, 0.00172375235707, 0.00121830392163, 0.00107981706969, 0.000654680130538, 0.000975637638476, 0.000224794392125, 0.000204200434382, 0.000187610450666, 0.000457718444522, 0.000169840830495, 0.000126523445942, 0.000151639440446, 8.99513979675e-05, 6.03811167821e-05, 6.5860527684e-05, 3.40511323884e-05, 3.13861637551e-05, 1.7721678887e-05, 1.79508988367e-05, 5.37076339242e-05, 6.13241863903e-05, 5.60562075407e-05, 4.55157605757e-05], "dvar2": [4.98007211718e-05, 3.04123041133e-05, 1.60131312441e-05, 5.64453512197e-06, 2.1908438157e-06, 6.01854026172e-07, 1.68049012927e-07, 3.64577772416e-07, 9.88689862425e-07, 2.45622572947e-07, 8.62658495748e-08, 1.12475134983e-07, 4.91187357454e-08, 3.26400844131e-08, 4.24515640418e-08, 3.06051894938e-08, 2.25637553086e-08, 1.25690791108e-08, 9.40312805398e-09, 4.66884841899e-09, 1.80182035958e-09, 1.32131838804e-09, 6.08640027266e-10, 3.28077426337e-10, 2.07928230189e-10, 4.36555624983e-10, 1.35185779238e-10, 1.13668942314e-10, 9.89842791066e-11, 5.36543587337e-11, 1.49566366237e-11, 3.99275022767e-11, 1.1813535393e-11, 3.91433456828e-12, 2.70940193024e-12, 3.12895672913e-12, 5.61924205084e-12, 3.54226825823e-12, 3.67540980289e-12, 2.38883175394e-12], "median": [0.00112876261119, 0.00089803209994, 0.00033370940946, 0.000378256372642, 0.000412099761888, 0.00023315884755, 0.000163928081747, 0.000145719168358, 0.000182092975592, 8.07879332569e-05, 6.493046385e-05, 5.34015598532e-05, 3.52507995558e-05, 4.20618744101e-05, 4.35128604295e-05, 3.68097062164e-05, 2.9346336305e-05, 2.09618247027e-05, 1.71111623786e-05, 1.45349404193e-05, 1.19221595014e-05, 1.2385889022e-05, 1.06889701783e-05, 7.55425207899e-06, 6.48954937787e-06, 5.04039371663e-06, 3.25573728333e-06, 2.2452381927e-06, 1.94995391212e-06, 1.84064640507e-06, 1.6487257426e-06, 1.30578416702e-06, 8.6532207888e-07, 6.46233104362e-07, 4.91455523388e-07, 3.84466943615e-07, 3.31135254328e-07, 2.5679557325e-07, 1.89082030033e-07, 1.73999069375e-07], "dmean2": [0.00297214603052, 0.00223435088992, 0.00137898849789, 0.000977392424829, 0.000871478929184, 0.000402372679673, 0.000236693245824, 0.00032241770532, 0.000542140682228, 0.000211962818867, 0.00014431020827, 0.000163132368471, 9.56414296525e-05, 0.000104585960798, 0.000115447517601, 9.15167256608e-05, 7.27441874915e-05, 5.32500926056e-05, 4.53868487966e-05, 3.48867579305e-05, 2.27962118515e-05, 2.08157453017e-05, 1.65059082065e-05, 1.15196580737e-05, 9.09423670237e-06, 8.11152949609e-06, 5.04137233293e-06, 4.13506404584e-06, 3.99993996325e-06, 3.17076683132e-06, 2.21722098104e-06, 2.48538754022e-06, 1.6495384898e-06, 1.02532862911e-06, 8.100741411e-07, 7.69515509091e-07, 8.2147005287e-07, 6.55313215248e-07, 6.22110746917e-07, 5.59501756925e-07], "dmean": [0.00179659225978, 0.00145866023377, 0.000808148295619, 0.000613043433987, 0.000566936854739, 0.000263077934505, 0.000156065958436, 0.000202122624614, 0.000344958418282, 0.000132435641717, 8.93131145858e-05, 0.000101338220702, 5.79868647037e-05, 6.37407720205e-05, 7.04955818946e-05, 5.51680677745e-05, 4.4318891014e-05, 3.27329726133e-05, 2.81181273749e-05, 2.09907630051e-05, 1.397082724e-05, 1.3038281395e-05, 1.03262882476e-05, 7.0375958785e-06, 5.58771398573e-06, 5.04423815073e-06, 3.24576922139e-06, 2.80998210656e-06, 2.81438815364e-06, 2.2463498226e-06, 1.49775110003e-06, 1.69814757101e-06, 1.09560164674e-06, 6.97956920703e-07, 5.64849074181e-07, 5.29925159753e-07, 5.73319482555e-07, 4.72597491807e-07, 4.5555046313e-07, 4.03844211405e-07], "var": [2.40060235228e-05, 1.86023698916e-05, 4.49870594821e-06, 2.4657524591e-06, 1.76276239472e-06, 3.51804146703e-07, 1.06461591542e-07, 2.20369514636e-07, 6.65514278353e-07, 1.1477060724e-07, 6.92669175351e-08, 7.34635179356e-08, 2.97955420336e-08, 2.29217462788e-08, 3.11124921382e-08, 1.98398790729e-08, 1.36341258283e-08, 7.13221970372e-09, 6.70208466502e-09, 3.0470703738e-09, 1.14902143356e-09, 1.2243890346e-09, 5.17168974312e-10, 2.66308058938e-10, 2.23208784789e-10, 3.03306241234e-10, 1.26191432304e-10, 1.30461086378e-10, 1.21791216001e-10, 6.72438146831e-11, 2.05009516308e-11, 3.31071281501e-11, 1.3941592672e-11, 5.78980613453e-12, 3.46473219039e-12, 3.73848001167e-12, 5.41013284519e-12, 5.31960499955e-12, 5.05829883188e-12, 2.69736988821e-12], "dvar": [1.89666207007e-05, 1.4919156456e-05, 5.86926125834e-06, 2.20310835175e-06, 9.36677338359e-07, 2.40162677301e-07, 6.89410768473e-08, 1.47854663624e-07, 4.18400333047e-07, 9.93069164679e-08, 3.72102491042e-08, 4.62907614462e-08, 1.85399890995e-08, 1.33655637669e-08, 1.67680092034e-08, 1.18505338875e-08, 9.38060917832e-09, 5.00221775113e-09, 3.80524678434e-09, 1.87636284288e-09, 7.23217707943e-10, 5.75479497389e-10, 2.54861021176e-10, 1.31779503976e-10, 8.32797719674e-11, 1.71163527796e-10, 5.611433887e-11, 5.2236881487e-11, 4.98209598576e-11, 2.78762672667e-11, 7.14404924107e-12, 1.68420034863e-11, 5.03819859096e-12, 1.86008305113e-12, 1.26767606828e-12, 1.40472702914e-12, 2.52180004309e-12, 2.16612968881e-12, 2.06630090642e-12, 1.19292347268e-12], "mean": [0.00270615052432, 0.00202199374326, 0.000874276505783, 0.00087569054449, 0.000907117326278, 0.000420478230808, 0.000259491527686, 0.000296728569083, 0.000491305312607, 0.000178720496478, 0.000131985550979, 0.00013763262541, 8.21484718472e-05, 9.28014123929e-05, 0.000109485685243, 8.31566139823e-05, 6.29106361885e-05, 4.79319060105e-05, 4.27004633821e-05, 3.17219055432e-05, 2.29553606914e-05, 2.29115867114e-05, 1.84769414773e-05, 1.29580685098e-05, 1.17975132525e-05, 1.04971541077e-05, 6.77815069139e-06, 5.51990297026e-06, 5.34536638952e-06, 4.32840670328e-06, 3.23253971146e-06, 3.13775149152e-06, 2.19072990149e-06, 1.49469849475e-06, 1.15702493986e-06, 1.08052779524e-06, 1.06290667645e-06, 8.94279367003e-07, 8.07372089184e-07, 7.25196400708e-07]}, "spectral_entropy": {"min": 4.3386926651, "max": 9.79317188263, "dvar2": 0.0442870780826, "median": 7.67755556107, "dmean2": 0.196803033352, "dmean": 0.13431955874, "var": 0.0891166701913, "dvar": 0.0219036657363, "mean": 7.68649768829}, "spectral_rolloff": {"min": 21.533203125, "max": 19466.015625, "dvar2": 1169488.5, "median": 1162.79296875, "dmean2": 725.672302246, "dmean": 448.550872803, "var": 1276754.75, "dvar": 583446.1875, "mean": 1267.58337402}, "barkbands": {"min": [1.49453038827e-25, 2.16413213507e-23, 5.5525749751e-24, 3.62453423615e-24, 3.07438090535e-23, 5.12697867916e-23, 1.15413190333e-22, 1.72897137398e-23, 4.37812438144e-23, 5.66068536449e-23, 8.26495628852e-23, 5.87425841053e-23, 2.65618352517e-22, 4.31943313009e-23, 9.60599773929e-23, 7.70379219498e-23, 1.59323144693e-22, 2.1122260657e-22, 2.02110026181e-22, 2.77445586297e-22, 4.91266473497e-22, 7.37466705598e-22, 6.32707542485e-22, 7.16594985903e-22, 1.33851666673e-21, 1.55277724607e-21, 2.63824288443e-21], "max": [0.019525738433, 0.188783615828, 0.06824285537, 0.0691311210394, 0.0769014135003, 0.0456820167601, 0.0277516636997, 0.0440295822918, 0.0367331579328, 0.0283600110561, 0.0213057529181, 0.015177430585, 0.0235624350607, 0.0190667454153, 0.0127941919491, 0.0123275732622, 0.0109109748155, 0.00388010311872, 0.00735013419762, 0.00306294299662, 0.00325109995902, 0.00233348854817, 0.00119706580881, 0.00359413772821, 0.00340398051776, 0.00250580511056, 0.000648268614896], "dvar2": [8.6747622845e-06, 0.000710527761839, 7.15145361028e-05, 8.23899899842e-05, 8.23091249913e-05, 2.25136263907e-05, 4.26726819569e-06, 2.27103901125e-05, 1.29693680719e-05, 5.17638909514e-06, 3.14668250212e-06, 2.84900011138e-06, 4.08022287957e-06, 2.35598918152e-06, 1.53593668983e-06, 5.48592822724e-07, 3.06510315795e-07, 1.16738966938e-07, 1.57365150244e-07, 8.85183482069e-08, 5.14479729929e-08, 4.8002206654e-08, 7.07350400475e-09, 1.89000601836e-08, 2.06038777151e-08, 1.14972191767e-08, 2.18459339507e-09], "median": [3.33283278451e-05, 0.00433656293899, 0.000788828765508, 0.000428462313721, 0.00251698424108, 0.00144732662011, 0.00071482633939, 0.000974461785518, 0.000571181706619, 0.000424606463639, 0.000218863977352, 0.000360341771739, 0.000393539143261, 0.000264509406406, 0.000253094534855, 0.000197297471459, 0.000237056519836, 0.000161329327966, 0.000154639797984, 7.81821872806e-05, 8.07607430033e-05, 5.76330821787e-05, 3.23405802192e-05, 2.41588350036e-05, 1.99154328584e-05, 1.18845146062e-05, 4.13473662775e-06], "dmean2": [0.00106551055796, 0.0106075340882, 0.00309020257555, 0.00296832504682, 0.00459334487095, 0.00266068591736, 0.00118391658179, 0.00269563752227, 0.00159806513693, 0.00121305987705, 0.000729784136638, 0.000963066355325, 0.00105580547825, 0.000698227901012, 0.000638919358607, 0.000399154756451, 0.000356030504918, 0.000226816991926, 0.00020433672762, 0.000123316334793, 0.000111536428449, 9.53828275669e-05, 4.36651171185e-05, 5.3012794524e-05, 5.73710021854e-05, 4.31633998232e-05, 1.36765702337e-05], "dmean": [0.000653132214211, 0.00645618373528, 0.00187368260231, 0.0016965540126, 0.00297065172344, 0.00173380493652, 0.000763488758821, 0.00171370722819, 0.00100029748864, 0.000750432838686, 0.000443684955826, 0.000587155926041, 0.000636008917354, 0.000428480037954, 0.000394493486965, 0.000244380586082, 0.000222281189053, 0.000140498785186, 0.000126733124489, 8.52088924148e-05, 8.18047192297e-05, 6.5924730734e-05, 3.28381465806e-05, 3.94102244172e-05, 4.29101128248e-05, 3.32354102284e-05, 9.39073834161e-06], "var": [3.58249803867e-06, 0.000322024163324, 2.87093862426e-05, 2.06376935239e-05, 4.43291137344e-05, 1.50560308612e-05, 2.59236389866e-06, 1.55652796821e-05, 6.31626062386e-06, 3.72601425624e-06, 1.78000391315e-06, 1.9255121515e-06, 2.66255051429e-06, 1.33176888539e-06, 1.0939556887e-06, 3.73539421616e-07, 2.83704650883e-07, 1.06664352018e-07, 1.52044279389e-07, 1.12948953301e-07, 1.00753844379e-07, 5.19593292836e-08, 1.43328824365e-08, 3.1939869416e-08, 3.14747552466e-08, 1.93081035604e-08, 1.1203875605e-09], "dvar": [3.43643500855e-06, 0.000275604019407, 2.94372221106e-05, 2.93491502816e-05, 3.32815725415e-05, 9.17108536669e-06, 1.73770490619e-06, 9.50661160459e-06, 5.29413046024e-06, 2.15135833059e-06, 1.20046229313e-06, 1.13514693112e-06, 1.54725387347e-06, 9.56216240411e-07, 6.18507272065e-07, 2.23605766791e-07, 1.30366487383e-07, 4.92241767347e-08, 6.35782271274e-08, 4.23555164275e-08, 3.10844363582e-08, 2.06467269948e-08, 3.88259646655e-09, 1.11790328106e-08, 1.15503517861e-08, 6.95016222352e-09, 8.97521557075e-10], "mean": [0.000699915806763, 0.0095880785957, 0.00222584488802, 0.00159289455041, 0.00462502148002, 0.00277776713483, 0.00119948782958, 0.00245038000867, 0.00132292939816, 0.00102732179221, 0.000589542789385, 0.000844690192025, 0.00095696822973, 0.000602871063165, 0.000591011776123, 0.00039316189941, 0.000404403574066, 0.00027274779859, 0.000285140820779, 0.000176967820153, 0.000182424861123, 0.000134916466777, 7.48931779526e-05, 7.95886808191e-05, 8.0545542005e-05, 5.83116379858e-05, 1.46158354255e-05]}, "melbands_flatness_db": {"min": 0.0057470118627, "max": 0.851686477661, "dvar2": 0.00186356191989, "median": 0.186177194118, "dmean2": 0.0378227680922, "dmean": 0.0256639476866, "var": 0.00345788802952, "dvar": 0.000942681333981, "mean": 0.192428857088}, "melbands_skewness": {"min": -0.658351421356, "max": 66.7152633667, "dvar2": 4.56302928925, "median": 2.2256436348, "dmean2": 1.13685369492, "dmean": 0.746503472328, "var": 3.62779831886, "dvar": 2.20330190659, "mean": 2.44616937637}, "barkbands_skewness": {"min": -1.85764408112, "max": 28.9995632172, "dvar2": 2.21069836617, "median": 1.37118625641, "dmean2": 0.892133355141, "dmean": 0.583208441734, "var": 1.49108469486, "dvar": 0.899215936661, "mean": 1.53406858444}, "silence_rate_60dB": {"min": 0, "max": 1, "dvar2": 0.0263038016856, "median": 0, "dmean2": 0.0248950645328, "dmean": 0.0124457310885, "var": 0.0452100075781, "dvar": 0.012289959006, "mean": 0.0474605709314}, "spectral_energyband_low": {"min": 2.85360145717e-23, "max": 0.214262962341, "dvar2": 0.000777755572926, "median": 0.00638304650784, "dmean2": 0.0124390097335, "dmean": 0.0079291285947, "var": 0.000527848198544, "dvar": 0.000345661770552, "mean": 0.0131984045729}, "spectral_energyband_middle_low": {"min": 2.95348790852e-22, "max": 0.135591730475, "dvar2": 0.000313445052598, "median": 0.010868483223, "dmean2": 0.0105442106724, "dmean": 0.00670617446303, "var": 0.0001931040606, "dvar": 0.000128039173433, "mean": 0.0142434882}, "melbands_kurtosis": {"min": -1.74551284313, "max": 10658.4267578, "dvar2": 59613.2304688, "median": 6.41198158264, "dmean2": 17.1428394318, "dmean": 10.8638038635, "var": 25978.8535156, "dvar": 27476.96875, "mean": 14.179889679}, "spectral_decrease": {"min": -5.83287800282e-08, "max": 4.57253775821e-29, "dvar2": 6.2467415928e-17, "median": -6.27842577927e-09, "dmean2": 4.90685270194e-09, "dmean": 3.23689564041e-09, "var": 5.69225463494e-17, "dvar": 2.88788736526e-17, "mean": -8.30990831702e-09}, "erbbands_kurtosis": {"min": -1.78170728683, "max": 60.6078338623, "dvar2": 5.95784330368, "median": -0.186955690384, "dmean2": 1.28884422779, "dmean": 0.799128293991, "var": 3.63962578773, "dvar": 2.4007370472, "mean": 0.227678865194}, "melbands_crest": {"min": 2.4083340168, "max": 39.9026412964, "dvar2": 26.5473995209, "median": 13.2817392349, "dmean2": 5.60522556305, "dmean": 3.58109712601, "var": 29.8548717499, "dvar": 10.9305114746, "mean": 14.1839141846}, "melbands_spread": {"min": 0.0172977354378, "max": 170.741531372, "dvar2": 126.547866821, "median": 19.7668857574, "dmean2": 9.71248912811, "dmean": 6.36249780655, "var": 165.757827759, "dvar": 59.2919692993, "mean": 21.6810855865}, "spectral_energy": {"min": 1.06574806383e-20, "max": 0.221504762769, "dvar2": 0.000906035245862, "median": 0.0255355928093, "dmean2": 0.0189168322831, "dmean": 0.0125254485756, "var": 0.000858935643919, "dvar": 0.000421504111728, "mean": 0.0332524552941}, "mfcc": {"mean": [-629.881652832, 126.713150024, -3.70806336403, 18.7198963165, 3.6341688633, 5.32342004776, -0.9572032094, 1.00184440613, -0.240293711424, 0.103636391461, 4.27573823929, 3.0040230751, -1.15215945244], "icov": [[0.000153777844389, -7.21379983588e-05, 2.91347896564e-05, -5.86216629017e-05, 0.000130812011776, -9.04583721422e-05, -7.81608032412e-05, -6.5047373937e-05, 7.47855592635e-05, -0.000263416353846, -6.8149100116e-05, 0.000260200933553, 0.000119733820611], [-7.21379983588e-05, 0.00192838546354, 0.000960773380939, -0.000180462055141, -0.000630652240943, -0.000607201596722, 0.000385399383958, -0.00143840850797, 0.000933685107157, -0.000671713089105, -0.000381629448384, -0.00067212281283, -0.00027108337963], [2.91347896564e-05, 0.000960773380939, 0.00404872838408, -0.000991918263026, -0.000736366549972, -0.000573689176235, -0.00168701889925, 0.000627351051662, -0.00028047588421, -0.00030406829319, 0.000554202764761, -0.000346895219991, -0.0012559244642], [-5.86216629017e-05, -0.000180462055141, -0.000991918263026, 0.00600163033232, -0.00163702771533, -0.000185276614502, 0.00143160938751, 0.000170353319845, -0.000527690397575, 0.00040037711733, 0.000244268332608, -0.000625205750111, 7.31958207325e-05], [0.000130812011776, -0.000630652240943, -0.000736366549972, -0.00163702771533, 0.00700905453414, -0.00164634757675, 0.000129392603412, -0.000116271010484, -0.00228029233404, -0.000350781861925, -0.00109603640158, 0.00164333090652, -0.00104737281799], [-9.04583721422e-05, -0.000607201596722, -0.000573689176235, -0.000185276614502, -0.00164634757675, 0.0117349782959, -0.00507237063721, 0.00157959782518, -0.000955599942245, -0.00155482708942, 0.00107434950769, 0.000352316914359, -0.00165636779275], [-7.81608032412e-05, 0.000385399383958, -0.00168701889925, 0.00143160938751, 0.000129392603412, -0.00507237063721, 0.0129618868232, -0.00634750118479, 0.00321253179573, -0.00104915560223, -0.00207741092891, -0.00247300602496, 0.00167303602211], [-6.5047373937e-05, -0.00143840850797, 0.000627351051662, 0.000170353319845, -0.000116271010484, 0.00157959782518, -0.00634750118479, 0.0171384010464, -0.00799574702978, 0.00378827541135, -0.0011383863166, -0.000187405719771, 2.76180471701e-05], [7.47855592635e-05, 0.000933685107157, -0.00028047588421, -0.000527690397575, -0.00228029233404, -0.000955599942245, 0.00321253179573, -0.00799574702978, 0.0215721372515, -0.00893886294216, 0.0012652418809, -0.000685657549184, -0.000547434203327], [-0.000263416353846, -0.000671713089105, -0.00030406829319, 0.00040037711733, -0.000350781861925, -0.00155482708942, -0.00104915560223, 0.00378827541135, -0.00893886294216, 0.018449883908, -0.00746201863512, 0.00468866107985, -0.00332438061014], [-6.8149100116e-05, -0.000381629448384, 0.000554202764761, 0.000244268332608, -0.00109603640158, 0.00107434950769, -0.00207741092891, -0.0011383863166, 0.0012652418809, -0.00746201863512, 0.0202152784914, -0.012536002323, 0.00371796172112], [0.000260200933553, -0.00067212281283, -0.000346895219991, -0.000625205750111, 0.00164333090652, 0.000352316914359, -0.00247300602496, -0.000187405719771, -0.000685657549184, 0.00468866107985, -0.012536002323, 0.0256892330945, -0.00805027596653], [0.000119733820611, -0.00027108337963, -0.0012559244642, 7.31958207325e-05, -0.00104737281799, -0.00165636779275, 0.00167303602211, 2.76180471701e-05, -0.000547434203327, -0.00332438061014, 0.00371796172112, -0.00805027596653, 0.0201142020524]], "cov": [[7393.72949219, 428.077270508, -131.645553589, 6.29774951935, -50.3883895874, 114.614768982, 112.70841217, 80.2010040283, 28.1524810791, 166.869308472, 74.8687973022, -64.3227844238, -60.3936920166], [428.077270508, 741.876708984, -150.16607666, 11.141620636, 69.7616119385, 51.4421234131, 35.3245124817, 80.0999832153, 17.2524681091, 50.1283493042, 69.3213882446, 42.1871109009, 15.6793880463], [-131.645553589, -150.16607666, 353.181091309, 59.2991638184, 60.42811203, 50.3165283203, 53.5056228638, -5.63872337341, 20.7811183929, 19.3233966827, -1.4190633297, 10.4200706482, 31.635887146], [6.29774951935, 11.141620636, 59.2991638184, 200.214111328, 64.5335083008, 13.1612520218, -17.6341590881, -4.34797668457, 17.7161197662, 8.81829738617, -2.28065276146, 1.3434984684, 11.902463913], [-50.3883895874, 69.7616119385, 60.42811203, 64.5335083008, 205.4478302, 52.0114173889, 19.6656856537, 19.7818336487, 43.8151321411, 39.3931503296, 20.2649345398, 4.21180677414, 23.7395648956], [114.614768982, 51.4421234131, 50.3165283203, 13.1612520218, 52.0114173889, 130.774093628, 64.2084274292, 18.3277187347, 20.6185760498, 33.7230911255, 18.1680221558, 11.462644577, 18.5805797577], [112.70841217, 35.3245124817, 53.5056228638, -17.6341590881, 19.6656856537, 64.2084274292, 147.797241211, 52.8020935059, 8.39148902893, 21.3516464233, 40.9074020386, 30.593334198, 5.59603309631], [80.2010040283, 80.0999832153, -5.63872337341, -4.34797668457, 19.7818336487, 18.3277187347, 52.8020935059, 97.538520813, 30.5968971252, 10.0465545654, 25.1491718292, 17.6313457489, 3.18044519424], [28.1524810791, 17.2524681091, 20.7811183929, 17.7161197662, 43.8151321411, 20.6185760498, 8.39148902893, 30.5968971252, 79.4660720825, 43.499458313, 14.886054039, 4.29882478714, 12.858546257], [166.869308472, 50.1283493042, 19.3233966827, 8.81829738617, 39.3931503296, 33.7230911255, 21.3516464233, 10.0465545654, 43.499458313, 99.4836044312, 38.9210891724, 6.55130624771, 16.9490737915], [74.8687973022, 69.3213882446, -1.4190633297, -2.28065276146, 20.2649345398, 18.1680221558, 40.9074020386, 25.1491718292, 14.886054039, 38.9210891724, 98.0849227905, 46.9094772339, 7.00459814072], [-64.3227844238, 42.1871109009, 10.4200706482, 1.3434984684, 4.21180677414, 11.462644577, 30.593334198, 17.6313457489, 4.29882478714, 6.55130624771, 46.9094772339, 72.0707473755, 21.5652332306], [-60.3936920166, 15.6793880463, 31.635887146, 11.902463913, 23.7395648956, 18.5805797577, 5.59603309631, 3.18044519424, 12.858546257, 16.9490737915, 7.00459814072, 21.5652332306, 65.0028533936]]}, "spectral_contrast_valleys": {"min": [-27.5208377838, -27.3185005188, -27.4231643677, -27.2508563995, -27.114812851, -27.2372493744], "max": [-5.04576253891, -4.62501001358, -5.24069499969, -5.31163835526, -5.4758234024, -8.01039600372], "dvar2": [0.283977866173, 0.255856722593, 0.240103259683, 0.195451915264, 0.0907693430781, 0.113128393888], "median": [-6.92434167862, -6.38989448547, -6.99380159378, -7.21339797974, -7.28153133392, -10.0515422821], "dmean2": [0.615408539772, 0.567878842354, 0.522506833076, 0.429431885481, 0.281719177961, 0.305243104696], "dmean": [0.390386402607, 0.353629887104, 0.32536265254, 0.274520128965, 0.192583188415, 0.232640489936], "var": [1.5844630003, 1.16238832474, 1.13459467888, 1.11012685299, 1.00345730782, 1.21224868298], "dvar": [0.141976326704, 0.125787779689, 0.125372201204, 0.105886347592, 0.0625293329358, 0.077373214066], "mean": [-7.15003347397, -6.55268001556, -7.14417457581, -7.36672306061, -7.40281152725, -10.0658521652]}, "barkbands_flatness_db": {"min": 0.0175763759762, "max": 0.668494224548, "dvar2": 0.00135158142075, "median": 0.1112267524, "dmean2": 0.0316464342177, "dmean": 0.0209996365011, "var": 0.0022609855514, "dvar": 0.000653931812849, "mean": 0.11586586386}, "dynamic_complexity": 3.07119297981, "spectral_skewness": {"min": 0.0336987897754, "max": 12.7990694046, "dvar2": 0.148374348879, "median": 1.68623507023, "dmean2": 0.266584098339, "dmean": 0.173244610429, "var": 0.162137985229, "dvar": 0.0593339018524, "mean": 1.68491244316}, "erbbands_flatness_db": {"min": 0.0365965031087, "max": 0.404609829187, "dvar2": 0.000565168680623, "median": 0.133150100708, "dmean2": 0.0244600269943, "dmean": 0.0168008711189, "var": 0.0014928720193, "dvar": 0.000276540609775, "mean": 0.136485785246}, "hfc": {"min": 1.19401509719e-16, "max": 121.04826355, "dvar2": 82.8856048584, "median": 