{"lowlevel": {"spectral_complexity": {"min": 0, "max": 29, "dvar2": 4.48166561127, "median": 8, "dmean2": 1.92297267914, "dmean": 1.17013549805, "var": 15.2467460632, "dvar": 1.95776677132, "mean": 8.31071472168}, "silence_rate_20dB": {"min": 1, "max": 1, "dvar2": 0, "median": 1, "dmean2": 0, "dmean": 0, "var": 0, "dvar": 0, "mean": 1}, "average_loudness": 0.459293216467, "erbbands_spread": {"min": 0.624228775501, "max": 137.208786011, "dvar2": 66.3919372559, "median": 11.9654998779, "dmean2": 4.91338729858, "dmean": 3.19414186478, "var": 92.451713562, "dvar": 28.1339206696, "mean": 14.1045789719}, "spectral_kurtosis": {"min": -1.19024014473, "max": 210.551651001, "dvar2": 339.275634766, "median": 17.2971115112, "dmean2": 14.8554363251, "dmean": 8.99300193787, "var": 634.576599121, "dvar": 135.82635498, "mean": 25.7534179688}, "barkbands_kurtosis": {"min": -1.83317124844, "max": 358.380157471, "dvar2": 359.599945068, "median": 9.21465110779, "dmean2": 9.84724712372, "dmean": 6.54977035522, "var": 424.710784912, "dvar": 163.216201782, "mean": 15.3797054291}, "spectral_strongpeak": {"min": 0, "max": 17.5590934753, "dvar2": 0.604777872562, "median": 0.729581832886, "dmean2": 0.518675684929, "dmean": 0.322557777166, "var": 0.869786500931, "dvar": 0.263183653355, "mean": 0.963551640511}, "spectral_spread": {"min": 466447.78125, "max": 40559748, "dvar2": 1101086851070.0, "median": 2437419.75, "dmean2": 857053.125, "dmean": 566452.3125, "var": 1722606944260.0, "dvar": 526596407296, "mean": 2665206}, "spectral_rms": {"min": 3.24104285077e-12, "max": 0.0139718549326, "dvar2": 1.36785877203e-06, "median": 0.0038285702467, "dmean2": 0.000892463838682, "dmean": 0.00061863247538, "var": 4.61456511403e-06, "dvar": 7.01279020632e-07, "mean": 0.00405418500304}, "erbbands": {"min": [7.07647157536e-22, 2.16332731394e-21, 4.98537069983e-21, 1.42378786053e-20, 3.57853648756e-20, 7.67444730642e-20, 1.3052274171e-19, 2.87140110764e-19, 3.93540973342e-19, 6.45708146302e-19, 7.28561399889e-19, 1.89401612808e-18, 1.80793020096e-18, 1.9531330721e-18, 2.61974427927e-18, 2.32722405656e-18, 3.24425571558e-18, 5.27502092894e-18, 8.49901940491e-18, 4.6827658142e-18, 5.785625459e-18, 6.73372622862e-18, 1.60147394372e-17, 1.28577566529e-17, 1.69396944525e-17, 1.96677675456e-17, 9.98795277931e-18, 1.64462034621e-17, 1.87609575642e-17, 1.69607776319e-17, 1.71936488267e-17, 1.99307249536e-17, 1.38613475931e-17, 9.24965024203e-18, 7.34947823584e-18, 6.28573058554e-18, 3.17643269562e-18, 1.39065666621e-18, 2.73494396542e-19, 2.79401900757e-20], "max": [2.18572258949, 12.157251358, 13.0873270035, 87.650062561, 681.060302734, 353.842163086, 922.424621582, 592.450378418, 1002.09442139, 1200.32116699, 2474.42431641, 5243.49804688, 3301.4934082, 3885.41308594, 1400.91137695, 1264.32189941, 481.473388672, 1412.34790039, 1134.10961914, 274.952972412, 520.082458496, 125.36592865, 97.2954483032, 100.193740845, 469.400268555, 306.671813965, 161.374679565, 125.45514679, 54.7676963806, 21.3403148651, 54.833896637, 31.8299541473, 20.9080486298, 44.6117019653, 9.61170196533, 3.24450302124, 3.72659087181, 3.04394483566, 0.0917684435844, 0.00170063844416], "dvar2": [0.00129780569114, 0.0504126995802, 0.345205277205, 53.3600769043, 2051.1862793, 658.869445801, 566.035705566, 839.447021484, 1980.92956543, 2721.04199219, 5382.21582031, 3306.37524414, 9488.39550781, 2865.19311523, 598.448059082, 1396.49560547, 115.875450134, 1085.65808105, 191.111755371, 37.6356391907, 146.859542847, 14.6484489441, 5.3293504715, 4.48565387726, 23.5898284912, 11.8214712143, 7.6481628418, 3.98704957962, 1.61351811886, 0.572009444237, 1.34477579594, 0.294328838587, 0.287438899279, 0.99022090435, 0.110726542771, 0.0126809468493, 0.0129791963845, 0.00902529153973, 5.98939413976e-06, 2.52226506348e-09], "median": [0.00132336560637, 0.00975530594587, 0.135495275259, 1.68831837177, 5.8029050827, 9.92321300507, 15.926697731, 11.677063942, 12.1458616257, 7.02085256577, 16.4922027588, 8.79178237915, 5.01880264282, 2.60505342484, 2.22761893272, 3.93636608124, 1.0150462389, 0.469223380089, 0.512828886509, 0.392203092575, 0.411102026701, 0.354030460119, 0.267390429974, 0.241823762655, 0.165810376406, 0.119815416634, 0.108634278178, 0.0886935815215, 0.0557119697332, 0.0364164747298, 0.0309904348105, 0.0174624174833, 0.0125988647342, 0.00735589582473, 0.00333539303392, 0.00118350563571, 0.000277225597529, 4.51251034974e-05, 1.13169799079e-05, 1.76347184606e-05], "dmean2": [0.00706964777783, 0.0542858578265, 0.229092940688, 3.26471114159, 22.4495563507, 14.2015628815, 12.492559433, 13.1910705566, 16.6628780365, 15.0117177963, 21.0792236328, 14.9921388626, 19.1630554199, 9.39286231995, 5.32023572922, 11.9763698578, 2.7125005722, 4.38606119156, 2.45532059669, 1.22104167938, 2.02891325951, 1.14038777351, 0.749061524868, 0.673396229744, 0.675082564354, 0.522087872028, 0.514278173447, 0.397446751595, 0.257343351841, 0.181213602424, 0.21902474761, 0.11341252923, 0.106750421226, 0.147784024477, 0.0595872476697, 0.0237024985254, 0.0122915236279, 0.00804380886257, 0.000213156352402, 1.34497176987e-05], "dmean": [0.00479375105351, 0.0348325222731, 0.141908943653, 2.10031032562, 15.3026065826, 9.07211208344, 8.39879512787, 8.70382404327, 10.9354429245, 9.45237445831, 15.1907320023, 10.5204324722, 13.8087968826, 6.90933227539, 3.57524371147, 8.26424503326, 1.73360657692, 2.86444592476, 1.55917072296, 0.780987381935, 1.27459800243, 0.720987439156, 0.476334244013, 0.436888515949, 0.451337486506, 0.34443372488, 0.313342094421, 0.247880607843, 0.162590190768, 0.11242236197, 0.136649146676, 0.0716428086162, 0.0674956068397, 0.0930013954639, 0.0367199331522, 0.0143863838166, 0.00725484965369, 0.00471235904843, 0.000126151222503, 8.98930375115e-06], "var": [0.00403747940436, 0.143819525838, 0.336188107729, 47.9495010376, 2699.83203125, 775.537353516, 1763.72131348, 1800.21240234, 3667.39428711, 3150.375, 9070.83105469, 13350.3583984, 18893.0019531, 7469.11865234, 670.851135254, 1969.19506836, 96.4147644043, 1415.41699219, 221.450790405, 27.5313301086, 71.2345428467, 13.2824640274, 5.71806144714, 5.21800470352, 23.7139263153, 10.8260746002, 4.21061849594, 1.52394342422, 0.877492070198, 0.226002454758, 0.498150736094, 0.149405270815, 0.102154098451, 0.306120187044, 0.0294294562191, 0.00337144406512, 0.00271707004867, 0.00187930546235, 1.24255439005e-06, 1.11145170845e-09], "dvar": [0.000731445848942, 0.0256743654609, 0.130025669932, 19.9825191498, 1103.46618652, 281.110015869, 264.644317627, 406.406494141, 875.474060059, 1116.71960449, 2726.09643555, 2371.31787109, 4882.49462891, 1759.0657959, 269.908172607, 674.667663574, 52.2317657471, 493.247436523, 87.0961532593, 15.2495117188, 55.6244163513, 6.04649066925, 2.25955653191, 2.01983165741, 13.3658885956, 6.35163211823, 2.80856347084, 1.49612522125, 0.573443770409, 0.215959787369, 0.510780870914, 0.123082667589, 0.111221715808, 0.376529633999, 0.0402288399637, 0.00460598291829, 0.00453173695132, 0.00316476332955, 2.09566769627e-06, 9.24007925729e-10], "mean": [0.0127354562283, 0.088942155242, 0.325622230768, 4.35744524002, 25.0896835327, 19.8529605865, 28.4413566589, 26.901927948, 33.4318199158, 21.940486908, 45.563659668, 28.0017318726, 32.2902870178, 16.0454139709, 8.47838306427, 17.3141441345, 3.5684671402, 5.1440410614, 2.96041369438, 1.61237454414, 2.20847344398, 1.34984564781, 0.955651640892, 0.879305660725, 0.800990700722, 0.592536270618, 0.488282769918, 0.377666085958, 0.252180993557, 0.152449473739, 0.168053463101, 0.0927824676037, 0.0792370438576, 0.0917709246278, 0.0353197343647, 0.0132552841678, 0.00589971989393, 0.00349080329761, 0.000105144637928, 2.61492077698e-05]}, "zerocrossingrate": {"min": 0.00244140625, "max": 0.50634765625, "dvar2": 4.80829876324e-05, "median": 0.0205078125, "dmean2": 0.0045032822527, "dmean": 0.00347215961665, "var": 0.000132783810841, "dvar": 3.12330957968e-05, "mean": 0.0227275639772}, "spectral_contrast_coeffs": {"min": [-0.973984360695, -0.966761350632, -0.968653798103, -0.963575959206, -0.962647259235, -0.96184694767], "max": [-0.163327887654, -0.28432276845, -0.360846370459, -0.508416593075, -0.544194459915, -0.585831403732], "dvar2": [0.00402431515977, 0.00383916217834, 0.00249411584809, 0.00143140694126, 0.00117354118265, 0.000682103622239], "median": [-0.477855831385, -0.648225843906, -0.708288192749, -0.781208217144, -0.779362559319, -0.778554916382], "dmean2": [0.068689212203, 0.0646714940667, 0.0534911602736, 0.0425704941154, 0.0370697341859, 0.0288856122643], "dmean": [0.0432262308896, 0.0394322574139, 0.0342965386808, 0.0265664309263, 0.0237110201269, 0.0186727065593], "var": [0.0108813382685, 0.00745915994048, 0.00620303535834, 0.00309602171183, 0.00301444088109, 0.00211373507045], "dvar": [0.00166873750277, 0.00155993166845, 0.00108157144859, 0.000604380038567, 0.00052474567201, 0.000317657802952], "mean": [-0.487145990133, -0.64687538147, -0.704825639725, -0.778477668762, -0.781012356281, -0.780012667179]}, "dissonance": {"min": 0.0973384082317, "max": 0.500000119209, "dvar2": 0.00262389867567, "median": 0.385469973087, "dmean2": 0.0568302609026, "dmean": 0.0342382453382, "var": 0.00432886043563, "dvar": 0.00103107164614, "mean": 0.377071350813}, "spectral_energyband_high": {"min": 7.49949892998e-21, "max": 0.00662511726841, "dvar2": 5.228789135e-08, "median": 1.0744291103e-05, "dmean2": 4.824716234e-05, "dmean": 3.07179798256e-05, "var": 1.82225221579e-08, "dvar": 1.933910454e-08, "mean": 4.33931672887e-05}, "gfcc": {"mean": [-126.173950195, 151.040863037, -90.9142532349, -4.09918498993, -75.7387084961, -15.4818086624, -41.8983535767, -8.00538921356, -28.7568283081, -10.0299215317, -15.494515419, -5.36823892593, -7.9515247345], "icov": [[0.000177756781341, -0.000102460442577, 0.000344029220287, 4.27683698945e-05, 0.000266217597527, -0.00014813458256, 0.000434314162703, -0.00023435568437, 0.000453443877632, -8.99576552911e-05, 0.000384504994145, 2.48124797508e-05, 0.000251935212873], [-0.000102460442577, 0.00346550880931, -0.000910585746169, 0.00148700142745, -0.00166109739803, 0.00200744625181, -0.00269523635507, 0.00244409777224, -0.00271138432436, 0.00264389300719, -0.00248267105781, 0.00262955063954, -0.00146244023927], [0.000344029220287, -0.000910585746169, 0.00215900014155, -0.000528330798261, 0.00040611170698, -0.000566280737985, 0.00151388032828, -0.00109422171954, 0.00140043266583, -0.000826328236144, 0.00115728471428, -0.000846052658744, 0.0013443948701], [4.27683698945e-05, 0.00148700142745, -0.000528330798261, 0.00331547646783, -0.000970593071543, 0.00051124842139, -0.000395464972826, 0.0010787131032, -0.00081628881162, 0.00109121203423, -0.000398472475354, 0.00143308250699, -0.00029068387812], [0.000266217597527, -0.00166109739803, 0.00040611170698, -0.000970593071543, 0.00554431369528, -0.00221196771599, 0.00114766461775, -0.000406329723774, 0.000690216140356, -0.000988726387732, 0.00179967086297, -0.000236120584304, 0.000613671669271], [-0.00014813458256, 0.00200744625181, -0.000566280737985, 0.00051124842139, -0.00221196771599, 0.00805595237762, -0.00271782022901, -0.00012004293967, 0.000692592060659, -0.000372758921003, 0.000322960404446, -1.42187827805e-05, 0.00027838072856], [0.000434314162703, -0.00269523635507, 0.00151388032828, -0.000395464972826, 0.00114766461775, -0.00271782022901, 0.0104008819908, -0.00338383181952, 0.00160619430244, -0.00105455727316, -0.000161709845997, -0.000680610828567, 0.000906258937903], [-0.00023435568437, 0.00244409777224, -0.00109422171954, 0.0010787131032, -0.000406329723774, -0.00012004293967, -0.00338383181952, 0.0116405421868, -0.00395919103175, -0.000785555690527, 0.000692632806022, -0.00100885331631, 0.000579659186769], [0.000453443877632, -0.00271138432436, 0.00140043266583, -0.00081628881162, 0.000690216140356, 0.000692592060659, 0.00160619430244, -0.00395919103175, 0.0129126524553, -0.00468004448339, 0.00156799110118, -0.000209275822272, -0.00107841065619], [-8.99576552911e-05, 0.00264389300719, -0.000826328236144, 0.00109121203423, -0.000988726387732, -0.000372758921003, -0.00105455727316, -0.000785555690527, -0.00468004448339, 0.012606552802, -0.00493861082941, 0.000527112046257, -0.00122477614786], [0.000384504994145, -0.00248267105781, 0.00115728471428, -0.000398472475354, 0.00179967086297, 0.000322960404446, -0.000161709845997, 0.000692632806022, 0.00156799110118, -0.00493861082941, 0.013719599694, -0.006031811703, 0.0020540044643], [2.48124797508e-05, 0.00262955063954, -0.000846052658744, 0.00143308250699, -0.000236120584304, -1.42187827805e-05, -0.000680610828567, -0.00100885331631, -0.000209275822272, 0.000527112046257, -0.006031811703, 0.0144880898297, -0.0051172724925], [0.000251935212873, -0.00146244023927, 0.0013443948701, -0.00029068387812, 0.000613671669271, 0.00027838072856, 0.000906258937903, 0.000579659186769, -0.00107841065619, -0.00122477614786, 0.0020540044643, -0.0051172724925, 0.0145692788064]], "cov": [[12328.8710938, -1314.79626465, -1480.77148438, -168.6665802, -526.253662109, 231.526596069, -429.279174805, 114.635185242, -472.377807617, -141.170272827, -432.68270874, -126.014312744, -202.105285645], [-1314.79626465, 1319.63562012, 61.2538757324, -233.554916382, 157.632919312, -262.202789307, 177.356185913, -195.944671631, 167.567321777, -129.052032471, 128.819076538, -124.715362549, 79.6091918945], [-1480.77148438, 61.2538757324, 817.264831543, 114.160270691, 76.8261947632, 23.6210079193, -25.5539073944, 20.5018692017, -8.87863731384, 15.7647809982, -7.26542901993, 12.078458786, -38.3605308533], [-168.6665802, -233.554916382, 114.160270691, 431.025299072, 49.8292236328, 38.2517242432, -47.4850769043, -4.18776416779, -29.9125747681, -14.0558280945, -51.3817977905, -25.9681015015, -27.4439239502], [-526.253662109, 157.632919312, 76.8261947632, 49.8292236328, 261.485778809, 29.5599384308, 18.8655853271, -22.4837741852, 18.2800197601, -12.5883054733, -15.2981367111, -30.66314888, -1.3482401371], [231.526596069, -262.202789307, 23.6210079193, 38.2517242432, 29.5599384308, 211.007781982, 3.86561322212, 54.9270210266, -45.5200271606, 33.0183982849, -34.9017562866, 23.6216220856, -26.8186016083], [-429.279174805, 177.356185913, -25.5539073944, -47.4850769043, 18.8655853271, 3.86561322212, 160.200515747, 12.5158748627, 33.8175849915, 8.11385631561, 41.8836479187, 2.8936662674, 13.6018161774], [114.635185242, -195.944671631, 20.5018692017, -4.18776416779, -22.4837741852, 54.9270210266, 12.5158748627, 147.954727173, 14.4401054382, 52.2687644958, -10.9124832153, 37.7399291992, -10.1368875504], [-472.377807617, 167.567321777, -8.87863731384, -29.9125747681, 18.2800197601, -45.5200271606, 33.8175849915, 14.4401054382, 141.725860596, 36.6505126953, 34.9859924316, 2.29300069809, 32.0772972107], [-141.170272827, -129.052032471, 15.7647809982, -14.0558280945, -12.5883054733, 33.0183982849, 8.11385631561, 52.2687644958, 36.6505126953, 140.907562256, 42.689655304, 46.5111961365, 9.94334125519], [-432.68270874, 128.819076538, -7.26542901993, -51.3817977905, -15.2981367111, -34.9017562866, 41.8836479187, -10.9124832153, 34.9859924316, 42.689655304, 140.58605957, 48.3910980225, 22.5531158447], [-126.014312744, -124.715362549, 12.078458786, -25.9681015015, -30.66314888, 23.6216220856, 2.8936662674, 37.7399291992, 2.29300069809, 46.5111961365, 48.3910980225, 126.067672729, 28.7234706879], [-202.105285645, 79.6091918945, -38.3605308533, -27.4439239502, -1.3482401371, -26.8186016083, 13.6018161774, -10.1368875504, 32.0772972107, 9.94334125519, 22.5531158447, 28.7234706879, 93.3615264893]]}, "spectral_flux": {"min": 1.03763997394e-10, "max": 0.318661630154, "dvar2": 0.00193701684475, "median": 0.0375259853899, "dmean2": 0.0343456752598, "dmean": 0.0212898626924, "var": 0.00154670979828, "dvar": 0.000767649326008, "mean": 0.0468573048711}, "silence_rate_30dB": {"min": 0, "max": 1, "dvar2": 0.0120092909783, "median": 1, "dmean2": 0.00980137754232, "dmean": 0.00490054767579, "var": 0.00479256128892, "dvar": 0.00487785460427, "mean": 0.995186090469}, "spectral_energyband_middle_high": {"min": 1.74252280526e-21, "max": 0.113313168287, "dvar2": 5.19738523508e-06, "median": 0.000395609502448, "dmean2": 0.000683698046487, "dmean": 0.000478532718262, "var": 1.34400916068e-05, "dvar": 2.63757351604e-06, "mean": 0.00135150796268}, "barkbands_spread": {"min": 0.186664670706, "max": 80.0551452637, "dvar2": 14.4278097153, "median": 3.65884852409, "dmean2": 1.87980985641, "dmean": 1.20919442177, "var": 16.2359428406, "dvar": 5.92507600784, "mean": 4.55697250366}, "spectral_centroid": {"min": 180.83152771, "max": 10896.1152344, "dvar2": 23154.0917969, "median": 401.941619873, "dmean2": 82.9823532104, "dmean": 54.3195114136, "var": 52401.4179688, "dvar": 12328.4179688, "mean": 444.899383545}, "pitch_salience": {"min": 0.0675905123353, "max": 0.892447948456, "dvar2": 0.010133898817, "median": 0.548281133175, "dmean2": 0.0964083373547, "dmean": 0.0613255128264, "var": 0.015570955351, "dvar": 0.00419644732028, "mean": 0.536427140236}, "erbbands_skewness": {"min": -4.00774335861, "max": 9.17042732239, "dvar2": 0.429062128067, "median": 1.37093889713, "dmean2": 0.567528367043, "dmean": 0.380060017109, "var": 0.989340960979, "dvar": 0.192556157708, "mean": 1.49891328812}, "erbbands_crest": {"min": 2.29311680794, "max": 33.718334198, "dvar2": 14.7741298676, "median": 12.1505012512, "dmean2": 3.51055908203, "dmean": 2.27876472473, "var": 23.9401741028, "dvar": 6.21076583862, "mean": 13.1102762222}, "melbands": {"min": [5.47037290776e-24, 4.08024616489e-24, 3.09704700908e-24, 5.20901224581e-24, 4.12046347713e-24, 6.69675539811e-24, 6.24752317285e-24, 6.27250166455e-24, 7.13187687394e-24, 1.26433545625e-23, 9.13251884858e-24, 7.39575636876e-24, 9.30851687198e-24, 4.88557375265e-24, 1.09739915695e-23, 5.04703188627e-24, 1.04861442085e-23, 1.30667212219e-23, 9.53668936679e-24, 4.4623668375e-24, 7.64449525623e-24, 4.62705890641e-24, 1.56959102109e-23, 1.07112354126e-23, 9.39079427553e-24, 1.33377446411e-23, 8.28840297012e-24, 1.41684325293e-23, 4.79023636238e-24, 9.23517331818e-24, 8.34605213621e-24, 9.89997164656e-24, 8.41693049968e-24, 9.7557875946e-24, 8.92209966844e-24, 1.10658362781e-23, 1.18645003578e-23, 9.76460311522e-24, 8.88978713691e-24, 7.34655590296e-24], "max": [0.018872436136, 0.00626564119011, 0.02841299586, 0.036809772253, 0.0255367141217, 0.0151004809886, 0.0152981402352, 0.0147895952687, 0.0176125597209, 0.0335947088897, 0.0162847861648, 0.0166965927929, 0.00776908360422, 0.00394525984302, 0.00181799102575, 0.00106621929444, 0.00321021629497, 0.00168710073922, 0.000954378396273, 0.000795544008724, 0.000598071375862, 0.000210745318327, 7.7959302871e-05, 0.000101797282696, 8.21018402348e-05, 3.56893833668e-05, 0.000878391612787, 4.94832129334e-05, 9.54928327701e-05, 0.000108939282654, 9.24028354348e-05, 3.78969452868e-05, 8.74123452377e-06, 1.69565282704e-05, 4.55386652902e-05, 3.07075461023e-05, 2.13816256291e-05, 1.48960443767e-05, 3.63987091987e-05, 3.44918225892e-05], "dvar2": [9.74178320234e-08, 6.16220106053e-08, 5.06712831339e-06, 8.12134203443e-06, 5.28820180534e-07, 4.18691087134e-07, 5.17902833508e-07, 2.77480893374e-07, 2.89169435064e-07, 1.40451177799e-07, 2.31815391771e-07, 4.955255406e-08, 9.87937198715e-09, 1.06076001316e-08, 1.69091896041e-09, 4.48677234255e-10, 5.42640998802e-09, 4.5803630333e-10, 1.5046468238e-10, 2.22067489397e-10, 2.24250285008e-10, 2.68220359118e-11, 8.2453722669e-12, 4.96675920877e-12, 3.50395168609e-12, 2.14697660691e-12, 7.64076510396e-11, 1.64453129933e-12, 4.08951561851e-12, 2.68594001207e-12, 2.09275175314e-12, 8.05790005033e-13, 1.2977317246e-13, 2.39416559494e-13, 6.38225691914e-13, 3.0759848336e-13, 9.24951779123e-14, 1.0825976888e-13, 7.46415516201e-13, 6.35847114978e-13], "median": [1.13616224553e-05, 3.92575020669e-05, 0.000412505643908, 0.000593820062932, 0.000546115683392, 0.000297854916425, 0.000177627618541, 8.44547030283e-05, 0.000120209551824, 4.19757998316e-05, 2.05576379813e-05, 7.9629044194e-06, 4.48041464551e-06, 1.15090988402e-05, 4.88525802211e-06, 1.14792089789e-06, 6.4476927264e-07, 7.10284950856e-07, 5.64761762689e-07, 4.2119827981e-07, 4.55468892824e-07, 3.50785569481e-07, 2.57234518131e-07, 2.09812483831e-07, 1.68220879004e-07, 1.13005761193e-07, 8.90906832751e-08, 6.3919294746e-08, 6.18054656343e-08, 5.58934800665e-08, 4.24506403363e-08, 3.04545935137e-08, 1.956742679e-08, 1.70971663493e-08, 1.70682881162e-08, 1.25316619304e-08, 8.01127075789e-09, 7.40873229432e-09, 7.40444772163e-09, 4.97548713341e-09], "dmean2": [6.41226070002e-05, 9.32168477448e-05, 0.00111772934906, 0.00148830551188, 0.000415477785282, 0.00029972975608, 0.000259227294009, 0.000160871335538, 0.000155249173986, 9.72503694356e-05, 9.32210605242e-05, 3.76217976736e-05, 1.75539116753e-05, 3.36683478963e-05, 1.3013392163e-05, 4.81919096273e-06, 9.29326051846e-06, 3.86866486224e-06, 2.15557838601e-06, 1.83636780093e-06, 2.72712009064e-06, 1.35894265441e-06, 8.79875983628e-07, 7.0210398917e-07, 5.67907079585e-07, 4.43156096708e-07, 6.77414675465e-07, 2.90017226234e-07, 3.11173209866e-07, 3.26752427782e-07, 2.3519984893e-07, 1.69251578086e-07, 1.01798100616e-07, 1.04735242701e-07, 1.38901498303e-07, 1.0347944368e-07, 6.05850374313e-08, 6.32832595215e-08, 1.26823621827e-07, 1.20240756019e-07], "dmean": [4.30317923019e-05, 5.79814586672e-05, 0.000753223779611, 0.000985923805274, 0.000275461177807, 0.000200499693165, 0.00016848409723, 0.000103685597423, 0.000111422406917, 6.80884113535e-05, 6.70450026519e-05, 2.76560604107e-05, 1.19229380289e-05, 2.31481408264e-05, 8.72439886734e-06, 3.04887385028e-06, 6.08943764746e-06, 2.42152054852e-06, 1.40125087e-06, 1.15088323582e-06, 1.70457531112e-06, 8.59019792188e-07, 5.51807829652e-07, 4.49173057859e-07, 3.66378458239e-07, 2.76543943301e-07, 4.73270546308e-07, 1.80327205612e-07, 1.88699999626e-07, 1.98524148232e-07, 1.45966041032e-07, 1.06387929577e-07, 6.33095567082e-08, 6.40311696998e-08, 8.58980229168e-08, 6.49878799663e-08, 3.76927289381e-08, 3.96347594744e-08, 7.98390615842e-08, 7.49822177681e-08], "var": [3.14758523245e-07, 8.25054797815e-08, 6.363787179e-06, 9.22411345528e-06, 1.5076246882e-06, 1.04103457943e-06, 8.81551841303e-07, 3.69473582396e-07, 4.7850107876e-07, 5.58787291993e-07, 4.52623140745e-07, 1.31423618654e-07, 1.2529011606e-08, 1.48758640961e-08, 1.932401128e-09, 4.0588318817e-10, 7.04145675101e-09, 4.86711171366e-10, 1.96734989411e-10, 7.67301083782e-11, 1.1809749012e-10, 2.53718608623e-11, 6.47217435895e-12, 6.87312403172e-12, 3.65533905228e-12, 1.44961234856e-12, 7.31781787944e-11, 8.096510116e-13, 1.52651535076e-12, 1.59106647128e-12, 6.68184745815e-13, 4.53177453246e-13, 6.75315516398e-14, 8.3808387476e-14, 2.29106067885e-13, 1.43767918577e-13, 4.26368636848e-14, 4.05559646196e-14, 2.40578526068e-13, 1.88077323355e-13], "dvar": [5.3915542253e-08, 2.49254679119e-08, 2.45153478318e-06, 3.92398760596e-06, 2.43326724103e-07, 2.11419688867e-07, 2.20843816123e-07, 1.1956724677e-07, 1.45435564036e-07, 9.95967752715e-08, 1.18411236372e-07, 3.14842729665e-08, 4.82658935042e-09, 5.15371034737e-09, 7.66027852261e-10, 2.11462375388e-10, 2.46712139607e-09, 2.03248431974e-10, 7.58487786467e-11, 8.16574238782e-11, 8.55711265735e-11, 1.12596069621e-11, 3.3715033803e-12, 2.26079289838e-12, 1.56014047167e-12, 8.42064753429e-13, 4.39718157719e-11, 6.33714489304e-13, 1.47101851099e-12, 9.94448013519e-13, 7.80376739791e-13, 2.89921407194e-13, 4.98760036635e-14, 8.93292127009e-14, 2.4122105138e-13, 1.2335802952e-13, 3.86684262355e-14, 4.26448393471e-14, 2.86555284709e-13, 2.38803741321e-13], "mean": [0.000115815142635, 0.000137430237373, 0.00139284040779, 0.00174815149512, 0.000904405605979, 0.000650010537356, 0.000502993061673, 0.000255381164607, 0.000328785681631, 0.000171419960679, 0.000153272194439, 6.08041518717e-05, 2.5602779715e-05, 4.84719494125e-05, 1.86270735867e-05, 5.53829431738e-06, 1.04486371129e-05, 4.36177060692e-06, 2.71733915724e-06, 2.07454991141e-06, 2.77172557617e-06, 1.51163249029e-06, 9.89567297438e-07, 8.71252439083e-07, 6.83098903664e-07, 4.6414001531e-07, 7.58261705869e-07, 2.85460032501e-07, 2.82802830043e-07, 2.88003150217e-07, 2.03999846349e-07, 1.59552470791e-07, 8.89536195814e-08, 7.98020778348e-08, 1.00956341953e-07, 8.18198415686e-08, 4.63555522856e-08, 4.65823042362e-08, 8.24193477911e-08, 7.20848873925e-08]}, "spectral_entropy": {"min": 3.76102924347, "max": 9.80022144318, "dvar2": 0.191646635532, "median": 6.04999923706, "dmean2": 0.375705063343, "dmean": 0.243742257357, "var": 0.406616389751, "dvar": 0.0822817832232, "mean": 6.02724933624}, "spectral_rolloff": {"min": 21.533203125, "max": 19336.8164062, "dvar2": 158283.59375, "median": 495.263671875, "dmean2": 131.35925293, "dmean": 76.2452697754, "var": 102702.015625, "dvar": 69333.4765625, "mean": 525.873535156}, "barkbands": {"min": [4.09478368808e-24, 1.57650633356e-23, 1.55479761114e-24, 4.98833511289e-24, 1.89210039388e-23, 3.31140867937e-23, 3.66222774569e-23, 2.18329719522e-23, 9.00516403964e-23, 4.47293788918e-23, 5.95185644896e-23, 4.04457821349e-23, 7.86512939623e-23, 1.29342946685e-22, 1.52171773488e-22, 1.11872101015e-22, 1.02986908204e-22, 2.46507269388e-22, 2.85641586045e-22, 3.95981163824e-22, 4.00241593313e-22, 4.9948264284e-22, 5.65608876666e-22, 9.14684446796e-22, 9.18675350913e-22, 1.76407534347e-21, 2.05046239676e-21], "max": [0.000828821619507, 0.0612286217511, 0.0199938826263, 0.0601005293429, 0.152775809169, 0.0675783604383, 0.0747201889753, 0.100612193346, 0.166907966137, 0.0996859669685, 0.0630402415991, 0.0283134616911, 0.0133183663711, 0.0243961326778, 0.0184685308486, 0.0110239200294, 0.00496208621189, 0.0021676053293, 0.000910157512408, 0.0130173871294, 0.00309834466316, 0.000956261646934, 0.00176411436405, 0.00092479767045, 0.00276323594153, 0.00267756381072, 0.000971601402853], "dvar2": [1.00750785492e-09, 1.10382836738e-06, 6.14460589077e-07, 2.14987012441e-05, 0.000122201890917, 9.74026261247e-06, 1.27921584863e-05, 8.78644641489e-06, 4.16403690906e-06, 6.98790563547e-06, 1.00720637874e-06, 6.24357596735e-07, 5.82846944042e-08, 3.25760623809e-07, 5.24705292548e-08, 5.30494865814e-08, 1.14609690627e-08, 1.8912422739e-09, 1.09774522805e-09, 1.90125586386e-08, 3.0794156114e-09, 8.48474346338e-10, 1.28715960113e-09, 5.81062586935e-10, 4.54005766315e-09, 6.18452045131e-09, 5.58913637594e-10], "median": [4.18908857682e-05, 3.41748418577e-05, 9.67782252701e-05, 0.000757534056902, 0.00380596192554, 0.00216801185161, 0.000621874816716, 0.000646215048619, 0.000240190929617, 9.37782315305e-05, 3.2939711673e-05, 8.15508683445e-05, 1.43891520565e-05, 5.05104617332e-06, 9.7499050753e-06, 5.96697600486e-06, 7.02035686118e-06, 4.47770162282e-06, 3.29176691594e-06, 2.47091452366e-06, 2.68980693363e-06, 1.38018253892e-06, 1.12457041723e-06, 7.68442191657e-07, 5.85352154303e-07, 1.95588242491e-07, 9.96872007164e-09], "dmean2": [1.55418638315e-05, 0.000233875500271, 0.000259601772996, 0.00209220033139, 0.00606872700155, 0.00160659884568, 0.00113206764217, 0.000906606495846, 0.000577189086471, 0.000493557192385, 0.000167017511558, 0.000257933163084, 5.27889678779e-05, 7.7312659414e-05, 3.86246683775e-05, 3.13914024446e-05, 2.7890146157e-05, 1.44036475831e-05, 1.05060626083e-05, 1.43545985338e-05, 1.18442703751e-05, 6.51601021673e-06, 7.18626415619e-06, 5.30348233951e-06, 1.08345511762e-05, 8.76286321727e-06, 1.80212225587e-06], "dmean": [1.08920594357e-05, 0.000153309549205, 0.000159118048032, 0.00134387554135, 0.00406240718439, 0.0010870762635, 0.000709884567186, 0.000646625587251, 0.000395399110857, 0.000362258026144, 0.000115550305054, 0.00017727080558, 3.29797476297e-05, 5.02423390571e-05, 2.47466523433e-05, 1.9430553948e-05, 1.77543061e-05, 9.16830776987e-06, 6.68800430503e-06, 9.71784902504e-06, 7.31374348106e-06, 4.09205131291e-06, 4.49347135145e-06, 3.33597540703e-06, 6.79186268826e-06, 5.20498451806e-06, 1.04657272004e-06], "var": [6.49629572358e-10, 3.43341594089e-06, 5.96719871737e-07, 2.07222619792e-05, 0.000149313273141, 2.78756851912e-05, 1.53173841682e-05, 1.49270981638e-05, 1.46165875776e-05, 1.45094709296e-05, 1.63585968949e-06, 8.79172375789e-07, 4.09109226496e-08, 4.23069963063e-07, 6.32274108625e-08, 1.95840605954e-08, 1.27362875801e-08, 2.29663532636e-09, 8.69937455406e-10, 1.72468581638e-08, 1.69496983116e-09, 4.46894243833e-10, 4.97205221439e-10, 2.40052921985e-10, 1.35161171144e-09, 1.30321842207e-09, 1.12685978604e-10], "dvar": [3.56974894089e-10, 5.92773403696e-07, 2.30127398027e-07, 8.38970026962e-06, 6.0849251895e-05, 4.81974848299e-06, 4.98732424603e-06, 4.41997690359e-06, 2.73973819276e-06, 3.66554309039e-06, 5.20527237313e-07, 3.02463263324e-07, 2.55682142125e-08, 1.4800956194e-07, 2.51444536303e-08, 1.95568041761e-08, 5.03577091138e-09, 8.28377144657e-10, 4.60434246286e-10, 1.05238591175e-08, 1.14968401466e-09, 3.21097815004e-10, 4.9007803371e-10, 2.28861082863e-10, 1.7062871116e-09, 2.16394346886e-09, 1.94793917108e-10], "mean": [4.43634198746e-05, 0.000397451280151, 0.000346202432411, 0.00251998752356, 0.00805783737451, 0.0038474984467, 0.00176011025906, 0.00186069170013, 0.000967770349234, 0.000824229442514, 0.000241823508986, 0.000368286884623, 6.03026346653e-05, 8.45607282827e-05, 4.71845087304e-05, 3.26903682435e-05, 3.15180586767e-05, 1.79039689101e-05, 1.21092816698e-05, 1.56741607498e-05, 1.15422180897e-05, 6.13753582002e-06, 5.63648609386e-06, 4.14871874455e-06, 6.70669805913e-06, 4.23876872446e-06, 7.74438888129e-07]}, "melbands_flatness_db": {"min": 0.00491345115006, "max": 0.64581900835, "dvar2": 0.00205139210448, "median": 0.344749063253, "dmean2": 0.0400143004954, "dmean": 0.0268858913332, "var": 0.00620016921312, "dvar": 0.000925816246308, "mean": 0.35206502676}, "melbands_skewness": {"min": -3.08766579628, "max": 15.9844312668, "dvar2": 1.11705803871, "median": 1.91661381721, "dmean2": 0.836859464645, "dmean": 0.556829094887, "var": 2.28919863701, "dvar": 0.490624159575, "mean": 2.17743587494}, "barkbands_skewness": {"min": -2.69814801216, "max": 14.3453550339, "dvar2": 1.24110460281, "median": 1.99483966827, "dmean2": 0.896591067314, "dmean": 0.604025185108, "var": 2.46061420441, "dvar": 0.562729001045, "mean": 2.20539736748}, "silence_rate_60dB": {"min": 0, "max": 1, "dvar2": 0.0531202703714, "median": 0, "dmean2": 0.0479690954089, "dmean": 0.0239838566631, "var": 0.119515813887, "dvar": 0.0233923662454, "mean": 0.138739153743}, "spectral_energyband_low": {"min": 3.00402082349e-23, "max": 0.062166377902, "dvar2": 5.8499140323e-06, "median": 0.00054373050807, "dmean2": 0.000952363363467, "dmean": 0.000591527204961, "var": 6.66463938614e-06, "dvar": 2.21446157411e-06, "mean": 0.0014536177041}, "spectral_energyband_middle_low": {"min": 2.32321278392e-22, "max": 0.197303190827, "dvar2": 0.000205608070246, "median": 0.0134406518191, "dmean2": 0.009093481116, "dmean": 0.00622316962108, "var": 0.000394552771468, "dvar": 0.00010484422819, "mean": 0.0195775479078}, "melbands_kurtosis": {"min": -1.89763998985, "max": 514.438537598, "dvar2": 467.519317627, "median": 8.59675788879, "dmean2": 10.3140325546, "dmean": 6.74693250656, "var": 530.799255371, "dvar": 204.174041748, "mean": 15.4819746017}, "spectral_decrease": {"min": -5.19417859834e-08, "max": 1.88388110087e-30, "dvar2": 1.41953672604e-17, "median": -3.83565135209e-09, "dmean2": 2.41927211597e-09, "dmean": 1.6597067054e-09, "var": 2.92489277889e-17, "dvar": 7.22080119257e-18, "mean": -5.5158406731e-09}, "erbbands_kurtosis": {"min": -1.7666285038, "max": 143.146484375, "dvar2": 32.2709465027, "median": 3.75303983688, "dmean2": 3.46655917168, "dmean": 2.29223442078, "var": 48.3546447754, "dvar": 14.6103401184, "mean": 5.72157430649}, "melbands_crest": {"min": 1.98965477943, "max": 35.3623390198, "dvar2": 17.5490550995, "median": 15.3868656158, "dmean2": 4.04898643494, "dmean": 2.55261039734, "var": 25.572227478, "dvar": 6.73625993729, "mean": 15.9996614456}, "melbands_spread": {"min": 0.308361470699, "max": 125.628944397, "dvar2": 13.5958566666, "median": 4.89880132675, "dmean2": 2.09287786484, "dmean": 1.35845530033, "var": 21.2063789368, "dvar": 5.84410333633, "mean": 5.86175441742}, "spectral_energy": {"min": 1.07669673627e-20, "max": 0.200093045831, "dvar2": 0.000212116807234, "median": 0.0150243993849, "dmean2": 0.00938396621495, "dmean": 0.00644281879067, "var": 0.000445832381956, "dvar": 0.000107923486212, "mean": 0.0215772297233}, "mfcc": {"mean": [-776.996826172, 185.220901489, 25.9932231903, 10.7247514725, -13.6936311722, -14.3889522552, -12.5650243759, -9.49602222443, -10.648106575, -12.7423210144, -8.91530227661, -3.76170349121, -5.10352516174], "icov": [[0.000183059484698, 7.6818447269e-05, 0.000317948171869, 0.000110508080979, 0.000135090740514, 7.46762743802e-05, 8.05639228929e-06, 4.79337795696e-05, 1.23862473629e-05, 0.000126297978568, 5.39943066542e-05, 0.000194084757823, 0.000253975042142], [7.6818447269e-05, 0.000947101390921, 0.000118151554489, 0.000307026057271, 0.000138233604957, 0.000368940178305, 0.000147822749568, 0.00028982348158, 0.000127945109853, 0.000185605604202, 0.000143188619404, 0.000173676016857, 0.000339966878528], [0.000317948171869, 0.000118151554489, 0.00216883723624, -0.000217615961446, -0.000300951563986, 0.000367703149095, -0.000189768936252, -3.20200160786e-05, 0.000216427477426, 0.000234876817558, -0.000142666060128, 0.000213863793761, 0.000163870325196], [0.000110508080979, 0.000307026057271, -0.000217615961446, 0.00396861275658, -0.000972649664618, -0.000340526341461, 0.000446690974059, 0.000207195960684, 0.00037519010948, 7.23336279407e-06, 0.000338404584909, -2.79050382233e-05, 0.00111905962694], [0.000135090740514, 0.000138233604957, -0.000300951563986, -0.000972649664618, 0.00547191407531, -0.00204434199259, 6.95393900969e-05, 7.73790670792e-05, -0.000510633341037, -1.67999751284e-05, -6.38923156657e-05, 0.00126022635959, -5.59404106752e-05], [7.46762743802e-05, 0.000368940178305, 0.000367703149095, -0.000340526341461, -0.00204434199259, 0.00859460048378, -0.00256826309487, 0.000501452537719, -0.000316637801006, -0.000386584433727, 0.000608074420597, -0.000301873136777, 0.000892186595593], [8.05639228929e-06, 0.000147822749568, -0.000189768936252, 0.000446690974059, 6.95393900969e-05, -0.00256826309487, 0.00881286244839, -0.00285689951852, 0.00115306687076, -0.000736829591915, -0.000586463487707, 0.000337767065503, -8.76176854945e-05], [4.79337795696e-05, 0.00028982348158, -3.20200160786e-05, 0.000207195960684, 7.73790670792e-05, 0.000501452537719, -0.00285689951852, 0.0107590220869, -0.00230682850815, 0.00153134751599, -0.000614615506493, 0.000380135170417, 0.000361351587344], [1.23862473629e-05, 0.000127945109853, 0.000216427477426, 0.00037519010948, -0.000510633341037, -0.000316637801006, 0.00115306687076, -0.00230682850815, 0.00954601261765, -0.00298455427401, 0.000991006032564, -0.000586398818996, 0.000117846007925], [0.000126297978568, 0.000185605604202, 0.000234876817558, 7.23336279407e-06, -1.67999751284e-05, -0.000386584433727, -0.000736829591915, 0.00153134751599, -0.00298455427401, 0.00990955438465, -0.00294907018542, 0.00184770219494, -0.000293658755254], [5.39943066542e-05, 0.000143188619404, -0.000142666060128, 0.000338404584909, -6.38923156657e-05, 0.000608074420597, -0.000586463487707, -0.000614615506493, 0.000991006032564, -0.00294907018542, 0.00983946584165, -0.00254214555025, 0.000555740436539], [0.000194084757823, 0.000173676016857, 0.000213863793761, -2.79050382233e-05, 0.00126022635959, -0.000301873136777, 0.000337767065503, 0.000380135170417, -0.000586398818996, 0.00184770219494, -0.00254214555025, 0.0105510028079, -0.00285949627869], [0.000253975042142, 0.000339966878528, 0.000163870325196, 0.00111905962694, -5.59404106752e-05, 0.000892186595593, -8.76176854945e-05, 0.000361351587344, 0.000117846007925, -0.000293658755254, 0.000555740436539, -0.00285949627869, 0.00974345114082]], "cov": [[8915.74023438, -201.507705688, -1330.52856445, -327.215789795, -354.329711914, -108.382171631, -63.396030426, -24.1409912109, -12.6555900574, -97.7208251953, -112.277381897, -157.235519409, -199.72795105], [-201.507705688, 1195.4786377, -38.9682312012, -95.7834625244, -74.3178863525, -82.0834884644, -52.7379798889, -41.0760612488, -30.0898513794, -34.1889915466, -24.027130127, -12.5356206894, -19.6398773193], [-1330.52856445, -38.9682312012, 680.228393555, 92.9342498779, 89.1611480713, 11.653799057, 20.3820667267, 8.59081840515, -12.7745800018, 3.26677751541, 19.5727767944, 7.69543886185, 14.6318874359], [-327.215789795, -95.7834625244, 92.9342498779, 309.010864258, 87.4643859863, 39.0201759338, -2.08948755264, -5.3535490036, -6.21265554428, 3.11075377464, -8.6895570755, -14.0726671219, -31.5389194489], [-354.329711914, -74.3178863525, 89.1611480713, 87.4643859863, 248.345657349, 72.4691085815, 19.8287124634, 4.24933576584, 14.0652074814, 15.9617700577, -3.38304615021, -28.5002708435, -12.7655296326], [-108.382171631, -82.0834884644, 11.653799057, 39.0201759338, 72.4691085815, 155.063873291, 46.685256958, 7.16792535782, 8.93777656555, 14.1327428818, -3.57921886444, -9.64607048035, -14.9261379242], [-63.396030426, -52.7379798889, 20.3820667267, -2.08948755264, 19.8287124634, 46.685256958, 142.443893433, 35.8820266724, -3.40730190277, 11.6984348297, 12.0834159851, -5.32241439819, -2.67846775055], [-24.1409912109, -41.0760612488, 8.59081840515, -5.3535490036, 4.24933576584, 7.16792535782, 35.8820266724, 109.11618042, 20.9362735748, -4.75526094437, 5.72437667847, -1.91753208637, -3.10896801949], [-12.6555900574, -30.0898513794, -12.7745800018, -6.21265554428, 14.0652074814, 8.93777656555, -3.40730190277, 20.9362735748, 123.184692383, 34.8429107666, -0.930775940418, -0.51762843132, 0.224810674787], [-97.7208251953, -34.1889915466, 3.26677751541, 3.11075377464, 15.9617700577, 14.1327428818, 11.6984348297, -4.75526094437, 34.8429107666, 127.181793213, 32.1206970215, -11.8626508713, 0.505208909512], [-112.277381897, -24.027130127, 19.5727767944, -8.6895570755, -3.38304615021, -3.57921886444, 12.0834159851, 5.72437667847, -0.930775940418, 32.1206970215, 120.771209717, 26.9724197388, 6.64522361755], [-157.235519409, -12.5356206894, 7.69543886185, -14.0726671219, -28.5002708435, -9.64607048035, -5.32241439819, -1.91753208637, -0.51762843132, -11.8626508713, 26.9724197388, 120.504211426, 40.2414054871], [-199.72795105, -19.6398773193, 14.6318874359, -31.5389194489, -12.7655296326, -14.9261379242, -2.67846775055, -3.10896801949, 0.224810674787, 0.505208909512, 6.64522361755, 40.2414054871, 124.728866577]]}, "spectral_contrast_valleys": {"min": [-28.3257732391, -27.9051704407, -27.430475235, -27.2236061096, -27.322681427, -27.2480335236], "max": [-5.82882213593, -4.28034543991, -5.1628408432, -5.92760276794, -6.43979120255, -8.6330280304], "dvar2": [0.253517121077, 0.296986967325, 0.284925818443, 0.306642502546, 0.344962567091, 0.442569106817], "median": [-8.71634292603, -7.03251504898, -8.26434898376, -9.46289825439, -9.84089756012, -12.4188156128], "dmean2": [0.552453577518, 0.543038904667, 0.529487609863, 0.539954125881, 0.544026732445, 0.601751446724], "dmean": [0.336098045111, 0.328913778067, 0.329839706421, 0.338298410177, 0.3493475914, 0.408002048731], "var": [0.797294855118, 1.36593472958, 1.56762814522, 1.51421654224, 1.32299101353, 1.30712366104], "dvar": [0.0993030965328, 0.121428906918, 0.119083292782, 0.129938572645, 0.146572366357, 0.193450704217], "mean": [-8.63586902618, -7.19708967209, -8.44121360779, -9.62542724609, -9.95023536682, -12.3818378448]}, "barkbands_flatness_db": {"min": 0.0479166060686, "max": 0.520628392696, "dvar2": 0.00170959485695, "median": 0.251966387033, "dmean2": 0.0373159535229, "dmean": 0.0250540915877, "var": 0.00452746264637, "dvar": 0.000768633035477, "mean": 0.257598787546}, "dynamic_complexity": 4.65557384491, "spectral_skewness": {"min": 0.0194544605911, "max": 12.5374765396, "dvar2": 1.03680205345, "median": 3.38507890701, "dmean2": 0.992137730122, "dmean": 0.607765376568, "var": 2.47264456749, "dvar": 0.419251531363, "me