{"lowlevel": {"spectral_complexity": {"min": 0, "max": 61, "dvar2": 48.8228988647, "median": 18, "dmean2": 6.08270311356, "dmean": 4.26432704926, "var": 130.49710083, "dvar": 29.0916519165, "mean": 19.9260845184}, "silence_rate_20dB": {"min": 1, "max": 1, "dvar2": 0, "median": 1, "dmean2": 0, "dmean": 0, "var": 0, "dvar": 0, "mean": 1}, "average_loudness": 0.802250146866, "erbbands_spread": {"min": 2.07768630981, "max": 132.308105469, "dvar2": 178.110198975, "median": 25.458480835, "dmean2": 10.7906551361, "dmean": 7.27836608887, "var": 282.421783447, "dvar": 81.8772888184, "mean": 28.7473278046}, "spectral_kurtosis": {"min": -1.24355554581, "max": 42.159286499, "dvar2": 10.1302223206, "median": 4.33004999161, "dmean2": 2.34891819954, "dmean": 1.5192399025, "var": 14.5550479889, "dvar": 4.02811527252, "mean": 5.19457006454}, "barkbands_kurtosis": {"min": -1.90404486656, "max": 60.7270698547, "dvar2": 11.0996179581, "median": -0.105766296387, "dmean2": 2.06202244759, "dmean": 1.27438533306, "var": 12.3123540878, "dvar": 4.69477081299, "mean": 0.995414376259}, "spectral_strongpeak": {"min": 0, "max": 20.8223953247, "dvar2": 3.94281363487, "median": 0.719253182411, "dmean2": 1.39561128616, "dmean": 0.837507724762, "var": 5.0525598526, "dvar": 1.63276672363, "mean": 1.70386886597}, "spectral_spread": {"min": 1471739.375, "max": 42633704, "dvar2": 1260154257410.0, "median": 4555555, "dmean2": 867532.1875, "dmean": 655702.9375, "var": 7109298618370.0, "dvar": 678076219392, "mean": 4836963}, "spectral_rms": {"min": 3.14392435696e-12, "max": 0.0101465582848, "dvar2": 2.524285037e-06, "median": 0.00342803518288, "dmean2": 0.00112428667489, "dmean": 0.000762530951761, "var": 3.1286824651e-06, "dvar": 1.1422340549e-06, "mean": 0.00361676211469}, "erbbands": {"min": [2.11280237592e-22, 7.38372696571e-22, 2.40916333211e-21, 5.46240188168e-21, 1.44034924424e-20, 4.55520026903e-20, 7.36596322166e-20, 5.79993519245e-20, 7.82976339112e-20, 2.01398794843e-19, 2.58801213171e-19, 6.81421979442e-19, 4.60494445538e-19, 1.25852273176e-18, 1.2595919661e-18, 2.08480905868e-18, 2.00737316602e-18, 3.23881762344e-18, 2.41652647549e-18, 3.74514004626e-18, 5.38854650493e-18, 5.53053453861e-18, 5.25904931208e-18, 5.8541933551e-18, 7.12942172312e-18, 8.53542031494e-18, 1.06893903582e-17, 9.51719684808e-18, 1.17643777387e-17, 1.28848989303e-17, 1.09764848965e-17, 1.11626873883e-17, 1.04268473677e-17, 9.51368546638e-18, 6.04868171509e-18, 4.07007809757e-18, 2.43044316891e-18, 8.68596615245e-19, 2.48977538668e-19, 2.91726116403e-20], "max": [0.899856448174, 6.57066679001, 25.8432826996, 69.323600769, 184.945480347, 98.3198242188, 101.622154236, 161.33895874, 185.923294067, 155.140045166, 596.149230957, 559.284057617, 913.46673584, 1259.4510498, 1702.77307129, 1901.2454834, 1721.48632812, 2295.95581055, 2614.265625, 3026.17285156, 2973.35961914, 1981.49511719, 1753.39624023, 1550.17443848, 568.862609863, 673.348632812, 550.617004395, 315.027893066, 387.643341064, 236.024429321, 225.487701416, 114.287796021, 72.7004699707, 19.5241737366, 10.636507988, 10.0451250076, 2.49466371536, 0.317518591881, 0.0405048131943, 0.00212846952491], "dvar2": [0.0125691741705, 1.45312225819, 27.1653690338, 157.641693115, 1053.22351074, 157.094955444, 82.728515625, 224.044784546, 362.976470947, 253.177093506, 683.611755371, 1678.55297852, 3707.72753906, 6687.38183594, 5964.67724609, 7785.88085938, 6513.41943359, 15560.9375, 16782.4941406, 19695.9550781, 16956.484375, 8145.50390625, 2830.09228516, 1728.7208252, 708.524414062, 413.595947266, 219.686477661, 199.84274292, 166.227020264, 69.6817626953, 48.9792709351, 12.925786972, 15.4148445129, 1.96786177158, 0.470234394073, 0.244078189135, 0.0283980388194, 0.000759983435273, 1.39121002576e-05, 5.01469514802e-08], "median": [0.00234766723588, 0.0202472973615, 0.0864676684141, 0.490625619888, 2.00909876823, 3.27353382111, 2.98707485199, 2.56644654274, 2.7293639183, 2.118090868, 2.56489372253, 3.70192170143, 5.49177789688, 8.57611179352, 18.2920131683, 9.46622562408, 9.71231174469, 26.8807735443, 13.9052209854, 17.8473510742, 32.1810112, 19.9762039185, 12.8695697784, 7.02379274368, 3.7284719944, 3.37898612022, 2.72963213921, 2.41904163361, 2.75961995125, 1.64292633533, 1.80455029011, 0.840513467789, 1.09101748466, 0.456598967314, 0.169132262468, 0.0734727159142, 0.0225435178727, 0.00465164566413, 0.000416743889218, 4.1700728616e-05], "dmean2": [0.0410767644644, 0.446043670177, 1.80273294449, 5.78606796265, 11.6512384415, 6.03602457047, 4.64754152298, 6.31235218048, 7.1914896965, 7.00718545914, 9.88340568542, 15.1456031799, 20.6524448395, 25.3505592346, 30.7973861694, 26.5466194153, 26.1261558533, 49.2224884033, 42.7305488586, 40.486579895, 56.6464385986, 35.9126434326, 19.1556510925, 14.4105119705, 9.98035144806, 8.1127204895, 6.84689664841, 6.44538831711, 5.81166267395, 3.83562016487, 3.40923595428, 1.54914474487, 2.03867936134, 0.799459755421, 0.368254572153, 0.228568226099, 0.0787740722299, 0.013575409539, 0.00174497033004, 0.000105574210465], "dmean": [0.0252506118268, 0.264052718878, 1.04090225697, 3.35269093513, 6.64369487762, 3.57522654533, 2.94684910774, 3.85272526741, 4.29664134979, 4.29993629456, 6.29662418365, 9.74346542358, 13.4963321686, 16.211107254, 19.9391784668, 17.1777896881, 16.5020141602, 31.578792572, 27.1653270721, 25.8944664001, 35.7821540833, 23.6449012756, 12.3884181976, 9.50300121307, 6.54166984558, 5.32181692123, 4.57933473587, 4.32451820374, 3.97850942612, 2.71555352211, 2.35670948029, 1.10538327694, 1.40674042702, 0.576796591282, 0.271267592907, 0.165725693107, 0.0555703751743, 0.00982956867665, 0.00122606079094, 7.33982742531e-05], "var": [0.00436904467642, 0.47616609931, 6.85899305344, 46.0974006653, 276.874633789, 52.59923172, 49.3032798767, 106.126502991, 131.997787476, 154.35585022, 736.340393066, 2157.42700195, 6024.28027344, 8288.2890625, 6937.12744141, 8844.40234375, 4574.64697266, 18999.0898438, 19168.4003906, 12687.9980469, 22029.8027344, 11719.7128906, 1860.59313965, 1900.20874023, 580.501464844, 352.217681885, 352.200317383, 163.795288086, 165.003845215, 87.474067688, 51.1375656128, 14.1727428436, 10.0727577209, 1.92087864876, 0.500221371651, 0.188389152288, 0.0195148270577, 0.000573408207856, 9.23333209357e-06, 2.94890245556e-08], "dvar": [0.00505372928455, 0.583879113197, 10.0061330795, 60.0803604126, 386.867614746, 57.4736442566, 32.3240776062, 86.6342468262, 134.949462891, 98.6131210327, 266.090637207, 692.129821777, 1532.95007324, 2653.37841797, 2650.31298828, 3236.37792969, 2880.30859375, 6391.54003906, 6978.17822266, 7826.51464844, 7159.40869141, 3522.36181641, 1064.51330566, 839.072814941, 297.4793396, 178.963592529, 103.333084106, 93.4953155518, 79.6985397339, 35.8494529724, 24.7544326782, 6.31053781509, 6.67787456512, 0.949975013733, 0.235075354576, 0.117180936038, 0.0132587468252, 0.000360644247849, 6.43860494165e-06, 2.22384546333e-08], "mean": [0.0262905098498, 0.234316125512, 0.860551416874, 2.82964658737, 6.21588754654, 5.31200170517, 5.24741220474, 5.78229808807, 5.98348808289, 6.71324157715, 11.7041196823, 18.6386070251, 27.6303749084, 30.7905387878, 39.9112472534, 32.2240753174, 28.0019111633, 64.3751678467, 52.9607620239, 47.2449760437, 71.1911239624, 49.8206787109, 24.6524734497, 17.4203777313, 11.0419654846, 8.72027111053, 7.70745229721, 6.69304418564, 6.9467792511, 4.69505834579, 4.09094190598, 2.01837730408, 2.21941113472, 0.980326235294, 0.459745973349, 0.247177317739, 0.0786212906241, 0.0142906466499, 0.00166219391394, 0.000106459934614]}, "zerocrossingrate": {"min": 0.00830078125, "max": 0.5302734375, "dvar2": 0.000301387859508, "median": 0.083984375, "dmean2": 0.0142360897735, "dmean": 0.0126309618354, "var": 0.00209397636354, "dvar": 0.000231773417909, "mean": 0.0912336334586}, "spectral_contrast_coeffs": {"min": [-0.976605534554, -0.977704524994, -0.982210040092, -0.980990231037, -0.971445441246, -0.964102864265], "max": [-0.260923653841, -0.369525611401, -0.404181241989, -0.439440101385, -0.505228579044, -0.581341564655], "dvar2": [0.00546557689086, 0.00336506264284, 0.00254371971823, 0.00183414656203, 0.00109300401527, 0.000708742125425], "median": [-0.603210866451, -0.749207258224, -0.760824143887, -0.758292078972, -0.768620252609, -0.778571248055], "dmean2": [0.0864332467318, 0.0689902231097, 0.058544434607, 0.0512890033424, 0.0397850200534, 0.0292268116027], "dmean": [0.055730920285, 0.0427844300866, 0.0370923243463, 0.0325910151005, 0.0253359563649, 0.018889805302], "var": [0.0106555651873, 0.0060199177824, 0.00691520562395, 0.00497910706326, 0.00272488989867, 0.00185175123625], "dvar": [0.00238979631104, 0.00132515304722, 0.00107130000833, 0.000793620129116, 0.000478291476611, 0.000311214971589], "mean": [-0.598944365978, -0.740260779858, -0.745659291744, -0.748396933079, -0.767003297806, -0.772801816463]}, "dissonance": {"min": 0.214416578412, "max": 0.500000238419, "dvar2": 0.00072438683128, "median": 0.482676833868, "dmean2": 0.0219688285142, "dmean": 0.0131714679301, "var": 0.000873631099239, "dvar": 0.000267297436949, "mean": 0.473210483789}, "spectral_energyband_high": {"min": 7.13420983225e-21, "max": 0.0304012540728, "dvar2": 1.15571606329e-06, "median": 0.000421994831413, "dmean2": 0.000569135823753, "dmean": 0.000429718929809, "var": 1.48969434122e-06, "dvar": 6.12977146375e-07, "mean": 0.000838063715491}, "gfcc": {"mean": [-17.8955516815, 54.3774223328, -132.775009155, 15.8088912964, -52.131187439, 12.5542201996, -51.1606216431, -3.11207795143, -27.5905857086, -7.50183010101, -20.4743022919, 3.4569735527, -7.59025192261], "icov": [[0.000185816999874, -0.000160044408403, 0.00035758499871, -0.000384794228012, 0.000247569842031, -0.000439730240032, 0.000319047714584, -0.000662406207994, 0.000698590534739, -0.000800416513812, 0.00089915888384, -0.000555106613319, 0.000579275772907], [-0.000160044408403, 0.00145221257117, -0.000469051214168, 0.000658541102894, -0.000922675360925, 0.000938340497669, -0.000742178410292, 0.00124033808243, -0.00180414470378, 0.00272955093533, -0.00234210165218, 0.00168903695885, -0.000907563604414], [0.00035758499871, -0.000469051214168, 0.00172228412703, -0.00126829592045, 0.000420781725552, -0.000511834630743, 0.000384235579986, -0.00167075486388, 0.00179255835246, -0.00263545732014, 0.00251829763874, -0.00208608922549, 0.00202056299895], [-0.000384794228012, 0.000658541102894, -0.00126829592045, 0.00403428403661, -0.000981222139671, 0.00053087528795, -0.00130926864222, 0.00162819435354, -0.00244393618777, 0.00240299967118, -0.00302477297373, 0.00150434602983, -0.00104891078081], [0.000247569842031, -0.000922675360925, 0.000420781725552, -0.000981222139671, 0.00397607078776, -0.00209042569622, 0.000973862712272, -0.00185405451339, 0.00121257244609, -0.0025073599536, 0.00254106963985, -0.00305525446311, 0.00118910230231], [-0.000439730240032, 0.000938340497669, -0.000511834630743, 0.00053087528795, -0.00209042569622, 0.00643464876339, -0.00291304686107, 0.00239948392846, -0.00141801091377, 0.000794986146502, -0.00304066739045, 0.000584012246691, -0.00187801779248], [0.000319047714584, -0.000742178410292, 0.000384235579986, -0.00130926864222, 0.000973862712272, -0.00291304686107, 0.00746306311339, -0.00397812761366, 0.00181900442112, -0.00313225481659, 0.00196558306925, 0.00107798713725, -0.000375376577722], [-0.000662406207994, 0.00124033808243, -0.00167075486388, 0.00162819435354, -0.00185405451339, 0.00239948392846, -0.00397812761366, 0.0125660905614, -0.00949489325285, 0.00517179397866, -0.000756106863264, -0.000640543352347, 0.000911799259484], [0.000698590534739, -0.00180414470378, 0.00179255835246, -0.00244393618777, 0.00121257244609, -0.00141801091377, 0.00181900442112, -0.00949489325285, 0.0177418738604, -0.00817320123315, 0.00229494692758, 0.000184580683708, -0.000223746625124], [-0.000800416513812, 0.00272955093533, -0.00263545732014, 0.00240299967118, -0.0025073599536, 0.000794986146502, -0.00313225481659, 0.00517179397866, -0.00817320123315, 0.0219009984285, -0.00843932386488, 0.00313879107125, 0.00137903529685], [0.00089915888384, -0.00234210165218, 0.00251829763874, -0.00302477297373, 0.00254106963985, -0.00304066739045, 0.00196558306925, -0.000756106863264, 0.00229494692758, -0.00843932386488, 0.0203388333321, -0.00870925094932, 0.00391271524131], [-0.000555106613319, 0.00168903695885, -0.00208608922549, 0.00150434602983, -0.00305525446311, 0.000584012246691, 0.00107798713725, -0.000640543352347, 0.000184580683708, 0.00313879107125, -0.00870925094932, 0.0177729260176, -0.00780620845035], [0.000579275772907, -0.000907563604414, 0.00202056299895, -0.00104891078081, 0.00118910230231, -0.00187801779248, -0.000375376577722, 0.000911799259484, -0.000223746625124, 0.00137903529685, 0.00391271524131, -0.00780620845035, 0.019715718925]], "cov": [[13402.0224609, -754.460876465, -1134.32861328, 444.828552246, 122.6901474, 618.290283203, 25.3790016174, 332.172790527, -100.473434448, 191.103973389, -211.041305542, 116.130401611, -178.610626221], [-754.460876465, 1255.30981445, -123.779251099, -79.7216720581, 41.5107154846, -130.35559082, 0.377116441727, -49.4690361023, 59.1699981689, -115.902427673, 60.7247772217, -72.1163024902, 43.944278717], [-1134.32861328, -123.779251099, 1452.52319336, 258.331726074, 183.733718872, 29.5048503876, 112.118095398, 161.164474487, 40.9790039062, 114.706787109, -35.7162590027, 76.2742004395, -91.3475570679], [444.828552246, -79.7216720581, 258.331726074, 401.909515381, 99.1292724609, 80.9920501709, 75.4017486572, 54.1140975952, 39.8483963013, 39.4581069946, 18.7616996765, 23.4793796539, -17.897857666], [122.6901474, 41.5107154846, 183.733718872, 99.1292724609, 428.514221191, 135.029418945, 42.5243911743, 73.5161895752, 30.9957332611, 46.7627105713, 5.24543237686, 73.9282302856, -5.5119228363], [618.290283203, -130.35559082, 29.5048503876, 80.9920501709, 135.029418945, 293.189361572, 87.2175827026, 15.9447965622, 4.59702301025, 51.0160713196, 22.5681095123, 42.0105895996, 6.46382141113], [25.3790016174, 0.377116441727, 112.118095398, 75.4017486572, 42.5243911743, 87.2175827026, 220.456619263, 81.4236984253, 39.8843460083, 33.8615341187, -8.60165405273, -12.1680326462, -7.05889987946], [332.172790527, -49.4690361023, 161.164474487, 54.1140975952, 73.5161895752, 15.9447965622, 81.4236984253, 205.343307495, 84.707244873, 23.1051101685, -28.4387054443, 13.6014356613, -26.1618995667], [-100.473434448, 59.1699981689, 40.9790039062, 39.8483963013, 30.9957332611, 4.59702301025, 39.8843460083, 84.707244873, 118.542655945, 25.4560680389, 2.94379520416, -8.08823394775, -5.21548366547], [191.103973389, -115.902427673, 114.706787109, 39.4581069946, 46.7627105713, 51.0160713196, 33.8615341187, 23.1051101685, 25.4560680389, 94.6010818481, 15.5219926834, 12.6010189056, -23.4106311798], [-211.041305542, 60.7247772217, -35.7162590027, 18.7616996765, 5.24543237686, 22.5681095123, -8.60165405273, -28.4387054443, 2.94379520416, 15.5219926834, 91.3294906616, 27.0934848785, 8.1894493103], [116.130401611, -72.1163024902, 76.2742004395, 23.4793796539, 73.9282302856, 42.0105895996, -12.1680326462, 13.6014356613, -8.08823394775, 12.6010189056, 27.0934848785, 106.759483337, 21.3027496338], [-178.610626221, 43.944278717, -91.3475570679, -17.897857666, -5.5119228363, 6.46382141113, -7.05889987946, -26.1618995667, -5.21548366547, -23.4106311798, 8.1894493103, 21.3027496338, 76.8124771118]]}, "spectral_flux": {"min": 6.41981745542e-11, "max": 0.29207867384, "dvar2": 0.00226760236546, "median": 0.0576602108777, "dmean2": 0.0369571186602, "dmean": 0.0245852991939, "var": 0.0025591047015, "dvar": 0.00106489402242, "mean": 0.0716402754188}, "silence_rate_30dB": {"min": 1, "max": 1, "dvar2": 0, "median": 1, "dmean2": 0, "dmean": 0, "var": 0, "dvar": 0, "mean": 1}, "spectral_energyband_middle_high": {"min": 1.32704418055e-21, "max": 0.0693622753024, "dvar2": 3.22653249896e-05, "median": 0.00500014657155, "dmean2": 0.00378317665309, "dmean": 0.00253864913248, "var": 7.90459598647e-05, "dvar": 1.43769975693e-05, "mean": 0.00814879033715}, "barkbands_spread": {"min": 1.25071763992, "max": 116.009223938, "dvar2": 111.716690063, "median": 25.0467014313, "dmean2": 8.9969587326, "dmean": 6.08773708344, "var": 194.494735718, "dvar": 50.3153991699, "mean": 26.4825572968}, "spectral_centroid": {"min": 226.032348633, "max": 11758.9111328, "dvar2": 199954.71875, "median": 1699.76428223, "dmean2": 360.536346436, "dmean": 235.765167236, "var": 653473.625, "dvar": 87924.109375, "mean": 1739.91491699}, "pitch_salience": {"min": 0.193663015962, "max": 0.856657981873, "dvar2": 0.0101065309718, "median": 0.604411005974, "dmean2": 0.108605749905, "dmean": 0.0662821605802, "var": 0.0118365613744, "dvar": 0.00383652397431, "mean": 0.591538965702}, "erbbands_skewness": {"min": -4.43933439255, "max": 8.23367977142, "dvar2": 0.254239708185, "median": -0.142950519919, "dmean2": 0.52333599329, "dmean": 0.346980810165, "var": 0.95485585928, "dvar": 0.114151097834, "mean": -0.00848126597703}, "erbbands_crest": {"min": 2.3056204319, "max": 33.3311576843, "dvar2": 17.0812950134, "median": 9.37014865875, "dmean2": 4.29721879959, "dmean": 2.73010826111, "var": 29.7960834503, "dvar": 7.18260145187, "mean": 10.7942047119}, "melbands": {"min": [2.17375118941e-24, 1.13831297421e-24, 1.37872967495e-24, 2.03261549321e-24, 3.05048646631e-24, 1.42025215755e-24, 1.07808058447e-24, 2.28492654007e-24, 1.80152145204e-24, 4.76566216189e-24, 1.92283820128e-24, 4.73721386549e-24, 3.2589052924e-24, 3.55660384588e-24, 5.5593891556e-24, 4.4381097591e-24, 4.26804357528e-24, 3.05937456212e-24, 2.36578991045e-24, 5.08249552269e-24, 5.77694989351e-24, 3.09287492097e-24, 4.34438677267e-24, 5.06820057423e-24, 3.91698982283e-24, 4.25489681386e-24, 5.49622466849e-24, 4.34554915921e-24, 5.46621284978e-24, 6.14128135828e-24, 5.16851212694e-24, 5.56653939085e-24, 6.15824975636e-24, 6.56785592063e-24, 5.51079690156e-24, 6.929617671e-24, 6.24173885026e-24, 6.60769734065e-24, 6.28460594628e-24, 7.47987970683e-24], "max": [0.00814415514469, 0.0118020754308, 0.0150681734085, 0.00978173129261, 0.0028093107976, 0.00322202406824, 0.00279065198265, 0.00143280113116, 0.00501965358853, 0.00350628513843, 0.00456793047488, 0.00532759446651, 0.00514047406614, 0.00500946771353, 0.0040066507645, 0.00437711458653, 0.00492082349956, 0.00554741267115, 0.00533536635339, 0.00473180552945, 0.0037159009371, 0.00322628440335, 0.00154528964777, 0.00106331624556, 0.00147318234667, 0.000674965442158, 0.00029218106647, 0.00050014257431, 0.000328525697114, 0.000206062803045, 0.000229916564422, 0.000229363213293, 0.000185680764844, 0.000112177025585, 0.000152745735249, 0.000108710490167, 5.28772034158e-05, 6.84217375237e-05, 2.71315184364e-05, 1.74607102963e-05], "dvar2": [1.30791318043e-06, 5.31057594344e-06, 7.99260760687e-06, 2.83371605292e-06, 7.73927766318e-08, 1.02228277399e-07, 8.14832930018e-08, 2.5692134642e-08, 5.66440192529e-08, 6.38102974904e-08, 9.37396862355e-08, 1.21305944845e-07, 8.39974134692e-08, 6.58100418605e-08, 3.95194419411e-08, 3.01031732874e-08, 7.26180928723e-08, 5.13133642244e-08, 5.92498849983e-08, 3.63002286008e-08, 3.56702578586e-08, 1.66915228306e-08, 4.95171370574e-09, 1.75162206961e-09, 1.58997126576e-09, 7.69643460075e-10, 2.62170590792e-10, 2.20830007058e-10, 1.01034118571e-10, 8.70221186777e-11, 8.85094844638e-11, 6.759307003e-11, 3.97215073333e-11, 2.24906048646e-11, 2.3388841211e-11, 8.2131142165e-12, 4.32121959743e-12, 6.89702591913e-12, 9.20295176871e-12, 9.66491318401e-13], "median": [2.4735034458e-05, 3.91687499359e-05, 0.000108782573079, 0.000225907439017, 0.000108854015707, 6.12786170677e-05, 4.08768864872e-05, 2.14188603422e-05, 1.96088858502e-05, 2.17540000449e-05, 2.21630343731e-05, 2.63331057795e-05, 5.680168033e-05, 3.30263319483e-05, 1.44988571265e-05, 2.20819420065e-05, 5.05909192725e-05, 1.8123706468e-05, 1.48173721755e-05, 2.87260663754e-05, 3.63930121239e-05, 1.98764628294e-05, 1.56459882419e-05, 8.26439372759e-06, 4.77925914311e-06, 2.58821773969e-06, 2.20864353651e-06, 2.07506514016e-06, 1.62231810918e-06, 1.37104336773e-06, 1.27462567434e-06, 1.70063560745e-06, 9.70951646195e-07, 7.38883329632e-07, 1.10162886813e-06, 6.51753907732e-07, 4.35659217146e-07, 6.78318883729e-07, 7.30908880087e-07, 2.5813000093e-07], "dmean2": [0.000429062230978, 0.000803614442702, 0.00121104938444, 0.000662686943542, 0.000151309694047, 0.000138660107041, 0.00010926934192, 7.31719701434e-05, 9.02756000869e-05, 9.70847904682e-05, 0.000104251230368, 0.000104263126559, 0.000114511465654, 8.34230158944e-05, 6.16517136223e-05, 6.00237981416e-05, 0.000103404716356, 7.3027680628e-05, 6.30301510682e-05, 6.02817817708e-05, 7.5254807598e-05, 4.45240839326e-05, 2.99745006487e-05, 1.56504611368e-05, 1.25369142552e-05, 9.22516755963e-06, 6.6451634666e-06, 5.45437933397e-06, 4.56454426967e-06, 4.3402042138e-06, 3.93167738366e-06, 3.75539207198e-06, 2.73953060059e-06, 2.14285273614e-06, 2.30330010709e-06, 1.26252882637e-06, 9.18540933981e-07, 1.22495271171e-06, 1.67032737863e-06, 5.39912605291e-07], "dmean": [0.000259495049249, 0.00047441481729, 0.000703825440723, 0.000384595507057, 9.57127194852e-05, 8.51288423291e-05, 6.55409530737e-05, 4.5393644541e-05, 5.73162906221e-05, 6.22661173111e-05, 6.79609001963e-05, 6.64191466058e-05, 7.36945585231e-05, 5.45643342775e-05, 3.8968071749e-05, 3.78939657821e-05, 6.63207174512e-05, 4.68730613647e-05, 3.97146650357e-05, 3.80509445677e-05, 4.71798412036e-05, 2.85846472252e-05, 1.92167499335e-05, 9.84104008239e-06, 8.17329419078e-06, 5.88304192206e-06, 4.30137333751e-06, 3.51726157533e-06, 2.98583995573e-06, 2.86550971396e-06, 2.58942782239e-06, 2.52138192991e-06, 1.8790217382e-06, 1.47603088863e-06, 1.56603869073e-06, 8.76886986134e-07, 6.33154854768e-07, 8.52574203236e-07, 1.109343998e-06, 3.82315221259e-07], "var": [4.68553565725e-07, 1.50480411776e-06, 2.33521086557e-06, 7.77196703439e-07, 4.78255799408e-08, 4.96737868616e-08, 3.05444167736e-08, 1.88664248668e-08, 6.61778827293e-08, 8.41457961087e-08, 1.54831013788e-07, 1.50656120468e-07, 9.5136861944e-08, 7.96860319952e-08, 2.87235000229e-08, 2.55954102357e-08, 8.42783478561e-08, 5.70924321153e-08, 3.34834489024e-08, 2.83908612175e-08, 4.51994246475e-08, 2.37304842443e-08, 3.72442698904e-09, 1.13933962265e-09, 1.5717041002e-09, 6.03768757212e-10, 1.89125326511e-10, 1.69180183751e-10, 1.44086784171e-10, 8.92240309414e-11, 6.50881848419e-11, 6.17872281117e-11, 3.97648511341e-11, 2.57921860952e-11, 2.16469290409e-11, 8.71875401737e-12, 4.29191404638e-12, 4.56037421367e-12, 5.10022753197e-12, 1.01769450072e-12], "dvar": [5.37329697181e-07, 2.02755131795e-06, 3.04175455312e-06, 1.03016509456e-06, 3.07533731814e-08, 3.9471721891e-08, 3.05352614305e-08, 1.0228609959e-08, 2.22020375418e-08, 2.62902712933e-08, 3.916810698e-08, 4.76809631778e-08, 3.68352672808e-08, 2.84999277511e-08, 1.68514873167e-08, 1.35629294462e-08, 2.94738082829e-08, 2.16061195601e-08, 2.29688410514e-08, 1.53469272846e-08, 1.45402454521e-08, 6.9355068355e-09, 1.97688176939e-09, 6.68508970403e-10, 7.59719565036e-10, 3.13251452555e-10, 1.10252071361e-10, 9.06967487224e-11, 4.5131218207e-11, 3.97132708663e-11, 3.9427773546e-11, 3.1326892469e-11, 1.905743445e-11, 1.10138304726e-11, 1.14096770226e-11, 4.06581409165e-12, 2.00137714561e-12, 2.98364870137e-12, 3.86756555601e-12, 4.69379797616e-13], "mean": [0.000257730804151, 0.000404604536016, 0.000601183681283, 0.00045806588605, 0.00017753848806, 0.000132305896841, 9.07316571102e-05, 7.32388143661e-05, 0.000106348728877, 0.000119110896776, 0.000136464994284, 0.000119949720101, 0.000138609364512, 0.000100882680272, 6.14919918007e-05, 6.31202856312e-05, 0.000128506057081, 8.35292812553e-05, 6.35602336843e-05, 6.66303603793e-05, 9.04293192434e-05, 5.65877380723e-05, 3.37201454386e-05, 1.7394335373e-05, 1.37180386446e-05, 9.29074303713e-06, 6.49644789519e-06, 5.49838432562e-06, 4.8027864068e-06, 4.3322311285e-06, 3.75912600248e-06, 4.22307584813e-06, 3.08358607981e-06, 2.39485075326e-06, 2.58296586253e-06, 1.52699976752e-06, 1.10262465114e-06, 1.41273676491e-06, 1.55525412993e-06, 6.45516649911e-07]}, "spectral_entropy": {"min": 4.52643203735, "max": 9.82258987427, "dvar2": 0.0566732548177, "median": 7.74420833588, "dmean2": 0.219422057271, "dmean": 0.163428902626, "var": 0.275180697441, "dvar": 0.0308160297573, "mean": 7.67195367813}, "spectral_rolloff": {"min": 150.732421875, "max": 19379.8828125, "dvar2": 2169527.25, "median": 2196.38671875, "dmean2": 880.658813477, "dmean": 535.165161133, "var": 3127674.75, "dvar": 980971.0625, "mean": 2401.35058594}, "barkbands": {"min": [8.54588598629e-25, 4.9687591351e-24, 1.60069758152e-24, 6.89603763721e-25, 1.23366809413e-23, 7.84664796294e-24, 4.93614723085e-24, 8.33725949256e-24, 2.9918079945e-23, 1.36440861519e-23, 2.53675957667e-23, 4.55267658057e-23, 2.93580675884e-23, 3.63936750329e-23, 2.16640484334e-23, 7.12343921769e-23, 6.95917250259e-23, 1.21844135894e-22, 1.3548023404e-22, 2.11640576632e-22, 2.72877387458e-22, 3.19515980134e-22, 4.03380426679e-22, 6.63833191771e-22, 9.45542766898e-22, 1.26344437159e-21, 2.10354130036e-21], "max": [0.00105009158142, 0.0283915977925, 0.0275253932923, 0.0401685349643, 0.0363058075309, 0.0139270434156, 0.0125901848078, 0.0208716578782, 0.0227388441563, 0.0315216444433, 0.0347100272775, 0.0395918861032, 0.0334182307124, 0.038543112576, 0.0587725900114, 0.0623440667987, 0.0625926554203, 0.0250058826059, 0.0273114144802, 0.0126179074869, 0.00905350875109, 0.00988968275487, 0.00749897304922, 0.00373999006115, 0.00163061579224, 0.00169068016112, 0.000221074864385], "dvar2": [1.6896549937e-08, 2.08312831091e-05, 3.02579610434e-05, 4.89612284582e-05, 3.65812738892e-05, 2.41879524765e-06, 1.64652601597e-06, 9.02287808913e-07, 2.95082782031e-06, 5.56696295462e-06, 4.44199213234e-06, 4.45223849965e-06, 3.28625901602e-06, 7.10406993676e-06, 9.36037758947e-06, 6.36102095086e-06, 5.86491660215e-06, 7.58740497986e-07, 5.98996393819e-07, 1.6520526458e-07, 1.13859087492e-07, 1.06564343128e-07, 5.46959633141e-08, 3.88600724932e-08, 9.36510424765e-09, 9.17346110185e-09, 4.62163418646e-10], "median": [3.33288917318e-05, 9.02552055777e-05, 7.17598668416e-05, 0.00020052488253, 0.000937313074246, 0.000387313164538, 0.000180686911335, 8.26641844469e-05, 0.000144291378092, 0.000149533079821, 0.0003216478799, 0.000249227974564, 0.000167268706718, 0.00046582223149, 0.000210714919376, 0.000483455660287, 0.000392941641621, 0.000207117540413, 7.42769552744e-05, 6.94921982358e-05, 5.99370832788e-05, 7.17982766218e-05, 5.64049514651e-05, 6.08142872807e-05, 2.68286930805e-05, 1.47091950566e-05, 2.28289877668e-06], "dmean2": [6.23299201834e-05, 0.00172112393193, 0.001886780723, 0.0027419377584, 0.00240844325162, 0.000730236642994, 0.000508401019033, 0.000372347538359, 0.000693757552654, 0.00077461177716, 0.00080525415251, 0.000695652735885, 0.000603419088293, 0.00103354279418, 0.000909155816771, 0.000960178964306, 0.000844512018375, 0.000329175585648, 0.000246357172728, 0.000173401072971, 0.000164354263688, 0.000150089384988, 0.000112101966806, 0.000104323960841, 5.23223134223e-05, 4.46059493697e-05, 1.00132119769e-05], "dmean": [3.90372661059e-05, 0.00102817488369, 0.00107669143472, 0.00158363254741, 0.00139858887997, 0.000452258915175, 0.000305918016238, 0.000235607178183, 0.000444951409008, 0.000488417688757, 0.000516849628184, 0.000450025865575, 0.000377623888198, 0.000660292105749, 0.000565557915252, 0.000599706196226, 0.000546300434507, 0.000209787162021, 0.000159727525897, 0.000113696609333, 0.000110168475658, 0.000103877297079, 7.87476601545e-05, 7.31368199922e-05, 3.90255881939e-05, 3.24535249092e-05, 7.04789817974e-06], "var": [7.41881844846e-09, 7.37744812795e-06, 7.39609367884e-06, 1.38421819429e-05, 1.01512105175e-05, 1.27386567783e-06, 6.48119396374e-07, 9.46735326579e-07, 4.22418452217e-06, 7.91427555669e-06, 4.89694684802e-06, 5.20145385963e-06, 2.22226003643e-06, 7.86960208643e-06, 6.67079029881e-06, 6.14019700151e-06, 8.47934188641e-06, 4.80507537759e-07, 5.75650346946e-07, 1.46602076256e-07, 1.39127493526e-07, 1.13701979387e-07, 6.34502868024e-08, 3.21747819498e-08, 1.04832205139e-08, 6.93636570404e-09, 3.0559427211e-10], "dvar": [7.10842673612e-09, 8.56886254041e-06, 1.10617329483e-05, 1.84790860658e-05, 1.32576687975e-05, 9.32920556806e-07, 6.21698745817e-07, 3.55025321142e-07, 1.20362790312e-06, 2.2102794901e-06, 1.95773191081e-06, 1.94511881091e-06, 1.42301325923e-06, 2.97575024888e-06, 3.64961442756e-06, 2.6322627491e-06, 2.4580117497e-06, 2.81449359818e-07, 2.68246594715e-07, 7.25349735831e-08, 5.46504033139e-08, 5.28493337981e-08, 2.80660152896e-08, 1.77210743857e-08, 4.71514693956e-09, 4.38987024509e-09, 2.13382575498e-10], "mean": [6.12294097664e-05, 0.000984934507869, 0.000847823044751, 0.00132063415367, 0.00176563428249, 0.000751234241761, 0.000418653100496, 0.000422903918661, 0.000857685750816, 0.000933445582632, 0.000908624904696, 0.000813607126474, 0.000575154903345, 0.00124659121502, 0.000954454531893, 0.00108330009971, 0.00108427379746, 0.000392246962292, 0.000263192690909, 0.000183966185432, 0.000176869274583, 0.000182315183338, 0.000137452429044, 0.000123382473248, 6.78523938404e-05, 4.78563888464e-05, 9.5091681942e-06]}, "melbands_flatness_db": {"min": 0.00288451556116, "max": 0.532953977585, "dvar2": 0.00142742251046, "median": 0.140741437674, "dmean2": 0.0357432588935, "dmean": 0.0242096371949, "var": 0.00402939738706, "dvar": 0.000595281482674, "mean": 0.149289041758}, "melbands_skewness": {"min": -3.27470755577, "max": 9.21745300293, "dvar2": 1.34740078449, "median": 1.14815509319, "dmean2": 0.948791563511, "dmean": 0.629953384399, "var": 1.77583646774, "dvar": 0.605573952198, "mean": 1.30048310757}, "barkbands_skewness": {"min": -5.19512748718, "max": 6.43091869354, "dvar2": 0.535313546658, "median": 0.409032732248, "dmean2": 0.694138109684, "dmean": 0.458687543869, "var": 0.933540344238, "dvar": 0.236243784428, "mean": 0.435351282358}, "silence_rate_60dB": {"min": 0, "max": 1, "dvar2": 0.0704112425447, "median": 0, "dmean2": 0.0694483369589, "dmean": 0.0347209274769, "var": 0.123003266752, "dvar": 0.0335214585066, "mean": 0.143630430102}, "spectral_energyband_low": {"min": 1.85922603561e-23, "max": 0.049215156585, "dvar2": 9.76435912889e-05, "median": 0.000400719378376, "dmean2": 0.00414552818984, "dmean": 0.00252290070057, "var": 3.41064514942e-05, "dvar": 3.96509094571e-05, "mean": 0.00243477430195}, "spectral_energyband_middle_low": {"min": 1.98517553618e-22, "max": 0.0745674967766, "dvar2": 0.000187831246876, "median": 0.00338001246564, "dmean2": 0.00618238560855, "dmean": 0.00375965260901, "var": 7.147656288e-05, "dvar": 7.31300533516e-05, "mean": 0.00588342361152}, "melbands_kurtosis": {"min": -1.88011908531, "max": 142.11164856, "dvar2": 128.346710205, "median": 1.44829034805, "dmean2": 5.53256702423, "dmean": 3.4243311882, "var": 105.487327576, "dvar": 52.5804595947, "mean": 4.48028469086}, "spectral_decrease": {"min": -2.56331258441e-08, "max": 1.20626072057e-28, "dvar2": 2.21791044289e-17, "median": -2.77408807037e-09, "dmean2": 2.80674750108e-09, "dmean": 1.7866966795e-09, "var": 1.36324849156e-17, "dvar": 9.15659573184e-18, "mean": -3.86377019268e-09}, "erbbands_kurtosis": {"min": -1.69604754448, "max": 92.6634368896, "dvar2": 9.85081386566, "median": 0.769053697586, "dmean2": 1.91197478771, "dmean": 1.23398423195, "var": 29.8791847229, "dvar": 4.01631689072, "mean": 2.05247879028}, "melbands_crest": {"min": 1.6479600668, "max": 35.081401825, "dvar2": 25.1781368256, "median": 11.4534406662, "dmean2": 5.35899972916, "dmean": 3.34096717834, "var": 32.3352470398, "dvar": 9.82520389557, "mean": 12.5578260422}, "melbands_spread": {"min": 0.763996720314, "max": 260.675842285, "dvar2": 325.999847412, "median": 35.6149101257, "dmean2": 15.3065843582, "dmean": 9.88623428345, "var": 542.684936523, "dvar": 151.735839844, "mean": 38.753452301}, "spectral_energy": {"min": 1.01313663037e-20, "max": 0.105526454747, "dvar2": 0.000352332921466, "median": 0.0120452102274, "dmean2": 0.0113883502781, "dmean": 0.00734004564583, "var": 0.000241398825892, "dvar": 0.000147526632645, "mean": 0.0166148450226}, "mfcc": {"mean": [-655.829101562, 93.2895736694, -20.2738037109, 4.47863006592, 11.7006835938, 4.91705560684, -8.99548149109, 0.443324774504, -4.19907665253, -11.5404758453, -10.1984863281, -4.6534204483, -5.33826684952], "icov": [[0.00015065788466, 4.84384727315e-05, 0.00015661562793, -8.11168938526e-05, 7.57447560318e-05, -0.000136520538945, 1.23483878269e-05, -0.00016918113397, -0.000123514182633, -6.70147128403e-05, -1.07366222437e-05, -7.08840161678e-05, -1.62721262313e-05], [4.84384727315e-05, 0.00109932315536, 0.00017961251433, 8.54279351188e-05, -0.000480898597743, 0.000418205716414, -6.92419707775e-05, -9.24348714761e-05, -0.000136994683999, 0.000456576759461, -7.94037550804e-05, -0.000337659294019, 0.000479736103443], [0.00015661562793, 0.00017961251433, 0.00162862928119, -0.00105159566738, 3.33514944941e-05, -0.000122451514471, -0.000301523978123, 2.82027122012e-05, -5.67983370274e-05, -4.50070219813e-05, -0.000547206611373, -0.000370502093574, 2.15623895201e-05], [-8.11168938526e-05, 8.54279351188e-05, -0.00105159566738, 0.00447787949815, -0.000700332224369, 0.000509681529365, -0.000428147963248, -0.000154282228323, -0.000108693275251, -0.00128662760835, 0.00066662824247, -0.000206006647204, -0.00144495582208], [7.57447560318e-05, -0.000480898597743, 3.33514944941e-05, -0.000700332224369, 0.0047205882147, -0.00153160037007, 0.000558640866075, -0.000985123566352, -0.000885212037247, 0.000919028185308, 1.05056369648e-05, 5.60852640774e-07, -0.00237618340179], [-0.000136520538945, 0.000418205716414, -0.000122451514471, 0.000509681529365, -0.00153160037007, 0.00709663843736, -0.00496024312451, 0.00143191416282, 0.000425982114393, 0.000321633648127, -0.00120581930969, 0.00164950476028, -0.0011617107084], [1.23483878269e-05, -6.92419707775e-05, -0.000301523978123, -0.000428147963248, 0.000558640866075, -0.00496024312451, 0.0116032268852, -0.00333966687322, -0.000386729749152, -0.000165378252859, -0.000695130380336, -0.000395776412915, 0.000608657253906], [-0.00016918113397, -9.24348714761e-05, 2.82027122012e-05, -0.000154282228323, -0.000985123566352, 0.00143191416282, -0.00333966687322, 0.0121847698465, -0.00473854038864, 0.00015410548076, -0.0007222678978, -0.000320897001075, -0.00253571057692], [-0.000123514182633, -0.000136994683999, -5.67983370274e-05, -0.000108693275251, -0.000885212037247, 0.000425982114393, -0.000386729749152, -0.00473854038864, 0.0122186858207, -0.00514905760065, 0.000288304290734, -0.000177210007678, 0.00126817368437], [-6.70147128403e-05, 0.000456576759461, -4.50070219813e-05, -0.00128662760835, 0.000919028185308, 0.000321633648127, -0.000165378252859, 0.00015410548076, -0.00514905760065, 0.0147385736927, -0.00634774379432, 0.00109741021879, 1.96457367565e-05], [-1.07366222437e-05, -7.94037550804e-05, -0.000547206611373, 0.00066662824247, 1.05056369648e-05, -0.00120581930969, -0.000695130380336, -0.0007222678978, 0.000288304290734, -0.00634774379432, 0.0158777143806, -0.00427156873047, 0.00253787892871], [-7.08840161678e-05, -0.000337659294019, -0.000370502093574, -0.000206006647204, 5.60852640774e-07, 0.00164950476028, -0.000395776412915, -0.000320897001075, -0.000177210007678, 0.00109741021879, -0.00427156873047, 0.0117789423093, -0.00392000563443], [-1.62721262313e-05, 0.000479736103443, 2.15623895201e-05, -0.00144495582208, -0.00237618340179, -0.0011617107084, 0.000608657253906, -0.00253571057692, 0.00126817368437, 1.96457367565e-05, 0.00253787892871, -0.00392000563443, 0.0134162446484]], "cov": [[8139.0703125, -363.955780029, -624.104003906, 61.1325721741, -17.3031635284, 204.490127563, 139.216873169, 223.564804077, 214.034866333, 148.516647339, 67.0677947998, 35.1912498474, 58.2000236511], [-363.955780029, 1058.07556152, -137.887237549, -60.7136497498, 78.9275817871, -88.601600647, -39.9992370605, 1.82201039791, -4.08610248566, -53.9082984924, -16.4617042542, 24.3815631866, -25.4241943359], [-624.104003906, -137.887237549, 886.137878418, 236.10736084, 59.1428985596, 43.8966941833, 61.5305366516, 34.1057891846, 32.0869293213, 50.5273780823, 53.0042190552, 52.1862182617, 48.2236289978], [61.1325721741, -60.7136497498, 236.10736084, 331.788574219, 85.176902771, 20.1029338837, 37.6836357117, 50.3222312927, 42.3645095825, 44.7586212158, 15.5750637054, 35.62915802, 65.6219406128], [-17.3031635284, 78.9275817871, 59.1428985596, 85.176902771, 315.21496582, 78.2164916992, 38.2444648743, 59.7866210938, 35.3755149841, -6.34351587296, -0.451285362244, 25.9470252991, 82.7335128784], [204.490127563, -88.601600647, 43.8966941833, 20.1029338837, 78.2164916992, 249.122528076, 109.260406494, 20.3033542633, 9.72677326202, 9.15872001648, 19.8371295929, -13.3643465042, 31.2257881165], [139.216873169, -39.9992370605, 61.5305366516, 37.6836357117, 38.2444648743, 109.260406494, 150.715652466, 51.6133728027, 32.8072662354, 23.5730037689, 25.4117107391, 7.25168514252, 18.8869915009], [223.564804077, 1.82201039791, 34.1057891846, 50.3222312927, 59.7866210938, 20.3033542633, 51.6133728027, 139.91796875, 72.2524490356, 33.1544303894, 21.8232135773, 24.6846294403, 38.2274055481], [214.034866333, -4.08610248566, 32.0869293213, 42.3645095825, 35.3755149841, 9.72677326202, 32.8072662354, 72.2524490356, 140.905639648, 63.1493415833, 30.0806446075, 14.9176530838, 9.44900512695], [148.516647339, -53.9082984924, 50.5273780823, 44.7586212158, -6.34351587296, 9.15872001648, 23.5730037689, 33.1544303894, 63.1493415833, 118.046562195, 52.0080795288, 10.5521392822, -1.18344950676], [67.0677947998, -16.4617042542, 53.0042190552, 15.5750637054, -0.451285362244, 19.8371295929, 25.4117107391, 21.8232135773, 30.0806446075, 52.0080795288, 96.7892608643, 29.3222980499, -5.78933143616], [35.1912498474, 24.3815631866, 52.1862182617, 35.62915802, 25.9470252991, -13.3643465042, 7.25168514252, 24.6846294403, 14.9176530838, 10.5521392822, 29.3222980499, 112.958023071, 36.7312965393], [58.2000236511, -25.4241943359, 48.2236289978, 65.6219406128, 82.7335128784, 31.2257881165, 18.8869915009, 38.2274055481, 9.44900512695, -1.18344950676, -5.78933143616, 36.7312965393, 117.167510986]]}, "spectral_contrast_valleys": {"min": [-27.9269504547, -27.9244613647, -27.7128276825, -27.5960254669, -27.436044693, -27.3849105835], "max": [-5.57834625244, -4.75642490387, -5.4597659111, -5.30847358704, -5.31369161606, -7.68411922455], "dvar2": [0.527481615543, 0.387417286634, 0.235193520784, 0.216372400522, 0.291681975126, 0.333510696888], "median": [-8.34189319611, -7.25723457336, -7.39612388611, -7.46617746353, -7.57122373581, -9.84648227692], "dmean2": [0.799627661705, 0.629194140434, 0.506961166859, 0.46664467454, 0.466517031193, 0.433593124151], "dmean": [0.548522293568, 0.409587174654, 0.334161251783, 0.314698219299, 0.33742031455, 0.37713637948], "var": [3.18654131889, 2.45320820808, 2.5404727459, 2.64570093155, 2.55698513985, 2.28373932838], "dvar": [0.329382181168, 0.191401720047, 0.125289693475, 0.12296782434, 0.163681253791, 0.198791667819], "mean": [-8.48391819, -7.41693162918, -7.6167550087, -7.70062255859, -7.73982810974, -10.0863256454]}, "barkbands_flatness_db": {"min": 0.0165127329528, "max": 0.415512293577, "dvar2": 0.000777915876824, "median": 0.093200057745, "dmean2": 0.0285847038031, "dmean": 0.0201762337238, "var": 0.0031573609449, "dvar": 0.000364433624782, "mean": 0.105008140206}, "dynamic_complexity": 3.62393164635, "spectral_skewness": {"min": -0.0555656030774, "max": 5.46882963181, "dvar2": 0.115763872862, "median": 1.67140138149, "dmean2": 0.317189753056, "dmean": 0.208259999752, "var": 0.270117461681, "dvar": 0.048271663487, "mean": 1.69741141796}, "erbbands_flatness_db": {"min": 0.0356849096715, "max": 0.389251023531, "dvar2": 0.000867260037921, "median": 0.163174599409, "dmean2": 0.029270960018, "dmean": 0.022698931396, "var": 0.00344411563128, "dvar": 0.000528942910023, "mean": 0.170262247324}, "hfc": {"min": 1.0703