{"lowlevel": {"spectral_complexity": {"min": 0, "max": 53, "dvar2": 31.7946147919, "median": 11, "dmean2": 5.30632448196, "dmean": 3.62012696266, "var": 76.8773574829, "dvar": 16.0754776001, "mean": 12.5020017624}, "silence_rate_20dB": {"min": 0, "max": 1, "dvar2": 0.0287008974701, "median": 1, "dmean2": 0.021986970678, "dmean": 0.0109931118786, "var": 0.00744417123497, "dvar": 0.0108734639362, "mean": 0.992501854897}, "average_loudness": 0.613984823227, "erbbands_spread": {"min": 1.28095448017, "max": 123.441139221, "dvar2": 337.872283936, "median": 25.6582984924, "dmean2": 17.6376686096, "dmean": 11.4948558807, "var": 392.825653076, "dvar": 146.127731323, "mean": 30.9383277893}, "spectral_kurtosis": {"min": -1.29281210899, "max": 179.856933594, "dvar2": 246.410690308, "median": 18.3304653168, "dmean2": 13.9455900192, "dmean": 8.69610023499, "var": 197.764450073, "dvar": 98.3481903076, "mean": 22.0761032104}, "barkbands_kurtosis": {"min": -1.71611773968, "max": 1288.03771973, "dvar2": 6634.515625, "median": 13.7962121964, "dmean2": 43.8087081909, "dmean": 27.1010570526, "var": 3651.68701172, "dvar": 2680.23022461, "mean": 34.7659606934}, "spectral_strongpeak": {"min": 0, "max": 32.4923439026, "dvar2": 4.9847741127, "median": 0.298803836107, "dmean2": 0.864309370518, "dmean": 0.498256325722, "var": 1.69467079639, "dvar": 1.88787698746, "mean": 0.614037752151}, "spectral_spread": {"min": 709595.9375, "max": 43314156, "dvar2": 1250752593920.0, "median": 3246058.75, "dmean2": 1197607, "dmean": 747070.625, "var": 8212146290690.0, "dvar": 514654109696, "mean": 3533427.25}, "spectral_rms": {"min": 3.08982093383e-12, "max": 0.0284576471895, "dvar2": 1.47081191244e-05, "median": 0.00558444112539, "dmean2": 0.00326055544429, "dmean": 0.00226560980082, "var": 1.64575867529e-05, "dvar": 7.55742848924e-06, "mean": 0.0065005379729}, "erbbands": {"min": [9.19196693308e-23, 7.00931616204e-22, 1.43811609892e-21, 6.17313097362e-21, 9.10946624403e-21, 2.51537336315e-20, 3.02154569793e-20, 2.70462404781e-20, 6.28362517824e-20, 1.32451132362e-19, 2.28504456616e-19, 4.00098137456e-19, 5.71997409833e-19, 3.79952954968e-19, 6.35191216898e-19, 1.03807516941e-18, 1.36340747568e-18, 1.73876611443e-18, 1.89057733148e-18, 2.73640714453e-18, 2.72241869319e-18, 4.58312901429e-18, 4.8445718546e-18, 5.55299497379e-18, 7.68586942991e-18, 8.5684198583e-18, 8.94699395489e-18, 1.05679585899e-17, 1.09571363148e-17, 9.86306753197e-18, 1.04514559909e-17, 1.0352389532e-17, 8.99358573007e-18, 8.20295409288e-18, 6.08353869251e-18, 3.77713994185e-18, 2.28570331212e-18, 8.73287349704e-19, 2.09699242097e-19, 2.67888822944e-20], "max": [35.3466796875, 151.799835205, 272.880706787, 237.478881836, 533.268432617, 707.828796387, 758.056518555, 1936.82861328, 477.134674072, 384.341217041, 1470.11352539, 2259.32202148, 1257.05981445, 2036.9432373, 1273.22363281, 834.156555176, 1133.18725586, 2668.14379883, 2641.41137695, 1149.15454102, 571.635803223, 642.98046875, 592.076782227, 940.593383789, 737.574462891, 422.130218506, 85.4083633423, 25.2972354889, 19.2824859619, 38.8913841248, 36.0710716248, 8.02432060242, 2.5313501358, 1.7160192728, 1.07514154911, 0.597445189953, 1.38228750229, 1.39056622982, 2.48910403252, 0.373501628637], "dvar2": [16.7756977081, 238.136199951, 624.052124023, 252.667526245, 596.083679199, 1286.92529297, 1230.00732422, 3540.13330078, 567.400390625, 602.96685791, 2264.71044922, 4540.35351562, 2591.63354492, 8445.25097656, 2897.2746582, 2964.01855469, 3395.32763672, 10779.5800781, 3466.96166992, 897.628601074, 561.375915527, 400.976043701, 479.022125244, 681.796630859, 261.891540527, 77.3971328735, 10.1352424622, 1.35250818729, 0.497757226229, 0.320109337568, 0.179801821709, 0.0714749321342, 0.0307272262871, 0.01417510584, 0.00552704138681, 0.00169769173954, 0.00116791808978, 0.000985889812, 0.00421095546335, 0.000115535083751], "median": [0.199211001396, 1.64967286587, 3.08825540543, 3.5853843689, 4.23414325714, 5.66309690475, 5.37338733673, 4.2461605072, 3.60161590576, 3.76438212395, 4.43023300171, 4.8330283165, 4.63639354706, 4.66672515869, 4.51691627502, 4.92678833008, 4.3916759491, 3.97687625885, 3.87339687347, 3.18290090561, 2.79173612595, 2.17557239532, 1.68231713772, 1.30262589455, 0.751887261868, 0.474517852068, 0.302497923374, 0.151401817799, 0.071911111474, 0.0494966804981, 0.0380930826068, 0.0210222825408, 0.010171558708, 0.00668127695099, 0.00424687005579, 0.00260488130152, 0.00265328260139, 0.00265401485376, 0.0040548699908, 0.00220142304897], "dmean2": [1.93945348263, 8.41410446167, 12.7574157715, 10.1134157181, 12.7444667816, 17.4055843353, 16.0730133057, 14.3738632202, 10.5909910202, 11.5654411316, 20.8406162262, 23.2823581696, 22.4801959991, 37.0457382202, 24.3722057343, 21.6742610931, 23.627746582, 29.6373291016, 19.9238052368, 11.4231042862, 9.94649982452, 9.03136634827, 9.40303421021, 10.1926584244, 5.41333723068, 2.8728928566, 1.42529845238, 0.601197361946, 0.328915446997, 0.247808977962, 0.190499782562, 0.130078420043, 0.0877742320299, 0.059580963105, 0.0372020900249, 0.0206897575408, 0.0124264759943, 0.00995147973299, 0.0260182972997, 0.00543149048463], "dmean": [1.22815144062, 5.07042694092, 7.49020671844, 5.97471094131, 7.78615522385, 10.7650499344, 9.86910629272, 9.14563941956, 6.92867469788, 7.516061306, 13.8496417999, 15.4392175674, 14.7695350647, 24.464258194, 16.2804508209, 14.3773040771, 15.89179039, 19.8994064331, 13.5230150223, 7.6868724823, 6.50469827652, 5.86546182632, 6.00740194321, 6.46087360382, 3.50945281982, 1.85227620602, 0.913358688354, 0.386321991682, 0.208236470819, 0.155624210835, 0.119759343565, 0.079212166369, 0.0524975769222, 0.0356216691434, 0.0222526211292, 0.0123968394473, 0.00783176440746, 0.00696608377621, 0.0172283612192, 0.00361158582382], "var": [7.3318977356, 86.0292739868, 186.690490723, 104.471946716, 571.853759766, 1246.5333252, 1040.37792969, 2763.64746094, 561.037414551, 737.234619141, 3200.49121094, 4381.09912109, 3154.67773438, 14354.7197266, 4775.39746094, 4047.32202148, 5489.96923828, 11156.6914062, 3583.82763672, 1349.73364258, 631.944091797, 360.305175781, 313.916870117, 395.25994873, 239.13130188, 54.542678833, 5.67485570908, 0.976823270321, 0.375239044428, 0.244464278221, 0.199131429195, 0.0366322472692, 0.0124927042052, 0.0057589346543, 0.00224695890211, 0.000694842776284, 0.000799394445494, 0.00130067544524, 0.00360266468488, 9.8073069239e-05], "dvar": [7.10023546219, 92.8771896362, 235.472824097, 94.5244445801, 243.687561035, 530.207702637, 492.642089844, 1510.94152832, 251.278945923, 265.036193848, 1097.43566895, 1917.17565918, 1186.72302246, 4161.38818359, 1376.07336426, 1274.05371094, 1683.7923584, 5064.01806641, 1598.54553223, 489.908447266, 273.900421143, 183.164978027, 207.370910645, 297.295806885, 121.843101501, 33.7555465698, 4.32393932343, 0.598695337772, 0.224470317364, 0.153169393539, 0.0983429476619, 0.0306120589375, 0.0128114083782, 0.00591192534193, 0.00230523571372, 0.000708651088644, 0.000522561604157, 0.000552619458176, 0.00197514798492, 5.23976414115e-05], "mean": [1.29242634773, 5.19534540176, 7.47592401505, 6.99398612976, 11.0856361389, 16.6771335602, 16.0069637299, 14.5073680878, 11.1023521423, 13.7729921341, 25.7303218842, 29.1017074585, 26.4649200439, 46.8963890076, 33.6704025269, 28.2668819427, 29.8099365234, 33.1682281494, 23.0628547668, 13.2156600952, 9.76878452301, 7.71705341339, 6.85226011276, 6.56052064896, 3.947691679, 2.17933011055, 1.04420566559, 0.469066977501, 0.252086818218, 0.179443120956, 0.13605633378, 0.0798834487796, 0.0470708757639, 0.0317559689283, 0.0198999326676, 0.0112952683121, 0.00928985048085, 0.0101779950783, 0.0208099093288, 0.005358484108]}, "zerocrossingrate": {"min": 0.00244140625, "max": 0.7587890625, "dvar2": 0.00118480983656, "median": 0.07958984375, "dmean2": 0.0322365351021, "dmean": 0.0253136884421, "var": 0.00431921565905, "dvar": 0.000775737920776, "mean": 0.09276830405}, "spectral_contrast_coeffs": {"min": [-0.984969854355, -0.982731997967, -0.97712469101, -0.986026525497, -0.968336701393, -0.964455723763], "max": [-0.3057911098, -0.408573806286, -0.433791160583, -0.501674592495, -0.545834779739, -0.495442062616], "dvar2": [0.00564550049603, 0.00478532817215, 0.00294914934784, 0.00218588765711, 0.00173648574855, 0.00345629174262], "median": [-0.698271274567, -0.769554138184, -0.824593067169, -0.826169013977, -0.82794547081, -0.827314257622], "dmean2": [0.0964932665229, 0.0868797153234, 0.0664557218552, 0.0575756542385, 0.0513722002506, 0.0586448907852], "dmean": [0.0584804341197, 0.0535021089017, 0.0421117469668, 0.037480134517, 0.034401293844, 0.0366971120238], "var": [0.00609078537673, 0.00629519578069, 0.00649525411427, 0.00487561803311, 0.00286710797809, 0.00309661612846], "dvar": [0.00213634152897, 0.0018799394602, 0.00127408257686, 0.000969431595877, 0.000786612392403, 0.00144749402534], "mean": [-0.692515611649, -0.766137421131, -0.816793620586, -0.821270644665, -0.834029018879, -0.808767676353]}, "dissonance": {"min": 0.16544483602, "max": 0.500000238419, "dvar2": 0.00210687797517, "median": 0.469678759575, "dmean2": 0.0419789664447, "dmean": 0.0256678517908, "var": 0.00155119458213, "dvar": 0.000820338609628, "mean": 0.457864016294}, "spectral_energyband_high": {"min": 7.04924772046e-21, "max": 0.0228965543211, "dvar2": 3.2023783092e-07, "median": 7.25261925254e-05, "dmean2": 0.000268342497293, "dmean": 0.000178253627382, "var": 2.79296642702e-07, "dvar": 1.50293999468e-07, "mean": 0.000228503427934}, "gfcc": {"mean": [-60.4502372742, 126.615982056, -71.8749008179, 5.77405834198, -1.74755513668, -9.96422672272, -4.07562351227, -8.94825077057, -6.28483247757, -9.20567321777, -2.93771505356, -5.62950134277, -5.06945514679], "icov": [[0.000231709011132, -0.00064867065521, 0.00154998037033, -0.00138375489041, 0.000976584851742, -0.00028714700602, 0.000212760074646, -0.0002769290586, 0.000185342461918, -0.000190903898329, -0.000150952488184, 0.000196145323571, -0.00028267246671], [-0.00064867065521, 0.00397116178647, -0.00629996415228, 0.00647756690159, -0.00347688049078, 0.00101175357122, -0.000699146999978, 0.00169020798057, -0.0018974217819, 0.00181876134593, -0.000465763529064, -0.000136808477691, 0.000404590071412], [0.00154998037033, -0.00629996415228, 0.0166601315141, -0.0171449929476, 0.0127673391253, -0.00533874332905, 0.0021287847776, 0.000361099402653, -0.00222802604549, 0.00255334284157, -0.00564225297421, 0.00463819270954, -0.00441053835675], [-0.00138375489041, 0.00647756690159, -0.0171449929476, 0.0225756764412, -0.0191908273846, 0.00908988434821, 0.000273396552075, -0.0056801084429, 0.010349933058, -0.0114137707278, 0.0129974111915, -0.0129152582958, 0.00974314566702], [0.000976584851742, -0.00347688049078, 0.0127673391253, -0.0191908273846, 0.0232802610844, -0.00944647472352, -0.00307012582198, 0.00964451394975, -0.0161588210613, 0.0180696863681, -0.0202029235661, 0.0177584290504, -0.0115499403328], [-0.00028714700602, 0.00101175357122, -0.00533874332905, 0.00908988434821, -0.00944647472352, 0.00913212448359, -0.000637457356788, -0.00727593433112, 0.0112571492791, -0.0146428383887, 0.0136650754139, -0.00953085720539, 0.00504003604874], [0.000212760074646, -0.000699146999978, 0.0021287847776, 0.000273396552075, -0.00307012582198, -0.000637457356788, 0.00951257906854, -0.00321856327355, -0.00197380594909, 0.00298428256065, -0.0017259940505, -0.00287081114948, 0.00313070579432], [-0.0002769290586, 0.00169020798057, 0.000361099402653, -0.0056801084429, 0.00964451394975, -0.00727593433112, -0.00321856327355, 0.0170299597085, -0.0132326101884, 0.012119371444, -0.013328271918, 0.0109869912267, -0.00851580314338], [0.000185342461918, -0.0018974217819, -0.00222802604549, 0.010349933058, -0.0161588210613, 0.0112571492791, -0.00197380594909, -0.0132326101884, 0.0357963293791, -0.0320840328932, 0.0236443635076, -0.0202753953636, 0.0118896309286], [-0.000190903898329, 0.00181876134593, 0.00255334284157, -0.0114137707278, 0.0180696863681, -0.0146428383887, 0.00298428256065, 0.012119371444, -0.0320840328932, 0.0491701923311, -0.0347874052823, 0.0220851935446, -0.0106815304607], [-0.000150952488184, -0.000465763529064, -0.00564225297421, 0.0129974111915, -0.0202029235661, 0.0136650754139, -0.0017259940505, -0.013328271918, 0.0236443635076, -0.0347874052823, 0.0479182675481, -0.0249450560659, 0.0101623991504], [0.000196145323571, -0.000136808477691, 0.00463819270954, -0.0129152582958, 0.0177584290504, -0.00953085720539, -0.00287081114948, 0.0109869912267, -0.0202753953636, 0.0220851935446, -0.0249450560659, 0.0362690016627, -0.0181162189692], [-0.00028267246671, 0.000404590071412, -0.00441053835675, 0.00974314566702, -0.0115499403328, 0.00504003604874, 0.00313070579432, -0.00851580314338, 0.0118896309286, -0.0106815304607, 0.0101623991504, -0.0181162189692, 0.0287607125938]], "cov": [[13933.5068359, 830.19909668, -1980.95471191, -1109.71569824, -174.145187378, -22.9388237, 158.789123535, 55.581615448, 47.0837554932, -41.9100875854, -34.9152450562, -83.6392364502, 55.2956695557], [830.19909668, 1057.42980957, -96.0814285278, -501.109802246, -84.0841140747, 35.8777618408, 50.6080131531, -85.943031311, 66.2230834961, -30.6615276337, 0.586842060089, -15.7278137207, 28.4202594757], [-1980.95471191, -96.0814285278, 1043.57189941, 650.469421387, -190.042739868, 116.573822021, -268.778167725, 87.46484375, -94.8415527344, 92.2469406128, -10.1429605484, 68.2892379761, 0.0339831523597], [-1109.71569824, -501.109802246, 650.469421387, 885.272949219, 159.992675781, -124.953475952, -117.104545593, 49.2386894226, -61.2563972473, 37.6222343445, 30.2862682343, 48.9531326294, -31.102098465], [-174.145187378, -84.0841140747, -190.042739868, 159.992675781, 410.427215576, -135.129440308, 176.036911011, -53.3286514282, 65.8089599609, -44.8277854919, 60.7120094299, -24.0047492981, -10.7489271164], [-22.9388237, 35.8777618408, 116.573822021, -124.953475952, -135.129440308, 468.99710083, -30.6549453735, 121.66986084, -18.731048584, 85.3015060425, -35.6078414917, 16.4353141785, 24.7436485291], [158.789123535, 50.6080131531, -268.778167725, -117.104545593, 176.036911011, -30.6549453735, 259.519470215, 5.86994934082, 71.7630691528, -34.5903396606, 35.1675987244, -1.68027865887, -7.14153242111], [55.581615448, -85.943031311, 87.46484375, 49.2386894226, -53.3286514282, 121.66986084, 5.86994934082, 153.831115723, 15.1108627319, 40.2786941528, 8.54973602295, 15.5322761536, 16.1345615387], [47.0837554932, 66.2230834961, -94.8415527344, -61.2563972473, 65.8089599609, -18.731048584, 71.7630691528, 15.1108627319, 108.666000366, 31.4916400909, 20.3206558228, 8.27727508545, -3.08138465881], [-41.9100875854, -30.6615276337, 92.2469406128, 37.6222343445, -44.8277854919, 85.3015060425, -34.5903396606, 40.2786941528, 31.4916400909, 92.3291091919, 22.9498615265, 10.1658735275, 3.72761249542], [-34.9152450562, 0.586842060089, -10.1429605484, 30.2862682343, 60.7120094299, -35.6078414917, 35.1675987244, 8.54973602295, 20.3206558228, 22.9498615265, 66.139213562, 19.282497406, 6.05667686462], [-83.6392364502, -15.7278137207, 68.2892379761, 48.9531326294, -24.0047492981, 16.4353141785, -1.68027865887, 15.5322761536, 8.27727508545, 10.1658735275, 19.282497406, 71.7167739868, 24.2640590668], [55.2956695557, 28.4202594757, 0.0339831523597, -31.102098465, -10.7489271164, 24.7436485291, -7.14153242111, 16.1345615387, -3.08138465881, 3.72761249542, 6.05667686462, 24.2640590668, 58.1587944031]]}, "spectral_flux": {"min": 6.4159268176e-11, "max": 0.832353949547, "dvar2": 0.012953649275, "median": 0.105943053961, "dmean2": 0.103309839964, "dmean": 0.0639534369111, "var": 0.00986531935632, "dvar": 0.00595978368074, "mean": 0.135341778398}, "silence_rate_30dB": {"min": 0, "max": 1, "dvar2": 0.228637680411, "median": 1, "dmean2": 0.278230190277, "dmean": 0.13911037147, "var": 0.154606550932, "dvar": 0.119750663638, "mean": 0.808916330338}, "spectral_energyband_middle_high": {"min": 1.08105437867e-21, "max": 0.082390896976, "dvar2": 2.30253899645e-05, "median": 0.00147395581007, "dmean2": 0.00267376098782, "dmean": 0.00191777362488, "var": 6.6182219598e-05, "dvar": 1.31577635329e-05, "mean": 0.0047191507183}, "barkbands_spread": {"min": 0.167809993029, "max": 121.00226593, "dvar2": 188.991821289, "median": 8.80761146545, "dmean2": 9.79142189026, "dmean": 6.26533937454, "var": 154.606414795, "dvar": 88.0818405151, "mean": 12.1547708511}, "spectral_centroid": {"min": 82.6682052612, "max": 11923.5107422, "dvar2": 225519.8125, "median": 610.503723145, "dmean2": 377.580474854, "dmean": 251.306610107, "var": 789967.25, "dvar": 115284.382812, "mean": 769.034729004}, "pitch_salience": {"min": 0.0497170612216, "max": 0.901841640472, "dvar2": 0.0240706820041, "median": 0.508428215981, "dmean2": 0.193119227886, "dmean": 0.120646364987, "var": 0.0254215877503, "dvar": 0.0104133849964, "mean": 0.494611114264}, "erbbands_skewness": {"min": -4.45351648331, "max": 8.71664333344, "dvar2": 1.10150504112, "median": 0.228762716055, "dmean2": 1.02804088593, "dmean": 0.690809845924, "var": 1.69500613213, "dvar": 0.509310722351, "mean": 0.495618283749}, "erbbands_crest": {"min": 1.97905170918, "max": 31.4527359009, "dvar2": 19.7161445618, "median": 8.50317001343, "dmean2": 4.96144962311, "dmean": 3.03784298897, "var": 19.106552124, "dvar": 7.79709005356, "mean": 9.60296916962}, "melbands": {"min": [1.05508262668e-24, 1.30654061908e-24, 9.68716458446e-25, 1.51552229743e-24, 1.32780830909e-24, 5.33120680003e-25, 1.35606708165e-24, 1.32780426617e-24, 1.32517035822e-24, 2.44285688773e-24, 2.51370231626e-24, 1.2149876904e-24, 1.80034585207e-24, 2.2770519333e-24, 2.87584153657e-24, 2.5800457156e-24, 3.11455814346e-24, 2.45977361541e-24, 3.24616242777e-24, 2.95913262639e-24, 2.90263795823e-24, 3.29881475167e-24, 3.60364874925e-24, 3.57017028129e-24, 3.41586080519e-24, 4.78075346543e-24, 5.11107003683e-24, 4.92176945199e-24, 4.40227890792e-24, 5.35190374917e-24, 5.20554362441e-24, 5.50927794989e-24, 5.92104164874e-24, 5.10853858219e-24, 6.0426047198e-24, 5.56214701333e-24, 5.48852499162e-24, 5.16758048221e-24, 5.87729457838e-24, 6.13093426422e-24], "max": [0.245075628161, 0.152933657169, 0.0347653180361, 0.0340521484613, 0.0294380448759, 0.0374512150884, 0.00601987307891, 0.00541654229164, 0.010310491547, 0.0122200706974, 0.00645559560508, 0.00768501730636, 0.00563782919198, 0.00291346875019, 0.00228920741938, 0.00405235914513, 0.005421185866, 0.00575281400234, 0.00206536916085, 0.00097394088516, 0.00079502951121, 0.00063417450292, 0.00057203421602, 0.000503163726535, 0.000869023264386, 0.00081859639613, 0.0003552508133, 0.000256108323811, 7.12574328645e-05, 2.31636877288e-05, 1.91044782696e-05, 1.12372563308e-05, 1.42374437928e-05, 2.4285451218e-05, 2.34278686548e-05, 1.0892440514e-05, 2.24013774641e-06, 1.80582446774e-06, 1.57638544351e-06, 1.40000304327e-06], "dvar2": [0.000819782551844, 0.000220477144467, 7.50107619751e-06, 4.45542946181e-06, 1.29660304538e-06, 1.42280930504e-06, 1.38333291488e-07, 7.85372833434e-08, 1.79690076152e-07, 1.70846575998e-07, 6.37714236973e-08, 1.30389025799e-07, 3.92743011446e-08, 3.10039673934e-08, 1.23710641731e-08, 2.38833433031e-08, 4.48416166421e-08, 1.34771411808e-08, 4.47327463959e-09, 9.68941815671e-10, 8.27218127331e-10, 4.94688567887e-10, 3.97238103522e-10, 4.92476337488e-10, 5.31791333191e-10, 2.53618875901e-10, 6.91568746714e-11, 3.28277058315e-11, 6.10924635533e-12, 1.2850633101e-12, 3.64238939574e-13, 1.84048211242e-13, 1.20286376346e-13, 1.05093593604e-13, 6.69215456162e-14, 5.0951901525e-14, 2.1286078572e-14, 1.5549581818e-14, 1.205537694e-14, 9.43869734839e-15], "median": [0.00214990391396, 0.00205336185172, 0.000677963194903, 0.000385346531402, 0.000210957819945, 9.97211463982e-05, 5.33237398486e-05, 3.92546498915e-05, 3.42090388585e-05, 2.7892214348e-05, 2.04595744435e-05, 1.67263642652e-05, 1.36674307214e-05, 1.32904624479e-05, 1.05478884507e-05, 7.76322667662e-06, 6.56414522382e-06, 5.8314162743e-06, 4.62705247628e-06, 3.30387888425e-06, 2.92799904855e-06, 2.19557364289e-06, 1.56937005613e-06, 1.34784693273e-06, 9.84295184026e-07, 6.12849589743e-07, 3.83067629173e-07, 2.87342970751e-07, 1.98485167857e-07, 1.24085673292e-07, 6.83685641434e-08, 3.8960667581e-08, 2.99090636702e-08, 2.59172701078e-08, 2.257622711e-08, 1.80724093468e-08, 1.00635517697e-08, 6.86978385289e-09, 6.07045347323e-09, 5.41260591902e-09], "dmean2": [0.0145514737815, 0.00802670139819, 0.00174051767681, 0.00109988858458, 0.000554651662242, 0.000321546162013, 0.000167054648045, 0.000131942244479, 0.000178955291631, 0.0001457855833, 0.000111086694233, 0.000147016908159, 9.1339366918e-05, 6.6979584517e-05, 5.00676542288e-05, 5.61902597838e-05, 5.94626653765e-05, 3.59128025593e-05, 2.39430883084e-05, 1.26526301756e-05, 1.21494967971e-05, 9.86160011962e-06, 8.51081222208e-06, 9.03985073819e-06, 8.6675863713e-06, 5.14568318977e-06, 2.62995627054e-06, 1.82264227533e-06, 1.03844752175e-06, 5.50981440028e-07, 2.92308641292e-07, 1.94002822695e-07, 1.58552495577e-07, 1.32991885948e-07, 1.14108750893e-07, 9.60544497275e-08, 7.34274010483e-08, 6.23589002657e-08, 5.49308083464e-08, 4.86240736564e-08], "dmean": [0.00922003015876, 0.00479226792231, 0.00103955657687, 0.000682268408127, 0.000342934305081, 0.000205043412279, 0.000110258326458, 8.52554949233e-05, 0.000119872391224, 9.62877966231e-05, 7.26269718143e-05, 9.66141960816e-05, 6.10715796938e-05, 4.41800875706e-05, 3.30982038577e-05, 3.75945855922e-05, 3.96594186896e-05, 2.40642730205e-05, 1.58412894962e-05, 8.29946475278e-06, 7.77416607889e-06, 6.3274724198e-06, 5.44941531189e-06, 5.68398081668e-06, 5.44424938198e-06, 3.29090403284e-06, 1.70824171164e-06, 1.15621367058e-06, 6.57342638988e-07, 3.51014591615e-07, 1.85257349017e-07, 1.21694370137e-07, 9.89088064784e-08, 8.32458653122e-08, 7.15986914201e-08, 5.97126401658e-08, 4.41796110806e-08, 3.72667550153e-08, 3.28280549411e-08, 2.90697350636e-08], "var": [0.000375306379283, 7.26007856429e-05, 3.6729106796e-06, 4.43119870397e-06, 1.22697986171e-06, 1.15118245958e-06, 1.47969515751e-07, 1.00654951041e-07, 2.39408734615e-07, 1.70467600924e-07, 7.36995886541e-08, 2.11166607755e-07, 6.74383997534e-08, 3.75143649478e-08, 1.78901551351e-08, 3.25841007509e-08, 4.46097381257e-08, 1.26511956466e-08, 5.39050892812e-09, 1.19296805767e-09, 7.50359441248e-10, 4.11319478477e-10, 2.86543372363e-10, 2.60945681729e-10, 2.89458707003e-10, 1.97317648332e-10, 6.20741305579e-11, 1.94399947528e-11, 3.00641781435e-12, 7.26122883609e-13, 2.5519237873e-13, 1.30563759131e-13, 8.69694060149e-14, 7.653157486e-14, 7.83576017114e-14, 3.82660788093e-14, 9.11410077048e-15, 6.30393979544e-15, 4.89142638205e-15, 3.83486628276e-15], "dvar": [0.000350336747942, 8.4409788542e-05, 2.80075551018e-06, 1.84670830095e-06, 5.30029922174e-07, 6.09906862792e-07, 6.22018276886e-08, 3.49557822688e-08, 8.64696332314e-08, 7.20693051903e-08, 2.91733588398e-08, 6.32985077686e-08, 1.89655935401e-08, 1.25862626987e-08, 5.91520077364e-09, 1.1682184109e-08, 2.08834105564e-08, 6.07670314068e-09, 2.24416107919e-09, 4.79482620275e-10, 3.76193715068e-10, 2.22011672935e-10, 1.74364869765e-10, 2.03368016871e-10, 2.29073149338e-10, 1.1258406013e-10, 3.24866730739e-11, 1.37703078107e-11, 2.52209299452e-12, 5.48720519977e-13, 1.57815831258e-13, 8.1283761731e-14, 5.53427204238e-14, 4.96775065745e-14, 3.79498576932e-14, 2.35217000635e-14, 8.91447458657e-15, 6.48111621811e-15, 5.02616264242e-15, 3.93667964302e-15], "mean": [0.0100570404902, 0.00503716943786, 0.00132100179326, 0.00104665209074, 0.000584150024224, 0.000333381467499, 0.000177439549589, 0.000158524941071, 0.000220746253035, 0.000178965608939, 0.000122559184092, 0.000180282077054, 0.000124433630845, 8.38702690089e-05, 6.07616129855e-05, 6.49184294161e-05, 6.29644200671e-05, 3.92270740122e-05, 2.52463505603e-05, 1.31507676997e-05, 1.0656068298e-05, 8.10623987491e-06, 6.432750979e-06, 5.99105896981e-06, 5.36536708751e-06, 3.487705726e-06, 1.99583746507e-06, 1.31160493311e-06, 7.23085179288e-07, 3.99560121878e-07, 2.21953371238e-07, 1.44535789559e-07, 1.14054230949e-07, 9.36316197908e-08, 8.09367293186e-08, 6.53164633491e-08, 4.16664676095e-08, 3.31107905538e-08, 2.91887989334e-08, 2.58827554944e-08]}, "spectral_entropy": {"min": 4.5476064682, "max": 9.82456684113, "dvar2": 0.308555930853, "median": 7.11443901062, "dmean2": 0.548567950726, "dmean": 0.349884539843, "var": 0.306296527386, "dvar": 0.121860273182, "mean": 7.04339885712}, "spectral_rolloff": {"min": 43.06640625, "max": 22050, "dvar2": 29264018, "median": 301.46484375, "dmean2": 1573.83288574, "dmean": 849.84576416, "var": 12746057, "dvar": 10941314, "mean": 1217.01049805}, "barkbands": {"min": [9.04865982822e-26, 2.76068026897e-24, 3.47378794615e-25, 6.1163043457e-25, 6.45718622981e-24, 2.83876842669e-24, 9.20965209017e-24, 7.88235654068e-24, 1.66823965501e-23, 9.53040845626e-24, 1.29129588209e-23, 2.2738983435e-23, 2.46742375181e-23, 2.09439130903e-23, 3.24020861842e-23, 3.8424509081e-23, 6.73883734087e-23, 8.1655465616e-23, 1.34066544811e-22, 1.7792983647e-22, 2.77110528672e-22, 3.02764916398e-22, 4.01996221915e-22, 5.64156059936e-22, 8.54299151363e-22, 1.27859777111e-21, 1.80682519267e-21], "max": [0.195283740759, 0.675632297993, 0.214055657387, 0.0921078026295, 0.135285168886, 0.151401907206, 0.0306014157832, 0.0555529333651, 0.0907413288951, 0.0353996343911, 0.0438709519804, 0.0221516285092, 0.0310638137162, 0.0596963874996, 0.0207795090973, 0.0118130519986, 0.00770978117362, 0.0112857744098, 0.0215094313025, 0.00830473843962, 0.000838131876662, 0.00055745645659, 0.0012231785804, 0.000158896829817, 0.000152294276631, 0.000748079735786, 0.0178298018873], "dvar2": [0.00052214495372, 0.0069726658985, 0.000332205265295, 3.80333076464e-05, 7.01393000782e-05, 3.13033051498e-05, 2.93477819469e-06, 3.32103400069e-06, 6.81238861944e-06, 3.06910555992e-06, 3.46381261807e-06, 1.95825668925e-06, 1.72873035353e-06, 4.09434869653e-06, 6.99140514371e-07, 1.8832896842e-07, 1.10613775917e-07, 2.06374537015e-07, 1.93722698327e-07, 3.61708423213e-08, 2.12870276961e-09, 3.556980821e-10, 2.28528418411e-10, 1.23768398308e-10, 1.11169601302e-10, 2.54627957608e-10, 2.3855488962e-07], "median": [0.00100179901347, 0.00796461105347, 0.00216515129432, 0.000996044836938, 0.00165131280664, 0.000593909295276, 0.000225792988203, 0.000154997513164, 0.000197040717467, 0.000139416355523, 9.5714116469e-05, 0.000107520099846, 8.27894400572e-05, 7.02612524037e-05, 6.35196629446e-05, 4.92074941576e-05, 3.64151783288e-05, 2.92772710964e-05, 1.84818054549e-05, 9.8471318779e-06, 5.30537636223e-06, 1.80839310815e-06, 1.38676000461e-06, 7.56448457651e-07, 5.90909451148e-07, 1.33223772991e-06, 7.06173814251e-05], "dmean2": [0.0105104316026, 0.0452617742121, 0.00959036778659, 0.00340010784566, 0.00443947128952, 0.00190317002125, 0.000785879150499, 0.000817168329377, 0.000989986932836, 0.000850902986713, 0.000826440169476, 0.000568924471736, 0.000512974977028, 0.000608553062193, 0.000315889890771, 0.000184350064956, 0.000156426482135, 0.000186822697287, 0.00015529821394, 6.00179264438e-05, 2.25401145144e-05, 8.78510400071e-06, 6.88243653713e-06, 5.61776596442e-06, 5.27580823473e-06, 6.46108219371e-06, 0.000238014632487], "dmean": [0.00643492117524, 0.0283155720681, 0.00559879466891, 0.00197024503723, 0.00277832057327, 0.00120106013492, 0.000521869165823, 0.000532448641025, 0.000656148535199, 0.000550099997781, 0.000554490019567, 0.000375055416953, 0.000342713901773, 0.000405029393733, 0.000208280122024, 0.000120525277453, 0.000100260789623, 0.000118545249279, 9.95126538328e-05, 3.86488754884e-05, 1.45085832628e-05, 5.53273366677e-06, 4.32254273619e-06, 3.37502092407e-06, 3.15367333314e-06, 4.06586923418e-06, 0.00015767851437], "var": [0.000196146924281, 0.00314420950599, 0.000101400750282, 1.41388136399e-05, 7.6684897067e-05, 2.7159740057e-05, 3.49173910763e-06, 4.69527321911e-06, 6.50516813039e-06, 3.64978563994e-06, 6.5597619141e-06, 2.56364205597e-06, 2.36714254243e-06, 4.00460612582e-06, 7.97950235665e-07, 2.31396143135e-07, 8.35072881955e-08, 1.23534093177e-07, 1.40700379347e-07, 2.30309584737e-08, 1.26484189789e-09, 2.66010935501e-10, 2.38711078682e-10, 5.23606089042e-11, 4.51380842426e-11, 1.9573251353e-10, 2.09676585428e-07], "dvar": [0.000209380028537, 0.00294364918955, 0.000125630060211, 1.28815308926e-05, 2.96668731607e-05, 1.33895719046e-05, 1.36359676617e-06, 1.58329203259e-06, 2.88698311124e-06, 1.37146616908e-06, 1.78138554929e-06, 8.33209526263e-07, 8.41915095862e-07, 1.86967508853e-06, 3.41057045716e-07, 9.29625372237e-08, 4.84804942857e-08, 8.77737065252e-08, 8.68953691224e-08, 1.50389443121e-08, 9.21141163346e-10, 1.62005978077e-10, 1.21835083688e-10, 5.18516028725e-11, 4.63553952168e-11, 1.19432908008e-10, 1.10051601609e-07], "mean": [0.00649914750829, 0.0308071151376, 0.005441557616, 0.00217771250755, 0.00446667196229, 0.00199846341275, 0.000832807680126, 0.000952518545091, 0.00122193538118, 0.000976660754532, 0.00108901364729, 0.000709080719389, 0.00059585692361, 0.000645898748189, 0.000332924741087, 0.000186710385606, 0.000127050967421, 0.000129059917526, 0.000103524354927, 4.52799431514e-05, 1.68559308804e-05, 6.61734156893e-06, 4.9372047215e-06, 3.15552415486e-06, 2.81043685391e-06, 4.74093667435e-06, 0.000216765663936]}, "melbands_flatness_db": {"min": 0.00247161695734, "max": 0.776148438454, "dvar2": 0.00675781443715, "median": 0.340214312077, "dmean2": 0.0922934785485, "dmean": 0.0593156628311, "var": 0.0083234468475, "dvar": 0.00270444736816, "mean": 0.348694711924}, "melbands_skewness": {"min": -1.86059868336, "max": 30.6887321472, "dvar2": 8.03293037415, "median": 3.42986631393, "dmean2": 2.65642762184, "dmean": 1.75176131725, "var": 9.98534870148, "dvar": 3.51490497589, "mean": 4.03934907913}, "barkbands_skewness": {"min": -2.20099067688, "max": 28.5915412903, "dvar2": 7.18945026398, "median": 2.95236158371, "dmean2": 2.45964884758, "dmean": 1.61427509785, "var": 8.36351680756, "dvar": 3.10934281349, "mean": 3.54792785645}, "silence_rate_60dB": {"min": 0, "max": 1, "dvar2": 0.0860875025392, "median": 0, "dmean2": 0.0761400684714, "dmean": 0.03806874156, "var": 0.0527387149632, "dvar": 0.0366310924292, "mean": 0.0558119006455}, "spectral_energyband_low": {"min": 1.07085146314e-23, "max": 0.807388901711, "dvar2": 0.010059254244, "median": 0.014144545421, "dmean2": 0.0572081208229, "dmean": 0.0364720858634, "var": 0.00495898537338, "dvar": 0.00436135288328, "mean": 0.0428295359015}, "spectral_energyband_middle_low": {"min": 1.39956205573e-22, "max": 0.226199030876, "dvar2": 0.000162424403243, "median": 0.00733689637855, "dmean2": 0.0084392875433, "dmean": 0.00544939748943, "var": 0.00022432905098, "dvar": 6.95200797054e-05, "mean": 0.0119890691712}, "melbands_kurtosis": {"min": -1.8650752306, "max": 1967.07177734, "dvar2": 10379.0390625, "median": 19.0379333496, "dmean2": 53.2436523438, "dmean": 33.254032135, "var": 6284.32910156, "dvar": 4190.61474609, "mean": 45.9806861877}, "spectral_decrease": {"min": -2.17154536131e-07, "max": 5.43554368182e-10, "dvar2": 7.13770418333e-16, "median": -7.8416340088e-09, "dmean2": 1.59831259339e-08, "dmean": 1.04013171409e-08, "var": 4.01643700649e-16, "dvar": 3.14509394895e-16, "mean": -1.52184682634e-08}, "erbbands_kurtosis": {"min": -1.86641478539, "max": 94.6965637207, "dvar2": 60.9339599609, "median": 0.589820027351, "dmean2": 4.41893959045, "dmean": 2.76944184303, "var": 37.1955757141, "dvar": 25.2846755981, "mean": 2.44264936447}, "melbands_crest": {"min": 1.45646691322, "max": 38.4587135315, "dvar2": 43.3459014893, "median": 18.2143669128, "dmean2": 7.88528442383, "dmean": 4.98303937912, "var": 52.0331726074, "dvar": 20.7211055756, "mean": 18.5822734833}, "melbands_spread": {"min": 0.0889052078128, "max": 174.175262451, "dvar2": 142.575439453, "median": 5.71484136581, "dmean2": 7.85583972931, "dmean": 5.10071229935, "var": 211.562271118, "dvar": 66.4855499268, "mean": 10.7799272537}, "spectral_energy": {"min": 9.78566862333e-21, "max": 0.830083608627, "dvar2": 0.010378498584, "median": 0.0319656282663, "dmean2": 0.061359167099, "dmean": 0.0400737226009, "var": 0.00595214450732, "dvar": 0.00458182487637, "mean": 0.0601822249591}, "mfcc": {"mean": [-727.838928223, 185.57862854, -2.32834243774, 35.4642753601, 17.5116558075, 13.6786594391, 11.3253993988, 8.85524654388, 1.39093089104, 5.87968444824, 0.719476461411, 1.114107728, -0.0803942978382], "icov": [[0.000170799539774, -4.12427507399e-05, 0.000179916794877, 4.54084693047e-06, 0.000217783846892, -3.09905481117e-05, 0.00019270813209, -0.000117782321468, -9.17398665479e-07, -6.39180943836e-05, -0.000127868741401, 6.37141347397e-05, 5.04613308294e-06], [-4.12427507399e-05, 0.000982077908702, 2.47368006967e-05, 0.000486699020257, 0.000174155808054, -6.22527004452e-05, 0.000263758207439, -6.3675637648e-05, 0.00034898755257, -0.00025394486147, 0.000362727703759, -0.000255899474723, -6.31021830486e-05], [0.000179916794877, 2.47368006967e-05, 0.0013974433532, -0.000302286527585, -0.000281050684862, -0.000213799532503, 0.000246860901825, 0.00109129375778, -0.00153632636648, 0.00255409884267, -0.0023939285893, 0.00176924443804, -0.0011758825276], [4.54084693047e-06, 0.000486699020257, -0.000302286527585, 0.0029196604155, -0.00296958070248, 0.00167943735141, 0.000521208916325, -0.00219304859638, 0.00411012442783, -0.0033484052401, 0.00368798407726, -0.00294666714035, 0.00120217108633], [0.000217783846892, 0.000174155808054, -0.000281050684862, -0.00296958070248, 0.0090706506744, -0.00333464494906, -0.00183152721729, 0.00326275709085, -0.00359773542732, 0.00297485804185, -0.00346047873609, 0.00218537589535, -0.00188554741908], [-3.09905481117e-05, -6.22527004452e-05, -0.000213799532503, 0.00167943735141, -0.00333464494906, 0.00935690011829, -0.00240860367194, -0.000425385398557, 0.000208851895877, -0.00224004662596, -0.00056001811754, 0.00190632045269, -0.00119709677529], [0.00019270813209, 0.000263758207439, 0.000246860901825, 0.000521208916325, -0.00183152721729, -0.00240860367194, 0.0120566757396, -0.00777685595676, 0.0031680339016, -0.00353983370587, 0.00298919761553, -0.00461237039417, 0.00382705149241], [-0.000117782321468, -6.3675637648e-05, 0.00109129375778, -0.00219304859638, 0.00326275709085, -0.000425385398557, -0.00777685595676, 0.0203768350184, -0.0130120925605, 0.00775635940954, -0.0061855642125, 0.00634912960231, -0.00779058877379], [-9.17398665479e-07, 0.00034898755257, -0.00153632636648, 0.00411012442783, -0.00359773542732, 0.000208851895877, 0.0031680339016, -0.0130120925605, 0.0263230819255, -0.0139387035742, 0.00920676440001, -0.00956470705569, 0.00401329807937], [-6.39180943836e-05, -0.00025394486147, 0.00255409884267, -0.0033484052401, 0.00297485804185, -0.00224004662596, -0.00353983370587, 0.00775635940954, -0.0139387035742, 0.0294045656919, -0.0189145635813, 0.0102686462924, -0.00582583248615], [-0.000127868741401, 0.000362727703759, -0.0023939285893, 0.00368798407726, -0.00346047873609, -0.00056001811754, 0.00298919761553, -0.0061855642125, 0.00920676440001, -0.0189145635813, 0.0347030796111, -0.0230909045786, 0.0103854397312], [6.37141347397e-05, -0.000255899474723, 0.00176924443804, -0.00294666714035, 0.00218537589535, 0.00190632045269, -0.00461237039417, 0.00634912960231, -0.00956470705569, 0.0102686462924, -0.0230909045786, 0.0398406274617, -0.0201955772936], [5.04613308294e-06, -6.31021830486e-05, -0.0011758825276, 0.00120217108633, -0.00188554741908, -0.00119709677529, 0.00382705149241, -0.00779058877379, 0.00401329807937, -0.00582583248615, 0.0103854397312, -0.0201955772936, 0.031262435019]], "cov": [[9121.04492188, 1012.74377441, -1765.54150391, -852.020141602, -689.170471191, -93.209815979, -127.136039734, 97.2509231567, 56.7790603638, 139.250167847, 12.2741298676, -11.7036552429, -31.3865280151], [1012.74377441, 1374.26428223, -282.298706055, -518.967468262, -231.143066406, 4.83857440948, -61.287109375, -5.04493713379, 21.5153579712, 10.5771303177, -0.543684542179, -12.518693924, -4.25909566879], [-1765.54150391, -282.298706055, 1318.96228027, 231.457778931, 231.256652832, 34.3652191162, -40.1605682373, -67.1250686646, -11.8715362549, -86.6467437744, 24.5036945343, -6.44905185699, 16.9486370087], [-852.020141602, -518.967468262, 231.457778931, 926.450805664, 283.98449707, -64.8953781128, 30.2988243103, -17.0291118622, -87.6207122803, -14.2311296463, -34.1172218323, 18.2401008606, 10.5735864639], [-689.170471191, -231.143066406, 231.256652832, 283.98449707, 267.069976807, 55.6274299622, 43.1840667725, -8.96695613861, -4.3983707428, -2.62584662437, 12.1280088425, 12.2533483505, 12.1016397476], [-93.209815979, 4.83857440948, 34.3652191162, -64.8953781128, 55.6274299622, 159.957183838, 50.9921875, 22.1367053986, 28.2509098053, 24.3234481812, 21.6985549927, 2.66127872467, 7.98412370682], [-127.136039734, -61.287109375, -40.1605682373, 30.2988243103, 43.1840667725, 50.9921875, 143.855194092, 62.6200256348, 25.2086849213, 21.9582538605, 12.5390167236, 17.1993312836, 7.5740070343], [97.2509231567, -5.04493713379, -67.1250686646, -17.0291118622, -8.96695613861, 22.1367053986, 62.6200256348, 110.603309631, 51.1012153625, 14.1232719421, 9.44163894653, 15.447177887, 21.221736908], [56.7790603638, 21.5153579712, -11.8715362549, -87.6207122803, -4.3983707428, 28.2509098053, 25.2086849213, 51.1012153625, 87.6958312988, 33.1190299988, 17.781211853, 17.5642108917, 13.7755155563], [139.250167847, 10.5771303177, -86.6467437744, -14.2311296463, -2.62584662437, 24.3234481812, 21.9582538605, 14.1232719421, 33.1190299988, 77.7844696045, 38.6798439026, 15.3895425797, 6.22736120224], [12.2741298676, -0.543684542179, 24.5036945343, -34.1172218323, 12.1280088425, 21.6985549927, 12.5390167236, 9.44163894653, 17.781211853, 38.6798439026, 74.290802002, 36.1162872314, 8.18782138824], [-11.7036552429, -12.518693924, -6.44905185699, 18.2401008606, 12.2533483505, 2.66127872467, 17.1993312836, 15.447177887, 17.5642108917, 15.3895425797, 36.1162872314, 61.9076843262, 30.2251701355], [-31.3865280151, -4.25909566879, 16.9486370087, 10.5735864639, 12.1016397476, 7.98412370682, 7.5740070343, 21.221736908, 13.7755155563, 6.22736120224, 8.18782138824, 30.2251701355, 53.8090744019]]}, "spectral_contrast_valleys": {"min": [-28.0716342926, -28.2268257141, -27.9439220428, -27.6609268188, -27.5428218842, -27.4421443939], "max": [-4.55604553223, -4.290766716, -4.8482375145, -5.37405157089, -5.56970024109, -8.51395606995], "dvar2": [0.395720601082, 0.58362776041, 0.624443531036, 0.536347985268, 0.625435113907, 1.33110940456], "median": [-6.51005220413, -6.76231813431, -7.27404642105, -7.76956176758, -8.1617603302, -11.3834266663], "dmean2": [0.776829004288, 0.83647364378, 0.824860155582, 0.753513932228, 0.875978410244, 1.41967403889], "dmean": [0.522001981735, 0.54314905405, 0.543078064919, 0.522911310196, 0.640008509159, 0.87299066782], "var": [2.84143733978, 3.17065572739, 3.39099550247, 2.97448754311, 2.74108076096, 2.3908560276], "dvar": [0.198290660977, 0.265056878328, 0.286639928818, 0.256283313036, 0.306932270527, 0.538457632065], "mean": [-6.67767715454, -7.00947141647, -7.52290248871, -8.02368545532, -8.34306526184, -11.4994306564]}, "barkbands_flatness_db": {"min": 0.0510959401727, "max": 0.621044754982, "dvar2": 0.00508607085794, "median": 0.207862585783, "dmean2": 0.077561467886, "dmean": 0.0496515966952, "var": 0.0056952717714, "dvar": 0.00204296084121, "mean": 0.219861000776}, "dynamic_complexity": 3.63980698586, "spectral_skewness": {"min": -0.0937901064754, "max": 10.7266130447, "dvar2": 0.982141017914, "median": 2.97512722015, "dmean2": 0.953497648239, "dmean": 0.60968285799, "var": 1.04148733616, "dvar": 0.403591275215, "mean": 3.19018793106}, "erbbands_flatness_db": {"min": 0.0236068442464, "max": 0.402495831251, "dvar2": 0.00233089993708, "median": 0.168186143041, "dmean2": 0.056574139744, "dmean": 0.0365004353225, "var": 0.00288758217357, "dvar": 0.000967199273873, "mean": 0.171365469694}, "hfc": {"min": 1.08751063024e-16, "max": 482.428192139, "dvar2": 570.331