{"lowlevel": {"spectral_complexity": {"min": 0, "max": 49, "dvar2": 9.58018016815, "median": 7, "dmean2": 2.70004105568, "dmean": 1.81633377075, "var": 69.2947692871, "dvar": 5.44672441483, "mean": 9.7093000412}, "silence_rate_20dB": {"min": 1, "max": 1, "dvar2": 0, "median": 1, "dmean2": 0, "dmean": 0, "var": 0, "dvar": 0, "mean": 1}, "average_loudness": 0.0139466933906, "erbbands_spread": {"min": 0.968382537365, "max": 123.028289795, "dvar2": 39.9870986938, "median": 21.2401885986, "dmean2": 6.63766765594, "dmean": 4.39778757095, "var": 66.8138809204, "dvar": 17.0563240051, "mean": 21.9367160797}, "spectral_kurtosis": {"min": 1.25591611862, "max": 89.295425415, "dvar2": 89.3709182739, "median": 9.96973133087, "dmean2": 9.50226974487, "dmean": 5.41295957565, "var": 64.3849639893, "dvar": 30.2842597961, "mean": 12.2991170883}, "barkbands_kurtosis": {"min": -1.68838405609, "max": 1860.65856934, "dvar2": 1348.6673584, "median": 0.833870649338, "dmean2": 4.74017333984, "dmean": 3.05655121803, "var": 2273.08642578, "dvar": 576.68762207, "mean": 6.3387928009}, "spectral_strongpeak": {"min": 0, "max": 18.95835495, "dvar2": 1.95682764053, "median": 0.527199983597, "dmean2": 0.741512000561, "dmean": 0.47731089592, "var": 1.84518587589, "dvar": 0.864900231361, "mean": 0.974474668503}, "spectral_spread": {"min": 834353.1875, "max": 12042030, "dvar2": 116754948096, "median": 2264709.5, "dmean2": 360288.46875, "dmean": 227270.84375, "var": 622386348032, "dvar": 50222821376, "mean": 2362640.75}, "spectral_rms": {"min": 3.11429976136e-05, "max": 0.0181892570108, "dvar2": 4.40909786903e-07, "median": 0.00155466119759, "dmean2": 0.000492263119668, "dmean": 0.000395739480155, "var": 4.73394675282e-06, "dvar": 3.20727281178e-07, "mean": 0.00240483484231}, "erbbands": {"min": [2.32041861636e-06, 4.39916630057e-06, 6.55416715745e-06, 7.37365644454e-06, 6.049606327e-06, 1.262034516e-06, 2.11901738112e-06, 1.49649360992e-06, 8.26721475278e-07, 1.46521665556e-06, 1.37833615099e-06, 2.5960257517e-06, 1.64843231687e-06, 9.45018712173e-07, 8.26761265671e-07, 1.0292388879e-06, 1.019661795e-06, 1.06009235878e-06, 1.0844952385e-06, 1.03679587937e-06, 1.72418992861e-06, 1.46352329011e-06, 1.23619872738e-06, 1.12936538699e-06, 7.69442863202e-07, 9.70848986981e-07, 6.17867101482e-07, 1.30633168283e-06, 1.30085220462e-06, 1.47593584643e-06, 1.57677413881e-06, 1.56264104589e-06, 1.2112254808e-06, 9.39508652209e-07, 7.98720066086e-07, 7.42055703995e-07, 6.57835528273e-07, 7.62545482758e-07, 1.77920114197e-07, 2.58444288193e-08], "max": [0.10120704025, 4.22805023193, 11.1879415512, 66.3274459839, 188.911743164, 208.263824463, 422.191375732, 834.622192383, 2140.68237305, 711.453674316, 1261.83508301, 1057.4654541, 3420.48876953, 5364.94287109, 1946.21899414, 4118.18896484, 1631.09069824, 912.243713379, 5301.63476562, 3245.99389648, 1995.62670898, 1525.07006836, 919.884521484, 1002.19140625, 1475.06616211, 342.813995361, 182.65675354, 188.456604004, 75.6467208862, 69.1663665771, 94.2201461792, 28.2651386261, 7.38597202301, 2.53690814972, 1.70531082153, 0.703127264977, 0.340694576502, 0.0890824645758, 0.0163593944162, 0.000977630377747], "dvar2": [3.86063584301e-06, 0.00289684836753, 0.0627273842692, 5.35285997391, 37.7683296204, 48.33045578, 219.777374268, 770.259399414, 5942.63574219, 983.65838623, 888.861755371, 1467.93798828, 7557.81005859, 22223.3671875, 6283.74951172, 4073.39428711, 1810.04675293, 1308.09216309, 9285.79199219, 11593.4804688, 2523.41967773, 2722.31005859, 959.28692627, 1466.04333496, 1080.68371582, 180.343902588, 19.2396945953, 11.2270975113, 9.86108970642, 3.96299767494, 1.74069440365, 0.26513800025, 0.0544965863228, 0.00888414867222, 0.0023567264434, 0.000491403508931, 0.000126964994706, 1.0293181731e-05, 1.78862507028e-07, 1.34617805791e-09], "median": [0.000365331885405, 0.00109826121479, 0.00631937477738, 0.0472733862698, 0.235016748309, 0.512788593769, 0.883494675159, 1.74322807789, 3.2296397686, 2.49380230904, 2.32360672951, 2.20201969147, 3.68327307701, 5.0661034584, 3.00736474991, 2.07276415825, 1.62399590015, 1.6287548542, 2.49594569206, 2.8125398159, 1.81156742573, 1.46113228798, 1.05930626392, 1.04958117008, 0.603533685207, 0.315661996603, 0.0929899290204, 0.0375463142991, 0.0281188506633, 0.0152289066464, 0.00651535252109, 0.00308097572997, 0.00140242837369, 0.000615887984168, 0.000277226645267, 0.000134228175739, 5.11098915013e-05, 1.58211241796e-05, 4.22186030846e-06, 3.30499415213e-06], "dmean2": [0.000869462150149, 0.0145528921857, 0.0809366032481, 0.653079390526, 2.02955365181, 2.49106311798, 4.58114528656, 8.09906196594, 22.045091629, 10.4326190948, 9.44611549377, 11.5786581039, 21.1972045898, 39.5984039307, 20.335308075, 12.6766633987, 10.9192123413, 9.50601291656, 19.7681770325, 24.1341667175, 11.9922523499, 12.3096933365, 8.01426410675, 9.4968624115, 7.30932664871, 3.73823571205, 1.14215862751, 0.681440234184, 0.694123625755, 0.424101382494, 0.186258479953, 0.0961243733764, 0.0473046861589, 0.0191106665879, 0.00929228682071, 0.00500641390681, 0.00213246396743, 0.000626068678685, 8.99589867913e-05, 9.51590573095e-06], "dmean": [0.0005858487566, 0.0121378991753, 0.0607308782637, 0.450750499964, 1.37347126007, 1.8445533514, 3.23031377792, 5.71078681946, 15.9085216522, 7.38109302521, 6.72781562805, 8.04103755951, 14.6901626587, 28.2818965912, 14.1934251785, 8.90020847321, 7.54142713547, 6.43091154099, 13.6619844437, 16.1618328094, 8.42117881775, 8.2506608963, 5.52524375916, 6.42624425888, 5.06609296799, 2.6108250618, 0.80551558733, 0.472883790731, 0.464629381895, 0.290475666523, 0.127716481686, 0.0662620142102, 0.0321938954294, 0.0128965051845, 0.00628511747345, 0.00341885397211, 0.00144398910925, 0.000412176828831, 6.1038939748e-05, 7.36659467293e-06], "var": [2.88021346933e-05, 0.0459220074117, 0.323343843222, 12.1675930023, 65.2678604126, 119.924316406, 287.440002441, 1049.80371094, 9175.36035156, 1310.1048584, 1158.83740234, 1888.28320312, 9352.03710938, 35505.5390625, 7177.46630859, 4202.20605469, 1900.40466309, 1104.24731445, 8706.99414062, 8992.10058594, 2974.66186523, 2278.69384766, 1012.00952148, 1406.20935059, 1439.62219238, 223.971450806, 28.052652359, 11.1501426697, 7.98213529587, 3.62602186203, 1.57653260231, 0.298922240734, 0.0446290671825, 0.00633675977588, 0.00149913621135, 0.000444232660811, 9.93617868517e-05, 6.68359234623e-06, 1.63491321814e-07, 2.40303599242e-09], "dvar": [2.12871509575e-06, 0.00238529313356, 0.0341653637588, 2.46249961853, 17.5142612457, 26.4246025085, 109.887519836, 400.317504883, 3358.63061523, 483.449707031, 445.438171387, 717.024108887, 3909.62060547, 12612.6523438, 3086.18945312, 2100.43603516, 900.284423828, 578.487609863, 4656.68017578, 5114.84179688, 1296.93273926, 1236.9954834, 483.187072754, 655.470153809, 567.924987793, 87.8960113525, 10.0929946899, 5.66169786453, 4.34687328339, 1.84697854519, 0.920805633068, 0.138609185815, 0.0243564974517, 0.00383862177841, 0.000978789990768, 0.000232446502196, 5.66809248994e-05, 4.20019659941e-06, 8.17951502086e-08, 6.80407508113e-10], "mean": [0.00149419391528, 0.0425942987204, 0.170560851693, 1.07101166248, 2.80492997169, 4.13185930252, 6.23478317261, 11.0405015945, 28.1150379181, 14.1492071152, 13.0056438446, 14.6022901535, 25.3541164398, 49.6137046814, 24.5018405914, 14.7288427353, 12.6675596237, 10.6966409683, 22.1160144806, 26.0242099762, 14.4845905304, 13.2482118607, 9.15403652191, 11.0376710892, 8.60349082947, 4.42045497894, 1.42401397228, 0.775473833084, 0.704087972641, 0.453814923763, 0.198284551501, 0.100927695632, 0.0497713461518, 0.0199579894543, 0.00966343935579, 0.00530303968117, 0.00217530271038, 0.000622140592895, 0.000102571917523, 1.96595065063e-05]}, "zerocrossingrate": {"min": 0.0009765625, "max": 0.138671875, "dvar2": 3.67677603208e-05, "median": 0.04541015625, "dmean2": 0.00666927499697, "dmean": 0.00578604685143, "var": 0.000334551936248, "dvar": 2.98367376672e-05, "mean": 0.0469675436616}, "spectral_contrast_coeffs": {"min": [-0.946577489376, -0.945723116398, -0.967004597187, -0.985317289829, -0.97821366787, -0.916727125645], "max": [-0.243781015277, -0.25351703167, -0.33621057868, -0.450851529837, -0.505582630634, -0.582347095013], "dvar2": [0.00293234805577, 0.00299106468447, 0.00231741275638, 0.0015404248843, 0.00102777255233, 0.000444181903731], "median": [-0.613225698471, -0.70468556881, -0.718244075775, -0.741200327873, -0.739633321762, -0.754678487778], "dmean2": [0.067996352911, 0.0674587339163, 0.0599048696458, 0.0490957833827, 0.038254134357, 0.024565378204], "dmean": [0.0421513319016, 0.0432302504778, 0.039148312062, 0.0322329849005, 0.0262171030045, 0.0163393691182], "var": [0.0176825150847, 0.00801632739604, 0.00599858863279, 0.00461604585871, 0.00363265210763, 0.00221873051487], "dvar": [0.00113168358803, 0.00124346534722, 0.00102349708322, 0.000714286172297, 0.000507052405737, 0.000206858065212], "mean": [-0.624622702599, -0.69523447752, -0.713288426399, -0.737082481384, -0.736872673035, -0.752969384193]}, "dissonance": {"min": 0.199622869492, "max": 0.499944031239, "dvar2": 0.00143354432657, "median": 0.444031238556, "dmean2": 0.043742351234, "dmean": 0.0265829768032, "var": 0.00163398263976, "dvar": 0.000535565195605, "mean": 0.436231017113}, "spectral_energyband_high": {"min": 2.33275754269e-09, "max": 0.00727359438315, "dvar2": 5.26597787598e-08, "median": 5.40619339517e-06, "dmean2": 6.43495368422e-05, "dmean": 4.78351466882e-05, "var": 9.75400027414e-08, "dvar": 3.01759683907e-08, "mean": 9.30098321987e-05}, "gfcc": {"mean": [-154.430603027, 125.096160889, -166.348999023, -7.14715671539, -52.4561347961, -21.2599468231, -31.2386207581, -0.51170116663, -16.1001262665, -4.29699611664, -8.02262687683, 1.52721345425, -3.17981219292], "icov": [[0.00017972337082, -7.718426059e-05, 0.000251908029895, -0.000279820756987, 0.000602433749009, -0.000211836435483, 0.000360987411113, -3.80195415346e-05, 0.000396875897422, -7.66371958889e-05, 0.0003706116986, -0.000169858336449, 0.000367403001292], [-7.718426059e-05, 0.00237976456992, -0.00083074264694, 0.0011368712876, -0.0025275091175, 0.00300706923008, -0.00172321323771, 0.00222106999718, -0.00159472855739, 0.00251704943366, -0.00209652096964, 0.00232702144422, -0.000437905138824], [0.000251908029895, -0.00083074264694, 0.00212749489583, -0.00129523559008, 6.96388160577e-05, -0.00110415101517, 0.00110862450674, -0.000353629002348, 0.00137463386636, -0.00105751096271, 0.00129044288769, -0.00118573370855, 0.00117564748507], [-0.000279820756987, 0.0011368712876, -0.00129523559008, 0.00675098691136, -0.00292662973516, -0.0003503660555, -0.00118928297888, 0.000704175618012, 0.000107183819637, 0.00112499063835, -0.00010910043784, 0.000812835467514, 0.00139045505784], [0.000602433749009, -0.0025275091175, 6.96388160577e-05, -0.00292662973516, 0.0112298233435, -0.00499783316627, 0.00127457571216, -0.00138023192994, 0.00114799372386, -0.00144195242319, 0.00215051323175, -0.000453073531389, 0.000169278486283], [-0.000211836435483, 0.00300706923008, -0.00110415101517, -0.0003503660555, -0.00499783316627, 0.013164835982, -0.00538451969624, 0.000176935442141, -0.00059233547654, 0.000382411322789, 0.000757081550546, 0.000327951041982, -0.000137702038046], [0.000360987411113, -0.00172321323771, 0.00110862450674, -0.00118928297888, 0.00127457571216, -0.00538451969624, 0.0118587780744, -0.00606973189861, 0.000642022874672, 0.000295899197226, 0.000170143408468, -0.000438697839854, -0.000645073771011], [-3.80195415346e-05, 0.00222106999718, -0.000353629002348, 0.000704175618012, -0.00138023192994, 0.000176935442141, -0.00606973189861, 0.0149800349027, -0.00583353731781, 0.000986954779364, -0.00149754120503, 0.000599654915277, 0.00031329592457], [0.000396875897422, -0.00159472855739, 0.00137463386636, 0.000107183819637, 0.00114799372386, -0.00059233547654, 0.000642022874672, -0.00583353731781, 0.0134730730206, -0.00700583448634, 0.000934522715397, -0.00109398213681, 0.000889516086318], [-7.66371958889e-05, 0.00251704943366, -0.00105751096271, 0.00112499063835, -0.00144195242319, 0.000382411322789, 0.000295899197226, 0.000986954779364, -0.00700583448634, 0.0169132594019, -0.00928433518857, 0.00280851591378, 0.000124240730656], [0.0003706116986, -0.00209652096964, 0.00129044288769, -0.00010910043784, 0.00215051323175, 0.000757081550546, 0.000170143408468, -0.00149754120503, 0.000934522715397, -0.00928433518857, 0.017989680171, -0.00917961634696, 0.00200370699167], [-0.000169858336449, 0.00232702144422, -0.00118573370855, 0.000812835467514, -0.000453073531389, 0.000327951041982, -0.000438697839854, 0.000599654915277, -0.00109398213681, 0.00280851591378, -0.00917961634696, 0.0170487556607, -0.00771167129278], [0.000367403001292, -0.000437905138824, 0.00117564748507, 0.00139045505784, 0.000169278486283, -0.000137702038046, -0.000645073771011, 0.00031329592457, 0.000889516086318, 0.000124240730656, 0.00200370699167, -0.00771167129278, 0.0138293271884]], "cov": [[14037.90625, -1087.74926758, -1065.60693359, 291.322631836, -866.840698242, -190.044631958, -668.3515625, -485.704406738, -741.090820312, -449.448852539, -540.095214844, -249.316101074, -366.611541748], [-1087.74926758, 1759.20532227, 517.956787109, -39.6138191223, 277.360443115, -277.063690186, -50.8708114624, -253.905105591, -78.6746520996, -218.946228027, -71.5916061401, -231.997070312, -70.189201355], [-1065.60693359, 517.956787109, 1102.94177246, 277.259155273, 286.700653076, 76.8338623047, -13.7699728012, -100.791389465, -141.197341919, -120.549781799, -150.223449707, -132.971191406, -120.249740601], [291.322631836, -39.6138191223, 277.259155273, 320.178283691, 117.561004639, 101.63961792, 13.65762043, -24.3057823181, -92.6406707764, -74.8210830688, -113.32321167, -78.1711654663, -84.5358963013], [-866.840698242, 277.360443115, 286.700653076, 117.561004639, 258.18762207, 75.6352081299, 56.2682876587, -1.22759699821, -13.638794899, -39.4608764648, -51.7416534424, -60.7382621765, -29.276714325], [-190.044631958, -277.063690186, 76.8338623047, 101.63961792, 75.6352081299, 214.850387573, 99.7766723633, 82.9688644409, 12.9701080322, 21.6249256134, -27.1120071411, 14.0065221786, -5.77712011337], [-668.3515625, -50.8708114624, -13.7699728012, 13.65762043, 56.2682876587, 99.7766723633, 195.726699829, 116.018882751, 73.9543228149, 39.2271728516, 33.563243866, 28.5406837463, 28.6918334961], [-485.704406738, -253.905105591, -100.791389465, -24.3057823181, -1.22759699821, 82.9688644409, 116.018882751, 193.762985229, 124.288040161, 94.989440918, 70.9077682495, 64.7107772827, 34.702671051], [-741.090820312, -78.6746520996, -141.197341919, -92.6406707764, -13.638794899, 12.9701080322, 73.9543228149, 124.288040161, 221.20765686, 140.030059814, 117.938011169, 70.3527069092, 46.1019020081], [-449.448852539, -218.946228027, -120.549781799, -74.8210830688, -39.4608764648, 21.6249256134, 39.2271728516, 94.989440918, 140.030059814, 194.998077393, 135.372955322, 84.6256408691, 39.9719047546], [-540.095214844, -71.5916061401, -150.223449707, -113.32321167, -51.7416534424, -27.1120071411, 33.563243866, 70.9077682495, 117.938011169, 135.372955322, 198.20892334, 118.246803284, 64.986907959], [-249.316101074, -231.997070312, -132.971191406, -78.1711654663, -60.7382621765, 14.0065221786, 28.5406837463, 64.7107772827, 70.3527069092, 84.6256408691, 118.246803284, 176.087127686, 94.9630737305], [-366.611541748, -70.189201355, -120.249740601, -84.5358963013, -29.276714325, -5.77712011337, 28.6918334961, 34.702671051, 46.1019020081, 39.9719047546, 64.986907959, 94.9630737305, 139.616622925]]}, "spectral_flux": {"min": 0.000277874292806, "max": 0.307162970304, "dvar2": 0.00047214285587, "median": 0.0221533440053, "dmean2": 0.0158700104803, "dmean": 0.00995995756239, "var": 0.00133274903055, "dvar": 0.000197197965463, "mean": 0.0371062755585}, "silence_rate_30dB": {"min": 0, "max": 1, "dvar2": 0.0159006584436, "median": 1, "dmean2": 0.0141018861905, "dmean": 0.00705052865669, "var": 0.0100016966462, "dvar": 0.0070019220002, "mean": 0.989894807339}, "spectral_energyband_middle_high": {"min": 3.55816681674e-10, "max": 0.241662815213, "dvar2": 4.69764454465e-05, "median": 0.000760491588153, "dmean2": 0.00238797534257, "dmean": 0.00185490213335, "var": 0.000124387705, "dvar": 3.04291552311e-05, "mean": 0.00444087060168}, "barkbands_spread": {"min": 0.129505470395, "max": 52.5991287231, "dvar2": 19.6081962585, "median": 12.2493152618, "dmean2": 4.42115354538, "dmean": 2.98004245758, "var": 41.7366714478, "dvar": 8.86625862122, "mean": 12.9248390198}, "spectral_centroid": {"min": 85.5756835938, "max": 3262.84619141, "dvar2": 73702.8515625, "median": 1078.97900391, "dmean2": 267.6512146, "dmean": 187.513534546, "var": 260995.640625, "dvar": 39069.6015625, "mean": 1143.26879883}, "pitch_salience": {"min": 0.0160212814808, "max": 0.844333171844, "dvar2": 0.00682036299258, "median": 0.517371952534, "dmean2": 0.0983733460307, "dmean": 0.0628376305103, "var": 0.0135703356937, "dvar": 0.00287489336915, "mean": 0.513611018658}, "erbbands_skewness": {"min": -2.57785797119, "max": 8.63468647003, "dvar2": 0.264050483704, "median": 0.397640943527, "dmean2": 0.553912341595, "dmean": 0.375720947981, "var": 0.665792882442, "dvar": 0.123387657106, "mean": 0.489694416523}, "erbbands_crest": {"min": 2.2052667141, "max": 32.9818153381, "dvar2": 15.9395971298, "median": 10.170633316, "dmean2": 4.6090464592, "dmean": 2.9531378746, "var": 25.4302825928, "dvar": 7.06184482574, "mean": 11.3637170792}, "melbands": {"min": [2.16451958579e-08, 5.18336795707e-09, 5.84062687103e-10, 1.71405542537e-10, 5.67752546365e-11, 3.60743691863e-11, 1.14150772168e-11, 1.02042792618e-11, 1.14921579197e-11, 1.58342072093e-11, 8.45392592735e-12, 3.55955130822e-12, 2.62404095848e-12, 2.03332511418e-12, 2.32594651005e-12, 1.73014402284e-12, 1.80873783832e-12, 1.29434006915e-12, 1.3167035821e-12, 1.5027912725e-12, 1.46919921975e-12, 1.28594487489e-12, 1.09099567488e-12, 1.18379177988e-12, 8.7044190215e-13, 4.61912843044e-13, 6.90716364313e-13, 5.38636897671e-13, 3.26766147777e-13, 3.45649480175e-13, 6.26104745306e-13, 7.48033958994e-13, 6.22170012992e-13, 5.61525760785e-13, 8.2042082546e-13, 7.60218114588e-13, 8.90457900558e-13, 7.58774011504e-13, 8.33105611407e-13, 8.08127328077e-13], "max": [0.00250510079786, 0.00552412075922, 0.0126927942038, 0.0121781248599, 0.0111493924633, 0.0205461345613, 0.028075305745, 0.00822954904288, 0.0139055782929, 0.00731410924345, 0.0212158560753, 0.0261261276901, 0.00636851089075, 0.00718135992065, 0.00619870470837, 0.00615867972374, 0.00212286529131, 0.0095440549776, 0.00784529931843, 0.00172216561623, 0.00239506619982, 0.00168604159262, 0.000742468342651, 0.00060830579605, 0.00104776944499, 0.00139202014543, 0.000464929558802, 0.00023874217004, 0.000207616496482, 4.4842105126e-05, 0.000131804001285, 6.08672489761e-05, 6.94685659255e-05, 3.65596279153e-05, 4.80668823002e-05, 3.78194235964e-05, 9.83642348729e-06, 8.17597901914e-06, 4.85187683807e-06, 1.80158087915e-06], "dvar2": [1.10485287586e-09, 1.11945261949e-08, 2.58703039435e-07, 1.69113903326e-07, 1.76949754405e-07, 5.29603482846e-07, 1.07114647108e-06, 1.14809857621e-07, 7.961611459e-08, 5.75222820487e-08, 2.20999666567e-07, 4.11948121837e-07, 7.35473619784e-08, 3.43277477555e-08, 1.30215696004e-08, 2.36931256836e-08, 4.74581351995e-09, 2.2640637809e-08, 7.08823151285e-08, 4.40322756035e-09, 3.78579523286e-09, 4.01599464794e-09, 9.22622422905e-10, 5.44553069304e-10, 1.41487099814e-09, 9.65582946932e-10, 3.88468285317e-10, 8.21636786386e-11, 2.05172753787e-11, 3.84332409648e-12, 5.83511060651e-12, 5.50247347686e-12, 1.63166095218e-12, 1.19717690622e-12, 6.42889495979e-13, 3.81378630933e-13, 6.85724941456e-14, 5.28421368619e-14, 2.15272898384e-14, 5.02376892731e-15], "median": [3.22785149365e-06, 1.83768361239e-06, 1.23824083857e-05, 2.87892089545e-05, 3.1485735235e-05, 4.34992762166e-05, 4.80667949887e-05, 2.19005687541e-05, 1.80930892384e-05, 1.19497981359e-05, 1.72645304701e-05, 1.98614889086e-05, 1.01801424535e-05, 5.24406186742e-06, 3.78539357371e-06, 2.63511583398e-06, 2.5682031719e-06, 2.99652901958e-06, 4.25800317316e-06, 2.38711118072e-06, 1.651382604e-06, 1.46669322021e-06, 8.20699654014e-07, 7.57913312555e-07, 7.3876060469e-07, 3.73460352421e-07, 2.85912307163e-07, 1.52827283273e-07, 5.83338177762e-08, 2.31877983481e-08, 1.5554652677e-08, 1.56505706173e-08, 9.23702536682e-09, 6.73605260459e-09, 3.60356366969e-09, 2.06890282684e-09, 1.6178255402e-09, 1.00631525335e-09, 6.05801686593e-10, 4.33764607566e-10], "dmean2": [1.12655052362e-05, 3.30647417286e-05, 0.000155246059876, 0.000159094575793, 0.000141567652463, 0.000207917575608, 0.00030858660466, 0.000108787775389, 8.38747582748e-05, 7.14026537025e-05, 0.000113067988423, 0.000167539066751, 7.71869817981e-05, 4.19196876464e-05, 2.72862162092e-05, 2.98069135169e-05, 1.76620869752e-05, 2.62988342001e-05, 5.56959203095e-05, 1.83048396138e-05, 1.41237051139e-05, 1.52749635163e-05, 7.87282078818e-06, 6.56459087622e-06, 8.78201171872e-06, 6.13080101175e-06, 4.76318564324e-06, 2.31183389587e-06, 9.97536062641e-07, 5.01028637245e-07, 4.05146920457e-07, 4.74140989581e-07, 2.80663869034e-07, 2.24617579647e-07, 1.23352094761e-07, 8.39645437622e-08, 5.72677727462e-08, 4.3371439773e-08, 2.47287434973e-08, 1.51451580166e-08], "dmean": [8.68976349011e-06, 2.57631672866e-05, 0.000105548264401, 0.000113706701086, 0.000101108445961, 0.000146860038512, 0.000222764923819, 7.62792478781e-05, 5.90763556829e-05, 4.94301784784e-05, 7.86275995779e-05, 0.000119664538943, 5.34454193257e-05, 2.93746143143e-05, 1.88865287782e-05, 2.01606817427e-05, 1.16597429951e-05, 1.79622929863e-05, 3.67198699678e-05, 1.22960454974e-05, 9.78210937319e-06, 1.01140758488e-05, 5.28999635208e-06, 4.49926119472e-06, 5.86750320508e-06, 4.24490144724e-06, 3.24588722833e-06, 1.58837735853e-06, 6.87888132234e-07, 3.44441531297e-07, 2.72118825251e-07, 3.11862464741e-07, 1.94474736759e-07, 1.50635244722e-07, 8.17019838451e-08, 5.70254883314e-08, 3.85587277663e-08, 2.90253279189e-08, 1.63486344462e-08, 9.83871206728e-09], "var": [1.61346171978e-08, 9.32202581794e-08, 5.07595871113e-07, 3.84250796515e-07, 2.86640783997e-07, 7.1457930062e-07, 1.66490872289e-06, 1.55909091859e-07, 9.52808179022e-08, 7.4298320385e-08, 2.95262992722e-07, 6.65426625801e-07, 9.28001782086e-08, 3.53203652992e-08, 1.38993412335e-08, 1.85397315278e-08, 3.5706599899e-09, 2.02531929006e-08, 5.36556328257e-08, 3.878178223e-09, 4.1857233235e-09, 3.21230930744e-09, 8.24073975725e-10, 5.92427940038e-10, 1.26483545859e-09, 1.25515886573e-09, 3.62844365664e-10, 9.18543574535e-11, 2.78035788837e-11, 3.97090086507e-12, 4.95871356129e-12, 3.570557695e-12, 1.75037241645e-12, 9.16249281308e-13, 5.33703344106e-13, 3.65570881943e-13, 7.08310973351e-14, 3.71079001674e-14, 1.25140901737e-14, 3.21741843949e-15], "dvar": [8.48883741078e-10, 7.04600244816e-09, 1.1528561572e-07, 8.72613128422e-08, 9.0627494842e-08, 2.78653914165e-07, 6.03602245519e-07, 5.82596229037e-08, 3.87231864352e-08, 2.84676229256e-08, 1.19912357377e-07, 2.37343613207e-07, 3.73242627916e-08, 1.74479417581e-08, 6.64492816327e-09, 1.13586553496e-08, 1.97041161165e-09, 1.15873071138e-08, 3.12235037825e-08, 1.95616833842e-09, 1.9403505469e-09, 1.77214509733e-09, 4.50086495851e-10, 2.72571243354e-10, 6.25905438589e-10, 5.31613753019e-10, 1.784109388e-10, 3.99647051563e-11, 1.0669601487e-11, 1.88595319917e-12, 2.80965138308e-12, 2.27607733008e-12, 8.59630780187e-13, 5.37129368761e-13, 3.19167625272e-13, 2.08553470717e-13, 3.3514064733e-14, 2.29029831531e-14, 8.93695145286e-15, 2.1441861907e-15], "mean": [2.76235005003e-05, 7.81941707828e-05, 0.00023853489256, 0.000250833283644, 0.000209138190257, 0.000277495331829, 0.000398242322262, 0.000141422264278, 0.000109448075818, 8.7412627181e-05, 0.000131083856104, 0.000207608900382, 9.07669527805e-05, 4.65857629024e-05, 3.06676847686e-05, 2.92587192234e-05, 1.81972627615e-05, 2.77606359305e-05, 5.5064818298e-05, 2.0027591745e-05, 1.56381447596e-05, 1.54016452143e-05, 8.08908953331e-06, 7.130463473e-06, 9.4630595413e-06, 6.71088537274e-06, 4.98317422171e-06, 2.48621336141e-06, 1.09571681151e-06, 5.18747128808e-07, 3.94410903937e-07, 4.33748709838e-07, 2.89465759806e-07, 2.17076504327e-07, 1.15680784063e-07, 7.89607526031e-08, 5.48733680716e-08, 4.10489811031e-08, 2.22849418918e-08, 1.4071578569e-08]}, "spectral_entropy": {"min": 4.27811002731, "max": 8.04029941559, "dvar2": 0.0503148362041, "median": 6.82234144211, "dmean2": 0.24127009511, "dmean": 0.171066656709, "var": 0.15876956284, "dvar": 0.0261521022767, "mean": 6.78395318985}, "spectral_rolloff": {"min": 21.533203125, "max": 4263.57421875, "dvar2": 279313.875, "median": 1184.32617188, "dmean2": 471.951629639, "dmean": 285.733093262, "var": 469735.375, "dvar": 139214.375, "mean": 1342.37438965}, "barkbands": {"min": [4.46476633442e-09, 4.91909304401e-08, 7.29040161573e-10, 4.05654398961e-10, 4.26282925625e-10, 2.47763726202e-10, 5.97368196575e-11, 3.59743901335e-11, 9.17008760593e-11, 1.55842370259e-11, 1.70514852238e-11, 2.14321789482e-11, 1.82116943054e-11, 2.5892824343e-11, 1.89652963473e-11, 3.26743250512e-11, 2.1897823832e-11, 2.39539672819e-11, 1.3409301447e-11, 1.82702568352e-11, 3.06893191415e-11, 3.54282922443e-11, 4.98732027898e-11, 7.25795187839e-11, 1.04107215904e-10, 2.59442994865e-10, 1.10655362651e-09], "max": [0.000176492787432, 0.0149491326883, 0.00904158875346, 0.0336772799492, 0.0575183331966, 0.0909651517868, 0.12043017894, 0.0418288111687, 0.0641498491168, 0.211963474751, 0.0756442770362, 0.0805378258228, 0.0486977808177, 0.0204705707729, 0.0777422264218, 0.0311446003616, 0.0216686222702, 0.0127417659387, 0.021416882053, 0.00743019813672, 0.00304952054285, 0.00205609248951, 0.00221578474157, 0.00102154642809, 0.000215451276745, 0.000187701894902, 8.75473706401e-05], "dvar2": [2.35367392243e-10, 3.46452360134e-08, 7.29431377522e-08, 1.90306798231e-06, 3.06185233967e-06, 9.81222729024e-06, 1.79034814209e-05, 2.17404340219e-06, 2.68704229711e-06, 1.95320808416e-05, 7.66502580518e-06, 2.61883906205e-06, 1.65003189068e-06, 4.51818692682e-07, 7.59803788242e-06, 8.08256686469e-07, 7.78489607001e-07, 2.56060218362e-07, 5.46029241377e-07, 1.16682315365e-07, 4.79251660579e-09, 5.18734921684e-09, 1.5032044498e-09, 3.85256604396e-10, 5.23776369499e-11, 2.64424506596e-11, 7.25632921805e-12], "median": [5.54634880245e-06, 6.95680091667e-06, 3.65576306649e-06, 1.47912196553e-05, 0.000151413041749, 0.000191892861039, 0.000219082794501, 8.25317983981e-05, 8.41399742058e-05, 0.000132423083414, 8.54344980326e-05, 4.53229622508e-05, 3.09141396428e-05, 2.69593074336e-05, 5.17391999892e-05, 2.53104117292e-05, 2.5101695428e-05, 1.51079229909e-05, 1.65049659699e-05, 6.7780711106e-06, 1.0991856243e-06, 7.37678476526e-07, 2.48835988259e-07, 1.09797049674e-07, 4.59640752126e-08, 2.86562542584e-08, 1.72600618242e-08], "dmean2": [1.29043237393e-05, 5.26856347278e-05, 8.5814826889e-05, 0.000378488592105, 0.000693777867127, 0.000948330038227, 0.00131477147806, 0.000464205513708, 0.000494727108162, 0.00109897262882, 0.000751418352593, 0.000360618141713, 0.000283349654637, 0.000179476366611, 0.000619570084382, 0.000221296722884, 0.000231699625147, 0.000138410439831, 0.000188676407561, 9.26505672396e-05, 1.76692974492e-05, 1.734232319e-05, 7.30334704713e-06, 3.77695187126e-06, 1.44669502333e-06, 1.08884876227e-06, 5.66140215597e-07], "dmean": [7.87466615293e-06, 4.34204375779e-05, 6.07720285188e-05, 0.000257034786046, 0.0004997762735, 0.000670722685754, 0.000939378805924, 0.000330486538587, 0.000341730716173, 0.000771696330048, 0.000523286231328, 0.000250143260928, 0.000192128529307, 0.000116817878734, 0.000414926704252, 0.000151584667037, 0.00015445156896, 9.45266947383e-05, 0.000128898376715, 6.43068487989e-05, 1.21771781778e-05, 1.17764420793e-05, 4.90778666062e-06, 2.60276465269e-06, 9.87241037365e-07, 7.50428341689e-07, 3.82793928111e-07], "var": [1.371165681e-10, 5.67067957036e-07, 2.0960180791e-07, 3.56502732757e-06, 7.9816327343e-06, 1.37811139211e-05, 2.77022354567e-05, 3.11039912049e-06, 3.30257466885e-06, 3.11811090796e-05, 1.00461365946e-05, 2.65922858489e-06, 1.34353319936e-06, 3.70148910633e-07, 6.30644672128e-06, 8.40142433844e-07, 6.99801660176e-07, 2.53293023889e-07, 6.31408170193e-07, 1.32091045657e-07, 5.10930364683e-09, 5.03150410225e-09, 1.30593613701e-09, 4.10589506838e-10, 3.74240326229e-11, 2.45505941965e-11, 6.2791035392e-12], "dvar": [9.40648045566e-11, 2.89564958678e-08, 3.58013991786e-08, 8.25646395697e-07, 1.63181346124e-06, 5.1759584494e-06, 9.90594890027e-06, 1.16056821753e-06, 1.30796468056e-06, 1.14656631922e-05, 4.03326930609e-06, 1.37304289183e-06, 7.90043429788e-07, 1.89865630773e-07, 3.47146715285e-06, 3.92582364839e-07, 3.52102318857e-07, 1.24699397475e-07, 2.73465246892e-07, 5.53881953635e-08, 2.37544273141e-09, 2.43895947882e-09, 7.45366213195e-10, 1.97803246005e-10, 2.24859228459e-11, 1.22924890752e-11, 3.16383551302e-12], "mean": [9.282611245e-06, 0.000148921404616, 0.000145652171341, 0.000562615517993, 0.00113049533684, 0.00127317034639, 0.00168811867479, 0.000597857113462, 0.000602225656621, 0.00128585821949, 0.000846503477078, 0.000382281432394, 0.000291541335173, 0.000186611810932, 0.000631123839412, 0.000239360437263, 0.000243247268372, 0.000147164813825, 0.000210934886127, 0.000104292783362, 1.96656455955e-05, 1.85161079571e-05, 7.35381718187e-06, 3.92951096728e-06, 1.56185228661e-06, 1.19693970646e-06, 6.28598797903e-07]}, "melbands_flatness_db": {"min": 0.0804439336061, "max": 0.729831278324, "dvar2": 0.000922716746572, "median": 0.240445390344, "dmean2": 0.0323921889067, "dmean": 0.023459084332, "var": 0.00543483253568, "dvar": 0.000508431228809, "mean": 0.250721484423}, "melbands_skewness": {"min": -1.97344005108, "max": 91.0361175537, "dvar2": 5.08060026169, "median": 1.37666904926, "dmean2": 0.859219431877, "dmean": 0.56108379364, "var": 6.58829259872, "dvar": 1.98433089256, "mean": 1.69636023045}, "barkbands_skewness": {"min": -2.5530436039, "max": 28.3411712646, "dvar2": 0.71942538023, "median": 0.892566978931, "dmean2": 0.671307981014, "dmean": 0.448078781366, "var": 2.36474967003, "dvar": 0.317789793015, "mean": 1.11160039902}, "silence_rate_60dB": {"min": 0, "max": 1, "dvar2": 0.0944340899587, "median": 1, "dmean2": 0.0916622579098, "dmean": 0.04582843557, "var": 0.247019827366, "dvar": 0.0437212400138, "mean": 0.554080247879}, "spectral_energyband_low": {"min": 2.07140246289e-07, "max": 0.0251836422831, "dvar2": 5.94939251641e-07, "median": 3.17821832141e-05, "dmean2": 0.0002504728036, "dmean": 0.000183706099051, "var": 2.70239388556e-06, "dvar": 3.13169579158e-07, "mean": 0.000540528213605}, "spectral_energyband_middle_low": {"min": 4.89410689752e-09, "max": 0.196722105145, "dvar2": 4.95781023346e-05, "median": 0.00142273900565, "dmean2": 0.00284210406244, "dmean": 0.00215088902041, "var": 0.000148409919348, "dvar": 2.87733037112e-05, "mean": 0.0061090355739}, "melbands_kurtosis": {"min": -1.72654342651, "max": 16510.75, "dvar2": 117286.585938, "median": 2.60941171646, "dmean2": 24.571723938, "dmean": 14.9259872437, "var": 78147.8671875, "dvar": 46992.5390625, "mean": 22.5680103302}, "spectral_decrease": {"min": -8.27285902005e-08, "max": -2.60786157209e-13, "dvar2": 6.12185080335e-18, "median": -6.06516836754e-10, "dmean2": 1.05031139341e-09, "dmean": 8.37627522898e-10, "var": 2.67779904067e-17, "dvar": 4.24315530099e-18, "mean": -2.62768962145e-09}, "erbbands_kurtosis": {"min": -1.80051159859, "max": 101.317070007, "dvar2": 8.72695922852, "median": -0.195624113083, "dmean2": 1.56632304192, "dmean": 1.01806735992, "var": 10.2562532425, "dvar": 3.84935331345, "mean": 0.565667510033}, "melbands_crest": {"min": 3.77382874489, "max": 39.8615570068, "dvar2": 18.3049964905, "median": 12.0850524902, "dmean2": 4.68890953064, "dmean": 2.99420833588, "var": 35.2707214355, "dvar": 7.55519390106, "mean": 13.5359163284}, "melbands_spread": {"min": 0.0177015699446, "max": 89.7226867676, "dvar2": 52.9397735596, "median": 17.4337520599, "dmean2": 6.96611213684, "dmean": 4.73615074158, "var": 115.367012024, "dvar": 24.717792511, "mean": 18.9936676025}, "spectral_energy": {"min": 9.94133529275e-07, "max": 0.339120268822, "dvar2": 0.00010249656043, "median": 0.00247739581391, "dmean2": 0.00428968155757, "dmean": 0.0034344419837, "var": 0.000453625689261, "dvar": 7.17574148439e-05, "mean": 0.0107801314443}, "mfcc": {"mean": [-783.762023926, 156.817016602, -47.9404945374, 4.91888856888, -10.4742670059, -17.8569908142, -10.4447116852, -3.0782930851, -6.34803819656, -0.741312026978, -6.22128534317, -7.73120164871, 4.12710666656], "icov": [[0.000226534597459, -7.47819067328e-05, 0.000280258624116, -0.000497532717418, 0.000558138883207, -0.000493837695103, 0.000471171253594, -0.000201334434678, 0.000457924703369, -0.000108915068267, 0.000400763354264, -2.84539578388e-06, 0.000185749609955], [-7.47819067328e-05, 0.00124134786893, -0.000343133433489, -0.000106911706098, -0.000859974185005, 0.00146748730913, -0.000472010637168, 0.001092991326, -0.000242097856244, 0.000710595806595, 2.7297404813e-05, 0.000326078472426, 9.00920495042e-05], [0.000280258624116, -0.000343133433489, 0.00275040976703, -0.000821428897325, -0.00130843510851, -0.00130637246184, 0.000355698372005, -0.000402979669161, 0.000531073834281, 0.000204929441679, 0.000553509977181, -0.000504340976477, 0.000598534592427], [-0.000497532717418, -0.000106911706098, -0.000821428897325, 0.00616716500372, -0.00185946153942, -0.00103837088682, -0.00118660426233, 0.000148801904288, -5.98054612055e-05, 0.000172457846929, -0.000168139726156, 0.000137161987368, 0.000289977149805], [0.000558138883207, -0.000859974185005, -0.00130843510851, -0.00185946153942, 0.00877006351948, -0.00275097717531, -3.42416910826e-06, -0.0001006004386, 0.000551766250283, -0.000660200952552, 0.000364942708984, -5.78557337576e-05, 0.00104155903682], [-0.000493837695103, 0.00146748730913, -0.00130637246184, -0.00103837088682, -0.00275097717531, 0.0111187426373, -0.00369511335157, 0.000651735579595, -0.00170282018371, 0.0012440365972, -0.0010280716233, 0.00102515053004, 0.000176013592863], [0.000471171253594, -0.000472010637168, 0.000355698372005, -0.00118660426233, -3.42416910826e-06, -0.00369511335157, 0.0111256428063, -0.00428665149957, 0.000550871831365, -0.00181973376311, 0.00188731669914, -0.000743614917155, 0.000293472083285], [-0.000201334434678, 0.001092991326, -0.000402979669161, 0.000148801904288, -0.0001006004386, 0.000651735579595, -0.00428665149957, 0.0119868097827, -0.00563802476972, 0.00187520240434, -0.00130656431429, 0.0015412340872, -0.00057322520297], [0.000457924703369, -0.000242097856244, 0.000531073834281, -5.98054612055e-05, 0.000551766250283, -0.00170282018371, 0.000550871831365, -0.00563802476972, 0.0134040974081, -0.00538362609223, 0.00205814931542, -0.00177149276715, 0.000553412362933], [-0.000108915068267, 0.000710595806595, 0.000204929441679, 0.000172457846929, -0.000660200952552, 0.0012440365972, -0.00181973376311, 0.00187520240434, -0.00538362609223, 0.01243654266, -0.00560733675957, 0.00245073158294, -0.000828228308819], [0.000400763354264, 2.7297404813e-05, 0.000553509977181, -0.000168139726156, 0.000364942708984, -0.0010280716233, 0.00188731669914, -0.00130656431429, 0.00205814931542, -0.00560733675957, 0.0116646494716, -0.00581839494407, 0.0019928808324], [-2.84539578388e-06, 0.000326078472426, -0.000504340976477, 0.000137161987368, -5.78557337576e-05, 0.00102515053004, -0.000743614917155, 0.0015412340872, -0.00177149276715, 0.00245073158294, -0.00581839494407, 0.0125175919384, -0.00589687470347], [0.000185749609955, 9.00920495042e-05, 0.000598534592427, 0.000289977149805, 0.00104155903682, 0.000176013592863, 0.000293472083285, -0.00057322520297, 0.000553412362933, -0.000828228308819, 0.0019928808324, -0.00589687470347, 0.00889530777931]], "cov": [[11284.2402344, 152.243179321, -1017.12811279, 536.620300293, -659.115966797, 91.2815628052, -396.217193604, -200.508804321, -472.974761963, -340.203338623, -506.182128906, -426.105957031, -282.03024292], [152.243179321, 1343.63781738, 262.076782227, 106.726837158, 165.695877075, -96.6924972534, -41.0253562927, -162.071105957, -122.241355896, -139.311401367, -118.985298157, -94.5913009644, -105.894950867], [-1017.12811279, 262.076782227, 759.628173828, 157.446853638, 288.974365234, 134.522216797, 98.099937439, 19.3560905457, 9.60439491272, -33.8533401489, -29.6418399811, -35.9388237, -97.0807342529], [536.620300293, 106.726837158, 157.446853638, 288.067199707, 101.588066101, 97.1337280273, 44.4404792786, 5.40197658539, -23.152797699, -33.4765510559, -53.569858551, -63.9494934082, -79.2745895386], [-659.115966797, 165.695877075, 288.974365234, 101.588066101, 271.064819336, 87.6824188232, 70.5309371948, 12.6333694458, 15.9233255386, -2.81410574913, -8.09104728699, -28.2550697327, -63.8282737732], [91.2815628052, -96.6924972534, 134.522216797, 97.1337280273, 87.6824188232, 182.333694458, 76.0893478394, 43.9940299988, 25.5227642059, 1.72426962852, -14.7208166122, -34.5948791504, -47.757724762], [-396.217193604, -41.0253562927, 98.099937439, 44.4404792786, 70.5309371948, 76.0893478394, 162.415939331, 74.2759246826, 51.4255599976, 27.8326835632, 0.0893714353442, -5.74615907669, -14.1335754395], [-200.508804321, -162.071105957, 19.3560905457, 5.40197658539, 12.6333694458, 43.9940299988, 74.2759246826, 154.435073853, 81.1427612305, 33.8148422241, 17.2765350342, 2.03736019135, 5.08191680908], [-472.974761963, -122.241355896, 9.60439491272, -23.152797699, 15.9233255386, 25.5227642059, 51.4255599976, 81.1427612305, 149.618209839, 74.4083175659, 38.5870437622, 29.0067501068, 20.589849472], [-340.203338623, -139.311401367, -33.8533401489, -33.4765510559, -2.81410574913, 1.72426962852, 27.8326835632, 33.8148422241, 74.4083175659, 150.241012573, 83.1694946289, 31.4486408234, 25.0147018433], [-506.182128906, -118.985298157, -29.6418399811, -53.569858551, -8.09104728699, -14.7208166122, 0.0893714353442, 17.2765350342, 38.5870437622, 83.1694946289, 177.52973938, 94.9770812988, 46.3969421387], [-426.105957031, -94.5913009644, -35.9388237, -63.9494934082, -28.2550697327, -34.5948791504, -5.74615907669, 2.03736019135, 29.0067501068, 31.4486408234, 94.9770812988, 181.784576416, 119.026237488], [-282.03024292, -105.894950867, -97.0807342529, -79.2745895386, -63.8282737732, -47.757724762, -14.1335754395, 5.08191680908, 20.589849472, 25.0147018433, 46.3969421387, 119.026237488, 207.267883301]]}, "spectral_contrast_valleys": {"min": [-12.714641571, -14.2953777313, -14.9092302322, -15.1055364609, -14.9439563751, -16.1885471344], "max": [-5.83811950684, -4.66388273239, -4.88901090622, -5.41940355301, -5.89197635651, -8.97080421448], "dvar2": [0.223302617669, 0.162145674229, 0.138604313135, 0.111421503127, 0.119235724211, 0.137888774276], "median": [-9.89034557343, -7.69792079926, -8.43257808685, -9.03249645233, -9.54784297943, -13.2748184204], "dmean2": [0.612117171288, 0.503988921642, 0.460096120834, 0.394106686115, 0.362655609846, 0.35014218092], "dmean": [0.363543540239, 0.312354177237, 0.290610343218, 0.259619683027, 0.258036404848, 0.264144331217], "var": [1.21152818203, 1.73616206646, 1.59685230255, 1.61778783798, 1.4239013195, 1.22427237034], "dvar": [0.0801246240735, 0.0655671134591, 0.063112474978, 0.0576081350446, 0.0726514309645, 0.0907032713294], "mean": [-9.68458843231, -7.78660297394, -8.41397953033, -8.9458990097, -9.39936637878, -13.0624303818]}, "barkbands_flatness_db": {"min": 0.0437583327293, "max": 0.608516573906, "dvar2": 0.000720962008927, "median": 0.181684598327, "dmean2": 0.0291413720697, "dmean": 0.0206295009702, "var": 0.00357580417767, "dvar": 0.000373508810299, "mean": 0.189105927944}, "dynamic_complexity": 7.74960708618, "spectral_skewness": {"min": 0.782860457897, "max": 7.61119937897, "dvar2": 0.497616797686, "median": 1.98608887196, "dmean2": 0.777809023857, "dmean": 0.451734423637, "var": 0.489909470081, "dvar": 0.171935558319, "mean": 2.14881062508}, "erbb