{"lowlevel": {"spectral_complexity": {"min": 0, "max": 51, "dvar2": 18.3910369873, "median": 9, "dmean2": 3.20546960831, "dmean": 2.0951693058, "var": 51.2205200195, "dvar": 9.58127593994, "mean": 10.3287353516}, "silence_rate_20dB": {"min": 1, "max": 1, "dvar2": 0, "median": 1, "dmean2": 0, "dmean": 0, "var": 0, "dvar": 0, "mean": 1}, "average_loudness": 0.73966550827, "erbbands_spread": {"min": 0.962008655071, "max": 176.04145813, "dvar2": 354.058319092, "median": 37.6316986084, "dmean2": 14.7261552811, "dmean": 9.95323753357, "var": 661.318237305, "dvar": 168.418487549, "mean": 41.1664428711}, "spectral_kurtosis": {"min": -1.25953698158, "max": 83.654624939, "dvar2": 43.6014442444, "median": 4.00198030472, "dmean2": 5.17546606064, "dmean": 3.1941139698, "var": 96.6538467407, "dvar": 19.8638381958, "mean": 7.57340908051}, "barkbands_kurtosis": {"min": -1.93982589245, "max": 483.264007568, "dvar2": 627.725952148, "median": 6.32686901093, "dmean2": 10.3836860657, "dmean": 6.84950733185, "var": 551.450561523, "dvar": 285.795471191, "mean": 12.8826828003}, "spectral_strongpeak": {"min": 0, "max": 22.2679672241, "dvar2": 2.88360905647, "median": 0.357591509819, "dmean2": 0.707800388336, "dmean": 0.437407582998, "var": 2.69710206985, "dvar": 1.23932945728, "mean": 0.876274049282}, "spectral_spread": {"min": 1080493.125, "max": 43105972, "dvar2": 1268084899840.0, "median": 3599351.25, "dmean2": 760788.5, "dmean": 525469.8125, "var": 8245202124800.0, "dvar": 616185593856, "mean": 4078620.75}, "spectral_rms": {"min": 3.10936996636e-12, "max": 0.0139499763027, "dvar2": 2.23425263357e-06, "median": 0.00379224261269, "dmean2": 0.00101989903487, "dmean": 0.000701885437593, "var": 4.4950247684e-06, "dvar": 1.0449915635e-06, "mean": 0.00415423745289}, "erbbands": {"min": [6.75332335145e-23, 1.10152235304e-21, 3.07596662937e-21, 5.35657728934e-21, 1.31378956039e-20, 2.15458545273e-20, 3.11163115963e-20, 7.72100465021e-20, 1.06205699652e-19, 1.31124386359e-19, 3.19372702597e-19, 3.59956897636e-19, 3.70453044127e-19, 7.91949439301e-19, 1.19818445557e-18, 1.45025079004e-18, 1.54496276339e-18, 1.96154115623e-18, 2.85302327408e-18, 2.93190652602e-18, 3.54676352381e-18, 5.11443208482e-18, 6.80794170036e-18, 7.75175271133e-18, 6.82185529186e-18, 9.32729272305e-18, 1.01688017582e-17, 9.07109751655e-18, 1.00629673075e-17, 1.11256313512e-17, 9.31688348222e-18, 9.18518226663e-18, 8.56817749438e-18, 9.18702026195e-18, 6.44084432119e-18, 4.68956523884e-18, 2.25215534802e-18, 9.48435570981e-19, 2.49825993332e-19, 2.80898160626e-20], "max": [4.84848546982, 36.2382278442, 103.0365448, 177.820648193, 201.577529907, 269.377197266, 436.522674561, 386.108612061, 499.374603271, 1716.84619141, 1942.47680664, 1676.84619141, 1874.98205566, 2843.25390625, 3673.32885742, 2930.33496094, 2595.40087891, 2723.2265625, 4882.09716797, 3864.65673828, 1425.37304688, 1152.60510254, 1987.11706543, 1235.3684082, 1116.22692871, 838.465332031, 2492.80249023, 389.879150391, 191.395278931, 218.385375977, 259.824493408, 153.272338867, 113.816581726, 13.8325872421, 1.97569918633, 0.551857531071, 0.275801628828, 0.0159304235131, 0.000532511912752, 0.000231702593737], "dvar2": [0.189905703068, 14.728140831, 125.648017883, 192.715682983, 375.863525391, 237.5912323, 539.897521973, 429.843933105, 400.363128662, 3257.83227539, 3708.29785156, 2855.40917969, 2889.83056641, 3701.89038086, 15712.4462891, 11583.9765625, 11799.1884766, 10323.5820312, 24828.5175781, 14544.5019531, 2456.51416016, 1834.37207031, 1259.66088867, 1366.28356934, 1100.43139648, 203.043914795, 1115.64196777, 144.294448853, 80.0494995117, 75.1219787598, 54.9582061768, 16.43608284, 3.35622501373, 0.289819926023, 0.021734347567, 0.00120519136544, 4.56656634924e-05, 3.16601045824e-07, 5.50142709166e-10, 6.65753563389e-10], "median": [0.0263543315232, 0.470843166113, 1.53223860264, 2.29621481895, 3.79928588867, 6.90285491943, 6.59515810013, 3.45717859268, 1.83250522614, 1.72640526295, 2.52622818947, 1.54917359352, 1.17718195915, 1.4026260376, 1.20389163494, 1.42660260201, 1.38053762913, 1.58506834507, 1.63872671127, 1.47486341, 1.80511021614, 2.16874170303, 1.88500809669, 3.1054186821, 3.1870007515, 1.59643387794, 1.38039088249, 0.791708052158, 0.580438613892, 0.310116916895, 0.192861035466, 0.0788649022579, 0.0454230420291, 0.0143097462133, 0.00306828320026, 0.000750403385609, 0.000297068443615, 7.72391213104e-05, 1.22798892335e-05, 1.72967538674e-05], "dmean2": [0.142131969333, 1.31892979145, 3.28136324883, 4.48467206955, 7.12516069412, 8.5220079422, 12.2647132874, 9.44167232513, 6.42342185974, 13.8966341019, 17.1652183533, 11.5906925201, 11.0754909515, 17.0423622131, 20.1802959442, 21.7308731079, 19.4157180786, 18.1405525208, 26.9736194611, 17.0296154022, 10.8842725754, 10.646780014, 8.34169483185, 9.66183853149, 8.34347629547, 3.79223251343, 4.46876859665, 3.29915738106, 2.95989489555, 2.62690043449, 2.14182901382, 0.955619812012, 0.48420381546, 0.165767580271, 0.0450218468904, 0.00911825429648, 0.00141396967229, 0.000119461357826, 1.05882254502e-05, 1.35445206979e-05], "dmean": [0.10828217864, 0.796522974968, 1.94374227524, 2.65940117836, 4.32836484909, 5.60703229904, 8.1849899292, 6.33299064636, 4.33664083481, 9.46299266815, 12.4163589478, 8.29990005493, 7.42667198181, 11.7876987457, 14.258854866, 15.0785131454, 13.3324222565, 12.416718483, 18.1440525055, 12.0690498352, 7.06353855133, 7.19734096527, 5.74178266525, 6.72428274155, 5.49269628525, 2.48343753815, 2.89538383484, 2.15987372398, 1.96702623367, 1.79486966133, 1.46952259541, 0.621028244495, 0.307929605246, 0.109239257872, 0.0292483381927, 0.00556715670973, 0.000873215147294, 7.06607606844e-05, 6.84420911057e-06, 9.0675894171e-06], "var": [0.244151890278, 7.19685029984, 40.9534263611, 63.850315094, 134.396835327, 271.653656006, 875.647888184, 459.387451172, 366.447021484, 3220.47973633, 6103.60791016, 3662.41552734, 2109.16455078, 6764.70751953, 12349.6152344, 15352.7099609, 11105.65625, 9910.47167969, 23205.1738281, 17269.4375, 2510.47851562, 2144.30883789, 1992.98693848, 2401.62451172, 1802.29492188, 285.975952148, 894.943237305, 169.747955322, 88.9533462524, 81.0118331909, 52.9502449036, 11.356967926, 4.95488023758, 0.203715354204, 0.0106036178768, 0.000467706733616, 3.42287930835e-05, 1.01146142129e-07, 3.32113808676e-10, 6.98540170152e-10], "dvar": [0.114736951888, 5.61861515045, 44.0997238159, 67.7585372925, 138.048828125, 104.652488708, 252.324371338, 206.607147217, 184.5493927, 1584.78405762, 2131.38305664, 1490.76123047, 1253.17370605, 2175.8046875, 7868.23632812, 6090.73583984, 5528.8125, 4948.53222656, 11707.6298828, 7128.31542969, 1027.56433105, 890.582641602, 732.768249512, 703.382751465, 542.711853027, 95.9887161255, 492.65057373, 61.8861236572, 36.9503326416, 36.6203804016, 27.1381969452, 6.92819356918, 1.69944500923, 0.12678578496, 0.0088836112991, 0.000468992162496, 2.0476838472e-05, 1.16868079658e-07, 2.12068959615e-10, 2.77525641357e-10], "mean": [0.164258778095, 1.33065927029, 3.65146183968, 4.40369987488, 7.11513853073, 11.8302087784, 16.4727420807, 10.5925970078, 6.97288990021, 14.9620857239, 23.0612354279, 15.6611242294, 11.744310379, 21.0789279938, 20.3014507294, 24.152967453, 20.6202316284, 19.5723800659, 28.9031772614, 20.9297981262, 12.8472976685, 12.5251636505, 11.0895929337, 13.9758119583, 11.796128273, 5.45231437683, 5.78767251968, 4.33558273315, 3.31910324097, 2.65946650505, 2.03653693199, 0.825950682163, 0.426041424274, 0.147310450673, 0.0352912582457, 0.00552601087838, 0.00107359595131, 0.000123483798234, 1.78153532033e-05, 2.63985202764e-05]}, "zerocrossingrate": {"min": 0.001953125, "max": 0.5185546875, "dvar2": 0.000101230492874, "median": 0.033203125, "dmean2": 0.00836843065917, "dmean": 0.00714637059718, "var": 0.00185841124039, "dvar": 8.02687281976e-05, "mean": 0.0418269969523}, "spectral_contrast_coeffs": {"min": [-0.984771192074, -0.977142333984, -0.976501166821, -0.971130251884, -0.967547655106, -0.964327394962], "max": [-0.3373721838, -0.350965946913, -0.391132891178, -0.429927796125, -0.489498645067, -0.538445413113], "dvar2": [0.00348423351534, 0.00412688031793, 0.00260637863539, 0.00191439501941, 0.00114341056906, 0.000786352786236], "median": [-0.639991760254, -0.686743140221, -0.758770465851, -0.761900365353, -0.767463386059, -0.751075446606], "dmean2": [0.0679373219609, 0.0749048739672, 0.0607850328088, 0.0514621771872, 0.0382059961557, 0.0281494706869], "dmean": [0.0421555377543, 0.0476306155324, 0.0393083244562, 0.0327961035073, 0.0245992913842, 0.0187340322882], "var": [0.00644529610872, 0.00835555512458, 0.00717115495354, 0.00552950100973, 0.00561000127345, 0.00352280354127], "dvar": [0.00140018959064, 0.00172288366593, 0.00121138512623, 0.000885753426701, 0.000534841325134, 0.000386796717066], "mean": [-0.637435913086, -0.681925952435, -0.748672604561, -0.75503474474, -0.761419415474, -0.755038142204]}, "dissonance": {"min": 0.139333501458, "max": 0.5, "dvar2": 0.00152743107174, "median": 0.451252907515, "dmean2": 0.0390114039183, "dmean": 0.0239742770791, "var": 0.00217632087879, "dvar": 0.00059181463439, "mean": 0.438526332378}, "spectral_energyband_high": {"min": 7.10738704685e-21, "max": 0.0539588928223, "dvar2": 7.64719402468e-07, "median": 8.70158037287e-05, "dmean2": 0.000279986561509, "dmean": 0.000195052198251, "var": 1.33402625124e-06, "dvar": 4.12341904621e-07, "mean": 0.000390308006899}, "gfcc": {"mean": [-86.3306503296, 126.374160767, -102.845733643, 53.429359436, -50.972858429, 4.77270698547, -31.1439628601, -4.35817956924, -20.5488548279, -6.4590086937, -8.98490333557, -5.90086841583, -5.72969484329], "icov": [[0.000472258689115, -0.00143738707993, 0.000870020710863, -0.00104026019108, 0.000987946172245, -0.00120825099293, 0.000841779343318, -0.000599975464866, 0.000507091346662, -0.000354450079612, 0.000480618298752, -0.000262297078734, -7.55627479521e-06], [-0.00143738707993, 0.00627861637622, -0.00293756462634, 0.00401037046686, -0.00351265002973, 0.00498347356915, -0.00325057166629, 0.00280623044819, -0.00221449020319, 0.00197474146262, -0.00257534417324, 0.00238554715179, -0.00014614261454], [0.000870020710863, -0.00293756462634, 0.00229452038184, -0.00200375472195, 0.00164104357827, -0.00263865408488, 0.00168920017313, -0.00106121157296, 0.000923402199987, -0.00153507862706, 0.00149422476534, -0.00128148403019, 0.00014157644182], [-0.00104026019108, 0.00401037046686, -0.00200375472195, 0.00423650257289, -0.0024489343632, 0.00303538748994, -0.00174205703661, 0.00131130835507, -0.00129740778357, 0.00160405354109, -0.00182930729352, 0.00182312610559, -0.000614140240941], [0.000987946172245, -0.00351265002973, 0.00164104357827, -0.0024489343632, 0.00427439622581, -0.00270696193911, 0.000976271636318, -0.0010571454186, 0.000887294765562, -0.00155990500934, 0.001906603924, -0.00168416358065, 0.000770046957768], [-0.00120825099293, 0.00498347356915, -0.00263865408488, 0.00303538748994, -0.00270696193911, 0.00698709441349, -0.00274033751339, 0.00220361002721, -0.00191288755741, 0.00275900424458, -0.00279306643642, 0.0023804877419, 5.23949347553e-05], [0.000841779343318, -0.00325057166629, 0.00168920017313, -0.00174205703661, 0.000976271636318, -0.00274033751339, 0.00649589113891, -0.00350722111762, 0.00277980905958, -0.0006217759219, 5.975388558e-05, 0.000388364162063, -0.0014408165589], [-0.000599975464866, 0.00280623044819, -0.00106121157296, 0.00131130835507, -0.0010571454186, 0.00220361002721, -0.00350722111762, 0.012152377516, -0.00575007265434, 0.002239653375, -0.00113657850306, 0.000969076994807, 0.000317613681545], [0.000507091346662, -0.00221449020319, 0.000923402199987, -0.00129740778357, 0.000887294765562, -0.00191288755741, 0.00277980905958, -0.00575007265434, 0.0117058772594, -0.00418283231556, 0.000946759770159, 0.00158953724895, -0.00105179892853], [-0.000354450079612, 0.00197474146262, -0.00153507862706, 0.00160405354109, -0.00155990500934, 0.00275900424458, -0.0006217759219, 0.002239653375, -0.00418283231556, 0.0138841420412, -0.00380449811928, 0.00181362731382, 0.00101435591932], [0.000480618298752, -0.00257534417324, 0.00149422476534, -0.00182930729352, 0.001906603924, -0.00279306643642, 5.975388558e-05, -0.00113657850306, 0.000946759770159, -0.00380449811928, 0.0136310523376, -0.00647240551189, 0.0012924055336], [-0.000262297078734, 0.00238554715179, -0.00128148403019, 0.00182312610559, -0.00168416358065, 0.0023804877419, 0.000388364162063, 0.000969076994807, 0.00158953724895, 0.00181362731382, -0.00647240551189, 0.0150933787227, -0.00357921770774], [-7.55627479521e-06, -0.00014614261454, 0.00014157644182, -0.000614140240941, 0.000770046957768, 5.23949347553e-05, -0.0014408165589, 0.000317613681545, -0.00105179892853, 0.00101435591932, 0.0012924055336, -0.00357921770774, 0.0121852429584]], "cov": [[15599.8486328, 375.242218018, -3422.07299805, 970.473205566, -1449.79772949, 265.249786377, -280.240081787, 98.508140564, -38.8872528076, -356.107055664, 38.4428024292, -314.598480225, 87.4235534668], [375.242218018, 1063.43054199, 308.547943115, -370.097045898, 256.356689453, -247.557220459, 126.098571777, -50.1516609192, 21.5265636444, 41.7098693848, 10.3953275681, -30.5631160736, -19.863609314], [-3422.07299805, 308.547943115, 1952.05895996, -125.19972229, 324.166229248, 40.018409729, -18.8589019775, -55.4722976685, 35.0279502869, 133.441833496, -22.7226848602, 68.9334640503, -34.2804527283], [970.473205566, -370.097045898, -125.19972229, 693.900878906, -57.9126014709, 60.5877075195, -39.9373130798, 31.320892334, 5.91576862335, -38.7766113281, 0.0360263995826, -25.7201728821, 26.6310214996], [-1449.79772949, 256.356689453, 324.166229248, -57.9126014709, 607.92376709, -38.0680236816, 93.4263534546, -16.0442695618, 10.4884490967, 50.657989502, -11.5731945038, 22.7857494354, -26.6897773743], [265.249786377, -247.557220459, 40.018409729, 60.5877075195, -38.0680236816, 362.516418457, 8.69216823578, 8.13521671295, -1.91592144966, -33.1542778015, 12.6819210052, -12.9947299957, -1.12075293064], [-280.240081787, 126.098571777, -18.8589019775, -39.9373130798, 93.4263534546, 8.69216823578, 270.060119629, 38.0447044373, -20.0737876892, -10.4824953079, 13.9793920517, -7.82715415955, 19.9024658203], [98.508140564, -50.1516609192, -55.4722976685, 31.320892334, -16.0442695618, 8.13521671295, 38.0447044373, 123.72808075, 48.7930717468, -5.75429725647, -0.984164059162, -14.6716766357, 4.42063999176], [-38.8872528076, 21.5265636444, 35.0279502869, 5.91576862335, 10.4884490967, -1.91592144966, -20.0737876892, 48.7930717468, 132.218795776, 33.2741928101, -6.4772772789, -24.1203613281, -1.92980706692], [-356.107055664, 41.7098693848, 133.441833496, -38.7766113281, 50.657989502, -33.1542778015, -10.4824953079, -5.75429725647, 33.2741928101, 103.965560913, 15.2626104355, 1.93252801895, -14.2072038651], [38.4428024292, 10.3953275681, -22.7226848602, 0.0360263995826, -11.5731945038, 12.6819210052, 13.9793920517, -0.984164059162, -6.4772772789, 15.2626104355, 102.503860474, 36.4946022034, 0.787971615791], [-314.598480225, -30.5631160736, 68.9334640503, -25.7201728821, 22.7857494354, -12.9947299957, -7.82715415955, -14.6716766357, -24.1203613281, 1.93252801895, 36.4946022034, 102.900505066, 19.5257263184], [87.4235534668, -19.863609314, -34.2804527283, 26.6310214996, -26.6897773743, -1.12075293064, 19.9024658203, 4.42063999176, -1.92980706692, -14.2072038651, 0.787971615791, 19.5257263184, 94.2204284668]]}, "spectral_flux": {"min": 6.32672941814e-11, "max": 0.381378769875, "dvar2": 0.00267542060465, "median": 0.04400094226, "dmean2": 0.0381170287728, "dmean": 0.0241504386067, "var": 0.00327243632637, "dvar": 0.00123492837884, "mean": 0.0649530813098}, "silence_rate_30dB": {"min": 0, "max": 1, "dvar2": 0.0213116612285, "median": 1, "dmean2": 0.0159026570618, "dmean": 0.00795084889978, "var": 0.00515364063904, "dvar": 0.00788719300181, "mean": 0.99482023716}, "spectral_energyband_middle_high": {"min": 1.14688349592e-21, "max": 0.107552751899, "dvar2": 3.14856042678e-05, "median": 0.000739925599191, "dmean2": 0.00203787907958, "dmean": 0.00151868967805, "var": 9.30571404751e-05, "dvar": 1.87243385881e-05, "mean": 0.00398036558181}, "barkbands_spread": {"min": 0.174547448754, "max": 124.193244934, "dvar2": 80.1797943115, "median": 11.1477184296, "dmean2": 6.40796661377, "dmean": 4.28310012817, "var": 176.908966064, "dvar": 37.6639404297, "mean": 14.9822101593}, "spectral_centroid": {"min": 103.95665741, "max": 11827.0634766, "dvar2": 149905.15625, "median": 864.493225098, "dmean2": 302.483154297, "dmean": 201.809295654, "var": 946318.4375, "dvar": 72503.3359375, "mean": 1058.4395752}, "pitch_salience": {"min": 0.0582594610751, "max": 0.843970954418, "dvar2": 0.00939539633691, "median": 0.505271494389, "dmean2": 0.101792536676, "dmean": 0.0647458136082, "var": 0.015035238117, "dvar": 0.0039227665402, "mean": 0.50179952383}, "erbbands_skewness": {"min": -5.76449298859, "max": 9.40894508362, "dvar2": 0.550690114498, "median": 0.55288118124, "dmean2": 0.671929717064, "dmean": 0.453382909298, "var": 1.84293222427, "dvar": 0.259027987719, "mean": 0.744514167309}, "erbbands_crest": {"min": 2.46739840508, "max": 32.1803665161, "dvar2": 16.1804351807, "median": 9.44106960297, "dmean2": 4.11707353592, "dmean": 2.62622141838, "var": 25.1578426361, "dvar": 7.05371189117, "mean": 10.528128624}, "melbands": {"min": [8.19163172654e-25, 2.26996539857e-24, 1.69035852593e-24, 1.40380716869e-24, 1.00511992403e-24, 1.95826298631e-24, 1.95537003615e-24, 1.39336363639e-24, 2.12666585691e-24, 2.19827470558e-24, 1.40655772946e-24, 3.20754531988e-24, 3.45989699308e-24, 3.13202017124e-24, 3.70106952117e-24, 3.75977181657e-24, 3.17837462411e-24, 3.68797876888e-24, 2.51842562093e-24, 3.79373622285e-24, 3.56043692102e-24, 4.10868105065e-24, 4.63745451542e-24, 5.57478456503e-24, 5.33241967367e-24, 4.80416606824e-24, 3.79305583032e-24, 5.87324574978e-24, 5.63635476425e-24, 3.61133540991e-24, 5.32513375435e-24, 5.24861661313e-24, 4.66732788904e-24, 5.73899858422e-24, 5.37542205934e-24, 4.82125200659e-24, 5.32288628963e-24, 5.3157297435e-24, 6.52336613773e-24, 7.62487391893e-24], "max": [0.0385248698294, 0.0441715940833, 0.0262450482696, 0.0138523830101, 0.013994473964, 0.00780329713598, 0.00833325274289, 0.0167898088694, 0.0136902658269, 0.00934957806021, 0.00931616034359, 0.0114416088909, 0.0104340333492, 0.0111077642068, 0.0110272876918, 0.00572589458898, 0.00570901250467, 0.0096142096445, 0.0089902644977, 0.00723805185407, 0.00154941854998, 0.00168034818489, 0.00313071883284, 0.000939804886002, 0.00123793433886, 0.00129407539498, 0.00050799100427, 0.000629391579423, 0.00215550232679, 0.000391624664189, 0.000213178573176, 0.00013109552674, 0.000220405185246, 0.000164708151715, 0.000215353866224, 0.000107933708932, 0.000116139788588, 9.44215717027e-05, 3.99620294047e-05, 7.70627048041e-06], "dvar2": [1.45734247781e-05, 2.71147127933e-05, 5.88265447732e-06, 1.35010213853e-06, 5.5389341469e-07, 1.96045576217e-07, 9.91308795051e-08, 4.0251833866e-07, 2.33632704294e-07, 1.06764694863e-07, 7.55363060989e-08, 6.62671908458e-08, 1.56616437152e-07, 1.3321736958e-07, 9.91185231669e-08, 5.27653263305e-08, 5.26491561459e-08, 9.42893834122e-08, 5.37841131631e-08, 2.10514397025e-08, 3.30081872946e-09, 3.22518323159e-09, 3.29720228898e-09, 9.73791380865e-10, 1.36043198928e-09, 1.22576082617e-09, 2.33614655398e-10, 1.48192000338e-10, 8.21085199831e-10, 1.18224680046e-10, 5.42669832682e-11, 3.25293923742e-11, 3.5370692486e-11, 2.88729300885e-11, 2.99097066558e-11, 1.09193409523e-11, 6.77513860986e-12, 2.52174258038e-12, 7.44262507527e-13, 1.28669386886e-13], "median": [0.000362586317351, 0.0009121253388, 0.000474705768283, 0.000422086188337, 0.000263671972789, 8.00169582362e-05, 2.36340601987e-05, 1.63490658451e-05, 1.89280144696e-05, 7.30280044081e-06, 4.82423411086e-06, 5.15706369697e-06, 3.67001052837e-06, 2.75287402474e-06, 3.53446239387e-06, 2.1658102014e-06, 2.68449730356e-06, 2.30885302699e-06, 1.82286089512e-06, 1.71656859038e-06, 1.64216021403e-06, 1.73688101768e-06, 1.04932075828e-06, 1.16299656838e-06, 1.9391125079e-06, 2.17192018681e-06, 1.28280692024e-06, 6.59413274207e-07, 8.08540903563e-07, 5.13659017543e-07, 3.33144129172e-07, 3.2020608387e-07, 2.08769748156e-07, 1.36860649036e-07, 1.22254775192e-07, 6.13609287825e-08, 3.97066308722e-08, 3.52452396157e-08, 1.85485671267e-08, 9.32041555046e-09], "dmean2": [0.00132998172194, 0.00166749791242, 0.000839872285724, 0.000549464835785, 0.000411465764046, 0.000214353713091, 0.000102529040305, 0.000159962917678, 0.000139438474434, 6.86562852934e-05, 5.90611707594e-05, 7.41804105928e-05, 6.5335407271e-05, 6.7702952947e-05, 5.82964166824e-05, 4.04278325732e-05, 3.83256774512e-05, 5.08926277689e-05, 3.40603255609e-05, 1.85868902918e-05, 1.31348870127e-05, 1.20147342386e-05, 1.11701701826e-05, 7.81501694291e-06, 8.96943856787e-06, 8.29137752589e-06, 4.20216156272e-06, 2.69552560894e-06, 3.26006556861e-06, 2.48583410212e-06, 2.0266811589e-06, 1.79700191438e-06, 1.80643155545e-06, 1.42085889365e-06, 1.36616620239e-06, 9.24013420445e-07, 4.96680854667e-07, 3.78421958658e-07, 2.504693839e-07, 1.10848681345e-07], "dmean": [0.000913421681616, 0.000995038659312, 0.000499706948176, 0.0003513560805, 0.000273399287835, 0.000143851837493, 6.95144699421e-05, 0.000109542466816, 0.000101446916233, 4.89521044074e-05, 3.92985821236e-05, 5.06926626258e-05, 4.61544041173e-05, 4.69351434731e-05, 3.92073961848e-05, 2.70265118161e-05, 2.54500828305e-05, 3.32722702296e-05, 2.32792281167e-05, 1.22842147903e-05, 8.41600922286e-06, 7.91096499597e-06, 7.48917045712e-06, 5.20798812431e-06, 6.08756181464e-06, 5.43831583855e-06, 2.63746528617e-06, 1.72841509993e-06, 2.11727069654e-06, 1.57147724167e-06, 1.30727562464e-06, 1.17798231258e-06, 1.1875471273e-06, 9.58709733823e-07, 9.32969044243e-07, 6.07622837379e-07, 3.12758686505e-07, 2.3394886739e-07, 1.61836396728e-07, 7.195441043e-08], "var": [1.51511612785e-05, 1.01348805401e-05, 1.9681735921e-06, 8.01076680546e-07, 8.58596138187e-07, 2.39380540279e-07, 9.92366366859e-08, 3.97715098188e-07, 4.1068722112e-07, 1.30248466235e-07, 5.6498855372e-08, 1.14305471755e-07, 1.35366960308e-07, 1.46516981658e-07, 1.13956964753e-07, 4.44964030066e-08, 4.12794349813e-08, 7.36424965453e-08, 7.94492152068e-08, 1.4598453113e-08, 3.52944296012e-09, 2.63854160742e-09, 4.04905264872e-09, 1.22549159709e-09, 1.9036121568e-09, 1.75041181549e-09, 3.33983840584e-10, 1.31544247717e-10, 5.72168257218e-10, 1.12930650942e-10, 5.14498964266e-11, 3.04674306617e-11, 3.48412167173e-11, 2.45651051584e-11, 2.37770324263e-11, 7.49312070725e-12, 3.6697650127e-12, 3.35759523483e-12, 6.70502173748e-13, 7.23211163807e-14], "dvar": [7.44224098526e-06, 9.74742761173e-06, 2.0886495804e-06, 5.20713172136e-07, 2.55897361967e-07, 9.33418817795e-08, 4.72620911296e-08, 1.9490055081e-07, 1.35153157999e-07, 5.51418217754e-08, 3.31895719796e-08, 3.73804063258e-08, 7.98708299499e-08, 7.00311773016e-08, 4.76030983521e-08, 2.4715514968e-08, 2.41456046268e-08, 4.3426940266e-08, 2.76311791225e-08, 9.88110215872e-09, 1.42196532327e-09, 1.4445672436e-09, 1.89299420583e-09, 5.00111119184e-10, 6.47434161838e-10, 6.36586727776e-10, 9.75467068232e-11, 6.20934623163e-11, 3.58841234505e-10, 4.7474083692e-11, 2.2648884504e-11, 1.42288091032e-11, 1.57190649386e-11, 1.34566177645e-11, 1.38226461527e-11, 4.76923795595e-12, 2.68579949947e-12, 1.20818730454e-12, 3.48093895288e-13, 5.38780446039e-14], "mean": [0.00153687328566, 0.00190460053273, 0.000842272303998, 0.000696216244251, 0.000575233832933, 0.000252036377788, 0.000109071996121, 0.000173511507455, 0.000192891529878, 8.80267616594e-05, 5.9245252487e-05, 8.7085456471e-05, 6.60322039039e-05, 6.71629823046e-05, 5.81945459999e-05, 3.88875268982e-05, 3.56091150024e-05, 4.69202641398e-05, 3.95749520976e-05, 1.75929908437e-05, 1.41210693982e-05, 1.21549865071e-05, 1.24302696349e-05, 9.33133833314e-06, 1.1506206647e-05, 1.08588837975e-05, 5.34184755452e-06, 3.18115280606e-06, 3.99356213165e-06, 2.87173588731e-06, 2.41000134338e-06, 1.90143123291e-06, 1.7197694433e-06, 1.34949641506e-06, 1.26739928419e-06, 7.71243264808e-07, 4.016484354e-07, 3.18960871937e-07, 2.07795977758e-07, 9.54413863496e-08]}, "spectral_entropy": {"min": 4.30402326584, "max": 9.82663249969, "dvar2": 0.153294727206, "median": 6.95253324509, "dmean2": 0.31898483634, "dmean": 0.227622449398, "var": 0.57568782568, "dvar": 0.0813868269324, "mean": 6.87702322006}, "spectral_rolloff": {"min": 64.599609375, "max": 19659.8144531, "dvar2": 1112595.875, "median": 430.6640625, "dmean2": 496.237091064, "dmean": 295.36920166, "var": 2712951.75, "dvar": 474518.09375, "mean": 970.098144531}, "barkbands": {"min": [5.62395012373e-25, 3.55781040863e-24, 1.53798737968e-24, 9.17062043587e-25, 6.66120064825e-24, 7.88154559166e-24, 9.9799368988e-24, 1.13716303194e-23, 1.12303800412e-23, 1.02901012295e-23, 1.81754404533e-23, 2.91532950746e-23, 3.56894652137e-23, 3.07117339691e-23, 3.74014259067e-23, 5.72186184324e-23, 6.36547957185e-23, 1.20914277146e-22, 1.38064479257e-22, 1.9041850172e-22, 2.44781494163e-22, 3.03006118508e-22, 4.14656997682e-22, 4.41091789724e-22, 8.84732269127e-22, 1.30361281547e-21, 1.90537701758e-21], "max": [0.00513717206195, 0.135807588696, 0.107762381434, 0.0693013966084, 0.0546336881816, 0.041278116405, 0.0591007843614, 0.0727135464549, 0.0614604949951, 0.0499333254993, 0.0702060014009, 0.0839158967137, 0.0645682737231, 0.0775266811252, 0.0822053998709, 0.0677890479565, 0.0314146541059, 0.0389708913863, 0.0289453864098, 0.0162098966539, 0.0369575209916, 0.00788289308548, 0.00872880779207, 0.00637972401455, 0.000596777244937, 0.000131243810756, 4.80908147438e-06], "dvar2": [3.08706972874e-07, 0.000219048248255, 0.000102978556242, 2.51457659033e-05, 2.33161990764e-05, 5.97054031459e-06, 4.22075072493e-06, 8.92881143955e-06, 5.01356680616e-06, 3.64839524991e-06, 7.07149865775e-06, 9.16947374208e-06, 7.48446564103e-06, 8.61565604282e-06, 9.00595387066e-06, 2.27612326853e-06, 9.98178052214e-07, 5.40188295872e-07, 5.13303461958e-07, 9.25798886442e-08, 3.26992278588e-07, 6.58540528775e-08, 6.2633972675e-08, 1.88347293317e-08, 1.00991415231e-09, 2.29764488685e-11, 2.1464240094e-14], "median": [7.68759491621e-06, 0.00167648331262, 0.0011465519201, 0.000644514802843, 0.00200563040562, 0.000514859566465, 9.06523564481e-05, 7.66441226006e-05, 6.11902432865e-05, 2.79275300272e-05, 2.17888809857e-05, 3.27931265929e-05, 2.48830838245e-05, 3.00632636936e-05, 2.64137852355e-05, 2.59968364844e-05, 2.67963387159e-05, 2.40437002503e-05, 5.73278994125e-05, 3.65661217074e-05, 2.69114734692e-05, 1.45854082803e-05, 7.04295916876e-06, 3.04287709696e-06, 7.74186446506e-07, 1.54012965936e-07, 2.07400816521e-08], "dmean2": [0.000158111099154, 0.00520741054788, 0.00294594583102, 0.00164987635799, 0.00253555015661, 0.00129315885715, 0.000607830821536, 0.000805390183814, 0.000534238701221, 0.000518829794601, 0.000448756851256, 0.000597685284447, 0.000470270606456, 0.000496939290315, 0.000495315412991, 0.000237503496464, 0.000217674270971, 0.000169811668457, 0.00020539322577, 9.16322751436e-05, 9.84250800684e-05, 8.63032109919e-05, 7.20128446119e-05, 3.41993691109e-05, 9.72979069047e-06, 1.15498335163e-06, 3.58102383302e-08], "dmean": [0.000117786788906, 0.00333135947585, 0.00174693600275, 0.000981894787401, 0.00163059832994, 0.000862762564793, 0.000405146129197, 0.000566797156353, 0.000377135380404, 0.000339086662279, 0.000315493729431, 0.000400465971325, 0.000314077042276, 0.000320507708238, 0.000329995091306, 0.000152760214405, 0.000142405639053, 0.000114459398901, 0.000139017414767, 5.88298025832e-05, 6.39794598101e-05, 5.78952385695e-05, 4.98452245665e-05, 2.17927881749e-05, 6.4036034928e-06, 6.95320636623e-07, 2.07758770188e-08], "var": [2.87736185101e-07, 0.000170287312358, 3.3885200537e-05, 8.81473533809e-06, 1.81342384167e-05, 9.74694648903e-06, 4.49260915047e-06, 1.14595559353e-05, 7.24248002371e-06, 3.87110276279e-06, 6.7991340984e-06, 1.02972499008e-05, 5.64535730518e-06, 6.04767365076e-06, 1.0560622286e-05, 1.45640387927e-06, 8.47368312407e-07, 7.56894621645e-07, 9.63990032687e-07, 1.22549380421e-07, 2.86089516521e-07, 8.06390048069e-08, 6.4447682746e-08, 1.9279681851e-08, 5.74163105949e-10, 1.17214718834e-11, 5.34399269763e-15], "dvar": [1.76364480353e-07, 9.60813122219e-05, 3.5641296563e-05, 9.1316696853e-06, 9.40613426792e-06, 2.79333994513e-06, 2.05387777896e-06, 4.67639893031e-06, 2.61104833044e-06, 1.66535460266e-06, 3.68946211893e-06, 4.66837809654e-06, 3.37435085385e-06, 3.6760554849e-06, 4.0516529225e-06, 9.96035055323e-07, 4.66750378791e-07, 3.02394539631e-07, 2.86769818558e-07, 4.2996813221e-08, 1.39616318506e-07, 3.08879641864e-08, 3.16417860802e-08, 8.52270343188e-09, 4.26298440992e-10, 9.40710790515e-12, 7.51018120441e-15], "mean": [0.000140953692608, 0.00588116561994, 0.00318456860259, 0.00144114624709, 0.00331772468053, 0.00163692876231, 0.000621205952484, 0.000951262365561, 0.000714623660315, 0.000543851580005, 0.000464951823233, 0.000598507758696, 0.00043601798825, 0.000438205024693, 0.000540193810593, 0.000231133119087, 0.000221283655264, 0.000199102403712, 0.000285395944957, 0.000118676027341, 0.00012657851039, 9.41897305893e-05, 6.98084040778e-05, 2.99612493109e-05, 8.3378618001e-06, 7.23127243418e-07, 3.69973811587e-08]}, "melbands_flatness_db": {"min": 0.00271176430397, "max": 0.710178434849, "dvar2": 0.0018237932818, "median": 0.273857921362, "dmean2": 0.0382252559066, "dmean": 0.0273215193301, "var": 0.011697367765, "dvar": 0.000991506967694, "mean": 0.288420021534}, "melbands_skewness": {"min": -2.13792204857, "max": 20.8061141968, "dvar2": 2.84876275063, "median": 3.12576961517, "dmean2": 1.38553988934, "dmean": 0.944867789745, "var": 6.2796754837, "dvar": 1.41531467438, "mean": 3.52856445312}, "barkbands_skewness": {"min": -3.30166125298, "max": 19.0031986237, "dvar2": 1.61236393452, "median": 2.09687232971, "dmean2": 1.02733671665, "dmean": 0.705935955048, "var": 3.41473484039, "dvar": 0.796273887157, "mean": 2.29144048691}, "silence_rate_60dB": {"min": 0, "max": 1, "dvar2": 0.0558208115399, "median": 0, "dmean2": 0.0474670194089, "dmean": 0.0237320810556, "var": 0.074944704771, "dvar": 0.0231611970812, "mean": 0.0816117599607}, "spectral_energyband_low": {"min": 2.43751771935e-23, "max": 0.194859802723, "dvar2": 0.000408391177189, "median": 0.00430023297668, "dmean2": 0.00747515447438, "dmean": 0.00468416791409, "var": 0.000289710966172, "dvar": 0.000163788048667, "mean": 0.00995281897485}, "spectral_energyband_middle_low": {"min": 1.55273839625e-22, "max": 0.10564994067, "dvar2": 0.000106360632344, "median": 0.00532478140667, "dmean2": 0.0053964368999, "dmean": 0.00359639129601, "var": 9.79763499345e-05, "dvar": 4.52531858173e-05, "mean": 0.0087588634342}, "melbands_kurtosis": {"min": -1.90687525272, "max": 715.975769043, "dvar2": 2135.62060547, "median": 16.5807971954, "dmean2": 22.1527385712, "dmean": 14.7836389542, "var": 2270.63867188, "dvar": 1012.90155029, "mean": 30.8285865784}, "spectral_decrease": {"min": -5.23384748874e-08, "max": 7.61244866548e-21, "dvar2": 3.5579969674e-17, "median": -3.73360853345e-09, "dmean2": 3.02468827762e-09, "dmean": 1.99555416636e-09, "var": 3.30120834153e-17, "dvar": 1.45775114685e-17, "mean": -5.60502311231e-09}, "erbbands_kurtosis": {"min": -1.91046488285, "max": 137.836608887, "dvar2": 48.6784820557, "median": 0.187948226929, "dmean2": 3.06709074974, "dmean": 2.00026130676, "var": 76.3715515137, "dvar": 22.1355781555, "mean": 2.91452097893}, "melbands_crest": {"min": 1.58743965626, "max": 34.6218566895, "dvar2": 15.8384790421, "median": 15.2815885544, "dmean2": 4.20233774185, "dmean": 2.7378423214, "var": 30.9915504456, "dvar": 7.01686906815, "mean": 15.9980573654}, "melbands_spread": {"min": 0.248060658574, "max": 184.402801514, "dvar2": 108.629470825, "median": 9.26458358765, "dmean2": 6.63231086731, "dmean": 4.45478630066, "var": 313.561889648, "dvar": 51.6570587158, "mean": 15.3265008926}, "spectral_energy": {"min": 9.90988627129e-21, "max": 0.199466899037, "dvar2": 0.000528095464688, "median": 0.0147406319156, "dmean2": 0.0118089262396, "dmean": 0.00783013924956, "var": 0.000515048974194, "dvar": 0.000217761145905, "mean": 0.0222964733839}, "mfcc": {"mean": [-726.902160645, 142.518737793, 15.3550748825, 45.290309906, 6.41177034378, 12.7896442413, 1.42813575268, 2.45981526375, -5.89904689789, 0.136431440711, -2.86707186699, -3.85695695877, -4.72393465042], "icov": [[0.000169054925209, 4.17456903961e-05, 0.000206110984436, -8.47543633427e-05, 0.000318270554999, -0.000299411767628, 0.000441533018602, -0.0005060940166, 0.000347718654666, -0.000389085907955, 0.000282126216916, -0.000141749318573, 0.00013199406385], [4.17456903961e-05, 0.000697647512425, -6.281973765e-05, -5.66938842894e-06, -0.000266828690656, 0.000605906534474, -0.000715422502253, 0.000721881166101, -0.000362692459021, 0.000343863008311, -0.000467839097837, 2.42015521508e-05, 0.000258536805632], [0.000206110984436, -6.281973765e-05, 0.00119135598652, -0.000121437231428, 0.000151761225425, -0.000945757667068, 0.000861980952322, -0.00060639239382, 0.000519419030752, -0.000624230247922, 0.000479778100271, -0.00016273316578, -0.000197014232981], [-8.47543633427e-05, -5.66938842894e-06, -0.000121437231428, 0.00243193982169, -0.000792110571638, 0.000432971661212, -0.00074368447531, 0.000959850789513, -0.00074700062396, -0.000371787988115, 0.000633384624962, 0.000306496949634, -0.00112684885971], [0.000318270554999, -0.000266828690656, 0.000151761225425, -0.000792110571638, 0.0044193547219, -0.00290746963583, 0.00207074498758, -0.00140886451118, 0.000673565024044, -0.00101407454349, 8.58159619384e-05, -0.000622342806309, -0.000102384881757], [-0.000299411767628, 0.000605906534474, -0.000945757667068, 0.000432971661212, -0.00290746963583, 0.00858674943447, -0.00448839599267, 0.00177581922617, -0.0019189317245, 0.00236970302649, -0.00191464123782, 0.00114409951493, 0.000247859250521], [0.000441533018602, -0.000715422502253, 0.000861980952322, -0.00074368447531, 0.00207074498758, -0.00448839599267, 0.00867194402963, -0.00497995503247, 0.00218275515363, -0.00249882065691, 0.00269238953479, -0.00211198930629, 0.000458382128272], [-0.0005060940166, 0.000721881166101, -0.00060639239382, 0.000959850789513, -0.00140886451118, 0.00177581922617, -0.00497995503247, 0.0120987221599, -0.00511285522953, 0.00387397850864, -0.00306707574055, 0.00165487639606, -0.00196108873934], [0.000347718654666, -0.000362692459021, 0.000519419030752, -0.00074700062396, 0.000673565024044, -0.0019189317245, 0.00218275515363, -0.00511285522953, 0.0123389177024, -0.00689220288768, 0.00436504464597, -0.00205103796907, 0.00215949025005], [-0.000389085907955, 0.000343863008311, -0.000624230247922, -0.000371787988115, -0.00101407454349, 0.00236970302649, -0.00249882065691, 0.00387397850864, -0.00689220288768, 0.013789803721, -0.00721910595894, 0.00480726640671, -0.0014262329787], [0.000282126216916, -0.000467839097837, 0.000479778100271, 0.000633384624962, 8.58159619384e-05, -0.00191464123782, 0.00269238953479, -0.00306707574055, 0.00436504464597, -0.00721910595894, 0.0162966120988, -0.0081931380555, 0.00344589119777], [-0.000141749318573, 2.42015521508e-05, -0.00016273316578, 0.000306496949634, -0.000622342806309, 0.00114409951493, -0.00211198930629, 0.00165487639606, -0.00205103796907, 0.00480726640671, -0.0081931380555, 0.0144095933065, -0.00445291027427], [0.00013199406385, 0.000258536805632, -0.000197014232981, -0.00112684885971, -0.000102384881757, 0.000247859250521, 0.000458382128272, -0.00196108873934, 0.00215949025005, -0.0014262329787, 0.00344589119777, -0.00445291027427, 0.0113283023238]], "cov": [[11357.2871094, -1616.9029541, -1691.20678711, -90.3475189209, -764.423706055, -161.090133667, -262.78994751, 245.729354858, -59.5032234192, 84.0193862915, -99.2441177368, -105.287025452, -73.318069458], [-1616.9029541, 1907.09936523, 174.304718018, 42.5330734253, 123.912384033, -43.6386528015, 104.550300598, -103.239028931, 15.7008905411, 0.593192875385, 58.7532958984, 40.2919197083, -42.4024543762], [-1691.20678711, 174.304718018, 1223.89123535, 64.9240646362, 181.002609253, 118.368812561, -8.72572135925, -18.7497196198, 4.3049697876, 7.48610687256, 4.00204849243, 8.08400440216, 41.7060508728], [-90.3475189209, 42.5330734253, 64.9240646362, 507.102935791, 91.5262756348, 14.7152175903, 26.5602111816, -18.4350185394, 39.8108978271, 37.8742446899, -37.514831543, -14.8693323135, 50.6387367249], [-764.423706055, 123.912384033, 181.002609253, 91.5262756348, 373.471984863, 110.781455994, 2.44433784485, 0.950722515583, 17.8948974609, 11.9910316467, 24.5656528473, 17.6994724274, 16.9315109253], [-161.090133667, -43.6386528015, 118.368812561, 14.7152175903, 110.781455994, 208.884140015, 84.7191848755, 28.3019218445, 16.0001220703, -8.04298782349, 8.1554107666, 6.582010746, 0.341424882412], [-262.78994751, 104.550300598, -8.72572135925, 26.5602111816, 2.44433784485, 84.7191848755, 221.598999023, 63.9239311218, 14.656167984, -2.96821951866, -6.26663732529, 17.389831543, 9.00827407837], [245.729354858, -103.239028931, -18.7497196198, -18.4350185394, 0.950722515583, 28.3019218445, 63.9239311218, 140.650314331, 35.5351905823, -7.02790641785, 0.738584041595, 5.55438709259, 12.784280777], [-59.5032234192, 15.7008905411, 4.3049697876, 39.8108978271, 17.8948974609, 16.0001220703, 14.656167984, 35.5351905823, 132.942596436, 55.1764221191, -8.94701099396, -11.6628732681, -10.5185556412], [84.0193862915, 0.593192875385, 7.48610687256, 37.8742446899, 11.9910316467, -8.04298782349, -2.96821951866, -7.02790641785, 55.1764221191, 128.763214111, 29.3458557129, -19.5069046021, -8.80822849274], [-99.2441177368, 58.7532958984, 4.00204849243, -37.514831543, 24.5656528473, 8.1554107666, -6.26663732529, 0.738584041595, -8.94701099396, 29.3458557129, 109.597084045, 46.3724822998, -13.1310710907], [-105.287025452, 40.2919197083, 8.08400440216, -14.8693323135, 17.6994724274, 6.582010746, 17.389831543, 5.55438709259, -11.6628732681, -19.5069046021, 46.3724822998, 110.872520447, 28.4857349396], [-73.318069458, -42.4024543762, 41.7060508728, 50.6387367249, 16.9315109253, 0.341424882412, 9.00827407837, 12.784280777, -10.5185556412, -8.80822849274, -13.1310710907, 28.4857349396, 113.940689087]]}, "spectral_contrast_valleys": {"min": [-28.54063797, -27.8817901611, -27.7065296173, -27.7986488342, -27.4414730072, -27.4231281281], "max": [-4.99264383316, -4.68317461014, -5.20571660995, -5.43915700912, -5.75601100922, -7.78024864197], "dvar2": [0.220344290137, 0.334606319666, 0.287857741117, 0.266447812319, 0.252574443817, 0.535655498505], "median": [-7.11584806442, -7.60324907303, -8.63226127625, -8.90498256683, -8.58762741089, -11.3842363358], "dmean2": [0.531851112843, 0.600245058537, 0.559191226959, 0.501750528812, 0.434665203094, 0.468222558498], "dmean": [0.326620191336, 0.381964415312, 0.364344149828, 0.338529378176, 0.31248152256, 0.359113156796], "var": [2.82770824432, 3.00836348534, 3.061450243, 3.09420323372, 3.23028469086, 2.67262768745], "dvar": [0.0972128137946, 0.152664735913, 0.143471509218, 0.139999806881, 0.145810902119, 0.281961739063], "mean": [-7.30126142502, -7.77629709244, -8.76523208618, -9.06300354004, -8.85372066498, -11.4061975479]}, "barkbands_flatness_db": {"min": 0.0471033379436, "max": 0.552475988865, "dvar2": 0.00118337199092, "median": 0.20116224885, "dmean2": 0.0328213237226, "dmean": 0.0227310340852, "var": 0.00595181621611, "dvar": 0.000615097233094, "mean": 0.214062824845}, "dynamic_complexity": 4.31207132339, "spectral_skewness": {"min": -0.384769052267, "max": 7.8168387413, "dvar2": 0.362083435059, "median": 1.44211900234, "dmean2": 0.546395778656, "dmean": 0.356440067291, "var": 1.40596556664, "dvar": 0.186983525753, "mean": 1.81373977661}, "erbbands_flatness_db": {"min": 0.0328769572079, "max": 0.451844125986, "dvar2": 0.000734234345146, "median": 0.184439375997, "dmean2": 0.026035156101, "dmean": 0.0184694416821, "var": 0.00254479469731, "dvar":