{"lowlevel": {"spectral_complexity": {"min": 0, "max": 58, "dvar2": 39.9459686279, "median": 10, "dmean2": 6.26878404617, "dmean": 4.37598705292, "var": 121.483833313, "dvar": 21.9083213806, "mean": 13.8718118668}, "silence_rate_20dB": {"min": 1, "max": 1, "dvar2": 0, "median": 1, "dmean2": 0, "dmean": 0, "var": 0, "dvar": 0, "mean": 1}, "average_loudness": 0.321657657623, "erbbands_spread": {"min": 1.23052930832, "max": 124.249404907, "dvar2": 404.894500732, "median": 39.2597007751, "dmean2": 20.3687934875, "dmean": 13.3812932968, "var": 545.881530762, "dvar": 180.007141113, "mean": 42.5872955322}, "spectral_kurtosis": {"min": -1.1668254137, "max": 158.587112427, "dvar2": 61.0895767212, "median": 12.9097471237, "dmean2": 5.21640300751, "dmean": 3.33453130722, "var": 45.8896636963, "dvar": 25.506986618, "mean": 14.2482776642}, "barkbands_kurtosis": {"min": -1.81902897358, "max": 677.395690918, "dvar2": 1076.28198242, "median": 5.35399532318, "dmean2": 15.8944635391, "dmean": 10.3196620941, "var": 686.845703125, "dvar": 456.478149414, "mean": 14.1222105026}, "spectral_strongpeak": {"min": 0, "max": 191.966445923, "dvar2": 89.9240875244, "median": 0.317936122417, "dmean2": 3.24166798592, "dmean": 1.82689607143, "var": 37.8748130798, "dvar": 34.1591873169, "mean": 1.86464369297}, "spectral_spread": {"min": 941837.4375, "max": 39768100, "dvar2": 432203988992, "median": 4082124, "dmean2": 716799, "dmean": 472616.71875, "var": 762843234304, "dvar": 203439669248, "mean": 4046439.5}, "spectral_rms": {"min": 3.31588250781e-12, "max": 0.0142290182412, "dvar2": 1.4573088265e-06, "median": 0.00457922229543, "dmean2": 0.00124383694492, "dmean": 0.000888118811417, "var": 6.28182942819e-06, "dvar": 7.40504844998e-07, "mean": 0.00471277255565}, "erbbands": {"min": [2.43504099903e-21, 1.03143751675e-20, 1.3933459984e-20, 7.03614627816e-20, 1.27619066341e-19, 7.06896079155e-20, 1.48918114084e-19, 4.49913357937e-19, 5.06671648137e-19, 5.09722445333e-19, 1.97239872895e-18, 1.73181211041e-18, 6.53831008218e-19, 2.06656104077e-18, 1.81703394399e-18, 2.8552370162e-18, 5.27878170559e-18, 8.08279700992e-18, 4.17419738922e-18, 1.07788656579e-17, 7.3143917158e-18, 8.9857084891e-18, 6.96096473701e-18, 2.56498748698e-17, 1.72894330329e-17, 1.33550419207e-17, 1.69876841629e-17, 2.16906195356e-17, 1.61300285622e-17, 1.44875555769e-17, 2.08127344058e-17, 1.91102610476e-17, 1.4160920151e-17, 1.25350776318e-17, 9.85130833238e-18, 7.2363133106e-18, 3.56206222924e-18, 1.35432503255e-18, 4.3478696457e-19, 3.86278418037e-20], "max": [4.07872962952, 26.1827068329, 75.3506774902, 153.907745361, 455.479675293, 882.453613281, 1000.55383301, 1174.67736816, 1411.75964355, 2222.48046875, 1019.4508667, 1637.62329102, 774.063964844, 834.035583496, 1556.46716309, 2062.06005859, 2158.65649414, 1740.56018066, 1092.86120605, 862.127319336, 653.669555664, 588.086120605, 701.511901855, 461.746398926, 559.41192627, 945.888122559, 595.950012207, 244.139358521, 41.5225296021, 26.175075531, 14.1192598343, 6.47521257401, 0.962748289108, 0.653365373611, 0.407819986343, 0.226958528161, 0.637933015823, 1.40528166294, 2.51304626465, 0.137283429503], "dvar2": [0.168251648545, 5.58159732819, 32.5512580872, 117.096046448, 281.08996582, 1131.95288086, 1589.87268066, 2006.86535645, 1851.0567627, 2562.65332031, 1627.19702148, 3539.25146484, 1028.29541016, 1551.14306641, 3063.55834961, 4215.33642578, 4247.64208984, 1640.10705566, 1084.60266113, 644.150390625, 414.5050354, 480.335144043, 703.519287109, 398.192047119, 301.359954834, 624.354614258, 353.963226318, 89.59400177, 7.29882192612, 1.03001987934, 0.205032706261, 0.043975751847, 0.00578729389235, 0.00251209433191, 0.000982338329777, 0.000310782314045, 0.00077249808237, 0.00776486191899, 0.025996748358, 0.000159742718097], "median": [0.0483419969678, 0.480318546295, 1.31366610527, 1.82948982716, 2.07966065407, 2.76344680786, 3.35758066177, 4.69844770432, 4.8267583847, 4.39753341675, 3.30851387978, 2.64972639084, 2.1606502533, 2.05979442596, 1.673843503, 1.81428861618, 2.52580070496, 1.92620718479, 1.8006156683, 1.85234677792, 2.60180544853, 3.78986358643, 4.96123886108, 4.96758937836, 4.78866624832, 4.83264780045, 4.29926347733, 2.50275683403, 0.783487558365, 0.270248413086, 0.082639016211, 0.0236047804356, 0.00718564540148, 0.00415273336694, 0.00280628935434, 0.0022689383477, 0.00583242857829, 0.0251228250563, 0.0417200401425, 0.00714794080704], "dmean2": [0.217965379357, 1.35687303543, 3.24888038635, 5.63841199875, 7.08239030838, 12.1267557144, 13.5766944885, 17.6380901337, 14.4942750931, 15.7100448608, 14.2802581787, 17.1143035889, 11.0726623535, 14.6242733002, 17.4733829498, 19.0283908844, 19.8682098389, 14.2777929306, 11.4728279114, 8.82740497589, 7.999792099, 9.66455173492, 11.080414772, 10.1590480804, 9.5971622467, 11.8124389648, 11.0579032898, 6.31854963303, 1.88271427155, 0.627219319344, 0.217418432236, 0.0849651917815, 0.0397266969085, 0.0253112502396, 0.0160126555711, 0.00948143936694, 0.0137296011671, 0.0659068077803, 0.118331469595, 0.0102344928309], "dmean": [0.134956806898, 0.847556114197, 2.02396702766, 3.46082472801, 4.33174943924, 7.76833581924, 8.76386356354, 11.556397438, 9.3268032074, 10.1932497025, 9.28898239136, 11.0957317352, 7.14077377319, 9.56649780273, 12.0232028961, 12.7347269058, 13.5288276672, 9.5408449173, 7.71099090576, 5.91213703156, 5.34351491928, 6.40217971802, 7.29793787003, 6.73555850983, 6.45391273499, 7.83540678024, 7.31110334396, 4.18904685974, 1.28032553196, 0.435652464628, 0.149460867047, 0.054049603641, 0.0237695369869, 0.0150331715122, 0.00953686609864, 0.00572826666757, 0.00955716986209, 0.0455853901803, 0.07884798944, 0.00725144194439], "var": [0.112600013614, 5.83403253555, 41.1945533752, 161.329833984, 238.747238159, 1648.02685547, 2289.26538086, 3887.60253906, 1631.16796875, 2326.90478516, 1466.76611328, 4095.44433594, 878.603759766, 1496.56640625, 5544.36474609, 5072.70214844, 5833.35595703, 1997.50219727, 1043.72473145, 603.961547852, 447.092071533, 479.128295898, 610.699645996, 335.248260498, 247.731033325, 467.021087646, 302.821594238, 66.9546432495, 6.16741657257, 1.14106297493, 0.174971193075, 0.0198220778257, 0.00226671993732, 0.000950528716203, 0.000376379204681, 0.000126117971377, 0.000603688706178, 0.00687081646174, 0.0165236797184, 0.000138088726089], "dvar": [0.0635991841555, 2.21813344955, 12.6236095428, 47.0689811707, 118.979125977, 567.000915527, 694.897460938, 966.448120117, 744.444213867, 1134.49145508, 732.784118652, 1509.33984375, 445.711425781, 699.070739746, 1673.10668945, 1963.16357422, 1987.2142334, 727.776306152, 472.874206543, 279.831665039, 191.126098633, 213.616134644, 315.388549805, 181.565505981, 143.078720093, 296.461547852, 179.232543945, 42.2821655273, 3.44386744499, 0.533351898193, 0.100701704621, 0.0178875811398, 0.00225771660917, 0.000973907241132, 0.000381584337447, 0.000121632830997, 0.000367699423805, 0.00380289182067, 0.0117613421753, 7.26989310351e-05], "mean": [0.210991233587, 1.52813351154, 3.71713066101, 6.46295022964, 7.10245037079, 13.5482149124, 18.5778636932, 24.6008911133, 16.1955757141, 16.2823181152, 15.1421098709, 18.9137916565, 11.6192827225, 15.2844610214, 21.7671852112, 23.5705928802, 26.413690567, 18.311914444, 13.9904537201, 10.4242858887, 9.8057641983, 11.1817550659, 11.6918010712, 10.0888385773, 9.07382583618, 10.1406373978, 9.13587379456, 5.18941116333, 1.68239629269, 0.614453017712, 0.204540669918, 0.0631149485707, 0.0233065541834, 0.0144035499543, 0.00927587971091, 0.00601435545832, 0.0129945306107, 0.0569755472243, 0.09115883708, 0.0111518930644]}, "zerocrossingrate": {"min": 0.00439453125, "max": 0.9541015625, "dvar2": 0.00183740700595, "median": 0.19140625, "dmean2": 0.049059804529, "dmean": 0.0409848764539, "var": 0.0155991921201, "dvar": 0.00135580764618, "mean": 0.228647738695}, "spectral_contrast_coeffs": {"min": [-0.984408080578, -0.980064213276, -0.972095012665, -0.977110207081, -0.967907786369, -0.960366129875], "max": [-0.26089438796, -0.424679368734, -0.476960152388, -0.528488516808, -0.643597960472, -0.386155903339], "dvar2": [0.00476424163207, 0.00395967811346, 0.00247916416265, 0.00155379390344, 0.000809897319414, 0.00606323033571], "median": [-0.675606548786, -0.757099807262, -0.822236776352, -0.830431759357, -0.827182948589, -0.673716545105], "dmean2": [0.0872598513961, 0.0804299861193, 0.0623626001179, 0.0490731596947, 0.0354803167284, 0.098450563848], "dmean": [0.0534957423806, 0.0495928488672, 0.0386932641268, 0.0305657573044, 0.0224685072899, 0.0648816376925], "var": [0.00830317102373, 0.00655816169456, 0.00388996535912, 0.00295970169827, 0.00106583652087, 0.00724498927593], "dvar": [0.00186451908667, 0.00156137195881, 0.000998671166599, 0.00062729784986, 0.00033105944749, 0.00263575231656], "mean": [-0.666176497936, -0.747358739376, -0.814067304134, -0.823005080223, -0.826068222523, -0.675243377686]}, "dissonance": {"min": 0.18586820364, "max": 0.500000178814, "dvar2": 0.00108791794628, "median": 0.47846031189, "dmean2": 0.029512103647, "dmean": 0.0180468149483, "var": 0.00085282837972, "dvar": 0.00042710910202, "mean": 0.469840764999}, "spectral_energyband_high": {"min": 8.35961086288e-21, "max": 0.0253620781004, "dvar2": 1.67637062987e-06, "median": 0.000459755887277, "dmean2": 0.0009620571509, "dmean": 0.00066071015317, "var": 1.37465337957e-06, "dvar": 8.03478599209e-07, "mean": 0.000865013804287}, "gfcc": {"mean": [-43.4968681335, 88.1921310425, -86.1780776978, 17.0265960693, -12.1827945709, -45.2611923218, 11.9582872391, -26.006231308, -4.13032579422, -5.42468070984, -6.54490041733, -3.17875266075, -9.10628032684], "icov": [[0.000152556021931, -0.000256622937741, 0.000439796742285, -0.000422402721597, 0.000246307434281, -0.000119320931844, -3.76046664314e-05, -9.93933936115e-05, 0.000346439686837, -0.000374738039682, 0.000320527586155, -0.000282900931779, 0.000116683142551], [-0.000256622937741, 0.00234161061235, -0.00317358528264, 0.00393154099584, -0.00277382461354, 0.00034700188553, 0.00028653384652, 0.00129364873283, -0.00264094001614, 0.00246869493276, -0.00192039553076, 0.00124580564443, -0.000997545779683], [0.000439796742285, -0.00317358528264, 0.00812343787402, -0.00943852588534, 0.00647763954476, -0.00162051734515, -0.000131796317874, -0.00197505252436, 0.0048223589547, -0.00398675911129, 0.000296923390124, 0.00115085067227, 0.00035357804154], [-0.000422402721597, 0.00393154099584, -0.00943852588534, 0.0135399084538, -0.00973545946181, 0.00340625876561, 0.000607622845564, 0.000195930246264, -0.00360530731268, 0.00276463921182, 0.00201441673562, -0.00464524654672, 0.00173834199086], [0.000246307434281, -0.00277382461354, 0.00647763954476, -0.00973545946181, 0.0127835106105, -0.00463265832514, -0.0032706737984, 0.00233711209148, -0.000225030409638, -7.71540799178e-05, -0.00304758478887, 0.00511611672118, -0.00446600280702], [-0.000119320931844, 0.00034700188553, -0.00162051734515, 0.00340625876561, -0.00463265832514, 0.005377931986, 0.000584109104238, -0.00476827751845, 0.00394950807095, -0.00326255871914, 0.00227541080676, -0.00363495852798, 0.00323453056626], [-3.76046664314e-05, 0.00028653384652, -0.000131796317874, 0.000607622845564, -0.0032706737984, 0.000584109104238, 0.00627743359655, -0.000676957773976, -0.00277835386805, 0.00117096118629, 0.000983736827038, -0.00265108956955, 0.00284669757821], [-9.93933936115e-05, 0.00129364873283, -0.00197505252436, 0.000195930246264, 0.00233711209148, -0.00476827751845, -0.000676957773976, 0.0135508170351, -0.00917630456388, 0.00489530107006, -0.00609386060387, 0.00941684562713, -0.00907418131828], [0.000346439686837, -0.00264094001614, 0.0048223589547, -0.00360530731268, -0.000225030409638, 0.00394950807095, -0.00277835386805, -0.00917630456388, 0.0234263334423, -0.0170575529337, 0.0110156824812, -0.0108170975, 0.00946256332099], [-0.000374738039682, 0.00246869493276, -0.00398675911129, 0.00276463921182, -7.71540799178e-05, -0.00326255871914, 0.00117096118629, 0.00489530107006, -0.0170575529337, 0.0313998050988, -0.0215165410191, 0.0111750522628, -0.00630831392482], [0.000320527586155, -0.00192039553076, 0.000296923390124, 0.00201441673562, -0.00304758478887, 0.00227541080676, 0.000983736827038, -0.00609386060387, 0.0110156824812, -0.0215165410191, 0.0328659676015, -0.0182919111103, 0.00730492640287], [-0.000282900931779, 0.00124580564443, 0.00115085067227, -0.00464524654672, 0.00511611672118, -0.00363495852798, -0.00265108956955, 0.00941684562713, -0.0108170975, 0.0111750522628, -0.0182919111103, 0.0297002773732, -0.0136763658375], [0.000116683142551, -0.000997545779683, 0.00035357804154, 0.00173834199086, -0.00446600280702, 0.00323453056626, 0.00284669757821, -0.00907418131828, 0.00946256332099, -0.00630831392482, 0.00730492640287, -0.0136763658375, 0.022180384025]], "cov": [[9115.79785156, 865.808959961, -804.678100586, -376.828216553, 296.349639893, 337.324401855, 192.071563721, -52.0158920288, 58.8711090088, 30.7871055603, 20.5014419556, 80.2978973389, 24.2918682098], [865.808959961, 1331.90808105, 139.033096313, -321.631530762, 74.4872283936, 235.960449219, -78.2481307983, 51.504524231, -20.3044986725, 49.4794807434, 83.7380065918, -63.9442253113, 45.7679023743], [-804.678100586, 139.033096313, 972.782897949, 515.689758301, -86.7849197388, 9.31090641022, -132.485397339, 95.9704437256, -74.6841583252, 31.845117569, 23.0061798096, -14.0292797089, 16.6881637573], [-376.828216553, -321.631530762, 515.689758301, 689.538635254, 140.096237183, -143.036758423, 101.611335754, -11.0386953354, 42.1103935242, -13.1774921417, -27.3733482361, 64.7674407959, -15.9968662262], [296.349639893, 74.4872283936, -86.7849197388, 140.096237183, 324.002319336, 124.587226868, 169.927001953, 7.76578521729, 62.3543586731, 16.5670566559, 14.1729917526, 27.3594341278, 10.9443569183], [337.324401855, 235.960449219, 9.31090641022, -143.036758423, 124.587226868, 534.579650879, -25.482711792, 173.054840088, -30.9776134491, 70.3852005005, 60.2998809814, -25.3335399628, 38.8507156372], [192.071563721, -78.2481307983, -132.485397339, 101.611335754, 169.927001953, -25.482711792, 325.962799072, -22.5103874207, 107.861778259, -0.886135935783, -10.9304275513, 45.2469902039, -38.2635040283], [-52.0158920288, 51.504524231, 95.9704437256, -11.0386953354, 7.76578521729, 173.054840088, -22.5103874207, 197.18800354, 22.0782623291, 45.087978363, 28.0415725708, -26.0645370483, 39.9107894897], [58.8711090088, -20.3044986725, -74.6841583252, 42.1103935242, 62.3543586731, -30.9776134491, 107.861778259, 22.0782623291, 140.599472046, 46.6101226807, 8.93643951416, 27.0947322845, -24.0337181091], [30.7871055603, 49.4794807434, 31.845117569, -13.1774921417, 16.5670566559, 70.3852005005, -0.886135935783, 45.087978363, 46.6101226807, 98.8965682983, 58.7552032471, 5.15668678284, 6.29110479355], [20.5014419556, 83.7380065918, 23.0061798096, -27.3733482361, 14.1729917526, 60.2998809814, -10.9304275513, 28.0415725708, 8.93643951416, 58.7552032471, 87.0771102905, 27.6362323761, 13.6323518753], [80.2978973389, -63.9442253113, -14.0292797089, 64.7674407959, 27.3594341278, -25.3335399628, 45.2469902039, -26.0645370483, 27.0947322845, 5.15668678284, 27.6362323761, 85.5924987793, 18.1639957428], [24.2918682098, 45.7679023743, 16.6881637573, -15.9968662262, 10.9443569183, 38.8507156372, -38.2635040283, 39.9107894897, -24.0337181091, 6.29110479355, 13.6323518753, 18.1639957428, 84.5326004028]]}, "spectral_flux": {"min": 1.06160039093e-10, "max": 0.322344869375, "dvar2": 0.00127292296384, "median": 0.0764675959945, "dmean2": 0.0363528728485, "dmean": 0.0231146514416, "var": 0.00181653781328, "dvar": 0.000529417069629, "mean": 0.0820011422038}, "silence_rate_30dB": {"min": 0, "max": 1, "dvar2": 0.0285907648504, "median": 1, "dmean2": 0.023979017511, "dmean": 0.0119891632348, "var": 0.0231551285833, "dvar": 0.0118458755314, "mean": 0.976281762123}, "spectral_energyband_middle_high": {"min": 1.63613083891e-21, "max": 0.0585831776261, "dvar2": 1.16184064609e-05, "median": 0.000926200125832, "dmean2": 0.00180685915984, "dmean": 0.00133867515251, "var": 3.0511913792e-05, "dvar": 6.56290239931e-06, "mean": 0.00334639358334}, "barkbands_spread": {"min": 0.386266112328, "max": 127.398681641, "dvar2": 499.500366211, "median": 23.1774768829, "dmean2": 20.3189086914, "dmean": 13.2467470169, "var": 552.935852051, "dvar": 231.149597168, "mean": 29.5024204254}, "spectral_centroid": {"min": 141.792205811, "max": 10705.1259766, "dvar2": 460051.9375, "median": 1233.42663574, "dmean2": 644.214599609, "dmean": 433.546875, "var": 750363.875, "dvar": 227166.578125, "mean": 1400.21765137}, "pitch_salience": {"min": 0.0599772930145, "max": 0.968731760979, "dvar2": 0.0132595002651, "median": 0.582358300686, "dmean2": 0.1333142519, "dmean": 0.0822655931115, "var": 0.0170232467353, "dvar": 0.005306920968, "mean": 0.567233622074}, "erbbands_skewness": {"min": -4.55007219315, "max": 8.80319786072, "dvar2": 0.881831645966, "median": 0.20678293705, "dmean2": 0.944559216499, "dmean": 0.648051083088, "var": 1.5640745163, "dvar": 0.417473256588, "mean": 0.307316720486}, "erbbands_crest": {"min": 2.09779238701, "max": 31.720079422, "dvar2": 14.7529258728, "median": 7.45425653458, "dmean2": 4.09572649002, "dmean": 2.58729743958, "var": 21.9423236847, "dvar": 6.43156147003, "mean": 8.84196186066}, "melbands": {"min": [2.0565513869e-23, 9.34050833713e-24, 1.50771703154e-23, 6.44018785502e-24, 4.42938732407e-24, 1.07226541742e-23, 7.86810576842e-24, 6.51216667946e-24, 1.71011318072e-23, 9.17406815246e-24, 2.9941349764e-24, 8.11998353343e-24, 6.27540703926e-24, 6.36610987172e-24, 1.20066767588e-23, 1.16015911619e-23, 1.4572832606e-23, 3.5780194473e-24, 1.5917150985e-23, 1.44257684229e-23, 6.84143485471e-24, 9.82152968472e-24, 6.27055515027e-24, 5.63407101193e-24, 2.41612286497e-23, 1.27933588302e-23, 1.16369763067e-23, 8.16114708433e-24, 1.0910860609e-23, 1.01123369465e-23, 1.30394124351e-23, 7.43254253049e-24, 1.15539983946e-23, 6.56345841551e-24, 9.9991606502e-24, 1.72314863386e-23, 9.89095023324e-24, 9.49651978063e-24, 9.39733314358e-24, 1.14243467383e-23], "max": [0.0329715795815, 0.038870561868, 0.0255251824856, 0.0468034930527, 0.0263803601265, 0.0234728939831, 0.0191130898893, 0.0204341039062, 0.00935698114336, 0.0102517222986, 0.00383786833845, 0.00309823849238, 0.00444976752624, 0.00327132316306, 0.00628928700462, 0.00540695805103, 0.00297712371685, 0.00233672419563, 0.00159667769913, 0.00137518101837, 0.000967356143519, 0.00076840352267, 0.00058363575954, 0.000671585381497, 0.000405631173635, 0.000357611657819, 0.000595884863287, 0.000707844155841, 0.000481820199639, 0.000363945146091, 8.94025433809e-05, 2.79625492112e-05, 2.0881952878e-05, 1.38171590152e-05, 9.34764466365e-06, 6.34656817056e-06, 2.86594490717e-06, 6.84535223172e-07, 6.04220133482e-07, 5.32553087851e-07], "dvar2": [1.02112144305e-05, 7.69782309362e-06, 3.60242052011e-06, 2.80003132502e-06, 1.51118445046e-06, 8.87895737378e-07, 4.26922980523e-07, 2.50854128581e-07, 1.22107010725e-07, 1.39370797569e-07, 2.53059777577e-08, 2.58376502416e-08, 3.40344037397e-08, 2.40237696403e-08, 5.88481157138e-08, 1.95619236365e-08, 6.22719520393e-09, 4.05492750488e-09, 2.05558636779e-09, 1.06289366197e-09, 6.51450560163e-10, 6.09246042504e-10, 6.98847146818e-10, 6.54531484567e-10, 2.98260749432e-10, 1.46843731619e-10, 2.94524238331e-10, 3.28688715134e-10, 1.58340451861e-10, 1.13045142691e-10, 1.93913270857e-11, 3.22526163762e-12, 7.75498263696e-13, 2.43217040475e-13, 8.65801300012e-14, 4.10512315601e-14, 1.12448629713e-14, 3.02549305562e-15, 2.13827241842e-15, 1.67385251201e-15], "median": [0.000600615865551, 0.00074743910227, 0.000346865446772, 0.000174221975612, 0.000131250533741, 0.000106320920167, 7.09160594852e-05, 4.59009461338e-05, 2.31979101954e-05, 1.61652897077e-05, 9.72352154349e-06, 7.89849673311e-06, 5.42132193004e-06, 4.17376531914e-06, 5.68024825043e-06, 4.46083004135e-06, 3.25246287503e-06, 2.82015980702e-06, 2.44960665441e-06, 2.35177071772e-06, 2.96934854305e-06, 3.57627391168e-06, 4.09159702031e-06, 4.2784076868e-06, 3.77944661523e-06, 3.33079674419e-06, 3.30749548993e-06, 3.03182628159e-06, 2.64603113465e-06, 2.20773358706e-06, 1.09959410111e-06, 4.56294117157e-07, 2.17881549247e-07, 1.10626125149e-07, 4.84608015938e-08, 2.28996821505e-08, 8.92050788792e-09, 4.44144010459e-09, 3.58170004766e-09, 3.28898086543e-09], "dmean2": [0.00179930136073, 0.00165967352223, 0.000985749531537, 0.000645451480523, 0.000464395154268, 0.000385500345146, 0.000229104043683, 0.000163965378306, 0.000124157872051, 0.000106416839117, 5.45693401364e-05, 5.91420248384e-05, 5.61124761589e-05, 5.43727874174e-05, 5.93727600062e-05, 3.92826732423e-05, 2.79041742033e-05, 2.12672148336e-05, 1.58639559231e-05, 1.11774716061e-05, 1.00123925222e-05, 1.05534454633e-05, 1.09699203676e-05, 1.05299359348e-05, 8.63799414219e-06, 7.03744490238e-06, 8.12128746475e-06, 8.10257643025e-06, 7.21034530216e-06, 6.13498423263e-06, 2.97933206639e-06, 1.20379024793e-06, 5.50575578018e-07, 2.80849292267e-07, 1.38644750791e-07, 7.631577148e-08, 4.39922018813e-08, 2.86142807226e-08, 2.32876757877e-08, 2.06506687306e-08], "dmean": [0.00113413622603, 0.00104204867966, 0.000605229870416, 0.000411881774198, 0.000300436164252, 0.000252671539783, 0.000147792379721, 0.000105779072328, 8.09168559499e-05, 6.8778914283e-05, 3.50263471773e-05, 3.834099698e-05, 3.82174803235e-05, 3.6569981603e-05, 3.91052017221e-05, 2.66419501713e-05, 1.82184030564e-05, 1.40615238706e-05, 1.04793844002e-05, 7.297747743e-06, 6.55035000818e-06, 6.84786618876e-06, 7.1309282248e-06, 6.81940582581e-06, 5.62163813811e-06, 4.63076230517e-06, 5.31848036189e-06, 5.30396027898e-06, 4.70854001833e-06, 3.99511691285e-06, 1.95294182959e-06, 7.9980583223e-07, 3.71830935819e-07, 1.92633905272e-07, 9.41296249835e-08, 4.96330727628e-08, 2.690934231e-08, 1.70316081238e-08, 1.38089664148e-08, 1.22589103313e-08], "var": [9.29863563215e-06, 9.8677146525e-06, 4.7431344683e-06, 3.834288691e-06, 2.17199408326e-06, 1.74954880094e-06, 3.7995894786e-07, 2.21756408791e-07, 1.16501865932e-07, 1.61359110962e-07, 2.04182573071e-08, 2.37445529905e-08, 5.81936987487e-08, 3.15179846666e-08, 6.50092033538e-08, 2.47826079658e-08, 6.54654286336e-09, 3.29439964197e-09, 1.92994620285e-09, 8.46315406644e-10, 6.48438525097e-10, 5.47115242e-10, 5.67360380899e-10, 4.97497598673e-10, 2.20488502456e-10, 1.04193820238e-10, 2.193959181e-10, 2.14646397878e-10, 1.28873842153e-10, 7.74913258561e-11, 1.29661992948e-11, 2.3474932935e-12, 7.08712006182e-13, 2.48856247024e-13, 7.16416536555e-14, 1.94807989456e-14, 4.47178762525e-15, 1.162257635e-15, 8.05080040652e-16, 6.32673895776e-16], "dvar": [4.02285922974e-06, 3.01919453705e-06, 1.44015041315e-06, 1.37456368066e-06, 6.70395991165e-07, 4.23975166086e-07, 1.71397417148e-07, 1.1071217898e-07, 5.54822499055e-08, 5.91995430455e-08, 1.09344773236e-08, 1.16484848434e-08, 1.80653003667e-08, 1.17902558827e-08, 2.58437378164e-08, 9.31833632478e-09, 2.66370903113e-09, 1.73614578269e-09, 9.07042940756e-10, 4.36685299032e-10, 3.02075670033e-10, 2.60863108892e-10, 3.06185410359e-10, 2.84991530375e-10, 1.30944380339e-10, 6.47603706772e-11, 1.40293554551e-10, 1.48262180311e-10, 7.8404671644e-11, 5.27415090767e-11, 8.73142096819e-12, 1.4528779655e-12, 3.68781584046e-13, 1.23894452098e-13, 4.23148895209e-14, 1.69076449889e-14, 4.46835375368e-15, 1.1798435213e-15, 8.28659585018e-16, 6.48916758391e-16], "mean": [0.00201469869353, 0.0020461732056, 0.00114376598503, 0.000722165743355, 0.000639707955997, 0.00055186112877, 0.000252758996794, 0.000165298071806, 0.000129640160594, 0.000116046656331, 5.36813276995e-05, 5.80395899306e-05, 6.68114735163e-05, 6.52896706015e-05, 7.00214586686e-05, 4.83795265609e-05, 3.25848486682e-05, 2.34508279391e-05, 1.72483432834e-05, 1.18033676699e-05, 1.12545758384e-05, 1.14286831376e-05, 1.11488016046e-05, 1.00881079561e-05, 7.97587745183e-06, 6.37998891762e-06, 6.90817660143e-06, 6.60512796458e-06, 5.7792917687e-06, 4.7774142331e-06, 2.37063045461e-06, 1.01345403891e-06, 4.98885697198e-07, 2.6627429861e-07, 1.25702840137e-07, 6.07445755918e-08, 2.80025354016e-08, 1.60993263165e-08, 1.30468116311e-08, 1.16752074675e-08]}, "spectral_entropy": {"min": 4.72321510315, "max": 9.81636619568, "dvar2": 0.105499379337, "median": 7.56978750229, "dmean2": 0.306351661682, "dmean": 0.211628317833, "var": 0.191557377577, "dvar": 0.0509519279003, "mean": 7.45684671402}, "spectral_rolloff": {"min": 21.533203125, "max": 22050, "dvar2": 92279920, "median": 1808.7890625, "dmean2": 6421.59765625, "dmean": 3458.6237793, "var": 86209416, "dvar": 42002368, "mean": 7829.09277344}, "barkbands": {"min": [2.02942656244e-23, 5.90428434985e-23, 7.73300387207e-24, 4.00512822625e-23, 2.58256936052e-23, 5.40605936586e-23, 2.52135312319e-23, 7.36110470686e-23, 6.05615017152e-23, 3.14834261056e-23, 4.73981142668e-23, 7.09146321422e-23, 1.00400170187e-22, 1.38151809314e-22, 1.68173570826e-22, 1.5573002842e-22, 1.53752120628e-22, 1.10554046971e-22, 4.93283079649e-22, 3.20423309015e-22, 4.92956276664e-22, 4.88337262562e-22, 7.55278250827e-22, 7.84518711876e-22, 1.28182995512e-21, 1.87141374096e-21, 2.82514692878e-21], "max": [0.0615905411541, 0.112390398979, 0.0925174579024, 0.076632604003, 0.170023992658, 0.105134271085, 0.0918943360448, 0.0471938028932, 0.0522083081305, 0.019659390673, 0.0364439040422, 0.0510308593512, 0.0428924895823, 0.0296879764646, 0.0187609177083, 0.0166590251029, 0.010869202204, 0.0116822868586, 0.0102418242022, 0.0181592553854, 0.0103032710031, 0.00103052100167, 0.000537453044672, 0.000137344773975, 5.78425970161e-05, 0.000406162784202, 0.00997451413423], "dvar2": [2.16289772652e-05, 0.000111409914098, 3.04772875097e-05, 2.59736953012e-05, 4.64422155346e-05, 2.66796869255e-05, 1.17431845865e-05, 3.34799665325e-06, 5.10972586198e-06, 1.0141321809e-06, 1.78235745807e-06, 2.78372840512e-06, 2.33951323025e-06, 6.45214754513e-07, 3.1105156495e-07, 1.92152072032e-07, 1.61035515589e-07, 2.3248790626e-07, 1.10829859068e-07, 2.50160070436e-07, 1.30117243202e-07, 4.17789713936e-09, 3.1450633764e-10, 3.74702179007e-11, 1.97163604887e-11, 1.91549789919e-10, 6.22444929377e-07], "median": [0.000235121711739, 0.00215375004336, 0.000947685563006, 0.000526179210283, 0.000778812449425, 0.000546875991859, 0.000275461236015, 0.000156072812388, 0.000114051123091, 5.68827454117e-05, 4.09021013184e-05, 3.639744682e-05, 5.55940932827e-05, 3.37097189913e-05, 3.12114425469e-05, 4.02596197091e-05, 6.24707972747e-05, 9.17253855732e-05, 9.26249485929e-05, 0.000100908910099, 8.81976520759e-05, 1.81641134986e-05, 3.55950896846e-06, 6.42822442387e-07, 3.7108475226e-07, 2.79513778878e-06, 0.000305353838485], "dmean2": [0.00206774985418, 0.0061576240696, 0.00299805914983, 0.00240325042978, 0.00270197307691, 0.0020621297881, 0.00114400067832, 0.000645875814371, 0.00073818070814, 0.000381045043468, 0.000429485051427, 0.000509921577759, 0.000456779322121, 0.000297828170005, 0.000199636619072, 0.000158421360538, 0.000174220724148, 0.000209317411645, 0.000185156561201, 0.000242975234869, 0.000225042269449, 4.42721611762e-05, 9.21905484574e-06, 2.95451059174e-06, 2.25351163863e-06, 7.11782377039e-06, 0.000616641249508], "dmean": [0.00125417672098, 0.00387076963671, 0.00184728379827, 0.00145604496356, 0.00173002749216, 0.00134592596442, 0.000740917399526, 0.000408534076996, 0.000479021895444, 0.000246379553573, 0.000285560032353, 0.000338431447744, 0.000306467351038, 0.000194682870642, 0.000131530774524, 0.000103988160845, 0.000114143993414, 0.000136958420626, 0.000123267222079, 0.000161410716828, 0.000149092986248, 3.00125284411e-05, 6.33811305306e-06, 1.79966400538e-06, 1.3391554603e-06, 4.91700575367e-06, 0.000423002144089], "var": [9.88801275525e-06, 0.000115875402116, 4.11662877013e-05, 3.18612583214e-05, 6.21085855528e-05, 5.13225131726e-05, 1.06360548671e-05, 2.50465473073e-06, 5.693967978e-06, 9.0052685664e-07, 2.61913874056e-06, 3.15941201734e-06, 2.85675014311e-06, 7.05131810719e-07, 3.12660773716e-07, 1.67671217355e-07, 1.50028498069e-07, 2.00458245558e-07, 8.47809644711e-08, 1.98738533186e-07, 1.04038555548e-07, 3.61702756635e-09, 3.00815483634e-10, 1.55051683298e-11, 7.49317535104e-12, 1.70888095341e-10, 4.51916832844e-07], "dvar": [8.29418695503e-06, 4.44022589363e-05, 1.1753747458e-05, 1.02360172605e-05, 2.23504248424e-05, 1.23608497233e-05, 4.81111510453e-06, 1.45921887906e-06, 2.17944216274e-06, 4.53578138604e-07, 8.85433792064e-07, 1.30777755203e-06, 1.07333039523e-06, 2.88938053927e-07, 1.37338659556e-07, 8.23009216333e-08, 6.98514668329e-08, 1.05250009597e-07, 4.97705130442e-08, 1.217394896e-07, 6.39549284642e-08, 1.96815452824e-09, 1.59410734613e-10, 1.48564077707e-11, 7.65110978046e-12, 9.50364092978e-11, 2.8303472277e-07], "mean": [0.00155976775568, 0.00702215451747, 0.00321377301589, 0.00241754064336, 0.0030734941829, 0.00301870517433, 0.00119839725085, 0.000585312023759, 0.000810723926406, 0.000373736431357, 0.000470709172077, 0.000573129509576, 0.000563508889172, 0.000345936015947, 0.000222461399972, 0.000176942296093, 0.000194304448087, 0.000211362974369, 0.000176770976395, 0.000210345489904, 0.000184973716387, 3.97508993046e-05, 8.76102603797e-06, 1.88631565834e-06, 1.28432952806e-06, 6.67123367748e-06, 0.000555315404199]}, "melbands_flatness_db": {"min": 0.00668696314096, "max": 0.634808599949, "dvar2": 0.00264822132885, "median": 0.253778994083, "dmean2": 0.0599071010947, "dmean": 0.0407159775496, "var": 0.00664684874937, "dvar": 0.0012254009489, "mean": 0.261378437281}, "melbands_skewness": {"min": -4.40583229065, "max": 27.3422756195, "dvar2": 4.00904893875, "median": 3.0369374752, "dmean2": 1.88485515118, "dmean": 1.24376070499, "var": 7.03986358643, "dvar": 1.77840554714, "mean": 3.55834150314}, "barkbands_skewness": {"min": -3.21330714226, "max": 23.4586467743, "dvar2": 2.97316265106, "median": 2.19740366936, "dmean2": 1.58628928661, "dmean": 1.06790781021, "var": 4.44016218185, "dvar": 1.3680075407, "mean": 2.52244448662}, "silence_rate_60dB": {"min": 0, "max": 1, "dvar2": 0.125970646739, "median": 0, "dmean2": 0.122892469168, "dmean": 0.061444465071, "var": 0.102700807154, "dvar": 0.0576757416129, "mean": 0.11622813344}, "spectral_energyband_low": {"min": 1.02854562587e-22, "max": 0.183503508568, "dvar2": 0.000197307759663, "median": 0.00596192572266, "dmean2": 0.00903315283358, "dmean": 0.00577382231131, "var": 0.000274140766123, "dvar": 7.92238861322e-05, "mean": 0.0126698790118}, "spectral_energyband_middle_low": {"min": 2.82859090616e-22, "max": 0.172946318984, "dvar2": 0.000119371718029, "median": 0.00480219116434, "dmean2": 0.00636821379885, "dmean": 0.00422256300226, "var": 0.000258911866695, "dvar": 5.6381799368e-05, "mean": 0.011218233034}, "melbands_kurtosis": {"min": -1.89346969128, "max": 970.016906738, "dvar2": 2524.79394531, "median": 13.7630023956, "dmean2": 27.3202610016, "dmean": 17.4014415741, "var": 2000.62268066, "dvar": 1044.1373291, "mean": 29.3217182159}, "spectral_decrease": {"min": -5.21299945433e-08, "max": 1.3591024306e-08, "dvar2": 1.99261605709e-17, "median": -4.23089563384e-09, "dmean2": 3.27343885331e-09, "dmean": 2.16484585813e-09, "var": 4.46949342328e-17, "dvar": 8.6262960314e-18, "mean": -6.17128970148e-09}, "erbbands_kurtosis": {"min": -1.88940918446, "max": 102.832122803, "dvar2": 37.5567626953, "median": -0.1055123806, "dmean2": 3.48319387436, "dmean": 2.23162770271, "var": 28.5548763275, "dvar": 16.7386856079, "mean": 1.5603158474}, "melbands_crest": {"min": 1.80995953083, "max": 39.4568481445, "dvar2": 29.761762619, "median": 15.2899246216, "dmean2": 6.21554470062, "dmean": 3.82124829292, "var": 35.1172409058, "dvar": 11.635099411, "mean": 15.7481307983}, "melbands_spread": {"min": 0.319336682558, "max": 194.840316772, "dvar2": 555.850830078, "median": 12.6739501953, "dmean2": 14.9452018738, "dmean": 9.63703727722, "var": 551.378112793, "dvar": 244.335098267, "mean": 20.3666267395}, "spectral_energy": {"min": 1.12699537597e-20, "max": 0.2075265944, "dvar2": 0.000306987698423, "median": 0.0214935075492, "dmean2": 0.0137359332293, "dmean": 0.00938527658582, "var": 0.000779189285822, "dvar": 0.000138066156069, "mean": 0.0292042791843}, "mfcc": {"mean": [-708.978759766, 149.024200439, -17.866437912, 66.1599502563, -13.8817529678, 11.7624931335, 1.52703213692, -2.49594402313, 0.0182076878846, -2.20098090172, 1.78136205673, 3.21226906776, -0.430190294981], "icov": [[0.000236490275711, -0.000207746197702, 0.000236552761635, -5.29777789779e-05, 2.80822077912e-05, -0.000305769615807, 0.000216843749513, -0.000218935791054, 0.000202196970349, -0.000224102986977, 0.000300639134366, -0.000282896275166, 0.000213809471461], [-0.000207746197702, 0.00120724225417, -0.000344351923559, 0.000595170946326, -0.000209390957025, -0.000176146771992, -0.000223100782023, 0.000675215153024, -0.000450704712421, 0.000692299043294, -0.00114312162623, 0.00058528612135, -0.000296570768114], [0.000236552761635, -0.000344351923559, 0.001851209905, -0.000844414927997, -0.00115455861669, 0.000963896105532, -0.000601146079134, -8.14626691863e-05, 0.00163911527488, -0.0012198794866, 0.000646323547699, -0.000573681201786, 0.000558752857614], [-5.29777789779e-05, 0.000595170946326, -0.000844414927997, 0.00192618009169, 0.000300727318972, -0.0011579078855, 0.00123577017803, -0.000370588444639, -0.0012123035267, 0.00140976777766, -0.00120548729319, 0.00155585957691, -0.00089959660545], [2.80822077912e-05, -0.000209390957025, -0.00115455861669, 0.000300727318972, 0.00536577915773, -0.00117416784633, -0.00183158484288, 0.00101942371111, -0.00144651718438, -0.00037843832979, 0.000898707949091, -0.000169314444065, -0.000634706637356], [-0.000305769615807, -0.000176146771992, 0.000963896105532, -0.0011579078855, -0.00117416784633, 0.00773481233045, -0.00308537553065, -0.00287589151412, 0.00292715104297, -0.00203238264658, 5.83177461522e-05, 7.24597121007e-05, -0.00177007808816], [0.000216843749513, -0.000223100782023, -0.000601146079134, 0.00123577017803, -0.00183158484288, -0.00308537553065, 0.0101116895676, -0.00250230100937, -0.00345220952295, 0.00331782293506, -0.00170724256895, -0.000814362021629, 0.000334526906954], [-0.000218935791054, 0.000675215153024, -8.14626691863e-05, -0.000370588444639, 0.00101942371111, -0.00287589151412, -0.00250230100937, 0.0129073709249, -0.00471327733248, -0.00223458278924, 0.00258860155009, -0.00166368926875, -0.000398792821215], [0.000202196970349, -0.000450704712421, 0.00163911527488, -0.0012123035267, -0.00144651718438, 0.00292715104297, -0.00345220952295, -0.00471327733248, 0.0159604046494, -0.00712436251342, 0.000300526706269, 0.00120933051221, -0.000169485618244], [-0.000224102986977, 0.000692299043294, -0.0012198794866, 0.00140976777766, -0.00037843832979, -0.00203238264658, 0.00331782293506, -0.00223458278924, -0.00712436251342, 0.0190978087485, -0.00971616432071, 0.00195537297986, -0.000496896624099], [0.000300639134366, -0.00114312162623, 0.000646323547699, -0.00120548729319, 0.000898707949091, 5.83177461522e-05, -0.00170724256895, 0.00258860155009, 0.000300526706269, -0.00971616432071, 0.0226933285594, -0.013255325146, 0.00251742661931], [-0.000282896275166, 0.00058528612135, -0.000573681201786, 0.00155585957691, -0.000169314444065, 7.24597121007e-05, -0.000814362021629, -0.00166368926875, 0.00120933051221, 0.00195537297986, -0.013255325146, 0.0278035197407, -0.0131277404726], [0.000213809471461, -0.000296570768114, 0.000558752857614, -0.00089959660545, -0.000634706637356, -0.00177007808816, 0.000334526906954, -0.000398792821215, -0.000169485618244, -0.000496896624099, 0.00251742661931, -0.0131277404726, 0.0241534952074]], "cov": [[7039.515625, 932.153015137, -1175.73278809, -342.349365234, -159.080657959, 463.390380859, -7.86365222931, 195.577484131, 20.3054790497, 85.7963943481, 32.1382217407, 83.8897476196, 40.8489837646], [932.153015137, 1318.60144043, -4.85551357269, -442.515930176, 113.368591309, 40.4489517212, 93.6531677246, -53.8429031372, -0.731986939907, 9.44098758698, 67.6490936279, 43.9470939636, 12.3512639999], [-1175.73278809, -4.85551357269, 1039.80200195, 280.326934814, 197.897171021, -101.750007629, 27.3338317871, -57.2220077515, -46.9159698486, -6.65927362442, -8.1100769043, -15.6804389954, -14.9884557724], [-342.349365234, -442.515930176, 280.326934814, 907.359436035, -18.2747383118, 59.096408844, -66.4184265137, 50.0126113892, 18.1978969574, -12.1740579605, -19.4734020233, -43.4419403076, 8.79860973358], [-159.080657959, 113.368591309, 197.897171021, -18.2747383118, 291.018798828, 57.3728065491, 102.782188416, 19.2547245026, 36.1209640503, 23.0579490662, 13.1998262405, 18.2864570618, 17.5788249969], [463.390380859, 40.4489517212, -101.750007629, 59.096408844, 57.3728065491, 259.489318848, 95.2934646606, 97.4460830688, 32.5206375122, 40.2274017334, 27.1708488464, 33.4948272705, 38.1915740967], [-7.86365222931, 93.6531677246, 27.3338317871, -66.4184265137, 102.782188416, 95.2934646606, 193.463226318, 66.9783477783, 55.3257293701, 21.6604919434, 27.8026733398, 31.7076129913, 21.3938713074], [195.577484131, -53.8429031372, -57.2220077515, 50.0126113892, 19.2547245026, 97.4460830688, 66.9783477783, 150.17767334, 66.2071685791, 43.3835105896, 12.9945230484, 20.0967559814, 20.9187984467], [20.3054790497, -0.731986939907, -46.9159698486, 18.1978969574, 36.1209640503, 32.5206375122, 55.3257293701, 66.2071685791, 120.657966614, 54.878452301, 24.6779060364, 11.8380765915, 11.071398735], [85.7963943481, 9.44098758698, -6.65927362442, -12.1740579605, 23.0579490662, 40.2274017334, 21.6604919434, 43.3835105896, 54.878452301, 104.356140137, 52.4446296692, 26.6418228149, 14.5733537674], [32.1382217407, 67.6490936279, -8.1100769043, -19.4734020233, 13.1998262405, 27.1708488464, 27.8026733398, 12.9945230484, 24.6779060364, 52.4446296692, 97.2076187134, 53.5983848572, 22.4279460907], [83.8897476196, 43.9470939636, -15.6804389954, -43.4419403076, 18.2864570618, 33.4948272705, 31.7076129913, 20.0967559814, 11.8380765915, 26.6418228149, 53.5983848572, 82.9048461914, 41.4742698669], [40.8489837646, 12.3512639999, -14.9884557724, 8.79860973358, 17.5788249969, 38.1915740967, 21.3938713074, 20.9187984467, 11.071398735, 14.5733537674, 22.4279460907, 41.4742698669, 65.7579650879]]}, "spectral_contrast_valleys": {"min": [-27.7102203369, -26.8211097717, -27.0953006744, -27.1751594543, -27.3683109283, -27.2034893036], "max": [-4.80947160721, -4.64126396179, -5.20999765396, -5.55471467972, -5.29347276688, -8.9990940094], "dvar2": [0.333329826593, 0.28541302681, 0.298126041889, 0.23107765615, 0.288761764765, 0.878842294216], "median": [-7.01935195923, -6.85478210449, -7.73474550247, -8.05958557129, -7.35517883301, -11.6296901703], "dmean2": [0.712041795254, 0.659936904907, 0.642890274525, 0.548621177673, 0.580293416977, 1.13138449192], "dmean": [0.447830051184, 0.426476418972, 0.42407977581, 0.382407158613, 0.452427446842, 0.707788109779], "var": [1.6124638319, 1.1017844677, 1.34844315052, 1.23156535625, 0.916795253754, 1.029540658], "dvar": [0.145722359419, 0.131224215031, 0.137479245663, 0.11254106462, 0.15404561162, 0.348893672228], "mean": [-7.33104848862, -6.9523100853, -7.77822589874, -8.09534072876, -7.52508068085, -11.6972999573]}, "barkbands_flatness_db": {"min": 0.035613168031, "max": 0.462551563978, "dvar2": 0.00174781482201, "median": 0.148129269481, "dmean2": 0.0470629632473, "dmean": 0.0315358862281, "var": 0.00355605501682, "dvar": 0.000787555589341, "mean": 0.159560441971}, "dynamic_complexity": 3.85420680046, "spectral_skewness": {"min": 0.0131668075919, "max": 10.3002939224, "dvar2": 0.356440961361, "median": 2.15659475327, "dmean2": 0.49918666482, "dmean": 0.330347687006, "var": 0.407313078642, "dvar": 0.16024312377, "mean": 2.27887988091}, "erbbands_flatness_db": {"min": 0.0474010668695, "max": 0.386757701635, "dvar2": 0.00111789384391, "median": 0.145816862583, "dmean2": 0.0379882529378, "dmean": 0.0255013350397, "var": 0.00206895545125, "dvar": 0.000511513149831, "mean": 0.15238532424}, "hfc": {"min": 1.25934