{"lowlevel": {"spectral_complexity": {"min": 0, "max": 59, "dvar2": 5.32197999954, "median": 7, "dmean2": 2.12367963791, "dmean": 1.27213859558, "var": 80.3848876953, "dvar": 2.11326670647, "mean": 9.26830387115}, "silence_rate_20dB": {"min": 0, "max": 1, "dvar2": 0.000130790256662, "median": 1, "dmean2": 0.000130808723043, "dmean": 6.54022223898e-05, "var": 0.000196158725885, "dvar": 6.53976094327e-05, "mean": 0.999803781509}, "average_loudness": 0.000832734978758, "erbbands_spread": {"min": 0.463372826576, "max": 77.4827728271, "dvar2": 23.3944664001, "median": 17.3381538391, "dmean2": 4.78709506989, "dmean": 3.0925142765, "var": 84.560508728, "dvar": 9.22595977783, "mean": 18.3501853943}, "spectral_kurtosis": {"min": -1.25359499454, "max": 285.819244385, "dvar2": 439.884033203, "median": 16.7933998108, "dmean2": 17.480474472, "dmean": 9.9557800293, "var": 1025.52746582, "dvar": 148.121353149, "mean": 28.0256061554}, "barkbands_kurtosis": {"min": -1.8959890604, "max": 1945.75219727, "dvar2": 5762.23144531, "median": 1.02240514755, "dmean2": 11.250213623, "dmean": 6.45844984055, "var": 4809.92773438, "dvar": 1847.91662598, "mean": 11.7486820221}, "spectral_strongpeak": {"min": 0, "max": 13.7709178925, "dvar2": 0.910858929157, "median": 0.334689795971, "dmean2": 0.467303395271, "dmean": 0.28170773387, "var": 0.831504464149, "dvar": 0.350745230913, "mean": 0.630956530571}, "spectral_spread": {"min": 349344.9375, "max": 42784500, "dvar2": 195409051648, "median": 1827494.75, "dmean2": 332029.03125, "dmean": 195588.3125, "var": 4984166940670.0, "dvar": 79303909376, "mean": 2067916.875}, "spectral_rms": {"min": 3.11938170607e-12, "max": 0.0197429489344, "dvar2": 2.84460924149e-07, "median": 0.00153791962657, "dmean2": 0.000369648594642, "dmean": 0.000250637414865, "var": 5.3067983572e-06, "dvar": 1.24280774116e-07, "mean": 0.00234117964283}, "erbbands": {"min": [1.00478728111e-22, 3.45074568593e-22, 3.18159412008e-21, 4.32804120553e-21, 7.65811162023e-21, 1.7296336915e-20, 6.35171765229e-20, 2.32720754526e-20, 5.76524724422e-20, 2.16812530076e-19, 3.02678207433e-19, 1.80290166662e-19, 4.32086452514e-19, 5.12999114534e-19, 8.91406430829e-19, 1.36148852005e-18, 1.80959407476e-18, 2.20417494338e-18, 2.85082586879e-18, 3.70291992062e-18, 3.83691490805e-18, 4.05747682812e-18, 4.75854010781e-18, 6.19692695652e-18, 6.80160508328e-18, 7.51924051295e-18, 9.28869730285e-18, 8.33103970201e-18, 9.8103099525e-18, 1.12726701497e-17, 1.12096191347e-17, 1.01138761383e-17, 9.15451785415e-18, 8.70263404859e-18, 5.29489683829e-18, 4.21667187291e-18, 2.41262962762e-18, 9.89954661057e-19, 2.59682057126e-19, 2.66299747595e-20], "max": [0.24516415596, 5.21132898331, 66.6100921631, 236.040435791, 435.601379395, 439.979370117, 810.770141602, 2537.67773438, 1908.10839844, 1541.23217773, 1096.31640625, 1532.35412598, 773.084533691, 2766.07104492, 1895.47753906, 1420.31567383, 3573.43017578, 1896.10217285, 1164.57507324, 1856.17553711, 790.826843262, 750.927368164, 1147.97033691, 900.824890137, 1301.99121094, 466.873016357, 527.791748047, 486.681182861, 203.910766602, 196.191574097, 152.654251099, 173.189285278, 94.2636184692, 87.3350601196, 102.328697205, 57.7531700134, 12.8680458069, 1.99537467957, 0.144279778004, 0.00607630750164], "dvar2": [0.000117353818496, 0.0343053340912, 1.40026366711, 51.5197143555, 133.140533447, 259.604522705, 471.801483154, 640.491455078, 3077.07495117, 2123.8269043, 678.172790527, 1943.60327148, 1577.23937988, 2479.7265625, 4426.65478516, 1868.17944336, 9792.52050781, 3213.51586914, 1526.01623535, 3928.96459961, 509.109985352, 537.327636719, 515.117492676, 284.302612305, 478.908966064, 115.554641724, 65.6315002441, 56.0542411804, 8.27653503418, 9.92781066895, 6.0685544014, 4.69182682037, 0.973996520042, 0.627714335918, 0.770499706268, 0.31317293644, 0.0254904702306, 0.000498027191497, 2.30363161791e-06, 2.46930298431e-09], "median": [0.00179344264325, 0.0176123473793, 0.0799899175763, 0.214690431952, 0.399560004473, 0.573305249214, 1.05326962471, 1.52406036854, 2.55761313438, 3.36268472672, 3.24043154716, 3.04808402061, 2.08313107491, 1.69043493271, 2.00718212128, 1.75369501114, 1.75559961796, 1.44627475739, 1.05981767178, 0.619989991188, 0.422586500645, 0.28410384059, 0.169327512383, 0.117751583457, 0.0608636960387, 0.0303894598037, 0.0135232461616, 0.00558157544583, 0.00246790470555, 0.00126075255685, 0.000602208194323, 0.000289560121018, 0.000148504972458, 9.20095844776e-05, 6.64232939016e-05, 2.07675129786e-05, 4.8908300414e-06, 9.67191226664e-07, 1.37375036502e-06, 2.76924902209e-06], "dmean2": [0.00520497187972, 0.0690967664123, 0.373239398003, 1.68914818764, 2.97948241234, 4.26403236389, 6.02986526489, 7.21692323685, 12.9534311295, 15.2927417755, 9.45108699799, 12.7020816803, 11.6270217896, 11.0304641724, 15.9183130264, 10.39569664, 22.1378726959, 13.8503637314, 9.75361061096, 12.0475873947, 6.00859832764, 5.40659952164, 4.15295982361, 3.70776486397, 2.91782522202, 1.96791732311, 0.997978687286, 0.616196513176, 0.290453851223, 0.239105015993, 0.177544504404, 0.120379835367, 0.0540716052055, 0.0384384132922, 0.0297284219414, 0.0160693209618, 0.00381116219796, 0.000536712934263, 3.73606017092e-05, 4.74170201414e-06], "dmean": [0.00334724364802, 0.0455180443823, 0.243153095245, 1.01996791363, 1.82127809525, 2.54881668091, 3.71900582314, 4.81091737747, 8.32350254059, 10.307849884, 6.28336572647, 9.56793880463, 7.47921133041, 7.1185631752, 10.1332168579, 6.54800844193, 13.9817876816, 8.88019657135, 6.3694896698, 7.61666584015, 3.71304750443, 3.32138729095, 2.56942677498, 2.34000301361, 1.80363464355, 1.21781504154, 0.636751770973, 0.394910186529, 0.186662778258, 0.157609522343, 0.116161040962, 0.0805395767093, 0.0406883507967, 0.0279609635472, 0.0247549265623, 0.0131472796202, 0.00341773289256, 0.000460644921986, 3.04158002109e-05, 3.46616889146e-06], "var": [0.000286257971311, 0.0607586503029, 2.15441036224, 51.0683822632, 155.02355957, 209.949203491, 630.817565918, 4268.94140625, 5197.05761719, 3461.75244141, 1915.97680664, 5541.17138672, 1890.68310547, 2302.11938477, 4042.02416992, 1665.86901855, 8430.22070312, 4204.71826172, 2491.69750977, 3865.96484375, 568.927490234, 653.411560059, 818.146606445, 620.77532959, 789.000793457, 207.784347534, 129.521530151, 101.47265625, 27.6322479248, 25.8201980591, 20.170545578, 11.7597131729, 3.37739276886, 1.99226248264, 1.98139059544, 0.613760888577, 0.0362378135324, 0.000645430758595, 3.23435938299e-06, 5.37651123622e-09], "dvar": [5.17675907759e-05, 0.0135483490303, 0.567179262638, 17.9975700378, 47.8445281982, 91.4199905396, 164.769485474, 359.496856689, 1053.74841309, 977.527709961, 293.838195801, 1083.66967773, 635.236328125, 971.96105957, 1753.28771973, 689.956726074, 3803.79492188, 1393.4387207, 702.544494629, 1577.25891113, 191.772079468, 207.467773438, 205.614135742, 129.060501099, 174.75189209, 45.7349967957, 27.7266845703, 22.4076251984, 3.51417994499, 3.97636985779, 2.71262907982, 2.04235625267, 0.562848389149, 0.39391246438, 0.563980042934, 0.236712887883, 0.0175269413739, 0.000326403154759, 1.48346748574e-06, 1.71267955373e-09], "mean": [0.00790952611715, 0.113427482545, 0.562061905861, 1.94923901558, 3.5548377037, 4.85259246826, 7.65355396271, 12.359208107, 20.7333278656, 22.5088253021, 16.2988471985, 25.7188892365, 16.1639995575, 15.3878087997, 19.5346679688, 13.2363948822, 24.9122886658, 18.0365848541, 13.8114442825, 14.4662837982, 7.83796358109, 6.85172271729, 5.8077673912, 5.35282325745, 4.39004182816, 2.85299015045, 1.64846289158, 1.06259667873, 0.58128041029, 0.472428411245, 0.363457471132, 0.245073929429, 0.123958483338, 0.0772512853146, 0.05539098382, 0.0244432985783, 0.00516266934574, 0.000645843683742, 5.25813011336e-05, 1.4709302377e-05]}, "zerocrossingrate": {"min": 0, "max": 0.52587890625, "dvar2": 3.53441246261e-05, "median": 0.03076171875, "dmean2": 0.00427197804675, "dmean": 0.00328574329615, "var": 0.000827343726996, "dvar": 1.98319467017e-05, "mean": 0.033033542335}, "spectral_contrast_coeffs": {"min": [-0.982440888882, -0.975232064724, -0.978833436966, -0.9708314538, -0.966921448708, -0.965776085854], "max": [-0.278909564018, -0.35430252552, -0.479626327753, -0.520177185535, -0.567959070206, -0.596964359283], "dvar2": [0.00300969020464, 0.00245202542283, 0.00152437668294, 0.00104782916605, 0.000487673096359, 0.000249353062827], "median": [-0.665643870831, -0.737687170506, -0.751614570618, -0.758177638054, -0.783085465431, -0.787165284157], "dmean2": [0.068535387516, 0.0599343329668, 0.0485392026603, 0.0398059748113, 0.0276154391468, 0.0188444424421], "dmean": [0.0413107424974, 0.0369659252465, 0.0301906000823, 0.0246836189181, 0.0169141795486, 0.0114278681576], "var": [0.00909007247537, 0.00545434001833, 0.00483315484598, 0.00504374876618, 0.00367497606203, 0.00349013973027], "dvar": [0.00109646038618, 0.000909402675461, 0.000593096017838, 0.000403155834647, 0.000184186908882, 9.1220579634e-05], "mean": [-0.664943993092, -0.735438108444, -0.749422967434, -0.759123623371, -0.782653927803, -0.786954283714]}, "dissonance": {"min": 0.103640496731, "max": 0.500000178814, "dvar2": 0.00208996376023, "median": 0.437408536673, "dmean2": 0.0514118522406, "dmean": 0.0305168498307, "var": 0.00294762547128, "dvar": 0.000761844217777, "mean": 0.424089968204}, "spectral_energyband_high": {"min": 7.05255159615e-21, "max": 0.0369402356446, "dvar2": 1.64398471725e-07, "median": 6.60750970383e-07, "dmean2": 3.94556554966e-05, "dmean": 2.76034170383e-05, "var": 1.00023225968e-06, "dvar": 1.09850859076e-07, "mean": 0.000106349187263}, "gfcc": {"mean": [-210.475524902, 180.584259033, -135.365844727, -5.4434633255, -41.2082824707, -9.61159706116, -25.8586769104, -2.22056603432, -13.2546491623, -3.05010437965, -5.31798553467, -9.01316356659, -5.05305767059], "icov": [[0.000220332309254, -0.000496582477354, 0.000542629335541, -0.000653256953228, 0.000909708847757, -0.000576033664402, 0.000523489667103, -0.000414949696278, 0.000521863286849, -0.000192741223145, 0.000133412671858, 0.000359913130524, 9.90108019323e-05], [-0.000496582477354, 0.00349325872958, -0.00143773818854, 0.00276280497201, -0.00317411636934, 0.00284147867933, -0.00202480750158, 0.00276873330586, -0.00252956594341, 0.00319712446071, -0.00164901814424, 0.00159815617371, -0.000633575313259], [0.000542629335541, -0.00143773818854, 0.00220363563858, -0.00150781520642, 0.00183504098095, -0.0017351214774, 0.00124434113968, -0.00123258249369, 0.000743877026252, -0.000237181753619, 0.00130537268706, -0.000405267783208, 0.000994388828985], [-0.000653256953228, 0.00276280497201, -0.00150781520642, 0.00475685112178, -0.0036495521199, 0.00194463750813, -0.00154764309991, 0.00139790133107, -0.00162720168009, 0.00258343364112, 0.000441683427198, -0.00109044380952, 0.000986264203675], [0.000909708847757, -0.00317411636934, 0.00183504098095, -0.0036495521199, 0.00845414027572, -0.00363724632189, 7.75360313128e-05, -0.00179809157271, 0.00322292954661, -0.00312109314837, -0.00036208864185, 0.002813114319, -0.000772232597228], [-0.000576033664402, 0.00284147867933, -0.0017351214774, 0.00194463750813, -0.00363724632189, 0.00960548873991, -0.00390176498331, 0.00178905262146, -0.000981354736723, -0.000899316917639, 0.00224842550233, -0.00275797699578, 0.000728374579921], [0.000523489667103, -0.00202480750158, 0.00124434113968, -0.00154764309991, 7.75360313128e-05, -0.00390176498331, 0.0138024315238, -0.00619356147945, -6.02691798122e-05, 0.00230736541562, -0.00303287617862, 0.00220730691217, -0.000501891423482], [-0.000414949696278, 0.00276873330586, -0.00123258249369, 0.00139790133107, -0.00179809157271, 0.00178905262146, -0.00619356147945, 0.01550479047, -0.00452597253025, -0.00062040501507, 0.00264813029207, -0.00245959265158, -0.00125611037947], [0.000521863286849, -0.00252956594341, 0.000743877026252, -0.00162720168009, 0.00322292954661, -0.000981354736723, -6.02691798122e-05, -0.00452597253025, 0.0140462508425, -0.0061067789793, 0.00108067970723, 0.0012291551102, -0.000794200110249], [-0.000192741223145, 0.00319712446071, -0.000237181753619, 0.00258343364112, -0.00312109314837, -0.000899316917639, 0.00230736541562, -0.00062040501507, -0.0061067789793, 0.0187137965113, -0.0102607281879, 0.00225964630954, 0.00226284004748], [0.000133412671858, -0.00164901814424, 0.00130537268706, 0.000441683427198, -0.00036208864185, 0.00224842550233, -0.00303287617862, 0.00264813029207, 0.00108067970723, -0.0102607281879, 0.0230347458273, -0.0102806659415, 0.00190301809926], [0.000359913130524, 0.00159815617371, -0.000405267783208, -0.00109044380952, 0.002813114319, -0.00275797699578, 0.00220730691217, -0.00245959265158, 0.0012291551102, 0.00225964630954, -0.0102806659415, 0.0235273055732, -0.00997916329652], [9.90108019323e-05, -0.000633575313259, 0.000994388828985, 0.000986264203675, -0.000772232597228, 0.000728374579921, -0.000501891423482, -0.00125611037947, -0.000794200110249, 0.00226284004748, 0.00190301809926, -0.00997916329652, 0.0171458292753]], "cov": [[27030.7832031, -712.868103027, -4283.37744141, 1488.97802734, -1545.9296875, -163.862060547, -708.392700195, -278.242645264, -589.61151123, -340.622039795, -327.123901367, -366.138671875, -282.600128174], [-712.868103027, 1534.93469238, 186.277893066, -532.232116699, 217.674713135, -271.929443359, 83.8603668213, -156.700683594, 71.3564071655, -122.286941528, 39.3492393494, -167.205932617, 10.7381258011], [-4283.37744141, 186.277893066, 1511.0559082, -52.4379577637, 173.736618042, 89.7996902466, 85.873878479, 56.5430526733, 78.950088501, -28.2438831329, -45.6375732422, 39.8980560303, -6.66313266754], [1488.97802734, -532.232116699, -52.4379577637, 650.840820312, -20.8489131927, 95.522064209, -26.9411354065, 40.0494689941, -63.3491325378, -37.7094497681, -76.2791290283, 17.6748695374, -44.7177467346], [-1545.9296875, 217.674713135, 173.736618042, -20.8489131927, 345.701843262, 35.6520195007, 89.6423797607, 6.85028362274, 21.6759433746, 24.4396209717, 27.2712039948, -22.6104736328, 6.86746501923], [-163.862060547, -271.929443359, 89.7996902466, 95.522064209, 35.6520195007, 207.098358154, 32.2634887695, 44.0378723145, -4.02848577499, 33.1501617432, -13.682425499, 37.9994316101, -3.75288391113], [-708.392700195, 83.8603668213, 85.873878479, -26.9411354065, 89.6423797607, 32.2634887695, 131.931655884, 42.0579948425, 29.4313774109, 0.808098495007, 14.9123220444, 1.13668107986, 13.6318674088], [-278.242645264, -156.700683594, 56.5430526733, 40.0494689941, 6.85028362274, 44.0378723145, 42.0579948425, 115.312042236, 31.246263504, 23.4567928314, -3.90936255455, 31.0366153717, 15.1993360519], [-589.61151123, 71.3564071655, 78.950088501, -63.3491325378, 21.6759433746, -4.02848577499, 29.4313774109, 31.246263504, 115.041847229, 38.5363006592, 18.2254562378, 2.02410817146, 8.80289840698], [-340.622039795, -122.286941528, -28.2438831329, -37.7094497681, 24.4396209717, 33.1501617432, 0.808098495007, 23.4567928314, 38.5363006592, 121.273269653, 52.4914474487, 21.9587230682, -4.57589817047], [-327.123901367, 39.3492393494, -45.6375732422, -76.2791290283, 27.2712039948, -13.682425499, 14.9123220444, -3.90936255455, 18.2254562378, 52.4914474487, 91.775352478, 31.5728816986, 14.4436006546], [-366.138671875, -167.205932617, 39.8980560303, 17.6748695374, -22.6104736328, 37.9994316101, 1.13668107986, 31.0366153717, 2.02410817146, 21.9587230682, 31.5728816986, 102.101486206, 45.3957366943], [-282.600128174, 10.7381258011, -6.66313266754, -44.7177467346, 6.86746501923, -3.75288391113, 13.6318674088, 15.1993360519, 8.80289840698, -4.57589817047, 14.4436006546, 45.3957366943, 91.1215515137]]}, "spectral_flux": {"min": 6.35214172928e-11, "max": 0.303275704384, "dvar2": 0.000195868022274, "median": 0.0191910155118, "dmean2": 0.0103948619217, "dmean": 0.0062346002087, "var": 0.00112949148752, "dvar": 7.36689326004e-05, "mean": 0.0320864282548}, "silence_rate_30dB": {"min": 0, "max": 1, "dvar2": 0.0111703313887, "median": 1, "dmean2": 0.00889499299228, "dmean": 0.00444735120982, "var": 0.0127801839262, "dvar": 0.00442708469927, "mean": 0.987050771713}, "spectral_energyband_middle_high": {"min": 1.20049009067e-21, "max": 0.0995965898037, "dvar2": 1.38097402669e-05, "median": 0.000362137390766, "dmean2": 0.0011447337456, "dmean": 0.000753197877202, "var": 5.11370490131e-05, "dvar": 5.74843852519e-06, "mean": 0.00280227744952}, "barkbands_spread": {"min": 0.0679126605392, "max": 68.9686584473, "dvar2": 16.5631446838, "median": 10.0492677689, "dmean2": 3.64739775658, "dmean": 2.28790974617, "var": 41.1997909546, "dvar": 6.43745088577, "mean": 11.0109128952}, "spectral_centroid": {"min": 130.207794189, "max": 11904.1660156, "dvar2": 30291.2050781, "median": 678.147766113, "dmean2": 132.513946533, "dmean": 85.8627319336, "var": 399148.90625, "dvar": 13001.2480469, "mean": 772.565185547}, "pitch_salience": {"min": 0.0223006270826, "max": 0.849595785141, "dvar2": 0.00730056175962, "median": 0.566157877445, "dmean2": 0.0971316024661, "dmean": 0.0597763471305, "var": 0.0161803830415, "dvar": 0.00273145386018, "mean": 0.547567427158}, "erbbands_skewness": {"min": -5.50769138336, "max": 5.48000335693, "dvar2": 0.201887264848, "median": 0.414283722639, "dmean2": 0.491924285889, "dmean": 0.324297100306, "var": 0.585444152355, "dvar": 0.0844442173839, "mean": 0.435875684023}, "erbbands_crest": {"min": 2.71177911758, "max": 34.1047058105, "dvar2": 13.1146659851, "median": 9.9583530426, "dmean2": 3.89768457413, "dmean": 2.49600028992, "var": 28.108455658, "dvar": 5.4093298912, "mean": 11.3782949448}, "melbands": {"min": [1.44667170092e-24, 1.08461698732e-24, 9.59843153769e-25, 1.21823631821e-24, 2.48827121561e-24, 6.10924650578e-25, 8.19346829334e-25, 2.53859225832e-24, 2.59941895614e-24, 8.0311305798e-25, 1.83818080438e-24, 2.0510206042e-24, 2.52355933048e-24, 2.84835210061e-24, 2.85658031428e-24, 3.84830370381e-24, 2.86024851749e-24, 2.77238637316e-24, 4.07777426924e-24, 4.0722806419e-24, 3.79862794932e-24, 3.64880196417e-24, 2.83767309332e-24, 3.71177199707e-24, 4.09226722179e-24, 3.29466100458e-24, 4.81685962907e-24, 5.01932551356e-24, 4.24005124049e-24, 5.30231082507e-24, 3.76550841308e-24, 4.3949748448e-24, 4.50079895751e-24, 6.21687829326e-24, 5.75748593397e-24, 5.78313732402e-24, 5.96658574424e-24, 5.0585752879e-24, 6.35537308037e-24, 6.62946398518e-24], "max": [0.00303745083511, 0.0242774989456, 0.0541706085205, 0.0187749434263, 0.0252397768199, 0.0535725317895, 0.0249835215509, 0.0148471724242, 0.0121020218357, 0.00839461199939, 0.00387859158218, 0.0117070460692, 0.00891224108636, 0.00338069745339, 0.0066540511325, 0.00454351725057, 0.00320478854701, 0.00162022514269, 0.00273185083643, 0.00183063885197, 0.00103939813562, 0.000863894238137, 0.00097727344837, 0.000986141269095, 0.000798785418738, 0.000648006040137, 0.000953946146183, 0.000305872148601, 0.000565053836908, 0.000265805603703, 0.000392919202568, 0.000105552324385, 0.000132939283503, 0.00011053642811, 9.61590048973e-05, 0.000111220942927, 0.000108687127067, 6.89149383106e-05, 6.26326509519e-05, 7.6660864579e-05], "dvar2": [1.88887998576e-08, 2.14705593748e-07, 1.84343355158e-06, 5.73580052787e-07, 6.60009106923e-07, 3.32717604579e-07, 5.70708266423e-07, 2.26316700491e-07, 5.37922808519e-08, 6.66242669922e-08, 4.01709669973e-08, 4.40656151568e-08, 6.32216341501e-08, 1.57678687884e-08, 3.45543540448e-08, 2.3748752298e-08, 1.25211716551e-08, 4.01133704031e-09, 3.88886833846e-09, 4.44062520089e-09, 7.67855612427e-10, 7.41298300522e-10, 9.16161924103e-10, 3.95088295413e-10, 2.36938912934e-10, 2.91730584134e-10, 2.51339199453e-10, 4.26386946584e-11, 5.65389748908e-11, 2.5075034063e-11, 3.34328190132e-11, 3.24164414929e-12, 3.99281172361e-12, 3.05553043804e-12, 2.54366167886e-12, 3.03273248528e-12, 2.16173021324e-12, 6.7065759413e-13, 3.58396065646e-13, 6.97781405139e-13], "median": [2.28412463912e-05, 3.80790661438e-05, 4.58814029116e-05, 3.60304256901e-05, 3.75994495698e-05, 3.51466587745e-05, 4.14729111071e-05, 3.56289092451e-05, 2.55760151049e-05, 1.81395316758e-05, 8.78372975421e-06, 6.11415180174e-06, 6.02038517172e-06, 4.29186047768e-06, 3.79309540222e-06, 3.39275902661e-06, 2.19501748688e-06, 1.53663665969e-06, 9.22193692077e-07, 5.88977172811e-07, 4.06004630804e-07, 2.81461893792e-07, 1.71730704324e-07, 1.19848280633e-07, 8.56031263652e-08, 4.82426862902e-08, 2.87123658183e-08, 1.68035718673e-08, 9.53864276454e-09, 4.09330791484e-09, 2.43951081558e-09, 1.46814704838e-09, 7.92672705252e-10, 5.69487179636e-10, 3.55627860493e-10, 1.88568563542e-10, 1.33999769614e-10, 1.02071538721e-10, 7.9916830098e-11, 6.38880545689e-11], "dmean2": [6.07020410825e-05, 0.000152599895955, 0.000320341787301, 0.000222369199037, 0.000217857814278, 0.000165074248798, 0.000192245934159, 0.000159179267939, 8.1079575466e-05, 7.60115508456e-05, 5.87423164689e-05, 4.53554093838e-05, 5.79902225581e-05, 3.18005040754e-05, 4.28406929132e-05, 3.83108745154e-05, 2.68597705144e-05, 1.66250611073e-05, 1.44851264849e-05, 1.42343733387e-05, 6.94955633662e-06, 5.90697709413e-06, 6.10051802141e-06, 3.92451556763e-06, 3.27359657604e-06, 2.49722484114e-06, 1.86899922028e-06, 1.28698923163e-06, 8.39224185256e-07, 5.05286948282e-07, 4.29189327633e-07, 1.90985289805e-07, 1.72721826175e-07, 1.36647742011e-07, 1.17861269189e-07, 1.07921884762e-07, 7.91858028037e-08, 4.61014693087e-08, 3.52115421265e-08, 3.78119047184e-08], "dmean": [3.9533173549e-05, 0.000100067169114, 0.000195706350496, 0.000134218062158, 0.000133149995236, 0.000109590124339, 0.000124543381389, 0.000106023537228, 5.57596504223e-05, 5.66938542761e-05, 3.76184834749e-05, 2.91547312372e-05, 3.7014408008e-05, 2.00206959562e-05, 2.70677483059e-05, 2.42371734203e-05, 1.72801937879e-05, 1.08342383101e-05, 9.39999063121e-06, 8.84855217009e-06, 4.24876634497e-06, 3.63134881809e-06, 3.70473776456e-06, 2.43238969233e-06, 2.04493630918e-06, 1.53287487592e-06, 1.16740727663e-06, 7.86973146205e-07, 5.31150988081e-07, 3.13087895165e-07, 2.65437591906e-07, 1.20578533824e-07, 1.12383155226e-07, 8.67243130642e-08, 7.68167325305e-08, 6.74179716498e-08, 5.25165475551e-08, 3.2157792873e-08, 2.59965453608e-08, 2.65101878227e-08], "var": [3.84726348557e-08, 3.44554564435e-07, 2.35419929595e-06, 6.18471574398e-07, 7.50285778395e-07, 2.01100579034e-06, 1.0345171404e-06, 3.31778352347e-07, 2.10700420666e-07, 1.84621029575e-07, 4.5582048358e-08, 3.86055454271e-08, 5.72406690935e-08, 1.50270231813e-08, 2.91978601297e-08, 2.32049277571e-08, 1.60338124999e-08, 5.971439343e-09, 6.17704909445e-09, 4.04948963251e-09, 7.48259398886e-10, 8.11759881536e-10, 8.3055967659e-10, 6.55516807502e-10, 4.42948427937e-10, 3.73289399391e-10, 3.70397268412e-10, 6.12398395883e-11, 7.08261435611e-11, 3.51154487432e-11, 4.11164366443e-11, 7.65101784012e-12, 1.01048102177e-11, 6.61809192518e-12, 6.86161414146e-12, 5.79841079665e-12, 4.15915912821e-12, 1.70458547451e-12, 1.33697631959e-12, 1.40229288684e-12], "dvar": [7.85069786957e-09, 8.65707718845e-08, 6.70617055221e-07, 2.01090671226e-07, 2.26287284022e-07, 1.73944300741e-07, 2.00940220907e-07, 1.00051295249e-07, 2.5431340589e-08, 3.66865151591e-08, 1.61669237997e-08, 1.72233303175e-08, 2.51632670256e-08, 6.09235595306e-09, 1.33439854721e-08, 9.5478798201e-09, 5.49624079582e-09, 1.82716164421e-09, 1.7080393766e-09, 1.75500114441e-09, 2.89084506333e-10, 2.87350060413e-10, 3.37184030696e-10, 1.70064518024e-10, 1.07274869543e-10, 1.0212229673e-10, 9.77320863127e-11, 1.68321294403e-11, 2.36591839869e-11, 9.05921258149e-12, 1.33359703489e-11, 1.2476494447e-12, 1.69448678179e-12, 1.21015675779e-12, 1.10703275973e-12, 1.1823171565e-12, 9.0338961355e-13, 3.36867063107e-13, 2.26279403743e-13, 3.61669217795e-13], "mean": [9.82027413556e-05, 0.000245736824581, 0.000406188570196, 0.000281613611151, 0.000272915727692, 0.000283781293547, 0.000314750825055, 0.000224107396207, 0.000149649917148, 0.00015053046809, 7.65724907978e-05, 5.99917621003e-05, 6.92573958077e-05, 3.7087869714e-05, 4.74550543004e-05, 4.43198223365e-05, 3.29740214511e-05, 2.18496406887e-05, 1.90308073797e-05, 1.58499806275e-05, 8.04839692137e-06, 6.96534971212e-06, 6.58046519675e-06, 4.90568572786e-06, 4.25548296334e-06, 3.30437524099e-06, 2.59955504589e-06, 1.66309666838e-06, 1.15234206532e-06, 7.04753404079e-07, 5.9866704305e-07, 3.27896430008e-07, 2.91334913527e-07, 2.4490285e-07, 2.13353303025e-07, 1.8098124599e-07, 1.38000103789e-07, 8.89280116212e-08, 7.0910488148e-08, 6.17284072746e-08]}, "spectral_entropy": {"min": 4.60939502716, "max": 9.82221317291, "dvar2": 0.0234182793647, "median": 6.63493680954, "dmean2": 0.160159528255, "dmean": 0.10638526082, "var": 0.336544424295, "dvar": 0.00981116760522, "mean": 6.57078027725}, "spectral_rolloff": {"min": 21.533203125, "max": 19509.0820312, "dvar2": 140304.65625, "median": 796.728515625, "dmean2": 259.830596924, "dmean": 150.238540649, "var": 1137355.75, "dvar": 62989.2265625, "mean": 930.488220215}, "barkbands": {"min": [6.01019170711e-25, 4.03905500386e-24, 1.29509286684e-24, 6.06963977189e-25, 5.87536975777e-24, 6.3745234677e-24, 4.80690657102e-24, 7.70647053553e-24, 6.23406717796e-24, 1.69310770619e-23, 1.24203814499e-23, 2.48492557763e-23, 3.15152803089e-23, 2.90253071259e-23, 5.27317195984e-23, 5.33024415307e-23, 5.47304312304e-23, 7.81715655577e-23, 1.09780445791e-22, 1.75529490508e-22, 2.48150977835e-22, 2.9270205523e-22, 4.11759618862e-22, 5.0621196715e-22, 8.9202311094e-22, 1.355651079e-21, 1.95354211291e-21], "max": [0.00173245568294, 0.0182766765356, 0.0654950365424, 0.159513235092, 0.0946796685457, 0.259512215853, 0.0995456203818, 0.0266925375909, 0.0585239455104, 0.0704915747046, 0.0589997321367, 0.0286115836352, 0.0717067271471, 0.028903754428, 0.0245158299804, 0.0136248683557, 0.0109423380345, 0.0206558406353, 0.0201175678521, 0.0140145914629, 0.0121214780957, 0.00514629017562, 0.00588992983103, 0.00700886780396, 0.00952561292797, 0.00986827071756, 0.000906114291865], "dvar2": [2.32976837822e-08, 4.30562863585e-07, 1.70423913914e-06, 1.50861433212e-05, 1.64940975083e-05, 6.46436046736e-06, 1.16808905659e-05, 2.52998484029e-06, 2.9601596907e-06, 2.30920113609e-06, 2.79498794953e-06, 1.02426781723e-06, 3.89287106373e-06, 1.11447411655e-06, 8.87415751549e-07, 2.92994741358e-07, 2.17274859438e-07, 1.64049183127e-07, 1.63394901165e-07, 7.26338384993e-08, 3.78142210877e-08, 5.05836794673e-09, 7.28415150419e-09, 5.93536464422e-09, 8.4740756634e-09, 1.0913651316e-08, 9.03377719852e-11], "median": [3.84368868254e-05, 6.5909611294e-05, 6.81034580339e-05, 6.89130538376e-05, 0.000185813609278, 0.000177423382411, 0.000212736806134, 0.000121347111417, 0.00013093110465, 4.535055632e-05, 3.72750982933e-05, 3.47351560777e-05, 3.14988719765e-05, 2.43989506998e-05, 1.32893146656e-05, 7.66283028497e-06, 5.08381344844e-06, 2.4430207759e-06, 1.61911259511e-06, 6.37372863821e-07, 1.94844176349e-07, 6.40943653707e-08, 2.29121805972e-08, 1.07065201149e-08, 8.37186853175e-09, 2.76381650899e-09, 7.75708164369e-10], "dmean2": [0.000126249535242, 0.000256297527812, 0.000412127934396, 0.000834438309539, 0.00111379043665, 0.000817749474663, 0.000958029937465, 0.000552469107788, 0.000538679480087, 0.000377463526092, 0.000397321826313, 0.00025525141973, 0.000450101506431, 0.000271046970738, 0.000220333400648, 0.000142340097227, 0.00011486839503, 7.52205814933e-05, 6.89973821864e-05, 4.06770086556e-05, 1.96488672373e-05, 8.16300325823e-06, 5.95667552261e-06, 4.19658999817e-06, 3.5644293348e-06, 2.65337280325e-06, 2.24683020633e-07], "dmean": [7.06468854332e-05, 0.000168489277712, 0.000266945600742, 0.000501938746311, 0.000666567706503, 0.000541434099432, 0.000633721763734, 0.000350762158632, 0.000401021214202, 0.000241104949964, 0.000253071979387, 0.000160299881827, 0.000284882553387, 0.000174560074811, 0.000142286386108, 8.75552577781e-05, 7.01613098499e-05, 4.66359306301e-05, 4.32253546023e-05, 2.52151403402e-05, 1.26577597257e-05, 5.23764538229e-06, 4.01077431889e-06, 2.96303869618e-06, 2.91033825306e-06, 2.35296897699e-06, 1.77097945198e-07], "var": [8.52703596621e-09, 7.83802192927e-07, 2.31029389397e-06, 1.89708171092e-05, 1.33564199132e-05, 4.43600256403e-05, 2.06612785405e-05, 2.55763416135e-06, 1.04344981082e-05, 2.23370966523e-06, 2.59971034211e-06, 8.96722042398e-07, 3.36207881446e-06, 1.45350088587e-06, 1.22691221804e-06, 2.72364104603e-07, 2.44937012894e-07, 2.55631903201e-07, 2.85174337478e-07, 1.21301056311e-07, 7.347614428e-08, 1.97740863683e-08, 2.3477753075e-08, 1.7712130429e-08, 2.61039243554e-08, 1.74302758893e-08, 1.09294420736e-10], "dvar": [8.19951218034e-09, 1.72210562255e-07, 6.87461579219e-07, 5.52532219444e-06, 5.56464328838e-06, 3.54344433617e-06, 4.28421890319e-06, 9.71510417003e-07, 1.6203684936e-06, 8.91022637006e-07, 1.10972564471e-06, 3.907800874e-07, 1.52157122102e-06, 4.86834267122e-07, 3.82118031439e-07, 1.12531751029e-07, 8.25172463692e-08, 6.63808989998e-08, 6.26949727689e-08, 2.92636546106e-08, 1.5003774223e-08, 2.20213780544e-09, 3.24863402845e-09, 2.96930302568e-09, 6.18889517412e-09, 7.84738318771e-09, 5.34990697576e-11], "mean": [7.10811073077e-05, 0.000413756322814, 0.000561647233553, 0.000928635534365, 0.00135396281257, 0.00138803815935, 0.00156630517449, 0.000691360561177, 0.00109829194844, 0.000486646167701, 0.000471796345664, 0.000288112321869, 0.000495931948535, 0.000334186508553, 0.000277940038359, 0.000160847630468, 0.000132735134684, 9.68167951214e-05, 9.94625297608e-05, 5.7739962358e-05, 3.2689596992e-05, 1.60724885063e-05, 1.2996645637e-05, 9.24057439988e-06, 7.30405599825e-06, 3.71505780095e-06, 2.66768012125e-07]}, "melbands_flatness_db": {"min": 0.00335123389959, "max": 0.666477620602, "dvar2": 0.00062885886291, "median": 0.307415366173, "dmean2": 0.0248776040971, "dmean": 0.0163125712425, "var": 0.00874764658511, "dvar": 0.000246651587076, "mean": 0.315944224596}, "melbands_skewness": {"min": -6.00805854797, "max": 45.7404518127, "dvar2": 1.53180611134, "median": 1.23773908615, "dmean2": 0.74027043581, "dmean": 0.467965424061, "var": 3.38938689232, "dvar": 0.551300764084, "mean": 1.54814720154}, "barkbands_skewness": {"min": -8.02427005768, "max": 38.3017692566, "dvar2": 2.69444680214, "median": 0.781234025955, "dmean2": 0.823242068291, "dmean": 0.504724919796, "var": 5.92163896561, "dvar": 0.900891184807, "mean": 1.17627084255}, "silence_rate_60dB": {"min": 0, "max": 1, "dvar2": 0.0607438981533, "median": 1, "dmean2": 0.0562477521598, "dmean": 0.0281229559332, "var": 0.246479377151, "dvar": 0.0273342300206, "mean": 0.559792041779}, "spectral_energyband_low": {"min": 1.35037604186e-23, "max": 0.0937411561608, "dvar2": 7.82509141573e-06, "median": 0.0002787700505, "dmean2": 0.000888181035407, "dmean": 0.000561032618862, "var": 9.16986300581e-06, "dvar": 2.79661253444e-06, "mean": 0.00140401558019}, "spectral_energyband_middle_low": {"min": 2.03611727043e-22, "max": 0.3408010602, "dvar2": 6.75998671795e-05, "median": 0.00156227895059, "dmean2": 0.00274932407774, "dmean": 0.00180044141598, "var": 0.000280157546513, "dvar": 2.66164424829e-05, "mean": 0.00720396824181}, "melbands_kurtosis": {"min": -1.85461258888, "max": 3149.89257812, "dvar2": 2799.37036133, "median": 2.41654157639, "dmean2": 8.63845443726, "dmean": 5.18794441223, "var": 2074.14208984, "dvar": 1010.01104736, "mean": 9.68138313293}, "spectral_decrease": {"min": -1.00470451514e-07, "max": 2.33443990786e-28, "dvar2": 5.46722916556e-18, "median": -6.10304862203e-10, "dmean2": 8.32214908097e-10, "dmean": 5.5459542514e-10, "var": 3.48376247051e-17, "dvar": 2.25299803827e-18, "mean": -2.7408071368e-09}, "erbbands_kurtosis": {"min": -1.84041440487, "max": 101.158088684, "dvar2": 6.61003065109, "median": 0.199923038483, "dmean2": 1.4820047617, "dmean": 0.958588540554, "var": 12.8948564529, "dvar": 2.82503771782, "mean": 1.04996800423}, "melbands_crest": {"min": 1.55912280083, "max": 39.8527832031, "dvar2": 18.0567359924, "median": 11.4708175659, "dmean2": 4.26439237595, "dmean": 2.66438865662, "var": 40.8812522888, "dvar": 6.69893932343, "mean": 13.2206516266}, "melbands_spread": {"min": 0.0459345728159, "max": 164.388687134, "dvar2": 27.9743995667, "median": 12.9769649506, "dmean2": 4.54763174057, "dmean": 2.9335103035, "var": 120.808517456, "dvar": 11.6136465073, "mean": 14.8023033142}, "spectral_energy": {"min": 9.97380536066e-21, "max": 0.39952865243, "dvar2": 8.48349664011e-05, "median": 0.0024243267253, "dmean2": 0.00328977033496, "dmean": 0.00220221769996, "var": 0.000573818047997, "dvar": 3.54321127816e-05, "mean": 0.0110575249419}, "mfcc": {"mean": [-822.596923828, 184.921630859, -11.0008955002, 4.30392980576, 0.227617383003, -4.20033025742, -2.85966920853, -2.23382687569, -3.58590102196, 2.39050960541, 1.52025520802, 0.653025329113, 0.956371247768], "icov": [[0.000285079033347, -0.000210294965655, 0.000534424441867, -0.000507010554429, 0.000781739363447, -0.000670081062708, 0.000824149523396, -0.000616757723037, 0.00097786821425, -0.000798145483714, 0.000888131966349, -0.000485297088744, 0.000662409118377], [-0.000210294965655, 0.000881029525772, -0.000233556129388, 0.000644771615043, -0.000719538249541, 0.00129133125301, -0.0007880164776, 0.00106322567444, -0.000686928222422, 0.000805805379059, -0.000455752160633, 0.000685393286403, -3.24913380609e-05], [0.000534424441867, -0.000233556129388, 0.00195932225324, -0.000756232009735, 0.00112297444139, -0.00130282517057, 0.00147984363139, -0.000853505684063, 0.000475398293929, -0.000482022383949, 0.0010453654686, -0.000617888697889, 0.00135310506448], [-0.000507010554429, 0.000644771615043, -0.000756232009735, 0.00345755182207, -0.00186126877088, 0.000954032875597, -0.00136195344385, -0.000164166718605, -0.000688731961418, 6.9784167863e-05, 0.000762229086831, 0.000413222296629, -0.00076448218897], [0.000781739363447, -0.000719538249541, 0.00112297444139, -0.00186126877088, 0.00767024466768, -0.00316132581793, 0.000280234671663, -0.00128129392397, 0.00234328978695, -0.00224265316501, 0.00132415408734, -0.00119295646437, 0.00188343320042], [-0.000670081062708, 0.00129133125301, -0.00130282517057, 0.000954032875597, -0.00316132581793, 0.0104868952185, -0.00549755152315, 0.00286084180698, -0.00397989340127, 0.00315010780469, -0.00422166148201, 0.00219876295887, -0.00101741019171], [0.000824149523396, -0.0007880164776, 0.00147984363139, -0.00136195344385, 0.000280234671663, -0.00549755152315, 0.0158424191177, -0.00935152359307, 0.00720830308273, -0.00623630033806, 0.00663990108296, -0.00634096423164, 0.00375251332298], [-0.000616757723037, 0.00106322567444, -0.000853505684063, -0.000164166718605, -0.00128129392397, 0.00286084180698, -0.00935152359307, 0.0214950628579, -0.0154072633013, 0.0107255820185, -0.00776006933302, 0.00765068130568, -0.00463802274317], [0.00097786821425, -0.000686928222422, 0.000475398293929, -0.000688731961418, 0.00234328978695, -0.00397989340127, 0.00720830308273, -0.0154072633013, 0.0276556834579, -0.0189282465726, 0.0128857959062, -0.00664834165946, 0.00286092166789], [-0.000798145483714, 0.000805805379059, -0.000482022383949, 6.9784167863e-05, -0.00224265316501, 0.00315010780469, -0.00623630033806, 0.0107255820185, -0.0189282465726, 0.0321570709348, -0.0208680424839, 0.0117653645575, -0.00437766732648], [0.000888131966349, -0.000455752160633, 0.0010453654686, 0.000762229086831, 0.00132415408734, -0.00422166148201, 0.00663990108296, -0.00776006933302, 0.0128857959062, -0.0208680424839, 0.0326905325055, -0.0207869894803, 0.0092250527814], [-0.000485297088744, 0.000685393286403, -0.000617888697889, 0.000413222296629, -0.00119295646437, 0.00219876295887, -0.00634096423164, 0.00765068130568, -0.00664834165946, 0.0117653645575, -0.0207869894803, 0.0300863925368, -0.0138508137316], [0.000662409118377, -3.24913380609e-05, 0.00135310506448, -0.00076448218897, 0.00188343320042, -0.00101741019171, 0.00375251332298, -0.00463802274317, 0.00286092166789, -0.00437766732648, 0.0092250527814, -0.0138508137316, 0.020216781646]], "cov": [[17722.9726562, 2128.97119141, -3404.65112305, 866.306945801, -862.417724609, -278.466644287, -409.391937256, -267.712921143, -465.056884766, -119.75138855, -351.593170166, -279.966247559, -227.237609863], [2128.97119141, 2023.06152344, -428.098724365, -214.27784729, -96.0747451782, -239.887237549, -110.99319458, -155.461837769, -124.732704163, -54.4240036011, -62.4530601501, -74.3088226318, -80.6862945557], [-3404.65112305, -428.098724365, 1317.7734375, -61.5493049622, 111.438041687, 91.8112182617, 44.1880149841, 71.7802276611, 114.821281433, 13.7027597427, 34.5974960327, 18.3543167114, 6.35110807419], [866.306945801, -214.27784729, -61.5493049622, 492.451904297, 44.1003417969, 40.3568763733, 41.1910743713, 55.3200950623, 17.1501026154, -0.202515557408, -52.7795829773, -28.917388916, -1.21877741814], [-862.417724609, -96.0747451782, 111.438041687, 44.1003417969, 232.410293579, 71.2795257568, 63.0089530945, 25.566696167, 20.0969486237, 16.6283149719, 22.1092643738, 13.0504894257, -1.97337138653], [-278.466644287, -239.887237549, 91.8112182617, 40.3568763733, 71.2795257568, 173.306213379, 65.2588882446, 31.9735183716, 26.5033092499, 15.3669748306, 21.7987155914, 12.9680356979, -0.0623248256743], [-409.391937256, -110.99319458, 44.1880149841, 41.1910743713, 63.0089530945, 65.2588882446, 128.882781982, 54.0594406128, 18.4423961639, 7.82157802582, 5.09347009659, 13.746676445, 3.90700554848], [-267.712921143, -155.461837769, 71.7802276611, 55.3200950623, 25.566696167, 31.9735183716, 54.0594406128, 115.366661072, 62.3280143738, 3.9055981636, -9.68244552612, -8.07174301147, 12.3829565048], [-465.056884766, -124.732704163, 114.821281433, 17.1501026154, 20.0969486237, 26.5033092499, 18.4423961639, 62.3280143738, 105.10774231, 38.3741111755, -1.90524446964, -4.25947666168, 9.72462558746], [-119.75138855, -54.4240036011, 13.7027597427, -0.202515557408, 16.6283149719, 15.3669748306, 7.82157802582, 3.9055981636, 38.3741111755, 75.8606109619, 39.9160766602, 5.23101949692, -2.05408239365], [-351.593170166, -62.4530601501, 34.5974960327, -52.7795829773, 22.1092643738, 21.7987155914, 5.09347009659, -9.68244552612, -1.90524446964, 39.9160766602, 96.4269104004, 52.3176841736, 3.73510074615], [-279.966247559, -74.3088226318, 18.3543167114, -28.917388916, 13.0504894257, 12.9680356979, 13.746676445, -8.07174301147, -4.25947666168, 5.23101949692, 52.3176841736, 86.897315979, 39.1624717712], [-227.237609863, -80.6862945557, 6.35110807419, -1.21877741814, -1.97337138653, -0.0623248256743, 3.90700554848, 12.3829565048, 9.72462558746, -2.05408239365, 3.73510074615, 39.1624717712, 81.910369873]]}, "spectral_contrast_valleys": {"min": [-28.085111618, -28.0939445496, -27.7365188599, -27.7077503204, -27.4978160858, -27.3850154877], "max": [-5.29485607147, -4.2335190773, -4.91184568405, -5.71019506454, -5.47496509552, -7.20479536057], "dvar2": [0.239374488592, 0.152119606733, 0.0986179113388, 0.0661672800779, 0.036668214947, 0.0502534173429], "median": [-8.57928752899, -7.44143867493, -8.42038917542, -9.30765247345, -10.1501321793, -13.9664373398], "dmean2": [0.597032546997, 0.472887337208, 0.393468946218, 0.314523130655, 0.222248420119, 0.203695163131], "dmean": [0.354461401701, 0.284907191992, 0.23899538815, 0.1902115345, 0.138295695186, 0.130533441901], "var": [2.67911815643, 3.52908802032, 3.70114946365, 3.55550503731, 3.59238791466, 2.49118256569], "dvar": [0.0876141637564, 0.0573438443244, 0.0386716276407, 0.0266642998904, 0.0166465230286, 0.0223059616983], "mean": [-8.77430915833, -7.686378479, -8.63501167297, -9.46976852417, -10.1989164352, -13.7299528122]}, "barkbands_flatness_db": {"min": 0.0282376017421, "max": 0.59230953455, "dvar2": 0.000782796065323, "median": 0.222650468349, "dmean2": 0.0248296931386, "dmean": 0.0159276481718, "var": 0.00589324068278, "dvar": 0.000288628420094, "mean": 0.231508806348}, "dynamic_complexity": 10.0620203018, "spectral_skewness": {"min": -0.0858642980456, "max": 14.0721473694, "dvar2": 1.29597902298, "median": 2.73541355133, "dmean2": 1.12527763844, "dmean": 0.64048075676, "var": 3.54039573669, "dvar": 0.42542809248, "mean": 3