{"lowlevel": {"spectral_complexity": {"min": 0, "max": 44, "dvar2": 11.6580104828, "median": 11, "dmean2": 3.17794036865, "dmean": 1.9189927578, "var": 40.4031562805, "dvar": 4.73963689804, "mean": 11.8720598221}, "silence_rate_20dB": {"min": 1, "max": 1, "dvar2": 0, "median": 1, "dmean2": 0, "dmean": 0, "var": 0, "dvar": 0, "mean": 1}, "average_loudness": 0.408080786467, "erbbands_spread": {"min": 1.67438328266, "max": 99.4336853027, "dvar2": 44.2208061218, "median": 19.6105556488, "dmean2": 6.30336427689, "dmean": 4.00843906403, "var": 120.164169312, "dvar": 17.423242569, "mean": 21.8023853302}, "spectral_kurtosis": {"min": -1.26066231728, "max": 200.026092529, "dvar2": 236.91456604, "median": 16.2701892853, "dmean2": 12.7337112427, "dmean": 7.35358095169, "var": 429.418029785, "dvar": 81.6262588501, "mean": 21.8719387054}, "barkbands_kurtosis": {"min": -1.89550495148, "max": 86.5574493408, "dvar2": 47.6153869629, "median": 1.85534906387, "dmean2": 3.93778443336, "dmean": 2.45996379852, "var": 53.0049095154, "dvar": 18.2753753662, "mean": 4.23227930069}, "spectral_strongpeak": {"min": 0, "max": 18.4166564941, "dvar2": 1.94195222855, "median": 0.411878943443, "dmean2": 0.709673285484, "dmean": 0.424966424704, "var": 2.53151082993, "dvar": 0.771883130074, "mean": 1.07705008984}, "spectral_spread": {"min": 477579.375, "max": 42389716, "dvar2": 823240884224, "median": 2060854.875, "dmean2": 537721.3125, "dmean": 343525.5, "var": 16432535437300.0, "dvar": 376345133056, "mean": 2821778.75}, "spectral_rms": {"min": 3.1250460119e-12, "max": 0.0151205677539, "dvar2": 1.17268189115e-06, "median": 0.00340202334337, "dmean2": 0.000841067463625, "dmean": 0.000543975038454, "var": 5.75386684432e-06, "dvar": 4.61157640075e-07, "mean": 0.0039348793216}, "erbbands": {"min": [4.5089131019e-23, 3.41950982331e-22, 2.37581337275e-21, 4.06534592976e-21, 1.33181878579e-20, 1.32540902461e-20, 4.76172755782e-20, 8.65964978901e-20, 1.46021870417e-19, 1.29848576586e-19, 2.68181622263e-19, 5.4646891007e-19, 6.20965468121e-19, 6.3029353219e-19, 9.4800471328e-19, 1.30639363837e-18, 1.99187841878e-18, 2.46369252081e-18, 2.96451853526e-18, 2.31602279029e-18, 2.80491382927e-18, 4.68385727902e-18, 5.07693143816e-18, 5.84015568652e-18, 7.75342857926e-18, 7.99803167665e-18, 9.38970184591e-18, 1.02096909502e-17, 7.78634044147e-18, 1.01745655527e-17, 1.16881067231e-17, 1.07303399345e-17, 9.59650361649e-18, 8.12919936075e-18, 6.37603844251e-18, 4.00394624837e-18, 2.18000927537e-18, 1.00459462053e-18, 2.3879610855e-19, 2.86927370251e-20], "max": [5.96025753021, 26.1920051575, 137.533004761, 139.313537598, 265.79107666, 205.995895386, 737.172119141, 310.081054688, 1234.77319336, 1127.26843262, 1505.83569336, 1460.04138184, 1606.32751465, 2539.90551758, 3147.63745117, 3164.06152344, 4471.11914062, 3123.28149414, 1430.05603027, 448.883544922, 305.933227539, 3083.87231445, 212.101043701, 96.3205795288, 78.3529052734, 88.9407348633, 32.2121734619, 19.982378006, 5.52866840363, 2.87757086754, 0.407303065062, 0.90404188633, 1.7568821907, 5.21216917038, 20.2201423645, 131.63722229, 10.1393594742, 3.67160272598, 0.0712204053998, 0.00160671467893], "dvar2": [0.0595368146896, 4.6759595871, 86.1329345703, 105.801498413, 181.551452637, 166.12310791, 529.145996094, 328.882080078, 2015.52172852, 1394.51269531, 1975.56933594, 1887.19885254, 1369.84094238, 11612.0664062, 7868.53271484, 7419.32666016, 7129.29638672, 5676.86083984, 3252.91967773, 471.81161499, 448.571929932, 1532.43139648, 127.562759399, 62.040019989, 31.8085536957, 31.057384491, 5.24175739288, 1.87633121014, 0.258979618549, 0.0344960577786, 0.00134979037102, 0.000387809879612, 0.00806816015393, 0.0211933534592, 0.165057882667, 5.0759139061, 0.185561537743, 0.0136797372252, 5.1881456784e-06, 3.03744696062e-09], "median": [0.0205884501338, 0.137316927314, 0.478405296803, 0.715454041958, 1.31731498241, 2.22510480881, 2.66253829002, 3.04601287842, 5.09654808044, 7.0609369278, 6.90095281601, 6.70621347427, 6.39201879501, 5.43315649033, 6.36083316803, 5.73496866226, 4.35348463058, 4.83751440048, 4.43384122849, 3.14776420593, 2.77112674713, 1.65042424202, 0.99025195837, 0.656602263451, 0.484626233578, 0.193888276815, 0.0957132130861, 0.074834741652, 0.0218908116221, 0.00584489898756, 0.000332046533003, 0.000141297408845, 0.00151120824739, 0.00424666702747, 0.00350860832259, 0.00156670669094, 0.000557312567253, 0.00012587835954, 1.93341802515e-05, 1.92345123651e-05], "dmean2": [0.105091504753, 0.905218541622, 2.98078846931, 3.40379309654, 4.45987653732, 5.73826122284, 8.2847442627, 7.43953990936, 15.4580926895, 16.4146308899, 16.3403015137, 16.759727478, 13.7356405258, 28.7892227173, 20.0107212067, 20.6039733887, 16.8363895416, 14.8332605362, 15.0777101517, 9.66569805145, 9.26775455475, 8.11457538605, 3.64425635338, 2.86628484726, 2.17965555191, 1.44079864025, 0.641835451126, 0.421449929476, 0.192324832082, 0.0657827854156, 0.00916829798371, 0.00421817228198, 0.0256231520325, 0.0458848699927, 0.0681060925126, 0.13592299819, 0.0877131447196, 0.0211126096547, 0.000391797162592, 1.90481823665e-05], "dmean": [0.070738658309, 0.545376121998, 1.78456878662, 2.02194309235, 2.7491838932, 3.56891131401, 5.0596446991, 4.67138814926, 9.99633693695, 11.1898880005, 11.344165802, 12.5776576996, 10.6214723587, 19.4269733429, 13.5746049881, 14.3039951324, 11.741271019, 9.90170669556, 9.77930831909, 6.32081270218, 6.0334353447, 5.23577594757, 2.24150443077, 1.73070573807, 1.31079101562, 0.843544006348, 0.385298103094, 0.256943941116, 0.118860781193, 0.0394623279572, 0.00521944370121, 0.00249293050729, 0.0155739737675, 0.0292089506984, 0.0436335653067, 0.0919386222959, 0.0599192008376, 0.0142920957878, 0.000263041874859, 1.26188697323e-05], "var": [0.239639148116, 4.0450835228, 43.1604385376, 56.9742622375, 132.772964478, 206.619064331, 830.522094727, 607.668151855, 4616.41455078, 5030.48291016, 5557.36181641, 10290.4765625, 10623.3085938, 21826.5429688, 13409.65625, 16827.8027344, 13476.375, 5267.89013672, 6145.97802734, 723.348693848, 508.190246582, 4277.57714844, 137.506713867, 55.2640571594, 31.3199329376, 19.1110496521, 3.60971879959, 1.27240180969, 0.185582026839, 0.0189527217299, 0.000388438347727, 0.000303111155517, 0.00619819900021, 0.0442787334323, 0.121392048895, 2.23666095734, 0.179787769914, 0.0127568654716, 4.43497674496e-06, 3.5829537115e-09], "dvar": [0.0267408303916, 1.67234754562, 29.4516372681, 38.4347267151, 71.5563049316, 69.2198104858, 204.479629517, 124.684867859, 851.214538574, 686.082458496, 1039.7512207, 1170.71118164, 1031.50292969, 4979.26123047, 3749.36450195, 3428.40551758, 5004.45019531, 2392.88549805, 1359.15393066, 212.820251465, 188.7525177, 687.8671875, 50.56772995, 23.0352706909, 12.2881221771, 11.0968255997, 1.97384881973, 0.710866391659, 0.102137133479, 0.0130548169836, 0.000476451066788, 0.000168621903867, 0.00310729234479, 0.00918838288635, 0.0689658895135, 2.09190630913, 0.0812389850616, 0.00643164664507, 2.37110634771e-06, 1.41823608413e-09], "mean": [0.205762177706, 1.00365281105, 2.68635058403, 2.97714161873, 4.58075904846, 6.68119859695, 10.5225105286, 10.6504650116, 23.9611244202, 28.5539665222, 27.7596549988, 33.5854530334, 30.7211112976, 44.7806777954, 30.7983589172, 31.6733283997, 25.4420890808, 20.0906066895, 22.3300361633, 13.2038249969, 11.7225484848, 11.2643270493, 4.46428346634, 3.32304501534, 2.4888677597, 1.42442572117, 0.702960193157, 0.450068742037, 0.191608175635, 0.0509983301163, 0.00501976953819, 0.0029331787955, 0.0241006873548, 0.0666423216462, 0.0842546373606, 0.139838665724, 0.0956026315689, 0.0223264656961, 0.000426876009442, 3.63084727724e-05]}, "zerocrossingrate": {"min": 0, "max": 0.52734375, "dvar2": 0.00019152299501, "median": 0.03076171875, "dmean2": 0.00742278061807, "dmean": 0.00585842179134, "var": 0.00340635818429, "dvar": 0.000119190532132, "mean": 0.0453121848404}, "spectral_contrast_coeffs": {"min": [-0.979542315006, -0.984525978565, -0.989144384861, -0.977432668209, -0.977210581303, -0.96586304903], "max": [-0.361017823219, -0.360364705324, -0.442788034678, -0.446890175343, -0.504667937756, -0.403989076614], "dvar2": [0.00399682996795, 0.00287497532554, 0.00191843439825, 0.00117677333765, 0.000804145063739, 0.00436862651259], "median": [-0.694083452225, -0.769684970379, -0.774834513664, -0.791068196297, -0.786602437496, -0.66460031271], "dmean2": [0.0793551281095, 0.0669550150633, 0.0540995113552, 0.0428194627166, 0.0336355939507, 0.0823195055127], "dmean": [0.0472027920187, 0.0403908938169, 0.0333865955472, 0.0260663609952, 0.0204877201468, 0.0476290471852], "var": [0.00981151126325, 0.00990059971809, 0.00873629748821, 0.00626241788268, 0.00341373751871, 0.00811483711004], "dvar": [0.00144588330295, 0.0010303829331, 0.000726278696675, 0.000444804376457, 0.000322880368913, 0.00149393244646], "mean": [-0.687618970871, -0.743197917938, -0.753366529942, -0.771222233772, -0.779664099216, -0.665759921074]}, "dissonance": {"min": 0.112959727645, "max": 0.500000059605, "dvar2": 0.00202469597571, "median": 0.456630021334, "dmean2": 0.0461651347578, "dmean": 0.0272927526385, "var": 0.00323223695159, "dvar": 0.00075090356404, "mean": 0.439542144537}, "spectral_energyband_high": {"min": 6.89596646775e-21, "max": 0.0157143492252, "dvar2": 1.06843302206e-07, "median": 1.04203145384e-05, "dmean2": 7.06001883373e-05, "dmean": 4.73088766739e-05, "var": 8.57342072891e-08, "dvar": 4.61910190097e-08, "mean": 9.06988861971e-05}, "gfcc": {"mean": [-124.223892212, 156.539413452, -123.369567871, -23.1543674469, -17.5306510925, -18.8409233093, -21.3101387024, 11.8564758301, -32.5953407288, 22.0701084137, -23.0944881439, 3.01068711281, -0.345001995564], "icov": [[0.000127778359456, -0.000202842376893, 0.000265485752607, -0.000128501545987, 0.000160219846293, -0.000103926016891, 0.000101456716948, -0.000313455995638, 0.000242485286435, -0.000448005826911, 0.000357295852154, -0.000302760861814, 0.000155262998305], [-0.000202842376893, 0.00107887585182, -0.000499091634993, 0.000223541297601, -0.000941751117352, 0.000780347094405, -0.000731676875148, 0.000843875051942, -6.31188595435e-06, 0.00133958028164, -0.000740584044252, 0.00158535584342, -0.000659362471197], [0.000265485752607, -0.000499091634993, 0.00176052283496, -0.00028421668685, -4.48482251159e-06, -0.00106606364716, 0.000242070003878, -0.00073932739906, 0.000542041030712, -0.000497758330312, 0.00078187166946, -0.000890652067028, 0.000431046064477], [-0.000128501545987, 0.000223541297601, -0.00028421668685, 0.00163700908888, -0.000551335397176, -0.0010635991348, -0.000615055905655, 7.61784849601e-06, 0.000187159064808, 0.00169513165019, -0.000163990989677, 0.00100861198734, 0.000777795270551], [0.000160219846293, -0.000941751117352, -4.48482251159e-06, -0.000551335397176, 0.00392935751006, -0.000472229236038, -0.000841231725644, -0.000248318567174, -0.000511992839165, -0.00152920640539, 0.00129856495187, -0.000843031215481, 0.000994389061816], [-0.000103926016891, 0.000780347094405, -0.00106606364716, -0.0010635991348, -0.000472229236038, 0.00742722814903, -0.000161671065143, -0.000391415931517, -0.000778702960815, 0.000677911913954, -0.000620002334472, 0.001061309129, -0.00103309145197], [0.000101456716948, -0.000731676875148, 0.000242070003878, -0.000615055905655, -0.000841231725644, -0.000161671065143, 0.00514779798687, -0.000627509318292, -0.000452119711554, 0.000759055197705, -0.000171263032826, -0.000895783072338, -0.000117074683658], [-0.000313455995638, 0.000843875051942, -0.00073932739906, 7.61784849601e-06, -0.000248318567174, -0.000391415931517, -0.000627509318292, 0.00719491299242, -0.00145787955262, -0.000223451686907, -7.69986509113e-05, 0.00176384660881, -0.000560476793908], [0.000242485286435, -6.31188595435e-06, 0.000542041030712, 0.000187159064808, -0.000511992839165, -0.000778702960815, -0.000452119711554, -0.00145787955262, 0.00641541648656, -0.00137917976826, -0.00126936577726, -5.89461924392e-05, 0.00124416733161], [-0.000448005826911, 0.00133958028164, -0.000497758330312, 0.00169513165019, -0.00152920640539, 0.000677911913954, 0.000759055197705, -0.000223451686907, -0.00137917976826, 0.00996458251029, -0.000834021542687, -0.000575093610678, 0.000982068129815], [0.000357295852154, -0.000740584044252, 0.00078187166946, -0.000163990989677, 0.00129856495187, -0.000620002334472, -0.000171263032826, -7.69986509113e-05, -0.00126936577726, -0.000834021542687, 0.00983763113618, 0.00159106042702, -0.00187248364091], [-0.000302760861814, 0.00158535584342, -0.000890652067028, 0.00100861198734, -0.000843031215481, 0.001061309129, -0.000895783072338, 0.00176384660881, -5.89461924392e-05, -0.000575093610678, 0.00159106042702, 0.0120704174042, -0.00170480529778], [0.000155262998305, -0.000659362471197, 0.000431046064477, 0.000777795270551, 0.000994389061816, -0.00103309145197, -0.000117074683658, -0.000560476793908, 0.00124416733161, 0.000982068129815, -0.00187248364091, -0.00170480529778, 0.00951108988374]], "cov": [[20363.5449219, 190.64364624, -2129.29125977, -147.746810913, -337.789550781, -333.558563232, -433.265716553, 387.797393799, -507.968078613, 742.915283203, -648.270935059, 337.924194336, -271.337524414], [190.64364624, 4632.61621094, 708.49432373, 1317.21655273, 916.13861084, 39.6906967163, 914.712402344, -263.743377686, -174.493560791, -790.368347168, 226.882904053, -544.02746582, 134.05368042], [-2129.29125977, 708.49432373, 1146.87658691, 532.412231445, 291.660858154, 192.960235596, 219.244613647, -3.64427924156, -11.01496315, -214.098434448, 20.7873935699, -100.391540527, -9.04452037811], [-147.746810913, 1317.21655273, 532.412231445, 1699.78112793, 457.82144165, 286.314605713, 464.38961792, 0.406428217888, -60.2672157288, -444.874450684, 42.3542251587, -274.868652344, -67.5412597656], [-337.789550781, 916.13861084, 291.660858154, 457.82144165, 550.352111816, 70.6632080078, 271.179138184, -25.0196151733, 17.025472641, -143.130828857, 1.84477043152, -101.437721252, -34.8992424011], [-333.558563232, 39.6906967163, 192.960235596, 286.314605713, 70.6632080078, 216.671356201, 63.9781188965, 32.6278533936, 21.2574310303, -65.2568435669, 13.2152681351, -43.0332946777, -6.25966215134], [-433.265716553, 914.712402344, 219.244613647, 464.38961792, 271.179138184, 63.9781188965, 433.329040527, -29.0671329498, -0.113811179996, -210.762130737, 54.8717842102, -118.921821594, 16.0552558899], [387.797393799, -263.743377686, -3.64427924156, 0.406428217888, -25.0196151733, 32.6278533936, -29.0671329498, 189.97505188, 40.9638137817, 59.6201705933, -23.0517692566, 12.604136467, -21.2795085907], [-507.968078613, -174.493560791, -11.01496315, -60.2672157288, 17.025472641, 21.2574310303, -0.113811179996, 40.9638137817, 211.112915039, 46.5398368835, 31.1480770111, 3.89871954918, -21.0259513855], [742.915283203, -790.368347168, -214.098434448, -444.874450684, -143.130828857, -65.2568435669, -210.762130737, 59.6201705933, 46.5398368835, 317.70916748, -61.3462753296, 133.128326416, -39.1494636536], [-648.270935059, 226.882904053, 20.7873935699, 42.3542251587, 1.84477043152, 13.2152681351, 54.8717842102, -23.0517692566, 31.1480770111, -61.3462753296, 159.738494873, -59.0450668335, 45.5899124146], [337.924194336, -544.02746582, -100.391540527, -274.868652344, -101.437721252, -43.0332946777, -118.921821594, 12.604136467, 3.89871954918, 133.128326416, -59.0450668335, 177.807571411, -5.00321674347], [-271.337524414, 134.05368042, -9.04452037811, -67.5412597656, -34.8992424011, -6.25966215134, 16.0552558899, -21.2795085907, -21.0259513855, -39.1494636536, 45.5899124146, -5.00321674347, 141.580429077]]}, "spectral_flux": {"min": 6.3450050769e-11, "max": 0.33318439126, "dvar2": 0.000844313588459, "median": 0.0470807105303, "dmean2": 0.0226004850119, "dmean": 0.0136731853709, "var": 0.00133697665296, "dvar": 0.000325494358549, "mean": 0.0546689517796}, "silence_rate_30dB": {"min": 0, "max": 1, "dvar2": 0.0168194286525, "median": 1, "dmean2": 0.0128843337297, "dmean": 0.00644153822213, "var": 0.00582113070413, "dvar": 0.00640014605597, "mean": 0.994144618511}, "spectral_energyband_middle_high": {"min": 1.16801022595e-21, "max": 0.102209895849, "dvar2": 2.42763835558e-05, "median": 0.00145059661008, "dmean2": 0.001947253244, "dmean": 0.00132399366703, "var": 7.22115510143e-05, "dvar": 1.05325743789e-05, "mean": 0.00458143372089}, "barkbands_spread": {"min": 0.999979138374, "max": 114.322799683, "dvar2": 37.7700386047, "median": 10.589389801, "dmean2": 4.69899749756, "dmean": 2.95654773712, "var": 76.3206558228, "dvar": 14.9518442154, "mean": 12.7544193268}, "spectral_centroid": {"min": 182.74647522, "max": 11728.8310547, "dvar2": 87497.4140625, "median": 709.270263672, "dmean2": 209.302703857, "dmean": 131.670913696, "var": 1256514.5, "dvar": 37012.5039062, "mean": 951.405883789}, "pitch_salience": {"min": 0.131496429443, "max": 0.994901299477, "dvar2": 0.0118685727939, "median": 0.529396533966, "dmean2": 0.116098448634, "dmean": 0.0703193843365, "var": 0.0158960837871, "dvar": 0.00418973853812, "mean": 0.525888621807}, "erbbands_skewness": {"min": -6.24394989014, "max": 4.30977058411, "dvar2": 0.241589099169, "median": 0.233141437173, "dmean2": 0.527234613895, "dmean": 0.337972521782, "var": 0.635957717896, "dvar": 0.100029699504, "mean": 0.202996626496}, "erbbands_crest": {"min": 2.39463019371, "max": 33.7696647644, "dvar2": 13.4810943604, "median": 8.97516155243, "dmean2": 3.92222261429, "dmean": 2.48922872543, "var": 32.1655654907, "dvar": 5.73551607132, "mean": 10.6505918503}, "melbands": {"min": [7.85408554077e-25, 1.48902258608e-24, 9.44980225454e-25, 1.51988706482e-24, 1.42425907792e-24, 1.8526047316e-24, 2.24698647205e-24, 1.84422623993e-24, 2.38266561737e-24, 3.27061731305e-24, 2.70110450733e-24, 2.01080171424e-24, 1.8926997704e-24, 2.53746852597e-24, 2.6927770944e-24, 3.78131836891e-24, 3.63733113775e-24, 3.73565318326e-24, 3.30695776837e-24, 1.95179156587e-24, 2.67512574e-24, 3.47919174196e-24, 3.68354615945e-24, 4.34897794314e-24, 3.83249729786e-24, 4.32585051355e-24, 5.04490866714e-24, 4.62859284644e-24, 5.43568827148e-24, 4.73762722861e-24, 5.40560348314e-24, 3.53713160329e-24, 5.61223100334e-24, 5.49061192315e-24, 5.48107656696e-24, 5.21287174779e-24, 5.64141806797e-24, 6.32854510427e-24, 4.96194732118e-24, 6.69762787827e-24], "max": [0.0394057743251, 0.0527808852494, 0.0274384617805, 0.0124716786668, 0.0195729676634, 0.00773441931233, 0.018780561164, 0.0110476100817, 0.012108983472, 0.0079882601276, 0.00793778523803, 0.0116498060524, 0.0118076745421, 0.00627750111744, 0.0125829195604, 0.00687442906201, 0.00737488316372, 0.00336555624381, 0.00069917307701, 0.000651534821372, 0.000416037015384, 0.00380758848041, 0.000526604184415, 0.000265412032604, 8.8813379989e-05, 6.80413650116e-05, 0.000106980136479, 5.54014004592e-05, 2.73062432825e-05, 2.12246068259e-05, 7.10137601345e-06, 3.79341577172e-06, 2.72518809652e-06, 1.52604252435e-06, 3.53385217977e-07, 1.3002393473e-07, 1.00567035588e-06, 1.93038385987e-06, 2.03864328796e-06, 5.4194920267e-06], "dvar2": [4.16009743276e-06, 1.55514153448e-05, 2.92030222226e-06, 7.67988524331e-07, 5.34981097644e-07, 1.70411254885e-07, 4.68705565027e-07, 1.48590928006e-07, 1.42483031595e-07, 6.33394421357e-08, 3.87586673867e-08, 2.00945962092e-07, 1.31840749873e-07, 2.83437540105e-08, 8.10951803487e-08, 1.52667656295e-08, 3.04072784729e-08, 1.50366261664e-08, 1.29594512899e-09, 1.87676474361e-09, 7.27314930504e-10, 2.48007436809e-09, 5.03404318231e-10, 8.33170477055e-11, 4.98588254016e-11, 3.15759571268e-11, 1.90424290919e-11, 1.35617983857e-11, 2.66911709748e-12, 1.56985958521e-12, 4.23965739902e-13, 1.04173078855e-13, 4.28931724666e-14, 8.68473045215e-15, 7.81791452102e-16, 1.09861993056e-17, 3.13553332926e-16, 3.71922468612e-15, 1.00529393837e-14, 2.22152584685e-14], "median": [0.000190941296751, 0.000242413778324, 0.000153176908498, 0.000126632512547, 0.000102671234345, 7.12475011824e-05, 7.9711448052e-05, 7.42697375244e-05, 5.00924834341e-05, 3.79471130145e-05, 2.62877438217e-05, 2.06998684007e-05, 1.81318355317e-05, 1.39834892252e-05, 1.08741087388e-05, 7.90880403656e-06, 7.97092434368e-06, 6.71446923661e-06, 4.095555596e-06, 3.14594581141e-06, 2.74979197457e-06, 1.72443412794e-06, 7.41744315746e-07, 4.0835138293e-07, 3.91805315303e-07, 3.9086953052e-07, 1.94328876546e-07, 8.95183021044e-08, 5.86486734733e-08, 5.05449229138e-08, 3.44728263713e-08, 1.12823750342e-08, 5.39512834408e-09, 4.12291562002e-10, 9.07157682306e-12, 3.83502040888e-12, 5.08311535224e-12, 2.87035506474e-10, 2.50654030864e-09, 3.69314423487e-09], "dmean2": [0.000960648583714, 0.00138976390008, 0.000577248109039, 0.000363714731066, 0.000279744766885, 0.000175437249709, 0.000236534251599, 0.000175721157575, 0.000138274815981, 0.000100025237771, 7.0217603934e-05, 0.000119401731354, 8.17230320536e-05, 4.85457821924e-05, 5.45478033018e-05, 3.00521060126e-05, 3.17719277518e-05, 2.86307022179e-05, 1.41064701893e-05, 1.65269375429e-05, 1.0694951925e-05, 9.99475832941e-06, 5.72464614379e-06, 2.74732292382e-06, 2.50193920692e-06, 2.20324977818e-06, 1.18684272365e-06, 9.50509104314e-07, 4.64863745719e-07, 3.51184581859e-07, 2.20925144845e-07, 1.22476947695e-07, 7.6143187755e-08, 2.55823575657e-08, 5.76568570665e-09, 4.2271883216e-10, 3.04688652086e-09, 1.41757654504e-08, 3.20718598346e-08, 4.39545466691e-08], "dmean": [0.000617666752078, 0.000835344311781, 0.000347826717189, 0.000225090319873, 0.00017266193754, 0.000110156877781, 0.000155028930749, 0.000120643846458, 9.72883863142e-05, 7.46754813008e-05, 5.43268652109e-05, 8.08044496807e-05, 5.49903998035e-05, 3.36729535775e-05, 3.80825149477e-05, 2.04942625714e-05, 2.09939462366e-05, 1.83028623724e-05, 9.35113530431e-06, 1.0938966625e-05, 6.82949757902e-06, 6.44208193989e-06, 3.58374245479e-06, 1.65659548657e-06, 1.50015955569e-06, 1.31568822326e-06, 7.00934549513e-07, 5.52038386559e-07, 2.76839273283e-07, 2.1014034246e-07, 1.34417220465e-07, 7.49976720726e-08, 4.60428104532e-08, 1.48230387964e-08, 3.17216164447e-09, 2.36486774607e-10, 1.82443804508e-09, 8.46762571172e-09, 1.95727221097e-08, 2.8101156957e-08], "var": [1.20287122627e-05, 9.11646657187e-06, 1.68660926647e-06, 7.80206448781e-07, 8.65203332978e-07, 3.35744346103e-07, 1.2447995914e-06, 5.10838049195e-07, 3.9251870021e-07, 3.22266828334e-07, 2.79194125596e-07, 4.02840043989e-07, 2.19861291839e-07, 4.93189702411e-08, 1.909818792e-07, 2.90705965966e-08, 2.28168435257e-08, 2.19533919932e-08, 2.67169175672e-09, 2.49657516882e-09, 7.78263231638e-10, 6.57380683222e-09, 5.10421760413e-10, 7.56800663804e-11, 3.91550264434e-11, 2.49686972487e-11, 1.9299565418e-11, 6.79869572098e-12, 1.75968538785e-12, 9.27040996052e-13, 2.81784171734e-13, 7.08448734789e-14, 2.56169122915e-14, 3.48955022017e-15, 1.92894667494e-16, 5.40982613977e-18, 3.09484689573e-16, 2.31728287919e-15, 1.13388802403e-14, 4.39705509416e-14], "dvar": [1.7346843606e-06, 5.3560811466e-06, 1.08028177692e-06, 3.14624372777e-07, 2.10572522974e-07, 6.53365574976e-08, 2.00917284587e-07, 7.48048307742e-08, 7.34726484097e-08, 3.89980918669e-08, 2.8047553613e-08, 8.7503572388e-08, 5.64469289088e-08, 1.634859359e-08, 4.05402893477e-08, 1.10375779627e-08, 1.24701351467e-08, 6.25249629849e-09, 6.16555861921e-10, 9.00443497542e-10, 2.82250028905e-10, 1.08674791388e-09, 2.06189107455e-10, 3.35679435637e-11, 1.84803543996e-11, 1.21985191046e-11, 7.02012059595e-12, 4.84399109366e-12, 1.00337674367e-12, 5.85752204119e-13, 1.61793470873e-13, 4.09169022991e-14, 1.63778021635e-14, 3.2125020485e-15, 2.73409926926e-16, 4.51830948713e-18, 1.50839574307e-16, 1.48921637605e-15, 3.83330011884e-15, 9.58294197711e-15], "mean": [0.00160229182802, 0.00138653104659, 0.00055883161258, 0.000405058584874, 0.00036183706834, 0.000253217323916, 0.000385849562008, 0.000301030959236, 0.000237589716562, 0.00019172213797, 0.000151566549903, 0.000183918440598, 0.000119435564557, 6.83630496496e-05, 8.29435739433e-05, 3.99076125177e-05, 3.90609202441e-05, 3.87021500501e-05, 1.97583976842e-05, 1.90029968508e-05, 1.26394379549e-05, 1.34553083626e-05, 6.18753756498e-06, 2.96160260405e-06, 2.60383444584e-06, 2.25194571613e-06, 1.27909731873e-06, 8.34889362977e-07, 4.5917153102e-07, 3.47806519585e-07, 2.20446793264e-07, 1.14676417695e-07, 6.36921697605e-08, 1.47355967428e-08, 2.50134535307e-09, 1.70752426087e-10, 1.98681404662e-09, 1.00529424785e-08, 3.47679787183e-08, 6.24327327614e-08]}, "spectral_entropy": {"min": 4.69106769562, "max": 9.81624221802, "dvar2": 0.0435124561191, "median": 6.78351449966, "dmean2": 0.212760418653, "dmean": 0.136251419783, "var": 0.339663684368, "dvar": 0.0184449460357, "mean": 6.79697275162}, "spectral_rolloff": {"min": 21.533203125, "max": 20004.3457031, "dvar2": 1965028.875, "median": 818.26171875, "dmean2": 468.513671875, "dmean": 265.616119385, "var": 4573067.5, "dvar": 792197.9375, "mean": 1203.52722168}, "barkbands": {"min": [6.71805681192e-25, 1.07495265237e-24, 6.87766161546e-25, 8.23254649043e-25, 7.64740063094e-24, 1.08527917689e-23, 7.73313008982e-24, 1.03297044135e-23, 2.10066511981e-23, 1.78360472483e-23, 1.01342925233e-23, 2.32141822003e-23, 3.49174322893e-23, 3.14056160213e-23, 5.62610107132e-23, 4.57686494919e-23, 7.7592390192e-23, 8.52719763479e-23, 9.48511395635e-23, 1.40074673548e-22, 2.44184156063e-22, 2.41518412049e-22, 4.01952752524e-22, 4.99347539366e-22, 8.564731258e-22, 1.16852297292e-21, 1.94315772466e-21], "max": [0.0463709682226, 0.0917458981276, 0.153769880533, 0.0763821005821, 0.0574550703168, 0.0592629276216, 0.0888458937407, 0.0536799058318, 0.0533902496099, 0.0758110284805, 0.0687548592687, 0.0860072523355, 0.0827925354242, 0.0747441202402, 0.0224793516099, 0.00667598191649, 0.0438569150865, 0.00340790790506, 0.00172067957465, 0.00182310631499, 0.000641933351289, 0.000146933802171, 3.20687722706e-05, 8.93867545528e-05, 0.000459184549982, 0.0153688909486, 0.00122641201597], "dvar2": [1.62011417615e-06, 6.98059084243e-05, 8.445236017e-05, 1.30251828523e-05, 1.4623820789e-05, 5.12000951858e-06, 1.09012134999e-05, 3.56709733751e-06, 3.36335278917e-06, 6.23707046543e-06, 7.02365014149e-06, 5.04983245264e-06, 2.36348728322e-06, 3.79835546482e-06, 3.83136068649e-07, 2.27442342293e-07, 4.86876672312e-07, 2.89346129279e-08, 1.88721678285e-08, 1.16718155141e-08, 1.80650538972e-09, 1.42085843091e-10, 4.9520192634e-12, 1.14694885534e-11, 5.09135567039e-10, 9.19630167573e-08, 1.08810527255e-09], "median": [6.41644583084e-05, 0.000674923474435, 0.00041187601164, 0.000236686028074, 0.000710709835403, 0.000370505964383, 0.000414602545789, 0.000277827668469, 0.000263856753008, 0.000158475610078, 0.000124801576021, 0.000104756640212, 7.47987724026e-05, 8.18121043267e-05, 5.93338954786e-05, 4.02421937906e-05, 2.99192251987e-05, 9.8998661997e-06, 9.93571757135e-06, 3.75429158339e-06, 2.21045024773e-06, 4.56204475086e-07, 8.3977480525e-10, 3.26653442073e-08, 4.91408627568e-07, 3.18664689303e-07, 3.64369974193e-08], "dmean2": [0.000377872900572, 0.00377657008357, 0.00271165627055, 0.00113775616046, 0.00171973649412, 0.000916511926334, 0.00116952252574, 0.000754534616135, 0.000700487813447, 0.000721666088793, 0.000664301798679, 0.000495733809657, 0.000327754882164, 0.000373351824237, 0.000211436374229, 0.000188767677173, 0.000186864330317, 5.4009622545e-05, 5.44308459212e-05, 2.88362698484e-05, 1.26548966364e-05, 4.59550665255e-06, 5.2962383279e-07, 9.65040044321e-07, 6.25716484137e-06, 4.18718955189e-05, 3.71326791537e-06], "dmean": [0.00023388605041, 0.00234228488989, 0.00161394604947, 0.000678529206198, 0.00107320165262, 0.000574169738684, 0.000772372004576, 0.000519942375831, 0.000518531713169, 0.000521001580637, 0.000444377801614, 0.000341489241691, 0.000226529460633, 0.000243241287535, 0.000139912212035, 0.000124463796965, 0.000119342497783, 3.21344159602e-05, 3.26215485984e-05, 1.69683444255e-05, 7.63525258662e-06, 2.83933263745e-06, 3.01916287526e-07, 5.79144113999e-07, 4.02273144573e-06, 2.92198128591e-05, 2.29806164498e-06], "var": [1.46814647906e-06, 0.000122401790577, 3.90215391235e-05, 6.66813002681e-06, 1.82494331966e-05, 9.91634260572e-06, 3.38479767379e-05, 1.07339174065e-05, 1.43828601722e-05, 2.01649145311e-05, 1.11478339022e-05, 1.07632904474e-05, 4.1440316636e-06, 3.27696966451e-06, 1.05065839762e-06, 2.71182273082e-07, 1.07202163235e-06, 2.59922519064e-08, 1.6263275171e-08, 9.33807520198e-09, 1.2951522077e-09, 1.0367431913e-10, 1.69377760515e-12, 8.07954831511e-12, 7.72822528194e-10, 6.34564329971e-08, 4.56860049791e-10], "dvar": [6.72932060297e-07, 2.64709378826e-05, 2.93415214401e-05, 4.83811300001e-06, 6.03629496254e-06, 1.95183679352e-06, 4.77988896819e-06, 1.90150092294e-06, 1.96149562726e-06, 3.13568102683e-06, 2.9484699553e-06, 2.36317328017e-06, 1.66341067143e-06, 1.57066710926e-06, 1.74715793833e-07, 1.06824252555e-07, 2.0694224645e-07, 1.12174145528e-08, 7.1792918277e-09, 4.26271329346e-09, 6.77753075884e-10, 5.59824443747e-11, 1.78800019495e-12, 4.50969339996e-12, 2.14277318111e-10, 3.96848705009e-08, 4.34762781332e-10], "mean": [0.000441121374024, 0.00539973098785, 0.00229417276569, 0.000914499396458, 0.00208021514118, 0.00134216889273, 0.0019697365351, 0.00116824335419, 0.0012953550322, 0.00130789843388, 0.000944195257034, 0.000712517125066, 0.000454758148408, 0.00045486271847, 0.000306168483803, 0.000212712140637, 0.000240321882302, 6.00706698606e-05, 5.96900827077e-05, 3.00066367345e-05, 1.39775593198e-05, 4.48721038993e-06, 2.69864699476e-07, 7.74663703851e-07, 8.75342539075e-06, 4.83163821627e-05, 3.05057938021e-06]}, "melbands_flatness_db": {"min": 0.0029234206304, "max": 0.601031899452, "dvar2": 0.00172261206899, "median": 0.346398174763, "dmean2": 0.0420124828815, "dmean": 0.026052152738, "var": 0.00702987750992, "dvar": 0.00066020176746, "mean": 0.346052080393}, "melbands_skewness": {"min": -2.11655569077, "max": 9.55425548553, "dvar2": 0.94233751297, "median": 1.61607348919, "dmean2": 0.893532454967, "dmean": 0.558325052261, "var": 2.45122170448, "dvar": 0.351437926292, "mean": 1.94246530533}, "barkbands_skewness": {"min": -3.07399654388, "max": 7.8818898201, "dvar2": 0.618673980236, "median": 1.17827093601, "dmean2": 0.75021058321, "dmean": 0.474067181349, "var": 1.58215856552, "dvar": 0.2345020473, "mean": 1.35763907433}, "silence_rate_60dB": {"min": 0, "max": 1, "dvar2": 0.066367380321, "median": 0, "dmean2": 0.059346023947, "dmean": 0.0296701155603, "var": 0.158570766449, "dvar": 0.0287925899029, "mean": 0.197618812323}, "spectral_energyband_low": {"min": 9.37857639783e-24, "max": 0.212064534426, "dvar2": 0.000210209720535, "median": 0.00155917811207, "dmean2": 0.00598856946453, "dmean": 0.00367440911941, "var": 0.000260416563833, "dvar": 7.5941614341e-05, "mean": 0.00864541716874}, "spectral_energyband_middle_low": {"min": 1.59264844716e-22, "max": 0.13451936841, "dvar2": 5.6655590015e-05, "median": 0.00399099150673, "dmean2": 0.00390597479418, "dmean": 0.00256465096027, "var": 0.000194374588318, "dvar": 2.39187684201e-05, "mean": 0.0091493036598}, "melbands_kurtosis": {"min": -1.90183639526, "max": 146.933395386, "dvar2": 167.695861816, "median": 3.31731510162, "dmean2": 6.91003465652, "dmean": 4.24063014984, "var": 191.301239014, "dvar": 63.1783447266, "mean": 8.25030517578}, "spectral_decrease": {"min": -6.12648776155e-08, "max": 1.68058750341e-19, "dvar2": 1.79872243997e-17, "median": -2.91076518444e-09, "dmean2": 2.32304220305e-09, "dmean": 1.48472811823e-09, "var": 3.71214240542e-17, "dvar": 6.78870561522e-18, "mean": -5.49503242908e-09}, "erbbands_kurtosis": {"min": -1.7995647192, "max": 52.0325241089, "dvar2": 5.94244718552, "median": 0.203403711319, "dmean2": 1.59898841381, "dmean": 1.00537157059, "var": 7.95527267456, "dvar": 2.42792272568, "mean": 0.988187968731}, "melbands_crest": {"min": 1.5539484024, "max": 35.0102767944, "dvar2": 23.3427848816, "median": 13.7318735123, "dmean2": 5.2185344696, "dmean": 3.1974029541, "var": 36.3556938171, "dvar": 8.22438144684, "mean": 14.6865062714}, "melbands_spread": {"min": 0.817293405533, "max": 162.717758179, "dvar2": 66.6364593506, "median": 12.8500671387, "dmean2": 6.06239700317, "dmean": 3.77295947075, "var": 249.431655884, "dvar": 25.4415130615, "mean": 16.0913944244}, "spectral_energy": {"min": 1.00100607515e-20, "max": 0.234347343445, "dvar2": 0.00026613441878, "median": 0.0118631068617, "dmean2": 0.00903573445976, "dmean": 0.00578687200323, "var": 0.000569067837205, "dvar": 0.000100908036984, "mean": 0.0217680335045}, "mfcc": {"mean": [-765.322021484, 203.293273926, -34.3903312683, 8.83040714264, 1.73615789413, -7.80613088608, 8.13778686523, -12.3954706192, 11.7484359741, -6.69305706024, 6.63567829132, -2.56955432892, 5.91859483719], "icov": [[0.00153518270236, -0.00177782506216, 0.00160686683375, -0.00107330281753, 0.000231040932704, 4.53073989775e-05, -0.000444013625383, 0.0014151170617, -0.00195823586546, 0.00199521123432, -0.00205305917189, 0.00184250599705, -0.000974033726379], [-0.00177782506216, 0.00271360133775, -0.00179540086538, 0.0012045056792, -0.000428697210737, -1.56613259605e-05, 0.000116423172585, -0.00175371323712, 0.00256506283768, -0.00261463411152, 0.00269227777608, -0.00221286993474, 0.00148843415082], [0.00160686683375, -0.00179540086538, 0.00327075761743, -0.00097035523504, -0.00023112911731, -0.000248021358857, -0.00064836506499, 0.000563806912396, -0.0016168281436, 0.00176364276558, -0.0013101361692, 0.00219065486453, -0.000794299063273], [-0.00107330281753, 0.0012045056792, -0.00097035523504, 0.00329354428686, -0.00111891957931, -0.000730381230824, -0.00161575351376, -0.00174931052607, 0.000880725507159, -0.000247154530371, 0.000220994435949, -0.000419827236328, 0.00208337162621], [0.000231040932704, -0.000428697210737, -0.00023112911731, -0.00111891957931, 0.00490595772862, -0.00116779410746, 0.000283618166577, 7.81617927714e-05, -0.000285010930384, -0.00167829345446, 1.19126661957e-06, -0.000871257041581, -7.59752074373e-05], [4.53073989775e-05, -1.56613259605e-05, -0.000248021358857, -0.000730381230824, -0.00116779410746, 0.00686174537987, -0.000870703544933, -0.000946670828853, 0.00019530019199, 6.50948059047e-05, 0.000228892167797, -0.000171632607817, 0.00105314608663], [-0.000444013625383, 0.000116423172585, -0.00064836506499, -0.00161575351376, 0.000283618166577, -0.000870703544933, 0.00804154202342, -0.00188688433263, 0.000310058967443, -0.000445370649686, 0.000629751069937, 0.00164520181715, -0.000518542656209], [0.0014151170617, -0.00175371323712, 0.000563806912396, -0.00174931052607, 7.81617927714e-05, -0.000946670828853, -0.00188688433263, 0.00783892907202, -0.00199930043891, -0.000733753666282, -0.000551736797206, 0.000916777236853, -0.000143661643961], [-0.00195823586546, 0.00256506283768, -0.0016168281436, 0.000880725507159, -0.000285010930384, 0.00019530019199, 0.000310058967443, -0.00199930043891, 0.00835977960378, -0.0014834968606, 0.00101932324469, -0.00331640709192, 0.00110200466588], [0.00199521123432, -0.00261463411152, 0.00176364276558, -0.000247154530371, -0.00167829345446, 6.50948059047e-05, -0.000445370649686, -0.000733753666282, -0.0014834968606, 0.0111552337185, -0.00509938038886, 0.00233411393128, -0.000847495044582], [-0.00205305917189, 0.00269227777608, -0.0013101361692, 0.000220994435949, 1.19126661957e-06, 0.000228892167797, 0.000629751069937, -0.000551736797206, 0.00101932324469, -0.00509938038886, 0.00988464988768, -0.00352580077015, 0.00103912630584], [0.00184250599705, -0.00221286993474, 0.00219065486453, -0.000419827236328, -0.000871257041581, -0.000171632607817, 0.00164520181715, 0.000916777236853, -0.00331640709192, 0.00233411393128, -0.00352580077015, 0.0105802454054, -0.00250137713738], [-0.000974033726379, 0.00148843415082, -0.000794299063273, 0.00208337162621, -7.59752074373e-05, 0.00105314608663, -0.000518542656209, -0.000143661643961, 0.00110200466588, -0.000847495044582, 0.00103912630584, -0.00250137713738, 0.0121601046994]], "cov": [[7316.25292969, 1272.35302734, -1648.36486816, 938.321960449, -286.942230225, -122.269760132, 279.036132812, -491.69934082, 544.990356445, -429.923187256, 537.821838379, -208.948348999, 8.45826530457], [1272.35302734, 2273.30371094, 571.86151123, 568.762634277, 374.825592041, 290.496856689, 369.478637695, 451.124786377, -209.535232544, 226.192886353, -182.486953735, -130.031890869, -214.566177368], [-1648.36486816, 571.86151123, 1289.44494629, 361.588867188, 352.485839844, 287.197937012, 256.585998535, 468.270599365, -203.121734619, 205.528259277, -229.919555664, -115.592025757, -157.351989746], [938.321960449, 568.762634277, 361.588867188, 1262.09277344, 347.711395264, 344.287414551, 470.171295166, 399.332366943, 26.5625858307, 73.9858703613, 34.5646209717, -193.576873779, -229.973114014], [-286.942230225, 374.825592041, 352.485839844, 347.711395264, 420.867797852, 192.358230591, 151.559066772, 241.521087646, -54.1371765137, 147.343902588, -39.9406547546, -23.0865440369, -96.286857605], [-122.269760132, 290.496856689, 287.197937012, 344.287414551, 192.358230591, 294.37677002, 172.368240356, 216.297973633, -44.1160850525, 78.6952972412, -45.1554718018, -58.2308959961, -98.6024703979], [279.036132812, 369.478637695, 256.585998535, 470.171295166, 151.559066772, 172.368240356, 340.79083252, 228.779602051, -24.383764267, 56.1110191345, -32.1730079651, -117.401817322, -98.6942062378], [-491.69934082, 451.124786377, 468.270599365, 399.332366943, 241.521087646, 216.297973633, 228.779602051, 446.108764648, -76.368522644, 155.867477417, -90.1007003784, -69.4962921143, -123.443855286], [544.990356445, -209.535232544, -203.121734619, 26.5625858307, -54.1371765137, -44.1160850525, -24.383764267, -76.368522644, 240.186737061, -57.0442810059, 96.9501495361, 36.0369949341, 26.409198761], [-429.923187256, 226.192886353, 205.528259277, 73.9858703613, 147.343902588, 78.6952972412, 56.1110191345, 155.867477417, -57.0442810059, 210.82774353, -3.57636642456, -2.08137130737, -43.2947387695], [537.821838379, -182.486953735, -229.919555664, 34.5646209717, -39.9406547546, -45.1554718018, -32.1730079651, -90.1007003784, 96.9501495361, -3.57636642456, 228.953353882, 39.3717803955, 25.2001171112], [-208.948348999, -130.031890869, -115.592025757, -193.576873779, -23.0865440369, -58.2308959961, -117.401817322, -69.4962921143, 36.0369949341, -2.08137130737, 39.3717803955, 179.012817383, 53.9138755798], [8.45826530457, -214.566177368, -157.351989746, -229.973114014, -96.286857605, -98.6024703979, -98.6942062378, -123.443855286, 26.409198761, -43.2947387695, 25.2001171112, 53.9138755798, 144.09703064]]}, "spectral_contrast_valleys": {"min": [-28.0775432587, -28.1455993652, -27.7149200439, -27.7495098114, -27.5848827362, -27.4394721985], "max": [-5.16199445724, -4.78257226944, -5.55789899826, -5.96098899841, -6.20510530472, -10.0955696106], "dvar2": [0.268382638693, 0.181645572186, 0.139460012317, 0.154863074422, 0.162506982684, 1.15295040607], "median": [-7.47456407547, -6.75164747238, -7.4675951004, -8.1041727066, -9.13099098206, -14.4209880829], "dmean2": [0.623414933681, 0.513611316681, 0.439037621021, 0.387398988008, 0.352468520403, 1.32683873177], "dmean": [0.367541193962, 0.306589394808, 0.265059262514, 0.234459891915, 0.222329065204, 0.7598721385], "var": [6.49463272095, 5.18668222427, 4.75687074661, 4.71112108231, 4.79621124268, 2.61140298843], "dvar": [0.103224650025, 0.0738466382027, 0.059407453984, 0.0668642371893, 0.0769836232066, 0.404846251011], "mean": [-8.04232597351, -7.12386798859, -7.76756381989, -8.48705005646, -9.2921705246, -14.5239639282]}, "barkbands_flatness_db": {"min": 0.0401807278395, "max": 0.430280148983, "dvar2": 0.00110719236545, "median": 0.231576234102, "dmean2": 0.0346326418221, "dmean": 0.0218376796693, "var": 0.00396835524589, "dvar": 0.000435535097495, "mean": 0.22997033596}, "dynamic_complexity": 5.29483795166, "spectral_skewness": {"min": -0.0785667523742, "max": 11.8278903961, "dvar2": 0.868123352528, "median": 2.82743573189, "dmean2": 0.908632516861, "dmean": 0.526396453381, "var": 1.88938117027, "dvar": 0.29032176733, "mean": 3.03973031044}, "erbbands_