{"lowlevel": {"spectral_complexity": {"min": 0, "max": 53, "dvar2": 34.2719917297, "median": 18, "dmean2": 5.92020988464, "dmean": 4.0489153862, "var": 103.334632874, "dvar": 17.5353984833, "mean": 18.4636096954}, "silence_rate_20dB": {"min": 1, "max": 1, "dvar2": 0, "median": 1, "dmean2": 0, "dmean": 0, "var": 0, "dvar": 0, "mean": 1}, "average_loudness": 0.842495083809, "erbbands_spread": {"min": 3.92252731323, "max": 107.432609558, "dvar2": 165.117706299, "median": 43.106010437, "dmean2": 14.1540060043, "dmean": 9.18914222717, "var": 406.740692139, "dvar": 70.6614608765, "mean": 43.5214653015}, "spectral_kurtosis": {"min": -1.24540042877, "max": 136.219848633, "dvar2": 42.3315391541, "median": 5.6763010025, "dmean2": 2.70862650871, "dmean": 1.69082307816, "var": 44.0108528137, "dvar": 16.3531303406, "mean": 7.40495634079}, "barkbands_kurtosis": {"min": -1.84974515438, "max": 143.449661255, "dvar2": 90.6674499512, "median": 4.59733581543, "dmean2": 6.81990528107, "dmean": 4.25124263763, "var": 85.1932983398, "dvar": 36.4346160889, "mean": 7.30618858337}, "spectral_strongpeak": {"min": 0, "max": 8.10530185699, "dvar2": 1.04549264908, "median": 0.373366385698, "dmean2": 0.734544634819, "dmean": 0.444266319275, "var": 0.941641867161, "dvar": 0.430557578802, "mean": 0.747351288795}, "spectral_spread": {"min": 711719.8125, "max": 42213016, "dvar2": 1171636879360.0, "median": 4027648.75, "dmean2": 614976.6875, "dmean": 392122.78125, "var": 15921620975600.0, "dvar": 616404746240, "mean": 4337776.5}, "spectral_rms": {"min": 3.13625926444e-12, "max": 0.0138607313856, "dvar2": 1.47379557802e-06, "median": 0.00508436001837, "dmean2": 0.00131905102171, "dmean": 0.00087415787857, "var": 4.343560704e-06, "dvar": 6.57108273572e-07, "mean": 0.00493018189445}, "erbbands": {"min": [6.89094865606e-23, 4.3088890259e-22, 2.35609593958e-21, 5.84940245101e-21, 9.63851286924e-21, 1.90626276323e-20, 5.82537939734e-20, 8.15710331643e-20, 1.13920658129e-19, 2.46099751468e-19, 2.79399044399e-19, 3.49621069087e-19, 3.25266080118e-19, 5.29980667221e-19, 5.34249642965e-19, 1.01894299883e-18, 1.46068081378e-18, 1.48827969492e-18, 2.42347148391e-18, 2.61078425888e-18, 2.82714430823e-18, 3.11726529358e-18, 4.77537695559e-18, 6.41643339413e-18, 7.53107994906e-18, 7.1755486228e-18, 7.38171760021e-18, 9.4064654882e-18, 8.23676013734e-18, 1.19512030975e-17, 1.23709153675e-17, 1.22725073444e-17, 9.64289686833e-18, 8.81984719575e-18, 6.08571417752e-18, 4.14178803923e-18, 2.42084973496e-18, 9.786250784e-19, 2.5608172766e-19, 2.88485539418e-20], "max": [1.49041628838, 21.5140972137, 60.3805503845, 101.66493988, 153.754547119, 345.60256958, 972.552734375, 1815.82946777, 1436.10449219, 998.204528809, 1147.60839844, 2341.07421875, 644.400268555, 1498.25805664, 886.275878906, 658.847900391, 931.458740234, 1179.58361816, 899.635559082, 519.705810547, 246.726913452, 102.752540588, 365.840454102, 296.587646484, 205.105178833, 382.070709229, 211.552139282, 82.0191345215, 39.7044639587, 236.640655518, 88.6555023193, 10.0621051788, 1.70452713966, 0.567913472652, 0.266066342592, 0.279800772667, 1.0284165144, 2.34556007385, 0.201106831431, 0.0151812806726], "dvar2": [0.0408820696175, 5.56347036362, 80.5827102661, 78.1104202271, 70.8852005005, 541.407714844, 1830.12475586, 8927.41308594, 3734.37060547, 4462.96728516, 5467.51953125, 16455.3886719, 2936.7109375, 7445.27099609, 3520.17236328, 1255.26708984, 1509.33105469, 1825.06018066, 2321.0847168, 625.189880371, 159.095458984, 47.944152832, 905.146118164, 214.112930298, 383.711242676, 1234.07556152, 516.465087891, 63.2351226807, 13.6420822144, 517.530029297, 106.495414734, 0.62215334177, 0.0254127271473, 0.00372931594029, 0.00134734506719, 0.000756463210564, 0.0141333332285, 0.059204313904, 0.000733350054361, 2.42913074544e-06], "median": [0.0639751106501, 0.734512209892, 2.39808177948, 2.33463001251, 2.98927879333, 9.90697097778, 13.8114185333, 12.2522850037, 10.8636417389, 10.9775009155, 10.0111198425, 9.58402252197, 11.4013271332, 9.55627632141, 9.21164417267, 7.2726726532, 7.66643714905, 5.81171035767, 5.18083143234, 4.1043753624, 4.34088993073, 3.64793777466, 5.52279090881, 5.59825658798, 7.1256313324, 12.4234542847, 6.09025382996, 2.90295028687, 1.35959875584, 1.25916707516, 0.760527253151, 0.15122282505, 0.0453707203269, 0.0113319586962, 0.00427480135113, 0.00739420671016, 0.0162661075592, 0.0221028625965, 0.0128016900271, 0.00116919016], "dmean2": [0.141242742538, 1.6917642355, 6.35451078415, 5.80444145203, 5.36914348602, 16.1630516052, 23.4005718231, 35.1229743958, 23.9311122894, 31.1683826447, 31.4283218384, 45.961605072, 24.7418670654, 32.8126335144, 24.136762619, 17.0281925201, 18.2983283997, 15.552614212, 16.0284862518, 8.89242553711, 6.31537151337, 4.36570262909, 13.1559896469, 8.16539764404, 10.9819316864, 21.0809364319, 11.4091672897, 4.47123908997, 2.10090470314, 8.78178119659, 4.48202371597, 0.399378836155, 0.107244066894, 0.0389297120273, 0.0220866091549, 0.0187337100506, 0.0561060793698, 0.102263845503, 0.0164997391403, 0.00101294193882], "dmean": [0.0853662565351, 1.02900874615, 3.77342271805, 3.37382221222, 3.19618439674, 9.90409469604, 14.5919294357, 22.7838115692, 14.9336214066, 19.907371521, 19.558681488, 29.800945282, 15.7997846603, 20.4623813629, 14.8085632324, 10.4412279129, 11.4198675156, 9.81382369995, 10.1724357605, 5.66011238098, 3.89878940582, 2.7808110714, 8.40950202942, 5.38753461838, 7.17895507812, 13.6525421143, 6.7490401268, 2.73284268379, 1.35890269279, 5.62977170944, 2.92230343819, 0.270878523588, 0.0702150091529, 0.0236550197005, 0.0131843201816, 0.0119464276358, 0.0378363244236, 0.0670896694064, 0.0108098704368, 0.00071179313818], "var": [0.0260842554271, 4.33017301559, 45.4571380615, 45.4111976624, 41.4321289062, 449.811340332, 1285.16516113, 11649.9423828, 2299.33789062, 4001.79931641, 3640.94995117, 17433.9179688, 2193.82470703, 5483.97998047, 2226.82226562, 1039.09924316, 1021.9342041, 1735.14367676, 2153.36865234, 607.607055664, 123.806892395, 40.2441673279, 472.371643066, 235.283279419, 311.571685791, 1090.32116699, 253.451095581, 45.2736206055, 9.74715232849, 220.816818237, 54.9534950256, 0.407409340143, 0.0190995559096, 0.00167035101913, 0.000538530002814, 0.000480094720842, 0.00857882294804, 0.029506560415, 0.00070160231553, 3.35395611728e-06], "dvar": [0.0155924865976, 2.25376582146, 29.8450641632, 28.117149353, 27.1275119781, 213.400054932, 778.384033203, 4044.98681641, 1573.93603516, 1845.2644043, 2076.48168945, 8008.53417969, 1159.4128418, 3184.68017578, 1399.49291992, 542.925048828, 589.34362793, 822.267089844, 1036.33056641, 263.302825928, 62.1559181213, 19.7331485748, 379.099761963, 99.3838882446, 169.020431519, 549.475158691, 188.155059814, 24.7638263702, 5.63057184219, 215.221496582, 46.2522964478, 0.279119640589, 0.0114465439692, 0.00146463897545, 0.000524388859048, 0.000321642466588, 0.00635639904067, 0.025499433279, 0.000309872208163, 1.18987009046e-06], "mean": [0.122206039727, 1.47260928154, 4.93946695328, 4.72078466415, 4.76899719238, 15.9181747437, 23.3847885132, 37.5861816406, 23.7004508972, 32.3140182495, 31.6442298889, 46.2465248108, 27.0066585541, 30.2441768646, 22.3533668518, 16.4447517395, 18.4454498291, 16.7401885986, 16.9415607452, 10.4426374435, 7.58872890472, 5.52307987213, 12.3451728821, 10.2146081924, 13.195476532, 24.4870815277, 11.5191488266, 5.12684583664, 2.43819618225, 6.13303899765, 3.43001747131, 0.390637785196, 0.100144281983, 0.0263379700482, 0.0128055978566, 0.0159438047558, 0.0503635182977, 0.0814866349101, 0.0225110724568, 0.00172322674189]}, "zerocrossingrate": {"min": 0.00390625, "max": 0.517578125, "dvar2": 0.000205924079637, "median": 0.0400390625, "dmean2": 0.01131322328, "dmean": 0.00906352046877, "var": 0.00300277303904, "dvar": 0.000133628884214, "mean": 0.049199346453}, "spectral_contrast_coeffs": {"min": [-0.976449429989, -0.986925959587, -0.984683275223, -0.972853779793, -0.965889394283, -0.963107764721], "max": [-0.329952657223, -0.398119419813, -0.498408287764, -0.618120908737, -0.651115238667, -0.533308804035], "dvar2": [0.0051993150264, 0.00411597406492, 0.00250192079693, 0.00135161494836, 0.000865131965838, 0.00265689822845], "median": [-0.659400582314, -0.761304497719, -0.806033372879, -0.825234651566, -0.804642677307, -0.682967960835], "dmean2": [0.0918992906809, 0.0816110298038, 0.0630613043904, 0.0464249961078, 0.0361853390932, 0.0614478290081], "dmean": [0.0544502064586, 0.0499990060925, 0.0385779812932, 0.0279480740428, 0.0225968062878, 0.0382054261863], "var": [0.00578031037003, 0.00567873986438, 0.00382161652669, 0.00216759066097, 0.00174945336767, 0.00556928757578], "dvar": [0.00183319265489, 0.00155112403445, 0.00096558581572, 0.000510446319822, 0.000356519420166, 0.00105565635022], "mean": [-0.660625934601, -0.75404304266, -0.797247648239, -0.819443047047, -0.806051492691, -0.697703301907]}, "dissonance": {"min": 0.260000914335, "max": 0.500000119209, "dvar2": 0.00105953670572, "median": 0.475630879402, "dmean2": 0.0315546989441, "dmean": 0.0188718996942, "var": 0.000892672804184, "dvar": 0.000388312007999, "mean": 0.466521769762}, "spectral_energyband_high": {"min": 7.19775895216e-21, "max": 0.00923230778426, "dvar2": 1.39677570132e-06, "median": 0.000435196910985, "dmean2": 0.000682871497702, "dmean": 0.000461646646727, "var": 1.22052938423e-06, "dvar": 6.23043092673e-07, "mean": 0.000849402043968}, "gfcc": {"mean": [-18.8183040619, 97.689491272, -91.4000473022, 16.3727321625, -37.2337379456, -23.696395874, 2.06457662582, -18.6831283569, -7.83088779449, -4.89898061752, -6.74570322037, 1.7868168354, -14.1142091751], "icov": [[0.000158177368576, -0.000303828361211, 0.00107438222039, -0.00100083195139, 0.000703092780896, -0.000204635958653, 7.53889253247e-05, -0.000181148716365, 0.000491161714308, -0.00039390832535, 0.000260865897872, -0.00018552489928, 0.000589340867009], [-0.000303828361211, 0.00207145512104, -0.00243844371289, 0.0020327444654, -0.000298889033729, -0.00033828211599, -0.000125589605886, 0.00180927210022, -0.00209834845737, 0.00254164985381, -0.00256550172344, 0.00381295825355, -0.00322561617941], [0.00107438222039, -0.00243844371289, 0.0120095340535, -0.0119513999671, 0.00763551704586, -0.00506728282198, 0.0028530000709, -0.00257596909069, 0.00138542882632, 0.00103617378045, -0.00209114258178, 0.00196529668756, 0.00144081388135], [-0.00100083195139, 0.0020327444654, -0.0119513999671, 0.022395035252, -0.0209767073393, 0.0161979906261, -0.00748150749132, -0.00505867227912, 0.0146625349298, -0.0194974262267, 0.0243089292198, -0.0235034134239, 0.0135794300586], [0.000703092780896, -0.000298889033729, 0.00763551704586, -0.0209767073393, 0.0342550724745, -0.0244235899299, 0.00399772031233, 0.0135365407914, -0.0250482801348, 0.0330415517092, -0.0397173240781, 0.038627050817, -0.0246727988124], [-0.000204635958653, -0.00033828211599, -0.00506728282198, 0.0161979906261, -0.0244235899299, 0.0274474900216, -0.00472644949332, -0.0147686982527, 0.0259355437011, -0.0312019381672, 0.0350911058486, -0.0337390936911, 0.0231774821877], [7.53889253247e-05, -0.000125589605886, 0.0028530000709, -0.00748150749132, 0.00399772031233, -0.00472644949332, 0.0115441614762, 0.00195934367366, -0.0108190830797, 0.0107934623957, -0.00692024035379, 0.00691050291061, -0.00539866136387], [-0.000181148716365, 0.00180927210022, -0.00257596909069, -0.00505867227912, 0.0135365407914, -0.0147686982527, 0.00195934367366, 0.0212283972651, -0.0176508575678, 0.0171211101115, -0.0205347239971, 0.0241583660245, -0.0170948989689], [0.000491161714308, -0.00209834845737, 0.00138542882632, 0.0146625349298, -0.0250482801348, 0.0259355437011, -0.0108190830797, -0.0176508575678, 0.0484041459858, -0.0475971736014, 0.0460974872112, -0.0428611934185, 0.0352805182338], [-0.00039390832535, 0.00254164985381, 0.00103617378045, -0.0194974262267, 0.0330415517092, -0.0312019381672, 0.0107934623957, 0.0171211101115, -0.0475971736014, 0.0716012865305, -0.0649828240275, 0.0610187798738, -0.0430218242109], [0.000260865897872, -0.00256550172344, -0.00209114258178, 0.0243089292198, -0.0397173240781, 0.0350911058486, -0.00692024035379, -0.0205347239971, 0.0460974872112, -0.0649828240275, 0.0904491320252, -0.0734905451536, 0.0449004024267], [-0.00018552489928, 0.00381295825355, 0.00196529668756, -0.0235034134239, 0.038627050817, -0.0337390936911, 0.00691050291061, 0.0241583660245, -0.0428611934185, 0.0610187798738, -0.0734905451536, 0.0807716324925, -0.0445664748549], [0.000589340867009, -0.00322561617941, 0.00144081388135, 0.0135794300586, -0.0246727988124, 0.0231774821877, -0.00539866136387, -0.0170948989689, 0.0352805182338, -0.0430218242109, 0.0449004024267, -0.0445664748549, 0.0421495847404]], "cov": [[23913.4941406, 669.477050781, -1752.32580566, 334.887329102, -517.794555664, -600.753845215, 366.392150879, -481.370544434, 65.9059906006, -84.6523590088, -101.714286804, 27.0679588318, -456.77130127], [669.477050781, 947.40637207, -49.1086540222, -211.216903687, -16.756855011, -8.45898342133, -81.3290634155, -2.65504431725, -21.9800834656, 35.5738868713, -11.6278543472, -94.07762146, 83.8407821655], [-1752.32580566, -49.1086540222, 514.84387207, 254.554443359, 42.4337348938, 96.0180511475, -1.9513181448, 74.0561294556, -53.1104660034, -13.7719812393, -18.9040298462, 19.3637294769, -6.03080940247], [334.887329102, -211.216903687, 254.554443359, 450.235015869, 99.0161209106, -29.2283287048, 155.760177612, -34.9729232788, -1.36129248142, -54.8319778442, -24.5593109131, 56.0774040222, -64.1746673584], [-517.794555664, -16.756855011, 42.4337348938, 99.0161209106, 162.466842651, 44.2342224121, 53.9513893127, -11.789056778, 8.32234191895, -13.3062973022, 6.39283466339, -6.29906654358, 11.4958524704], [-600.753845215, -8.45898342133, 96.0180511475, -29.2283287048, 44.2342224121, 181.636367798, -37.0588798523, 67.7255783081, -36.1939659119, 18.8711795807, -6.51913452148, -7.27917718887, 11.4270267487], [366.392150879, -81.3290634155, -1.9513181448, 155.760177612, 53.9513893127, -37.0588798523, 200.376876831, -26.9995288849, 53.4656524658, -37.0583877563, -16.9959392548, 18.985080719, -39.1867675781], [-481.370544434, -2.65504431725, 74.0561294556, -34.9729232788, -11.789056778, 67.7255783081, -26.9995288849, 125.07170105, 7.11057090759, 31.4509754181, -9.73989868164, -30.4327735901, 22.7367744446], [65.9059906006, -21.9800834656, -53.1104660034, -1.36129248142, 8.32234191895, -36.1939659119, 53.4656524658, 7.11057090759, 103.753082275, 27.1565971375, -5.15824699402, -11.070813179, -31.1801567078], [-84.6523590088, 35.5738868713, -13.7719812393, -54.8319778442, -13.3062973022, 18.8711795807, -37.0583877563, 31.4509754181, 27.1565971375, 82.6535797119, 16.7025299072, -27.7722225189, 26.3611335754], [-101.714286804, -11.6278543472, -18.9040298462, -24.5593109131, 6.39283466339, -6.51913452148, -16.9959392548, -9.73989868164, -5.15824699402, 16.7025299072, 56.2881164551, 29.9015045166, 3.31079959869], [27.0679588318, -94.07762146, 19.3637294769, 56.0774040222, -6.29906654358, -7.27917718887, 18.985080719, -30.4327735901, -11.070813179, -27.7722225189, 29.9015045166, 83.0042495728, 0.9282746315], [-456.77130127, 83.8407821655, -6.03080940247, -64.1746673584, 11.4958524704, 11.4270267487, -39.1867675781, 22.7367744446, -31.1801567078, 26.3611335754, 3.31079959869, 0.9282746315, 112.517326355]]}, "spectral_flux": {"min": 6.4278631029e-11, "max": 0.313594073057, "dvar2": 0.00120302150026, "median": 0.0917837023735, "dmean2": 0.0363223180175, "dmean": 0.0227511785924, "var": 0.00180426228326, "dvar": 0.000499470799696, "mean": 0.0918640643358}, "silence_rate_30dB": {"min": 0, "max": 1, "dvar2": 0.0118418708444, "median": 1, "dmean2": 0.00990098994225, "dmean": 0.00494977412745, "var": 0.00521260267124, "dvar": 0.00492517556995, "mean": 0.99475979805}, "spectral_energyband_middle_high": {"min": 1.1410068987e-21, "max": 0.0503097213805, "dvar2": 1.28894325826e-05, "median": 0.00225505558774, "dmean2": 0.00217174063437, "dmean": 0.00147712719627, "var": 2.08701603697e-05, "dvar": 5.8785640249e-06, "mean": 0.00370744173415}, "barkbands_spread": {"min": 1.05076158047, "max": 121.8331604, "dvar2": 145.820205688, "median": 16.3232498169, "dmean2": 10.6281795502, "dmean": 6.93214225769, "var": 185.446411133, "dvar": 66.1087417603, "mean": 19.8451690674}, "spectral_centroid": {"min": 196.548431396, "max": 11761.7792969, "dvar2": 296880.96875, "median": 1089.44091797, "dmean2": 478.955505371, "dmean": 310.326873779, "var": 1494909.875, "dvar": 138456.1875, "mean": 1338.20935059}, "pitch_salience": {"min": 0.139806821942, "max": 0.946522712708, "dvar2": 0.0153933363035, "median": 0.608052432537, "dmean2": 0.148564398289, "dmean": 0.089384265244, "var": 0.0132275037467, "dvar": 0.00550161348656, "mean": 0.593763411045}, "erbbands_skewness": {"min": -2.28640580177, "max": 4.70757818222, "dvar2": 0.292483091354, "median": 0.558887660503, "dmean2": 0.609942913055, "dmean": 0.406104952097, "var": 0.597801864147, "dvar": 0.128782138228, "mean": 0.535516560078}, "erbbands_crest": {"min": 2.15382695198, "max": 29.8876342773, "dvar2": 15.3616123199, "median": 7.24642848969, "dmean2": 4.24582338333, "dmean": 2.60146760941, "var": 16.9368343353, "dvar": 6.27792310715, "mean": 8.30737686157}, "melbands": {"min": [3.96741790411e-25, 1.31365624305e-24, 1.21652370119e-24, 1.42878329381e-24, 1.70285566039e-24, 2.12868711577e-24, 1.96220019109e-24, 2.69066945528e-24, 2.139518176e-24, 2.25254991358e-24, 1.54374478239e-24, 1.54903015046e-24, 1.06980277117e-24, 2.80038383555e-24, 2.73922699944e-24, 3.34767521842e-24, 2.42702780202e-24, 3.15291098295e-24, 3.51266468789e-24, 1.49723462811e-24, 2.61016994699e-24, 2.77205485436e-24, 3.54401520355e-24, 3.77590559981e-24, 4.61862795548e-24, 4.30708469591e-24, 4.49142926211e-24, 4.2364248469e-24, 4.83368090458e-24, 4.16392892414e-24, 4.90382365526e-24, 4.12680789096e-24, 5.14404718368e-24, 4.88692980454e-24, 6.17325349634e-24, 6.42510759553e-24, 6.27445961732e-24, 6.08802023098e-24, 5.72228301607e-24, 6.47317367934e-24], "max": [0.0185481123626, 0.0301450584084, 0.0151918530464, 0.0138661265373, 0.0255583338439, 0.0381325148046, 0.0192784443498, 0.0138285672292, 0.011491285637, 0.0149390995502, 0.00337246968411, 0.00674076844007, 0.00255867559463, 0.00233071832918, 0.000932806171477, 0.00352275278419, 0.00239264243282, 0.0014202806633, 0.00142277323175, 0.000376214564312, 0.000226605028729, 8.52750090417e-05, 0.000301024119835, 0.000288607261609, 0.000297861319268, 0.000251769146416, 0.000321739935316, 0.000209119054489, 0.000159283197718, 8.20685309009e-05, 4.21624536102e-05, 2.53484813584e-05, 2.61306522589e-05, 0.000213164035813, 7.17463699402e-05, 1.14997874334e-05, 3.1546160244e-06, 1.06963432245e-06, 8.54100221659e-07, 3.46396575424e-07], "dvar2": [4.06133813158e-06, 1.56711466843e-05, 1.797807613e-06, 8.71158135851e-07, 1.83092322459e-06, 3.71959504264e-06, 7.09377161456e-07, 6.7103985657e-07, 4.36641101942e-07, 6.34542402622e-07, 8.19170011823e-08, 1.44684292991e-07, 3.42600650072e-08, 1.94785894081e-08, 5.40182210074e-09, 1.75380669987e-08, 7.45881667541e-09, 6.21971585346e-09, 2.80024203825e-09, 4.84777884502e-10, 1.87303728083e-10, 4.55314987102e-11, 3.31435046075e-10, 7.65279561943e-10, 1.66855432249e-10, 1.36139530205e-10, 8.33122182353e-10, 5.46828970993e-10, 3.45469042262e-10, 6.26459925601e-11, 1.39701071891e-11, 5.33044181711e-12, 4.82008356839e-12, 3.94063365272e-10, 7.14608025532e-11, 9.13899273099e-13, 5.64605633568e-14, 1.29958376214e-14, 6.2013738464e-15, 2.31880923256e-15], "median": [0.000780409609433, 0.00126591301523, 0.000453441840364, 0.000436056754552, 0.000552484183572, 0.000276457984, 0.00015680846991, 0.000113986730867, 7.81517737778e-05, 5.9449535911e-05, 5.40413238923e-05, 3.68386936316e-05, 2.9444021493e-05, 2.07977100217e-05, 1.6425128706e-05, 1.45485018948e-05, 9.46991713136e-06, 8.15745443106e-06, 5.51303719476e-06, 5.65107984585e-06, 4.45268869953e-06, 3.08324479192e-06, 4.53551274404e-06, 4.76492323287e-06, 4.12178906117e-06, 4.17622595705e-06, 6.35323249298e-06, 8.44847818371e-06, 4.16100783696e-06, 2.27881810133e-06, 1.29987563469e-06, 8.02443992143e-07, 3.97432302179e-07, 8.30066142044e-07, 5.33668412572e-07, 1.41170929169e-07, 5.61519009068e-08, 3.099655288e-08, 1.71176353092e-08, 4.63198990275e-09], "dmean2": [0.00146708730608, 0.00286711077206, 0.000923268729821, 0.000676436990034, 0.000838744337671, 0.000745125173125, 0.00034776260145, 0.000370253022993, 0.000270346179605, 0.000285329879262, 0.000126757964608, 0.000140599469887, 7.96254098532e-05, 5.80813211855e-05, 3.93112604797e-05, 4.84134543512e-05, 2.94533638225e-05, 2.75610018434e-05, 1.81532504939e-05, 1.05253984657e-05, 7.09805317456e-06, 4.35925448983e-06, 8.60447016748e-06, 1.29703139464e-05, 6.76483068673e-06, 6.52631706544e-06, 1.4506743355e-05, 1.45232488649e-05, 9.37181175686e-06, 4.06897197536e-06, 2.13688372241e-06, 1.3044221987e-06, 9.55598011387e-07, 7.70871611167e-06, 3.57754629476e-06, 4.43300706365e-07, 1.34122387863e-07, 7.75522224217e-08, 5.07318809184e-08, 2.88997519249e-08], "dmean": [0.000897445774172, 0.00171915255487, 0.000543735048268, 0.000409910193412, 0.000529032840859, 0.000483981479192, 0.000218079294427, 0.000234123624978, 0.000168719430803, 0.000185765951755, 8.03340444691e-05, 8.79348881426e-05, 4.91353966936e-05, 3.57830649591e-05, 2.41386114794e-05, 2.99152998195e-05, 1.83695829037e-05, 1.73249209183e-05, 1.15503744382e-05, 6.5192416514e-06, 4.34841786046e-06, 2.70918053502e-06, 5.38129916094e-06, 8.36077197164e-06, 4.3371828724e-06, 4.06287563237e-06, 9.41826965573e-06, 9.20553156902e-06, 5.43980695511e-06, 2.44676516559e-06, 1.31329090891e-06, 8.19880199288e-07, 6.07532342656e-07, 4.90732509206e-06, 2.30334762819e-06, 2.90360105737e-07, 8.76429666619e-08, 5.00533694492e-08, 3.17653352511e-08, 1.71972853735e-08], "var": [3.22846267409e-06, 1.04346690932e-05, 1.10223231786e-06, 6.99318377428e-07, 1.46053332628e-06, 4.74969328934e-06, 4.55358645013e-07, 5.82090365242e-07, 2.97705099683e-07, 6.86854889409e-07, 5.43621823113e-08, 1.04535544665e-07, 2.2865560112e-08, 1.35125093337e-08, 3.92386390047e-09, 9.72856639692e-09, 6.71521327433e-09, 5.17766407526e-09, 2.94834157089e-09, 4.22605256345e-10, 1.39068589977e-10, 3.55262728957e-11, 1.73355482747e-10, 4.41578412724e-10, 1.65714816869e-10, 1.1292344837e-10, 5.70613445383e-10, 4.57962806566e-10, 1.49532858318e-10, 3.49203894967e-11, 1.01933661165e-11, 3.44860424939e-12, 2.10841955874e-12, 1.67253572103e-10, 3.42821326882e-11, 4.95642697891e-13, 3.57987938067e-14, 9.51716393953e-15, 3.2999977991e-15, 9.14186672225e-16], "dvar": [1.61703087542e-06, 5.98040332989e-06, 6.56626184536e-07, 3.38029963132e-07, 7.73634951656e-07, 1.67530379258e-06, 2.97908428593e-07, 2.71891309467e-07, 1.68695549974e-07, 3.11001400632e-07, 3.18826955947e-08, 6.19193301077e-08, 1.41857210423e-08, 7.89914533783e-09, 2.11905470948e-09, 6.58590915137e-09, 3.3399940591e-09, 2.67084199201e-09, 1.27353327883e-09, 1.99474964324e-10, 7.33643701345e-11, 1.83685965743e-11, 1.33878047537e-10, 3.29352101147e-10, 7.44693889887e-11, 5.72407815591e-11, 3.70404318328e-10, 2.32533409195e-10, 1.24694615744e-10, 2.35084660072e-11, 5.53043071408e-12, 2.10177882043e-12, 1.92658475978e-12, 1.63801097686e-10, 3.02565680843e-11, 3.90308391076e-13, 2.43346009711e-14, 5.79271136606e-15, 2.53681709021e-15, 9.02567286012e-16], "mean": [0.00138371717185, 0.00244080182165, 0.0008064568392, 0.000678703538142, 0.000888041744474, 0.000799869885668, 0.000345112464856, 0.000371817994164, 0.000262229819782, 0.000284952751826, 0.000129366366309, 0.000125358084915, 7.20152165741e-05, 5.22619557159e-05, 3.66188178305e-05, 4.43217104475e-05, 2.89149138553e-05, 2.70329874184e-05, 1.87699533853e-05, 1.16279870781e-05, 7.93717845227e-06, 4.88462319481e-06, 8.59960073285e-06, 1.17881727419e-05, 7.82767347118e-06, 7.34870127417e-06, 1.48073313539e-05, 1.63167751452e-05, 8.29018063087e-06, 4.23610617872e-06, 2.3744344162e-06, 1.43145484799e-06, 8.65756760504e-07, 5.15520423505e-06, 2.6210584565e-06, 3.93498623907e-07, 1.2742954425e-07, 7.02510121187e-08, 3.91227956698e-08, 1.60238737834e-08]}, "spectral_entropy": {"min": 5.4099187851, "max": 9.82117557526, "dvar2": 0.0550530664623, "median": 7.56065940857, "dmean2": 0.249941110611, "dmean": 0.164776280522, "var": 0.21547934413, "dvar": 0.0247556064278, "mean": 7.49981927872}, "spectral_rolloff": {"min": 43.06640625, "max": 19466.015625, "dvar2": 1926723.5, "median": 667.529296875, "dmean2": 872.656311035, "dmean": 520.83782959, "var": 4865012, "dvar": 855850.4375, "mean": 1219.19934082}, "barkbands": {"min": [4.00781325239e-25, 1.37254204722e-24, 3.23869309829e-25, 9.10178443328e-25, 9.85326871438e-24, 1.03964862223e-23, 9.79284985765e-24, 7.7487968674e-24, 1.72343988131e-23, 1.65506299577e-23, 5.57047896221e-24, 2.29146974685e-23, 3.09390426612e-23, 2.54632498846e-23, 3.57781142468e-23, 3.1755213931e-23, 4.71494179778e-23, 9.55514145445e-23, 1.27429914813e-22, 1.51096284706e-22, 2.53340849554e-22, 3.04300910622e-22, 4.14551605865e-22, 6.17795420804e-22, 9.12367391923e-22, 1.35878360148e-21, 1.96259990217e-21], "max": [0.016707694158, 0.0805396288633, 0.0550028532743, 0.0368879921734, 0.0643629580736, 0.182647064328, 0.0820954367518, 0.0703520327806, 0.0748672634363, 0.0429117828608, 0.0172106493264, 0.016480570659, 0.0274325776845, 0.0195945203304, 0.015911532566, 0.00517668621615, 0.00208425777964, 0.00525313057005, 0.00615590484813, 0.00788438878953, 0.00330350873992, 0.000903047679458, 0.00602156482637, 0.000180789647857, 4.43494536739e-05, 0.00134983414318, 0.00145043048542], "dvar2": [1.88294177406e-06, 7.68029640312e-05, 6.65102706989e-05, 6.62446018396e-06, 2.62592766376e-05, 8.04708033684e-05, 1.35065574796e-05, 1.69820632436e-05, 2.42988262471e-05, 6.65116522214e-06, 1.70467421867e-06, 1.19255457776e-06, 1.21554410271e-06, 5.31726982445e-07, 6.66545020067e-07, 6.62649739525e-08, 1.77809873492e-08, 2.40901300685e-07, 7.4930241567e-08, 5.10844301971e-07, 1.15304764847e-07, 8.46681480482e-09, 4.19168685539e-07, 2.09591996536e-10, 2.79191808561e-11, 2.06057322316e-08, 1.89220941138e-08], "median": [0.000247754913289, 0.00312021980062, 0.00190344639122, 0.000579625600949, 0.00258219055831, 0.00141409179196, 0.000658759381622, 0.000487417622935, 0.000407083425671, 0.000338947400451, 0.000211570353713, 0.000165982943145, 0.000157985545229, 9.48060478549e-05, 8.086739399e-05, 7.96959138825e-05, 6.0104073782e-05, 9.94636720861e-05, 0.000111972520244, 0.000253771257121, 9.63422644418e-05, 3.14566786983e-05, 3.46326742147e-05, 3.83780934499e-06, 5.38960875929e-07, 1.13215555757e-05, 7.57839807193e-05], "dmean2": [0.00083546154201, 0.00639668758959, 0.00569488946348, 0.00167672557291, 0.00371471443214, 0.00365479453467, 0.00158248783555, 0.00177311245352, 0.00183772086166, 0.00102753087413, 0.000582903099712, 0.000475884415209, 0.00045745758689, 0.000282248714939, 0.000274634745438, 0.000132436005515, 8.35942919366e-05, 0.000234892781009, 0.000161379750352, 0.000429585255915, 0.000172438201844, 5.02888215124e-05, 0.00026782497298, 8.79813615029e-06, 3.1801159821e-06, 6.13593292655e-05, 8.23363297968e-05], "dmean": [0.000496559368912, 0.00390582368709, 0.00334011483938, 0.000981711549684, 0.00229093222879, 0.00236023613252, 0.0010011739796, 0.00110768922605, 0.0011988034239, 0.000645356660243, 0.00036146628554, 0.000292508717394, 0.000282859720755, 0.000174229542608, 0.000176274246769, 8.09468619991e-05, 5.19039022038e-05, 0.000151808111696, 0.000101342193375, 0.000278395571513, 0.000102412035631, 3.21853840433e-05, 0.000173690088559, 5.8260275182e-06, 1.89615980162e-06, 4.00516473746e-05, 5.63240428164e-05], "var": [8.60710770212e-07, 6.1274789914e-05, 3.5159275285e-05, 3.88617627323e-06, 2.32677266467e-05, 9.52975897235e-05, 9.53874314291e-06, 1.30278576762e-05, 2.46746767516e-05, 4.55025974588e-06, 1.1711388197e-06, 9.19059232274e-07, 7.12440908046e-07, 5.28233783825e-07, 7.6155907891e-07, 5.29267509819e-08, 1.24733121609e-08, 1.43629463878e-07, 8.09769815646e-08, 4.49473020581e-07, 6.11750579083e-08, 5.60393775828e-09, 2.00383610149e-07, 1.48866641236e-10, 1.10042747484e-11, 1.01951833642e-08, 1.92667126697e-08], "dvar": [7.32685350613e-07, 3.13150267175e-05, 2.44463863055e-05, 2.41475549956e-06, 1.05814187918e-05, 3.58773540938e-05, 5.7944234868e-06, 6.66761434331e-06, 1.13244095701e-05, 2.751284228e-06, 7.19039348951e-07, 4.97701876156e-07, 4.63275455331e-07, 2.45988303504e-07, 3.10914913371e-07, 2.63576058757e-08, 6.97182933607e-09, 1.03830508635e-07, 3.39920163128e-08, 2.27233115879e-07, 4.26542960952e-08, 3.44723916079e-09, 1.79747530638e-07, 9.3365898346e-11, 1.08421388187e-11, 8.80649775326e-09, 8.58105764223e-09], "mean": [0.000549192947801, 0.00581808481365, 0.00417385390028, 0.00128828862216, 0.00395905598998, 0.00383293442428, 0.00152387353592, 0.00167524069548, 0.00186912401114, 0.000947265943978, 0.000510313839186, 0.00043041765457, 0.000425573671237, 0.000272065779427, 0.000293770106509, 0.000148677063407, 9.3769725936e-05, 0.000224824470934, 0.000195020242245, 0.000502390554175, 0.000178050380782, 5.68815485167e-05, 0.000191948871361, 8.49452317198e-06, 1.78672621587e-06, 4.70035192848e-05, 0.000121589022456]}, "melbands_flatness_db": {"min": 0.00425025960431, "max": 0.503993630409, "dvar2": 0.00188125856221, "median": 0.22607563436, "dmean2": 0.0506674163043, "dmean": 0.0323052816093, "var": 0.00425733719021, "dvar": 0.000775742693804, "mean": 0.23178344965}, "melbands_skewness": {"min": -1.31994485855, "max": 12.0142335892, "dvar2": 1.82016777992, "median": 2.82004785538, "dmean2": 1.35999691486, "dmean": 0.854970633984, "var": 2.81756639481, "dvar": 0.712292671204, "mean": 3.00057029724}, "barkbands_skewness": {"min": -2.13482570648, "max": 9.25737285614, "dvar2": 0.916377127171, "median": 1.90682053566, "dmean2": 1.00768840313, "dmean": 0.635308980942, "var": 1.48713028431, "dvar": 0.372720599174, "mean": 2.03311610222}, "silence_rate_60dB": {"min": 0, "max": 1, "dvar2": 0.04303477332, "median": 0, "dmean2": 0.0390215478837, "dmean": 0.019507933408, "var": 0.0651093497872, "dvar": 0.0191282499582, "mean": 0.0700145587325}, "spectral_energyband_low": {"min": 1.71089036649e-23, "max": 0.11132607609, "dvar2": 0.000201078903046, "median": 0.00683283014223, "dmean2": 0.0108964368701, "dmean": 0.00661786925048, "var": 0.000173469932633, "dvar": 7.91979400674e-05, "mean": 0.0112136276439}, "spectral_energyband_middle_low": {"min": 1.60811895615e-22, "max": 0.187446802855, "dvar2": 0.00014059721434, "median": 0.0104774106294, "dmean2": 0.00849019177258, "dmean": 0.00556848337874, "var": 0.000207781180507, "dvar": 6.07279143878e-05, "mean": 0.0143856983632}, "melbands_kurtosis": {"min": -1.50198256969, "max": 186.714508057, "dvar2": 462.621368408, "median": 11.9635906219, "dmean2": 14.8631620407, "dmean": 9.11387729645, "var": 388.429351807, "dvar": 178.788131714, "mean": 17.6381206512}, "spectral_decrease": {"min": -5.02168155947e-08, "max": 1.88764185524e-28, "dvar2": 1.81305003536e-17, "median": -6.51268905472e-09, "dmean2": 3.90127707917e-09, "dmean": 2.5145203697e-09, "var": 2.90326928506e-17, "dvar": 7.64210826678e-18, "mean": -7.31112770325e-09}, "erbbands_kurtosis": {"min": -1.72997903824, "max": 27.2852134705, "dvar2": 4.25903654099, "median": -0.309537053108, "dmean2": 1.58080554008, "dmean": 1.00520789623, "var": 4.05946016312, "dvar": 1.82348573208, "mean": 0.292549490929}, "melbands_crest": {"min": 1.63300645351, "max": 36.1514396667, "dvar2": 30.2327461243, "median": 13.1411132812, "dmean2": 6.65540409088, "dmean": 3.95192170143, "var": 27.0356216431, "dvar": 10.9467821121, "mean": 13.9242544174}, "melbands_spread": {"min": 0.76158863306, "max": 167.058258057, "dvar2": 177.655593872, "median": 13.7291440964, "dmean2": 10.1617946625, "dmean": 6.43346357346, "var": 302.703796387, "dvar": 75.4183273315, "mean": 17.608663559}, "spectral_energy": {"min": 1.00820254648e-20, "max": 0.196922883391, "dvar2": 0.000268011062872, "median": 0.0264969822019, "dmean2": 0.0150800636038, "dmean": 0.00977136939764, "var": 0.000454550929135, "dvar": 0.00011392707529, "mean": 0.029366562143}, "mfcc": {"mean": [-670.116333008, 147.894561768, -4.11611175537, 45.495891571, -20.2502861023, 13.0955123901, -1.80779504776, 5.23573541641, -9.59078502655, 9.28974533081, -6.04700136185, 0.390938401222, 1.22875261307], "icov": [[0.00019183330005, -0.000159322036779, 0.000268519070232, -0.000160182957188, 0.000338824873324, -0.000217428183532, 4.64980294055e-05, -4.87984689244e-05, 0.00031718990067, -0.000353702955181, 0.00013771810336, -0.000270305201411, -6.60489240545e-05], [-0.000159322036779, 0.00115857098717, -0.000348115718225, 0.000244829541771, 0.000113901412988, -7.22726472304e-05, -0.000367323402315, 0.00105878349859, -0.000350940885255, 0.000176330082468, -0.000406353821745, 0.00110972113907, 0.000209895442822], [0.000268519070232, -0.000348115718225, 0.00375609262846, -0.00128405168653, -0.00167315965518, 0.00185410492122, -0.00085441727424, -0.0011929202592, 0.000455088884337, 2.16374155571e-05, 0.000611862109508, -0.00235664332286, 0.000968287466094], [-0.000160182957188, 0.000244829541771, -0.00128405168653, 0.00352034647949, 0.000778226123657, -0.0021502810996, 3.12093034154e-05, -0.000775502936449, -0.000205105548957, -0.00071986153489, 0.00129528902471, -9.25418862607e-05, -0.000155471163453], [0.000338824873324, 0.000113901412988, -0.00167315965518, 0.000778226123657, 0.0103158997372, -0.00356990750879, -0.00297881034203, 0.00213528960012, -0.000324599212036, 0.00118325441144, -0.00376982730813, 0.00430598855019, -0.0029080437962], [-0.000217428183532, -7.22726472304e-05, 0.00185410492122, -0.0021502810996, -0.00356990750879, 0.0137108732015, -0.00319473980926, -0.0028520214837, 0.00126969756093, -0.00122196704615, 0.00388846732676, -0.00660068402067, 0.00300468015485], [4.64980294055e-05, -0.000367323402315, -0.00085441727424, 3.12093034154e-05, -0.00297881034203, -0.00319473980926, 0.0156319402158, -0.00427085347474, -0.00448008999228, 0.00505496095866, -0.000670890498441, 0.000135371898068, -0.00174862379208], [-4.87984689244e-05, 0.00105878349859, -0.0011929202592, -0.000775502936449, 0.00213528960012, -0.0028520214837, -0.00427085347474, 0.0126207079738, 0.0021985298954, -0.00427929172292, 0.00120664632414, 0.0028824172914, -0.00155779148918], [0.00031718990067, -0.000350940885255, 0.000455088884337, -0.000205105548957, -0.000324599212036, 0.00126969756093, -0.00448008999228, 0.0021985298954, 0.0105470661074, -0.00442441273481, 0.00120305700693, -0.00273213977925, 0.002476378344], [-0.000353702955181, 0.000176330082468, 2.16374155571e-05, -0.00071986153489, 0.00118325441144, -0.00122196704615, 0.00505496095866, -0.00427929172292, -0.00442441273481, 0.016197854653, -0.00765768252313, 0.00149287632667, -0.000974848051555], [0.00013771810336, -0.000406353821745, 0.000611862109508, 0.00129528902471, -0.00376982730813, 0.00388846732676, -0.000670890498441, 0.00120664632414, 0.00120305700693, -0.00765768252313, 0.0190655421466, -0.00612324709073, 0.00368711864576], [-0.000270305201411, 0.00110972113907, -0.00235664332286, -9.25418862607e-05, 0.00430598855019, -0.00660068402067, 0.000135371898068, 0.0028824172914, -0.00273213977925, 0.00149287632667, -0.00612324709073, 0.021214209497, -0.00426970887929], [-6.60489240545e-05, 0.000209895442822, 0.000968287466094, -0.000155471163453, -0.0029080437962, 0.00300468015485, -0.00174862379208, -0.00155779148918, 0.002476378344, -0.000974848051555, 0.00368711864576, -0.00426970887929, 0.0214011929929]], "cov": [[10234.484375, 564.954711914, -780.938110352, 624.456115723, -652.06048584, 330.124938965, -247.314117432, 190.053665161, -274.202362061, 305.096466064, -114.471420288, 141.478393555, 18.1630001068], [564.954711914, 1158.84326172, -29.7922096252, -154.403366089, 5.24775028229, -67.1120681763, -11.8788547516, -134.045150757, 34.6624984741, -14.7843780518, 36.2607078552, -51.3640594482, -31.1670131683], [-780.938110352, -29.7922096252, 437.27444458, 110.426872253, 95.4208297729, 0.296061098576, 69.5330963135, 37.1836013794, 23.9356937408, -28.5445957184, -4.38227796555, 19.8944664001, 0.866537511349], [624.456115723, -154.403366089, 110.426872253, 515.451171875, -52.0445480347, 136.250671387, 31.9169235229, 119.659194946, -16.2287254333, 36.2023582458, -62.4799880981, 46.5640983582, 10.8877029419], [-652.06048584, 5.24775028229, 95.4208297729, -52.0445480347, 182.151062012, 3.02497124672, 57.3678894043, -20.4986743927, 24.9647388458, -34.1007194519, 21.1172275543, -18.2938232422, 9.03242206573], [330.124938965, -67.1120681763, 0.296061098576, 136.250671387, 3.02497124672, 147.947097778, 38.0275421143, 60.9491691589, -7.87176084518, 9.76483345032, -30.0011615753, 35.5748596191, 3.45855021477], [-247.314117432, -11.8788547516, 69.5330963135, 31.9169235229, 57.3678894043, 38.0275421143, 114.591079712, 31.6609077454, 32.4209098816, -28.9153060913, -10.8475828171, 5.26076745987, 8.41270542145], [190.053665161, -134.045150757, 37.1836013794, 119.659194946, -20.4986743927, 60.9491691589, 31.6609077454, 145.254699707, -20.5951690674, 27.7873439789, -25.5694293976, 7.80383825302, 12.5166244507], [-274.202362061, 34.6624984741, 23.9356937408, -16.2287254333, 24.9647388458, -7.87176084518, 32.4209098816, -20.5951690674, 133.699188232, 17.4564685822, 16.3729057312, 10.6341457367, -12.1144104004], [305.096466064, -14.7843780518, -28.5445957184, 36.2023582458, -34.1007194519, 9.76483345032, -28.9153060913, 27.7873439789, 17.4564685822, 107.951065063, 30.9199428558, 10.7918376923, -3.98014497757], [-114.471420288, 36.2607078552, -4.38227796555, -62.4799880981, 21.1172275543, -30.0011615753, -10.8475828171, -25.5694293976, 16.3729057312, 30.9199428558, 86.07081604, 8.52177619934, -10.2452106476], [141.478393555, -51.3640594482, 19.8944664001, 46.5640983582, -18.2938232422, 35.5748596191, 5.26076745987, 7.80383825302, 10.6341457367, 10.7918376923, 8.52177619934, 72.018081665, 6.05707406998], [18.1630001068, -31.1670131683, 0.866537511349, 10.8877029419, 9.03242206573, 3.45855021477, 8.41270542145, 12.5166244507, -12.1144104004, -3.98014497757, -10.2452106476, 6.05707406998, 53.6622428894]]}, "spectral_contrast_valleys": {"min": [-28.0088748932, -28.4358234406, -27.7141208649, -27.7531166077, -27.5355033875, -27.4200305939], "max": [-5.24146986008, -4.53500461578, -5.22271633148, -5.92371559143, -5.7298078537, -9.26226902008], "dvar2": [0.335408776999, 0.24272608757, 0.216598287225, 0.204299032688, 0.19250755012, 0.56192368269], "median": [-6.75963878632, -6.23897171021, -6.91180944443, -7.54938316345, -7.26346158981, -11.0807952881], "dmean2": [0.691416680813, 0.575557529926, 0.530151128769, 0.475798755884, 0.402092725039, 0.833722829819], "dmean": [0.422897905111, 0.361827164888, 0.344558030367, 0.312598586082, 0.273848474026, 0.535606026649], "var": [5.70815515518, 5.89940261841, 5.56361722946, 5.29927349091, 5.48493385315, 3.81732654572], "dvar": [0.153737470508, 0.125987231731, 0.120813883841, 0.114112704992, 0.111735351384, 0.236764460802], "mean": [-7.16478919983, -6.61524629593, -7.29926156998, -7.94783830643, -7.72936296463, -11.388589859]}, "barkbands_flatness_db": {"min": 0.0299418326467, "max": 0.351919203997, "dvar2": 0.00118136534002, "median": 0.125960618258, "dmean2": 0.0405127964914, "dmean": 0.0257792267948, "var": 0.0023667961359, "dvar": 0.000488822464831, "mean": 0.133460626006}, "dynamic_complexity": 3.61494040489, "spectral_skewness": {"min": -0.0611265636981, "max": 9.51467514038, "dvar2": 0.199719905853, "median": 1.47935605049, "dmean2": 0.355323582888, "dmean": 0.227950975299, "var": 0.526834666729, "dvar": 0.082576058805, "mean": 1.64671349525}, "erbbands_flatness_db": {"min": 0.0483039729297, "max": 0.35310703516, "dvar2": 0.000672388763633, "median": 0.130358636379, "dmean2": 0.0288095604628, "dmean": 0.0191342458129, "var": 0.00198203604668, "dvar": 0.000308106536977, "mean": 0.142551839352}, "hfc": {"min": 1.07954137369e-16, "max":