{"lowlevel": {"spectral_complexity": {"min": 0, "max": 47, "dvar2": 8.48864555359, "median": 9, "dmean2": 3.00429344177, "dmean": 1.84248316288, "var": 36.0628433228, "dvar": 3.65045547485, "mean": 10.0196828842}, "silence_rate_20dB": {"min": 1, "max": 1, "dvar2": 0, "median": 1, "dmean2": 0, "dmean": 0, "var": 0, "dvar": 0, "mean": 1}, "average_loudness": 0.320569366217, "erbbands_spread": {"min": 0.342666119337, "max": 144.4818573, "dvar2": 86.5405883789, "median": 16.7510128021, "dmean2": 8.74531650543, "dmean": 5.60716056824, "var": 189.548721313, "dvar": 36.939491272, "mean": 20.0657596588}, "spectral_kurtosis": {"min": -1.2700753212, "max": 290.616668701, "dvar2": 1153.84765625, "median": 22.2929801941, "dmean2": 25.8817100525, "dmean": 15.6661624908, "var": 675.891357422, "dvar": 431.423095703, "mean": 31.2453231812}, "barkbands_kurtosis": {"min": -1.91864788532, "max": 2969.94067383, "dvar2": 8418.52929688, "median": 7.39886665344, "dmean2": 21.5181350708, "dmean": 12.9570970535, "var": 3151.37060547, "dvar": 2899.16186523, "mean": 20.0242347717}, "spectral_strongpeak": {"min": 0, "max": 131.547775269, "dvar2": 296.775909424, "median": 0.378030151129, "dmean2": 5.293446064, "dmean": 2.79920935631, "var": 80.4544448853, "dvar": 88.8547134399, "mean": 2.59991717339}, "spectral_spread": {"min": 636184.9375, "max": 43688608, "dvar2": 1499696332800.0, "median": 3028265.25, "dmean2": 1267100.25, "dmean": 772944.3125, "var": 8325839716350.0, "dvar": 559778365440, "mean": 3347907.25}, "spectral_rms": {"min": 3.09068547664e-12, "max": 0.0173664391041, "dvar2": 2.39627593146e-06, "median": 0.00461655016989, "dmean2": 0.00137985986657, "dmean": 0.00087259337306, "var": 7.59668773753e-06, "dvar": 9.70232235886e-07, "mean": 0.00492878630757}, "erbbands": {"min": [3.80157686916e-23, 5.95757045249e-22, 1.93342078295e-21, 3.63993477633e-21, 1.2535574832e-20, 1.4012817624e-20, 4.22042864291e-20, 6.20751551459e-20, 1.09658765119e-19, 1.31713571599e-19, 2.21630094587e-19, 2.63525009005e-19, 3.39416813954e-19, 7.44529656325e-19, 7.13044267079e-19, 9.39614103339e-19, 1.16044041101e-18, 1.95064429243e-18, 1.46479272861e-18, 3.24808059873e-18, 3.67552576668e-18, 4.68024208616e-18, 5.43355340206e-18, 5.77749923666e-18, 7.32727009075e-18, 8.47644399163e-18, 8.81832931933e-18, 1.00972671788e-17, 9.54125787774e-18, 9.06077264814e-18, 1.06849392994e-17, 1.00322582273e-17, 9.12312552272e-18, 7.68170788424e-18, 5.99992396747e-18, 4.02636325656e-18, 2.23562683181e-18, 9.25374085696e-19, 2.56942279841e-19, 2.65332834852e-20], "max": [11.4734163284, 64.2034225464, 119.922973633, 106.853813171, 241.192474365, 1051.64050293, 1402.93469238, 1976.37719727, 4738.86181641, 2090.39477539, 2536.99291992, 1083.51757812, 1159.18322754, 1615.25415039, 3037.63891602, 1657.94775391, 653.935424805, 438.231109619, 765.625732422, 416.266784668, 406.538879395, 492.291473389, 276.946075439, 201.941955566, 169.482254028, 628.124450684, 126.005744934, 85.9959030151, 13.0574359894, 5.14989089966, 2.59937238693, 2.65688204765, 0.967839896679, 0.647086262703, 0.400665998459, 0.221705511212, 1.57498860359, 0.321695446968, 0.392565459013, 0.095953732729], "dvar2": [0.449798971415, 12.443980217, 74.8671722412, 58.1318130493, 143.541549683, 1142.13720703, 5660.72753906, 9367.24707031, 30251.5800781, 14765.0712891, 3317.45849609, 2306.24804688, 2113.03881836, 1284.3112793, 13984.6386719, 2150.99902344, 357.252380371, 237.238647461, 116.328872681, 118.107772827, 159.057922363, 118.251083374, 72.9633560181, 38.1568222046, 15.3349895477, 58.537727356, 9.31910705566, 1.86297380924, 0.119826816022, 0.0412388332188, 0.024430366233, 0.0137459356338, 0.00662988331169, 0.00305777112953, 0.00119606917724, 0.000373463321012, 0.000274501624517, 6.68073116685e-05, 0.00015281024389, 2.07139146369e-05], "median": [0.0917137786746, 0.595845222473, 1.07290756702, 1.37541222572, 1.96493303776, 3.17448067665, 5.58059024811, 6.35998678207, 5.21111249924, 4.99883937836, 4.17835712433, 4.7687292099, 3.73831796646, 4.38422393799, 7.15799856186, 5.00878715515, 2.38854885101, 1.68517005444, 1.32038450241, 0.610337436199, 0.431916326284, 0.323833942413, 0.253620684147, 0.184362322092, 0.144604936242, 0.115199692547, 0.0860290899873, 0.0585209615529, 0.0348033793271, 0.0208971612155, 0.0146155040711, 0.0100142713636, 0.00633888691664, 0.00438121752813, 0.002900269581, 0.00181682372931, 0.00123364990577, 0.000865577952936, 0.000919609796256, 0.00227068178356], "dmean2": [0.337553441525, 1.80324649811, 3.54990816116, 3.65521502495, 5.66286849976, 13.1017198563, 25.0740909576, 29.7548770905, 38.6743278503, 35.0696868896, 18.5060596466, 14.4214258194, 13.600859642, 11.6070985794, 40.4430198669, 14.8549451828, 6.80171585083, 5.28413105011, 4.16260528564, 3.35988926888, 3.32295536995, 2.67293405533, 2.63332533836, 1.8784211874, 1.15474927425, 1.20375359058, 0.713075041771, 0.362211316824, 0.167388498783, 0.11060410738, 0.0856913328171, 0.0625065788627, 0.0438572131097, 0.0298735573888, 0.0187755879015, 0.0105809271336, 0.00608368916437, 0.00341374543495, 0.00355180702172, 0.0022229924798], "dmean": [0.20856334269, 1.08964490891, 2.11359286308, 2.18031215668, 3.44590449333, 8.29284667969, 15.9006280899, 18.3475513458, 24.1602592468, 21.226146698, 11.4512166977, 8.95306110382, 8.45673751831, 7.44258022308, 26.4569206238, 9.67691802979, 4.23149967194, 3.28017067909, 2.62277340889, 2.08538031578, 2.02619957924, 1.67173111439, 1.68574845791, 1.23376905918, 0.767383098602, 0.800230383873, 0.48106944561, 0.236641064286, 0.105376049876, 0.0671319887042, 0.0516159124672, 0.0373199917376, 0.0260266792029, 0.0177365131676, 0.011159802787, 0.00630348641425, 0.00374131952412, 0.00225522415712, 0.00256799068302, 0.00153556943405], "var": [0.848914206028, 14.0142564774, 36.5437202454, 30.1501140594, 96.3832321167, 2007.34069824, 4673.18603516, 6659.35498047, 22519.875, 8875.60351562, 2261.17236328, 1513.14440918, 1234.97106934, 1002.9407959, 15937.4892578, 1758.55187988, 345.914550781, 212.167907715, 136.585617065, 112.846542358, 152.718505859, 119.898345947, 84.2529525757, 51.4952087402, 21.9673995972, 37.65366745, 9.8827085495, 1.59385955334, 0.118424557149, 0.0243689119816, 0.0134074641392, 0.00626203324646, 0.00282295094803, 0.00130447768606, 0.000513584411237, 0.000162640353665, 0.000179585098522, 8.87886708369e-05, 0.000224046074436, 3.22467785736e-05], "dvar": [0.181347817183, 4.75469493866, 29.3718032837, 22.11810112, 56.2338867188, 504.815734863, 2389.98583984, 3838.91699219, 12829.4169922, 5466.04296875, 1353.31164551, 857.414428711, 849.744384766, 546.59954834, 5972.25634766, 901.661987305, 155.49621582, 95.7531356812, 52.0790977478, 47.0109786987, 58.4779014587, 44.7718505859, 29.3659858704, 17.3011646271, 7.48396682739, 23.6978263855, 4.57774543762, 0.826141834259, 0.0546905584633, 0.01673636958, 0.00981926824898, 0.00541350524873, 0.00260808528401, 0.0012029716745, 0.000471006060252, 0.000147309954627, 0.00012366916053, 3.27020316035e-05, 8.20968707558e-05, 1.07522382677e-05], "mean": [0.476604789495, 2.05569911003, 2.90751028061, 3.15975284576, 5.27192640305, 15.7263507843, 24.589099884, 27.0121822357, 34.2036094666, 30.9001941681, 17.9436149597, 14.9892101288, 12.8661336899, 13.0788507462, 43.7872276306, 16.7662906647, 7.57091712952, 5.88289785385, 4.70198297501, 3.81641674042, 3.92011356354, 3.2540845871, 3.34299850464, 2.47786688805, 1.47716033459, 1.39699196815, 0.854754209518, 0.392292439938, 0.148271530867, 0.0774332135916, 0.0562885515392, 0.0381088368595, 0.0250783059746, 0.0171344783157, 0.0108900619671, 0.00629720278084, 0.00445699272677, 0.00369894714095, 0.00527189671993, 0.00393296638504]}, "zerocrossingrate": {"min": 0, "max": 0.99951171875, "dvar2": 0.00267775030807, "median": 0.15625, "dmean2": 0.0450959019363, "dmean": 0.0337561629713, "var": 0.0144602088258, "dvar": 0.00150709738955, "mean": 0.17923283577}, "spectral_contrast_coeffs": {"min": [-0.987590134144, -0.980799376965, -0.982591569424, -0.987760603428, -0.976137578487, -0.966053128242], "max": [-0.196273982525, -0.344543486834, -0.484823316336, -0.565694868565, -0.590953409672, -0.452883332968], "dvar2": [0.00431245658547, 0.00472261942923, 0.00273398356512, 0.00210249260999, 0.00147459830623, 0.00231511495076], "median": [-0.703821599483, -0.746529877186, -0.7848508358, -0.83106637001, -0.875807225704, -0.853006899357], "dmean2": [0.0830386951566, 0.084878616035, 0.0655741095543, 0.0566566623747, 0.0453586764634, 0.0415638647974], "dmean": [0.0496380105615, 0.0513277538121, 0.0406171120703, 0.0344546660781, 0.0274583511055, 0.0253804065287], "var": [0.0104175331071, 0.00669839605689, 0.00546714803204, 0.00444527110085, 0.0040168184787, 0.00345339416526], "dvar": [0.0015813424252, 0.00173715199344, 0.00105064117815, 0.000802175141871, 0.000575655547436, 0.00095326959854], "mean": [-0.686502158642, -0.740803956985, -0.781474530697, -0.831883788109, -0.870828807354, -0.832413136959]}, "dissonance": {"min": 0.0278948582709, "max": 0.500000178814, "dvar2": 0.00548248598352, "median": 0.441875129938, "dmean2": 0.0739577338099, "dmean": 0.0435824356973, "var": 0.00337776611559, "dvar": 0.00200385553762, "mean": 0.427021622658}, "spectral_energyband_high": {"min": 6.95758172986e-21, "max": 0.00479736085981, "dvar2": 3.26589990607e-08, "median": 1.65689743881e-05, "dmean2": 6.5537285991e-05, "dmean": 4.62822754344e-05, "var": 5.03555028786e-08, "dvar": 1.83468706894e-08, "mean": 8.85450062924e-05}, "gfcc": {"mean": [-102.982131958, 137.33392334, -62.6525688171, -14.5423841476, -21.8625774384, -10.4670085907, -4.8328909874, -11.5180511475, -9.46727561951, -6.44569063187, 2.13294172287, -2.65337085724, 0.798749566078], "icov": [[0.000148238890688, -0.00031982382643, 0.00055528030498, -0.000459137343569, 0.000398459582357, -0.000170074403286, 5.02469629282e-05, -4.60084629594e-05, 0.000147637590999, -0.00012485163461, 4.269773126e-05, -0.000128104598843, 2.37030371864e-06], [-0.00031982382643, 0.00262303370982, -0.00177083781455, 0.0021490806248, -0.00152250484098, 0.00110522552859, -0.000229422032135, -5.75106023462e-05, -0.00116555870045, 0.00159621995408, -0.00210767518729, 0.00205369805917, -0.00108284759335], [0.00055528030498, -0.00177083781455, 0.00461878906935, -0.00406152196229, 0.0041330549866, -0.00262720650062, 8.42328445287e-05, 0.00113201048225, -0.00159693928435, 0.00206573074684, -0.0021010839846, 0.00181680673268, -0.00127390038688], [-0.000459137343569, 0.0021490806248, -0.00406152196229, 0.00747498450801, -0.00610313052312, 0.0037467146758, 7.76730521466e-05, -0.00386929675005, 0.00515567697585, -0.00631242850795, 0.00551031995565, -0.00376540911384, 0.00210435106419], [0.000398459582357, -0.00152250484098, 0.0041330549866, -0.00610313052312, 0.0090674655512, -0.00359499431215, -0.0019782835152, 0.00480117276311, -0.00614619022235, 0.0051227780059, -0.00506976386532, 0.00299338437617, -0.00238538300619], [-0.000170074403286, 0.00110522552859, -0.00262720650062, 0.0037467146758, -0.00359499431215, 0.00494683766738, -0.000261510605924, -0.00348237180151, 0.00529692042619, -0.00350003363565, 0.00256574666128, -0.00180425366852, -2.60964793597e-06], [5.02469629282e-05, -0.000229422032135, 8.42328445287e-05, 7.76730521466e-05, -0.0019782835152, -0.000261510605924, 0.00511567946523, -0.00176151457708, -0.000346401822753, 0.00295175169595, -0.00096406089142, -0.000119416181406, -0.000311191164656], [-4.60084629594e-05, -5.75106023462e-05, 0.00113201048225, -0.00386929675005, 0.00480117276311, -0.00348237180151, -0.00176151457708, 0.0120400171727, -0.0111626749858, 0.00387669028714, 0.00135196710471, -0.00313383666798, -0.00039496817044], [0.000147637590999, -0.00116555870045, -0.00159693928435, 0.00515567697585, -0.00614619022235, 0.00529692042619, -0.000346401822753, -0.0111626749858, 0.0233376715332, -0.0168855879456, 0.00890342798084, -0.00154282012954, -0.000320478051435], [-0.00012485163461, 0.00159621995408, 0.00206573074684, -0.00631242850795, 0.0051227780059, -0.00350003363565, 0.00295175169595, 0.00387669028714, -0.0168855879456, 0.0301574990153, -0.0217529404908, 0.0109469853342, -3.03763363263e-06], [4.269773126e-05, -0.00210767518729, -0.0021010839846, 0.00551031995565, -0.00506976386532, 0.00256574666128, -0.00096406089142, 0.00135196710471, 0.00890342798084, -0.0217529404908, 0.0341545045376, -0.0210711006075, 0.0050641996786], [-0.000128104598843, 0.00205369805917, 0.00181680673268, -0.00376540911384, 0.00299338437617, -0.00180425366852, -0.000119416181406, -0.00313383666798, -0.00154282012954, 0.0109469853342, -0.0210711006075, 0.0286235995591, -0.0123455869034], [2.37030371864e-06, -0.00108284759335, -0.00127390038688, 0.00210435106419, -0.00238538300619, -2.60964793597e-06, -0.000311191164656, -0.00039496817044, -0.000320478051435, -3.03763363263e-06, 0.0050641996786, -0.0123455869034, 0.0216320492327]], "cov": [[15465.7128906, 346.305023193, -1919.96923828, 464.709503174, 84.2057342529, -661.879577637, -171.770172119, 161.065200806, 76.465171814, 233.280426025, 86.5428314209, 141.658203125, -71.205871582], [346.305023193, 1003.73291016, 51.9420623779, -396.613311768, 30.1972312927, -77.5489044189, 66.0368118286, -105.827056885, 50.3354873657, -59.660243988, 46.8258628845, -65.1070480347, 46.8038368225], [-1919.96923828, 51.9420623779, 815.244384766, 91.5860290527, -172.919311523, 218.281204224, -19.9915370941, 57.1895523071, -28.0079498291, -27.3628234863, -27.0357570648, -16.189535141, 20.2963218689], [464.709503174, -396.613311768, 91.5860290527, 666.359313965, 152.974334717, -91.4748306274, 16.9813785553, 146.933959961, 45.0984268188, 89.1721420288, -26.7382087708, 43.4165229797, -27.8309001923], [84.2057342529, 30.1972312927, -172.919311523, 152.974334717, 385.890045166, 15.9067296982, 153.484161377, -26.3104915619, 32.1319580078, -3.24072480202, 27.4707698822, 22.9200458527, 27.8450527191], [-661.879577637, -77.5489044189, 218.281204224, -91.4748306274, 15.9067296982, 506.865325928, 85.3666610718, 54.0173416138, -88.1623840332, -62.9065093994, -4.00035905838, 51.6620788574, 51.0787391663], [-171.770172119, 66.0368118286, -19.9915370941, 16.9813785553, 153.484161377, 85.3666610718, 327.485137939, 63.8549118042, 13.2770214081, -66.177444458, -6.19696855545, 37.0175323486, 46.0716934204], [161.065200806, -105.827056885, 57.1895523071, 146.933959961, -26.3104915619, 54.0173416138, 63.8549118042, 268.950653076, 110.195487976, 25.156791687, -35.933391571, 37.5971641541, 18.1989116669], [76.465171814, 50.3354873657, -28.0079498291, 45.0984268188, 32.1319580078, -88.1623840332, 13.2770214081, 110.195487976, 169.910522461, 75.9800338745, -4.64026880264, -17.4571743011, -4.13839244843], [233.280426025, -59.660243988, -27.3628234863, 89.1721420288, -3.24072480202, -62.9065093994, -66.177444458, 25.156791687, 75.9800338745, 132.205093384, 45.1775512695, -7.61246395111, -27.9322624207], [86.5428314209, 46.8258628845, -27.0357570648, -26.7382087708, 27.4707698822, -4.00035905838, -6.19696855545, -35.933391571, -4.64026880264, 45.1775512695, 97.6021652222, 46.4382705688, 9.21797561646], [141.658203125, -65.1070480347, -16.189535141, 43.4165229797, 22.9200458527, 51.6620788574, 37.0175323486, 37.5971641541, -17.4571743011, -7.61246395111, 46.4382705688, 108.030677795, 45.8238830566], [-71.205871582, 46.8038368225, 20.2963218689, -27.8309001923, 27.8450527191, 51.0787391663, 46.0716934204, 18.1989116669, -4.13839244843, -27.9322624207, 9.21797561646, 45.8238830566, 80.4815597534]]}, "spectral_flux": {"min": 6.18084888826e-11, "max": 0.393217682838, "dvar2": 0.00179039139766, "median": 0.0710882693529, "dmean2": 0.0361692942679, "dmean": 0.0218270402402, "var": 0.00247025419958, "dvar": 0.000670689856634, "mean": 0.0798722282052}, "silence_rate_30dB": {"min": 0, "max": 1, "dvar2": 0.0636102035642, "median": 1, "dmean2": 0.0544307045639, "dmean": 0.0272147152573, "var": 0.0385630205274, "dvar": 0.026470888406, "mean": 0.959812343121}, "spectral_energyband_middle_high": {"min": 1.13538223209e-21, "max": 0.0683076232672, "dvar2": 8.81306732481e-06, "median": 0.000981140881777, "dmean2": 0.00141276966315, "dmean": 0.00094047159655, "var": 1.29459722302e-05, "dvar": 3.92207311961e-06, "mean": 0.00217985501513}, "barkbands_spread": {"min": 0.137824520469, "max": 83.148109436, "dvar2": 31.6852931976, "median": 8.15173912048, "dmean2": 4.79415655136, "dmean": 3.01874303818, "var": 58.327583313, "dvar": 13.6184616089, "mean": 9.88060569763}, "spectral_centroid": {"min": 87.6376037598, "max": 11816.5742188, "dvar2": 48513.953125, "median": 522.744750977, "dmean2": 171.989196777, "dmean": 111.088058472, "var": 646286.125, "dvar": 23991.1191406, "mean": 649.640441895}, "pitch_salience": {"min": 0.0187696814537, "max": 0.912149548531, "dvar2": 0.015045507811, "median": 0.483951985836, "dmean2": 0.143753603101, "dmean": 0.0862202346325, "var": 0.0199575908482, "dvar": 0.0054488433525, "mean": 0.472309738398}, "erbbands_skewness": {"min": -7.79586267471, "max": 11.0945386887, "dvar2": 0.751068949699, "median": 0.414777517319, "dmean2": 0.903915584087, "dmean": 0.582597911358, "var": 2.03590607643, "dvar": 0.31883135438, "mean": 0.39012363553}, "erbbands_crest": {"min": 1.86317193508, "max": 34.5491065979, "dvar2": 23.9070301056, "median": 11.5695762634, "dmean2": 5.42401123047, "dmean": 3.40699338913, "var": 37.822555542, "dvar": 9.8155374527, "mean": 12.856262207}, "melbands": {"min": [6.50084100344e-25, 1.31487493454e-24, 8.50361388861e-25, 1.16166315839e-24, 1.39613421449e-24, 1.24895535072e-24, 1.59881624687e-24, 1.29348004072e-24, 1.58357259456e-24, 1.4883817352e-24, 1.49562337971e-24, 2.75671052368e-24, 1.91378326138e-24, 2.33091062274e-24, 1.79891268902e-24, 2.42189606462e-24, 3.11128555399e-24, 1.86925087999e-24, 3.74263105239e-24, 3.49408859129e-24, 3.84584206336e-24, 4.05190042041e-24, 3.33667297538e-24, 3.88983210288e-24, 3.78225947997e-24, 4.4805090606e-24, 4.45683928914e-24, 4.63594818552e-24, 4.60231943956e-24, 4.92560726029e-24, 5.48395985357e-24, 4.19413164719e-24, 4.44386607712e-24, 4.82668962481e-24, 5.09386182505e-24, 5.38744193295e-24, 5.6783142758e-24, 5.5655647532e-24, 5.79854535522e-24, 6.15023295741e-24], "max": [0.0802441164851, 0.0524132549763, 0.017768535763, 0.0506100431085, 0.0424543321133, 0.0388543568552, 0.0619836486876, 0.0191872380674, 0.0198794975877, 0.008121737279, 0.00583502463996, 0.00618870276958, 0.00852165184915, 0.00758394505829, 0.00321378395893, 0.0023807012476, 0.00100388505962, 0.00162939843722, 0.000635493255686, 0.000434875197243, 0.000715165340807, 0.000752539315727, 0.0003820839338, 0.000253826379776, 0.000183245996595, 0.000110942026367, 0.000406784471124, 0.000369484012481, 0.000116336312203, 0.000106477404188, 3.05944304273e-05, 8.97227437235e-06, 3.03956312564e-06, 2.66262031801e-06, 1.63594086189e-06, 2.22674702854e-06, 1.07362654944e-06, 6.88497948431e-07, 5.99219333708e-07, 5.27041208898e-07], "dvar2": [2.59442713286e-05, 1.63067143149e-05, 1.70680459632e-06, 2.10591701943e-06, 5.02170723848e-06, 4.50513834949e-06, 6.25308121016e-06, 1.39986400427e-06, 1.79538886869e-07, 1.24990066297e-07, 5.46510818822e-08, 1.9484856395e-08, 1.23660427676e-07, 4.09183762429e-08, 3.90910859238e-09, 2.33934449589e-09, 1.06356468077e-09, 4.44885350781e-10, 2.33212421596e-10, 2.34496227991e-10, 3.57236851212e-10, 2.08547845659e-10, 9.21643594776e-11, 7.00451363578e-11, 3.07387483522e-11, 1.10603392764e-11, 2.22326636268e-11, 2.59784919271e-11, 5.65640286346e-12, 2.26777732877e-12, 4.49766824262e-13, 5.05219340484e-14, 1.73553781345e-14, 1.18409674901e-14, 8.65387388892e-15, 6.65519080614e-15, 4.60065267675e-15, 3.35815211664e-15, 2.6010653863e-15, 2.03733425495e-15], "median": [0.000913473195396, 0.00075353088323, 0.00027143053012, 0.000187678728253, 0.00020011900051, 0.000140773277963, 7.95713567641e-05, 4.86915632791e-05, 3.19450300594e-05, 2.79915511783e-05, 1.64174380188e-05, 1.35485652208e-05, 2.20982146857e-05, 1.73872649611e-05, 5.72809767618e-06, 3.45855573869e-06, 2.69423844657e-06, 2.11318297261e-06, 8.99735084658e-07, 5.59062016237e-07, 4.48482040838e-07, 3.21454308505e-07, 2.5428198569e-07, 1.93980383756e-07, 1.4024104189e-07, 1.09478094146e-07, 8.86039330794e-08, 7.18134316458e-08, 5.52365406747e-08, 4.16206127341e-08, 2.97848270492e-08, 1.98469916057e-08, 1.38655469328e-08, 1.02569375215e-08, 8.54155146612e-09, 7.14607129026e-09, 5.51621237577e-09, 4.38802683078e-09, 3.92817378625e-09, 3.57565266285e-09], "dmean2": [0.00267280475236, 0.00191135937348, 0.000650190515444, 0.000622775463853, 0.000815774663351, 0.000671528105158, 0.000591836462263, 0.000358585966751, 0.000138391565997, 9.67097294051e-05, 6.88420404913e-05, 4.34625653725e-05, 0.000119011332572, 7.52945343265e-05, 2.02859919227e-05, 1.4203770661e-05, 1.06048746602e-05, 7.81835205999e-06, 5.20606408827e-06, 4.51172172689e-06, 4.26215774496e-06, 3.27162001668e-06, 2.67775249085e-06, 2.49211370829e-06, 1.62716344221e-06, 1.02317392248e-06, 8.36843582874e-07, 8.6312905978e-07, 5.36753930191e-07, 3.09411007038e-07, 1.90508558262e-07, 1.02415810943e-07, 7.1506129018e-08, 5.8558246252e-08, 5.06499695518e-08, 4.36618527999e-08, 3.61602197074e-08, 3.11875680836e-08, 2.74987890236e-08, 2.44009203954e-08], "dmean": [0.00164370064158, 0.0011478215456, 0.000393264461309, 0.000388100830605, 0.000521049194504, 0.000414471986005, 0.000367900531273, 0.000216994376387, 8.61480875756e-05, 6.00032071816e-05, 4.26471306127e-05, 2.77400740742e-05, 7.67313613323e-05, 5.06661453983e-05, 1.25821079564e-05, 8.81062896951e-06, 6.53697770758e-06, 4.89479316457e-06, 3.22998675983e-06, 2.76384844256e-06, 2.56808425547e-06, 2.00993235921e-06, 1.68637905062e-06, 1.56887824687e-06, 1.05443587017e-06, 6.68625659728e-07, 5.46907017451e-07, 5.64841457162e-07, 3.57123326467e-07, 2.01792389021e-07, 1.22231753608e-07, 6.40688710973e-08, 4.35219149608e-08, 3.52924018898e-08, 3.04662393091e-08, 2.6252944707e-08, 2.14950759414e-08, 1.85038242506e-08, 1.63190509994e-08, 1.44881315833e-08], "var": [4.30521940871e-05, 1.2308638361e-05, 1.00618501619e-06, 3.40876658811e-06, 5.06678316015e-06, 3.28193800669e-06, 4.58468593934e-06, 8.63292882514e-07, 1.25201211176e-07, 7.54487317067e-08, 3.09609369253e-08, 1.45408458607e-08, 1.24680909153e-07, 5.00166486006e-08, 3.4534557436e-09, 2.3254309589e-09, 8.34269486827e-10, 5.27394627969e-10, 2.21965737457e-10, 2.12787190645e-10, 2.97099400637e-10, 1.79190384753e-10, 8.28958846011e-11, 6.85913617571e-11, 3.51854656522e-11, 1.35674761356e-11, 1.52353199501e-11, 1.77988040972e-11, 5.88692332729e-12, 1.37075474669e-12, 3.49768933434e-13, 4.55146682875e-14, 1.13421269176e-14, 6.44274986077e-15, 4.68530218488e-15, 3.48225430187e-15, 1.98273662876e-15, 1.42603280038e-15, 1.10593481445e-15, 8.69489961208e-16], "dvar": [1.02193926068e-05, 6.28709176453e-06, 6.7329074227e-07, 9.22007757254e-07, 2.17353249354e-06, 1.83510405805e-06, 2.61147988567e-06, 5.25258485595e-07, 7.35612104563e-08, 4.63557690011e-08, 2.19925873068e-08, 8.29682722525e-09, 5.01917618578e-08, 1.98048777378e-08, 1.67835534359e-09, 1.11068343411e-09, 4.18530460289e-10, 2.03069019933e-10, 9.89273593599e-11, 9.01288141342e-11, 1.305984626e-10, 7.86157389188e-11, 3.50492239398e-11, 2.7795364968e-11, 1.35140943575e-11, 4.9624696713e-12, 9.42267531362e-12, 1.07416801148e-11, 2.85974390869e-12, 9.09307893739e-13, 1.95854739219e-13, 2.26400421034e-14, 7.17017370906e-15, 4.75165324026e-15, 3.46588051973e-15, 2.66702405366e-15, 1.8045014149e-15, 1.32129918816e-15, 1.02284109408e-15, 8.01625946172e-16], "mean": [0.00375824351795, 0.00195373990573, 0.000599301303737, 0.000712748093065, 0.000867172027938, 0.000613735290244, 0.000522820453625, 0.000314248580253, 0.000133436464239, 9.64545761235e-05, 6.20103674009e-05, 4.47004313173e-05, 0.000125666192616, 8.59619467519e-05, 2.09180561797e-05, 1.42142180266e-05, 1.07544874481e-05, 8.11674544821e-06, 5.36192737854e-06, 4.81297638544e-06, 4.60343608211e-06, 3.45888861375e-06, 3.07443656311e-06, 2.86454633169e-06, 1.94583890334e-06, 1.1918114069e-06, 9.25695417209e-07, 9.31437227791e-07, 5.97775340339e-07, 3.36210035812e-07, 1.84913091061e-07, 8.73732659556e-08, 5.22589402863e-08, 3.88016339059e-08, 3.30656924064e-08, 2.79615228749e-08, 2.12202291294e-08, 1.77190173645e-08, 1.56836694742e-08, 1.39921674247e-08]}, "spectral_entropy": {"min": 4.2285900116, "max": 9.82536029816, "dvar2": 0.267990410328, "median": 6.77349090576, "dmean2": 0.55643928051, "dmean": 0.347424387932, "var": 0.418389081955, "dvar": 0.1036150828, "mean": 6.73729705811}, "spectral_rolloff": {"min": 21.533203125, "max": 22050, "dvar2": 136929152, "median": 839.794921875, "dmean2": 6160.47412109, "dmean": 3134.14331055, "var": 83469864, "dvar": 50042932, "mean": 6122.36816406}, "barkbands": {"min": [1.23316610249e-25, 1.99093661893e-24, 4.51239531143e-25, 5.16515503075e-25, 5.80177889607e-24, 5.90381923746e-24, 6.08736784301e-24, 3.9855911393e-24, 1.04902068422e-23, 1.24343987193e-23, 1.1314300642e-23, 2.15651931179e-23, 2.09089349977e-23, 2.71148059203e-23, 4.98390455451e-23, 4.7171121119e-23, 7.18461443426e-23, 8.95306261675e-23, 9.26874960489e-23, 1.68651027311e-22, 2.35845706969e-22, 2.95899327411e-22, 3.9101482373e-22, 5.11271228747e-22, 9.0701283129e-22, 1.26166439846e-21, 1.8745100137e-21], "max": [0.0510390512645, 0.244068205357, 0.116573214531, 0.0470723435283, 0.198293760419, 0.164819553494, 0.267129153013, 0.0939031615853, 0.0601759888232, 0.0255898237228, 0.0616341196001, 0.0589424334466, 0.0180294886231, 0.0118569498882, 0.00591769488528, 0.00617789616808, 0.0138703808188, 0.00440206611529, 0.00267510092817, 0.01145333983, 0.00293265469372, 0.000287595961709, 0.000106759835035, 7.41651820135e-05, 5.69888179598e-05, 0.000427307153586, 0.00316956173629], "dvar2": [1.95515276573e-05, 0.000273912359262, 6.79990043864e-05, 7.18277215128e-06, 5.99096601945e-05, 0.000118828596896, 0.000136219125125, 1.28301126097e-05, 6.05866625847e-06, 7.43471730402e-07, 6.39160498395e-06, 1.92843594959e-06, 1.84173273965e-07, 9.97930200697e-08, 3.68403476614e-08, 4.86698432667e-08, 8.06300164413e-08, 2.4219778183e-08, 8.8061788972e-09, 1.98153102815e-08, 2.79886980259e-09, 7.74235467405e-11, 3.17145892881e-11, 2.65328401611e-11, 2.40136990154e-11, 4.16991267904e-11, 2.01799874588e-08], "median": [0.000467156351078, 0.00303434557281, 0.000721766147763, 0.000421435513999, 0.000942292972468, 0.000771472346969, 0.000351736700395, 0.000145059515489, 0.000201627059141, 8.82665626705e-05, 0.000140231379191, 0.000119073389214, 3.89210472349e-05, 2.96028483717e-05, 1.36122398544e-05, 7.86149485066e-06, 5.35592107553e-06, 4.38862889496e-06, 3.09373172058e-06, 2.41339239437e-06, 1.77033064119e-06, 8.85957717855e-07, 5.28394650701e-07, 4.2242231757e-07, 3.96641610223e-07, 6.31227521808e-07, 1.68956194102e-05], "dmean2": [0.00229578767903, 0.00876228883862, 0.00311937718652, 0.00138151005376, 0.00325745739974, 0.00353817059658, 0.00282731303014, 0.00111749360804, 0.000686811632477, 0.000334659096552, 0.000847562041599, 0.000473041785881, 0.000146696547745, 0.000112701905891, 6.80706143612e-05, 6.4877080149e-05, 5.7424622355e-05, 4.9213773309e-05, 2.90197349386e-05, 2.43312642851e-05, 1.25098367789e-05, 4.44731631433e-06, 3.08568360197e-06, 2.76750665762e-06, 2.65425478574e-06, 3.13433383781e-06, 5.03154333273e-05], "dmean": [0.00136586383451, 0.00535429967567, 0.00185092142783, 0.000813615100924, 0.00207524886355, 0.00218962272629, 0.00173643743619, 0.000685843580868, 0.000428151659435, 0.000207182383747, 0.000543739995919, 0.000312141637551, 9.03839245439e-05, 6.98551739333e-05, 4.24310856033e-05, 3.96110008296e-05, 3.51971357304e-05, 3.12616612064e-05, 1.91138715309e-05, 1.62228370755e-05, 8.27061558084e-06, 2.75794218396e-06, 1.86066995411e-06, 1.64577056694e-06, 1.57633303388e-06, 1.91635149349e-06, 3.57205426553e-05], "var": [1.57962185767e-05, 0.000403938232921, 2.85057103611e-05, 4.05464288633e-06, 9.90493645077e-05, 8.37072657305e-05, 9.51127512963e-05, 8.46451712277e-06, 3.67523944078e-06, 4.48746419579e-07, 6.4948058025e-06, 2.01600073524e-06, 1.79185406068e-07, 8.94761456038e-08, 3.36339418539e-08, 4.27719086815e-08, 6.2212592411e-08, 2.73688307573e-08, 1.18536904736e-08, 1.51773100754e-08, 2.34237829133e-09, 6.89341084215e-11, 1.75331259927e-11, 1.14800807749e-11, 1.02692862894e-11, 2.89207529452e-11, 2.68016204785e-08], "dvar": [7.31488444217e-06, 0.000106674327981, 2.70987711701e-05, 2.65652215603e-06, 2.71144363069e-05, 4.79389418615e-05, 5.51073972019e-05, 5.1791689657e-06, 2.27932923735e-06, 2.93941724294e-07, 2.62668572759e-06, 9.16576084364e-07, 8.3314347421e-08, 4.11777136833e-08, 1.55124375567e-08, 1.843032571e-08, 3.05194554073e-08, 9.79009762148e-09, 4.05270306203e-09, 8.43681036145e-09, 1.24228582976e-09, 3.42209698079e-11, 1.2778346957e-11, 1.04313268093e-11, 9.45136763991e-12, 1.83285053801e-11, 1.13331228846e-08], "mean": [0.00210573407821, 0.0117267230526, 0.00219681393355, 0.00111184176058, 0.00390860205516, 0.00324088917114, 0.00245195953175, 0.000960287172347, 0.000699252763297, 0.000300353509374, 0.000872262928169, 0.000500113761518, 0.000149125859025, 0.000115337068564, 7.02831457602e-05, 6.94015543559e-05, 6.04821580055e-05, 6.02421423537e-05, 3.61251841241e-05, 2.86002123175e-05, 1.43015167851e-05, 3.65338996744e-06, 2.03198260351e-06, 1.62001583703e-06, 1.52795269059e-06, 2.24766949941e-06, 6.99126394466e-05]}, "melbands_flatness_db": {"min": 0.0030677667819, "max": 0.779716432095, "dvar2": 0.00467885006219, "median": 0.354566693306, "dmean2": 0.0790227204561, "dmean": 0.0490208938718, "var": 0.00657173246145, "dvar": 0.00173986924347, "mean": 0.358789294958}, "melbands_skewness": {"min": -4.43157243729, "max": 37.6574478149, "dvar2": 2.89500522614, "median": 2.16945147514, "dmean2": 1.40767967701, "dmean": 0.885414123535, "var": 4.90156793594, "dvar": 1.06578230858, "mean": 2.59963130951}, "barkbands_skewness": {"min": -5.2593331337, "max": 49.2493019104, "dvar2": 5.091401577, "median": 2.01318335533, "dmean2": 1.50068080425, "dmean": 0.937913298607, "var": 6.05269956589, "dvar": 1.82702875137, "mean": 2.48878765106}, "silence_rate_60dB": {"min": 0, "max": 1, "dvar2": 0.0459239222109, "median": 0, "dmean2": 0.0399784147739, "dmean": 0.0199887380004, "var": 0.111877299845, "dvar": 0.0196101721376, "mean": 0.128281518817}, "spectral_energyband_low": {"min": 1.52161202752e-23, "max": 0.256926834583, "dvar2": 0.0004188233288, "median": 0.00587955862284, "dmean2": 0.0113538466394, "dmean": 0.00691204890609, "var": 0.000577920232899, "dvar": 0.000161550182384, "mean": 0.0160568412393}, "spectral_energyband_middle_low": {"min": 1.59175507797e-22, "max": 0.288967221975, "dvar2": 0.000343649677234, "median": 0.00541376881301, "dmean2": 0.0088778231293, "dmean": 0.00562374060974, "var": 0.000398417265387, "dvar": 0.000141082331538, "mean": 0.0124922664836}, "melbands_kurtosis": {"min": -1.94646120071, "max": 2259.1184082, "dvar2": 3377.99291992, "median": 7.27099990845, "dmean2": 18.1279029846, "dmean": 10.988363266, "var": 1735.61669922, "dvar": 1149.73925781, "mean": 18.7008705139}, "spectral_decrease": {"min": -7.5626239493e-08, "max": 3.03833469495e-09, "dvar2": 4.51578509734e-17, "median": -4.42528413913e-09, "dmean2": 4.48025661015e-09, "dmean": 2.78696310474e-09, "var": 6.94096913463e-17, "dvar": 1.79418353451e-17, "mean": -7.42216821337e-09}, "erbbands_kurtosis": {"min": -1.78865396976, "max": 224.296020508, "dvar2": 55.3255805969, "median": 1.44086790085, "dmean2": 4.36322689056, "dmean": 2.79630875587, "var": 65.4892425537, "dvar": 24.8490638733, "mean": 3.86367821693}, "melbands_crest": {"min": 1.55701398849, "max": 39.5622291565, "dvar2": 29.2933750153, "median": 16.8809051514, "dmean2": 6.30241680145, "dmean": 3.80318641663, "var": 46.7373504639, "dvar": 11.0168533325, "mean": 17.7219638824}, "melbands_spread": {"min": 0.0999874025583, "max": 163.158996582, "dvar2": 34.5005378723, "median": 7.65256595612, "dmean2": 4.93596363068, "dmean": 3.1216070652, "var": 140.710083008, "dvar": 14.7783851624, "mean": 10.4913682938}, "spectral_energy": {"min": 9.79114546371e-21, "max": 0.309133052826, "dvar2": 0.000691701890901, "median": 0.021845350042, "dmean2": 0.0179219692945, "dmean": 0.0112116867676, "var": 0.00111093604937, "dvar": 0.000276066828519, "mean": 0.0326871015131}, "mfcc": {"mean": [-772.330200195, 197.596511841, 16.3002147675, 18.0140781403, 2.03639936447, 7.80980062485, 9.45935440063, 2.92626452446, -0.792891144753, -1.72489774227, -0.963653147221, 3.72450256348, 3.53523778915], "icov": [[0.000200913753361, -0.000107710162411, 0.000342463928973, -0.000222906077397, 0.000188223435543, -0.000140839387313, 0.000397514406359, -0.000419223331846, 0.000433695560787, -0.000357862591045, 0.000259619730059, -0.000273496872978, -4.04628599426e-06], [-0.000107710162411, 0.000957636162639, -0.000112859677756, 0.000596967234742, -0.000123455974972, 0.00066538027022, -0.00090435508173, 0.00110061280429, -0.000943786348216, 0.000708260457031, -0.000393373717088, 0.000166025492945, 0.000112884976261], [0.000342463928973, -0.000112859677756, 0.00168917514384, -0.000178239846718, 0.00019501519273, -0.000269119831501, 0.00076763384277, -0.00108398904558, 0.000743866490666, -0.000142925258842, -0.00109911384061, 0.00151812110562, -0.00084861938376], [-0.000222906077397, 0.000596967234742, -0.000178239846718, 0.00259824772365, -0.00163840234745, 0.00191461364739, -0.00182250933722, 0.00152641767636, -0.000914504285902, -0.00132946332451, 0.00233492418192, -0.00340563314967, 0.00206997641362], [0.000188223435543, -0.000123455974972, 0.00019501519273, -0.00163840234745, 0.0076697031036, -0.00543364370242, 0.00407428247854, -0.00216169143096, 0.000349896232365, 0.00107618630864, -0.00314153335057, 0.00139454239979, -0.00141144299414], [-0.000140839387313, 0.00066538027022, -0.000269119831501, 0.00191461364739, -0.00543364370242, 0.0137651404366, -0.0117312157527, 0.00493384432048, 7.73840292823e-05, -0.00147650751751, 0.00103191286325, 0.000974729016889, -0.000477136200061], [0.000397514406359, -0.00090435508173, 0.00076763384277, -0.00182250933722, 0.00407428247854, -0.0117312157527, 0.0182069316506, -0.0109399808571, 0.00436950288713, -0.00139018369373, 0.00386272091419, -0.00371833355166, 0.00123757170513], [-0.000419223331846, 0.00110061280429, -0.00108398904558, 0.00152641767636, -0.00216169143096, 0.00493384432048, -0.0109399808571, 0.0203734654933, -0.0170407518744, 0.0100419996306, -0.00518659688532, 0.0067737698555, -0.00588853377849], [0.000433695560787, -0.000943786348216, 0.000743866490666, -0.000914504285902, 0.000349896232365, 7.73840292823e-05, 0.00436950288713, -0.0170407518744, 0.0279280152172, -0.0246064085513, 0.0155163845047, -0.00946403667331, 0.00343121564947], [-0.000357862591045, 0.000708260457031, -0.000142925258842, -0.00132946332451, 0.00107618630864, -0.00147650751751, -0.00139018369373, 0.0100419996306, -0.0246064085513, 0.0422463044524, -0.0344930067658, 0.0209423992783, -0.00603546900675], [0.000259619730059, -0.000393373717088, -0.00109911384061, 0.00233492418192, -0.00314153335057, 0.00103191286325, 0.00386272091419, -0.00518659688532, 0.0155163845047, -0.0344930067658, 0.0538378097117, -0.0408910736442, 0.018946075812], [-0.000273496872978, 0.000166025492945, 0.00151812110562, -0.00340563314967, 0.00139454239979, 0.000974729016889, -0.00371833355166, 0.0067737698555, -0.00946403667331, 0.0209423992783, -0.0408910736442, 0.0549577102065, -0.0308296829462], [-4.04628599426e-06, 0.000112884976261, -0.00084861938376, 0.00206997641362, -0.00141144299414, -0.000477136200061, 0.00123757170513, -0.00588853377849, 0.00343121564947, -0.00603546900675, 0.018946075812, -0.0308296829462, 0.03102822043]], "cov": [[10245.2578125, 384.722137451, -2095.29956055, 928.616638184, -128.558670044, -302.620758057, -257.019042969, -184.050933838, -47.7509841919, 63.4822502136, 88.9485702515, 238.787963867, 46.0762557983], [384.722137451, 1350.13513184, -36.2390480042, -311.607543945, -94.9957733154, -44.8405456543, -8.94667339325, -57.4111404419, -31.2441635132, -35.574092865, -13.7558765411, -23.5686435699, -19.0972099304], [-2095.29956055, -36.2390480042, 1075.91943359, -205.553497314, 21.2998123169, 38.5018577576, 23.0666503906, 69.1871414185, 19.2143783569, 5.09165287018, -4.6142411232, -68.3230514526, -9.4335565567], [928.616638184, -311.607543945, -205.553497314, 730.61505127, 92.1777954102, -71.3904266357, -41.4219665527, -30.1251373291, 51.8458747864, 73.7006912231, 56.3256607056, 77.4975814819, -2.86672306061], [-128.558670044, -94.9957733154, 21.2998123169, 92.1777954102, 210.719360352, 82.4652709961, 13.9289855957, 6.70495033264, 5.29115772247, 16.3186607361, 25.294713974, 17.9182071686, 11.2799072266], [-302.620758057, -44.8405456543, 38.5018577576, -71.3904266357, 82.4652709961, 237.675186157, 162.997802734, 48.5439949036, -10.9311685562, -28.4064807892, -34.0399513245, -14.1439771652, 18.4718017578], [-257.019042969, -8.94667339325, 23.0666503906, -41.4219665527, 13.9289855957, 162.997802734, 237.513397217, 143.365722656, 44.1399040222, -36.5391120911, -60.1333045959, -11.3690538406, 37.7010040283], [-184.050933838, -57.4111404419, 69.1871414185, -30.1251373291, 6.70495033264, 48.5439949036, 143.365722656, 247.510681152, 148.027114868, 4.28657197952, -50.4581680298, -12.3141126633, 49.431968689], [-47.7509841919, -31.2441635132, 19.2143783569, 51.8458747864, 5.29115772247, -10.9311685562, 44.1399040222, 148.027114868, 188.228118896, 80.1735076904, -0.114715702832, -1.23059737682, 17.206161499], [63.4822502136, -35.574092865, 5.09165287018, 73.7006912231, 16.3186607361, -28.4064807892, -36.5391120911, 4.28657197952, 80.1735076904, 117.706794739, 68.2998275757, 11.3590106964, -18.4516086578], [88.9485702515, -13.7558765411, -4.6142411232, 56.3256607056, 25.294713974, -34.0399513245, -60.1333045959, -50.4581680298, -0.114715702832, 68.2998275757, 104.053359985, 53.2923698425, -7.65888929367], [238.787963867, -23.5686435699, -68.3230514526, 77.4975814819, 17.9182071686, -14.1439771652, -11.3690538406, -12.3141126633, -1.23059737682, 11.3590106964, 53.2923698425, 90.9551696777, 51.9702796936], [46.0762557983, -19.0972099304, -9.4335565567, -2.86672306061, 11.2799072266, 18.4718017578, 37.7010040283, 49.431968689, 17.206161499, -18.4516086578, -7.65888929367, 51.9702796936, 91.7345657349]]}, "spectral_contrast_valleys": {"min": [-28.4044151306, -28.1922492981, -28.080411911, -27.7201023102, -27.4555168152, -27.4103984833], "max": [-4.93249130249, -4.44466781616, -5.33942461014, -6.18323469162, -6.00868844986, -9.01056957245], "dvar2": [0.255800306797, 0.269254058599, 0.263881087303, 0.469401091337, 0.76342612505, 1.04843020439], "median": [-6.93783330917, -6.73910808563, -7.43955755234, -8.3689956665, -8.75310230255, -11.5907897949], "dmean2": [0.637950956821, 0.633903682232, 0.583753585815, 0.714502811432, 0.891940832138, 1.25467693806], "dmean": [0.378956347704, 0.385407954454, 0.366837859154, 0.444310367107, 0.553051352501, 0.757857501507], "var": [3.02494478226, 3.22969269753, 2.96680927277, 2.99105477333, 3.13427853584, 2.31632637978], "dvar": [0.0936577245593, 0.104013971984, 0.104706920683, 0.18414439261, 0.294055372477, 0.401006281376], "mean": [-7.23125648499, -7.02640247345, -7.73117685318, -8.63869571686, -8.98044967651, -11.7341165543]}, "barkbands_flatness_db": {"min": 0.0395143739879, "max": 0.620730638504, "dvar2": 0.00353195634671, "median": 0.228351727128, "dmean2": 0.0671481117606, "dmean": 0.04166566208, "var": 0.00467570964247, "dvar": 0.00131259800401, "mean": 0.233673527837}, "dynamic_complexity": 4.47511863708, "spectral_skewness": {"min": -0.0941939204931, "max": 14.0315713882, "dvar2": 3.28896522522, "median": 3.55452203751, "dmean2": 1.58474040031, "dmean": 0.977127313614, "var": 2.88544154167, "dvar": 1.22787082195, "mean": 3.97483038902}, "erbbands_flatness_db": {"min": 0.0082765519619, "max": 0.461633384228, "dvar2": 0.00267592351884, "median": 0.204880997539, "dmean2": 0.0602418370545, "dmean": 0.0380038917065, "var": 0.00