{"lowlevel": {"spectral_complexity": {"min": 0, "max": 37, "dvar2": 8.68863487244, "median": 6, "dmean2": 2.26673674583, "dmean": 1.34698164463, "var": 63.858379364, "dvar": 3.46962404251, "mean": 8.61243724823}, "silence_rate_20dB": {"min": 1, "max": 1, "dvar2": 0, "median": 1, "dmean2": 0, "dmean": 0, "var": 0, "dvar": 0, "mean": 1}, "average_loudness": 0.29000082612, "erbbands_spread": {"min": 0.745178759098, "max": 166.287399292, "dvar2": 38.0318107605, "median": 13.2025222778, "dmean2": 4.21230840683, "dmean": 2.71646428108, "var": 113.760772705, "dvar": 16.488286972, "mean": 14.9562587738}, "spectral_kurtosis": {"min": -1.24413323402, "max": 193.370132446, "dvar2": 340.208740234, "median": 25.8170051575, "dmean2": 16.3677711487, "dmean": 9.7391576767, "var": 1445.27722168, "dvar": 126.733146667, "mean": 41.3186607361}, "barkbands_kurtosis": {"min": -1.49664700031, "max": 663.639099121, "dvar2": 444.418518066, "median": 9.3947095871, "dmean2": 10.2969617844, "dmean": 6.92741966248, "var": 4139.54248047, "dvar": 195.046951294, "mean": 31.0199337006}, "spectral_strongpeak": {"min": 0, "max": 6.9518661499, "dvar2": 0.591105639935, "median": 0.239960342646, "dmean2": 0.405853062868, "dmean": 0.239189103246, "var": 0.628955960274, "dvar": 0.222629219294, "mean": 0.603802025318}, "spectral_spread": {"min": 483222.90625, "max": 42635584, "dvar2": 1147934998530.0, "median": 1885107.75, "dmean2": 530101.1875, "dmean": 319525.34375, "var": 8072328118270.0, "dvar": 574322769920, "mean": 2197158.5}, "spectral_rms": {"min": 3.14162172839e-12, "max": 0.0124496556818, "dvar2": 1.14933379791e-06, "median": 0.00287302793004, "dmean2": 0.000695991213433, "dmean": 0.000456493144156, "var": 6.04836532148e-06, "dvar": 4.71558763593e-07, "mean": 0.00355310854502}, "erbbands": {"min": [1.73397483471e-22, 1.04843234229e-21, 3.20930547839e-21, 7.74485168566e-21, 1.20492249436e-20, 4.87775676396e-20, 4.41798974622e-20, 7.7514087076e-20, 1.75073138538e-19, 2.78553148825e-19, 3.76170619919e-19, 3.48099987338e-19, 6.72049868005e-19, 9.45999213884e-19, 1.56453881976e-18, 1.77110680842e-18, 2.20652847902e-18, 2.09811177729e-18, 4.30916596823e-18, 3.30923881771e-18, 4.92972430839e-18, 5.74186098715e-18, 5.94131656671e-18, 8.63499714426e-18, 8.51193417581e-18, 6.70130529811e-18, 1.07160826494e-17, 1.28726061992e-17, 9.61268575081e-18, 1.19221012292e-17, 9.40735967044e-18, 1.1044360856e-17, 1.05234893602e-17, 8.94088109016e-18, 6.68452759374e-18, 5.07072965151e-18, 2.76241618453e-18, 9.9243258398e-19, 2.23907374512e-19, 2.92789851283e-20], "max": [2.20105171204, 14.9493103027, 115.969413757, 82.8359832764, 153.803787231, 184.339904785, 482.303863525, 766.543457031, 713.250244141, 752.278320312, 423.627044678, 1243.33288574, 615.294311523, 903.625976562, 1439.68432617, 849.019775391, 268.283691406, 169.580825806, 126.313819885, 144.497283936, 108.089683533, 197.119873047, 212.734725952, 111.843635559, 54.7865142822, 38.0961532593, 15.8832759857, 9.51003074646, 12.8649215698, 5.78935337067, 4.81990814209, 2.0916800499, 1.17482280731, 0.797586560249, 0.232270315289, 0.0820733457804, 0.0193151310086, 0.00303190783598, 0.000501441361848, 0.000188824036741], "dvar2": [0.0326434373856, 1.92349982262, 63.2160873413, 90.7829818726, 225.811645508, 275.554016113, 1266.37145996, 2732.53222656, 2075.42041016, 2057.62670898, 1616.63952637, 7056.73095703, 2325.86499023, 2773.23974609, 7456.44042969, 3218.72094727, 403.889373779, 155.131958008, 156.200469971, 85.9048461914, 70.1060409546, 159.712554932, 129.40196228, 80.322479248, 16.1475753784, 5.05040597916, 0.83949637413, 0.463824510574, 0.49883005023, 0.13472110033, 0.0783266499639, 0.0383017025888, 0.0144290979952, 0.00522162485868, 0.000833673810121, 6.60768128e-05, 3.0532044093e-06, 6.41340136553e-08, 1.0761244118e-09, 3.41878442223e-10], "median": [0.0242045577615, 0.179355159402, 0.305801898241, 0.880493283272, 1.80616128445, 1.62397408485, 2.63231801987, 2.75750374794, 2.5732831955, 4.76686286926, 2.32325005531, 1.52254855633, 0.891442656517, 1.11771464348, 0.645370960236, 0.403836190701, 0.345789134502, 0.219804525375, 0.160786747932, 0.192904651165, 0.166830196977, 0.128190949559, 0.0916991755366, 0.0605454035103, 0.0396630093455, 0.0265270955861, 0.0121882874519, 0.00543641345575, 0.00317665236071, 0.00195436715148, 0.00117378635332, 0.000747647427488, 0.000456908805063, 0.000247059389949, 0.00011912627815, 4.81445313198e-05, 7.33933920856e-05, 0.000361531274393, 1.87909736269e-05, 9.59116277954e-06], "dmean2": [0.0689568594098, 0.540373265743, 2.51697325706, 3.38689661026, 6.3344244957, 6.84850311279, 11.5173101425, 19.904718399, 19.1747703552, 19.0891151428, 15.0409584045, 25.755941391, 15.5140342712, 18.4830989838, 22.1245212555, 13.3249044418, 7.15769720078, 4.91297292709, 4.36778926849, 3.26286149025, 3.04229974747, 3.58573746681, 3.09580516815, 2.69716620445, 1.37996304035, 0.745640575886, 0.307871460915, 0.203558340669, 0.174708589911, 0.105253979564, 0.0781987309456, 0.0474623441696, 0.0334520339966, 0.0194998979568, 0.00870057567954, 0.0023917586077, 0.000490422185976, 0.000107244130049, 9.7590200312e-06, 8.94030017662e-06], "dmean": [0.0436843186617, 0.328542679548, 1.53672170639, 2.0419921875, 4.02947425842, 4.32416534424, 7.60830879211, 12.95084095, 12.6929187775, 12.5201711655, 9.44518756866, 15.6788730621, 9.68604660034, 11.3032522202, 13.3247251511, 8.14182376862, 4.26896381378, 2.99231171608, 2.55046701431, 1.97988271713, 1.88479292393, 2.10379433632, 1.82508826256, 1.62987649441, 0.831808805466, 0.460155934095, 0.189412325621, 0.122608870268, 0.102702096105, 0.0646242499352, 0.0479386933148, 0.0276657808572, 0.0189965162426, 0.0111439386383, 0.00490281078964, 0.00135590147693, 0.000279284402495, 6.74657567288e-05, 6.03699209023e-06, 5.73401985093e-06], "var": [0.0544561780989, 1.15326225758, 39.4302215576, 38.8072471619, 241.024871826, 265.625854492, 897.214172363, 4340.90380859, 3370.45678711, 3734.11669922, 1309.20202637, 5324.42041016, 2099.63720703, 2775.04760742, 7190.48339844, 3433.33056641, 343.536987305, 175.21295166, 121.961463928, 72.8445663452, 103.181678772, 182.560943604, 97.1355361938, 74.4467010498, 19.8599128723, 6.98888444901, 1.11254668236, 0.663335859776, 0.51961928606, 0.201613813639, 0.095949202776, 0.0192873328924, 0.00578495766968, 0.00164678250439, 0.000246539711952, 2.23056231334e-05, 1.19743583582e-06, 2.16068855252e-07, 1.34276700869e-09, 7.2728917333e-10], "dvar": [0.0138976033777, 0.716324865818, 25.3489456177, 32.9592819214, 89.5715332031, 102.948974609, 516.112487793, 1181.79467773, 925.420959473, 931.673095703, 619.79083252, 2681.85473633, 971.247924805, 1108.45996094, 2763.44311523, 1215.21166992, 153.399780273, 59.9372024536, 55.1673316956, 31.5136184692, 28.3939552307, 58.2735519409, 44.3749084473, 28.9832077026, 5.90102434158, 1.91968142986, 0.344621866941, 0.177241593599, 0.194203615189, 0.0525588989258, 0.0312627665699, 0.013685551472, 0.00511920917779, 0.00186249124818, 0.000297910621157, 2.38181019085e-05, 1.08270535293e-06, 2.29990693157e-08, 3.82426201817e-10, 1.37345260165e-10], "mean": [0.12031237781, 0.594441652298, 2.41592931747, 3.14280033112, 7.39773178101, 8.91637420654, 14.2390680313, 26.4557781219, 30.3149700165, 31.9410209656, 16.9151229858, 25.7626590729, 16.7946872711, 19.5371952057, 23.4629268646, 15.9756555557, 7.38481092453, 5.79416799545, 4.65213632584, 3.89339947701, 4.17200613022, 4.45030546188, 3.69868183136, 3.23556852341, 1.87673974037, 1.04712498188, 0.399630218744, 0.249782785773, 0.192115202546, 0.131428286433, 0.0848511531949, 0.0415385663509, 0.0255201980472, 0.0128946304321, 0.00524240033701, 0.00160267262254, 0.000433506036643, 0.000512337603141, 3.16015066346e-05, 2.21171339945e-05]}, "zerocrossingrate": {"min": 0.00146484375, "max": 0.51953125, "dvar2": 0.000166225014254, "median": 0.017578125, "dmean2": 0.00367524893954, "dmean": 0.00268170214258, "var": 0.00143053999636, "dvar": 8.64830217324e-05, "mean": 0.0203507319093}, "spectral_contrast_coeffs": {"min": [-0.980644524097, -0.975613117218, -0.975806176662, -0.972702562809, -0.965916931629, -0.963209688663], "max": [-0.32765635848, -0.484028339386, -0.512002170086, -0.606773734093, -0.614787757397, -0.664439916611], "dvar2": [0.00329952407628, 0.00265139969997, 0.00171226169914, 0.000954575079959, 0.000490383303259, 0.00038692515227], "median": [-0.664204835892, -0.729964196682, -0.793700575829, -0.831610620022, -0.822027564049, -0.817146897316], "dmean2": [0.0642722770572, 0.0591896176338, 0.0490273945034, 0.036462623626, 0.0259269885719, 0.0201281439513], "dmean": [0.0393383838236, 0.035952873528, 0.0298818554729, 0.0218474306166, 0.0155357867479, 0.0120274759829], "var": [0.0109405564144, 0.00812276545912, 0.00685731507838, 0.0034758488182, 0.0037131619174, 0.00248854467645], "dvar": [0.00116411806084, 0.000981743098237, 0.00065809302032, 0.000347413792042, 0.000180470509804, 0.000148041217471], "mean": [-0.670757770538, -0.728308618069, -0.790955841541, -0.82677090168, -0.826099812984, -0.823240995407]}, "dissonance": {"min": 0.19027659297, "max": 0.500000059605, "dvar2": 0.00215157028288, "median": 0.421027421951, "dmean2": 0.0525236316025, "dmean": 0.0313436277211, "var": 0.00286133703776, "dvar": 0.000763161689974, "mean": 0.41085729003}, "spectral_energyband_high": {"min": 7.04279506545e-21, "max": 0.000853872741573, "dvar2": 3.14692027992e-09, "median": 1.07379435121e-06, "dmean2": 1.72872587427e-05, "dmean": 1.10210012281e-05, "var": 5.57371793164e-09, "dvar": 1.26156507463e-09, "mean": 2.67368395725e-05}, "gfcc": {"mean": [-210.707046509, 172.177856445, -61.7568855286, 1.48666095734, -25.4570331573, -13.1619186401, -18.8826122284, -3.29651761055, -12.2746648788, -4.6324763298, -7.23560762405, -1.51024591923, -10.3866548538], "icov": [[0.000443627941422, -0.00139473052695, 0.000874336692505, -0.00119726813864, 0.00114558916539, -0.0010544124525, 0.000517241540365, -0.000889597635251, 0.00126401742455, -0.0015861839056, 0.000708358362317, -0.00174658105243, 0.001320598647], [-0.00139473052695, 0.00625381013379, -0.00265920395032, 0.00483014201745, -0.00466544320807, 0.00417894823477, -0.000891263247468, 0.00344188744202, -0.00555203994736, 0.00645627779886, -0.00355962431058, 0.00729307485744, -0.00538835022599], [0.000874336692505, -0.00265920395032, 0.00315019721165, -0.00230415863916, 0.000656934862491, -0.00285782897845, 0.000360572128557, 5.72010212636e-05, 0.00103569589555, -0.0040345643647, 0.00132843339816, -0.00422600563616, 0.00305347819813], [-0.00119726813864, 0.00483014201745, -0.00230415863916, 0.00813651643693, -0.0034895199351, 0.00149395631161, -0.0013635737123, 0.00270683085546, -0.00348636927083, 0.00385677092709, -0.00259763072245, 0.00722418678924, -0.00515497615561], [0.00114558916539, -0.00466544320807, 0.000656934862491, -0.0034895199351, 0.00935458391905, -0.00351407262497, -0.00176140689291, -0.00123242521659, 0.00391361769289, -0.00573424808681, 0.00355012342334, -0.00350782158785, 0.00151978759095], [-0.0010544124525, 0.00417894823477, -0.00285782897845, 0.00149395631161, -0.00351407262497, 0.0111583117396, -0.00320597412065, -0.00120474421419, -0.000629728427157, 0.0028673177585, -0.00530796824023, 0.00793884135783, -0.00680275866762], [0.000517241540365, -0.000891263247468, 0.000360572128557, -0.0013635737123, -0.00176140689291, -0.00320597412065, 0.0130611620843, -0.00272215274163, -0.00456016743556, 0.00461215944961, 0.00179781927727, -0.00643664039671, 0.00417968537658], [-0.000889597635251, 0.00344188744202, 5.72010212636e-05, 0.00270683085546, -0.00123242521659, -0.00120474421419, -0.00272215274163, 0.017681280151, -0.00873709376901, 0.00330458907411, -0.00468412181363, 0.0058699012734, -0.00439582113177], [0.00126401742455, -0.00555203994736, 0.00103569589555, -0.00348636927083, 0.00391361769289, -0.000629728427157, -0.00456016743556, -0.00873709376901, 0.0262454319745, -0.0182003490627, 0.00195805192925, -0.00299754971638, 0.00271510751918], [-0.0015861839056, 0.00645627779886, -0.0040345643647, 0.00385677092709, -0.00573424808681, 0.0028673177585, 0.00461215944961, 0.00330458907411, -0.0182003490627, 0.0370296537876, -0.0115082086995, 0.00265008187853, -0.0013837502338], [0.000708358362317, -0.00355962431058, 0.00132843339816, -0.00259763072245, 0.00355012342334, -0.00530796824023, 0.00179781927727, -0.00468412181363, 0.00195805192925, -0.0115082086995, 0.0223660171032, -0.0103152152151, 0.00126811384689], [-0.00174658105243, 0.00729307485744, -0.00422600563616, 0.00722418678924, -0.00350782158785, 0.00793884135783, -0.00643664039671, 0.0058699012734, -0.00299754971638, 0.00265008187853, -0.0103152152151, 0.0352617688477, -0.0139499874786], [0.001320598647, -0.00538835022599, 0.00305347819813, -0.00515497615561, 0.00151978759095, -0.00680275866762, 0.00417968537658, -0.00439582113177, 0.00271510751918, -0.0013837502338, 0.00126811384689, -0.0139499874786, 0.026486299932]], "cov": [[37194.8710938, 448.967926025, -10467.4121094, -87.416633606, -4260.41503906, -1093.69177246, -2191.28442383, 613.692687988, -1319.59643555, -651.560913086, -151.385223389, -373.422332764, -250.452560425], [448.967926025, 914.768371582, 294.798065186, -189.807647705, 224.052474976, -98.6152496338, 19.5496807098, -67.4429550171, 72.1641387939, -5.32718849182, -1.63828670979, -18.2586593628, 23.1097011566], [-10467.4121094, 294.798065186, 3959.69995117, 170.172103882, 1492.93908691, 519.395507812, 726.638061523, -168.382766724, 507.674102783, 314.612426758, 137.647476196, 152.540222168, 101.769989014], [-87.416633606, -189.807647705, 170.172103882, 303.369628906, 71.075050354, 134.185958862, 47.5122566223, 30.0834026337, 24.1441402435, 30.917224884, 29.6613636017, -7.23329782486, 26.9618110657], [-4260.41503906, 224.052474976, 1492.93908691, 71.075050354, 774.795837402, 217.213973999, 324.609130859, -68.7085952759, 200.146560669, 111.057655334, 36.7250175476, 47.8909950256, 57.1768379211], [-1093.69177246, -98.6152496338, 519.395507812, 134.185958862, 217.213973999, 291.163116455, 134.866714478, 50.6617050171, 79.7921524048, 63.8712310791, 67.9490661621, 14.8031539917, 49.8515739441], [-2191.28442383, 19.5496807098, 726.638061523, 47.5122566223, 324.609130859, 134.866714478, 258.344268799, -1.42940449715, 121.672370911, 50.6085128784, 25.3903160095, 36.782409668, 22.0468196869], [613.692687988, -67.4429550171, -168.382766724, 30.0834026337, -68.7085952759, 50.6617050171, -1.42940449715, 116.575241089, 22.1085739136, 13.7002506256, 33.0629882812, -4.68554973602, 11.8742189407], [-1319.59643555, 72.1641387939, 507.674102783, 24.1441402435, 200.146560669, 79.7921524048, 121.672370911, 22.1085739136, 153.527236938, 80.0273132324, 45.6784744263, 24.0115566254, 19.0280780792], [-651.560913086, -5.32718849182, 314.612426758, 30.917224884, 111.057655334, 63.8712310791, 50.6085128784, 13.7002506256, 80.0273132324, 89.493019104, 50.1052818298, 23.2164611816, 11.7705049515], [-151.385223389, -1.63828670979, 137.647476196, 29.6613636017, 36.7250175476, 67.9490661621, 25.3903160095, 33.0629882812, 45.6784744263, 50.1052818298, 92.4120788574, 26.3336181641, 21.324596405], [-373.422332764, -18.2586593628, 152.540222168, -7.23329782486, 47.8909950256, 14.8031539917, 36.782409668, -4.68554973602, 24.0115566254, 23.2164611816, 26.3336181641, 57.5146942139, 18.1656455994], [-250.452560425, 23.1097011566, 101.769989014, 26.9618110657, 57.1768379211, 49.8515739441, 22.0468196869, 11.8742189407, 19.0280780792, 11.7705049515, 21.324596405, 18.1656455994, 63.6849212646]]}, "spectral_flux": {"min": 6.54830911717e-11, "max": 0.327659338713, "dvar2": 0.000940218567848, "median": 0.0221168864518, "dmean2": 0.0195315182209, "dmean": 0.0118779493496, "var": 0.00222713453695, "dvar": 0.000383097823942, "mean": 0.0457026027143}, "silence_rate_30dB": {"min": 0, "max": 1, "dvar2": 0.0135622397065, "median": 1, "dmean2": 0.00945129990578, "dmean": 0.00472440943122, "var": 0.00287808454596, "dvar": 0.00470214197412, "mean": 0.997113645077}, "spectral_energyband_middle_high": {"min": 1.32578523427e-21, "max": 0.0520822927356, "dvar2": 1.37435090437e-05, "median": 0.000107327359729, "dmean2": 0.00122456415556, "dmean": 0.00075521634426, "var": 2.69080683211e-05, "dvar": 5.36003972229e-06, "mean": 0.00211833301}, "barkbands_spread": {"min": 0.124040625989, "max": 95.7054672241, "dvar2": 9.37513446808, "median": 3.72125315666, "dmean2": 1.60133135319, "dmean": 1.02748370171, "var": 28.3500843048, "dvar": 4.00815343857, "mean": 4.95339918137}, "spectral_centroid": {"min": 68.5893936157, "max": 11546.9472656, "dvar2": 147171.8125, "median": 361.921844482, "dmean2": 85.1310043335, "dmean": 53.1096343994, "var": 600791.625, "dvar": 66798.0859375, "mean": 460.290527344}, "pitch_salience": {"min": 0.044274687767, "max": 0.865438699722, "dvar2": 0.00760789075866, "median": 0.520069956779, "dmean2": 0.0903840512037, "dmean": 0.0560438334942, "var": 0.037099994719, "dvar": 0.00286110374145, "mean": 0.476401001215}, "erbbands_skewness": {"min": -1.40708363056, "max": 9.26217269897, "dvar2": 0.260838121176, "median": 1.25014984608, "dmean2": 0.517218112946, "dmean": 0.344160109758, "var": 1.68266689777, "dvar": 0.105620466173, "mean": 1.55458807945}, "erbbands_crest": {"min": 2.72093605995, "max": 27.714838028, "dvar2": 8.50983428955, "median": 11.156329155, "dmean2": 3.13908314705, "dmean": 1.99673461914, "var": 18.9736042023, "dvar": 3.26711344719, "mean": 11.7536153793}, "melbands": {"min": [2.90791524047e-24, 1.43806522844e-24, 1.36597201917e-24, 3.09627076995e-24, 1.47200202458e-24, 1.51966707124e-24, 2.72338115044e-24, 3.19845941718e-24, 3.0785267244e-24, 2.3034278921e-24, 3.52357345091e-24, 3.28485723846e-24, 3.41639999162e-24, 5.20021250241e-24, 2.9549556079e-24, 6.39290944882e-24, 2.97633511894e-24, 5.03174415636e-24, 4.80770529269e-24, 3.55325670906e-24, 5.44186386908e-24, 5.81297835435e-24, 5.45247838699e-24, 4.4730614248e-24, 6.16330319931e-24, 5.35441666558e-24, 5.87796668787e-24, 3.21241239445e-24, 7.28877657482e-24, 5.38297776909e-24, 7.52299489961e-24, 5.35231553456e-24, 4.47593879495e-24, 6.63984539469e-24, 3.99008961861e-24, 6.29399299662e-24, 6.54902147209e-24, 5.65198564866e-24, 7.62259489978e-24, 6.65607463009e-24], "max": [0.014855414629, 0.0463792085648, 0.0163997262716, 0.0117720961571, 0.0129374517128, 0.0148514937609, 0.0107822800055, 0.00669819954783, 0.00452205725014, 0.00794066861272, 0.00320190773346, 0.00333159719594, 0.00351926754229, 0.00413047196344, 0.00208919914439, 0.000278717139736, 0.000335902092047, 0.000308183458401, 0.000414444250055, 0.000100465957075, 0.000164361466886, 0.000252281315625, 0.000250642071478, 8.31548459246e-05, 9.97425886453e-05, 9.0118861408e-05, 5.04257222929e-05, 2.81016673398e-05, 1.56467540364e-05, 7.0277087616e-06, 5.6878839132e-06, 6.6594711825e-06, 5.73680335947e-06, 3.29144791067e-06, 4.25666394221e-06, 1.12251666451e-06, 1.45312094446e-06, 8.03439320407e-07, 1.11602275865e-06, 5.63485059502e-07], "dvar2": [1.92706670532e-06, 1.03753336589e-05, 2.93968514598e-06, 1.19871833704e-06, 9.64335299614e-07, 1.1838494629e-06, 4.84335942019e-07, 2.00157700192e-07, 1.35766470066e-07, 3.03416186398e-07, 6.59422241256e-08, 4.85125717375e-08, 6.63116495048e-08, 9.17369646913e-08, 1.83522068653e-08, 1.07691877638e-09, 6.87663537224e-10, 6.54012677348e-10, 5.15680886881e-10, 9.23127824182e-11, 1.25760457603e-10, 2.59297916472e-10, 1.59571106328e-10, 4.32064106715e-11, 6.89319226699e-11, 2.89253534319e-11, 9.45819464415e-12, 1.72390855931e-12, 5.99416187259e-13, 2.16753020697e-13, 1.52377025928e-13, 1.88311795627e-13, 1.32523264823e-13, 4.56446878449e-14, 4.01802241923e-14, 1.55190411981e-14, 1.57185106809e-14, 6.90326219243e-15, 7.9658171674e-15, 2.87979280078e-15], "median": [0.000294504890917, 0.000198226189241, 0.000196759719984, 0.000138099159813, 9.33255287237e-05, 5.68315990677e-05, 4.39374416601e-05, 5.10086028953e-05, 1.13462529043e-05, 8.29569034977e-06, 3.85485191146e-06, 4.46427657153e-06, 2.32857223637e-06, 1.02451883777e-06, 6.87393310272e-07, 5.56650320505e-07, 3.2727729149e-07, 1.97492965981e-07, 2.74852453686e-07, 1.89726009125e-07, 1.64456892549e-07, 1.26492125219e-07, 7.4061759392e-08, 7.00122271269e-08, 4.13248386621e-08, 2.50601992491e-08, 2.710509861e-08, 1.27408599226e-08, 8.62054783113e-09, 3.69525676724e-09, 2.62937072115e-09, 1.70063296778e-09, 1.41338352133e-09, 9.01735242032e-10, 6.52115139665e-10, 5.55802903701e-10, 4.04577760182e-10, 3.26203952739e-10, 2.4685059552e-10, 1.90689700141e-10], "dmean2": [0.00057774229208, 0.00105798570439, 0.000664622581098, 0.000473605643492, 0.000344067957485, 0.000425073434599, 0.000299602019368, 0.000196170294657, 0.000128680185298, 0.000167826758116, 8.03549482953e-05, 7.76303422754e-05, 7.45168945286e-05, 5.93344338995e-05, 3.33498392138e-05, 1.28712272272e-05, 9.97042025119e-06, 8.04594765214e-06, 6.52594826533e-06, 3.78659774469e-06, 3.78168419957e-06, 4.45606428912e-06, 3.34854280482e-06, 2.25408666665e-06, 2.45795763476e-06, 1.50060009219e-06, 9.6943506378e-07, 4.38682661752e-07, 2.52372473142e-07, 1.40536641879e-07, 1.14801444795e-07, 1.13941581503e-07, 8.83225794723e-08, 6.10750419128e-08, 5.30462109793e-08, 3.37097993963e-08, 2.94217219476e-08, 2.35677415361e-08, 2.29646950345e-08, 1.48041721104e-08], "dmean": [0.000367190601537, 0.000643547507934, 0.00040785263991, 0.000303089647787, 0.000227385098697, 0.000277367362287, 0.00020024231344, 0.000127099046949, 8.09744160506e-05, 0.000102281999716, 5.00754758832e-05, 4.74866137665e-05, 4.41098527517e-05, 3.63290600944e-05, 1.98945290322e-05, 7.57731004342e-06, 6.04253182246e-06, 4.64297590952e-06, 3.86603642255e-06, 2.32449792748e-06, 2.31438934861e-06, 2.6117966172e-06, 1.95106008505e-06, 1.33797061608e-06, 1.47306252529e-06, 9.03139607544e-07, 5.85730617786e-07, 2.7159575211e-07, 1.53976728257e-07, 8.41932319418e-08, 6.83073295704e-08, 6.72658089229e-08, 5.38262057148e-08, 3.800845505e-08, 3.27412585932e-08, 2.06008543557e-08, 1.66378857358e-08, 1.33800197588e-08, 1.30295205736e-08, 8.48449133173e-09], "var": [2.7004716685e-06, 6.42763552605e-06, 1.7068730358e-06, 1.33978358008e-06, 7.78241997068e-07, 1.80538472705e-06, 9.10458766157e-07, 3.20591112768e-07, 1.04954395397e-07, 2.26330755027e-07, 5.32304298417e-08, 4.33120526111e-08, 6.1095263959e-08, 7.21363448974e-08, 1.12687574827e-08, 6.34237884434e-10, 7.11183445468e-10, 4.71727712448e-10, 2.89946261445e-10, 9.93655296933e-11, 1.57444238202e-10, 2.68255140323e-10, 1.05484274093e-10, 4.12656436799e-11, 5.62115666514e-11, 2.4761907802e-11, 8.97519298465e-12, 2.49047917705e-12, 7.00401976e-13, 2.21320994843e-13, 2.09151069402e-13, 1.65767559727e-13, 1.47596250001e-13, 5.22305722978e-14, 4.5134885819e-14, 1.08937661206e-14, 6.38642555791e-15, 2.93855444094e-15, 2.39444609837e-15, 9.07405644086e-16], "dvar": [7.84459246006e-07, 4.11460951e-06, 1.09533436898e-06, 4.57777019847e-07, 3.91830752733e-07, 5.0738333357e-07, 2.24583004638e-07, 8.73278409586e-08, 5.30971711044e-08, 1.16218942026e-07, 2.74141331857e-08, 1.91241937841e-08, 2.47505447248e-08, 3.43888082455e-08, 6.80213529947e-09, 3.86943116437e-10, 2.62382920946e-10, 2.27878979575e-10, 1.84948459325e-10, 3.58395500777e-11, 5.02855986018e-11, 9.5315789983e-11, 5.59594801053e-11, 1.49083419221e-11, 2.46800271192e-11, 1.08001290203e-11, 3.39470530679e-12, 6.8673728813e-13, 2.51994659948e-13, 8.19301291849e-14, 5.91095165978e-14, 7.26264277125e-14, 4.90350083671e-14, 1.83416175585e-14, 1.61982853888e-14, 5.9023191235e-15, 5.49472094005e-15, 2.45522452399e-15, 2.80534008702e-15, 1.02997861721e-15], "mean": [0.000950242916588, 0.00109644676559, 0.000687677937094, 0.000621471554041, 0.000461119692773, 0.000570819480345, 0.000508540717419, 0.000307925074594, 0.000135505688377, 0.000164378710906, 8.07023534435e-05, 7.77096938691e-05, 7.62480776757e-05, 6.11827199464e-05, 2.94465335173e-05, 1.1726795492e-05, 1.0806528735e-05, 7.72740077082e-06, 6.17917521595e-06, 4.63869491796e-06, 4.6712857511e-06, 4.96705388287e-06, 3.5551347537e-06, 2.77725030173e-06, 2.67069185611e-06, 1.67281905306e-06, 1.17167292046e-06, 5.60462581234e-07, 2.90273220571e-07, 1.53504629452e-07, 1.31085101884e-07, 1.09324822972e-07, 9.67291242659e-08, 6.61806822677e-08, 5.42900657763e-08, 3.1982974491e-08, 2.23345182349e-08, 1.79473840234e-08, 1.49790064796e-08, 9.52163503598e-09]}, "spectral_entropy": {"min": 3.49470090866, "max": 9.81718444824, "dvar2": 0.0497374162078, "median": 6.12869358063, "dmean2": 0.206041932106, "dmean": 0.133915439248, "var": 0.727501749992, "dvar": 0.0228081122041, "mean": 6.10228157043}, "spectral_rolloff": {"min": 43.06640625, "max": 19444.4824219, "dvar2": 1110864, "median": 387.59765625, "dmean2": 144.75038147, "dmean": 82.5830459595, "var": 1866523.625, "dvar": 377591.8125, "mean": 497.388519287}, "barkbands": {"min": [9.68117515804e-25, 5.79085908899e-24, 2.70003461473e-24, 2.04473101621e-24, 1.46230798902e-23, 8.03950394388e-24, 1.19605544282e-23, 1.65887855819e-23, 2.02065932011e-23, 1.2946022348e-23, 1.80375254789e-23, 3.61667923257e-23, 5.91934338898e-23, 4.00022119588e-23, 6.75494777383e-23, 9.58622446738e-23, 9.71879412023e-23, 1.11368290264e-22, 1.70442751308e-22, 1.66222206625e-22, 2.97137170078e-22, 2.94470794975e-22, 4.38044943851e-22, 5.60189440112e-22, 8.38289743095e-22, 1.5187284443e-21, 1.76167256151e-21], "max": [0.0145827326924, 0.0465485043824, 0.100849628448, 0.0388638600707, 0.0449637882411, 0.0700519829988, 0.0596805661917, 0.0151781747118, 0.048038803041, 0.0219033770263, 0.0236631818116, 0.0299427527934, 0.00490727694705, 0.00391565682366, 0.00397598696873, 0.00172617682256, 0.00290490500629, 0.0037374610547, 0.00212570745498, 0.0010034290608, 0.000210448575672, 0.000284143636236, 0.000176849644049, 8.34891907289e-05, 4.90920465381e-05, 1.1877336874e-05, 2.46845638685e-06], "dvar2": [4.12247317172e-07, 2.77037452179e-05, 4.99340931128e-05, 1.8047325284e-05, 1.91516610357e-05, 3.04887689708e-05, 1.28530355141e-05, 2.76098194263e-06, 9.86059512798e-06, 3.09337087856e-06, 3.62881564797e-06, 5.12825909027e-06, 1.5248971863e-07, 1.02589353901e-07, 5.37529167843e-08, 1.8864021456e-08, 4.520116903e-08, 4.21590193866e-08, 2.53573162468e-08, 3.42260708663e-09, 3.74174941031e-10, 3.01636104982e-10, 9.60458657051e-11, 6.88963608386e-11, 2.52495906128e-11, 1.31756031866e-12, 2.69886042225e-14], "median": [3.76467287424e-05, 0.0010905796662, 0.000227320080739, 0.000338597514201, 0.000646812957712, 0.000360756996088, 0.000198017820367, 5.36112274858e-05, 5.89236879023e-05, 2.03870313271e-05, 1.83790580195e-05, 1.04022310552e-05, 6.2158410401e-06, 3.4329727896e-06, 3.3472144878e-06, 2.70133182312e-06, 2.02711157726e-06, 1.59119747423e-06, 7.2646668059e-07, 6.26383041435e-07, 1.94870509063e-07, 7.9999885827e-08, 4.3183170817e-08, 3.00355473826e-08, 1.90914057896e-08, 8.83263329143e-09, 2.34292556911e-07], "dmean2": [0.000212404993363, 0.00221490161493, 0.00231877760962, 0.0014972910285, 0.00190978625324, 0.00212386413477, 0.00150356895756, 0.000685612380039, 0.00104724359699, 0.000513601000421, 0.000599096703809, 0.000470623577712, 0.000145743295434, 0.000112680907478, 7.61338014854e-05, 5.30307479494e-05, 6.48195491522e-05, 5.60355765629e-05, 4.42546515842e-05, 1.91707295016e-05, 5.99105760557e-06, 4.62472644358e-06, 2.86334534394e-06, 2.1394992018e-06, 1.44812656799e-06, 3.28386818182e-07, 6.35580548192e-08], "dmean": [0.000142446398968, 0.0013777819695, 0.00141580111813, 0.000903097738046, 0.00123580289073, 0.00141319073737, 0.00101985421497, 0.000418707437348, 0.000641927763354, 0.000317420810461, 0.000360242032912, 0.000290279684123, 8.58839048306e-05, 6.68367865728e-05, 4.5385590056e-05, 3.27207380906e-05, 3.80808924092e-05, 3.31049777742e-05, 2.65121962002e-05, 1.17478466564e-05, 3.66485755876e-06, 2.70368468591e-06, 1.74279944076e-06, 1.22299877603e-06, 8.20987736461e-07, 1.87017207054e-07, 4.05780369306e-08], "var": [1.48385856846e-06, 2.56072999036e-05, 3.17075791827e-05, 8.28393058327e-06, 2.24280738621e-05, 3.95735223719e-05, 2.6420051654e-05, 2.017329507e-06, 7.91846741777e-06, 2.00211388801e-06, 3.1471620332e-06, 4.57010628452e-06, 1.0356831126e-07, 9.33481985044e-08, 3.41196972897e-08, 2.37419310878e-08, 5.30123109854e-08, 3.41067867282e-08, 1.92098461582e-08, 4.30486934988e-09, 4.32880453705e-10, 3.76227882182e-10, 1.19897133888e-10, 3.00043878632e-11, 7.69817282836e-12, 4.74722691712e-13, 9.20002870544e-14], "dvar": [1.92881401517e-07, 1.05887447717e-05, 2.00701997528e-05, 6.68049506203e-06, 7.31990394343e-06, 1.30157995955e-05, 6.16604484094e-06, 1.04624473352e-06, 3.86343072023e-06, 1.23122197238e-06, 1.38864277233e-06, 1.98120801542e-06, 5.7850783719e-08, 3.7251222551e-08, 1.92913116592e-08, 7.39355199286e-09, 1.6829774907e-08, 1.44201726116e-08, 9.23521170648e-09, 1.28323451865e-09, 1.40536540738e-10, 1.12904928462e-10, 3.84847188839e-11, 2.45093598195e-11, 9.05279670671e-12, 4.67678196517e-13, 9.64021156874e-15], "mean": [0.000554506957997, 0.0031334166415, 0.00211706804112, 0.00126160366926, 0.00265474524349, 0.00284709362313, 0.00263188220561, 0.000670147303026, 0.00107838248368, 0.000471213512355, 0.000578491890337, 0.000512088823598, 0.000131636901642, 0.000118780902994, 7.64911819715e-05, 6.62724851281e-05, 7.62463459978e-05, 6.77476637065e-05, 4.79433001601e-05, 2.52237259701e-05, 7.24214260117e-06, 5.24253346157e-06, 3.1461402159e-06, 1.72709701474e-06, 9.04065700524e-07, 2.49390865292e-07, 3.3239589925e-07]}, "melbands_flatness_db": {"min": 0.0029822064098, "max": 0.965572714806, "dvar2": 0.00125242338981, "median": 0.384107589722, "dmean2": 0.0322886966169, "dmean": 0.0207893755287, "var": 0.0353901199996, "dvar": 0.000565342779737, "mean": 0.444965958595}, "melbands_skewness": {"min": -0.739800691605, "max": 32.6058654785, "dvar2": 0.935053884983, "median": 2.04302859306, "dmean2": 0.819862961769, "dmean": 0.530987262726, "var": 4.19795513153, "dvar": 0.409150660038, "mean": 2.54195785522}, "barkbands_skewness": {"min": -1.96376943588, "max": 21.3454494476, "dvar2": 0.637761056423, "median": 1.81190681458, "dmean2": 0.712091267109, "dmean": 0.459579855204, "var": 4.35718297958, "dvar": 0.259896278381, "mean": 2.31164240837}, "silence_rate_60dB": {"min": 0, "max": 1, "dvar2": 0.0639948770404, "median": 0, "dmean2": 0.0567077957094, "dmean": 0.0283464565873, "var": 0.199372932315, "dvar": 0.0275418534875, "mean": 0.27499344945}, "spectral_energyband_low": {"min": 2.34835261346e-23, "max": 0.145559757948, "dvar2": 0.000123939389596, "median": 0.00258869165555, "dmean2": 0.00453825993463, "dmean": 0.00279085594229, "var": 9.76195660769e-05, "dvar": 4.87175857415e-05, "mean": 0.00628487905487}, "spectral_energyband_middle_low": {"min": 1.02342743321e-22, "max": 0.108091972768, "dvar2": 0.00011195361003, "median": 0.00369089911692, "dmean2": 0.0050942520611, "dmean": 0.00330830411986, "var": 0.000245318777161, "dvar": 4.55027111457e-05, "mean": 0.0112396366894}, "melbands_kurtosis": {"min": -1.48964762688, "max": 1762.18273926, "dvar2": 1392.59118652, "median": 8.67121982574, "dmean2": 11.2235555649, "dmean": 7.30736637115, "var": 4476.39941406, "dvar": 655.460754395, "mean": 22.3877162933}, "spectral_decrease": {"min": -4.12796730132e-08, "max": 9.09002581823e-29, "dvar2": 1.79094512241e-17, "median": -2.19831974846e-09, "dmean2": 2.07053241219e-09, "dmean": 1.32440669542e-09, "var": 3.53965804235e-17, "dvar": 7.19944008043e-18, "mean": -4.89103202383e-09}, "erbbands_kurtosis": {"min": -1.576166749, "max": 188.063583374, "dvar2": 61.4221611023, "median": 2.8164691925, "dmean2": 3.60744857788, "dmean": 2.33835840225, "var": 281.143432617, "dvar": 22.6269416809, "mean": 8.02342891693}, "melbands_crest": {"min": 1.59961175919, "max": 38.3864974976, "dvar2": 16.5765171051, "median": 16.191192627, "dmean2": 3.9443655014, "dmean": 2.42978739738, "var": 86.2024841309, "dvar": 6.1088104248, "mean": 18.9454593658}, "melbands_spread": {"min": 0.0560513585806, "max": 153.608795166, "dvar2": 22.7470245361, "median": 4.68696594238, "dmean2": 1.95715558529, "dmean": 1.24616670609, "var": 95.322052002, "dvar": 10.6190128326, "mean": 6.26992797852}, "spectral_energy": {"min": 1.01165311748e-20, "max": 0.158868759871, "dvar2": 0.000268524483545, "median": 0.00846064742655, "dmean2": 0.00802180636674, "dmean": 0.00513630872592, "var": 0.000547150208149, "dvar": 0.000107914653199, "mean": 0.0191397573799}, "mfcc": {"mean": [-838.739624023, 186.854003906, 31.0435695648, 29.806760788, 11.5243272781, -0.19372010231, 2.77679157257, 3.54168987274, -1.65962958336, 0.99495446682, -0.13899974525, 0.30294406414, 2.3009557724], "icov": [[0.000278197607258, -0.000295723846648, 0.000638841709588, -0.000412819877965, 0.000561228080187, -0.000529129232746, 0.000440046627773, -0.000791205617134, 0.00100294325966, -0.000449161074357, -5.82745597058e-05, -9.71528606897e-06, -1.75723369011e-06], [-0.000295723846648, 0.00118098745588, -0.000681063975208, 0.000861036416609, -0.001283281832, 0.00163768348284, -8.05906092864e-05, 0.00127233285457, -0.00100993178785, 0.000543271424249, 0.000307393813273, -0.000161945281434, -0.000115842594823], [0.000638841709588, -0.000681063975208, 0.00290223327465, -0.00134781969246, 0.000415846094256, -0.00272161210887, 0.000901728286408, -0.00105797592551, 0.00104802998248, 6.92264511599e-05, -0.000588765717112, -0.000720135460142, -0.00019311044889], [-0.000412819877965, 0.000861036416609, -0.00134781969246, 0.00561647256836, -0.00219234521501, 2.17691303988e-05, -0.00107808725443, 0.00115240202285, -0.000564425368793, -0.000565324095078, 0.000250748853432, -0.000824339862447, -0.000922632345464], [0.000561228080187, -0.001283281832, 0.000415846094256, -0.00219234521501, 0.00999299250543, -0.00430981907994, -0.00286258035339, 0.00212890538387, -0.00084842403885, -0.00251081818715, -0.000734135392122, 0.000639780366328, 0.000276351434877], [-0.000529129232746, 0.00163768348284, -0.00272161210887, 2.17691303988e-05, -0.00430981907994, 0.0151472864673, -0.0060751195997, 0.00191276159603, -0.0046507390216, 0.00185028999113, -0.000278031133348, -0.00251488969661, 0.00245105125941], [0.000440046627773, -8.05906092864e-05, 0.000901728286408, -0.00107808725443, -0.00286258035339, -0.0060751195997, 0.0225874539465, -0.0148795479909, 0.00837102346122, -0.00411825021729, 0.000757032888941, 0.00158263405319, 0.00130908936262], [-0.000791205617134, 0.00127233285457, -0.00105797592551, 0.00115240202285, 0.00212890538387, 0.00191276159603, -0.0148795479909, 0.0279741901904, -0.0145031465217, 0.00388525798917, -0.00552546465769, 0.00296641280875, -0.00366689707153], [0.00100294325966, -0.00100993178785, 0.00104802998248, -0.000564425368793, -0.00084842403885, -0.0046507390216, 0.00837102346122, -0.0145031465217, 0.0270252022892, -0.0141636645421, 0.00823658052832, -0.00526158325374, 0.00174920307472], [-0.000449161074357, 0.000543271424249, 6.92264511599e-05, -0.000565324095078, -0.00251081818715, 0.00185028999113, -0.00411825021729, 0.00388525798917, -0.0141636645421, 0.0339994952083, -0.019418310374, 0.00934448000044, -0.00456317421049], [-5.82745597058e-05, 0.000307393813273, -0.000588765717112, 0.000250748853432, -0.000734135392122, -0.000278031133348, 0.000757032888941, -0.00552546465769, 0.00823658052832, -0.019418310374, 0.0418052002788, -0.0281905084848, 0.00760204531252], [-9.71528606897e-06, -0.000161945281434, -0.000720135460142, -0.000824339862447, 0.000639780366328, -0.00251488969661, 0.00158263405319, 0.00296641280875, -0.00526158325374, 0.00934448000044, -0.0281905084848, 0.0511878058314, -0.0257392320782], [-1.75723369011e-06, -0.000115842594823, -0.00019311044889, -0.000922632345464, 0.000276351434877, 0.00245105125941, 0.00130908936262, -0.00366689707153, 0.00174920307472, -0.00456317421049, 0.00760204531252, -0.0257392320782, 0.0329427048564]], "cov": [[22957.9511719, 3423.39379883, -6147.33300781, -1479.01196289, -2154.28271484, -1944.41271973, -993.881835938, -451.106445312, -1043.96118164, -483.625183105, -472.855957031, -482.712310791, -191.769470215], [3423.39379883, 1982.79492188, -859.705322266, -428.905029297, -288.845916748, -473.066131592, -285.876831055, -204.189849854, -184.085723877, -129.217819214, -132.730484009, -98.7122192383, -38.2663803101], [-6147.33300781, -859.705322266, 2257.95507812, 604.08001709, 698.247924805, 689.428894043, 330.432342529, 169.013534546, 313.447601318, 171.546539307, 192.000701904, 194.82460022, 90.3671646118], [-1479.01196289, -428.905029297, 604.08001709, 423.567687988, 257.023162842, 251.287658691, 140.091720581, 76.5848846436, 102.903175354, 81.0199127197, 81.8857803345, 76.217628479, 42.3355903625], [-2154.28271484, -288.845916748, 698.247924805, 257.023162842, 399.68536377, 287.081970215, 157.624343872, 69.636138916, 131.925079346, 88.705116272, 77.709274292, 66.0059814453, 25.8580932617], [-1944.41271973, -473.066131592, 689.428894043, 251.287658691, 287.081970215, 350.544189453, 171.942672729, 96.2267913818, 130.75932312, 81.316696167, 80.9451522827, 70.6349258423, 25.5312919617], [-993.881835938, -285.876831055, 330.432342529, 140.091720581, 157.624343872, 171.942672729, 160.926437378, 88.4422836304, 66.986038208, 52.7846031189, 47.6616096497, 31.4528026581, 11.4677877426], [-451.106445312, -204.189849854, 169.013534546, 76.5848846436, 69.636138916, 96.2267913818, 88.4422836304, 106.508781433, 66.748878479, 41.1731910706, 38.0671920776, 26.8676624298, 17.3578948975], [-1043.96118164, -184.085723877, 313.447601318, 102.903175354, 131.925079346, 130.75932312, 66.986038208, 66.748878479, 126.545562744, 61.1495437622, 40.0657920837, 38.266620636, 20.3529434204], [-483.625183105, -129.217819214, 171.546539307, 81.0199127197, 88.705116272, 81.316696167, 52.7846031189, 41.1731910706, 61.1495437622, 78.421836853, 51.1967277527, 31.9183998108, 19.2260456085], [-472.855957031, -132.730484009, 192.000701904, 81.8857803345, 77.709274292, 80.9451522827, 47.6616096497, 38.0671920776, 40.0657920837, 51.1967277527, 81.8675765991, 57.6257476807, 29.6927127838], [-482.712310791, -98.7122192383, 194.82460022, 76.217628479, 66.0059814453, 70.6349258423, 31.4528026581, 26.8676624298, 38.266620636, 31.9183998108, 57.6257476807, 77.3954772949, 48.3984451294], [-191.769470215, -38.2663803101, 90.3671646118, 42.3355903625, 25.8580932617, 25.5312919617, 11.4677877426, 17.3578948975, 20.3529434204, 19.2260456085, 29.6927127838, 48.3984451294, 63.8319740295]]}, "spectral_contrast_valleys": {"min": [-28.0643310547, -27.9363288879, -27.7852649689, -27.5639324188, -27.4328422546, -27.3657112122], "max": [-5.23340749741, -4.77789402008, -5.16093683243, -6.18393611908, -6.56414985657, -9.36215782166], "dvar2": [0.289876520634, 0.205873683095, 0.16643473506, 0.152060523629, 0.131745293736, 0.301864504814], "median": [-7.6721367836, -7.60586738586, -8.99541378021, -9.64399433136, -10.1873140335, -13.382730484], "dmean2": [0.517430305481, 0.47436350584, 0.43586602807, 0.363307446241, 0.290720939636, 0.346756100655], "dmean": [0.317774087191, 0.291071563959, 0.266710877419, 0.223543763161, 0.189961627126, 0.228732511401], "var": [3.02779006958, 5.22471761703, 5.6175327301, 5.53685045242, 5.91589641571, 3.86288142204], "dvar": [0.130586788058, 0.103248678148, 0.0868189632893, 0.081296980381, 0.0844033882022, 0.161977633834], "mean": [-7.78029346466, -7.82853364944, -9.01465606689, -9.82097244263, -10.4083633423, -13.4052743912]}, "barkbands_flatness_db": {"min": 0.0561279766262, "max": 0.782044410706, "dvar2": 0.000845357542858, "median": 0.267994374037, "dmean2": 0.0276018138975, "dmean": 0.0177728012204, "var": 0.0234412755817, "dvar": 0.000371760019334, "mean": 0.321359455585}, "dynamic_complexity": 9.3116645813, "spectral_skewness": {"min": -0.0967871621251, "max": 12.1526670456, "dvar2": 0.877365767956, "median": 3.69414281845, "dmean2": 0.997432172298, "dmean": 0.594413816929, "var": 6.14145231247, "dvar": 0.328329622746, "mean": 4.53181219101}, "erbbands_flatness_db": {"min": 0.0266914330423, "max": 0.466371417046, "dvar2": 0.000537508167326, "median": 0.246270000935