{"lowlevel": {"spectral_complexity": {"min": 0, "max": 52, "dvar2": 17.1955509186, "median": 15, "dmean2": 3.83058381081, "dmean": 2.46236419678, "var": 79.1609954834, "dvar": 8.99955368042, "mean": 15.1849479675}, "silence_rate_20dB": {"min": 1, "max": 1, "dvar2": 0, "median": 1, "dmean2": 0, "dmean": 0, "var": 0, "dvar": 0, "mean": 1}, "average_loudness": 0.684442520142, "erbbands_spread": {"min": 0.971300184727, "max": 132.455093384, "dvar2": 121.318412781, "median": 33.4724273682, "dmean2": 10.5050439835, "dmean": 6.87175607681, "var": 512.654968262, "dvar": 56.1649398804, "mean": 38.2630958557}, "spectral_kurtosis": {"min": -1.26133036613, "max": 50.2883224487, "dvar2": 18.2663421631, "median": 3.35266566277, "dmean2": 3.06735920906, "dmean": 1.79392516613, "var": 14.8563203812, "dvar": 6.38414525986, "mean": 4.24851751328}, "barkbands_kurtosis": {"min": -1.85345458984, "max": 357.792694092, "dvar2": 58.288860321, "median": 1.59699010849, "dmean2": 4.26254081726, "dmean": 2.73191738129, "var": 297.870666504, "dvar": 24.7294864655, "mean": 5.96876525879}, "spectral_strongpeak": {"min": 0, "max": 12.2362947464, "dvar2": 2.37603783607, "median": 0.768139064312, "dmean2": 0.976121842861, "dmean": 0.58488881588, "var": 2.31948399544, "dvar": 0.920756399632, "mean": 1.31134414673}, "spectral_spread": {"min": 1363983.375, "max": 42976132, "dvar2": 750212874240, "median": 4028066.5, "dmean2": 548948.875, "dmean": 363544.75, "var": 17417976676400.0, "dvar": 376140496896, "mean": 4607222}, "spectral_rms": {"min": 3.12240207648e-12, "max": 0.0116053428501, "dvar2": 9.28266501887e-07, "median": 0.00447909720242, "dmean2": 0.000847568677273, "dmean": 0.000549583870452, "var": 3.78308845939e-06, "dvar": 3.82623397854e-07, "mean": 0.004338985309}, "erbbands": {"min": [1.6539891983e-23, 2.09979361783e-22, 2.20240473163e-21, 4.3561722126e-21, 1.26628935995e-20, 2.06110434999e-20, 5.89270026698e-20, 5.23309029066e-20, 7.93147881837e-20, 1.41319284011e-19, 2.29006270904e-19, 4.25014006578e-19, 6.38801601777e-19, 7.05055770313e-19, 7.99118717067e-19, 1.00261983021e-18, 1.29417090744e-18, 1.9072841051e-18, 2.75481749663e-18, 2.25915949985e-18, 4.06680039439e-18, 4.09813068727e-18, 4.97771691394e-18, 5.26776531419e-18, 5.44021468753e-18, 7.285873837e-18, 9.27689839859e-18, 9.65765294327e-18, 1.11696232977e-17, 1.02417665328e-17, 1.20830300445e-17, 1.10668634774e-17, 9.56740174818e-18, 7.30678992597e-18, 6.20179615519e-18, 4.1270141799e-18, 2.32411509822e-18, 9.75352648499e-19, 2.46804121609e-19, 2.70926676056e-20], "max": [0.851228177547, 6.41253423691, 35.8998680115, 77.1867141724, 140.023681641, 165.807647705, 522.679199219, 681.708740234, 1101.94763184, 1396.1315918, 1194.22143555, 538.833374023, 782.245666504, 2001.78161621, 2531.51000977, 595.659179688, 1696.01794434, 4011.59790039, 1354.59350586, 1471.97583008, 635.411804199, 904.139953613, 382.742340088, 282.795196533, 418.628967285, 458.872955322, 148.078033447, 37.8856048584, 50.3341598511, 61.7978019714, 46.5352401733, 36.1495742798, 6.78538703918, 3.0190114975, 1.02553033829, 0.333058327436, 0.0465666130185, 0.00395922549069, 0.00012868718477, 0.000169059276232], "dvar2": [0.0104528805241, 0.66791087389, 10.5609903336, 50.6735458374, 102.343521118, 169.12171936, 766.674682617, 2127.74609375, 6313.19873047, 10642.2246094, 580.089904785, 1134.19006348, 3041.74169922, 15570.5068359, 22194.7050781, 1310.33679199, 7399.22021484, 27233.1289062, 3588.91210938, 5968.39990234, 2208.03100586, 3029.58618164, 522.566833496, 254.937911987, 286.25, 429.580047607, 55.1480522156, 11.6869468689, 10.2948074341, 5.1411075592, 4.79853057861, 5.40733623505, 0.330149054527, 0.0396208576858, 0.00217545661144, 8.90687806532e-05, 3.60242188435e-06, 6.72806024227e-08, 6.38569891409e-11, 1.78083436886e-10], "median": [0.0247806794941, 0.345166921616, 0.952462792397, 1.96914362907, 2.16953277588, 2.01032733917, 3.47589254379, 8.76461696625, 11.6053714752, 8.08857345581, 5.39302921295, 6.12849712372, 6.26296567917, 7.50451850891, 7.86667919159, 6.19418239594, 8.65069580078, 11.3570957184, 8.96090126038, 11.982252121, 11.4476995468, 8.85290908813, 5.33546638489, 4.50655031204, 4.04185295105, 4.21503210068, 2.21837997437, 1.60789322853, 1.89773607254, 1.67948174477, 1.47065353394, 0.898474037647, 0.398403465748, 0.13761267066, 0.0270311161876, 0.00488799717277, 0.00107218604535, 0.000123968784465, 1.63268050528e-05, 2.53378311754e-05], "dmean2": [0.0553406924009, 0.447089880705, 1.46516489983, 3.66527223587, 4.97659397125, 4.84234189987, 11.2645578384, 21.3249549866, 32.4595069885, 36.8266372681, 10.7103490829, 13.5245037079, 21.0824565887, 32.0388412476, 33.4286231995, 15.6893396378, 29.3580112457, 46.1735877991, 19.8734531403, 29.4092693329, 21.7961330414, 21.9759597778, 10.4926605225, 7.81543159485, 6.83317375183, 8.29199790955, 3.64244365692, 2.04746103287, 2.07267689705, 1.44368028641, 1.38398754597, 1.05447363853, 0.352338671684, 0.11810465157, 0.0257380269468, 0.00449688034132, 0.00104999588802, 0.000152621025336, 6.28162752037e-06, 1.01910263766e-05], "dmean": [0.0338950939476, 0.263445883989, 0.885247170925, 2.12816953659, 3.07257294655, 2.93948435783, 7.77280092239, 14.353966713, 20.6541881561, 22.9974098206, 6.96451759338, 8.93565368652, 13.6992492676, 19.5307025909, 20.5259418488, 9.94416427612, 18.9430198669, 28.312456131, 12.2550354004, 17.6467514038, 13.2147006989, 13.5344514847, 6.53162288666, 4.81417560577, 4.27751731873, 5.17886209488, 2.38615942001, 1.37416505814, 1.3929464817, 0.962403774261, 0.941300630569, 0.692345499992, 0.247022643685, 0.0817124992609, 0.018164023757, 0.00316016376019, 0.000742640695535, 0.000104670405563, 4.32104343417e-06, 6.51158916298e-06], "var": [0.00678180344403, 0.479271322489, 9.32504272461, 40.3932800293, 99.2968521118, 104.519424438, 1624.55200195, 4512.46289062, 7422.99072266, 15806.8212891, 2737.52026367, 1126.88537598, 3250.17895508, 12102.0400391, 14933.7822266, 1305.81262207, 9858.72949219, 20011.9667969, 3641.5246582, 4487.62451172, 2083.6027832, 3397.47900391, 639.608947754, 273.996795654, 332.864959717, 456.835266113, 79.8897171021, 13.7943305969, 12.0215549469, 6.79010009766, 6.72921609879, 3.47402453423, 0.479936778545, 0.0552419386804, 0.00274211307988, 0.000102515863546, 4.08071946367e-06, 6.81989433815e-08, 1.58516560989e-10, 4.10857792232e-10], "dvar": [0.00382681889459, 0.224159434438, 3.50820732117, 17.6604442596, 38.8558425903, 61.0287780762, 374.730651855, 1002.87634277, 2602.82421875, 4195.24169922, 293.414245605, 484.780334473, 1246.82385254, 5613.86230469, 7158.62548828, 546.216247559, 3046.96850586, 10243.9863281, 1441.37744141, 2173.05322266, 860.269836426, 1189.61328125, 208.520019531, 99.3466491699, 107.191131592, 176.947097778, 23.831943512, 5.2764840126, 4.82191181183, 2.55938529968, 2.26260995865, 2.26611852646, 0.164730757475, 0.0191057343036, 0.00105615204666, 4.19626376242e-05, 1.67373138993e-06, 3.16366026709e-08, 3.07328398841e-11, 7.12443160023e-11], "mean": [0.0554796531796, 0.572256743908, 2.17277050018, 4.04491281509, 5.61203718185, 5.06796884537, 18.2432518005, 33.8978462219, 39.8439979553, 46.7663993835, 15.8232164383, 17.0637264252, 27.3811702728, 34.6329154968, 34.3847122192, 18.9671478271, 38.0552635193, 50.8632926941, 23.9993591309, 31.1476230621, 26.53931427, 27.7778434753, 14.1246881485, 10.3543367386, 10.2223978043, 11.4734325409, 5.5208272934, 2.90656399727, 3.00305628777, 2.34006881714, 2.27267241478, 1.40140008926, 0.604459166527, 0.202759370208, 0.042612016201, 0.00770974671468, 0.00171061465517, 0.000212188359001, 1.81353152584e-05, 2.79098367173e-05]}, "zerocrossingrate": {"min": 0, "max": 0.5302734375, "dvar2": 0.000135716778459, "median": 0.05419921875, "dmean2": 0.00919564347714, "dmean": 0.0073700491339, "var": 0.00313670397736, "dvar": 9.334058268e-05, "mean": 0.0615991726518}, "spectral_contrast_coeffs": {"min": [-0.987102687359, -0.997503995895, -0.99753433466, -0.993000209332, -0.982458412647, -0.982919812202], "max": [-0.336683005095, -0.36362478137, -0.458368211985, -0.504133403301, -0.595147192478, -0.591686308384], "dvar2": [0.00413773115724, 0.0040181572549, 0.00246912869625, 0.00157041545026, 0.000750951643568, 0.000381109362934], "median": [-0.648770570755, -0.672514200211, -0.749267458916, -0.744757533073, -0.765548825264, -0.744836866856], "dmean2": [0.0747844576836, 0.075701482594, 0.0598949939013, 0.0484616607428, 0.0331489033997, 0.023387664929], "dmean": [0.0447738170624, 0.0470748506486, 0.0364944599569, 0.0294947233051, 0.0204686969519, 0.0143416123465], "var": [0.00757115986198, 0.0108327111229, 0.00573080591857, 0.0045377551578, 0.00249128695577, 0.00163215491921], "dvar": [0.00149023660924, 0.00157588894945, 0.000939972524066, 0.000611481140368, 0.00029961016844, 0.000156556372531], "mean": [-0.649687230587, -0.668712735176, -0.746143996716, -0.743965983391, -0.766673266888, -0.746118187904]}, "dissonance": {"min": 0.271850347519, "max": 0.499996542931, "dvar2": 0.000910509494133, "median": 0.46386089921, "dmean2": 0.0302234832197, "dmean": 0.0182336773723, "var": 0.00106830347795, "dvar": 0.000345043750713, "mean": 0.455150485039}, "spectral_energyband_high": {"min": 7.14228049777e-21, "max": 0.0073525654152, "dvar2": 1.36436369758e-07, "median": 0.000284185865894, "dmean2": 0.000213080231333, "dmean": 0.000150329229655, "var": 2.49965808052e-07, "dvar": 6.79854323948e-08, "mean": 0.000428748899139}, "gfcc": {"mean": [-46.6873168945, 104.783050537, -131.619247437, 44.9770736694, -63.2775115967, 17.4208679199, -40.3596687317, 2.28532457352, -12.4757833481, -2.85911417007, -5.591837883, -4.47847604752, -5.63363790512], "icov": [[0.000236841093283, -0.000695992959663, 0.000634263153188, -0.000695005292073, 0.000735514040571, -0.000418686395278, 0.00053236092208, -0.000217785200221, 0.000200551134185, -0.000273531797575, 0.00023242997122, -0.000243574671913, 0.000293319288176], [-0.000695992959663, 0.00394799001515, -0.00172697042581, 0.00225981674157, -0.00191167287994, 0.00157494051382, -0.00151479849592, 0.0016243015416, -0.00156286568381, 0.00216484069824, -0.0021331240423, 0.00288807880133, -0.00189063954167], [0.000634263153188, -0.00172697042581, 0.00288368551992, -0.00283162132837, 0.00181253009941, -0.00118387956172, 0.00078003417002, 0.00088720273925, -0.000875523255672, -3.31363953592e-05, 0.000762236944865, -0.0014002447715, 0.000853128265589], [-0.000695005292073, 0.00225981674157, -0.00283162132837, 0.00569375092164, -0.00272556999698, -0.000153504763148, 0.00181841303129, -0.00202070572414, 0.00121775979642, 0.00095853273524, -0.000298230472254, 0.00143386831041, -0.00065524695674], [0.000735514040571, -0.00191167287994, 0.00181253009941, -0.00272556999698, 0.00734756933525, -0.0016466237139, -0.00192519405391, 0.00117222522385, -0.0009145209915, -0.00199243449606, 0.000677371339407, -0.00014191873197, 0.000168844097061], [-0.000418686395278, 0.00157494051382, -0.00118387956172, -0.000153504763148, -0.0016466237139, 0.00613415474072, -0.00217751227319, -0.00101501808967, -0.000118515563372, 0.00037814368261, 0.00126882083714, -0.000707220111508, -0.000185396216693], [0.00053236092208, -0.00151479849592, 0.00078003417002, 0.00181841303129, -0.00192519405391, -0.00217751227319, 0.0137426704168, -0.00718933716416, 0.00436628377065, 0.000325173779856, -6.38834098936e-05, 0.00256460369565, 0.000247494055657], [-0.000217785200221, 0.0016243015416, 0.00088720273925, -0.00202070572414, 0.00117222522385, -0.00101501808967, -0.00718933716416, 0.015806529671, -0.00748864049092, -5.42118505109e-05, 0.000425667560194, -0.00052798318211, -0.000184257572982], [0.000200551134185, -0.00156286568381, -0.000875523255672, 0.00121775979642, -0.0009145209915, -0.000118515563372, 0.00436628377065, -0.00748864049092, 0.0162846110761, -0.00636935373768, -0.00131890131161, 0.000904595828615, 0.00114736310206], [-0.000273531797575, 0.00216484069824, -3.31363953592e-05, 0.00095853273524, -0.00199243449606, 0.00037814368261, 0.000325173779856, -5.42118505109e-05, -0.00636935373768, 0.0190980564803, -0.00692322058603, 0.0019440758042, 0.00126171193551], [0.00023242997122, -0.0021331240423, 0.000762236944865, -0.000298230472254, 0.000677371339407, 0.00126882083714, -6.38834098936e-05, 0.000425667560194, -0.00131890131161, -0.00692322058603, 0.017596444115, -0.00620267540216, 0.00026566433371], [-0.000243574671913, 0.00288807880133, -0.0014002447715, 0.00143386831041, -0.00014191873197, -0.000707220111508, 0.00256460369565, -0.00052798318211, 0.000904595828615, 0.0019440758042, -0.00620267540216, 0.0247683692724, -0.0116745429114], [0.000293319288176, -0.00189063954167, 0.000853128265589, -0.00065524695674, 0.000168844097061, -0.000185396216693, 0.000247494055657, -0.000184257572982, 0.00114736310206, 0.00126171193551, 0.00026566433371, -0.0116745429114, 0.01893135719]], "cov": [[25428.46875, 1856.79541016, -2904.08300781, 617.452392578, -1343.59912109, 85.4873504639, -746.291748047, 72.0292205811, -189.631988525, -60.5330085754, -16.3720397949, -131.644271851, -98.4553222656], [1856.79541016, 793.981018066, -209.056838989, -229.338851929, -53.2705879211, -175.49621582, -17.1033115387, -81.3780136108, 22.7965736389, -17.1685237885, 69.7857208252, -52.254535675, 16.7548294067], [-2904.08300781, -209.056838989, 1380.11584473, 448.335144043, 85.5109405518, 150.08895874, -53.8251152039, -41.4115219116, 32.3854446411, -44.4958839417, -48.8365974426, 53.6692276001, 13.2334251404], [617.452392578, -229.338851929, 448.335144043, 619.507385254, 4.79427719116, 194.491668701, -97.6318435669, 46.9035415649, -19.3205032349, -28.7309513092, -66.0700683594, 20.111032486, -11.2222948074], [-1343.59912109, -53.2705879211, 85.5109405518, 4.79427719116, 277.492370605, 45.2827033997, 89.4920272827, 17.6082553864, 25.6479301453, 23.3612728119, 0.577797412872, -11.8569488525, -1.65149021149], [85.4873504639, -175.49621582, 150.08895874, 194.491668701, 45.2827033997, 292.607299805, 29.0986995697, 62.4308891296, -7.31358194351, -11.2445926666, -51.1972427368, 9.95077133179, -8.14655208588], [-746.291748047, -17.1033115387, -53.8251152039, -97.6318435669, 89.4920272827, 29.0986995697, 163.754501343, 50.6144714355, -0.913329541683, 3.02026319504, -4.12929439545, -21.6701583862, -6.71162748337], [72.0292205811, -81.3780136108, -41.4115219116, 46.9035415649, 17.6082553864, 62.4308891296, 50.6144714355, 125.224494934, 39.3344688416, 19.7434673309, -7.51229000092, -6.12397146225, -12.1128883362], [-189.631988525, 22.7965736389, 32.3854446411, -19.3205032349, 25.6479301453, -7.31358194351, -0.913329541683, 39.3344688416, 110.362640381, 46.5113754272, 26.3447780609, -7.15477228165, -11.3893594742], [-60.5330085754, -17.1685237885, -44.4958839417, -28.7309513092, 23.3612728119, -11.2445926666, 3.02026319504, 19.7434673309, 46.5113754272, 87.2856750488, 35.9490242004, -4.72012662888, -11.9832077026], [-16.3720397949, 69.7857208252, -48.8365974426, -66.0700683594, 0.577797412872, -51.1972427368, -4.12929439545, -7.51229000092, 26.3447780609, 35.9490242004, 91.9757461548, 16.1420001984, 11.2825212479], [-131.644271851, -52.254535675, 53.6692276001, 20.111032486, -11.8569488525, 9.95077133179, -21.6701583862, -6.12397146225, -7.15477228165, -4.72012662888, 16.1420001984, 73.5664749146, 41.4139900208], [-98.4553222656, 16.7548294067, 13.2334251404, -11.2222948074, -1.65149021149, -8.14655208588, -6.71162748337, -12.1128883362, -11.3893594742, -11.9832077026, 11.2825212479, 41.4139900208, 81.8108139038]]}, "spectral_flux": {"min": 6.49726938917e-11, "max": 0.266012579203, "dvar2": 0.000975186063442, "median": 0.0585646778345, "dmean2": 0.0263912677765, "dmean": 0.0162329878658, "var": 0.00131117354613, "dvar": 0.000381101068342, "mean": 0.0615187957883}, "silence_rate_30dB": {"min": 0, "max": 1, "dvar2": 0.00209242547862, "median": 1, "dmean2": 0.0015710919397, "dmean": 0.000785443116911, "var": 0.000523276568856, "dvar": 0.000784788862802, "mean": 0.9994764328}, "spectral_energyband_middle_high": {"min": 1.14729244142e-21, "max": 0.117461532354, "dvar2": 4.72447536595e-05, "median": 0.00320283160545, "dmean2": 0.0029863640666, "dmean": 0.00187229225412, "var": 7.47203303035e-05, "dvar": 1.74042415892e-05, "mean": 0.00592378294095}, "barkbands_spread": {"min": 0.78438270092, "max": 116.896461487, "dvar2": 64.592414856, "median": 18.6230545044, "dmean2": 6.90379333496, "dmean": 4.46700906754, "var": 166.020095825, "dvar": 27.9209537506, "mean": 20.7109622955}, "spectral_centroid": {"min": 199.814910889, "max": 11696.7958984, "dvar2": 114351.40625, "median": 1230.99267578, "dmean2": 309.461517334, "dmean": 201.027786255, "var": 1506390.625, "dvar": 55823.3671875, "mean": 1391.96557617}, "pitch_salience": {"min": 0.0126732522622, "max": 0.998585402966, "dvar2": 0.00781772937626, "median": 0.514323115349, "dmean2": 0.0948609560728, "dmean": 0.0586724467576, "var": 0.0124378195032, "dvar": 0.00305862538517, "mean": 0.51259458065}, "erbbands_skewness": {"min": -9.10250377655, "max": 6.53270816803, "dvar2": 0.333136022091, "median": 0.251905858517, "dmean2": 0.56361413002, "dmean": 0.361455202103, "var": 1.07408988476, "dvar": 0.138243332505, "mean": 0.413260281086}, "erbbands_crest": {"min": 1.68954861164, "max": 34.0350532532, "dvar2": 16.2862472534, "median": 9.17754936218, "dmean2": 4.22468042374, "dmean": 2.64154887199, "var": 30.4334793091, "dvar": 6.55691480637, "mean": 10.5403156281}, "melbands": {"min": [8.00191228121e-26, 1.40611024811e-24, 1.20967934676e-24, 1.10755962625e-24, 1.48137014226e-24, 1.00522908266e-24, 1.26879737186e-24, 1.31244997612e-24, 2.06321521051e-24, 2.6192664993e-24, 3.43144356909e-24, 2.53339800369e-24, 2.46765946345e-24, 3.06434063874e-24, 2.42457030308e-24, 2.65141238398e-24, 3.42149839965e-24, 3.91288380182e-24, 3.61600980521e-24, 3.19701323793e-24, 3.51549985398e-24, 3.85730736776e-24, 3.80150019188e-24, 4.32609663815e-24, 2.85688994219e-24, 3.54825809193e-24, 3.87262941312e-24, 3.98524719595e-24, 4.38001764761e-24, 5.84924229016e-24, 4.99181832822e-24, 5.48012993387e-24, 5.27226666307e-24, 4.54724393217e-24, 6.63405121134e-24, 5.11678257308e-24, 5.97140252893e-24, 6.23165957447e-24, 5.21430984122e-24, 6.47781454805e-24], "max": [0.00742610218003, 0.0136967487633, 0.0125506268814, 0.00800775364041, 0.0142508000135, 0.0151830362156, 0.0179697237909, 0.0135555826128, 0.0078162625432, 0.00424214918166, 0.00389930745587, 0.00891381222755, 0.0128982122988, 0.00172001356259, 0.00286404485814, 0.00418305350468, 0.00837632454932, 0.00302506331354, 0.000961866113357, 0.00179835944436, 0.000861470587552, 0.0013012655545, 0.000604860659223, 0.000267812603852, 0.000270090124104, 0.000281769258436, 0.000178935952135, 0.000423092220444, 0.000158974726219, 3.43344036082e-05, 2.28563512792e-05, 2.75731617876e-05, 4.08676751249e-05, 3.54748772224e-05, 2.55065970123e-05, 1.96007276827e-05, 1.99079931917e-05, 6.59810393699e-06, 5.06692504132e-06, 2.26476686294e-06], "dvar2": [8.32284399621e-07, 1.77886442998e-06, 1.43477279835e-06, 6.15830629158e-07, 6.05072841608e-07, 1.06013180812e-06, 1.53011751536e-06, 8.93116407497e-07, 3.3166376312e-08, 6.01299063874e-08, 8.30979516309e-08, 2.80296603705e-07, 5.41094323125e-07, 1.15476419538e-08, 2.62060151357e-08, 4.29511217703e-08, 1.04898752795e-07, 1.65093076987e-08, 4.46469394788e-09, 7.70802000005e-09, 3.6345479959e-09, 5.29594545995e-09, 1.82006254512e-09, 3.29010041433e-10, 2.20678864071e-10, 2.21374418796e-10, 9.88757825615e-11, 2.64141736261e-10, 4.67897387502e-11, 8.15250124353e-12, 4.27947000753e-12, 4.34286721168e-12, 3.73558736028e-12, 1.64769109814e-12, 2.02092986443e-12, 1.63370868483e-12, 1.78835158487e-12, 2.71422776832e-13, 9.19496480367e-14, 2.37089468609e-14], "median": [0.000310501549393, 0.000608608475886, 0.000401249941206, 0.000141462369356, 0.000115713410196, 0.00019088332192, 0.00017022130487, 7.08367297193e-05, 3.65457526641e-05, 3.57203862222e-05, 2.84691195702e-05, 2.6343313948e-05, 2.54761653196e-05, 1.10237961053e-05, 1.54156969074e-05, 1.60086492542e-05, 1.77157926373e-05, 9.80186450761e-06, 1.2830398191e-05, 1.42699791468e-05, 1.07714495243e-05, 8.26143514132e-06, 5.36714924237e-06, 3.61809065907e-06, 3.1488609693e-06, 2.96213306683e-06, 2.57398346548e-06, 2.62775165538e-06, 1.42018689075e-06, 8.69513655744e-07, 8.87051328391e-07, 1.00177987861e-06, 1.019800834e-06, 8.18481169063e-07, 8.88991394277e-07, 5.83601718063e-07, 4.81338929603e-07, 2.96544271805e-07, 1.54231742044e-07, 9.05977657339e-08], "dmean2": [0.000506414973643, 0.000661073776428, 0.00064148043748, 0.000351425027475, 0.000338005746016, 0.000488740915898, 0.000515255087521, 0.000344359898008, 7.99193585408e-05, 9.11721508601e-05, 0.000109842068923, 0.000131321241497, 0.000149911327753, 4.20773139922e-05, 5.62435125175e-05, 7.35402936698e-05, 8.82798340172e-05, 3.59113691957e-05, 3.12264091917e-05, 3.54124858859e-05, 2.71480239462e-05, 2.66631759587e-05, 1.56667483679e-05, 8.65807578521e-06, 6.82505333316e-06, 6.27454301139e-06, 4.89672584081e-06, 6.12318535786e-06, 3.05192975247e-06, 1.58015006946e-06, 1.27265980154e-06, 1.2923281929e-06, 1.15004309009e-06, 8.36810954752e-07, 9.12159237032e-07, 7.45276622638e-07, 6.54346365536e-07, 3.07143949385e-07, 1.61372412322e-07, 9.05785810801e-08], "dmean": [0.000302632484818, 0.000399786542403, 0.000379985460313, 0.000214218947804, 0.000232226331718, 0.00032819196349, 0.000326588895405, 0.000215595428017, 5.24532588315e-05, 5.9330392105e-05, 7.10993554094e-05, 8.02655486041e-05, 9.13249896257e-05, 2.63238634943e-05, 3.61590100511e-05, 4.61781819467e-05, 5.39843567822e-05, 2.21650170715e-05, 1.87892128451e-05, 2.12824925256e-05, 1.64875582414e-05, 1.64797729667e-05, 9.67592404777e-06, 5.34146556674e-06, 4.17672026742e-06, 3.82858070225e-06, 3.03120191347e-06, 3.84638269679e-06, 1.96550081455e-06, 1.01378941508e-06, 8.44717988002e-07, 8.69233758749e-07, 7.40741540994e-07, 5.47722322608e-07, 6.10970062098e-07, 4.97626331253e-07, 4.2542421852e-07, 2.12452036408e-07, 1.06628974095e-07, 6.19733455665e-08], "var": [5.32663023023e-07, 1.6053473928e-06, 1.40883321365e-06, 4.23580758024e-07, 1.31303727358e-06, 2.21095456254e-06, 1.74548858922e-06, 1.44832870319e-06, 1.24288789038e-07, 5.34597006663e-08, 8.61342357439e-08, 2.16644792772e-07, 3.5650089103e-07, 1.09787174907e-08, 3.20051256608e-08, 5.13582847361e-08, 6.94603627949e-08, 1.61468207693e-08, 3.42922912289e-09, 5.8588094376e-09, 3.30183258512e-09, 5.67135716167e-09, 1.58823731944e-09, 3.1457603189e-10, 2.08090919496e-10, 2.2060114846e-10, 1.25171387144e-10, 2.75666600658e-10, 5.6749650118e-11, 8.35066911453e-12, 4.08269728788e-12, 4.53728374317e-12, 3.43986796512e-12, 1.82537101753e-12, 2.68034661306e-12, 1.61854102169e-12, 1.21774107725e-12, 3.65421207833e-13, 9.90810420363e-14, 2.85475039875e-14], "dvar": [2.91434076871e-07, 5.94103482854e-07, 5.08407197231e-07, 2.26949921966e-07, 2.96526025068e-07, 4.97140433708e-07, 6.20997582246e-07, 3.565961606e-07, 1.62004809567e-08, 2.47036204826e-08, 3.39729382404e-08, 1.02627197407e-07, 1.73618758481e-07, 4.64518423726e-09, 1.08417399503e-08, 1.74105796447e-08, 3.879962307e-08, 6.64822552565e-09, 1.59880020334e-09, 2.87220180972e-09, 1.41036360368e-09, 2.10570094694e-09, 6.8341426962e-10, 1.29398936011e-10, 8.55836720937e-11, 8.18636408662e-11, 3.83182062469e-11, 1.15206719165e-10, 1.97887487646e-11, 3.46269584187e-12, 1.89179141102e-12, 2.02579121013e-12, 1.58829633473e-12, 7.80957763735e-13, 9.38602385918e-13, 7.36429634721e-13, 7.60657704359e-13, 1.35076140811e-13, 4.13420620166e-14, 1.09689225069e-14], "mean": [0.000570538162719, 0.0010282995645, 0.000777434383053, 0.000371118570911, 0.000546512019355, 0.000768893922213, 0.000629271147773, 0.00044375564903, 0.000110967172077, 0.000109744796646, 0.000137682116474, 0.000138221759698, 0.000145151308971, 4.48968785349e-05, 6.94003829267e-05, 8.71333759278e-05, 9.37027871259e-05, 3.90768618672e-05, 3.29015492753e-05, 3.74159753846e-05, 3.02068219753e-05, 3.11823168886e-05, 1.81260638783e-05, 9.96194467007e-06, 7.92888749857e-06, 7.99789904704e-06, 6.6683719524e-06, 7.86250348028e-06, 4.0403492676e-06, 1.93349114852e-06, 1.59147748491e-06, 1.71475403477e-06, 1.55840928073e-06, 1.18538764582e-06, 1.39178189329e-06, 1.00626664334e-06, 8.02594172455e-07, 4.81481379211e-07, 2.39597909513e-07, 1.41194078651e-07]}, "spectral_entropy": {"min": 5.08878278732, "max": 9.82034683228, "dvar2": 0.0553982816637, "median": 7.42121887207, "dmean2": 0.218430802226, "dmean": 0.150601178408, "var": 0.270502597094, "dvar": 0.0278470292687, "mean": 7.37281560898}, "spectral_rolloff": {"min": 21.533203125, "max": 19810.546875, "dvar2": 895521.6875, "median": 1184.32617188, "dmean2": 575.204650879, "dmean": 343.470581055, "var": 4927071.5, "dvar": 422916.6875, "mean": 1544.20080566}, "barkbands": {"min": [1.29207798837e-25, 2.59206430732e-25, 1.5329634204e-24, 4.51680011351e-25, 7.79657896129e-24, 5.46238332452e-24, 6.759334156e-24, 4.07625531757e-24, 1.79149901368e-23, 1.55009937253e-23, 1.66660024428e-23, 1.43102823418e-23, 1.89734363678e-23, 3.33592616076e-23, 2.85567174373e-23, 4.93868799405e-23, 7.45281641353e-23, 8.86379511671e-23, 1.20245348342e-22, 1.6565789971e-22, 2.48123563341e-22, 3.11705828032e-22, 4.07934564861e-22, 4.83383064616e-22, 8.94074704651e-22, 1.28904122927e-21, 1.89636709009e-21], "max": [0.0019674252253, 0.0270012244582, 0.0387385673821, 0.0340549014509, 0.0299401152879, 0.088104493916, 0.0832905992866, 0.0651727765799, 0.0321417115629, 0.0569636411965, 0.0936764478683, 0.0130700273439, 0.0340170748532, 0.0720501840115, 0.0119981784374, 0.0185609031469, 0.0163231622428, 0.00640016328543, 0.00590663636103, 0.00731063168496, 0.00112497922964, 0.00182168872561, 0.00124035042245, 0.00098057766445, 0.000180469622137, 4.25648067903e-05, 5.90027582348e-07], "dvar2": [2.22938147942e-08, 1.14025742732e-05, 1.14144204417e-05, 9.55228188104e-06, 9.48574415816e-06, 2.81122393062e-05, 4.1881819925e-05, 2.75338038591e-06, 3.45442344951e-06, 9.93274534267e-06, 2.71190328931e-05, 8.14748432276e-07, 4.13723910242e-06, 9.6557150755e-06, 7.6946162153e-07, 1.06785319076e-06, 1.03210334146e-06, 1.43814830267e-07, 1.0535032402e-07, 1.28825931256e-07, 1.19554099953e-08, 7.83601805665e-09, 4.32723057386e-09, 4.5112868996e-09, 1.18383636227e-10, 1.64029141832e-12, 3.38986757128e-15], "median": [4.28745152021e-05, 0.00134249799885, 0.000589411298279, 0.00056122476235, 0.000602833926678, 0.000917771132663, 0.000717402319424, 0.000184047996299, 0.000243520305958, 0.000172039799509, 0.000149875704665, 0.000103548969491, 0.000150188541738, 0.000182291347301, 0.000171186955413, 0.00018383700808, 0.000160141120432, 7.77456443757e-05, 7.58299138397e-05, 8.71117663337e-05, 4.18173149228e-05, 5.46213341295e-05, 5.28834498255e-05, 3.2187661418e-05, 7.367139915e-06, 6.71990164847e-07, 9.13810893621e-09], "dmean2": [8.40826105559e-05, 0.00190244417172, 0.0015009297058, 0.0015250807628, 0.00144361483399, 0.00255756173283, 0.00265419366769, 0.000679338874761, 0.000678787648212, 0.000829957250971, 0.00106153928209, 0.000361162412446, 0.000719640986063, 0.000881817017216, 0.000430794752901, 0.000450734951301, 0.000442224409198, 0.000174910863279, 0.000153608460096, 0.00015715896734, 6.22658626526e-05, 5.63274552405e-05, 4.4002863433e-05, 3.42672028637e-05, 6.457856216e-06, 6.28368184152e-07, 3.47720217064e-08], "dmean": [5.67432507523e-05, 0.00112727831583, 0.00090659869602, 0.000895659031812, 0.000906236295123, 0.00171817408409, 0.00167555117514, 0.000436546542915, 0.000440556643298, 0.000529944954906, 0.000642068625893, 0.000228668635827, 0.000458233378595, 0.000540706852917, 0.000259760505287, 0.000274566060398, 0.000270082440693, 0.00010899217159, 9.38507146202e-05, 9.91664128378e-05, 4.05979953939e-05, 3.79592092941e-05, 3.00113788398e-05, 2.28915869229e-05, 4.50830566479e-06, 4.43318469934e-07, 2.08825099435e-08], "var": [3.31831699896e-08, 8.04248793429e-06, 9.62511694524e-06, 9.9625576695e-06, 7.56968620408e-06, 5.94372759224e-05, 4.86735298182e-05, 9.76549472398e-06, 3.09936149279e-06, 8.30190128909e-06, 1.81263476406e-05, 7.88809245478e-07, 4.78175343233e-06, 6.89922217134e-06, 5.81388633236e-07, 8.2167872506e-07, 1.03699289866e-06, 1.61291794143e-07, 1.17681032918e-07, 1.69047126519e-07, 1.48098431296e-08, 8.85347706259e-09, 6.60463728153e-09, 3.64884411574e-09, 1.7046408729e-10, 1.78023578951e-12, 1.65283529525e-15], "dvar": [1.18399112736e-08, 3.9192764234e-06, 3.82434654966e-06, 3.36160019287e-06, 3.61323168363e-06, 1.31912911456e-05, 1.65232540894e-05, 1.34257982154e-06, 1.42789986057e-06, 3.78440017812e-06, 8.68966799317e-06, 3.37868016231e-07, 1.66363611243e-06, 3.63408548765e-06, 2.79172525097e-07, 4.16717199414e-07, 3.94376968416e-07, 5.97502065602e-08, 3.99604083157e-08, 5.39529203536e-08, 5.20009191263e-09, 3.63518215529e-09, 2.10355710628e-09, 1.96374005945e-09, 5.82008087557e-11, 7.50746687039e-13, 1.34827454055e-15], "mean": [0.000110562716145, 0.00233048712835, 0.00201768008992, 0.00160439941101, 0.00164269341622, 0.00402254704386, 0.00323909707367, 0.000897569057997, 0.000795906234998, 0.000972985231783, 0.00100902013946, 0.000392743939301, 0.000829463999253, 0.000921532220673, 0.000440572504885, 0.000480889022583, 0.000517266860697, 0.000210887330468, 0.000202479190193, 0.000228404605878, 8.77281127032e-05, 8.30975623103e-05, 7.57944144425e-05, 4.91560276714e-05, 1.1099459698e-05, 1.06619404505e-06, 2.42306441578e-08]}, "melbands_flatness_db": {"min": 0.00350798806176, "max": 0.472395837307, "dvar2": 0.000953895272687, "median": 0.188828259706, "dmean2": 0.0316682048142, "dmean": 0.021321952343, "var": 0.00453877774999, "dvar": 0.000481971103, "mean": 0.198673784733}, "melbands_skewness": {"min": -1.73022627831, "max": 16.4976425171, "dvar2": 1.0510238409, "median": 2.06653738022, "dmean2": 0.930705010891, "dmean": 0.60593855381, "var": 4.35667657852, "dvar": 0.484771460295, "mean": 2.54137158394}, "barkbands_skewness": {"min": -4.64064407349, "max": 16.9670734406, "dvar2": 0.531921863556, "median": 1.2664244175, "dmean2": 0.714083492756, "dmean": 0.463656306267, "var": 2.52291274071, "dvar": 0.240324407816, "mean": 1.50818622112}, "silence_rate_60dB": {"min": 0, "max": 1, "dvar2": 0.0283246990293, "median": 0, "dmean2": 0.0272322595119, "dmean": 0.0136143472046, "var": 0.105025433004, "dvar": 0.0134285055101, "mean": 0.119240835309}, "spectral_energyband_low": {"min": 9.69414758119e-24, "max": 0.0604139119387, "dvar2": 3.31169212586e-05, "median": 0.00363719998859, "dmean2": 0.00334075954743, "dmean": 0.0019994280301, "var": 3.09252354782e-05, "dvar": 1.14524209494e-05, "mean": 0.00521818362176}, "spectral_energyband_middle_low": {"min": 1.540914949e-22, "max": 0.088926948607, "dvar2": 9.31350659812e-05, "median": 0.00874957535416, "dmean2": 0.00671115564182, "dmean": 0.00431558024138, "var": 0.000154628098244, "dvar": 3.79389857699e-05, "mean": 0.0125309387222}, "melbands_kurtosis": {"min": -1.8541353941, "max": 303.704345703, "dvar2": 288.577972412, "median": 6.30389499664, "dmean2": 9.52929210663, "dmean": 6.23585557938, "var": 725.867492676, "dvar": 133.095352173, "mean": 15.7516803741}, "spectral_decrease": {"min": -3.29484208805e-08, "max": 5.92874466217e-20, "dvar2": 8.71596406416e-18, "median": -5.05600006306e-09, "dmean2": 2.25866125803e-09, "dmean": 1.43541889486e-09, "var": 1.83010203282e-17, "dvar": 3.42715548198e-18, "mean": -5.72954395039e-09}, "erbbands_kurtosis": {"min": -1.76139640808, "max": 118.37436676, "dvar2": 15.7367172241, "median": -0.117827296257, "dmean2": 1.87909162045, "dmean": 1.19826281071, "var": 21.4245586395, "dvar": 7.17504358292, "mean": 1.1414334774}, "melbands_crest": {"min": 1.60364699364, "max": 39.7959480286, "dvar2": 17.5480899811, "median": 13.2293491364, "dmean2": 4.49059009552, "dmean": 2.78540349007, "var": 32.180721283, "dvar": 6.96738767624, "mean": 14.0388660431}, "melbands_spread": {"min": 1.06614303589, "max": 193.420379639, "dvar2": 120.113525391, "median": 19.8576202393, "dmean2": 9.04343318939, "dmean": 5.80984306335, "var": 414.515655518, "dvar": 55.3558654785, "mean": 24.2457332611}, "spectral_energy": {"min": 9.99312939837e-21, "max": 0.138051077724, "dvar2": 0.000137150520459, "median": 0.0205638706684, "dmean2": 0.00893056113273, "dmean": 0.00567910308018, "var": 0.000296869693557, "dvar": 5.41567933396e-05, "mean": 0.0231750812382}, "mfcc": {"mean": [-667.089904785, 115.75579071, -1.6391261816, 22.9022808075, 5.3309006691, 8.80103206635, -7.4314198494, 3.66292881966, -5.18856668472, 4.58875417709, -4.64769744873, 2.2912466526, 1.98416864872], "icov": [[0.000139026582474, -0.000133258872665, 0.000138405695907, -0.000234040999203, 0.000222097150981, -0.000286624563159, 0.000315414945362, -0.000262302026385, 0.000137301511131, -0.00024868408218, 0.000314010219881, -0.000215555963223, -4.21041513619e-05], [-0.000133258872665, 0.00119461189024, 2.45743672167e-06, 0.000267507100943, -3.89039669244e-05, 0.000522070273291, -8.73155222507e-05, 0.000723013887182, 0.00036584114423, 7.37015070627e-05, -0.000461026123958, 0.000539357133675, -7.31025720597e-05], [0.000138405695907, 2.45743672167e-06, 0.0017706801882, -0.00121923431288, -0.000368130742572, -0.00125230418053, 0.00144776806701, -0.00121394358575, 0.000556042185053, 0.000248779717367, 0.000173617227119, 8.68634524522e-05, 0.000263354013441], [-0.000234040999203, 0.000267507100943, -0.00121923431288, 0.00573477800936, -0.00330094946548, 0.00173323031049, -0.0015267864801, 0.00129802548327, -0.000462608935777, 0.000989364576526, 0.00050765380729, -0.000546341238078, 0.000617185258307], [0.000222097150981, -3.89039669244e-05, -0.000368130742572, -0.00330094946548, 0.0100638093427, -0.00605565635487, 0.00229250336997, -0.0011083065765, -0.000123294346849, -0.00186339125503, 0.000733661814593, -0.00144553324208, -0.001018827199], [-0.000286624563159, 0.000522070273291, -0.00125230418053, 0.00173323031049, -0.00605565635487, 0.013317739591, -0.00503032933921, 0.000331649876898, -0.00151148857549, 0.00224447110668, -0.00230834679678, 0.00233401916921, 0.00130598142277], [0.000315414945362, -8.73155222507e-05, 0.00144776806701, -0.0015267864801, 0.00229250336997, -0.00503032933921, 0.0121411113068, -0.00470327073708, 0.000288740557153, -0.0027111582458, 0.000802876253147, -0.000186349701835, 0.000991761102341], [-0.000262302026385, 0.000723013887182, -0.00121394358575, 0.00129802548327, -0.0011083065765, 0.000331649876898, -0.00470327073708, 0.0143834939227, -0.00461575342342, -0.000653114635497, 0.00108702597208, 0.00178853143007, -0.00143997650594], [0.000137301511131, 0.00036584114423, 0.000556042185053, -0.000462608935777, -0.000123294346849, -0.00151148857549, 0.000288740557153, -0.00461575342342, 0.0133212860674, -0.00317811127752, -0.00159458105918, 0.000737307942472, -0.000870811287314], [-0.00024868408218, 7.37015070627e-05, 0.000248779717367, 0.000989364576526, -0.00186339125503, 0.00224447110668, -0.0027111582458, -0.000653114635497, -0.00317811127752, 0.0144759966061, -0.00326718227006, -0.00141739158425, -0.000669061788358], [0.000314010219881, -0.000461026123958, 0.000173617227119, 0.00050765380729, 0.000733661814593, -0.00230834679678, 0.000802876253147, 0.00108702597208, -0.00159458105918, -0.00326718227006, 0.0147185605019, -0.00667647086084, 0.00253330892883], [-0.000215555963223, 0.000539357133675, 8.68634524522e-05, -0.000546341238078, -0.00144553324208, 0.00233401916921, -0.000186349701835, 0.00178853143007, 0.000737307942472, -0.00141739158425, -0.00667647086084, 0.016768110916, -0.00679925549775], [-4.21041513619e-05, -7.31025720597e-05, 0.000263354013441, 0.000617185258307, -0.001018827199, 0.00130598142277, 0.000991761102341, -0.00143997650594, -0.000870811287314, -0.000669061788358, 0.00253330892883, -0.00679925549775, 0.0168638210744]], "cov": [[10393.3886719, 1165.93481445, -827.305725098, 47.0694465637, -254.085632324, -169.051544189, -168.075653076, -42.1886444092, -127.293258667, 99.9045791626, -139.667541504, 108.554611206, 108.363098145], [1165.93481445, 1134.71081543, -277.079040527, -108.513511658, -142.848205566, -129.806869507, -72.7427215576, -109.820220947, -89.0525665283, -8.63248920441, 4.067964077, 0.778976857662, 7.21329832077], [-827.305725098, -277.079040527, 1108.98168945, 299.473175049, 263.107910156, 182.268096924, -28.2644348145, 77.4778823853, 14.0922956467, -56.6447715759, -25.7895698547, -38.7455825806, -34.7541656494], [47.0694465637, -108.513511658, 299.473175049, 315.818389893, 149.488693237, 62.053401947, 3.83684873581, 16.5205802917, 8.278840065, -16.4964962006, -17.8874034882, 3.52532315254, -7.29574346542], [-254.085632324, -142.848205566, 263.107910156, 149.488693237, 239.18572998, 120.842971802, 14.5550584793, 41.5938415527, 32.4469528198, 6.55481243134, 2.93820166588, 4.81576538086, 0.390000283718], [-169.051544189, -129.806869507, 182.268096924, 62.053401947, 120.842971802, 171.978912354, 56.595790863, 49.0962486267, 36.6568183899, -1.45323204994, 6.46021318436, -22.025812149, -19.2718868256], [-168.075653076, -72.7427215576, -28.2644348145, 3.83684873581, 14.5550584793, 56.595790863, 137.39704895, 55.0442619324, 34.2724456787, 25.6526737213, 3.55888819695, -12.5424938202, -10.1218309402], [-42.1886444092, -109.820220947, 77.4778823853, 16.5205802917, 41.5938415527, 49.0962486267, 55.0442619324, 119.428787231, 51.5018997192, 18.9769248962, -7.64393615723, -15.2712945938, 1.67894375324], [-127.293258667, -89.0525665283, 14.0922956467, 8.278840065, 32.4469528198, 36.6568183899, 34.2724456787, 51.5018997192, 110.222198486, 32.9240531921, 16.5825138092, 0.580753982067, 5.01765298843], [99.9045791626, -8.63248920441, -56.6447715759, -16.4964962006, 6.55481243134, -1.45323204994, 25.6526737213, 18.9769248962, 32.9240531921, 96.4049453735, 29.0442008972, 23.9374923706, 13.1338071823], [-139.667541504, 4.067964077, -25.7895698547, -17.8874034882, 2.93820166588, 6.46021318436, 3.55888819695, -7.64393615723, 16.5825138092, 29.0442008972, 99.2013168335, 40.2190322876, 2.86369657516], [108.554611206, 0.778976857662, -38.7455825806, 3.52532315254, 4.81576538086, -22.025812149, -12.5424938202, -15.2712945938, 0.580753982067, 23.9374923706, 40.2190322876, 99.3849868774, 37.1893310547], [108.363098145, 7.21329832077, -34.7541656494, -7.29574346542, 0.390000283718, -19.2718868256, -10.1218309402, 1.67894375324, 5.01765298843, 13.1338071823, 2.86369657516, 37.1893310547, 78.008972168]]}, "spectral_contrast_valleys": {"min": [-28.3284339905, -28.0684566498, -27.8194217682, -27.8626499176, -27.4978675842, -27.3994541168], "max": [-5.7926030159, -5.02864980698, -5.35917568207, -5.82413005829, -5.82469987869, -8.70722198486], "dvar2": [0.250378400087, 0.242917045951, 0.215246289968, 0.163422748446, 0.142754405737, 0.152181193233], "median": [-7.44207859039, -6.98119258881, -7.60819768906, -7.84986066818, -7.82852983475, -10.487537384], "dmean2": [0.593850553036, 0.569505035877, 0.485370129347, 0.41184976697, 0.325973004103, 0.329918771982], "dmean": [0.358787715435, 0.345007538795, 0.300031632185, 0.259992361069, 0.219922080636, 0.242948651314], "var": [5.8566403389, 6.26045322418, 5.85331773758, 5.66459369659, 5.72385883331, 4.39273691177], "dvar": [0.113008119166, 0.114449083805, 0.105348318815, 0.0864657610655, 0.0841912254691, 0.0953134223819], "mean": [-7.9222035408, -7.44725990295, -8.03807544708, -8.34135913849, -8.25136756897, -10.9215650558]}, "barkbands_flatness_db": {"min": 0.0449887663126, "max": 0.420232355595, "dvar2": 0.000701152719557, "median": 0.139813065529, "dmean2": 0.0277060195804, "dmean": 0.0184068158269, "var": 0.00270231277682, "dvar": 0.000336599419825, "mean": 0.149954810739}, "dynamic_complexity": 4.17246961594, "spectral_skewness": {"min": -0.102504551411, "max": 5.29119873047, "dvar2": 0.147539421916, "median": 1.39085698128, "dmean2": 0.350855320692, "dmean": 0.214656591415, "var": 0.274765849113, "dvar": 0.0558215416968, "mean": 1.45709466934}, "erbbands_flatness_db": {"min": 0.0214316137135, "max": 0.441659599543, "dvar2": 0.000491014914587, "med