{"lowlevel": {"spectral_complexity": {"min": 0, "max": 57, "dvar2": 102.557250977, "median": 13, "dmean2": 10.0939617157, "dmean": 6.82640886307, "var": 114.942993164, "dvar": 49.5805511475, "mean": 15.5809707642}, "silence_rate_20dB": {"min": 0, "max": 1, "dvar2": 0.146855711937, "median": 1, "dmean2": 0.163374722004, "dmean": 0.0816815942526, "var": 0.220312491059, "dvar": 0.0750055238605, "mean": 0.672379732132}, "average_loudness": 0.95705384016, "erbbands_spread": {"min": 3.79065608978, "max": 206.69770813, "dvar2": 867.444641113, "median": 63.815990448, "dmean2": 32.1493797302, "dmean": 20.3068847656, "var": 955.949279785, "dvar": 378.34942627, "mean": 66.5713043213}, "spectral_kurtosis": {"min": -1.24496626854, "max": 33.2209854126, "dvar2": 11.8060560226, "median": 4.49098587036, "dmean2": 2.83215212822, "dmean": 1.81605279446, "var": 19.0256690979, "dvar": 5.03349542618, "mean": 5.83667850494}, "barkbands_kurtosis": {"min": -1.97487950325, "max": 991.481628418, "dvar2": 12416.1308594, "median": 29.1683540344, "dmean2": 68.9072799683, "dmean": 42.640209198, "var": 7093.86669922, "dvar": 4737.64453125, "mean": 61.795337677}, "spectral_strongpeak": {"min": 0, "max": 400.650817871, "dvar2": 964.331665039, "median": 0.239230409265, "dmean2": 10.1595554352, "dmean": 5.58702802658, "var": 427.698638916, "dvar": 370.424041748, "mean": 5.4435749054}, "spectral_spread": {"min": 2598258.75, "max": 41997928, "dvar2": 1094719504380.0, "median": 5630318, "dmean2": 990008.25, "dmean": 620959.4375, "var": 2638818836480.0, "dvar": 446944903168, "mean": 5579525}, "spectral_rms": {"min": 3.14302295128e-12, "max": 0.0486158393323, "dvar2": 3.28402820742e-05, "median": 0.0107527887449, "dmean2": 0.00479775853455, "dmean": 0.00352236605249, "var": 0.000103889607999, "dvar": 1.76478988578e-05, "mean": 0.0142431370914}, "erbbands": {"min": [2.7766916841e-22, 1.93088835012e-21, 1.13381339601e-21, 3.44319422971e-21, 2.20149418672e-20, 3.05575737108e-20, 4.47712799014e-20, 1.12373171224e-19, 2.24907849463e-19, 1.84005086492e-19, 1.50246798793e-19, 2.64577803129e-19, 8.80068059378e-19, 1.48710168633e-18, 1.25448629717e-18, 2.13056124554e-18, 2.50163839744e-18, 3.27282033009e-18, 3.18360931461e-18, 4.2092611618e-18, 5.77523731127e-18, 5.48490766962e-18, 5.35657721502e-18, 6.26368953094e-18, 9.65970765991e-18, 1.13937056985e-17, 1.10807741738e-17, 1.14262072791e-17, 1.23300063231e-17, 1.15997067582e-17, 1.04407977687e-17, 1.25410523574e-17, 1.37019656055e-17, 1.05415351325e-17, 7.54608831409e-18, 4.56783651272e-18, 2.32992025176e-18, 1.04392126839e-18, 2.88617196844e-19, 3.06255382303e-20], "max": [77.5911178589, 113.094184875, 264.630401611, 324.354980469, 124.681152344, 193.084274292, 180.476547241, 208.902603149, 685.310546875, 143.117141724, 316.542114258, 148.599456787, 112.956466675, 209.088104248, 130.894515991, 83.2555160522, 136.097579956, 97.4683456421, 77.3340911865, 156.919403076, 140.866455078, 216.700057983, 132.259155273, 241.072998047, 374.423919678, 871.235168457, 545.588989258, 208.500595093, 214.755386353, 217.59765625, 273.163696289, 57.2781829834, 7.50593233109, 3.34091711044, 2.07834649086, 1.23409032822, 6.60301113129, 7.15410661697, 2.42137360573, 0.110699161887], "dvar2": [202.382797241, 244.982315063, 922.948425293, 927.42791748, 254.343505859, 411.691314697, 377.080078125, 250.261474609, 581.472717285, 233.930053711, 244.183395386, 173.051513672, 164.14213562, 174.810760498, 182.013122559, 139.94190979, 145.688201904, 103.948806763, 90.8123321533, 135.284103394, 123.390762329, 138.420425415, 351.312957764, 1085.7623291, 360.356048584, 14390.8378906, 5356.53173828, 1103.39208984, 1088.98071289, 1630.57312012, 2188.83447266, 50.0470733643, 0.769445180893, 0.226183027029, 0.0864713042974, 0.028427908197, 0.266357392073, 0.416939914227, 0.0257962737232, 6.7355518695e-05], "median": [2.40230369568, 4.20851612091, 3.33078241348, 3.90004277229, 5.52609539032, 7.16143131256, 5.9980764389, 4.9693903923, 3.53531980515, 3.92398333549, 3.6067814827, 2.82560396194, 2.96749830246, 3.25748920441, 3.0891494751, 2.9426074028, 2.93237018585, 2.39070701599, 2.13636541367, 1.76655960083, 1.79681885242, 2.3314447403, 3.82214784622, 5.47475481033, 5.52475643158, 17.7629966736, 13.677696228, 4.89650249481, 5.00006389618, 8.87387275696, 10.6126785278, 0.963987469673, 0.1627343297, 0.055361289531, 0.0292442776263, 0.030569024384, 0.0978664159775, 0.112953066826, 0.0302654784173, 0.00648116739467], "dmean2": [8.16760158539, 9.54992198944, 14.5581550598, 15.5805139542, 11.8415794373, 15.4342803955, 14.530371666, 11.4241762161, 11.6747026443, 11.1887187958, 11.1204843521, 9.25786781311, 8.95818901062, 9.08733081818, 8.99461555481, 8.44991207123, 8.4202041626, 7.11191082001, 6.55265235901, 6.89047384262, 6.75750398636, 7.89100313187, 13.9304437637, 21.4388561249, 13.2828836441, 63.1497573853, 48.7947235107, 24.9241027832, 27.2874126434, 34.6920509338, 31.172290802, 4.19568061829, 0.572824597359, 0.275971382856, 0.170001640916, 0.106149196625, 0.297980457544, 0.380016356707, 0.0893970802426, 0.00581367919222], "dmean": [5.05313014984, 6.03827571869, 8.71820449829, 9.39845085144, 7.34488153458, 9.47975921631, 8.86732196808, 7.04493045807, 6.99271631241, 6.7803235054, 6.92650365829, 5.70098018646, 5.51291418076, 5.62098836899, 5.58332395554, 5.18666696548, 5.16856527328, 4.41959285736, 4.05327701569, 4.26337623596, 4.34904813766, 4.92827892303, 9.09258747101, 14.1154937744, 8.52759838104, 38.9010772705, 32.0581703186, 16.9412899017, 17.7250766754, 21.792547226, 19.7132949829, 2.75519251823, 0.370536595583, 0.168978840113, 0.103830873966, 0.0668456628919, 0.203085482121, 0.251073718071, 0.0605131424963, 0.00398270925507], "var": [135.191558838, 131.29649353, 415.167358398, 433.412872314, 126.573730469, 231.0909729, 211.062927246, 124.004074097, 179.546127319, 106.416885376, 116.689376831, 79.9558486938, 77.6509475708, 85.0023956299, 88.2785491943, 67.9908294678, 80.139831543, 60.1776313782, 48.0916366577, 75.1018447876, 78.2656478882, 84.035987854, 215.297439575, 577.147277832, 201.230651855, 5528.18896484, 4443.20166016, 1756.76123047, 919.158935547, 1007.66369629, 1230.93127441, 48.3417015076, 0.655155777931, 0.101270012558, 0.0376373827457, 0.0167129877955, 0.282736092806, 0.310416519642, 0.0213644988835, 5.67601600778e-05], "dvar": [78.3323364258, 93.6008300781, 360.959472656, 372.019500732, 99.8391647339, 155.669082642, 147.316055298, 98.6191329956, 215.164794922, 92.6740951538, 98.4189376831, 68.5472259521, 65.2065353394, 69.3039550781, 72.9044876099, 55.8866043091, 59.0500984192, 44.7383117676, 37.2749671936, 57.1501426697, 56.8635902405, 61.9243431091, 164.549575806, 485.292114258, 146.392150879, 5580.50488281, 2390.4230957, 608.160705566, 515.53338623, 728.520263672, 917.270446777, 22.355348587, 0.328937202692, 0.0887231230736, 0.0339241586626, 0.0113775264472, 0.127046465874, 0.190202444792, 0.0117029435933, 3.10033319693e-05], "mean": [7.84880638123, 8.59250450134, 9.73036766052, 10.5223407745, 9.3796339035, 12.5844669342, 11.2707090378, 8.82012081146, 7.43771886826, 7.6057100296, 7.58428239822, 6.22973871231, 6.26369190216, 6.58918619156, 6.54843378067, 6.02595043182, 6.36285591125, 5.29999256134, 4.82144880295, 4.8668255806, 4.82540416718, 5.50545740128, 10.2117776871, 15.6062631607, 11.4489898682, 44.1445274353, 48.8109741211, 27.9255771637, 22.3954257965, 26.0108985901, 25.4778003693, 4.4026632309, 0.530850410461, 0.180938795209, 0.106203898787, 0.0858318060637, 0.330828070641, 0.349895149469, 0.0935008004308, 0.00824140012264]}, "zerocrossingrate": {"min": 0, "max": 0.89453125, "dvar2": 0.00277073844336, "median": 0.10791015625, "dmean2": 0.0524012632668, "dmean": 0.0446349419653, "var": 0.0258214846253, "dvar": 0.00227563153021, "mean": 0.170481100678}, "spectral_contrast_coeffs": {"min": [-0.977674782276, -0.995053529739, -0.997968196869, -0.99094837904, -0.988694667816, -0.962240278721], "max": [-0.39603048563, -0.552403569221, -0.642220675945, -0.676623463631, -0.601546764374, -0.396639108658], "dvar2": [0.00544353574514, 0.00393869169056, 0.0023531736806, 0.00231884489767, 0.00291383801959, 0.00693807285279], "median": [-0.759817004204, -0.830748796463, -0.875438332558, -0.880837082863, -0.801394462585, -0.674145996571], "dmean2": [0.0927227288485, 0.0792465284467, 0.0605027936399, 0.0622882954776, 0.0664787068963, 0.102470844984], "dmean": [0.0578076578677, 0.0483667589724, 0.0364070162177, 0.0380533523858, 0.0442491918802, 0.0709480568767], "var": [0.00728716142476, 0.00416423380375, 0.0024869882036, 0.00309355743229, 0.00603730790317, 0.0116433640942], "dvar": [0.00224977475591, 0.00155250367243, 0.000906433153432, 0.000926366134081, 0.00141013041139, 0.00375326396897], "mean": [-0.751041352749, -0.824674546719, -0.872975051403, -0.883110165596, -0.798862040043, -0.677563786507]}, "dissonance": {"min": 0.192412406206, "max": 0.500000178814, "dvar2": 0.000626688823104, "median": 0.486161112785, "dmean2": 0.0220128037035, "dmean": 0.0134833231568, "var": 0.000476283748867, "dvar": 0.000252037774771, "mean": 0.479621589184}, "spectral_energyband_high": {"min": 7.14129337403e-21, "max": 0.0356254726648, "dvar2": 2.58412273979e-05, "median": 0.00163882481866, "dmean2": 0.00396177778021, "dmean": 0.00268506188877, "var": 2.35551324295e-05, "dvar": 1.22741957966e-05, "mean": 0.00406376412138}, "gfcc": {"mean": [7.57668590546, 57.8424911499, -49.713760376, 47.9680938721, -28.1185913086, -4.95838785172, 11.6140985489, -15.3578176498, 0.374845504761, -2.15659809113, -3.89826250076, 8.53350257874, -13.9289293289], "icov": [[0.000178831280209, -0.000486503995489, 0.000430856802268, -0.000604923872743, 0.000306218717014, 0.000119885931781, -0.000334591051796, -8.662626351e-05, 0.000590782496147, -0.000931311980821, 0.000866983726155, -0.000388918648241, 0.000109119129775], [-0.000486503995489, 0.00301445787773, -0.00159146520309, 0.00271886843257, -0.00111678580288, -0.000825370487291, 0.00180899398401, 0.00107137835585, -0.00261318683624, 0.00420699827373, -0.00337136746384, 0.00206072768196, -0.00142737547867], [0.000430856802268, -0.00159146520309, 0.00436444580555, -0.00350867025554, 0.000753138796426, 0.000305417692289, -0.000428722443758, -0.00089234119514, 0.00256488798186, -0.00313636730425, 0.00133790622931, -0.00138347188476, -0.00166127609555], [-0.000604923872743, 0.00271886843257, -0.00350867025554, 0.00692248577252, -0.000248517375439, -0.0010289902566, -0.00103613745887, -0.000279658706859, -0.0030273089651, 0.0038367700763, -0.00320488680154, 0.000303378124954, 0.00348781072535], [0.000306218717014, -0.00111678580288, 0.000753138796426, -0.000248517375439, 0.00678372057155, -0.00109326594975, -0.00223818211816, -0.00114043813664, -0.000363496801583, 0.00149080646224, -0.00077993562445, 0.00244135200046, -0.000389633903978], [0.000119885931781, -0.000825370487291, 0.000305417692289, -0.0010289902566, -0.00109326594975, 0.00911059696227, -0.00112934573554, -0.00335936620831, 0.00380121846683, -0.00620519416407, 0.00482792826369, -0.00194898352493, -0.00384813244455], [-0.000334591051796, 0.00180899398401, -0.000428722443758, -0.00103613745887, -0.00223818211816, -0.00112934573554, 0.0118756815791, 0.0034200870432, -0.00433579087257, 0.00234309979714, -0.00573574006557, -0.00106342486106, 0.00298352213576], [-8.662626351e-05, 0.00107137835585, -0.00089234119514, -0.000279658706859, -0.00114043813664, -0.00335936620831, 0.0034200870432, 0.0108522269875, -0.00203841808252, -0.00174290407449, -0.00297205755487, 0.00382680096664, -0.000156053007231], [0.000590782496147, -0.00261318683624, 0.00256488798186, -0.0030273089651, -0.000363496801583, 0.00380121846683, -0.00433579087257, -0.00203841808252, 0.0212931986898, -0.0105673205107, 0.00782069284469, -0.0112102609128, 0.00201586028561], [-0.000931311980821, 0.00420699827373, -0.00313636730425, 0.0038367700763, 0.00149080646224, -0.00620519416407, 0.00234309979714, -0.00174290407449, -0.0105673205107, 0.0298966988921, -0.00988356024027, 0.00340795447119, -0.00833606347442], [0.000866983726155, -0.00337136746384, 0.00133790622931, -0.00320488680154, -0.00077993562445, 0.00482792826369, -0.00573574006557, -0.00297205755487, 0.00782069284469, -0.00988356024027, 0.027754817158, -0.00572163192555, -0.00438188761473], [-0.000388918648241, 0.00206072768196, -0.00138347188476, 0.000303378124954, 0.00244135200046, -0.00194898352493, -0.00106342486106, 0.00382680096664, -0.0112102609128, 0.00340795447119, -0.00572163192555, 0.0311055723578, -0.0056403032504], [0.000109119129775, -0.00142737547867, -0.00166127609555, 0.00348781072535, -0.000389633903978, -0.00384813244455, 0.00298352213576, -0.000156053007231, 0.00201586028561, -0.00833606347442, -0.00438188761473, -0.0056403032504, 0.0254976674914]], "cov": [[13441.5585938, 491.144165039, -427.197601318, 776.01184082, -490.098175049, -65.0710754395, 293.053985596, -200.235580444, 94.3197021484, 67.1027374268, -223.979171753, 124.770095825, -213.249862671], [491.144165039, 1370.09753418, -52.6933708191, -657.122314453, 154.490036011, 110.131744385, -288.910125732, 13.5810985565, -92.151260376, -11.9754257202, 41.4909362793, -84.2883071899, 205.777603149], [-427.197601318, -52.6933708191, 497.168762207, 202.789199829, -22.6558971405, 90.5039749146, 2.92253232002, 85.3634567261, -8.07543182373, 66.2912521362, 38.0244407654, 21.325056076, 50.5880661011], [776.01184082, -657.122314453, 202.789199829, 712.44342041, -103.582794189, -79.3850708008, 246.512695312, -23.6508674622, 85.3770217896, -13.468744278, -12.7389612198, 69.8194046021, -164.800567627], [-490.098175049, 154.490036011, -22.6558971405, -103.582794189, 216.164245605, 32.1396484375, -12.1255683899, 23.8912410736, -15.2368030548, -15.8407421112, 20.3321266174, -29.9580535889, 26.0505409241], [-65.0710754395, 110.131744385, 90.5039749146, -79.3850708008, 32.1396484375, 255.054504395, -74.7219085693, 115.120170593, -28.6497688293, 88.7450637817, 10.0422639847, -6.03887462616, 103.300392151], [293.053985596, -288.910125732, 2.92253232002, 246.512695312, -12.1255683899, -74.7219085693, 222.707901001, -64.7797164917, 59.2473144531, -25.9295272827, 3.64095282555, 40.481262207, -92.4565582275], [-200.235580444, 13.5810985565, 85.3634567261, -23.6508674622, 23.8912410736, 115.120170593, -64.7797164917, 172.589035034, -13.1238193512, 60.7693710327, 18.0898990631, -15.127240181, 57.4572944641], [94.3197021484, -92.151260376, -8.07543182373, 85.3770217896, -15.2368030548, -28.6497688293, 59.2473144531, -13.1238193512, 91.0866012573, 12.2584676743, -6.76423168182, 34.6535949707, -26.027217865], [67.1027374268, -11.9754257202, 66.2912521362, -13.468744278, -15.8407421112, 88.7450637817, -25.9295272827, 60.7693710327, 12.2584676743, 96.3093566895, 19.2554512024, 11.0855932236, 58.0404090881], [-223.979171753, 41.4909362793, 38.0244407654, -12.7389612198, 20.3321266174, 10.0422639847, 3.64095282555, 18.0898990631, -6.76423168182, 19.2554512024, 60.3056869507, 4.68370389938, 27.2421226501], [124.770095825, -84.2883071899, 21.325056076, 69.8194046021, -29.9580535889, -6.03887462616, 40.481262207, -15.127240181, 34.6535949707, 11.0855932236, 4.68370389938, 55.9066085815, -5.55569648743], [-213.249862671, 205.777603149, 50.5880661011, -164.800567627, 26.0505409241, 103.300392151, -92.4565582275, 57.4572944641, -26.027217865, 58.0404090881, 27.2421226501, -5.55569648743, 129.13470459]]}, "spectral_flux": {"min": 6.46331529963e-11, "max": 0.996290206909, "dvar2": 0.0361156724393, "median": 0.158166915178, "dmean2": 0.149255901575, "dmean": 0.0937704592943, "var": 0.0277612674981, "dvar": 0.0141037646681, "mean": 0.212028041482}, "silence_rate_30dB": {"min": 0, "max": 1, "dvar2": 0.143575489521, "median": 0, "dmean2": 0.155474036932, "dmean": 0.0777315348387, "var": 0.249334454536, "dvar": 0.0716900601983, "mean": 0.474467486143}, "spectral_energyband_middle_high": {"min": 1.1731119472e-21, "max": 0.0200822241604, "dvar2": 4.15599743064e-06, "median": 0.000986493658274, "dmean2": 0.00166483270004, "dmean": 0.00108801771421, "var": 2.93416587738e-06, "dvar": 1.8881626147e-06, "mean": 0.00155144406017}, "barkbands_spread": {"min": 0.138643369079, "max": 141.504257202, "dvar2": 324.70223999, "median": 9.81318378448, "dmean2": 14.2677640915, "dmean": 9.44762420654, "var": 564.885009766, "dvar": 158.451538086, "mean": 19.5563430786}, "spectral_centroid": {"min": 119.341255188, "max": 11422.1240234, "dvar2": 604378.375, "median": 1789.49597168, "dmean2": 837.550842285, "dmean": 557.856323242, "var": 1600475.5, "dvar": 336649.6875, "mean": 1941.07873535}, "pitch_salience": {"min": 0.0256167687476, "max": 0.996092736721, "dvar2": 0.0199290923774, "median": 0.289724946022, "dmean2": 0.16564668715, "dmean": 0.106110364199, "var": 0.0333855450153, "dvar": 0.00883789267391, "mean": 0.32159113884}, "erbbands_skewness": {"min": -5.21847200394, "max": 6.01766490936, "dvar2": 0.929351806641, "median": -0.308588385582, "dmean2": 1.0528819561, "dmean": 0.717551767826, "var": 1.77939105034, "dvar": 0.471735686064, "mean": -0.463477492332}, "erbbands_crest": {"min": 1.80454838276, "max": 22.8207454681, "dvar2": 15.6183156967, "median": 7.25765657425, "dmean2": 4.5839600563, "dmean": 2.73911070824, "var": 10.9764986038, "dvar": 5.83546113968, "mean": 7.64665126801}, "melbands": {"min": [2.95520784617e-24, 1.63064353034e-24, 9.46260941133e-25, 2.00845130318e-24, 1.58064907605e-24, 2.84639552835e-24, 4.3275828521e-24, 1.98023414303e-24, 9.39076193224e-25, 1.84755503573e-24, 4.17474302386e-24, 5.78377314591e-24, 3.8558274647e-24, 4.37767473072e-24, 3.62750942505e-24, 4.06003357634e-24, 5.30005704947e-24, 4.69512340303e-24, 4.95222145508e-24, 5.27151606192e-24, 5.5114903103e-24, 4.97634718815e-24, 5.19728780061e-24, 5.06832955299e-24, 4.7132470879e-24, 5.23954826259e-24, 6.91357460677e-24, 7.38467050646e-24, 4.7823229042e-24, 7.5475134854e-24, 6.12655963607e-24, 5.85890978055e-24, 6.53484840263e-24, 6.18421116875e-24, 5.48090104541e-24, 5.81359879345e-24, 6.9236026066e-24, 9.26525495108e-24, 7.38934056302e-24, 9.00903135134e-24], "max": [0.524819731712, 0.111526533961, 0.0486758500338, 0.00966838654131, 0.0084921522066, 0.00562214897946, 0.00899072736502, 0.00165004469454, 0.00277836737223, 0.000828424992505, 0.000535061291885, 0.00083936995361, 0.000539934553672, 0.000365483138012, 0.000273550482234, 0.000181665614946, 0.000188270525541, 0.000116921270092, 0.000210140366107, 0.00021704986284, 0.000145173573401, 0.000246016832534, 0.000193008541828, 0.000164851691807, 0.000190080754692, 0.000311381940264, 0.000170953659108, 0.000859449501149, 0.000584420049563, 0.000169528924744, 0.000132331275381, 0.000141797965625, 0.00012996190344, 0.000149324478116, 0.000239628643612, 9.16033386602e-05, 1.78570608114e-05, 5.62353716305e-06, 3.1906561162e-06, 2.72552483693e-06], "dvar2": [0.0080572264269, 0.000196650711587, 2.23979695875e-05, 1.51133292547e-06, 5.48610330497e-07, 1.3284160616e-07, 1.12862878154e-07, 2.67710387192e-08, 1.62201949649e-08, 6.56458087889e-09, 4.02999100757e-09, 2.8851241396e-09, 2.3821167261e-09, 1.14717157995e-09, 1.09020370509e-09, 4.8976650513e-10, 3.70649816395e-10, 2.50461817952e-10, 3.11046133294e-10, 1.85000306741e-10, 1.76003045471e-10, 1.62563310036e-10, 1.10134464049e-10, 8.20581824712e-10, 9.50285961032e-10, 1.84992104968e-10, 1.54754861703e-10, 1.38401157201e-08, 5.34105337735e-09, 7.61067542321e-10, 3.88207105351e-10, 3.64129504327e-10, 6.81915968137e-10, 8.07566347127e-10, 1.71890357503e-09, 9.88062617835e-11, 6.07826289301e-12, 4.18544214044e-13, 2.07284493389e-13, 1.50070697514e-13], "median": [0.0205407850444, 0.00313289556652, 0.000747728976421, 0.000490355188958, 0.000239025350311, 0.000111304703751, 5.23303460795e-05, 4.31966327596e-05, 2.76345544989e-05, 1.70085677382e-05, 1.44582681969e-05, 1.30554617499e-05, 1.02007961686e-05, 7.98648579803e-06, 7.0385312938e-06, 5.83533255849e-06, 4.21264849138e-06, 3.49804781763e-06, 2.69122256213e-06, 2.02580804398e-06, 2.06138997783e-06, 2.33680657402e-06, 2.25349754146e-06, 4.33781588072e-06, 4.23559413321e-06, 3.75058561985e-06, 2.89803710984e-06, 1.42738672366e-05, 1.17958388728e-05, 2.78406059806e-06, 2.46053559749e-06, 2.48473065767e-06, 2.88776618618e-06, 6.84199130774e-06, 8.04581122793e-06, 7.97746452008e-07, 2.33413430806e-07, 7.34442835437e-08, 4.94798229056e-08, 3.43433192995e-08], "dmean2": [0.0524055361748, 0.00813302583992, 0.0025481923949, 0.000953767681494, 0.000548848998733, 0.000260661356151, 0.000172642161488, 0.000121424069221, 8.80489096744e-05, 5.6824854255e-05, 4.43427234131e-05, 3.68977380276e-05, 3.11261574097e-05, 2.37726962951e-05, 2.21582940867e-05, 1.65712735907e-05, 1.3203412891e-05, 1.0794678019e-05, 1.04809514596e-05, 8.1984226199e-06, 8.0074842117e-06, 8.61147327669e-06, 7.50070603317e-06, 1.89336496987e-05, 1.91321378225e-05, 8.83902066562e-06, 8.6811314759e-06, 6.00003731961e-05, 4.43040662503e-05, 1.86586657946e-05, 1.4226764506e-05, 1.39219555422e-05, 2.06803379115e-05, 2.33801420109e-05, 2.50456851063e-05, 5.36026618647e-06, 1.4388940599e-06, 3.97679770003e-07, 2.73477127166e-07, 2.22645141434e-07], "dmean": [0.0335111729801, 0.00502646900713, 0.0015560882166, 0.000598532846197, 0.000337718811352, 0.000160665556905, 0.000103287748061, 7.39919487387e-05, 5.48693096789e-05, 3.49116817233e-05, 2.72292163572e-05, 2.27367563639e-05, 1.92637526197e-05, 1.47938972077e-05, 1.34076954055e-05, 1.02192389022e-05, 8.1992293417e-06, 6.65753441353e-06, 6.37874472886e-06, 5.19630521012e-06, 5.0825924518e-06, 5.31371279067e-06, 4.64417007606e-06, 1.24868083731e-05, 1.23111840367e-05, 5.59076897844e-06, 5.425492418e-06, 3.65361993317e-05, 2.79234718619e-05, 1.27223593154e-05, 9.38229641179e-06, 9.09024220164e-06, 1.26039976749e-05, 1.45982166941e-05, 1.57291269716e-05, 3.57061458089e-06, 8.99556425793e-07, 2.48288699822e-07, 1.67917320937e-07, 1.35647567845e-07], "var": [0.00732326181605, 9.64259452303e-05, 1.08500516944e-05, 8.88684098754e-07, 3.34230520593e-07, 6.42411848162e-08, 3.6120258784e-08, 1.27444446107e-08, 7.50961337559e-09, 2.98906499552e-09, 1.89004811801e-09, 1.37655908894e-09, 1.08538145138e-09, 5.96656113405e-10, 5.00567476358e-10, 2.90971052808e-10, 2.09971512399e-10, 1.24826801673e-10, 1.51979290264e-10, 1.1613381784e-10, 1.05155856245e-10, 9.90829918113e-11, 5.84187004327e-11, 4.77650363706e-10, 4.37510222495e-10, 8.63073432167e-11, 8.50985809597e-11, 5.08169240021e-09, 2.84995427258e-09, 1.14989373579e-09, 4.67672900406e-10, 2.99878427645e-10, 3.44336226199e-10, 4.27724994312e-10, 8.01161470498e-10, 9.86633066913e-11, 4.6180481314e-12, 2.65872393546e-13, 1.01194836473e-13, 6.43333178613e-14], "dvar": [0.003299765056, 7.73450956331e-05, 9.01486419025e-06, 6.03862872595e-07, 2.14812885702e-07, 5.22541050429e-08, 4.19404528884e-08, 1.06981605796e-08, 6.47967501877e-09, 2.5885162902e-09, 1.59641522224e-09, 1.13449882821e-09, 9.44993638896e-10, 4.69166372419e-10, 4.27168245221e-10, 2.05663083785e-10, 1.59344468176e-10, 1.01133976194e-10, 1.2411724426e-10, 8.32269947404e-11, 7.98499946719e-11, 7.3227972297e-11, 4.60808335934e-11, 3.82958414979e-10, 4.03541450256e-10, 7.36789032563e-11, 6.18049014744e-11, 5.31513677515e-09, 2.1526604943e-09, 4.03930083825e-10, 1.94805185871e-10, 1.68653147004e-10, 2.91956792076e-10, 3.4388930592e-10, 7.02224389748e-10, 4.53626892993e-11, 2.51685109386e-12, 1.70469893626e-13, 8.1665434777e-14, 5.88501822144e-14], "mean": [0.0619498454034, 0.00646205199882, 0.00181910616811, 0.000814696773887, 0.000442855613073, 0.00019918596081, 0.000109957887616, 8.40295033413e-05, 5.9209549363e-05, 3.79778066417e-05, 3.07324808091e-05, 2.64322843577e-05, 2.1961011953e-05, 1.7127402316e-05, 1.54614044732e-05, 1.25338365251e-05, 9.63181355473e-06, 7.76609158493e-06, 7.13448116585e-06, 5.89607816437e-06, 5.54274583919e-06, 5.78538538321e-06, 5.18107253811e-06, 1.35796744871e-05, 1.29399240905e-05, 7.13541248842e-06, 7.05145748725e-06, 3.96514878958e-05, 3.74564588128e-05, 2.09717054531e-05, 1.4145147361e-05, 1.1651951354e-05, 1.36313410621e-05, 1.64537304954e-05, 1.877464274e-05, 5.70180827708e-06, 1.26577481296e-06, 3.00870425463e-07, 1.84918192758e-07, 1.3540358168e-07]}, "spectral_entropy": {"min": 5.52707386017, "max": 9.83018779755, "dvar2": 0.137604296207, "median": 7.82713508606, "dmean2": 0.367386341095, "dmean": 0.240074321628, "var": 0.158515363932, "dvar": 0.060664050281, "mean": 7.73127317429}, "spectral_rolloff": {"min": 21.533203125, "max": 22050, "dvar2": 77438072, "median": 129.19921875, "dmean2": 4398.02783203, "dmean": 2354.47998047, "var": 88194480, "dvar": 34505072, "mean": 6182.28466797}, "barkbands": {"min": [1.8360737569e-24, 8.42223164496e-24, 6.46889509501e-25, 4.71768107783e-25, 1.08037530196e-23, 1.53657955879e-23, 1.9195895143e-23, 1.34933442992e-23, 1.1597246116e-23, 2.63036707386e-23, 2.72279096415e-23, 3.87613495321e-23, 5.32299862343e-23, 4.2370356619e-23, 7.471533874e-23, 9.11584248682e-23, 8.75271403493e-23, 1.0542804143e-22, 1.78082156045e-22, 2.35526350831e-22, 2.93634779121e-22, 3.59613136236e-22, 3.64117898037e-22, 7.35661892821e-22, 1.00406811764e-21, 1.36816228674e-21, 2.09274715882e-21], "max": [2.06770277023, 1.03442037106, 0.305251419544, 0.0578650534153, 0.0478462763131, 0.0195203050971, 0.0355922877789, 0.0100534334779, 0.0070629469119, 0.00493016466498, 0.00429932028055, 0.00279230182059, 0.0026482117828, 0.00205389177427, 0.00231650820933, 0.00293747894466, 0.0038362799678, 0.00246747792698, 0.00741990329698, 0.0223339330405, 0.00697580724955, 0.00703884288669, 0.00940264388919, 0.00115782092325, 0.000295190227916, 0.00455509917811, 0.00932782143354], "dvar2": [0.0466012023389, 0.0382501147687, 0.000982359633781, 4.96668653795e-05, 2.76376886177e-05, 3.90491095459e-06, 2.09357426684e-06, 5.12671590513e-07, 3.33395291818e-07, 1.62060800335e-07, 1.29930754156e-07, 8.25519563818e-08, 6.79172416085e-08, 4.18010408509e-08, 4.58510207579e-08, 3.44628432458e-08, 4.75547636825e-08, 1.97236587951e-07, 2.74038313819e-07, 8.36468007037e-06, 9.74970134848e-07, 1.00307079265e-06, 2.57886540567e-06, 2.28496741528e-08, 1.75225178811e-09, 1.72330885562e-07, 4.46762498996e-07], "median": [0.0391245186329, 0.0391917452216, 0.00224876147695, 0.00115406233817, 0.00216902210377, 0.000600182800554, 0.000223025825107, 0.000186251621926, 0.000117946117825, 0.000103313817817, 7.16137292329e-05, 6.90206579748e-05, 6.21956423856e-05, 4.32206979895e-05, 3.65978994523e-05, 2.91800861305e-05, 3.91061839764e-05, 8.38315463625e-05, 0.000116814073408, 0.000391717941966, 0.000137901835842, 0.000138137576869, 0.000417007890064, 1.53983710334e-05, 3.78088702746e-06, 6.71455200063e-05, 0.000210497091757], "dmean2": [0.123024493456, 0.113208279014, 0.0135949915275, 0.00423470325768, 0.00413412135094, 0.00146668218076, 0.000784719188232, 0.000529443379492, 0.000399651151383, 0.000284510228084, 0.000227936703595, 0.000204950978514, 0.000183660711627, 0.000138808973134, 0.000133618101245, 0.00011488632299, 0.000141095239087, 0.000314483535476, 0.000349410140188, 0.00151209963951, 0.000689816486556, 0.0007929361891, 0.00116823439021, 8.92165335244e-05, 2.41231973632e-05, 0.000212732353248, 0.000430256302934], "dmean": [0.0894889459014, 0.0707217901945, 0.00819151476026, 0.00253031146713, 0.00257946341299, 0.000897776626516, 0.00046978116734, 0.000330771377776, 0.00024819347891, 0.000175384484464, 0.000140428281156, 0.000126529455883, 0.000113609006803, 8.62423257786e-05, 8.12921280158e-05, 7.43761411286e-05, 8.69748328114e-05, 0.000210155078094, 0.000216454296606, 0.00092157808831, 0.000485362281324, 0.000507809221745, 0.000736068643164, 5.61384440516e-05, 1.470312327e-05, 0.000140885837027, 0.00029704143526], "var": [0.0659608021379, 0.0243967324495, 0.000479554379126, 1.89301899809e-05, 1.67411890288e-05, 1.91235244529e-06, 6.95571884535e-07, 2.68274902737e-07, 1.53927032898e-07, 7.89114835698e-08, 5.83935459986e-08, 4.17105745498e-08, 3.92240515623e-08, 2.25957581534e-08, 2.27493295313e-08, 2.31072387891e-08, 2.77364282653e-08, 1.25917125615e-07, 1.13313838312e-07, 3.15489046443e-06, 1.64916662015e-06, 7.44729106827e-07, 1.45733258705e-06, 1.89081852398e-08, 7.5367989627e-10, 1.10165821354e-07, 4.04159465006e-07], "dvar": [0.0235150214285, 0.0146133704111, 0.000396677001845, 1.87870773516e-05, 1.09049888124e-05, 1.54205326908e-06, 7.83783434599e-07, 2.10626410535e-07, 1.3190719983e-07, 6.41113970801e-08, 5.18485165912e-08, 3.33810596942e-08, 2.81920300438e-08, 1.7667820984e-08, 1.84266326642e-08, 1.61161608503e-08, 2.08793888845e-08, 9.41208284644e-08, 1.08661595277e-07, 3.21590619023e-06, 5.51696473394e-07, 4.66312400249e-07, 1.09586915187e-06, 9.59117851806e-09, 6.87212398098e-10, 7.38126502142e-08, 2.12402341049e-07], "mean": [0.176326408982, 0.108808599412, 0.00872132368386, 0.00273893470876, 0.00356347556226, 0.00110136100557, 0.000490258156788, 0.000377471034881, 0.000268103176495, 0.000206029086257, 0.000157074042363, 0.000146296646562, 0.000138256276841, 9.98274044832e-05, 9.24045234569e-05, 8.3106024249e-05, 9.55348368734e-05, 0.00023698581208, 0.000249461183557, 0.00103469879832, 0.000827256648336, 0.000622389721684, 0.000919392565265, 8.22714355309e-05, 1.47176606333e-05, 0.000199568006792, 0.000463208038127]}, "melbands_flatness_db": {"min": 5.39293012025e-07, "max": 0.740849256516, "dvar2": 0.00766079267487, "median": 0.329235464334, "dmean2": 0.100217521191, "dmean": 0.0651130452752, "var": 0.00968377105892, "dvar": 0.00314727355726, "mean": 0.331420779228}, "melbands_skewness": {"min": -2.82097601891, "max": 91.2910690308, "dvar2": 73.0332565308, "median": 8.28353500366, "dmean2": 6.46467065811, "dmean": 3.98849344254, "var": 49.9751472473, "dvar": 26.466999054, "mean": 9.86029815674}, "barkbands_skewness": {"min": -3.09712576866, "max": 23.151632309, "dvar2": 9.74496269226, "median": 5.06575202942, "dmean2": 3.02987241745, "dmean": 1.98405218124, "var": 13.4879789352, "dvar": 4.10073328018, "mean": 5.59643220901}, "silence_rate_60dB": {"min": 0, "max": 1, "dvar2": 0.0215524323285, "median": 0, "dmean2": 0.0177765227854, "dmean": 0.00888763461262, "var": 0.0311928670853, "dvar": 0.00880625564605, "mean": 0.0322330370545}, "spectral_energyband_low": {"min": 3.02831963264e-23, "max": 1.8661493063, "dvar2": 0.0864364057779, "median": 0.0852304175496, "dmean2": 0.178832799196, "dmean": 0.118462853134, "var": 0.104131653905, "dvar": 0.0378404930234, "mean": 0.246202632785}, "spectral_energyband_middle_low": {"min": 1.62625947531e-22, "max": 0.0865169242024, "dvar2": 0.000162875963724, "median": 0.00568062346429, "dmean2": 0.00985073205084, "dmean": 0.00615690695122, "var": 8.65425536176e-05, "dvar": 6.41532678856e-05, "mean": 0.00860729813576}, "melbands_kurtosis": {"min": -1.92564165592, "max": 11196.6816406, "dvar2": 510941.53125, "median": 89.0104751587, "dmean2": 294.307891846, "dmean": 170.609207153, "var": 141161.453125, "dvar": 173501.46875, "mean": 203.437988281}, "spectral_decrease": {"min": -6.39744428099e-07, "max": 3.18362225471e-08, "dvar2": 7.64481200918e-15, "median": -2.65801816113e-08, "dmean2": 5.417124882e-08, "dmean": 3.72849982e-08, "var": 1.06499705566e-14, "dvar": 3.50271988843e-15, "mean": -7.8885832977e-08}, "erbbands_kurtosis": {"min": -1.93156063557, "max": 50.5511436462, "dvar2": 33.7034454346, "median": -0.23306119442, "dmean2": 3.86110448837, "dmean": 2.3789358139, "var": 23.8474292755, "dvar": 14.0880374908, "mean": 1.49906229973}, "melbands_crest": {"min": 1.00043427944, "max": 39.6738739014, "dvar2": 47.0251312256, "median": 30.9679412842, "dmean2": 7.56175422668, "dmean": 4.71547698975, "var": 79.6990356445, "dvar": 20.3930702209, "mean": 28.3695850372}, "melbands_spread": {"min": 0.0286682713777, "max": 271.527954102, "dvar2": 566.62512207, "median": 4.9688539505, "dmean2": 12.1251373291, "dmean": 7.75745487213, "var": 646.576538086, "dvar": 249.962478638, "mean": 13.656463623}, "spectral_energy": {"min": 1.01255574601e-20, "max": 2.42258739471, "dvar2": 0.108188286424, "median": 0.118513032794, "dmean2": 0.206525489688, "dmean": 0.142649978399, "var": 0.152656361461, "dvar": 0.0497261509299, "mean": 0.314426213503}, "mfcc": {"mean": [-661.124938965, 109.204772949, 31.8100738525, 64.0960540771, -7.78925466537, 35.6943016052, 2.98727321625, 20.2001266479, -3.50580453873, 12.5895805359, 2.45874762535, 5.74021434784, 5.54734706879], "icov": [[0.00014555278176, -0.000127609673655, 1.77773817995e-05, -0.000151037223986, 0.000266450835625, -0.000128881336423, 7.81962371548e-05, 9.06581481104e-05, -0.000440694100689, -7.3269380664e-05, 0.000159180737683, -0.000238737571635, -2.21874652198e-05], [-0.000127609673655, 0.0014727486996, 6.17847472313e-05, 0.000786544638686, -0.000983112026006, -0.000115451723104, -0.000163168777362, 0.000490715843625, 0.00111751421355, 0.001155044185, -0.000761535135098, 0.00147896551061, -0.000932395574637], [1.77773817995e-05, 6.17847472313e-05, 0.00229735742323, -0.00110807886813, -0.000361990008969, -0.000226289426791, -0.000712339649908, 0.001232771785, -0.00118363578804, 0.000254940998275, -0.00041532467003, -0.00116176088341, 8.47189148772e-05], [-0.000151037223986, 0.000786544638686, -0.00110807886813, 0.00570929376408, -0.00023987860186, -0.000985826132819, 0.00112623604946, -0.00493647763506, 0.00512205949053, -0.0034799000714, -0.00148299208377, 0.000382014055504, 0.00179973070044], [0.000266450835625, -0.000983112026006, -0.000361990008969, -0.00023987860186, 0.00913819670677, 0.00110681913793, -0.00437256880105, 0.00109866901767, -0.00495272129774, 0.000293854041956, -0.00371089298278, 0.00285494048148, -1.28488300106e-05], [-0.000128881336423, -0.000115451723104, -0.000226289426791, -0.000985826132819, 0.00110681913793, 0.00846769101918, -0.000871607800946, -0.00261136819609, -0.000945728796069, -0.000487074343255, 0.000751644896809, -0.00159722263925, 0.00217458000407], [7.81962371548e-05, -0.000163168777362, -0.000712339649908, 0.00112623604946, -0.00437256880105, -0.000871607800946, 0.010751741007, -0.00121364870574, 0.000580617110245, -0.00170031760354, 0.00273459660821, -0.00364831089973, -0.000879075902048], [9.06581481104e-05, 0.000490715843625, 0.001232771785, -0.00493647763506, 0.00109866901767, -0.00261136819609, -0.00121364870574, 0.018815100193, -0.00272378139198, -0.00250466261059, -0.00108434155118, 0.00505035091192, -0.00674987165257], [-0.000440694100689, 0.00111751421355, -0.00118363578804, 0.00512205949053, -0.00495272129774, -0.000945728796069, 0.000580617110245, -0.00272378139198, 0.0200837533921, -0.00310907373205, -0.00336294597946, -0.00467574596405, 0.000291989068501], [-7.3269380664e-05, 0.001155044185, 0.000254940998275, -0.0034799000714, 0.000293854041956, -0.000487074343255, -0.00170031760354, -0.00250466261059, -0.00310907373205, 0.0302375722677, 0.00163516507018, -0.0139324339107, -0.00689894286916], [0.000159180737683, -0.000761535135098, -0.00041532467003, -0.00148299208377, -0.00371089298278, 0.000751644896809, 0.00273459660821, -0.00108434155118, -0.00336294597946, 0.00163516507018, 0.0262766368687, -0.00289694522507, -0.00714116357267], [-0.000238737571635, 0.00147896551061, -0.00116176088341, 0.000382014055504, 0.00285494048148, -0.00159722263925, -0.00364831089973, 0.00505035091192, -0.00467574596405, -0.0139324339107, -0.00289694522507, 0.0366053655744, 1.33575113068e-05], [-2.21874652198e-05, -0.000932395574637, 8.47189148772e-05, 0.00179973070044, -1.28488300106e-05, 0.00217458000407, -0.000879075902048, -0.00674987165257, 0.000291989068501, -0.00689894286916, -0.00714116357267, 1.33575113068e-05, 0.032943546772]], "cov": [[8878.1015625, -176.860549927, 88.5081481934, 469.878997803, -431.175750732, 321.217926025, -156.523269653, 127.379234314, 69.8085784912, 169.727371216, -66.1333618164, 145.708236694, -3.84267401695], [-176.860549927, 1596.23046875, -181.315444946, -631.606079102, 339.679229736, -201.316040039, 86.2788314819, -211.594787598, 47.7831535339, -204.849441528, 55.11977005, -129.803329468, 21.0779533386], [88.5081481934, -181.315444946, 582.455200195, 139.689926147, 41.4227714539, 52.6834182739, 63.4964523315, 12.2617254257, 47.9234085083, 53.6945762634, 18.9776592255, 56.6951751709, 1.45448815823], [469.878997803, -631.606079102, 139.689926147, 689.111755371, -232.300247192, 173.81930542, -85.1135559082, 204.023910522, -112.129493713, 132.120254517, -18.4846038818, 49.3975143433, -2.9631550312], [-431.175750732, 339.679229736, 41.4227714539, -232.300247192, 300.279968262, -82.5270080566, 113.521247864, -71.7135238647, 86.1150512695, -44.6313743591, 45.7243614197, -20.9838581085, 15.6183958054], [321.217926025, -201.316040039, 52.6834182739, 173.81930542, -82.5270080566, 182.72102356, -9.62579536438, 69.221862793, -12.6344957352, 48.8445663452, -13.0911283493, 29.9293460846, -5.78917789459], [-156.523269653, 86.2788314819, 63.4964523315, -85.1135559082, 113.521247864, -9.62579536438, 154.112564087, -18.9026813507, 43.4600105286, 5.2625579834, 8.88438892365, 15.3442745209, 10.3786058426], [127.379234314, -211.594787598, 12.2617254257, 204.023910522, -71.7135238647, 69.221862793, -18.9026813507, 128.536560059, -22.801404953, 50.0695152283, -0.670751869678, 12.7215509415, 14.6909618378], [69.8085784912, 47.7831535339, 47.9234085083, -112.129493713, 86.1150512695, -12.6344957352, 43.4600105286, -22.801404953, 104.540435791, 4.6562333107, 20.0224838257, 18.1324043274, 9.13878250122], [169.727371216, -204.849441528, 53.6945762634, 132.120254517, -44.6313743591, 48.8445663452, 5.2625579834, 50.0695152283, 4.6562333107, 83.9013900757, -1.86055874825, 41.3147735596, 11.2273073196], [-66.1333618164, 55.11977005, 18.9776592255, -18.4846038818, 45.7243614197, -13.0911283493, 8.88438892365, -0.670751869678, 20.0224838257, -1.86055874825, 51.8086547852, 0.921915173531, 14.121216774], [145.708236694, -129.803329468, 56.6951751709, 49.3975143433, -20.9838581085, 29.9293460846, 15.3442745209, 12.7215509415, 18.1324043274, 41.3147735596, 0.921915173531, 55.6264076233, 3.28070425987], [-3.84267401695, 21.0779533386, 1.45448815823, -2.9631550312, 15.6183958054, -5.78917789459, 10.3786058426, 14.6909618378, 9.13878250122, 11.2273073196, 14.121216774, 3.28070425987, 40.1122283936]]}, "spectral_contrast_valleys": {"min": [-27.9192504883, -27.9569854736, -27.5977287292, -27.4954910278, -27.5540828705, -27.367729187], "max": [-4.19609642029, -4.54500293732, -5.17833614349, -5.51046228409, -5.31919527054, -8.18147182465], "dvar2": [0.363126218319, 0.805404603481, 0.858687102795, 0.900749146938, 0.583564460278, 0.807025790215], "median": [-5.98728656769, -6.57255172729, -7.28764772415, -7.7856760025, -7.28935909271, -10.3901805878], "dmean2": [0.745984494686, 1.08844566345, 1.08595895767, 1.10460078716, 0.909916877747, 1.07810711861], "dmean": [0.473570048809, 0.675574660301, 0.67427188158, 0.690430164337, 0.597043573856, 0.673052728176], "var": [2.10369300842, 1.95156872272, 1.87609255314, 1.82979667187, 1.69261622429, 1.58059799671], "dvar": [0.159394294024, 0.320003509521, 0.344043791294, 0.364983290434, 0.26518535614, 0.325779885054], "mean": [-6.19640827179, -6.74834012985, -7.43127202988, -7.88709020615, -7.5207324028, -10.5094051361]}, "barkbands_flatness_db": {"min": 0.0345995910466, "max": 0.634675443172, "dvar2": 0.00683524087071, "median": 0.228387445211, "dmean2": 0.0914645344019, "dmean": 0.0594129264355, "var": 0.00835851300508, "dvar": 0.00283753708936, "mean": 0.232028961182}, "dynamic_complexity": 2.60919594765, "spectral_skewness": {"min": -0.0401891097426, "max": 4.70840597153, "dvar2": 0.216598927975, "median": 1.25271940231, "dmean2": 0.486566096544, "dmean": 0.337698221207, "var": 0.54369610548, "dvar": 0.116094239056, "mean": 1.41080987453}, "erbbands_flatness_db": {"min": 0.0134540442377, "max": 0.302347123623, "dvar2": 0.00141377898399, "median": 0.101595230401, "dmean2": 0.0428895801306, "dmean": 0.026470515877, "var": 0.00139776745345, "dvar": 0.000575055717491, "mean": 0.106765545905}, "hfc": {"min": 1.10597184567e-16, "max": 4922.09521484, "dvar2": 30955.1796875,