{"lowlevel": {"spectral_complexity": {"min": 0, "max": 40, "dvar2": 16.5878829956, "median": 8, "dmean2": 3.86216163635, "dmean": 2.54278993607, "var": 34.4838409424, "dvar": 7.93807315826, "mean": 9.18903827667}, "silence_rate_20dB": {"min": 1, "max": 1, "dvar2": 0, "median": 1, "dmean2": 0, "dmean": 0, "var": 0, "dvar": 0, "mean": 1}, "average_loudness": 0.935205876827, "erbbands_spread": {"min": 2.07830691338, "max": 133.461242676, "dvar2": 355.504302979, "median": 37.1968383789, "dmean2": 18.9528903961, "dmean": 12.1849651337, "var": 423.936157227, "dvar": 147.640350342, "mean": 38.3545837402}, "spectral_kurtosis": {"min": -1.19909477234, "max": 68.861618042, "dvar2": 36.3691673279, "median": 11.3053131104, "dmean2": 6.18872070312, "dmean": 3.87715482712, "var": 33.3766708374, "dvar": 15.1588926315, "mean": 12.711388588}, "barkbands_kurtosis": {"min": -1.80247008801, "max": 359.071044922, "dvar2": 2139.79711914, "median": 22.565290451, "dmean2": 33.0348892212, "dmean": 21.334318161, "var": 2561.31933594, "dvar": 951.206970215, "mean": 42.2728919983}, "spectral_strongpeak": {"min": 0, "max": 70.1572799683, "dvar2": 12.6561031342, "median": 0.369059383869, "dmean2": 0.752821803093, "dmean": 0.438844919205, "var": 2.81644845009, "dvar": 4.35167789459, "mean": 0.651416778564}, "spectral_spread": {"min": 1238114.875, "max": 40638832, "dvar2": 820804976640, "median": 4119404.5, "dmean2": 989652, "dmean": 618384.25, "var": 1298951700480.0, "dvar": 358313689088, "mean": 4080339.5}, "spectral_rms": {"min": 3.19018140897e-12, "max": 0.0181191768497, "dvar2": 2.97576434605e-06, "median": 0.00640365667641, "dmean2": 0.0016652464401, "dmean": 0.00115325162187, "var": 9.21747414395e-06, "dvar": 1.36756978009e-06, "mean": 0.00638878252357}, "erbbands": {"min": [4.10997591849e-22, 1.11537833512e-21, 1.51708995622e-20, 1.95730465378e-20, 2.08543347664e-20, 1.29333734203e-19, 3.16865233817e-19, 2.1232179238e-19, 4.39460690127e-19, 5.10422757119e-19, 2.86820457156e-19, 7.16744659549e-19, 9.96135354594e-19, 1.72961811724e-18, 2.18415241627e-18, 3.13040733236e-18, 2.34699450038e-18, 3.8513975998e-18, 4.96298896314e-18, 3.75800808146e-18, 4.45703360171e-18, 4.96825893082e-18, 8.93863612198e-18, 8.97543986897e-18, 1.18329617648e-17, 1.30567506657e-17, 1.27892876049e-17, 1.29115597887e-17, 1.19905926111e-17, 1.50797341774e-17, 1.55703399618e-17, 1.70458018727e-17, 1.50437385859e-17, 1.237654185e-17, 8.29611613655e-18, 5.44389770921e-18, 2.874299807e-18, 1.21188970095e-18, 2.9708015924e-19, 3.1721720563e-20], "max": [7.37738418579, 27.1003875732, 164.529006958, 164.453460693, 269.11618042, 838.382324219, 1765.76220703, 2265.38598633, 567.734069824, 1577.07092285, 1119.12805176, 3191.38769531, 1703.45117188, 2809.60668945, 2386.77124023, 2358.60620117, 2521.55859375, 587.125305176, 69.9465179443, 66.6281890869, 94.0268630981, 221.479492188, 119.611816406, 124.721374512, 178.714187622, 216.405776978, 297.978485107, 165.998382568, 102.484298706, 55.9627532959, 14.1517515182, 3.23451638222, 1.04075181484, 0.708944618702, 0.443127781153, 0.246411621571, 0.634181439877, 0.901681005955, 0.387738198042, 0.0314624607563], "dvar2": [0.282313287258, 12.8699741364, 395.969177246, 127.45741272, 268.40838623, 1403.62011719, 3838.35351562, 6586.09667969, 1485.76367188, 2942.68066406, 8620.96972656, 15439.3789062, 9215.27441406, 33192.7578125, 23325.8613281, 21765.8496094, 13849.3447266, 687.515930176, 30.2170886993, 21.618938446, 37.0239219666, 121.20766449, 86.4078903198, 49.0424346924, 56.0721588135, 62.7126045227, 81.157585144, 22.0887126923, 4.16101741791, 2.03742194176, 0.906175673008, 0.103641994298, 0.00839967746288, 0.00389620824717, 0.00151663750876, 0.000464079872472, 0.00139532634057, 0.000877640908584, 0.000244311871938, 3.52928032044e-06], "median": [0.250736474991, 1.53435385227, 4.3260383606, 4.24752807617, 3.76839351654, 4.22275114059, 3.08506250381, 1.90585410595, 1.76132893562, 2.01724410057, 2.01908731461, 2.00349831581, 2.0560631752, 2.21260690689, 2.73757791519, 3.02129364014, 2.17780256271, 1.80936193466, 1.23651647568, 1.48535180092, 1.51867413521, 1.05761623383, 0.99345266819, 0.72785794735, 0.783529996872, 0.892003655434, 0.82428920269, 0.493018001318, 0.31449007988, 0.201227262616, 0.151089668274, 0.063798174262, 0.012994303368, 0.00561513658613, 0.00352657469921, 0.00300497375429, 0.00754435732961, 0.00655795074999, 0.004041002132, 0.00198456132784], "dmean2": [0.366164147854, 2.36189484596, 11.9212579727, 7.24392080307, 8.20873832703, 14.0702762604, 17.5757083893, 17.5172157288, 11.6147947311, 13.5252733231, 34.6474571228, 35.2272529602, 28.716840744, 43.7899436951, 42.7068824768, 49.0722770691, 31.3211536407, 9.33329868317, 3.01706433296, 2.80038261414, 3.45475578308, 4.49876308441, 3.94939446449, 2.63430595398, 2.99247264862, 2.95961260796, 2.68584346771, 1.57724094391, 0.895636916161, 0.649667680264, 0.503766834736, 0.207627370954, 0.0541010200977, 0.0346050411463, 0.0216050073504, 0.0124101089314, 0.0214129593223, 0.0162327326834, 0.00802230462432, 0.00143954751547], "dmean": [0.261336386204, 1.41971123219, 7.37853717804, 4.50129032135, 5.34295082092, 9.25996017456, 11.2576055527, 11.5922822952, 7.70608520508, 8.92872333527, 20.6350288391, 22.4713726044, 19.1438674927, 28.9602012634, 27.8525409698, 32.7324790955, 20.6231365204, 6.0848326683, 1.95488715172, 1.7740342617, 2.25692629814, 2.81724190712, 2.4554297924, 1.67280852795, 1.92846083641, 1.88087487221, 1.6821628809, 1.00310981274, 0.576837658882, 0.41298520565, 0.311616539955, 0.126530513167, 0.0317938365042, 0.0201143305749, 0.0125713935122, 0.00728432368487, 0.0131799820811, 0.0103988004848, 0.0052640652284, 0.00102272152435], "var": [1.5686403513, 7.08457183838, 306.352783203, 93.651512146, 208.148376465, 1062.14575195, 2428.51733398, 5055.22119141, 1146.43359375, 2201.71118164, 4731.73828125, 12620.6201172, 6743.54980469, 18602.546875, 15913.7949219, 17538.8164062, 10139.5410156, 588.623474121, 28.5972537994, 14.1429920197, 31.655960083, 79.0312194824, 52.1978988647, 32.8404083252, 49.8694648743, 55.5995864868, 57.335559845, 21.4044876099, 6.24038219452, 1.85764074326, 0.44761133194, 0.0464588478208, 0.00346038932912, 0.00153944164049, 0.000601351086516, 0.000189880549442, 0.00057694298448, 0.000753742642701, 0.000245711155003, 5.84781264479e-06], "dvar": [0.163858562708, 4.46144485474, 152.963470459, 48.6009635925, 116.97403717, 646.161560059, 1741.63342285, 2940.90185547, 648.337036133, 1345.09033203, 3376.65039062, 7044.23291016, 4321.17285156, 13148.8134766, 9791.88085938, 9225.55078125, 5728.35791016, 301.550323486, 13.238401413, 8.78403091431, 16.4092178345, 47.7732963562, 35.5428924561, 21.8296108246, 28.2421474457, 31.3794116974, 35.3741149902, 10.7404699326, 2.31039977074, 0.953572392464, 0.367911010981, 0.0420531630516, 0.003315707203, 0.00153237266932, 0.000596683414187, 0.000182940639206, 0.000547242409084, 0.000408758671256, 0.000122165685752, 1.74418562437e-06], "mean": [0.912916898727, 2.34004020691, 11.4773015976, 7.38727378845, 8.55961608887, 13.8746070862, 14.3384914398, 15.2646131516, 10.6876211166, 12.0764493942, 21.6850738525, 27.2445049286, 25.2827644348, 36.638458252, 38.0047225952, 45.2743682861, 29.1333808899, 8.91114139557, 3.02482151985, 2.74127817154, 3.4096596241, 3.83081793785, 3.14339995384, 2.08158540726, 2.39167928696, 2.3300037384, 2.09783315659, 1.24430692196, 0.737020850182, 0.489866405725, 0.355376332998, 0.140987336636, 0.0318038575351, 0.0186172481626, 0.011682620272, 0.00736589729786, 0.0156216174364, 0.0135030215606, 0.00762633513659, 0.00267537334003]}, "zerocrossingrate": {"min": 0.00244140625, "max": 0.6044921875, "dvar2": 0.00101140933111, "median": 0.10107421875, "dmean2": 0.0342623442411, "dmean": 0.0277050863951, "var": 0.00501546170563, "dvar": 0.000718501512893, "mean": 0.11321516335}, "spectral_contrast_coeffs": {"min": [-0.973635315895, -0.960759282112, -0.993147969246, -0.962319493294, -0.963719129562, -0.962524354458], "max": [-0.322380721569, -0.40388995409, -0.485526621342, -0.495401978493, -0.680761575699, -0.397452533245], "dvar2": [0.00495118135586, 0.005692103412, 0.00302900420502, 0.00221407017671, 0.000916153250728, 0.00590336183086], "median": [-0.674951195717, -0.790130138397, -0.815884828568, -0.822635769844, -0.843953132629, -0.753997206688], "dmean2": [0.0891107469797, 0.0906315222383, 0.0686495453119, 0.0572340264916, 0.0371298491955, 0.0950803086162], "dmean": [0.0548426359892, 0.0552076809108, 0.0426175966859, 0.0363151915371, 0.0232481770217, 0.0603145211935], "var": [0.00758148124442, 0.00516111729667, 0.00440703099594, 0.00394298601896, 0.00103438983206, 0.00525568472221], "dvar": [0.00195648008958, 0.00214722636156, 0.00124618143309, 0.000951458641794, 0.000364406558219, 0.0024305023253], "mean": [-0.672500312328, -0.777838349342, -0.801988303661, -0.809949100018, -0.842159569263, -0.742175757885]}, "dissonance": {"min": 0.132817342877, "max": 0.499999970198, "dvar2": 0.0020372972358, "median": 0.464978963137, "dmean2": 0.0447621494532, "dmean": 0.0268406700343, "var": 0.00146016932558, "dvar": 0.000780274276622, "mean": 0.453950226307}, "spectral_energyband_high": {"min": 7.69338473412e-21, "max": 0.0105320326984, "dvar2": 1.22093283039e-07, "median": 8.7209380581e-05, "dmean2": 0.000173888751306, "dmean": 0.000114057096653, "var": 1.49631276258e-07, "dvar": 6.57946088722e-08, "mean": 0.000166199781233}, "gfcc": {"mean": [-53.3039131165, 111.92199707, -67.1385803223, 17.3638820648, -15.026342392, -5.30280971527, 7.0816488266, -17.8863239288, -6.70461130142, -9.80220985413, -7.79048585892, 0.643067538738, -10.9259204865], "icov": [[0.000174402593984, -0.00036633660784, 0.000724038516637, -0.000802876136731, 0.000748004880734, -0.000523333728779, 0.000264687289018, 1.14557287816e-05, -0.000201747170649, 0.000266372953774, -0.000121741642943, 0.000215487496462, -0.000180974777322], [-0.00036633660784, 0.0057432865724, -0.006599241402, 0.00916477479041, -0.00664682965726, 0.00517241517082, -0.00361057952978, -0.000310538336635, 0.00127672485542, -0.000464891112642, -0.00224611279555, 0.000280314445263, 0.000183604890481], [0.000724038516637, -0.006599241402, 0.0146578205749, -0.0171545259655, 0.0139145851135, -0.0124181956053, 0.00664221355692, 0.00266103143804, -0.00692218309268, 0.00647015776485, -0.00414763763547, 0.00816411338747, -0.00602088216692], [-0.000802876136731, 0.00916477479041, -0.0171545259655, 0.0276986528188, -0.0251010302454, 0.0175232645124, -0.00791444629431, -0.00583806307986, 0.011320957914, -0.0159530714154, 0.0141456909478, -0.0148106021807, 0.0106018614024], [0.000748004880734, -0.00664682965726, 0.0139145851135, -0.0251010302454, 0.0314210541546, -0.0198271777481, 0.00534111028537, 0.0101011646912, -0.0171014852822, 0.0222646743059, -0.022396247834, 0.0211696587503, -0.0144767686725], [-0.000523333728779, 0.00517241517082, -0.0124181956053, 0.0175232645124, -0.0198271777481, 0.0215253159404, -0.00701175257564, -0.00843900628388, 0.017548982054, -0.0181252919137, 0.0157938245684, -0.0157184489071, 0.0103235030547], [0.000264687289018, -0.00361057952978, 0.00664221355692, -0.00791444629431, 0.00534111028537, -0.00701175257564, 0.010806475766, 0.00141971604899, -0.00737624801695, 0.00798992533237, -0.00510395737365, 0.00225239177234, -0.00104166404344], [1.14557287816e-05, -0.000310538336635, 0.00266103143804, -0.00583806307986, 0.0101011646912, -0.00843900628388, 0.00141971604899, 0.012874532491, -0.0115077830851, 0.00800475850701, -0.0112743685022, 0.0131990695372, -0.01087590307], [-0.000201747170649, 0.00127672485542, -0.00692218309268, 0.011320957914, -0.0171014852822, 0.017548982054, -0.00737624801695, -0.0115077830851, 0.0287134982646, -0.0300461612642, 0.0306629352272, -0.0240617003292, 0.0160461068153], [0.000266372953774, -0.000464891112642, 0.00647015776485, -0.0159530714154, 0.0222646743059, -0.0181252919137, 0.00798992533237, 0.00800475850701, -0.0300461612642, 0.0531432144344, -0.0495026782155, 0.0330845154822, -0.0169924683869], [-0.000121741642943, -0.00224611279555, -0.00414763763547, 0.0141456909478, -0.022396247834, 0.0157938245684, -0.00510395737365, -0.0112743685022, 0.0306629352272, -0.0495026782155, 0.0656269937754, -0.0440032631159, 0.0206597354263], [0.000215487496462, 0.000280314445263, 0.00816411338747, -0.0148106021807, 0.0211696587503, -0.0157184489071, 0.00225239177234, 0.0131990695372, -0.0240617003292, 0.0330845154822, -0.0440032631159, 0.0484161786735, -0.0236078295857], [-0.000180974777322, 0.000183604890481, -0.00602088216692, 0.0106018614024, -0.0144767686725, 0.0103235030547, -0.00104166404344, -0.01087590307, 0.0160461068153, -0.0169924683869, 0.0206597354263, -0.0236078295857, 0.0258128698915]], "cov": [[7728.40185547, 243.041397095, -611.524414062, -369.454315186, -241.170211792, -84.3076171875, 47.1819000244, 30.1136741638, -85.646156311, -44.4082832336, 60.7644538879, 73.2631759644, 16.989320755], [243.041397095, 637.26940918, 2.96671271324, -262.869476318, -21.1044101715, 13.2605371475, 44.7008247375, -29.5756511688, -67.2152023315, -29.0146942139, 60.9587745667, 1.76222038269, 53.5372543335], [-611.524414062, 2.96671271324, 505.074401855, 283.676879883, 76.9418945312, 119.074546814, -81.9612884521, 96.5011825562, 44.4432830811, 61.128993988, -48.3704795837, -67.1757736206, 19.7606124878], [-369.454315186, -262.869476318, 283.676879883, 490.140838623, 205.478439331, 1.37581586838, 32.3249473572, 28.5120983124, 128.776428223, 47.5993728638, -49.7929115295, -27.6916675568, -42.0469398499], [-241.170211792, -21.1044101715, 76.9418945312, 205.478439331, 220.999267578, 56.7312698364, 56.7505760193, -39.6483650208, 22.3545341492, -7.35474967957, 2.12056899071, -3.02389574051, -4.34861564636], [-84.3076171875, 13.2605371475, 119.074546814, 1.37581586838, 56.7312698364, 228.380874634, -11.1941318512, 37.5306663513, -92.0588684082, 15.1394519806, 21.2325382233, -1.17721712589, 31.4867153168], [47.1819000244, 44.7008247375, -81.9612884521, 32.3249473572, 56.7505760193, -11.1941318512, 197.094802856, -21.8709106445, 56.7388496399, -19.6540527344, 9.50025844574, 28.7547054291, -26.8520851135], [30.1136741638, -29.5756511688, 96.5011825562, 28.5120983124, -39.6483650208, 37.5306663513, -21.8709106445, 208.017852783, 73.0639801025, 60.1902198792, -9.36427497864, -29.9081268311, 35.0824279785], [-85.646156311, -67.2152023315, 44.4432830811, 128.776428223, 22.3545341492, -92.0588684082, 56.7388496399, 73.0639801025, 227.270889282, 64.6109390259, -31.5467224121, -10.5838527679, -43.3945732117], [-44.4082832336, -29.0146942139, 61.128993988, 47.5993728638, -7.35474967957, 15.1394519806, -19.6540527344, 60.1902198792, 64.6109390259, 106.622413635, 41.6593933105, -5.17173624039, 0.943029761314], [60.7644538879, 60.9587745667, -48.3704795837, -49.7929115295, 2.12056899071, 21.2325382233, 9.50025844574, -9.36427497864, -31.5467224121, 41.6593933105, 94.3491363525, 49.210773468, 14.8241729736], [73.2631759644, 1.76222038269, -67.1757736206, -27.6916675568, -3.02389574051, -1.17721712589, 28.7547054291, -29.9081268311, -10.5838527679, -5.17173624039, 49.210773468, 87.0798950195, 26.9690074921], [16.989320755, 53.5372543335, 19.7606124878, -42.0469398499, -4.34861564636, 31.4867153168, -26.8520851135, 35.0824279785, -43.3945732117, 0.943029761314, 14.8241729736, 26.9690074921, 99.4204406738]]}, "spectral_flux": {"min": 6.7927864722e-11, "max": 0.397522985935, "dvar2": 0.00240336265415, "median": 0.088449716568, "dmean2": 0.0493926182389, "dmean": 0.0310904160142, "var": 0.00290465494618, "dvar": 0.000995425391011, "mean": 0.0965094044805}, "silence_rate_30dB": {"min": 0, "max": 1, "dvar2": 0.124012812972, "median": 1, "dmean2": 0.12038487196, "dmean": 0.0601857043803, "var": 0.101926244795, "dvar": 0.0565664432943, "mean": 0.884787499905}, "spectral_energyband_middle_high": {"min": 1.27125805779e-21, "max": 0.111303508282, "dvar2": 6.61775411572e-05, "median": 0.000513645878527, "dmean2": 0.0029749784153, "dmean": 0.00211189943366, "var": 7.27928709239e-05, "dvar": 2.90674724965e-05, "mean": 0.0037545482628}, "barkbands_spread": {"min": 0.341249078512, "max": 109.167259216, "dvar2": 82.5259780884, "median": 6.97254085541, "dmean2": 6.26891231537, "dmean": 4.12844514847, "var": 88.9656448364, "dvar": 37.223110199, "mean": 9.36795043945}, "spectral_centroid": {"min": 122.050361633, "max": 11050.8466797, "dvar2": 236953.125, "median": 555.403198242, "dmean2": 370.351715088, "dmean": 244.644836426, "var": 270689.0625, "dvar": 115002.765625, "mean": 664.683410645}, "pitch_salience": {"min": 0.0419736355543, "max": 0.818913280964, "dvar2": 0.0149623919278, "median": 0.479231119156, "dmean2": 0.142026245594, "dmean": 0.0874342247844, "var": 0.0218889638782, "dvar": 0.00587428128347, "mean": 0.464171290398}, "erbbands_skewness": {"min": -4.60385036469, "max": 5.00224637985, "dvar2": 0.604903995991, "median": 0.635596632957, "dmean2": 0.860217213631, "dmean": 0.562830448151, "var": 0.953139185905, "dvar": 0.262038141489, "mean": 0.582449018955}, "erbbands_crest": {"min": 2.42998981476, "max": 29.8373451233, "dvar2": 27.7468776703, "median": 9.42686462402, "dmean2": 5.95409679413, "dmean": 3.61789631844, "var": 21.0226230621, "dvar": 10.557721138, "mean": 10.2735519409}, "melbands": {"min": [3.03794574728e-24, 6.35192575821e-24, 3.57253370857e-24, 4.08983279704e-24, 1.12964605526e-23, 4.66848869786e-24, 6.54320322848e-24, 4.15892478499e-24, 2.67936192306e-24, 4.1551855843e-24, 5.18005395084e-24, 6.77363068219e-24, 5.06019758035e-24, 5.74197653414e-24, 9.61465485663e-24, 2.99273514273e-24, 7.9628345525e-24, 8.4921562756e-24, 6.54368640579e-24, 5.4775566696e-24, 4.57725969518e-24, 4.74187997775e-24, 7.02965075581e-24, 7.46973574445e-24, 5.99797057535e-24, 6.05174327896e-24, 8.93094832122e-24, 8.85037801266e-24, 7.49293377709e-24, 7.23749193851e-24, 7.86525403625e-24, 6.1156295738e-24, 6.94173220793e-24, 9.22863366127e-24, 8.36773240047e-24, 9.64482957512e-24, 1.04490914118e-23, 1.11941871029e-23, 9.22221312237e-24, 8.82322778689e-24], "max": [0.0501123256981, 0.0660361424088, 0.0251360442489, 0.0495970398188, 0.0480727553368, 0.0500636585057, 0.0077084666118, 0.0154065033421, 0.0124442297965, 0.0171476081014, 0.00870984699577, 0.0123966168612, 0.0110147595406, 0.00727229239419, 0.00489372154698, 0.00417504413053, 0.000819615786895, 0.000163256947417, 0.000109635788249, 5.58679239475e-05, 0.000139190786285, 0.000232440186664, 0.00015027516929, 0.000142233358929, 0.000102092963061, 0.000129704567371, 0.000170244456967, 0.000138899456942, 0.000184530596016, 0.00014488917077, 0.000106409504951, 6.62328020553e-05, 3.92776200897e-05, 2.82498804154e-05, 1.05173940028e-05, 3.40421092915e-06, 1.38773805247e-06, 7.40029122426e-07, 6.53138386042e-07, 5.7880345139e-07], "dvar2": [1.46001966641e-05, 6.8704415753e-05, 3.23790254697e-06, 4.38652750745e-06, 3.20401773024e-06, 2.86219665213e-06, 3.51891003447e-07, 3.73039341639e-07, 6.24428253104e-07, 6.06688104199e-07, 2.56055727732e-07, 5.95789856561e-07, 3.21668892411e-07, 1.75984084194e-07, 9.67621645032e-08, 3.87760508147e-08, 1.68110458887e-09, 9.32462371206e-11, 7.04662231343e-11, 3.28515652182e-11, 6.68452862507e-11, 1.33061436869e-10, 1.28482904871e-10, 6.3829184993e-11, 3.48306834763e-11, 2.75219100981e-11, 3.78146403079e-11, 3.13872400293e-11, 3.96297647476e-11, 2.02717096581e-11, 6.43871631359e-12, 2.08797714361e-12, 7.60540989995e-13, 7.42728957764e-13, 4.42507223355e-13, 1.29026550186e-13, 2.06671194102e-14, 4.2671266775e-15, 3.31690923541e-15, 2.59610283202e-15], "median": [0.00261141103692, 0.00215572793968, 0.000820594490506, 0.000314017466735, 0.000119102725876, 4.34028152085e-05, 2.67124032689e-05, 2.23228016694e-05, 1.50496562128e-05, 1.22928577184e-05, 9.69177744992e-06, 8.49186835694e-06, 8.9829263743e-06, 8.02574140835e-06, 6.06526555202e-06, 4.25759208156e-06, 2.96774578601e-06, 1.76962225851e-06, 1.75405125447e-06, 1.93149071492e-06, 1.62004778304e-06, 1.01640989669e-06, 9.59107751441e-07, 7.54269422032e-07, 5.29944770733e-07, 5.34748039627e-07, 5.7820540178e-07, 5.50760205442e-07, 5.29130829818e-07, 3.68015832919e-07, 2.37375104462e-07, 1.8480366748e-07, 1.201315456e-07, 1.04125078337e-07, 9.11261821557e-08, 6.20019875441e-08, 2.63882675711e-08, 6.12987616222e-09, 4.88971352297e-09, 4.38632774546e-09], "dmean2": [0.00284355715849, 0.00502120470628, 0.0011976583628, 0.000866709277034, 0.000578096369281, 0.00038839111221, 0.000176887304406, 0.000163292788784, 0.000292824959615, 0.000222026079427, 0.000150619031047, 0.000184992823051, 0.000146087142639, 0.000140609481605, 0.000100812983874, 5.29978387931e-05, 1.47952796397e-05, 5.00416581417e-06, 4.31888156527e-06, 3.63061758435e-06, 4.41983456767e-06, 4.8108881856e-06, 4.53804477729e-06, 3.07191498905e-06, 2.12844702219e-06, 2.20365950554e-06, 2.24095697376e-06, 2.01424018087e-06, 1.84835789696e-06, 1.33381786327e-06, 8.22933373001e-07, 5.60969226626e-07, 3.94749093857e-07, 3.66539410379e-07, 3.24362815718e-07, 2.15824726979e-07, 9.3538382373e-08, 3.65538213032e-08, 3.18991624226e-08, 2.82283387776e-08], "dmean": [0.00196857634, 0.00307585322298, 0.000755116110668, 0.000577339844313, 0.000375165429432, 0.000256007246207, 0.000117102048534, 0.000104526945506, 0.000174815795617, 0.000141724958667, 9.99392941594e-05, 0.000122229132103, 9.44169078139e-05, 9.19642916415e-05, 6.68917855364e-05, 3.41525992553e-05, 9.45485317061e-06, 3.19258424497e-06, 2.69440079137e-06, 2.31492663261e-06, 2.85924397758e-06, 2.99697967421e-06, 2.79043138107e-06, 1.93005371329e-06, 1.3251154769e-06, 1.39770236274e-06, 1.4269426174e-06, 1.25681538066e-06, 1.14468832635e-06, 8.34307797959e-07, 5.25109612681e-07, 3.51127937392e-07, 2.52398223211e-07, 2.29094567317e-07, 1.99400702172e-07, 1.31486146415e-07, 5.64003244108e-08, 2.12753601403e-08, 1.85250268459e-08, 1.64036375594e-08], "var": [6.90181987011e-05, 4.83935691591e-05, 2.54779297393e-06, 3.48732282873e-06, 2.27219561566e-06, 2.24453197006e-06, 2.62695095898e-07, 2.82499541981e-07, 3.7253124674e-07, 4.61335702084e-07, 1.81781842912e-07, 3.34616316877e-07, 1.86135252989e-07, 1.4539156723e-07, 7.71397239419e-08, 2.68234199297e-08, 1.30911126384e-09, 7.81927578242e-11, 3.73830202904e-11, 2.33471644795e-11, 5.54177884138e-11, 8.93587287498e-11, 6.92583143613e-11, 4.10510930804e-11, 2.01242893877e-11, 2.12852738907e-11, 3.40434798407e-11, 2.37763229244e-11, 2.4840110871e-11, 1.32451931367e-11, 6.05805943604e-12, 2.23840824348e-12, 1.08880450229e-12, 4.6312839631e-13, 2.00971116376e-13, 5.62983802643e-14, 8.9786110743e-15, 1.70118933572e-15, 1.30712853871e-15, 1.02462981591e-15], "dvar": [7.7473332567e-06, 2.56169478234e-05, 1.25647090954e-06, 2.01618104256e-06, 1.48738047301e-06, 1.29553575334e-06, 1.53162332595e-07, 1.68413606616e-07, 2.48777382694e-07, 2.66509573521e-07, 1.19532984399e-07, 2.38777829509e-07, 1.30413710053e-07, 7.62480070193e-08, 4.07850357931e-08, 1.61875846061e-08, 7.13848924416e-10, 4.05713483642e-11, 2.75424544283e-11, 1.3597554506e-11, 2.98926126907e-11, 5.32981055124e-11, 4.90790151575e-11, 2.8126841134e-11, 1.47512783238e-11, 1.32950993964e-11, 1.90692479168e-11, 1.48756718749e-11, 1.65741483038e-11, 8.40653501671e-12, 3.16145265349e-12, 9.85660880172e-13, 4.31015764529e-13, 3.0507090994e-13, 1.75372452563e-13, 5.22698136401e-14, 8.29396196633e-15, 1.68160413403e-15, 1.30427319064e-15, 1.0209314583e-15], "mean": [0.00658870534971, 0.00489971088246, 0.0013277400285, 0.000902054598555, 0.000509148463607, 0.000338089943398, 0.000160632655025, 0.000138478018926, 0.000182567338925, 0.00017249758821, 0.000127220351715, 0.000149663552293, 0.000120545060781, 0.000123720499687, 9.36762298807e-05, 4.5679298637e-05, 1.29068894239e-05, 4.59401144326e-06, 3.73897887584e-06, 3.51657240572e-06, 4.09920630773e-06, 4.01046918341e-06, 3.44442946698e-06, 2.36647701968e-06, 1.56714213517e-06, 1.63979541412e-06, 1.77971344328e-06, 1.47656635363e-06, 1.3894117501e-06, 9.89131308415e-07, 6.30682222891e-07, 4.36642466184e-07, 3.08296591811e-07, 2.59970960315e-07, 2.2239683517e-07, 1.44402392266e-07, 6.02996195198e-08, 1.9790935113e-08, 1.69144787066e-08, 1.50362584606e-08]}, "spectral_entropy": {"min": 4.98519277573, "max": 9.81827735901, "dvar2": 0.174348309636, "median": 7.17212963104, "dmean2": 0.491897255182, "dmean": 0.324522763491, "var": 0.20537519455, "dvar": 0.0779846385121, "mean": 7.16061782837}, "spectral_rolloff": {"min": 43.06640625, "max": 21942.3339844, "dvar2": 53842688, "median": 258.3984375, "dmean2": 2591.80688477, "dmean": 1361.70922852, "var": 22960932, "dvar": 21043004, "mean": 1687.63342285}, "barkbands": {"min": [3.55944335071e-24, 7.40151899767e-24, 2.02861135358e-23, 7.59930062611e-24, 4.65402374987e-23, 1.72950669499e-23, 2.35420517252e-23, 1.01932488319e-23, 3.59272184242e-23, 4.77797367738e-23, 3.4147548222e-23, 7.05731374118e-23, 3.30057477924e-23, 9.45244943508e-23, 7.29147921228e-23, 8.16348479474e-23, 8.24586396135e-23, 1.65962134962e-22, 1.89252363354e-22, 2.83007295492e-22, 2.99582033039e-22, 3.33964201116e-22, 5.28305878512e-22, 9.96122357196e-22, 1.13746805606e-21, 1.55637838979e-21, 2.1397001599e-21], "max": [0.0781766623259, 0.132820010185, 0.188333719969, 0.0440762117505, 0.178337708116, 0.264149993658, 0.054353415966, 0.0783098191023, 0.126667827368, 0.07639336586, 0.0727860629559, 0.0488573908806, 0.0453808531165, 0.00862756092101, 0.00151659816038, 0.00151232664939, 0.00402378477156, 0.00255831493996, 0.00308218086138, 0.00498853810132, 0.00547263026237, 0.00271235825494, 0.000775547814555, 6.5030370024e-05, 6.28066263744e-05, 0.00025091326097, 0.00180202210322], "dvar2": [4.18913914473e-05, 0.00019216707733, 0.000305459456285, 5.58062947675e-06, 6.87113206368e-05, 8.07511460152e-05, 9.9954977486e-06, 1.57107770065e-05, 2.55176746577e-05, 2.38615884882e-05, 1.63644672284e-05, 1.27930043163e-05, 5.73553370486e-06, 9.83943380106e-08, 1.16945866324e-08, 9.72060210103e-09, 3.84682934396e-08, 2.87634307483e-08, 1.64759175192e-08, 2.88813577498e-08, 3.11435037759e-08, 2.88384627289e-09, 1.2736282029e-09, 6.21452680982e-11, 3.05370971565e-11, 3.09348296978e-10, 7.98348054332e-09], "median": [0.00178635958582, 0.00945981498808, 0.00388827896677, 0.000685078673996, 0.00141636584885, 0.000254902988672, 0.000123179517686, 9.25956264837e-05, 8.44185051392e-05, 6.40467915218e-05, 5.86270034546e-05, 7.21716860426e-05, 4.26503029303e-05, 2.80881176877e-05, 2.51584842772e-05, 2.61202603724e-05, 1.76013927558e-05, 1.66911813722e-05, 1.41580712807e-05, 1.84816599358e-05, 1.67197504197e-05, 8.0783465819e-06, 5.59258478461e-06, 1.65806557106e-06, 4.81825395582e-07, 3.56924374501e-06, 4.54070250271e-05], "dmean2": [0.00404156651348, 0.010221645236, 0.0106371501461, 0.00156791915651, 0.00366033823229, 0.00223251362331, 0.000861433742102, 0.00132478482556, 0.00152934342623, 0.00129737099633, 0.00104106287472, 0.0011865538545, 0.000662490085233, 0.000114382433821, 5.8114008425e-05, 5.72148092033e-05, 8.13787264633e-05, 6.83365651639e-05, 5.35766193934e-05, 6.27132176305e-05, 5.28352538822e-05, 2.35337120102e-05, 1.8452265067e-05, 5.46557203052e-06, 3.06307970277e-06, 9.93240701064e-06, 5.71816672164e-05], "dmean": [0.00269088032655, 0.0065090470016, 0.00663058692589, 0.000947465770878, 0.00244749011472, 0.00144715723582, 0.000569102645386, 0.000789321551565, 0.00097983633168, 0.00085771252634, 0.000662989274133, 0.000778895395342, 0.000428835832281, 7.35228750273e-05, 3.660103539e-05, 3.70081943402e-05, 5.08600169269e-05, 4.25111466029e-05, 3.43014580722e-05, 3.97905896534e-05, 3.35371260007e-05, 1.51264921442e-05, 1.14546764962e-05, 3.27853263116e-06, 1.78054835942e-06, 6.11668747297e-06, 3.91781650251e-05], "var": [0.000169642386027, 0.000345926877344, 0.000256815925241, 3.75445142708e-06, 5.80441083002e-05, 5.88407383475e-05, 6.66322603138e-06, 8.10385790828e-06, 2.21446698561e-05, 1.42973076436e-05, 8.61852458911e-06, 9.75130478764e-06, 4.015990271e-06, 8.28349442372e-08, 7.48200346123e-09, 7.26660243089e-09, 2.53654430793e-08, 1.7713036371e-08, 1.26690382629e-08, 2.58264485353e-08, 2.45318272363e-08, 3.83999587683e-09, 6.93345325598e-10, 2.83047092708e-11, 1.2068084379e-11, 1.29205438015e-10, 8.99380481201e-09], "dvar": [2.00395297725e-05, 7.68074023654e-05, 0.000122411860502, 2.1460575681e-06, 3.20632243529e-05, 3.6617686419e-05, 4.24233894591e-06, 6.10752476859e-06, 1.16090059237e-05, 1.00940778793e-05, 6.44788133286e-06, 5.3861313063e-06, 2.35979427998e-06, 4.48804620135e-08, 4.71735006613e-09, 4.15968370859e-09, 1.52389834085e-08, 1.22888490495e-08, 7.91486343132e-09, 1.43992613388e-08, 1.39788340903e-08, 1.50172263513e-09, 5.21802157039e-10, 2.50018200587e-11, 1.20101862483e-11, 1.19696641487e-10, 3.95726118541e-09], "mean": [0.00833352189511, 0.017045583576, 0.0103859119117, 0.00131766404957, 0.00393886119127, 0.0018630635459, 0.000759173941333, 0.000825447088573, 0.00121276604477, 0.00102439487819, 0.000811356992926, 0.00103618612047, 0.000576837512199, 0.000101652833109, 5.27027950739e-05, 5.42211455468e-05, 6.83237376506e-05, 5.29772914888e-05, 4.13700799982e-05, 4.9564303481e-05, 4.18998024543e-05, 1.90877017303e-05, 1.31639599203e-05, 3.55120596396e-06, 1.63787228757e-06, 7.30008878236e-06, 7.14853667887e-05]}, "melbands_flatness_db": {"min": 0.00541548384354, "max": 0.632138371468, "dvar2": 0.0032128598541, "median": 0.338132560253, "dmean2": 0.0686553493142, "dmean": 0.0459317117929, "var": 0.00666028773412, "dvar": 0.00144584069494, "mean": 0.344463258982}, "melbands_skewness": {"min": -1.90785574913, "max": 34.7481117249, "dvar2": 8.45729541779, "median": 4.79357051849, "dmean2": 2.60465621948, "dmean": 1.69613802433, "var": 14.9294147491, "dvar": 3.74691343307, "mean": 5.37922859192}, "barkbands_skewness": {"min": -2.07840895653, "max": 14.9444694519, "dvar2": 3.71643424034, "median": 3.9452123642, "dmean2": 1.95921671391, "dmean": 1.28553974628, "var": 7.93037605286, "dvar": 1.63437461853, "mean": 4.26849460602}, "silence_rate_60dB": {"min": 0, "max": 1, "dvar2": 0.040908113122, "median": 0, "dmean2": 0.0371447764337, "dmean": 0.0185703095049, "var": 0.0522025451064, "dvar": 0.018225742504, "mean": 0.0552572719753}, "spectral_energyband_low": {"min": 3.48425441459e-23, "max": 0.270846933126, "dvar2": 0.000773826148361, "median": 0.0246018543839, "dmean2": 0.0198071040213, "dmean": 0.0128601295874, "var": 0.00126629881561, "dvar": 0.000307247013552, "mean": 0.0356189571321}, "spectral_energyband_middle_low": {"min": 2.40242779789e-22, "max": 0.299389153719, "dvar2": 0.000209134974284, "median": 0.00427356548607, "dmean2": 0.00749084912241, "dmean": 0.00516809150577, "var": 0.000252826546784, "dvar": 0.000101987840026, "mean": 0.0101046999916}, "melbands_kurtosis": {"min": -1.805326581, "max": 1990.65808105, "dvar2": 13921.6591797, "median": 38.5614776611, "dmean2": 62.8882369995, "dmean": 39.5889778137, "var": 12650.9462891, "dvar": 6172.27587891, "mean": 73.898651123}, "spectral_decrease": {"min": -8.54896882174e-08, "max": 2.11979142573e-10, "dvar2": 6.53204942096e-17, "median": -9.99761518017e-09, "dmean2": 6.33943875172e-09, "dmean": 4.2377705789e-09, "var": 1.16260235094e-16, "dvar": 2.7705001793e-17, "mean": -1.24678134483e-08}, "erbbands_kurtosis": {"min": -1.77999591827, "max": 38.8384819031, "dvar2": 16.248418808, "median": 0.470307469368, "dmean2": 3.01555299759, "dmean": 1.86515724659, "var": 11.0596923828, "dvar": 6.53680801392, "mean": 1.49479091167}, "melbands_crest": {"min": 2.23207521439, "max": 39.0100402832, "dvar2": 29.2245044708, "median": 21.7141456604, "dmean2": 6.21924209595, "dmean": 3.90397810936, "var": 63.0366592407, "dvar": 12.4084205627, "mean": 22.0163249969}, "melbands_spread": {"min": 0.0821544751525, "max": 150.656326294, "dvar2": 70.3753433228, "median": 4.43696594238, "dmean2": 5.28481817245, "dmean": 3.48239564896, "var": 88.0312194824, "dvar": 30.5896816254, "mean": 7.83443069458}, "spectral_energy": {"min": 1.04316894116e-20, "max": 0.336512207985, "dvar2": 0.000988705432974, "median": 0.0420319885015, "dmean2": 0.0248634126037, "dmean": 0.016768546775, "var": 0.00182391935959, "dvar": 0.000428038008977, "mean": 0.0512848310173}, "mfcc": {"mean": [-721.840820312, 165.778015137, 9.92136669159, 42.7322044373, -0.557144224644, 28.1159324646, 9.04281616211, 15.1567201614, 0.30289837718, 3.86901164055, -3.81610822678, 6.12700462341, 2.25358247757], "icov": [[0.000244396476774, -0.000171872598003, 0.000241737958277, -2.72222605417e-05, 0.000147583137732, 8.31454817671e-05, 5.74496261834e-05, -0.000207464778214, 0.000158637572895, -8.04064475233e-05, 2.60833330685e-05, -0.000221772614168, 0.000178329646587], [-0.000171872598003, 0.00167543941643, -0.000369491492165, 0.000417343719164, 0.000664843129925, -0.000171338615473, -0.000387667649193, 0.000323270651279, -0.000638934259769, 0.000809256453067, -0.000161936783115, -0.000120878576126, -0.00046516826842], [0.000241737958277, -0.000369491492165, 0.0038258258719, 2.07055145438e-05, -0.00200764462352, 0.000507820921484, -0.000534410239197, 0.00115061819088, -0.00115117011592, -0.00133625080343, 0.000888613110874, -0.000723164470401, -3.19943246723e-05], [-2.72222605417e-05, 0.000417343719164, 2.07055145438e-05, 0.00410626130179, -0.00121150247287, -0.00198202952743, 0.00189612898976, -0.00119971903041, 0.000298026396194, -0.00195619813167, -0.000367995264241, 0.000341848208336, -0.000536710256711], [0.000147583137732, 0.000664843129925, -0.00200764462352, -0.00121150247287, 0.00769793614745, -0.00227956962772, -0.0015353608178, 0.00281009846367, -0.00263814278878, 0.00158923212439, -0.00192649592645, 0.00239733373746, -0.000706640479621], [8.31454817671e-05, -0.000171338615473, 0.000507820921484, -0.00198202952743, -0.00227956962772, 0.00934135820717, -0.00352087430656, -0.00261404272169, 0.00456798123196, -0.00329085928388, 0.00438266433775, -0.0033411658369, 0.000800258072559], [5.74496261834e-05, -0.000387667649193, -0.000534410239197, 0.00189612898976, -0.0015353608178, -0.00352087430656, 0.00893593113869, -0.00278501678258, -0.000809316174127, 0.0046809092164, -0.00287830969319, 0.0012288010912, -0.000554450962227], [-0.000207464778214, 0.000323270651279, 0.00115061819088, -0.00119971903041, 0.00281009846367, -0.00261404272169, -0.00278501678258, 0.0142229571939, -0.00510479137301, -0.00157302513253, 0.00184970104601, -0.000104005972389, -0.00025044218637], [0.000158637572895, -0.000638934259769, -0.00115117011592, 0.000298026396194, -0.00263814278878, 0.00456798123196, -0.000809316174127, -0.00510479137301, 0.0154949724674, -0.0073688426055, 0.000865259440616, 0.00220812251791, -0.00175782723818], [-8.04064475233e-05, 0.000809256453067, -0.00133625080343, -0.00195619813167, 0.00158923212439, -0.00329085928388, 0.0046809092164, -0.00157302513253, -0.0073688426055, 0.0168283116072, -0.00738839432597, 0.000959506840445, 0.000361152226105], [2.60833330685e-05, -0.000161936783115, 0.000888613110874, -0.000367995264241, -0.00192649592645, 0.00438266433775, -0.00287830969319, 0.00184970104601, 0.000865259440616, -0.00738839432597, 0.017353001982, -0.00943447090685, 0.00138352566864], [-0.000221772614168, -0.000120878576126, -0.000723164470401, 0.000341848208336, 0.00239733373746, -0.0033411658369, 0.0012288010912, -0.000104005972389, 0.00220812251791, 0.000959506840445, -0.00943447090685, 0.0212454479188, -0.00794746447355], [0.000178329646587, -0.00046516826842, -3.19943246723e-05, -0.000536710256711, -0.000706640479621, 0.000800258072559, -0.000554450962227, -0.00025044218637, -0.00175782723818, 0.000361152226105, 0.00138352566864, -0.00794746447355, 0.0203649438918]], "cov": [[5889.29931641, 645.251525879, -699.326416016, -201.74887085, -543.257263184, -75.3259735107, -79.3167724609, 111.487731934, -188.008499146, -106.484077454, -13.7251663208, 105.384117126, -32.2077255249], [645.251525879, 824.372009277, -41.4941062927, -235.872238159, -121.576759338, -51.7852592468, 81.6059265137, -16.7156295776, -32.1013031006, -113.629455566, -17.9399280548, 20.8127498627, 15.3160362244], [-699.326416016, -41.4941062927, 462.152709961, 63.5282249451, 195.658050537, 0.124954596162, 22.9416007996, -36.8439369202, 94.8270874023, 66.4180374146, 22.7126789093, -13.679017067, 14.6580104828], [-201.74887085, -235.872238159, 63.5282249451, 484.09262085, 107.850028992, 117.006980896, -91.6884918213, 52.9143409729, 54.8852844238, 152.498077393, 32.5514221191, 8.14994239807, 9.53784370422], [-543.257263184, -121.576759338, 195.658050537, 107.850028992, 280.139038086, 62.2977752686, 48.1122055054, -24.4594306946, 56.4736671448, 34.4869499207, 16.3804111481, -23.5496253967, 7.37130641937], [-75.3259735107, -51.7852592468, 0.124954596162, 117.006980896, 62.2977752686, 222.664321899, 66.109161377, 43.4271888733, -36.069190979, 10.3276586533, -27.6882858276, 13.1625671387, 2.02767848969], [-79.3167724609, 81.6059265137, 22.9416007996, -91.6884918213, 48.1122055054, 66.109161377, 211.254959106, 16.7659053802, -22.3716411591, -78.3823318481, -15.5635070801, -4.89601373672, 3.81321930885], [111.487731934, -16.7156295776, -36.8439369202, 52.9143409729, -24.4594306946, 43.4271888733, 16.7659053802, 111.142478943, 30.0460834503, 30.4877223969, -8.36299228668, 0.716892302036, 2.147336483], [-188.008499146, -32.1013031006, 94.8270874023, 54.8852844238, 56.4736671448, -36.069190979, -22.3716411591, 30.0460834503, 142.340438843, 85.3336105347, 25.4703788757, -14.3405342102, 9.09210205078], [-106.484077454, -113.629455566, 66.4180374146, 152.498077393, 34.4869499207, 10.3276586533, -78.3823318481, 30.4877223969, 85.3336105347, 173.663574219, 60.0994644165, 12.9677419662, 6.75574398041], [-13.7251663208, -17.9399280548, 22.7126789093, 32.5514221191, 16.3804111481, -27.6882858276, -15.5635070801, -8.36299228668, 25.4703788757, 60.0994644165, 110.908576965, 43.0951080322, 12.1497268677], [105.384117126, 20.8127498627, -13.679017067, 8.14994239807, -23.5496253967, 13.1625671387, -4.89601373672, 0.716892302036, -14.3405342102, 12.9677419662, 43.0951080322, 82.5063552856, 26.0897750854], [-32.2077255249, 15.3160362244, 14.6580104828, 9.53784370422, 7.37130641937, 2.02767848969, 3.81321930885, 2.147336483, 9.09210205078, 6.75574398041, 12.1497268677, 26.0897750854, 60.3377532959]]}, "spectral_contrast_valleys": {"min": [-27.4028587341, -27.4368286133, -27.4049034119, -27.3474235535, -27.4005661011, -27.1993160248], "max": [-5.1218662262, -4.30630350113, -4.86439228058, -6.12980031967, -5.78469181061, -8.96010780334], "dvar2": [0.241136178374, 0.329658955336, 0.2649281919, 0.293727517128, 0.325790435076, 1.03825640678], "median": [-6.57912635803, -7.06572628021, -7.61498069763, -8.22507953644, -8.16766262054, -11.4769058228], "dmean2": [0.592654168606, 0.70350664854, 0.621837675571, 0.65179091692, 0.660414636135, 1.24376809597], "dmean": [0.364033281803, 0.456147998571, 0.414350360632, 0.433920174837, 0.456484615803, 0.758052885532], "var": [0.971987187862, 1.07967793941, 1.18874907494, 0.91739243269, 0.912907004356, 1.13307821751], "dvar": [0.108313664794, 0.153137922287, 0.136110469699, 0.144966438413, 0.16914832592, 0.392783522606], "mean": [-6.73825025558, -7.07789802551, -7.56132984161, -8.29518795013, -8.25944042206, -11.5547409058]}, "barkbands_flatness_db": {"min": 0.0378466099501, "max": 0.489129334688, "dvar2": 0.00237123295665, "median": 0.210419982672, "dmean2": 0.0583672598004, "dmean": 0.039113316685, "var": 0.00502295885235, "dvar": 0.00109240913298, "mean": 0.219052612782}, "dynamic_complexity": 4.26774740219, "spectral_skewness": {"min": -0.00670770928264, "max": 6.50889205933, "dvar2": 0.315156161785, "median": 2.4367878437, "dmean2": 0.648372292519, "dmean": 0.429127633572, "var": 0.393575340509, "dvar": 0.141586467624, "mean": 2.46776604652}, "erbbands_flatness_db": {"min": 0.0424737483263, "max": 0.354844480753, "dvar2": 0.00148252642248, "median": 0.137788265944, "dmean2": 0.0457695573568, "dmean": 0.0296938382089, "var": 0.00248288502917, "dvar": 0.000638650904875, "mean": 0.147349730134}, "hfc": {"min": 1.12495888328e-16, "max": 556.4