{"lowlevel": {"spectral_complexity": {"min": 4, "max": 40, "dvar2": 7.03264808655, "median": 15, "dmean2": 3.33097434044, "dmean": 1.9398971796, "var": 17.7110824585, "dvar": 2.51582360268, "mean": 15.1998033524}, "silence_rate_20dB": {"min": 0, "max": 1, "dvar2": 0.00030986443744, "median": 1, "dmean2": 0.00020663291798, "dmean": 0.000103313788713, "var": 5.16502514074e-05, "dvar": 0.000103292557469, "mean": 0.999948322773}, "average_loudness": 0.0623622573912, "erbbands_spread": {"min": 1.43301093578, "max": 95.8169021606, "dvar2": 20.9988307953, "median": 16.4815216064, "dmean2": 5.12372875214, "dmean": 3.15961432457, "var": 55.2850151062, "dvar": 8.13615226746, "mean": 17.2196159363}, "spectral_kurtosis": {"min": -0.0154294967651, "max": 176.9480896, "dvar2": 278.107788086, "median": 12.0948286057, "dmean2": 13.1659231186, "dmean": 7.60790252686, "var": 429.615722656, "dvar": 100.984848022, "mean": 19.7961826324}, "barkbands_kurtosis": {"min": -1.74037957191, "max": 51.8878898621, "dvar2": 9.44297218323, "median": 2.0167453289, "dmean2": 2.8407137394, "dmean": 1.70254230499, "var": 10.2230873108, "dvar": 3.48398041725, "mean": 2.75231337547}, "spectral_strongpeak": {"min": 0, "max": 12.8708877563, "dvar2": 1.34922027588, "median": 0.549509346485, "dmean2": 0.968826055527, "dmean": 0.566760778427, "var": 1.13651263714, "dvar": 0.573333978653, "mean": 0.929168343544}, "spectral_spread": {"min": 436982.46875, "max": 25429032, "dvar2": 147666485248, "median": 2208606.5, "dmean2": 380833.5625, "dmean": 224538.578125, "var": 551555825664, "dvar": 66898640896, "mean": 2222081.5}, "spectral_rms": {"min": 0.00188211037312, "max": 0.0214420109987, "dvar2": 1.33644255129e-06, "median": 0.00480568222702, "dmean2": 0.00119909539353, "dmean": 0.000712720502634, "var": 3.62160267287e-06, "dvar": 4.80638448153e-07, "mean": 0.00524949235842}, "erbbands": {"min": [9.36619326239e-05, 0.00219368003309, 0.0200843326747, 0.0607056580484, 0.11057459563, 0.219583317637, 0.25369104743, 0.404975354671, 0.385465741158, 0.38210940361, 0.685413718224, 0.752094209194, 0.600790083408, 0.294758707285, 0.279471427202, 0.156537547708, 0.10620277375, 0.0540157221258, 0.0454140566289, 0.0663606449962, 0.0250756181777, 0.0092500699684, 0.00835288781673, 0.00555086601526, 0.003595599439, 0.00252245506272, 0.00206756149419, 0.00117844389752, 0.00121950928587, 0.000862914312165, 0.000573480152525, 0.000355332740583, 0.000230820325669, 0.00014343233488, 9.05992637854e-05, 5.51083467144e-05, 2.86547474388e-05, 1.01481118691e-05, 5.93966797169e-06, 6.48225204714e-06], "max": [17.5607318878, 57.6689071655, 95.1391677856, 299.530059814, 420.425140381, 476.911102295, 766.697387695, 911.300598145, 1829.08972168, 2214.83178711, 1210.05737305, 583.714538574, 203.957504272, 245.113464355, 1892.25646973, 2192.93652344, 626.094177246, 467.970489502, 753.86920166, 497.982086182, 141.416992188, 219.900619507, 68.1376495361, 48.4077529907, 78.3503875732, 37.3584861755, 44.0914535522, 33.2276687622, 56.8625602722, 60.9932746887, 25.8848896027, 8.35590648651, 3.196621418, 1.36900377274, 0.621860563755, 0.146193280816, 0.106893636286, 0.012591089122, 0.00232757185586, 0.000513188133482], "dvar2": [0.651929497719, 6.57210063934, 25.0717277527, 107.069038391, 483.43838501, 851.857910156, 2166.85229492, 2272.73901367, 10085.4589844, 3023.22924805, 920.08215332, 1329.34802246, 128.195983887, 102.138999939, 3316.69018555, 5676.49658203, 1002.69213867, 445.166351318, 269.621459961, 246.223236084, 23.4863796234, 45.0920372009, 7.16243934631, 8.4144821167, 8.71990871429, 3.28019237518, 3.12637066841, 1.23037946224, 1.07574021816, 0.894822001457, 0.20449309051, 0.0257805921137, 0.00750554492697, 0.00270933937281, 0.000275132566458, 2.83681274595e-05, 1.55367233674e-05, 3.11344422244e-07, 2.7589246443e-09, 6.06757311061e-10], "median": [0.0103490818292, 0.236405700445, 1.51777052879, 4.0088186264, 7.27412891388, 11.5211048126, 20.2220897675, 27.5548839569, 34.2684631348, 28.3410110474, 21.9387016296, 25.6467475891, 10.411772728, 7.91375541687, 15.6447839737, 29.3364486694, 11.5689220428, 5.82363271713, 3.21785330772, 3.33873033524, 2.09409236908, 2.00856876373, 1.20332384109, 1.15935325623, 0.855062246323, 0.605005860329, 0.521328747272, 0.285487234592, 0.121428608894, 0.0637480020523, 0.0229903962463, 0.0130210099742, 0.00923009030521, 0.00393411051482, 0.0011945895385, 0.000312295916956, 0.000117255382065, 3.0452692954e-05, 1.9591232558e-05, 2.9503235055e-05], "dmean2": [0.19019305706, 0.934260964394, 3.21276593208, 6.42604446411, 14.1211643219, 20.4628372192, 33.8967704773, 38.6678581238, 64.4932098389, 37.0040740967, 22.9986095428, 30.7804393768, 9.90766048431, 7.80557060242, 27.5314273834, 46.3447647095, 16.4541110992, 10.1450042725, 6.46978139877, 6.99191856384, 2.66994833946, 3.13838410378, 1.50474345684, 1.56064581871, 1.45653295517, 0.885455846786, 0.783990859985, 0.453470617533, 0.204724311829, 0.151495084167, 0.0637782663107, 0.0321746692061, 0.0235572550446, 0.0132212666795, 0.00329980184324, 0.00117154000327, 0.000791089725681, 0.000128376879729, 1.45898829942e-05, 1.64586999745e-05], "dmean": [0.111526086926, 0.546122670174, 1.89174556732, 4.02928304672, 8.10034942627, 11.632349968, 19.2829627991, 21.9148406982, 36.6856307983, 23.3701114655, 14.9330635071, 19.7279815674, 6.1029791832, 4.77772712708, 18.3802089691, 31.4146537781, 9.75646018982, 5.918176651, 3.90964603424, 4.13727664948, 1.57651853561, 1.83259010315, 0.891928553581, 0.928363978863, 0.84753036499, 0.521304666996, 0.462019830942, 0.271724373102, 0.120988719165, 0.089671254158, 0.0382436662912, 0.0193767789751, 0.0138922473416, 0.00763885956258, 0.00192779535428, 0.000685610051733, 0.000452671549283, 7.4794574175e-05, 8.68837287271e-06, 9.75839884632e-06], "var": [0.318774282932, 3.88412094116, 17.8031024933, 124.186683655, 330.768951416, 482.551116943, 1293.35913086, 1906.3963623, 10550.5527344, 6804.51074219, 2553.74511719, 1524.0390625, 142.712234497, 124.554985046, 4441.15478516, 10274.0185547, 888.565551758, 368.098114014, 389.6171875, 198.268112183, 27.2257575989, 44.4771614075, 9.60362243652, 10.5236673355, 9.45696353912, 4.68714618683, 6.14972019196, 1.83943378925, 0.512322247028, 0.361406832933, 0.076614074409, 0.0134500684217, 0.00470540951937, 0.00138941733167, 0.000126752740471, 1.82688163477e-05, 6.2384665398e-06, 1.60035170893e-07, 1.54231605265e-09, 1.00316455143e-09], "dvar": [0.236132189631, 2.4293448925, 9.85015296936, 45.2054672241, 164.40435791, 279.851745605, 706.356689453, 725.021362305, 3319.34692383, 1368.79516602, 446.214935303, 591.106018066, 50.3353004456, 40.2622108459, 1720.63452148, 2938.04003906, 350.838500977, 153.0599823, 118.397590637, 91.5819320679, 8.4263715744, 16.1925373077, 2.64099812508, 3.10795283318, 3.04947829247, 1.17224133015, 1.10035204887, 0.468949258327, 0.404001295567, 0.350438594818, 0.0764010548592, 0.00993012078106, 0.00281331944279, 0.000977659248747, 0.000101888799691, 1.01254081528e-05, 5.38370704817e-06, 1.11680542147e-07, 1.1014102963e-09, 2.18920895301e-10], "mean": [0.141109630466, 0.752092123032, 2.72593903542, 7.28997993469, 12.858338356, 18.1856651306, 31.3213615417, 40.4042472839, 68.1462631226, 51.3006668091, 36.7913856506, 37.8125114441, 13.7834825516, 11.032532692, 35.000617981, 61.8472747803, 20.9193534851, 12.0702075958, 8.57534980774, 7.76557970047, 3.71775960922, 4.00280666351, 2.22632670403, 2.27779817581, 2.00544309616, 1.43962407112, 1.3955796957, 0.766795873642, 0.319630116224, 0.193370327353, 0.0849341526628, 0.0482762344182, 0.0335755422711, 0.0165870059282, 0.00464019132778, 0.00173902011011, 0.000842850946356, 0.000152203007019, 2.95888821711e-05, 3.85885614378e-05]}, "zerocrossingrate": {"min": 0.00390625, "max": 0.0908203125, "dvar2": 1.13501728265e-05, "median": 0.0263671875, "dmean2": 0.00397721678019, "dmean": 0.00290447706357, "var": 0.000113934656838, "dvar": 6.23503410679e-06, "mean": 0.0282490849495}, "spectral_contrast_coeffs": {"min": [-0.861346006393, -0.916819989681, -0.908027648926, -0.913834810257, -0.937463521957, -0.952077329159], "max": [-0.291950047016, -0.463001161814, -0.493857830763, -0.616320252419, -0.595111489296, -0.59663695097], "dvar2": [0.00577975902706, 0.00403453921899, 0.00212261034176, 0.00119458336849, 0.000478620000649, 0.000344191183103], "median": [-0.599065721035, -0.738903343678, -0.764583349228, -0.801863133907, -0.818241596222, -0.748269617558], "dmean2": [0.100185401738, 0.0824602991343, 0.0599383898079, 0.0453441031277, 0.0284280274063, 0.0227381866425], "dmean": [0.0582739412785, 0.0482555404305, 0.0365393534303, 0.0266157984734, 0.016613682732, 0.0133838355541], "var": [0.00608447846025, 0.00373504310846, 0.00229370454326, 0.00105639256071, 0.000790348509327, 0.00132004788611], "dvar": [0.0019566337578, 0.00136642763391, 0.000791690603364, 0.000412786350353, 0.000166184312548, 0.000125637612655], "mean": [-0.599899053574, -0.734831213951, -0.761432051659, -0.799923121929, -0.815766811371, -0.746499359608]}, "dissonance": {"min": 0.184761330485, "max": 0.500000059605, "dvar2": 0.00208010082133, "median": 0.455652922392, "dmean2": 0.0502069592476, "dmean": 0.0291146505624, "var": 0.00162135320716, "dvar": 0.000721629767213, "mean": 0.445968776941}, "spectral_energyband_high": {"min": 2.74258184163e-07, "max": 0.00301593542099, "dvar2": 5.26314813953e-09, "median": 2.50281646004e-05, "dmean2": 2.6100417017e-05, "dmean": 1.56985133799e-05, "var": 8.54490789237e-09, "dvar": 2.00831262731e-09, "mean": 5.89212540945e-05}, "gfcc": {"mean": [-55.7321128845, 178.517486572, -121.379989624, 6.06604099274, -55.7178268433, -10.3314723969, -25.1755237579, -12.6780023575, -19.6349887848, -3.2978720665, -4.8705868721, -7.91701936722, -7.44761323929], "icov": [[0.00179750379175, -0.00026636745315, 0.000649861583952, -0.00138590857387, 0.00058680260554, -0.00185802276246, 0.00112706352957, -0.000974041817244, 0.000337213976309, -0.000890652183443, 0.000195892716874, -0.000744831108022, 1.68378155649e-05], [-0.00026636745315, 0.0241605099291, -0.00807983148843, 0.0130546856672, -0.0154310390353, 0.0166031513363, -0.0162097495049, 0.0125749977306, -0.0137042887509, 0.0171367283911, -0.0135482866317, 0.015143933706, -0.008574844338], [0.000649861583952, -0.00807983148843, 0.00569443963468, -0.00426488695666, 0.00596953602508, -0.00649837963283, 0.00521125132218, -0.00407529296353, 0.00112295604777, -0.00494437059388, 0.00440280418843, -0.00501139555126, 0.00262964051217], [-0.00138590857387, 0.0130546856672, -0.00426488695666, 0.0130219990388, -0.00667145382613, 0.00805302150548, -0.00908928737044, 0.00625838339329, -0.00732348999009, 0.00926682259887, -0.00790753960609, 0.00978532992303, -0.00434513995424], [0.00058680260554, -0.0154310390353, 0.00596953602508, -0.00667145382613, 0.0157716795802, -0.0123208155856, 0.0105815194547, -0.00872514396906, 0.00760343438014, -0.0117108793929, 0.00930478703231, -0.0110192755237, 0.00546735199168], [-0.00185802276246, 0.0166031513363, -0.00649837963283, 0.00805302150548, -0.0123208155856, 0.0203927885741, -0.0140333166346, 0.00748391263187, -0.00832584407181, 0.0078580994159, -0.00650678994134, 0.00560039607808, -0.00412523094565], [0.00112706352957, -0.0162097495049, 0.00521125132218, -0.00908928737044, 0.0105815194547, -0.0140333166346, 0.0248114839196, -0.0115382419899, 0.00965785980225, -0.00779230613261, 0.00203205412254, -0.00625770306215, 0.00283036706969], [-0.000974041817244, 0.0125749977306, -0.00407529296353, 0.00625838339329, -0.00872514396906, 0.00748391263187, -0.0115382419899, 0.0233693420887, -0.00986471306533, 0.0047243530862, -0.00458087725565, 0.00704195955768, -0.0018952076789], [0.000337213976309, -0.0137042887509, 0.00112295604777, -0.00732348999009, 0.00760343438014, -0.00832584407181, 0.00965785980225, -0.00986471306533, 0.019830327481, -0.0112037127838, 0.0092243142426, -0.0105704851449, 0.00396293634549], [-0.000890652183443, 0.0171367283911, -0.00494437059388, 0.00926682259887, -0.0117108793929, 0.0078580994159, -0.00779230613261, 0.0047243530862, -0.0112037127838, 0.0321798920631, -0.0163087062538, 0.0128137590364, -0.00686777476221], [0.000195892716874, -0.0135482866317, 0.00440280418843, -0.00790753960609, 0.00930478703231, -0.00650678994134, 0.00203205412254, -0.00458087725565, 0.0092243142426, -0.0163087062538, 0.0330987125635, -0.0201650969684, 0.00693516293541], [-0.000744831108022, 0.015143933706, -0.00501139555126, 0.00978532992303, -0.0110192755237, 0.00560039607808, -0.00625770306215, 0.00704195955768, -0.0105704851449, 0.0128137590364, -0.0201650969684, 0.0403042733669, -0.0147236585617], [1.68378155649e-05, -0.008574844338, 0.00262964051217, -0.00434513995424, 0.00546735199168, -0.00412523094565, 0.00283036706969, -0.0018952076789, 0.00396293634549, -0.00686777476221, 0.00693516293541, -0.0147236585617, 0.028208848089]], "cov": [[1474.40979004, -891.844177246, -326.844451904, 377.143798828, -17.6406669617, 398.52545166, -37.8912887573, 138.325042725, -97.7544021606, 168.805725098, 16.6122627258, 59.0076141357, -27.0784873962], [-891.844177246, 1026.07214355, 408.434448242, -363.798400879, 106.440078735, -332.184692383, 71.6598358154, -118.691818237, 167.552520752, -160.49961853, 8.33405208588, -38.7161178589, 49.0791091919], [-326.844451904, 408.434448242, 610.919433594, -83.551651001, -18.1324462891, -39.0590438843, 24.0888614655, -4.69179582596, 179.1068573, -37.878326416, -6.71215486526, 4.43617486954, 19.1818256378], [377.143798828, -363.798400879, -83.551651001, 286.913726807, -61.9238204956, 108.612510681, 2.43774795532, 39.998664856, -35.2177314758, 42.1554450989, 6.44805049896, 0.169457152486, -14.7861452103], [-17.6406669617, 106.440078735, -18.1324462891, -61.9238204956, 219.665649414, 50.4435653687, -1.64948654175, 19.2731819153, 23.112651825, 22.0673236847, -0.764383852482, 22.2711734772, 4.71799468994], [398.52545166, -332.184692383, -39.0590438843, 108.612510681, 50.4435653687, 273.093048096, 16.3824443817, 67.8796768188, -8.3366765976, 79.9507522583, 9.52213668823, 41.8555641174, -7.62479162216], [-37.8912887573, 71.6598358154, 24.0888614655, 2.43774795532, -1.64948654175, 16.3824443817, 94.5007781982, 10.8713312149, 1.75496351719, -6.83431196213, 21.4564266205, 0.795769393444, 7.12932157516], [138.325042725, -118.691818237, -4.69179582596, 39.998664856, 19.2731819153, 67.8796768188, 10.8713312149, 88.2368240356, 16.8712158203, 35.6474571228, 0.521036088467, 9.64560890198, -7.3199634552], [-97.7544021606, 167.552520752, 179.1068573, -35.2177314758, 23.112651825, -8.3366765976, 1.75496351719, 16.8712158203, 145.964569092, 0.337584555149, -5.5516910553, 10.0187082291, 10.2983884811], [168.805725098, -160.49961853, -37.878326416, 42.1554450989, 22.0673236847, 79.9507522583, -6.83431196213, 35.6474571228, 0.337584555149, 86.1057510376, 15.7515220642, 15.5344934464, -3.21718621254], [16.6122627258, 8.33405208588, -6.71215486526, 6.44805049896, -0.764383852482, 9.52213668823, 21.4564266205, 0.521036088467, -5.5516910553, 15.7515220642, 57.6694717407, 20.6122055054, 4.76051282883], [59.0076141357, -38.7161178589, 4.43617486954, 0.169457152486, 22.2711734772, 41.8555641174, 0.795769393444, 9.64560890198, 10.0187082291, 15.5344934464, 20.6122055054, 53.2560844421, 15.2852554321], [-27.0784873962, 49.0791091919, 19.1818256378, -14.7861452103, 4.71799468994, -7.62479162216, 7.12932157516, -7.3199634552, 10.2983884811, -3.21718621254, 4.76051282883, 15.2852554321, 47.66040802]]}, "spectral_flux": {"min": 0.0327934548259, "max": 0.468820571899, "dvar2": 0.000815194740426, "median": 0.081520229578, "dmean2": 0.0272974651307, "dmean": 0.016377998516, "var": 0.00108428543899, "dvar": 0.00029525932041, "mean": 0.0886964723468}, "silence_rate_30dB": {"min": 0, "max": 1, "dvar2": 0.0285188294947, "median": 1, "dmean2": 0.0242277085781, "dmean": 0.012113542296, "var": 0.0288874618709, "dvar": 0.0119724581018, "mean": 0.970194756985}, "spectral_energyband_middle_high": {"min": 6.74748880556e-05, "max": 0.0938332378864, "dvar2": 7.58230498832e-06, "median": 0.00216746237129, "dmean2": 0.00169648777228, "dmean": 0.00113083259203, "var": 1.52553666339e-05, "dvar": 3.82505822927e-06, "mean": 0.00338234007359}, "barkbands_spread": {"min": 0.798182189465, "max": 37.5210990906, "dvar2": 7.79051685333, "median": 7.82923126221, "dmean2": 3.05254769325, "dmean": 1.81527495384, "var": 29.0450630188, "dvar": 2.78957080841, "mean": 9.25632190704}, "spectral_centroid": {"min": 195.457351685, "max": 2277.33984375, "dvar2": 15873.1855469, "median": 537.692321777, "dmean2": 126.134597778, "dmean": 74.8887329102, "var": 71345.0234375, "dvar": 5600.26171875, "mean": 622.063415527}, "pitch_salience": {"min": 0.175106093287, "max": 0.872885286808, "dvar2": 0.00870688818395, "median": 0.663835406303, "dmean2": 0.119692608714, "dmean": 0.0710413306952, "var": 0.00797422323376, "dvar": 0.00312933139503, "mean": 0.652926623821}, "erbbands_skewness": {"min": -2.10916662216, "max": 4.48288440704, "dvar2": 0.229975700378, "median": 0.60971724987, "dmean2": 0.577222168446, "dmean": 0.355680584908, "var": 0.48477306962, "dvar": 0.0878430902958, "mean": 0.626708745956}, "erbbands_crest": {"min": 2.99473237991, "max": 30.343832016, "dvar2": 13.8818950653, "median": 9.37017345428, "dmean2": 4.45454740524, "dmean": 2.69093990326, "var": 16.2342243195, "dvar": 5.24784326553, "mean": 10.2602510452}, "melbands": {"min": [5.18503952662e-07, 2.62425396613e-06, 1.24094585772e-05, 1.34958945637e-05, 1.03835636764e-05, 8.4660914581e-06, 4.3655331865e-06, 4.31955913882e-06, 4.97498967889e-06, 3.34857736561e-06, 1.7736101654e-06, 8.52274865792e-07, 5.02231387145e-07, 3.77938931706e-07, 2.303776796e-07, 1.47996061628e-07, 8.51226715781e-08, 5.25702645859e-08, 7.21915469626e-08, 7.13156893539e-08, 1.65933542462e-08, 7.80064546291e-09, 6.76662237353e-09, 4.81425610488e-09, 3.79971654141e-09, 2.28227770016e-09, 1.6173431483e-09, 1.26878485496e-09, 9.82714798425e-10, 9.95011406602e-10, 6.26504070844e-10, 6.39002406544e-10, 3.96913918399e-10, 3.8965317084e-10, 2.47568299194e-10, 1.86041904104e-10, 1.67639915838e-10, 1.48118628474e-10, 9.36315816547e-11, 8.43856373667e-11], "max": [0.119228616357, 0.0385479778051, 0.052845261991, 0.0251038763672, 0.0253469627351, 0.0212138667703, 0.0237126238644, 0.0199745167047, 0.00791360065341, 0.00382875651121, 0.00109842582606, 0.00099779618904, 0.00329789752141, 0.0118734445423, 0.00258896267042, 0.00239612464793, 0.000824233924504, 0.00109411019366, 0.000638370460365, 0.00053852587007, 0.00014353611914, 0.000286358117592, 6.99701340636e-05, 5.2450079238e-05, 4.45063997176e-05, 7.03964251443e-05, 2.6703979529e-05, 2.88070914394e-05, 2.6566654924e-05, 2.82324654108e-05, 1.59635656019e-05, 3.34653886966e-05, 3.42108578479e-05, 2.82290293399e-05, 1.32125487653e-05, 1.01312889456e-05, 3.36404218615e-06, 2.14443252844e-06, 1.84564930805e-06, 1.25452049815e-06], "dvar2": [3.14360586344e-05, 5.55779388378e-06, 3.34623973686e-06, 3.61293837159e-06, 1.93366554413e-06, 1.26215945784e-06, 1.71158455942e-06, 2.74746696505e-07, 4.59167281974e-08, 4.8128782737e-08, 3.26670313022e-09, 1.80050108156e-09, 1.48080872009e-08, 1.12870132796e-07, 6.51402620733e-09, 8.58594528808e-09, 1.14529574713e-09, 6.16332818115e-10, 5.47897727188e-10, 2.08895872822e-10, 3.28454589915e-11, 8.33370664144e-11, 1.0536513502e-11, 5.59471913242e-12, 6.94421430081e-12, 7.5203948971e-12, 1.8172676905e-12, 1.99705659995e-12, 1.53527321065e-12, 1.20716587768e-12, 3.61484957636e-13, 3.90927741567e-13, 3.42897856376e-13, 2.46179839751e-13, 7.35499307942e-14, 2.67169861674e-14, 5.9479060132e-15, 3.63845712999e-15, 4.45702257043e-15, 1.86046636403e-15], "median": [0.000159474293469, 0.000697027309798, 0.000822713947855, 0.000690213404596, 0.000704128644429, 0.000662593869492, 0.000517416978255, 0.000278545892797, 0.000173949199961, 0.000146240257891, 4.48891187261e-05, 2.990149369e-05, 4.20057913288e-05, 8.3994884335e-05, 3.33747993864e-05, 2.17895758396e-05, 8.63285004016e-06, 4.77299772683e-06, 4.26886708738e-06, 3.79988887289e-06, 1.89740217138e-06, 2.16329090108e-06, 1.21977177514e-06, 8.88159433998e-07, 9.06425952962e-07, 7.11792267793e-07, 3.9059386836e-07, 3.87887524766e-07, 3.36807772783e-07, 2.38298653699e-07, 1.32715797463e-07, 6.89104950879e-08, 3.99794899408e-08, 3.02784641804e-08, 1.26299966041e-08, 7.69380115173e-09, 7.83198927934e-09, 6.87426870982e-09, 4.45491599166e-09, 2.75128408944e-09], "dmean2": [0.00148647651076, 0.00142950646114, 0.00118804781232, 0.00126994214952, 0.00105075468309, 0.000911659270059, 0.000872440461535, 0.000358136370778, 0.000175444685738, 0.000183254305739, 4.8685742513e-05, 3.27307752741e-05, 7.06399732735e-05, 0.000169600229128, 4.85086711706e-05, 4.25864163844e-05, 1.68167680386e-05, 1.05663484646e-05, 1.0000671864e-05, 6.65279958412e-06, 2.91543074127e-06, 4.10056009059e-06, 1.77440904281e-06, 1.22773838029e-06, 1.40227518841e-06, 1.32867046432e-06, 6.70487452226e-07, 6.81632286614e-07, 5.64929734992e-07, 4.75213141726e-07, 2.40687000996e-07, 1.42230788924e-07, 9.76902185812e-08, 8.66072937811e-08, 4.14947756155e-08, 2.76915717023e-08, 1.93176621366e-08, 1.80872294919e-08, 1.66857567763e-08, 1.03653778893e-08], "dmean": [0.000872482778504, 0.000843169167638, 0.000733383116312, 0.000716721464414, 0.000600680534262, 0.00051561818691, 0.000498576438986, 0.000228603399592, 0.000113839174446, 0.000117315263196, 2.97801907436e-05, 1.98928664759e-05, 4.64244185423e-05, 0.000115021772217, 3.17800222547e-05, 2.47881489486e-05, 9.81484936347e-06, 6.33399122307e-06, 5.96218978899e-06, 3.95544293497e-06, 1.7124847318e-06, 2.38815846387e-06, 1.04964135517e-06, 7.27759470465e-07, 8.32673322293e-07, 7.73543604282e-07, 3.89640291587e-07, 4.01796626193e-07, 3.32132430003e-07, 2.81785048628e-07, 1.44073979413e-07, 8.31876434404e-08, 5.7700397349e-08, 5.09018818207e-08, 2.47989113689e-08, 1.64584097462e-08, 1.15580709448e-08, 1.06733297756e-08, 9.62895807533e-09, 5.993581631e-09], "var": [1.68456572283e-05, 4.2393116928e-06, 4.33547211287e-06, 2.06736399377e-06, 1.32873310577e-06, 1.10355119887e-06, 1.86317686257e-06, 6.56812233046e-07, 1.19557483913e-07, 5.48501688513e-08, 3.39312333786e-09, 2.01161221014e-09, 1.9847385957e-08, 1.6753097043e-07, 1.15809202228e-08, 5.89655391181e-09, 8.7602336496e-10, 7.86359199978e-10, 6.6241828689e-10, 1.60995869414e-10, 3.18140895572e-11, 7.23942641945e-11, 1.04165070666e-11, 6.31477205595e-12, 7.47268046053e-12, 7.68171377202e-12, 2.05787015033e-12, 2.32218346115e-12, 2.6191791791e-12, 1.7469008011e-12, 4.07390917875e-13, 1.94678447625e-13, 1.31821149048e-13, 9.73161980687e-14, 2.7648175226e-14, 1.08360543777e-14, 3.53415899857e-15, 2.49073087459e-15, 2.03236217155e-15, 8.54798704133e-16], "dvar": [1.14009644676e-05, 2.13696102946e-06, 1.36689982355e-06, 1.15111379273e-06, 6.38232052097e-07, 3.99614293656e-07, 5.65891411952e-07, 1.24977404425e-07, 2.18898978943e-08, 2.15142446081e-08, 1.2647608516e-09, 6.91626311777e-10, 7.51891793271e-09, 5.93968323415e-08, 3.07615088957e-09, 2.93555801889e-09, 3.97709309929e-10, 2.63323779448e-10, 2.12305548142e-10, 7.88731649437e-11, 1.1519517111e-11, 2.97702522356e-11, 3.80001021968e-12, 2.07540083209e-12, 2.55601616261e-12, 2.63907016899e-12, 6.31432189521e-13, 7.22077996354e-13, 5.42160500522e-13, 4.43119743372e-13, 1.35935818266e-13, 1.4396399654e-13, 1.35086074813e-13, 9.3653376883e-14, 2.74786890155e-14, 9.96386201086e-15, 2.29655217132e-15, 1.37815743941e-15, 1.57710769103e-15, 6.72162571777e-16], "mean": [0.0011903521372, 0.00129728007596, 0.00143384363037, 0.00113321165554, 0.00105123838875, 0.000974613649305, 0.00096436397871, 0.000512629339937, 0.000274955003988, 0.000218968503759, 6.16136749159e-05, 4.25196703873e-05, 8.47065966809e-05, 0.000214497064007, 6.6752822022e-05, 4.48721111752e-05, 1.84017117135e-05, 1.25590313473e-05, 1.20837758004e-05, 7.41465191822e-06, 3.64147649634e-06, 4.67789004688e-06, 2.27229338634e-06, 1.72580121216e-06, 1.84423709015e-06, 1.69583472598e-06, 9.6792439308e-07, 9.59510316534e-07, 9.03564625787e-07, 6.99671943494e-07, 3.59047874099e-07, 1.96685604692e-07, 1.13862590467e-07, 1.01676732811e-07, 4.9108120237e-08, 3.46218875791e-08, 2.73397517958e-08, 2.47942324449e-08, 1.93483700173e-08, 1.20814211968e-08]}, "spectral_entropy": {"min": 5.05153226852, "max": 7.99391460419, "dvar2": 0.0298500955105, "median": 6.7964630127, "dmean2": 0.205916240811, "dmean": 0.122434720397, "var": 0.286461055279, "dvar": 0.0107063725591, "mean": 6.76756000519}, "spectral_rolloff": {"min": 64.599609375, "max": 2756.25, "dvar2": 65093.5859375, "median": 645.99609375, "dmean2": 217.850448608, "dmean": 124.506378174, "var": 108687.5625, "dvar": 25777.3867188, "mean": 751.284851074}, "barkbands": {"min": [7.20844273161e-09, 2.15370209844e-06, 2.04823186323e-06, 9.04777380129e-07, 6.98075309629e-05, 2.97456554108e-05, 2.19700868911e-05, 8.79022172739e-06, 2.15783584281e-05, 7.25995914763e-06, 2.9657990126e-06, 2.10821121982e-06, 1.79265498446e-06, 8.16453905372e-07, 1.05958270069e-06, 3.89379152921e-07, 1.48777147047e-07, 1.24711391436e-07, 6.83869743057e-08, 5.36632782655e-08, 4.4742812122e-08, 2.98728117798e-08, 1.93347649002e-08, 1.53777985901e-08, 1.17098011287e-08, 1.3276751254e-08, 5.89217243885e-08], "max": [0.130394458771, 0.322099030018, 0.122689493001, 0.144174411893, 0.0932225733995, 0.0990197882056, 0.115025430918, 0.0642525851727, 0.0201144367456, 0.00899496115744, 0.0195450764149, 0.0877366513014, 0.0203375183046, 0.00695196213201, 0.0128093790263, 0.00417878199369, 0.00367955188267, 0.00107792462222, 0.0013014775468, 0.000721111427993, 0.000789918878581, 0.00160211813636, 0.000849741627462, 0.000266696122708, 9.93599387584e-05, 4.38940878666e-05, 1.54734843818e-05], "dvar2": [3.75395538867e-05, 0.000245977949817, 2.83340377791e-05, 1.95551183424e-05, 5.68978939555e-05, 3.27695597662e-05, 3.12393021886e-05, 2.62214302893e-06, 1.60570948537e-06, 1.32234688976e-07, 2.30626994835e-07, 6.86564180796e-06, 6.75607850553e-07, 5.60679005446e-08, 1.15107532395e-07, 1.40095428591e-08, 1.41089842032e-08, 2.95193292033e-09, 3.52392981462e-09, 1.32883659631e-09, 1.21294929656e-09, 8.84106454713e-10, 2.99375996216e-10, 3.40612919814e-11, 1.01680946649e-11, 2.52245360016e-12, 7.88300834656e-14], "median": [1.15185866889e-05, 0.000789327546954, 0.00154831632972, 0.00137022743002, 0.00359047064558, 0.00321166729555, 0.0026060026139, 0.000944931525737, 0.000933923060074, 0.000239209170104, 0.000181270501344, 0.000735027831979, 0.000212707265746, 6.68471911922e-05, 6.54975083307e-05, 4.02006699005e-05, 3.16080622724e-05, 2.18268942263e-05, 1.97583685804e-05, 1.18377283798e-05, 9.7398451544e-06, 3.08967037199e-06, 1.05119283944e-06, 5.94048287894e-07, 2.5149074645e-07, 5.87844013467e-08, 1.20675579751e-07], "dmean2": [0.00138683849946, 0.00471901800483, 0.00340774888173, 0.00269111152738, 0.00547997560352, 0.0046267118305, 0.00395486643538, 0.00116691412404, 0.00109484628774, 0.000290458818199, 0.000300721963868, 0.00138200330548, 0.000400041608373, 0.000120818876894, 0.000147647762788, 6.17573168711e-05, 5.37922387593e-05, 3.01938380289e-05, 3.00913125102e-05, 1.79319322342e-05, 1.54631998157e-05, 5.77573473493e-06, 2.86060731014e-06, 1.39004350785e-06, 7.75442060785e-07, 3.32268200509e-07, 7.84791822639e-08], "dmean": [0.000796909152996, 0.00277044717222, 0.0020516673103, 0.00166506529786, 0.00311796856113, 0.002633233089, 0.0023074245546, 0.000755373563152, 0.000702755583916, 0.000176225192263, 0.000188111051102, 0.00093828124227, 0.000234439445194, 7.04722478986e-05, 8.82566528162e-05, 3.69280278392e-05, 3.13536293106e-05, 1.79396010935e-05, 1.76143057615e-05, 1.05473909571e-05, 9.17887791729e-06, 3.42098360306e-06, 1.70358930518e-06, 8.29497253108e-07, 4.49202872232e-07, 1.91856173615e-07, 4.6358277217e-08], "var": [1.6842261175e-05, 0.000136808725074, 2.25325129577e-05, 2.68892508757e-05, 3.53794712282e-05, 2.59968583123e-05, 4.34898283856e-05, 7.12588098395e-06, 1.91547155737e-06, 1.3492091e-07, 2.87984050829e-07, 1.04672453745e-05, 4.99528027831e-07, 4.39400942298e-08, 1.61081487704e-07, 1.34601076951e-08, 1.31417321469e-08, 3.54906282141e-09, 4.26215240878e-09, 1.83487991468e-09, 2.35329977727e-09, 4.1228687131e-10, 1.14421520869e-10, 2.06372228334e-11, 5.3043476729e-12, 1.25521663376e-12, 4.01044757299e-14], "dvar": [1.2975966456e-05, 8.96683704923e-05, 1.16041819638e-05, 8.06414846011e-06, 1.83361426025e-05, 1.06030629468e-05, 1.08498488771e-05, 1.2308452142e-06, 7.13848976375e-07, 5.06899553443e-08, 1.10141627374e-07, 3.59973796549e-06, 2.32037876913e-07, 1.98531893147e-08, 4.78314632346e-08, 5.36082067626e-09, 5.03479258285e-09, 1.09131159665e-09, 1.2399309357e-09, 4.7315174001e-10, 4.35154856593e-10, 3.45658973666e-10, 1.10162191869e-10, 1.30461353526e-11, 3.70608188235e-12, 8.82399784751e-13, 3.33666538952e-14], "mean": [0.0009242912638, 0.00378495990299, 0.00288827135228, 0.00292576337233, 0.00535634113476, 0.00471983198076, 0.00476989103481, 0.00174044282176, 0.00135804945603, 0.000344855041476, 0.000321933475789, 0.00177929212805, 0.000432996515883, 0.000135039925226, 0.000179326103535, 7.45385550545e-05, 6.57741329633e-05, 4.18462768721e-05, 4.38260321971e-05, 2.83139852399e-05, 2.72336365015e-05, 8.28507018014e-06, 3.70481097889e-06, 2.14014471567e-06, 1.0237808965e-06, 4.10881057178e-07, 1.64011268566e-07]}, "melbands_flatness_db": {"min": 0.110863685608, "max": 0.595748841763, "dvar2": 0.000661293801386, "median": 0.294638872147, "dmean2": 0.0316652357578, "dmean": 0.0189442243427, "var": 0.00588077958673, "dvar": 0.000249482545769, "mean": 0.300474107265}, "melbands_skewness": {"min": -1.23695099354, "max": 6.56649494171, "dvar2": 0.351417213678, "median": 1.44129884243, "dmean2": 0.718990504742, "dmean": 0.436346083879, "var": 0.488878875971, "dvar": 0.131983086467, "mean": 1.46912121773}, "barkbands_skewness": {"min": -1.74011981487, "max": 5.37734651566, "dvar2": 0.295182526112, "median": 1.10131788254, "dmean2": 0.666545212269, "dmean": 0.405217885971, "var": 0.465838432312, "dvar": 0.109856106341, "mean": 1.10072875023}, "silence_rate_60dB": {"min": 0, "max": 0, "dvar2": 0, "median": 0, "dmean2": 0, "dmean": 0, "var": 0, "dvar": 0, "mean": 0}, "spectral_energyband_low": {"min": 5.66273156437e-05, "max": 0.395005732775, "dvar2": 0.000372777634766, "median": 0.00393213424832, "dmean2": 0.0082246856764, "dmean": 0.00492260465398, "var": 0.000285133719444, "dvar": 0.000138085873914, "mean": 0.00872565992177}, "spectral_energyband_middle_low": {"min": 0.000889384245966, "max": 0.228698119521, "dvar2": 0.000161657269928, "median": 0.0157790966332, "dmean2": 0.0104982415214, "dmean": 0.00611902493984, "var": 0.000328431080561, "dvar": 5.46121154912e-05, "mean": 0.0209770407528}, "melbands_kurtosis": {"min": -1.65466248989, "max": 64.8058853149, "dvar2": 16.7758922577, "median": 3.47884368896, "dmean2": 3.78327083588, "dmean": 2.28380012512, "var": 16.8651542664, "dvar": 6.33137226105, "mean": 4.33120775223}, "spectral_decrease": {"min": -1.23658779216e-07, "max": -8.84769979503e-10, "dvar2": 3.54563690381e-17, "median": -6.0055254103e-09, "dmean2": 3.86943765918e-09, "dmean": 2.29158714227e-09, "var": 5.59602705992e-17, "dvar": 1.2834592287e-17, "mean": -8.16389178482e-09}, "erbbands_kurtosis": {"min": -1.56440854073, "max": 51.3831481934, "dvar2": 6.80153656006, "median": 0.875873446465, "dmean2": 1.99732685089, "dmean": 1.21527957916, "var": 7.91137933731, "dvar": 2.54987716675, "mean": 1.70900726318}, "melbands_crest": {"min": 3.61542701721, "max": 34.2538719177, "dvar2": 17.8588371277, "median": 10.4634380341, "dmean2": 5.06158828735, "dmean": 2.954018116, "var": 13.4295034409, "dvar": 6.32806015015, "mean": 11.1758270264}, "melbands_spread": {"min": 1.21727859974, "max": 58.1329421997, "dvar2": 18.2642726898, "median": 9.85389709473, "dmean2": 4.34456110001, "dmean": 2.60515713692, "var": 55.8438568115, "dvar": 6.70935249329, "mean": 12.1386270523}, "spectral_energy": {"min": 0.00363089772873, "max": 0.471253842115, "dvar2": 0.000516594678629, "median": 0.0236719436944, "dmean2": 0.0149421328679, "dmean": 0.0088562797755, "var": 0.000827240990475, "dvar": 0.0001869888074, "mean": 0.0319583117962}, "mfcc": {"mean": [-699.230834961, 209.575164795, -9.02654647827, 20.4358329773, -13.0343446732, 1.85300076008, -1.49196016788, -9.27955436707, -7.28341007233, -7.33990430832, -2.40488123894, 4.43128919601, 1.27173888683], "icov": [[0.00171232048888, 0.0013943532249, 0.000580375199206, -1.42973622133e-05, -0.00019092351431, -0.000800194800831, 0.000171961262822, -0.000660798570607, -0.000152810142026, -0.000335340562742, 0.0001423076028, -0.00114707485773, 0.000163858232554], [0.0013943532249, 0.00246069487184, -0.00010926205141, 0.000653788971249, -0.00109307747334, 0.00104345520958, 0.000570878211875, -0.000319741491694, -0.00131766253617, 0.00156456255354, -0.000468693353469, 1.28837964439e-05, -0.000773924984969], [0.000580375199206, -0.00010926205141, 0.00309755303897, -0.000812991871499, 0.00138261809479, -0.00138930568937, 0.00197568698786, -0.00190319877584, 5.83991786698e-05, -0.00242209900171, 0.00120074755978, -0.00140789197758, -0.000922838051338], [-1.42973622133e-05, 0.000653788971249, -0.000812991871499, 0.00766556896269, 0.000447397440439, 0.00168986106291, 0.000323667132761, 0.000236577863689, -0.000171209321707, 0.00137778720818, -0.000545483140741, -0.000771032879129, 0.00167369435076], [-0.00019092351431, -0.00109307747334, 0.00138261809479, 0.000447397440439, 0.00879369303584, -0.00342858606018, 0.00113759364467, -0.00102673692163, -8.41926666908e-05, -0.0043768491596, -0.000124868267449, 0.00085456459783, -0.000528743024915], [-0.000800194800831, 0.00104345520958, -0.00138930568937, 0.00168986106291, -0.00342858606018, 0.012928571552, -0.00277563673444, -0.000879395578522, -0.000653121271171, -0.000321851461194, -0.00083009316586, 0.00137062754948, -0.00152769393753], [0.000171961262822, 0.000570878211875, 0.00197568698786, 0.000323667132761, 0.00113759364467, -0.00277563673444, 0.0102933440357, -0.00174186937511, 2.35983297898e-05, 0.000789440469816, 0.000713069573976, -0.00472061987966, -0.00040375100798], [-0.000660798570607, -0.000319741491694, -0.00190319877584, 0.000236577863689, -0.00102673692163, -0.000879395578522, -0.00174186937511, 0.0161599237472, -0.00432804133743, 0.00154006259982, -0.0040523596108, 0.00342684937641, -0.00263292971067], [-0.000152810142026, -0.00131766253617, 5.83991786698e-05, -0.000171209321707, -8.41926666908e-05, -0.000653121271171, 2.35983297898e-05, -0.00432804133743, 0.0216270815581, -0.00929283443838, 0.00687681091949, -0.0047720069997, 0.00269161188044], [-0.000335340562742, 0.00156456255354, -0.00242209900171, 0.00137778720818, -0.0043768491596, -0.000321851461194, 0.000789440469816, 0.00154006259982, -0.00929283443838, 0.0248414222151, -0.0140861496329, 0.00713356211782, -0.00258697778918], [0.0001423076028, -0.000468693353469, 0.00120074755978, -0.000545483140741, -0.000124868267449, -0.00083009316586, 0.000713069573976, -0.0040523596108, 0.00687681091949, -0.0140861496329, 0.0303732790053, -0.0103505207226, 0.0026211629156], [-0.00114707485773, 1.28837964439e-05, -0.00140789197758, -0.000771032879129, 0.00085456459783, 0.00137062754948, -0.00472061987966, 0.00342684937641, -0.0047720069997, 0.00713356211782, -0.0103505207226, 0.0271435119212, -0.00769114913419], [0.000163858232554, -0.000773924984969, -0.000922838051338, 0.00167369435076, -0.000528743024915, -0.00152769393753, -0.00040375100798, -0.00263292971067, 0.00269161188044, -0.00258697778918, 0.0026211629156, -0.00769114913419, 0.0247004907578]], "cov": [[1895.48254395, -1267.02722168, -348.505401611, 15.5329456329, 33.940372467, 226.696105957, 191.001953125, 29.9762210846, -17.5981712341, 73.8398208618, 56.4353713989, 73.7180480957, -18.6650428772], [-1267.02722168, 1334.06860352, 238.25831604, -51.2385864258, 35.9396476746, -172.183273315, -161.637817383, 0.38631850481, 40.5320396423, -55.5546607971, -38.5453186035, -48.6851730347, 28.7930335999], [-348.505401611, 238.25831604, 560.686584473, 26.9838371277, -18.1095619202, -1.06981635094, -111.2890625, 55.6310081482, 37.4585189819, 51.9926986694, 3.94998836517, -7.48762512207, 31.1664962769], [15.5329456329, -51.2385864258, 26.9838371277, 153.094512939, -39.3723335266, -28.1830883026, -8.00855636597, -9.37775707245, -7.80423974991, -17.4258022308, -4.02962064743, 6.8088388443, -13.2172775269], [33.940372467, 35.9396476746, -18.1095619202, -39.3723335266, 179.506729126, 55.8938903809, -10.1779909134, 24.3373718262, 22.1234836578, 54.9792404175, 21.1328105927, -13.7855443954, 9.43188476562], [226.696105957, -172.183273315, -1.06981635094, -28.1830883026, 55.8938903809, 137.610458374, 41.1515693665, 26.0654144287, 10.861661911, 38.1062545776, 18.6566333771, 6.04378843307, 10.8390350342], [191.001953125, -161.637817383, -111.2890625, -8.00855636597, -10.1779909134, 41.1515693665, 152.718917847, 4.28772878647, -6.83637285233, -12.2802791595, 5.19570398331, 31.5699119568, 4.0714430809], [29.9762210846, 0.38631850481, 55.6310081482, -9.37775707245, 24.3373718262, 26.0654144287, 4.28772878647, 82.339553833, 21.1162509918, 22.9535045624, 13.4639949799, -1.73348355293, 11.6416444778], [-17.5981712341, 40.5320396423, 37.4585189819, -7.80423974991, 22.1234836578, 10.861661911, -6.83637285233, 21.1162509918, 65.1217193604, 29.4421215057, 1.42951059341, 0.882593870163, 2.70989274979], [73.8398208618, -55.5546607971, 51.9926986694, -17.4258022308, 54.9792404175, 38.1062545776, -12.2802791595, 22.9535045624, 29.4421215057, 93.4390029907, 34.5339202881, -7.49726629257, 7.25125408173], [56.4353713989, -38.5453186035, 3.94998836517, -4.02962064743, 21.1328105927, 18.6566333771, 5.19570398331, 13.4639949799, 1.42951059341, 34.5339202881, 53.8596305847, 12.8558101654, 3.71352267265], [73.7180480957, -48.6851730347, -7.48762512207, 6.8088388443, -13.7855443954, 6.04378843307, 31.5699119568, -1.73348355293, 0.882593870163, -7.49726629257, 12.8558101654, 56.3185310364, 12.9450349808], [-18.6650428772, 28.7930335999, 31.1664962769, -13.2172775269, 9.43188476562, 10.8390350342, 4.0714430809, 11.6416444778, 2.70989274979, 7.25125408173, 3.71352267265, 12.9450349808, 49.8516387939]]}, "spectral_contrast_valleys": {"min": [-9.52509784698, -7.81410551071, -8.48105144501, -9.80730056763, -10.9905843735, -13.6083869934], "max": [-4.57843112946, -4.3172454834, -5.50065374374, -5.82299232483, -6.52741146088, -8.95781898499], "dvar2": [0.339495480061, 0.147189602256, 0.100324697793, 0.0619494467974, 0.0371904224157, 0.059641379863], "median": [-7.0832362175, -5.82772827148, -6.87033510208, -7.82932949066, -8.41242599487, -12.0638275146], "dmean2": [0.757801830769, 0.499711096287, 0.41508975625, 0.328121513128, 0.228080064058, 0.215458348393], "dmean": [0.439053088427, 0.293489903212, 0.243951395154, 0.190807372332, 0.13470633328, 0.134591862559], "var": [0.399189859629, 0.166824281216, 0.15963627398, 0.350847244263, 0.4685536623, 0.630224943161], "dvar": [0.115133732557, 0.0508147999644, 0.0348089151084, 0.0209681577981, 0.0141925867647, 0.0300294253975], "mean": [-7.0592455864, -5.84170293808, -6.8855919838, -7.82555770874, -8.40439891815, -11.9542942047]}, "barkbands_flatness_db": {"min": 0.0666638687253, "max": 0.442060619593, "dvar2": 0.000495175423566, "median": 0.208880007267, "dmean2": 0.0272670034319, "dmean": 0.0163172855973, "var": 0.00361396023072, "dvar": 0.000182282004971, "mean": 0.211725369096}, "dynamic_complexity": 1.89323484898, "spectral_skewness": {"min": 0.69021999836, "max": 10.9688968658, "dvar2": 0.843573272228, "median": 2.53145265579, "dmean2": 0.87753456831, "dmean": 0.506656467915, "var": 2.02107715607, "dvar": 0.299416959286, "mean": 2.95939159393}, "erbbands_flatness_db": {"min": 0.111895956099, "max": 0.433908760548, "dvar2": 0.000375692849047, "median": 0.244863331318, "dmean2": 0.0233610272408, "dmean": 0.0145677775145, "var": 0.00229174480774, "dvar": 0.000152912427438, "mean": 0.245093554