{"lowlevel": {"spectral_complexity": {"min": 0, "max": 37, "dvar2": 4.29780054092, "median": 6, "dmean2": 1.85788929462, "dmean": 1.16717994213, "var": 14.1352815628, "dvar": 2.12595582008, "mean": 6.60714864731}, "silence_rate_20dB": {"min": 1, "max": 1, "dvar2": 0, "median": 1, "dmean2": 0, "dmean": 0, "var": 0, "dvar": 0, "mean": 1}, "average_loudness": 0.905112624168, "erbbands_spread": {"min": 0.8332234025, "max": 222.975646973, "dvar2": 687.278198242, "median": 15.8943214417, "dmean2": 15.6382112503, "dmean": 10.5170507431, "var": 851.372314453, "dvar": 339.840240479, "mean": 26.4306678772}, "spectral_kurtosis": {"min": -1.56344521046, "max": 173.322860718, "dvar2": 69.6305770874, "median": 8.91385364532, "dmean2": 5.96366834641, "dmean": 4.40533828735, "var": 178.034698486, "dvar": 36.5239944458, "mean": 12.4427309036}, "barkbands_kurtosis": {"min": -1.9646923542, "max": 5460.58837891, "dvar2": 34721.484375, "median": 17.2914943695, "dmean2": 57.1466598511, "dmean": 39.2221298218, "var": 100610.132812, "dvar": 16512.3554688, "mean": 97.5382766724}, "spectral_strongpeak": {"min": 0, "max": 11.7234344482, "dvar2": 0.913697183132, "median": 0.578060925007, "dmean2": 0.500633955002, "dmean": 0.30088442564, "var": 1.31560015678, "dvar": 0.390901148319, "mean": 0.956051647663}, "spectral_spread": {"min": 554621, "max": 42531992, "dvar2": 2907148648450.0, "median": 4926519.5, "dmean2": 1533553.25, "dmean": 1213289.875, "var": 20963787800600.0, "dvar": 1931969036290.0, "mean": 6142177}, "spectral_rms": {"min": 3.11452773294e-12, "max": 0.0134649435058, "dvar2": 2.07272387343e-06, "median": 0.00593961123377, "dmean2": 0.00106329529081, "dmean": 0.000725774501916, "var": 6.16896249994e-06, "dvar": 9.8342536603e-07, "mean": 0.00573353795335}, "erbbands": {"min": [6.42969726716e-23, 5.51835693427e-22, 1.83514280006e-21, 4.36301745529e-21, 1.15998631148e-20, 1.53597099993e-20, 5.56747159093e-20, 5.89718901427e-20, 8.08817009084e-20, 1.20793146077e-19, 1.89855373073e-19, 2.58408224832e-19, 4.65725122141e-19, 8.53831027721e-19, 7.59911390008e-19, 9.72130366423e-19, 1.04240990601e-18, 1.69866915462e-18, 2.23958613181e-18, 2.69891063377e-18, 3.99967675564e-18, 4.85783073264e-18, 4.49934968031e-18, 5.94261275873e-18, 7.49129835186e-18, 8.42986379698e-18, 8.78245366898e-18, 8.12350339505e-18, 1.05376027158e-17, 1.05014342435e-17, 1.01521365504e-17, 8.92902511044e-18, 9.49495892449e-18, 8.46685365961e-18, 5.49286431993e-18, 3.99722251076e-18, 2.27837283753e-18, 9.4214114011e-19, 2.18201818689e-19, 2.70050187724e-20], "max": [4.8965959549, 41.1849861145, 94.0810928345, 48.9950180054, 208.761642456, 566.931945801, 805.279663086, 1093.03186035, 1527.61975098, 1226.99865723, 1487.93457031, 2174.01708984, 3034.87548828, 2149.43603516, 1737.78442383, 1935.27624512, 1498.02905273, 1282.75170898, 928.046813965, 1200.76513672, 813.761413574, 473.919311523, 523.469970703, 246.705429077, 165.83581543, 275.496795654, 109.801185608, 204.685501099, 973.978088379, 825.523742676, 482.058898926, 876.213867188, 189.10055542, 109.522071838, 37.2619132996, 7.11992549896, 1.78462588787, 0.269446492195, 0.0366242714226, 0.00197770725936], "dvar2": [0.255086630583, 14.1411275864, 42.6824378967, 8.03462505341, 190.233444214, 2508.65356445, 1827.42175293, 1617.01403809, 6792.20019531, 3407.50732422, 7781.03222656, 2279.4909668, 11916.2958984, 4253.625, 1407.04333496, 1709.6184082, 636.655578613, 1264.5579834, 361.246246338, 454.831268311, 238.097061157, 156.509552002, 95.3865432739, 72.8687591553, 19.9312038422, 34.9266624451, 18.6753692627, 50.2609901428, 525.969421387, 372.779144287, 200.475128174, 373.344482422, 34.5630645752, 10.1916818619, 0.904558539391, 0.198079049587, 0.0234449394047, 0.000517513544764, 4.48622085969e-06, 9.30636012697e-09], "median": [0.198784068227, 1.58936345577, 1.50152683258, 0.727790176868, 2.6618065834, 8.19098567963, 10.6343040466, 7.85479640961, 7.06143712997, 5.16947078705, 3.10471081734, 1.28402972221, 0.810997664928, 0.43038675189, 0.503163099289, 0.653340280056, 0.552756667137, 0.392704099417, 0.232784301043, 0.200997203588, 0.146135792136, 0.136740192771, 0.135109648108, 0.106768250465, 0.0772329717875, 0.084736391902, 0.0942213758826, 0.0870820954442, 0.0757563561201, 0.0875312760472, 0.10618212074, 0.106009311974, 0.0738547220826, 0.0613405667245, 0.0495980754495, 0.0336019471288, 0.0128299100325, 0.00189731351566, 0.00017145104357, 5.86694695812e-05], "dmean2": [0.207388103008, 1.51943528652, 2.35988783836, 1.25031733513, 6.39177942276, 21.583978653, 18.6643218994, 15.3592672348, 29.5301246643, 20.1852035522, 28.298866272, 10.7072515488, 16.2182941437, 7.60878801346, 5.55612325668, 7.8298573494, 4.66943645477, 7.19438171387, 3.95574712753, 3.75313353539, 2.76074361801, 2.39663338661, 2.32728433609, 2.09312748909, 1.11459839344, 1.20069110394, 0.812381386757, 1.00578987598, 2.00034546852, 2.14771413803, 1.86597180367, 1.99984228611, 0.93908149004, 0.544131577015, 0.303725451231, 0.182869121432, 0.0639755800366, 0.00945083796978, 0.000807599339169, 4.57286878373e-05], "dmean": [0.153509035707, 1.06340551376, 1.57321310043, 0.802340149879, 4.03973722458, 13.6202430725, 11.7890396118, 10.0514278412, 18.4149665833, 12.7015695572, 17.3402957916, 7.52430105209, 11.9374628067, 5.73215246201, 4.29530620575, 6.57400894165, 3.83247590065, 5.78404760361, 3.0694835186, 2.91299676895, 2.04783082008, 1.84819591045, 1.79231476784, 1.538367033, 0.82990270853, 0.848852694035, 0.521892428398, 0.6432543993, 1.28333246708, 1.38427686691, 1.2090139389, 1.30380928516, 0.654077112675, 0.381161570549, 0.221164897084, 0.133756443858, 0.0458407066762, 0.00663327798247, 0.000564194750041, 3.26423469232e-05], "var": [0.831401407719, 22.7358493805, 62.2617797852, 9.31080245972, 241.563323975, 2709.02856445, 2400.26342773, 3400.46313477, 11798.0878906, 4667.29785156, 6792.42626953, 5094.62597656, 15256.9931641, 5550.78955078, 3193.75439453, 14397.6064453, 3813.91821289, 4724.1953125, 712.840576172, 755.791381836, 649.053649902, 472.609680176, 351.539825439, 133.317169189, 51.0302963257, 53.6366119385, 10.5887594223, 21.2155342102, 165.727813721, 141.229751587, 104.529823303, 215.161392212, 30.6822719574, 9.17599868774, 0.884229838848, 0.151200383902, 0.0160079877824, 0.00029119377723, 2.19590901906e-06, 6.40621866665e-09], "dvar": [0.122206240892, 6.09725666046, 20.26014328, 3.4846739769, 82.6776885986, 1037.0916748, 728.106628418, 793.341918945, 2870.32104492, 1598.42016602, 3194.06982422, 1229.9362793, 5517.19140625, 1990.93554688, 754.347839355, 1365.546875, 525.719665527, 796.447265625, 219.378479004, 268.161193848, 131.79095459, 92.1814117432, 58.6552047729, 38.8441314697, 11.1603775024, 17.0612697601, 7.7273850441, 20.0570545197, 196.944519043, 142.184875488, 80.9595870972, 147.130340576, 17.134563446, 4.99325275421, 0.479337453842, 0.104511842132, 0.0119410678744, 0.000240573790506, 1.97832173399e-06, 4.32728208821e-09], "mean": [0.648311555386, 3.91278100014, 3.9336180687, 1.91107392311, 8.32587528229, 29.1995334625, 30.4283847809, 26.9073867798, 42.9000701904, 25.0765571594, 27.2602138519, 16.1302375793, 26.5572090149, 13.7556638718, 10.2541637421, 20.81407547, 10.0197105408, 14.3981256485, 6.0236582756, 5.23983860016, 4.24764966965, 3.95080852509, 3.97661757469, 3.25263023376, 1.88848257065, 1.57880628109, 0.719412326813, 0.774664163589, 1.47320222855, 1.72559976578, 1.58298182487, 1.69876372814, 0.870407879353, 0.513119995594, 0.280569642782, 0.162480100989, 0.0556441359222, 0.00794162414968, 0.000682680110913, 7.5863674283e-05]}, "zerocrossingrate": {"min": 0.001953125, "max": 0.65478515625, "dvar2": 0.000246083043749, "median": 0.01953125, "dmean2": 0.00965590029955, "dmean": 0.00821955315769, "var": 0.00567344622687, "dvar": 0.000204621188459, "mean": 0.0368570312858}, "spectral_contrast_coeffs": {"min": [-0.981186032295, -0.981812238693, -0.978799402714, -0.972093224525, -0.967459440231, -0.9650426507], "max": [-0.140515357256, -0.279607146978, -0.275927990675, -0.421022742987, -0.487480610609, -0.589314877987], "dvar2": [0.00361019349657, 0.00462890695781, 0.00239340914413, 0.00175276072696, 0.00116908096243, 0.000689527252689], "median": [-0.621712565422, -0.653940498829, -0.769417345524, -0.785293936729, -0.834492146969, -0.858173847198], "dmean2": [0.0679060444236, 0.0755079686642, 0.0557358562946, 0.0474590845406, 0.0358086489141, 0.0249780602753], "dmean": [0.0422418676317, 0.0468684844673, 0.0368034988642, 0.0319168902934, 0.024369250983, 0.0166984256357], "var": [0.0120172081515, 0.0136765604839, 0.0128012243658, 0.00881208013743, 0.00583300692961, 0.00186410779133], "dvar": [0.00154302641749, 0.00195061950944, 0.00128988723736, 0.000952367670834, 0.000640001555439, 0.000343287974829], "mean": [-0.614665865898, -0.652158856392, -0.746639251709, -0.769805312157, -0.812265276909, -0.846188127995]}, "dissonance": {"min": 0.112774379551, "max": 0.5, "dvar2": 0.00432240217924, "median": 0.391561597586, "dmean2": 0.0717357695103, "dmean": 0.043281134218, "var": 0.00476907333359, "dvar": 0.00161512813065, "mean": 0.383287906647}, "spectral_energyband_high": {"min": 6.95072760145e-21, "max": 0.0306713506579, "dvar2": 1.77689673819e-06, "median": 4.17839473812e-05, "dmean2": 0.00027369504096, "dmean": 0.000190563674551, "var": 1.31622323352e-06, "dvar": 7.86756118032e-07, "mean": 0.000274053920293}, "gfcc": {"mean": [-105.211753845, 107.849769592, -28.3621673584, 17.0857810974, -52.053062439, 9.2858953476, -39.1590080261, 8.36601829529, -17.8744354248, 12.8407049179, -6.59046173096, 6.98805904388, -10.6798944473], "icov": [[0.000192624807823, -0.000474303902593, 0.000392231275328, -0.000510317680892, 0.000562837114558, -0.000719464966096, 0.000741464726161, -0.000893893593457, 0.00082400435349, -0.000867450144142, 0.000586250680499, -0.000555072620045, 0.000272464734735], [-0.000474303902593, 0.00198608054779, -0.00112781871576, 0.00183365028352, -0.00167779962067, 0.00204773875885, -0.00178891664837, 0.00244264770299, -0.00231316452846, 0.00270846532658, -0.00247174454853, 0.00191172317136, -0.000920015387237], [0.000392231275328, -0.00112781871576, 0.00152925692964, -0.00150059489533, 0.00110148638487, -0.00175833131652, 0.00146830175072, -0.00165679352358, 0.00182750029489, -0.00293314130977, 0.00227253511548, -0.00146235001739, 0.000753116968554], [-0.000510317680892, 0.00183365028352, -0.00150059489533, 0.00347920553759, -0.00181325466838, 0.0018864935264, -0.00199314905331, 0.00233110575937, -0.00309907039627, 0.00347795384005, -0.00226901611313, 0.00163095002063, -0.00116865977179], [0.000562837114558, -0.00167779962067, 0.00110148638487, -0.00181325466838, 0.00403701607138, -0.00218854914419, 0.00160481606144, -0.00319900270551, 0.00235330080613, -0.00275996956043, 0.00188706209883, -0.00198078947142, 0.000188170030015], [-0.000719464966096, 0.00204773875885, -0.00175833131652, 0.0018864935264, -0.00218854914419, 0.00768901687115, -0.00529837142676, 0.00420068902895, -0.00341021735221, 0.00249092606828, -0.00199718284421, 0.00178906309884, -0.000707335188054], [0.000741464726161, -0.00178891664837, 0.00146830175072, -0.00199314905331, 0.00160481606144, -0.00529837142676, 0.00817020144314, -0.00534080155194, 0.00344286183827, -0.00275306799449, 0.000208781842957, -0.000786630611401, 0.00100489414763], [-0.000893893593457, 0.00244264770299, -0.00165679352358, 0.00233110575937, -0.00319900270551, 0.00420068902895, -0.00534080155194, 0.0104264719412, -0.00614877836779, 0.00294529506937, -0.00128794857301, 0.00149563548621, -0.00084349460667], [0.00082400435349, -0.00231316452846, 0.00182750029489, -0.00309907039627, 0.00235330080613, -0.00341021735221, 0.00344286183827, -0.00614877836779, 0.0107269492, -0.005351386033, 0.00231288420036, -0.00144471903332, -0.000578393810429], [-0.000867450144142, 0.00270846532658, -0.00293314130977, 0.00347795384005, -0.00275996956043, 0.00249092606828, -0.00275306799449, 0.00294529506937, -0.005351386033, 0.0128813441843, -0.00618700776249, 0.00241301697679, -0.00114601431414], [0.000586250680499, -0.00247174454853, 0.00227253511548, -0.00226901611313, 0.00188706209883, -0.00199718284421, 0.000208781842957, -0.00128794857301, 0.00231288420036, -0.00618700776249, 0.0125625487417, -0.00612313160673, 0.000976787065156], [-0.000555072620045, 0.00191172317136, -0.00146235001739, 0.00163095002063, -0.00198078947142, 0.00178906309884, -0.000786630611401, 0.00149563548621, -0.00144471903332, 0.00241301697679, -0.00612313160673, 0.0148088783026, -0.00487466389313], [0.000272464734735, -0.000920015387237, 0.000753116968554, -0.00116865977179, 0.000188170030015, -0.000707335188054, 0.00100489414763, -0.00084349460667, -0.000578393810429, -0.00114601431414, 0.000976787065156, -0.00487466389313, 0.0110029550269]], "cov": [[24790.9863281, 1926.54052734, -2393.57128906, -250.659561157, -1204.62536621, 40.3472595215, -784.583496094, 253.744552612, -427.858123779, 99.7845611572, 49.715965271, 151.403594971, -150.73097229], [1926.54052734, 1862.80004883, -218.908798218, -460.202209473, 110.801704407, -133.022369385, -36.3217277527, -105.315139771, -15.3904428482, -48.7987327576, 151.578460693, -20.414396286, 30.5609951019], [-2393.57128906, -218.908798218, 2245.41650391, 425.54083252, 147.314987183, 225.748916626, 82.004234314, 60.7346839905, 72.3698577881, 236.093017578, -131.125701904, 14.5168876648, -11.8995065689], [-250.659561157, -460.202209473, 425.54083252, 743.700378418, 108.360092163, 85.0835418701, 69.2410736084, 76.9566497803, 103.054222107, 10.8181381226, -23.669757843, 21.5890464783, 38.9933242798], [-1204.62536621, 110.801704407, 147.314987183, 108.360092163, 523.236999512, 62.9198074341, 116.433296204, 95.7679519653, 67.9545211792, 44.606338501, 30.8636722565, 31.1663551331, 51.6110954285], [40.3472595215, -133.022369385, 225.748916626, 85.0835418701, 62.9198074341, 310.426757812, 164.699020386, 33.180606842, 32.4274139404, 58.5452537537, 13.0465631485, 5.99599885941, -2.85418343544], [-784.583496094, -36.3217277527, 82.004234314, 69.2410736084, 116.433296204, 164.699020386, 328.437713623, 98.9715423584, 45.6497955322, 39.5166053772, 51.1507072449, 0.135984390974, 6.35555696487], [253.744552612, -105.315139771, 60.7346839905, 76.9566497803, 95.7679519653, 33.180606842, 98.9715423584, 241.852706909, 93.807258606, 48.4454154968, -2.59905719757, 15.745885849, 16.107837677], [-427.858123779, -15.3904428482, 72.3698577881, 103.054222107, 67.9545211792, 32.4274139404, 45.6497955322, 93.807258606, 200.919723511, 53.0359115601, 17.6756877899, 10.8293905258, 38.5593490601], [99.7845611572, -48.7987327576, 236.093017578, 10.8181381226, 44.606338501, 58.5452537537, 39.5166053772, 48.4454154968, 53.0359115601, 179.444046021, 41.8500595093, 24.9041996002, 10.3396577835], [49.715965271, 151.578460693, -131.125701904, -23.669757843, 30.8636722565, 13.0465631485, 51.1507072449, -2.59905719757, 17.6756877899, 41.8500595093, 161.392425537, 47.4615402222, 25.3317756653], [151.403594971, -20.414396286, 14.5168876648, 21.5890464783, 31.1663551331, 5.99599885941, 0.135984390974, 15.745885849, 10.8293905258, 24.9041996002, 47.4615402222, 107.716712952, 43.5621452332], [-150.73097229, 30.5609951019, -11.8995065689, 38.9933242798, 51.6110954285, -2.85418343544, 6.35555696487, 16.107837677, 38.5593490601, 10.3396577835, 25.3317756653, 43.5621452332, 121.871414185]]}, "spectral_flux": {"min": 6.27249224783e-11, "max": 0.377034306526, "dvar2": 0.0029384677764, "median": 0.0446309745312, "dmean2": 0.041791960597, "dmean": 0.0265031829476, "var": 0.00229724962264, "dvar": 0.00124227791093, "mean": 0.0581006482244}, "silence_rate_30dB": {"min": 0, "max": 1, "dvar2": 0.0382963381708, "median": 1, "dmean2": 0.0272782277316, "dmean": 0.0136383632198, "var": 0.00785467866808, "dvar": 0.013450410217, "mean": 0.992081403732}, "spectral_energyband_middle_high": {"min": 1.20900494168e-21, "max": 0.0886908769608, "dvar2": 1.13575188152e-05, "median": 0.000126908227685, "dmean2": 0.000787381781265, "dmean": 0.000621387676802, "var": 3.78172771889e-05, "dvar": 6.21268645773e-06, "mean": 0.00198614993133}, "barkbands_spread": {"min": 0.0503064654768, "max": 118.123390198, "dvar2": 125.036651611, "median": 4.16446876526, "dmean2": 4.7972984314, "dmean": 3.25858926773, "var": 159.773391724, "dvar": 61.2754669189, "mean": 8.20428752899}, "spectral_centroid": {"min": 75.3682785034, "max": 11908.1982422, "dvar2": 169385.453125, "median": 351.254821777, "dmean2": 167.575958252, "dmean": 113.870491028, "var": 1366625, "dvar": 87151.375, "mean": 618.30291748}, "pitch_salience": {"min": 0.016730222851, "max": 0.848163187504, "dvar2": 0.010200984776, "median": 0.435103923082, "dmean2": 0.0921023711562, "dmean": 0.0596218407154, "var": 0.0288715418428, "dvar": 0.00457715475932, "mean": 0.414936482906}, "erbbands_skewness": {"min": -7.29402112961, "max": 12.3292942047, "dvar2": 1.38861143589, "median": 2.08282661438, "dmean2": 1.04028427601, "dmean": 0.71042495966, "var": 3.14363431931, "dvar": 0.641749620438, "mean": 2.18435668945}, "erbbands_crest": {"min": 2.20521616936, "max": 33.386341095, "dvar2": 20.8485298157, "median": 14.1134386063, "dmean2": 4.47658586502, "dmean": 2.80288147926, "var": 32.6152992249, "dvar": 8.39911842346, "mean": 14.7976093292}, "melbands": {"min": [1.13849322892e-24, 6.90940291309e-25, 1.06663618489e-24, 1.17451232203e-24, 1.91438259846e-24, 1.36605879387e-24, 1.15200700788e-24, 1.0443221695e-24, 1.56446805977e-24, 1.86303544492e-24, 1.91423744805e-24, 2.87688441069e-24, 1.66980298011e-24, 2.44920149877e-24, 2.41565361106e-24, 1.64148957893e-24, 2.7418752055e-24, 2.80587687124e-24, 1.67752060356e-24, 3.79880307644e-24, 3.76880309065e-24, 4.02578794116e-24, 4.72444141858e-24, 2.30971176085e-24, 4.12104171217e-24, 4.44497679328e-24, 4.60211709674e-24, 4.44497679328e-24, 5.03331753943e-24, 4.24806054526e-24, 4.10066622385e-24, 5.42833411569e-24, 4.30508296136e-24, 5.07998655058e-24, 5.38394649028e-24, 4.4817783378e-24, 5.04117814392e-24, 5.93871292188e-24, 5.86906163154e-24, 5.50521176635e-24], "max": [0.0442961379886, 0.0444451235235, 0.0103340717033, 0.0237614382058, 0.0237139035016, 0.0210321731865, 0.0196683537215, 0.0130088636652, 0.011635444127, 0.0136101329699, 0.0153749138117, 0.00791268609464, 0.0050784368068, 0.00619296217337, 0.00198989943601, 0.00484929606318, 0.00295317987911, 0.00130652275402, 0.00186346564442, 0.00120051566046, 0.00122557871509, 0.000650471891277, 0.000568365852814, 0.000234715160332, 0.000231157740927, 0.000111450281111, 0.000178164424142, 0.000178639253136, 7.27590013412e-05, 0.000121532051708, 0.000139364681672, 0.000668329070322, 0.000280170963379, 0.000471554114483, 0.000311805197271, 0.000405835773563, 0.000776503060479, 0.000181824812898, 0.000150314110215, 0.000108449152322], "dvar2": [2.13637304114e-05, 1.24896250782e-05, 4.04610062787e-07, 4.67758354716e-06, 2.65614085038e-06, 8.86894554242e-07, 1.26617862861e-06, 4.99688212585e-07, 4.2448516524e-07, 9.34304011935e-08, 3.05064531858e-07, 6.46387903203e-08, 2.83317298511e-08, 1.47152343644e-08, 5.13770581634e-09, 4.17151779786e-09, 5.9040203837e-09, 1.21568810574e-09, 1.80871995159e-09, 9.33906507683e-10, 3.86218140802e-10, 2.67458305503e-10, 9.77572189864e-11, 6.73769373627e-11, 6.13533807092e-11, 1.3764270973e-11, 2.00545084011e-11, 1.85631492816e-11, 1.07929516019e-11, 9.04367639804e-12, 2.34639911667e-11, 2.1649507187e-10, 1.12148353104e-10, 1.15918420696e-10, 6.9849570572e-11, 1.26063576245e-10, 2.02287867013e-10, 2.32283341867e-11, 1.81478877065e-11, 7.01531888136e-12], "median": [0.00202231435105, 0.00158537342213, 0.000164401804795, 0.000457150163129, 0.000439063209342, 0.000184522810741, 9.91103370325e-05, 3.62570026482e-05, 1.820696707e-05, 5.33103775524e-06, 2.93554967357e-06, 1.31295530537e-06, 1.22602625652e-06, 1.38436985253e-06, 1.48542164879e-06, 6.9671852998e-07, 5.61551473766e-07, 2.82500394633e-07, 2.99240213053e-07, 1.76933895091e-07, 1.35694648407e-07, 1.26774608589e-07, 1.18824388551e-07, 9.9294382494e-08, 7.89769600829e-08, 4.6223611605e-08, 5.18677474304e-08, 5.1445280036e-08, 5.47210987634e-08, 4.94786043248e-08, 4.70100545158e-08, 3.93724093328e-08, 4.05202449372e-08, 4.81259441187e-08, 5.52858452352e-08, 6.53401244222e-08, 5.98144609398e-08, 4.87262568072e-08, 4.93354193054e-08, 4.92650613637e-08], "dmean2": [0.00189967011102, 0.00144671066664, 0.000311746582156, 0.000992103945464, 0.000754846027121, 0.000389772234485, 0.000410669570556, 0.000246395065915, 0.00020717982261, 6.42879022053e-05, 8.04030787549e-05, 3.06160836772e-05, 1.96068176592e-05, 2.1566867872e-05, 1.50445393956e-05, 1.04160062619e-05, 1.47794280565e-05, 6.8132794695e-06, 6.65784682496e-06, 4.91523496748e-06, 3.27972998093e-06, 2.896294518e-06, 2.22961580221e-06, 2.09043309951e-06, 1.84384418844e-06, 8.84544192559e-07, 9.21894013572e-07, 8.15731368675e-07, 5.61431136248e-07, 4.7235079137e-07, 6.48060790809e-07, 1.12749853542e-06, 1.31184106067e-06, 1.18029811347e-06, 1.06262291411e-06, 1.25938163364e-06, 1.2985065041e-06, 7.03449586581e-07, 6.02627096669e-07, 4.45038978114e-07], "dmean": [0.0013814518461, 0.000979954260401, 0.000200365815545, 0.000626894645393, 0.00047737400746, 0.000251457589911, 0.000257059786236, 0.000153384593432, 0.000127963983687, 4.63211581518e-05, 5.88735056226e-05, 2.28253957175e-05, 1.47135351654e-05, 1.78879363375e-05, 1.19871938296e-05, 8.56179758557e-06, 1.17314866657e-05, 5.15218607688e-06, 4.8668935051e-06, 3.8550156205e-06, 2.43680165113e-06, 2.20442007048e-06, 1.70423493273e-06, 1.55464442742e-06, 1.32773664063e-06, 6.41075246222e-07, 6.64327046707e-07, 5.61031129109e-07, 3.57274103635e-07, 2.99478386978e-07, 4.06212507187e-07, 7.0950142117e-07, 8.53108758747e-07, 7.41942699278e-07, 6.81661049384e-07, 8.31257182199e-07, 8.26113762287e-07, 4.83469591472e-07, 4.07567483762e-07, 3.11378215656e-07], "var": [5.37321138836e-05, 1.65228484548e-05, 5.23364406035e-07, 4.81242614114e-06, 3.31835735778e-06, 1.83880490567e-06, 2.25060352932e-06, 5.55573762995e-07, 4.01286570195e-07, 2.17090217802e-07, 3.74083100496e-07, 9.06736801198e-08, 3.91161023572e-08, 9.12463775649e-08, 1.96923775064e-08, 2.977629876e-08, 2.2722804971e-08, 2.20091456171e-09, 2.08535033686e-09, 1.93351556987e-09, 1.17802667621e-09, 7.24582061018e-10, 4.8097043015e-10, 1.43188044754e-10, 1.00939846759e-10, 2.83916605504e-11, 3.75249553652e-11, 2.39586510353e-11, 4.84520496641e-12, 4.31373643403e-12, 9.08687101259e-12, 5.87425386112e-11, 5.47630725489e-11, 3.97220659143e-11, 3.28107749303e-11, 5.9855821688e-11, 1.06955687362e-10, 1.73636209577e-11, 1.17074761344e-11, 5.84613000371e-12], "dvar": [9.83505469776e-06, 5.63842104384e-06, 1.77053678385e-07, 1.93105847757e-06, 1.07004564143e-06, 4.17055929347e-07, 5.47190438738e-07, 2.21704397063e-07, 1.77300790938e-07, 5.17626936869e-08, 1.39539608313e-07, 3.09312184754e-08, 1.31124053837e-08, 1.045596143e-08, 3.11084602522e-09, 3.63681040838e-09, 3.73668385123e-09, 7.40633443463e-10, 9.26776488885e-10, 5.85745618675e-10, 2.1753976398e-10, 1.56602064649e-10, 5.90694160252e-11, 3.80118783672e-11, 3.2220056484e-11, 7.39400901617e-12, 9.91641838088e-12, 8.69690517519e-12, 4.22868684513e-12, 3.71656698472e-12, 9.13864990626e-12, 7.87797049817e-11, 4.63579070964e-11, 4.30764729442e-11, 2.8033199026e-11, 4.83653221639e-11, 7.80746856055e-11, 1.12662119217e-11, 7.74245945134e-12, 3.34710731353e-12], "mean": [0.00561187369749, 0.00312583311461, 0.000470874452731, 0.00132750475314, 0.00120079715271, 0.000669329776429, 0.000605473527685, 0.00027267052792, 0.000201212678803, 9.95546142804e-05, 0.000128660889459, 5.26313888258e-05, 3.15617071465e-05, 5.21457695868e-05, 3.16059340548e-05, 2.07382890949e-05, 2.87832390313e-05, 9.08346646611e-06, 8.1302732724e-06, 6.43161956759e-06, 4.88729165227e-06, 4.41496149506e-06, 3.90374680137e-06, 3.06560923491e-06, 2.64633786173e-06, 1.32668617425e-06, 1.36073981594e-06, 9.46963439219e-07, 4.43203902023e-07, 3.82969972179e-07, 4.59256085605e-07, 7.68322763633e-07, 1.01755404103e-06, 9.15252996947e-07, 8.56012434269e-07, 1.0304333955e-06, 1.03903073523e-06, 6.09474057001e-07, 5.14696580467e-07, 4.03059800647e-07]}, "spectral_entropy": {"min": 4.07060575485, "max": 9.82433700562, "dvar2": 0.189678475261, "median": 6.26140642166, "dmean2": 0.421687781811, "dmean": 0.315670698881, "var": 0.763725221157, "dvar": 0.109676845372, "mean": 6.34759235382}, "spectral_rolloff": {"min": 64.599609375, "max": 20865.6738281, "dvar2": 1678088.875, "median": 301.46484375, "dmean2": 338.573791504, "dmean": 191.77947998, "var": 7219372.5, "dvar": 761319.4375, "mean": 874.641174316}, "barkbands": {"min": [2.90103869066e-25, 2.11150040044e-24, 1.20214533068e-24, 9.44596937661e-25, 5.53154512666e-24, 7.21547877495e-24, 3.60295691824e-24, 3.61819061118e-24, 1.27714750398e-23, 6.8043355152e-24, 7.47541238753e-24, 2.04973042219e-23, 1.11762783826e-23, 3.15239420017e-23, 2.43916296765e-23, 5.20185640965e-23, 6.69567024105e-23, 6.48065578837e-23, 1.25943271727e-22, 1.63918139559e-22, 2.38273757726e-22, 3.27529696215e-22, 3.44202782629e-22, 5.87577630513e-22, 7.93461592507e-22, 1.29578246853e-21, 1.76822437318e-21], "max": [0.00405273353681, 0.169799104333, 0.0738108307123, 0.0280657149851, 0.108680091798, 0.0850583314896, 0.090477861464, 0.0632581710815, 0.0685165971518, 0.0833223611116, 0.0660926252604, 0.0409146621823, 0.0366144143045, 0.0256691724062, 0.019361384213, 0.0119873229414, 0.0115319350734, 0.00845739524812, 0.00315844896249, 0.00549754174426, 0.00302422279492, 0.0212008245289, 0.013110046275, 0.0272983741015, 0.00727799301967, 0.000987541046925, 0.000186446981388], "dvar2": [2.05579738122e-07, 0.000273797428235, 2.72601300821e-05, 1.00086549537e-06, 0.000101157755125, 2.01683160412e-05, 2.44113525696e-05, 1.8932738385e-05, 3.81769768865e-06, 9.03140244191e-06, 3.38823906532e-06, 9.03438035493e-07, 3.38164596769e-07, 4.58180579699e-07, 2.15283819216e-07, 1.33819938242e-07, 8.78939800941e-08, 3.68773207526e-08, 1.408082273e-08, 1.47351162383e-08, 1.43240876938e-08, 3.08210132971e-07, 2.29112700367e-07, 3.39401992733e-07, 3.75915973905e-08, 7.24396009844e-09, 1.46617315511e-10], "median": [6.52381786495e-05, 0.00740277394652, 0.000562124652788, 0.000106113962829, 0.00274230749346, 0.00106493581552, 0.000392569461837, 0.000131739856442, 3.65457199223e-05, 1.40981455843e-05, 8.07342712505e-06, 1.33151652335e-05, 7.33825800125e-06, 5.14028670295e-06, 3.8514363041e-06, 2.06127060665e-06, 2.20453557631e-06, 2.23307870328e-06, 1.63670188158e-06, 1.7662925984e-06, 2.2896556402e-06, 2.17926526602e-06, 3.60744184036e-06, 4.7673388508e-06, 6.56218708173e-06, 7.21180867913e-06, 9.03397847196e-07], "dmean2": [0.000161651143571, 0.00684064486995, 0.00177744484972, 0.000417771632783, 0.00481317844242, 0.0020036988426, 0.00176588026807, 0.00144912733231, 0.000464235723484, 0.000443066033768, 0.00017434968322, 0.000182415475138, 9.77638628683e-05, 0.000134910602355, 8.29585769679e-05, 6.12916264799e-05, 5.14875027875e-05, 4.9374459195e-05, 3.07142327074e-05, 2.60838769464e-05, 2.05759679375e-05, 5.89066366956e-05, 6.41774095129e-05, 7.4055576988e-05, 4.51911728305e-05, 3.61935926776e-05, 4.74640046377e-06], "dmean": [0.000101839796116, 0.00489020301029, 0.00118341727648, 0.000256466679275, 0.0030455510132, 0.00129968381952, 0.00110237987246, 0.000887439062353, 0.000326778477756, 0.000323831656715, 0.000128037601826, 0.000148358332808, 7.98827750259e-05, 0.000105173938209, 6.17987607257e-05, 4.4455704483e-05, 3.87477812183e-05, 3.69825465896e-05, 2.13196999539e-05, 1.8200438717e-05, 1.31696651806e-05, 3.79705925297e-05, 4.10938700952e-05, 4.96999527968e-05, 3.23781532643e-05, 2.63166839432e-05, 3.32330932906e-06], "var": [2.87703869617e-07, 0.000565094524063, 4.10033753724e-05, 1.10202665837e-06, 0.000111849294626, 4.36547124991e-05, 4.32070592069e-05, 1.48013004946e-05, 7.60511920816e-06, 1.05050376078e-05, 3.11311964651e-06, 6.16079569227e-06, 1.85977899037e-06, 1.61011030286e-06, 2.93639317306e-07, 2.54131919064e-07, 2.44548289174e-07, 1.20303226936e-07, 2.2807297384e-08, 2.20096865178e-08, 7.01975988449e-09, 1.18370792279e-07, 1.10597319747e-07, 2.51429241871e-07, 3.79887801216e-08, 5.379706014e-09, 7.43858794006e-11], "dvar": [7.93119880882e-08, 0.000122317636851, 1.29988584376e-05, 4.27436361861e-07, 4.13359157392e-05, 9.43853137869e-06, 1.09529019028e-05, 7.72622206568e-06, 1.99468968276e-06, 4.06994104196e-06, 1.43274576203e-06, 6.56106124097e-07, 2.64690640961e-07, 2.85510338927e-07, 1.19152538502e-07, 7.51337694282e-08, 4.84675020118e-08, 2.12423589829e-08, 7.27344406926e-09, 7.06212111012e-09, 5.88989212957e-09, 1.20003662119e-07, 8.94196787726e-08, 1.46775278154e-07, 1.94223126471e-08, 3.81791931403e-09, 6.55739282318e-11], "mean": [0.000325641798554, 0.0191104728729, 0.00261099473573, 0.000468187237857, 0.00697809504345, 0.00355359446257, 0.00242681708187, 0.00135859346483, 0.000649055291433, 0.000721949210856, 0.000272301927907, 0.000437734735897, 0.000188423626241, 0.000246999697993, 0.000101558842289, 7.56161025492e-05, 7.85653101048e-05, 7.72908315412e-05, 4.16552793467e-05, 3.3571246604e-05, 1.65923629538e-05, 4.5049979235e-05, 5.41839654034e-05, 6.68765060254e-05, 4.269978308e-05, 3.21700790664e-05, 3.9087190089e-06]}, "melbands_flatness_db": {"min": 0.00316710257903, "max": 0.777803719044, "dvar2": 0.00201147422194, "median": 0.398382693529, "dmean2": 0.0411173701286, "dmean": 0.0319926068187, "var": 0.0150416549295, "dvar": 0.00114753772505, "mean": 0.399253726006}, "melbands_skewness": {"min": -3.31738996506, "max": 30.6394233704, "dvar2": 7.27218580246, "median": 2.46205091476, "dmean2": 1.76712298393, "dmean": 1.19834804535, "var": 13.0468511581, "dvar": 3.47040939331, "mean": 3.46998882294}, "barkbands_skewness": {"min": -5.20165395737, "max": 64.7857666016, "dvar2": 9.83258247375, "median": 2.80029296875, "dmean2": 2.03489899635, "dmean": 1.42206120491, "var": 39.8895111084, "dvar": 4.99899244308, "mean": 4.6154384613}, "silence_rate_60dB": {"min": 0, "max": 1, "dvar2": 0.0301616284996, "median": 0, "dmean2": 0.0272782277316, "dmean": 0.0136383632198, "var": 0.06177932024, "dvar": 0.0134508386254, "mean": 0.066153421998}, "spectral_energyband_low": {"min": 9.06398419086e-24, "max": 0.177386462688, "dvar2": 0.000343144725775, "median": 0.0107042025775, "dmean2": 0.00809430796653, "dmean": 0.00574096851051, "var": 0.000655811978504, "dvar": 0.000156957830768, "mean": 0.0221993234009}, "spectral_energyband_middle_low": {"min": 1.52490713108e-22, "max": 0.116612531245, "dvar2": 0.000178670656169, "median": 0.0111262649298, "dmean2": 0.00838259235024, "dmean": 0.00534271262586, "var": 0.000260521279415, "dvar": 7.4145355029e-05, "mean": 0.0158987939358}, "melbands_kurtosis": {"min": -1.92765057087, "max": 1542.67028809, "dvar2": 13931.0527344, "median": 15.9856338501, "dmean2": 48.0428657532, "dmean": 31.9751911163, "var": 21114.3476562, "dvar": 6608.671875, "mean": 63.443031311}, "spectral_decrease": {"min": -4.86299640556e-08, "max": 1.1979708734e-16, "dvar2": 3.22474674355e-17, "median": -9.277129287e-09, "dmean2": 3.66057295587e-09, "dmean": 2.44250641934e-09, "var": 5.42775933274e-17, "dvar": 1.39760022707e-17, "mean": -1.03139026209e-08}, "erbbands_kurtosis": {"min": -1.92640936375, "max": 241.681976318, "dvar2": 240.683242798, "median": 7.81864452362, "dmean2": 9.214179039, "dmean": 6.01596832275, "var": 288.904510498, "dvar": 101.502098083, "mean": 12.7847213745}, "melbands_crest": {"min": 1.53006029129, "max": 34.4565238953, "dvar2": 17.4680976868, "median": 18.9182319641, "dmean2": 3.75480699539, "dmean": 2.42969846725, "var": 48.820186615, "dvar": 7.59107351303, "mean": 19.4276504517}, "melbands_spread": {"min": 0.172872573137, "max": 255.222869873, "dvar2": 184.0834198, "median": 3.83555579185, "dmean2": 4.20533084869, "dmean": 2.77960658073, "var": 490.809417725, "dvar": 85.353843689, "mean": 9.3526468277}, "spectral_energy": {"min": 9.94278931886e-21, "max": 0.185837313533, "dvar2": 0.000474819244118, "median": 0.0361609570682, "dmean2": 0.0141717400402, "dmean": 0.0094559583813, "var": 0.000801972753834, "dvar": 0.000205534306588, "mean": 0.0400186255574}, "mfcc": {"mean": [-774.219116211, 155.162979126, 67.3698959351, 24.1208953857, 15.9189634323, 4.33825731277, -1.47530865669, -2.38190698624, -5.66469717026, 1.83243846893, 4.49683332443, 6.89768743515, 2.39476895332], "icov": [[0.00012469117064, -3.42236126016e-05, 7.12452601874e-05, -3.54358635377e-05, 7.38027156331e-05, 4.20565629611e-05, 0.000121481600218, -0.000143335142639, 0.000214967556531, -0.000176868896233, 1.35039852012e-06, 3.15742290695e-05, -5.97553735133e-05], [-3.42236126016e-05, 0.000543615024071, -9.79670221568e-05, 0.000374046794605, -0.000455902219983, 0.000285923160845, -0.000351760041667, 0.000226230535191, 0.000221951297135, 0.000114275666419, -0.000160471856361, -6.42605591565e-05, -2.80042240774e-05], [7.12452601874e-05, -9.79670221568e-05, 0.000977866351604, -0.000491186918225, 0.0003495462297, -0.000751771265641, 5.44568392797e-05, 0.000605261651799, -0.000471731094876, -8.24087255751e-05, 0.000244401948294, -0.0010384087218, 0.000365116604371], [-3.54358635377e-05, 0.000374046794605, -0.000491186918225, 0.00322743831202, -0.0017808820121, 0.000535022874828, -0.000426092330599, -0.000590155948885, -0.000193837870029, 0.000358216871973, -3.61564671039e-05, 3.69483423128e-05, -0.000620134233031], [7.38027156331e-05, -0.000455902219983, 0.0003495462297, -0.0017808820121, 0.00442826235667, -0.00106990570202, 0.0005511205527, 0.000150193896843, -0.00130141561385, -3.51123599103e-05, 0.00046508316882, -0.000734916713554, 0.000207789504202], [4.20565629611e-05, 0.000285923160845, -0.000751771265641, 0.000535022874828, -0.00106990570202, 0.00504021020606, -0.00194941728842, -0.000227891185204, 0.000163592587342, 0.000266895571258, -0.000976280367468, 0.000980403041467, -0.00017524442228], [0.000121481600218, -0.000351760041667, 5.44568392797e-05, -0.000426092330599, 0.0005511205527, -0.00194941728842, 0.00571440532804, -0.00200266577303, 0.000649978115689, -0.00113640027121, -0.000592169584706, 0.000494458538014, -0.00135906541254], [-0.000143335142639, 0.000226230535191, 0.000605261651799, -0.000590155948885, 0.000150193896843, -0.000227891185204, -0.00200266577303, 0.00735312979668, -0.00234840367921, 0.000473069550935, -0.00101717177313, 0.00010808063962, -9.42076803767e-05], [0.000214967556531, 0.000221951297135, -0.000471731094876, -0.000193837870029, -0.00130141561385, 0.000163592587342, 0.000649978115689, -0.00234840367921, 0.00782036688179, -0.00394606683403, 0.00173803116195, -0.00221873889677, 0.000216920074308], [-0.000176868896233, 0.000114275666419, -8.24087255751e-05, 0.000358216871973, -3.51123599103e-05, 0.000266895571258, -0.00113640027121, 0.000473069550935, -0.00394606683403, 0.0107069471851, -0.00590615766123, 0.00394103256986, -0.00195020786487], [1.35039852012e-06, -0.000160471856361, 0.000244401948294, -3.61564671039e-05, 0.00046508316882, -0.000976280367468, -0.000592169584706, -0.00101717177313, 0.00173803116195, -0.00590615766123, 0.0125603759661, -0.00610674871132, 0.00290366727859], [3.15742290695e-05, -6.42605591565e-05, -0.0010384087218, 3.69483423128e-05, -0.000734916713554, 0.000980403041467, 0.000494458538014, 0.00010808063962, -0.00221873889677, 0.00394103256986, -0.00610674871132, 0.0131094548851, -0.00518267601728], [-5.97553735133e-05, -2.80042240774e-05, 0.000365116604371, -0.000620134233031, 0.000207789504202, -0.00017524442228, -0.00135906541254, -9.42076803767e-05, 0.000216920074308, -0.00195020786487, 0.00290366727859, -0.00518267601728, 0.010717427358]], "cov": [[10572.0146484, 503.368560791, -1594.54528809, -390.318145752, -408.092132568, -416.253936768, -200.942871094, 82.3341217041, -462.303894043, 67.7157669067, -0.784602344036, -242.74697876, -27.1490936279], [503.368560791, 2268.546875, 19.9427986145, -210.398498535, 85.7823944092, -66.89503479, 53.9980735779, -99.8175582886, -117.59274292, -34.4858512878, 25.2386379242, 22.6240196228, -0.698974847794], [-1594.54528809, 19.9427986145, 1757.33349609, 305.830078125, 156.69354248, 265.810058594, 74.2581329346, -57.3587112427, 207.449066162, 18.4980869293, 46.8653106689, 196.283706665, 40.5982933044], [-390.318145752, -210.398498535, 305.830078125, 522.330993652, 221.404388428, 60.2503013611, 50.6309127808, 66.288734436, 124.227882385, 17.5959796906, 9.71511459351, 69.0094070435, 52.2006759644], [-408.092132568, 85.7823944092, 156.69354248, 221.404388428, 373.106933594, 74.4793624878, 22.27983284, 30.8097362518, 113.748687744, 16.9024486542, 7.20882558823, 56.2474327087, 28.5218982697], [-416.253936768, -66.89503479, 265.810058594, 60.2503013611, 74.4793624878, 305.003326416, 124.004829407, 38.4306335449, 52.1504936218, 34.109462738, 39.5414161682, 21.3725986481, 16.3145771027], [-200.942871094, 53.9980735779, 74.2581329346, 50.6309127808, 22.27983284, 124.004829407, 277.364227295, 86.0199508667, 35.9539527893, 60.0866546631, 49.0704078674, 14.2886009216, 40.7656364441], [82.3341217041, -99.8175582886, -57.3587112427, 66.288734436, 30.8097362518, 38.4306335449, 86.0199508667, 200.174240112, 73.8344802856, 44.5354614258, 33.6095924377, 11.999174118, 21.9928359985], [-462.303894043, -117.59274292, 207.449066162, 124.227882385, 113.748687744, 52.1504936218, 35.9539527893, 73.8344802856, 247.463790894, 81.0581741333, 28.2274227142, 60.6481246948, 32.5130691528], [67.7157669067, -34.4858512878, 18.4980869293, 17.5959796906, 16.9024486542, 34.109462738, 60.0866546631, 44.5354614258, 81.0581741333, 171.445220947, 72.9760742188, 0.510057687759, 18.9483032227], [-0.784602344036, 25.2386379242, 46.8653106689, 9.71511459351, 7.20882558823, 39.5414161682, 49.0704078674, 33.6095924377, 28.2274227142, 72.9760742188, 140.090408325, 49.0069770813, 4.50366735458], [-242.74697876, 22.6240196228, 196.283706665, 69.0094070435, 56.2474327087, 21.3725986481, 14.2886009216, 11.999174118, 60.6481246948, 0.510057687759, 49.0069770813, 147.593688965, 54.1485748291], [-27.1490936279, -0.698974847794, 40.5982933044, 52.2006759644, 28.5218982697, 16.3145771027, 40.7656364441, 21.9928359985, 32.5130691528, 18.9483032227, 4.50366735458, 54.1485748291, 127.621276855]]}, "spectral_contrast_valleys": {"min": [-28.4693775177, -27.853729248, -27.7360534668, -27.7322502136, -27.5329475403, -27.4113788605], "max": [-5.06476974487, -4.52536725998, -5.23073196411, -6.47105932236, -6.224650383, -7.54770040512], "dvar2": [0.280054003, 0.397386431694, 0.353093981743, 0.287667423487, 0.243858709931, 0.190459012985], "median": [-7.17306518555, -7.43557071686, -9.0958108902, -9.6964635849, -9.59470558167, -10.8771924973], "dmean2": [0.557715177536, 0.642728745937, 0.624239861965, 0.557351469994, 0.475033402443, 0.40231013298], "dmean": [0.344143241644, 0.39835730195, 0.397844284773, 0.373383432627, 0.349473178387, 0.360017776489], "var": [5.51957654953, 5.29120922089, 4.45088911057, 4.16754722595, 4.12505960464, 3.88201260567], "dvar": [0.127356380224, 0.177211031318, 0.1617526263, 0.138965755701, 0.133825942874, 0.137536868453], "mean": [-7.57657003403, -7.74107170105, -9.3827123642, -9.96819210052, -9.83788490295, -11.0697402954]}, "barkbands_flatness_db": {"min": 0.0349531061947, "max": 0.618590414524, "dvar2": 0.00148709851783, "median": 0.281569987535, "dmean2": 0.0365865565836, "dmean": 0.0279916115105, "var": 0.00899086985737, "dvar": 0.000825043127406, "mean": 0.288960069418}, "dynamic_complexity": 3.64960312843, "spectral_skewness": {"min": -0.552525997162, "max": 11.3587770462, "dvar2": 0.462977617979, "median": 2.69673538208, "dmean2": 0.65285795927, "dmean": 0.500165939331, "var": 1.85572004318, "dvar": 0.272102177143, "mean": 2.85824418068}, "erbbands_flatness_db": {"min": 0.0339844413102, "max": 0.428197860718, "dvar2": 0.00126307457685, "median": 0.205793708563, "dmean2": 0.0342099480331, "dmean": 0.0252520311624, "var": 0.00366907170974, "dvar": 0.000620491628069, "mean": 0.206009536982}, "hfc": {"min": 1.03019700613e-16, "max": 259.005065