{"lowlevel": {"spectral_complexity": {"min": 0, "max": 26, "dvar2": 3.49912071228, "median": 9, "dmean2": 2.16668081284, "dmean": 1.27862203121, "var": 17.7804660797, "dvar": 1.33209681511, "mean": 9.56538581848}, "silence_rate_20dB": {"min": 1, "max": 1, "dvar2": 0, "median": 1, "dmean2": 0, "dmean": 0, "var": 0, "dvar": 0, "mean": 1}, "average_loudness": 0.302315056324, "erbbands_spread": {"min": 1.84187829494, "max": 106.879341125, "dvar2": 25.6760978699, "median": 15.6614809036, "dmean2": 4.86022186279, "dmean": 3.19729590416, "var": 57.828502655, "dvar": 10.4843940735, "mean": 16.8906326294}, "spectral_kurtosis": {"min": 2.74611520767, "max": 121.684646606, "dvar2": 139.271469116, "median": 15.0941143036, "dmean2": 11.1889457703, "dmean": 6.41028308868, "var": 184.815002441, "dvar": 46.4640922546, "mean": 19.26039505}, "barkbands_kurtosis": {"min": -1.77094805241, "max": 6530.02197266, "dvar2": 121090.507812, "median": 2.48043823242, "dmean2": 33.8714523315, "dmean": 18.4153366089, "var": 33103.40625, "dvar": 39635.4648438, "mean": 18.1012535095}, "spectral_strongpeak": {"min": 0, "max": 9.49106216431, "dvar2": 0.768984079361, "median": 0.468065232038, "dmean2": 0.675453782082, "dmean": 0.396794855595, "var": 0.871889591217, "dvar": 0.311998963356, "mean": 0.765955924988}, "spectral_spread": {"min": 619307, "max": 21835034, "dvar2": 113064738816, "median": 2352843, "dmean2": 372264.6875, "dmean": 221230.078125, "var": 737853898752, "dvar": 51241140224, "mean": 2425072.75}, "spectral_rms": {"min": 2.80985041172e-05, "max": 0.0141659816727, "dvar2": 8.99185010894e-07, "median": 0.0036810466554, "dmean2": 0.00098518084269, "dmean": 0.000627142260782, "var": 3.83709311791e-06, "dvar": 3.5949031485e-07, "mean": 0.00403500068933}, "erbbands": {"min": [1.32590030262e-05, 5.03988740093e-05, 8.74349061633e-05, 8.9660010417e-05, 0.000116556497233, 0.000103853548353, 8.18984553916e-05, 8.83090106072e-05, 6.43622552161e-05, 4.40367111878e-05, 3.66106360161e-05, 4.07921106671e-05, 3.41042614309e-05, 2.2876974981e-05, 4.53410721093e-05, 5.23177186551e-05, 5.45092734683e-05, 4.76147070003e-05, 5.11292237206e-05, 5.31167788722e-05, 3.75677009288e-05, 2.6921643439e-05, 3.48247485817e-05, 3.73520815629e-05, 3.49271358573e-05, 3.494315024e-05, 3.32045165123e-05, 2.94458113785e-05, 2.45819337579e-05, 1.89499969565e-05, 1.60047620739e-05, 1.23273075587e-05, 8.46491730044e-06, 5.62168406759e-06, 3.45124794876e-06, 2.03452259484e-06, 9.34861986934e-07, 3.50372800995e-07, 8.06019002653e-08, 8.89696938344e-09], "max": [1.2010434866, 12.7322254181, 29.1803970337, 58.5460014343, 358.202423096, 378.54119873, 571.987548828, 1203.80456543, 1636.17724609, 1636.34741211, 1082.8125, 745.649597168, 1732.50109863, 1297.46496582, 319.035766602, 390.295410156, 1397.44006348, 1297.73461914, 655.608520508, 180.872238159, 212.48210144, 151.996414185, 138.095428467, 78.8375244141, 94.3163223267, 314.62008667, 56.8301277161, 38.8619499207, 27.6838245392, 7.61734437943, 9.13973140717, 3.25195670128, 2.65322160721, 0.62694978714, 1.96441245079, 0.305204480886, 0.0632512122393, 0.0203894376755, 0.0047315871343, 0.000292214448564], "dvar2": [0.00164970068727, 0.182920217514, 0.73507720232, 2.7612080574, 176.324157715, 226.464096069, 747.636047363, 4557.35742188, 5247.65527344, 2170.00390625, 976.146850586, 1008.02911377, 2741.44116211, 4062.37036133, 428.532409668, 331.384613037, 2147.26831055, 1020.2286377, 602.453796387, 108.665252686, 146.516159058, 30.1558761597, 42.632938385, 14.8087968826, 14.3587932587, 30.1075191498, 4.82532548904, 1.30377781391, 0.623714864254, 0.126099452376, 0.0819151103497, 0.0145409209654, 0.00888726208359, 0.00101113133132, 0.000530288089067, 4.51200430689e-05, 5.32968215339e-06, 3.41822897099e-07, 8.14300804564e-09, 1.77188139161e-10], "median": [0.0193596035242, 0.0474677868187, 0.181614711881, 0.419391691685, 1.49670851231, 3.54675388336, 7.30417013168, 15.3450336456, 13.1634340286, 9.21149635315, 7.46009302139, 7.75837373734, 7.38322734833, 5.19065475464, 3.01223516464, 2.5608022213, 2.92225122452, 1.84586143494, 1.70081651211, 1.11571109295, 0.981618463993, 0.563452064991, 0.492694973946, 0.363576233387, 0.335129708052, 0.227961450815, 0.114969149232, 0.058503061533, 0.0420426987112, 0.0239151008427, 0.0141076780856, 0.00647420436144, 0.00391027145088, 0.00193559832405, 0.00108216039371, 0.000399657525122, 0.000139280949952, 3.63608669431e-05, 1.37075603561e-05, 1.61956904776e-05], "dmean2": [0.0327418297529, 0.155038848519, 0.319678664207, 0.664733231068, 4.12256240845, 5.31623888016, 10.8960227966, 28.1310367584, 22.6959075928, 17.7369995117, 13.0402574539, 13.0695085526, 18.4530544281, 20.322971344, 8.11670589447, 6.49767398834, 11.5424871445, 8.32856178284, 5.65827846527, 3.57933092117, 3.80253863335, 1.62848830223, 1.84469270706, 1.23427140713, 1.188580513, 0.809453368187, 0.527063250542, 0.229493796825, 0.187480017543, 0.103954032063, 0.0661961808801, 0.0292231030762, 0.0210205670446, 0.00851409789175, 0.0045345230028, 0.00157030962873, 0.000578569772188, 0.000136823451612, 2.07697521546e-05, 1.01182149592e-05], "dmean": [0.0193549729884, 0.0997294262052, 0.238156378269, 0.517761349678, 3.00076556206, 3.4528529644, 7.88169908524, 20.3960647583, 15.7121763229, 13.0896511078, 9.41861820221, 9.3590555191, 12.0094585419, 12.9080228806, 5.24394369125, 4.17498922348, 7.6084280014, 5.25510931015, 3.3552107811, 2.12957167625, 2.26195549965, 0.967228293419, 1.08288908005, 0.735215902328, 0.730019986629, 0.517138600349, 0.322184741497, 0.137897521257, 0.112942159176, 0.0632580369711, 0.0398767590523, 0.0180234257132, 0.0128123536706, 0.00518860900775, 0.00292236870155, 0.000994055299088, 0.00035752664553, 8.67431081133e-05, 1.33728835863e-05, 6.5339527282e-06], "var": [0.00328854238614, 0.576313197613, 4.25710105896, 16.6349391937, 564.924804688, 319.79006958, 1349.56298828, 7655.69042969, 5985.90527344, 5294.30859375, 3081.96337891, 1879.79980469, 2197.5534668, 3803.26586914, 518.058776855, 365.660644531, 3538.66430664, 1157.33276367, 348.597869873, 81.5633392334, 110.236061096, 18.7654342651, 29.7956027985, 13.0730819702, 21.1564731598, 27.0631351471, 5.82283449173, 1.3705354929, 0.628396093845, 0.216556176543, 0.139074519277, 0.0296961311251, 0.0169150028378, 0.00245398632251, 0.00179174332879, 0.00013522808149, 1.75347777258e-05, 1.03400884655e-06, 2.5449052643e-08, 7.33580529655e-10], "dvar": [0.00063011754537, 0.0666109845042, 0.363993018866, 1.77737915516, 84.4534301758, 78.7967834473, 350.762298584, 2189.08959961, 2057.67089844, 1194.44775391, 529.48828125, 504.698791504, 1142.38977051, 1582.75915527, 168.329498291, 133.34425354, 1043.88000488, 478.574798584, 204.232940674, 40.4252738953, 54.9921836853, 10.6260700226, 14.5158147812, 5.27244853973, 5.54689741135, 13.2035074234, 1.83302235603, 0.470355391502, 0.222323536873, 0.0471587218344, 0.0293367411941, 0.00553332595155, 0.00329023017548, 0.000361836253433, 0.000310859060846, 1.85758053703e-05, 1.92453285308e-06, 1.38065203714e-07, 3.76688058523e-09, 7.76516004275e-11], "mean": [0.0348810218275, 0.340600818396, 0.967011630535, 1.82800960541, 8.71015357971, 9.0808429718, 19.5283966064, 46.0678443909, 37.7066993713, 32.1573791504, 24.3009471893, 22.1145706177, 21.8730392456, 21.4988212585, 10.1705970764, 8.03675174713, 15.2111463547, 9.69839859009, 5.82456064224, 3.73314070702, 3.99451613426, 1.85658633709, 2.05213689804, 1.52503633499, 1.65520095825, 1.11264169216, 0.713729441166, 0.34060254693, 0.265077531338, 0.16922685504, 0.111067801714, 0.0554313100874, 0.0382161922753, 0.0170223098248, 0.00961851980537, 0.0036922772415, 0.00132896169089, 0.000323246553307, 5.41913505003e-05, 2.5499259209e-05]}, "zerocrossingrate": {"min": 0, "max": 0.0986328125, "dvar2": 1.51413341882e-05, "median": 0.02197265625, "dmean2": 0.00417811749503, "dmean": 0.00317770335823, "var": 0.000110397704702, "dvar": 9.02908141143e-06, "mean": 0.0233777277172}, "spectral_contrast_coeffs": {"min": [-0.945040404797, -0.963089346886, -0.955927610397, -0.961431503296, -0.938311636448, -0.910236299038], "max": [-0.251567780972, -0.26885291934, -0.435082793236, -0.472222507, -0.602483093739, -0.666573166847], "dvar2": [0.00277703837492, 0.00245739100501, 0.00189056398813, 0.00123617274221, 0.000547472736798, 0.000208524317713], "median": [-0.63764756918, -0.663170158863, -0.691057443619, -0.72311013937, -0.763210713863, -0.775489807129], "dmean2": [0.0643395408988, 0.0601140111685, 0.0550846382976, 0.0450101941824, 0.0297656320035, 0.0184186734259], "dmean": [0.0394331067801, 0.0386579707265, 0.034459605813, 0.0273698866367, 0.0179414842278, 0.0110143078491], "var": [0.0151709271595, 0.00740119535476, 0.00557522615418, 0.0041286656633, 0.00272721797228, 0.00108507752884], "dvar": [0.00102942809463, 0.000998450443149, 0.000749625032768, 0.000463058793684, 0.000203449861147, 7.62624185882e-05], "mean": [-0.642676353455, -0.659228444099, -0.687487661839, -0.722455561161, -0.765595078468, -0.776897311211]}, "dissonance": {"min": 0.151857033372, "max": 0.499903380871, "dvar2": 0.00212266924791, "median": 0.405961245298, "dmean2": 0.0555871985853, "dmean": 0.0333474725485, "var": 0.00220822892152, "dvar": 0.000769127567764, "mean": 0.401202946901}, "spectral_energyband_high": {"min": 4.48487158522e-09, "max": 0.00534886820242, "dvar2": 8.36606961485e-09, "median": 6.80835455569e-06, "dmean2": 1.74232354766e-05, "dmean": 1.09876509669e-05, "var": 1.36652102967e-08, "dvar": 3.78149200841e-09, "mean": 3.81857717002e-05}, "gfcc": {"mean": [-113.426780701, 156.803833008, -114.751296997, -1.41032850742, -56.086139679, -10.8327817917, -26.9635047913, -0.508034825325, -11.258348465, 4.55017137527, -1.39771974087, 1.38674795628, -0.070763245225], "icov": [[0.000397081807023, -0.000313520606142, 0.000695408787578, -0.000362882972695, 0.000580453197472, -0.000167747377418, 0.000939236255363, -0.000533034908585, 0.000834789359942, -0.000394448434236, 0.000586255744565, -8.52649754961e-05, 0.000399262818974], [-0.000313520606142, 0.00381779065356, -0.000871574622579, 0.00210298621096, -0.00340832490474, 0.00340348412283, -0.00350924348459, 0.00363325513899, -0.00311391171999, 0.00450365850702, -0.00261953705922, 0.0038466132246, -0.000318453850923], [0.000695408787578, -0.000871574622579, 0.00404109945521, -0.00228910055012, 0.000129829102661, -0.000831890443806, 0.000829001888633, -0.000197582281544, 0.000510269717779, 0.00052955240244, 0.00131043151487, 0.000109439301013, 0.000655984098557], [-0.000362882972695, 0.00210298621096, -0.00228910055012, 0.00784457009286, -0.00407534744591, 0.00257744896226, -0.00137329066638, -0.000599722668994, 0.00147137371823, 0.000173053937033, 0.000166988771525, 0.00146980094723, 0.000668939086609], [0.000580453197472, -0.00340832490474, 0.000129829102661, -0.00407534744591, 0.0112991761416, -0.00628153467551, 0.00186726578977, 0.00122410687618, -0.000619283760898, -0.000748729915358, -0.00172802386805, 0.00166938116308, -0.0015000080457], [-0.000167747377418, 0.00340348412283, -0.000831890443806, 0.00257744896226, -0.00628153467551, 0.015572944656, -0.0093490825966, 0.00104139687028, 0.000135787762702, -0.000787682540249, 0.00474744010717, -0.00331413187087, 0.00471342448145], [0.000939236255363, -0.00350924348459, 0.000829001888633, -0.00137329066638, 0.00186726578977, -0.0093490825966, 0.0234614089131, -0.0127933220938, 0.00338192563504, 0.000866332382429, -0.00492207892239, 0.0019079480553, -0.000695445050951], [-0.000533034908585, 0.00363325513899, -0.000197582281544, -0.000599722668994, 0.00122410687618, 0.00104139687028, -0.0127933220938, 0.0226118601859, -0.0126554621384, 0.00186311302241, 0.00241025607102, -0.000184919743333, 0.000477916677482], [0.000834789359942, -0.00311391171999, 0.000510269717779, 0.00147137371823, -0.000619283760898, 0.000135787762702, 0.00338192563504, -0.0126554621384, 0.0230183508247, -0.0131691703573, 0.00336290546693, -0.0025051003322, -0.000917743425816], [-0.000394448434236, 0.00450365850702, 0.00052955240244, 0.000173053937033, -0.000748729915358, -0.000787682540249, 0.000866332382429, 0.00186311302241, -0.0131691703573, 0.0298575945199, -0.0180327221751, 0.007727839984, -0.000510457612108], [0.000586255744565, -0.00261953705922, 0.00131043151487, 0.000166988771525, -0.00172802386805, 0.00474744010717, -0.00492207892239, 0.00241025607102, 0.00336290546693, -0.0180327221751, 0.0282564628869, -0.0173988249153, 0.00572007941082], [-8.52649754961e-05, 0.0038466132246, 0.000109439301013, 0.00146980094723, 0.00166938116308, -0.00331413187087, 0.0019079480553, -0.000184919743333, -0.0025051003322, 0.007727839984, -0.0173988249153, 0.0302366279066, -0.0139669366181], [0.000399262818974, -0.000318453850923, 0.000655984098557, 0.000668939086609, -0.0015000080457, 0.00471342448145, -0.000695445050951, 0.000477916677482, -0.000917743425816, -0.000510457612108, 0.00572007941082, -0.0139669366181, 0.0187130458653]], "cov": [[6910.20068359, -757.010375977, -1303.00927734, -187.181732178, -775.624511719, -300.63760376, -448.895996094, -70.6452560425, -289.920715332, -20.473815918, -174.27041626, 23.8186588287, -53.0075340271], [-757.010375977, 1613.19604492, 571.677734375, 75.4894485474, 501.352508545, -111.811592102, 33.1011199951, -296.776824951, -102.430725098, -269.71875, -110.655174255, -312.832092285, -114.020271301], [-1303.00927734, 571.677734375, 787.314697266, 229.036270142, 331.711120605, 63.3497505188, 72.4191513062, -96.276512146, -55.0043487549, -149.454666138, -106.020126343, -174.507522583, -87.0885696411], [-187.181732178, 75.4894485474, 229.036270142, 251.763473511, 125.812301636, 27.6913948059, 15.5544881821, -22.5254135132, -46.292804718, -50.3217773438, -55.809425354, -74.1384429932, -49.4055252075], [-775.624511719, 501.352508545, 331.711120605, 125.812301636, 352.378540039, 60.1718521118, 60.4846763611, -79.8114547729, -16.8680706024, -76.5992202759, -31.6857872009, -114.786567688, -52.5736351013], [-300.63760376, -111.811592102, 63.3497505188, 27.6913948059, 60.1718521118, 166.587905884, 83.6007766724, 62.6537704468, 25.0925998688, 16.6215801239, -7.66487789154, 1.93711400032, -28.8561267853], [-448.895996094, 33.1011199951, 72.4191513062, 15.5544881821, 60.4846763611, 83.6007766724, 129.768981934, 74.2958297729, 46.9135284424, 16.7437572479, 21.0727157593, -1.91551816463, -11.350935936], [-70.6452560425, -296.776824951, -96.276512146, -22.5254135132, -79.8114547729, 62.6537704468, 74.2958297729, 177.259841919, 99.3824386597, 81.9649047852, 37.2856140137, 65.1103210449, 21.0016117096], [-289.920715332, -102.430725098, -55.0043487549, -46.292804718, -16.8680706024, 25.0925998688, 46.9135284424, 99.3824386597, 142.774154663, 93.5653305054, 64.1418914795, 54.8946838379, 30.4784221649], [-20.473815918, -269.71875, -149.454666138, -50.3217773438, -76.5992202759, 16.6215801239, 16.7437572479, 81.9649047852, 93.5653305054, 151.597457886, 103.163330078, 86.1576766968, 32.5826644897], [-174.27041626, -110.655174255, -106.020126343, -55.809425354, -31.6857872009, -7.66487789154, 21.0727157593, 37.2856140137, 64.1418914795, 103.163330078, 143.440093994, 97.0683822632, 41.3316802979], [23.8186588287, -312.832092285, -174.507522583, -74.1384429932, -114.786567688, 1.93711400032, -1.91551816463, 65.1103210449, 54.8946838379, 86.1576766968, 97.0683822632, 163.800537109, 89.1403274536], [-53.0075340271, -114.020271301, -87.0885696411, -49.4055252075, -52.5736351013, -28.8561267853, -11.350935936, 21.0016117096, 30.4784221649, 32.5826644897, 41.3316802979, 89.1403274536, 115.825683594]]}, "spectral_flux": {"min": 0.00277174217626, "max": 0.24686974287, "dvar2": 0.000892507843673, "median": 0.0497775450349, "dmean2": 0.032620023936, "dmean": 0.0190728716552, "var": 0.000871596159413, "dvar": 0.000324727705447, "mean": 0.0561265163124}, "silence_rate_30dB": {"min": 0, "max": 1, "dvar2": 0.0128893218935, "median": 1, "dmean2": 0.0108080720529, "dmean": 0.00540357967839, "var": 0.00787205807865, "dvar": 0.0053750583902, "mean": 0.99206417799}, "spectral_energyband_middle_high": {"min": 1.72223426631e-08, "max": 0.0834065005183, "dvar2": 8.5503252194e-06, "median": 0.00072754919529, "dmean2": 0.00119939097203, "dmean": 0.000771629449446, "var": 1.19333062685e-05, "dvar": 3.53868949787e-06, "mean": 0.00195778138004}, "barkbands_spread": {"min": 0.0115031879395, "max": 34.6819038391, "dvar2": 14.0184659958, "median": 7.90881490707, "dmean2": 3.76138091087, "dmean": 2.31533432007, "var": 20.1380996704, "dvar": 5.35657548904, "mean": 8.66482925415}, "spectral_centroid": {"min": 123.704833984, "max": 2079.0847168, "dvar2": 12025.7851562, "median": 525.41027832, "dmean2": 89.9610443115, "dmean": 60.880645752, "var": 48168.6914062, "dvar": 5536.16943359, "mean": 566.654663086}, "pitch_salience": {"min": 0.0170500315726, "max": 0.85561221838, "dvar2": 0.0108627546579, "median": 0.524324595928, "dmean2": 0.119628556073, "dmean": 0.0726958066225, "var": 0.0147238979116, "dvar": 0.00408908026293, "mean": 0.513941049576}, "erbbands_skewness": {"min": -3.36341142654, "max": 5.49831342697, "dvar2": 0.245355367661, "median": 1.13198375702, "dmean2": 0.552945494652, "dmean": 0.365008533001, "var": 0.541830122471, "dvar": 0.103425569832, "mean": 1.17414689064}, "erbbands_crest": {"min": 2.77638745308, "max": 30.8012924194, "dvar2": 11.8915309906, "median": 10.9333600998, "dmean2": 3.81634545326, "dmean": 2.49679160118, "var": 18.9842472076, "dvar": 5.00465965271, "mean": 11.8254499435}, "melbands": {"min": [1.14883945912e-07, 5.37073425733e-08, 1.64559459392e-08, 7.4566770536e-09, 3.02851277389e-09, 2.05388128727e-09, 1.05053143962e-09, 4.61974486443e-10, 2.8513955086e-10, 2.50794052192e-10, 1.47569997888e-10, 7.47286538205e-11, 1.7188486745e-10, 1.02765865262e-10, 8.8185535263e-11, 8.49624537391e-11, 5.50699416624e-11, 7.04655292449e-11, 3.91165155822e-11, 5.072285994e-11, 3.19932205728e-11, 2.41772071113e-11, 3.31405909659e-11, 2.61954347103e-11, 2.17475915748e-11, 2.90877443659e-11, 1.32730154992e-11, 2.06617153942e-11, 1.6132799957e-11, 1.68860515848e-11, 1.68546183954e-11, 1.28157753507e-11, 1.10472828802e-11, 1.03280300978e-11, 9.54118208052e-12, 8.00768045622e-12, 7.29652189363e-12, 5.89839201787e-12, 5.52444895385e-12, 4.43295747332e-12], "max": [0.0138567229733, 0.0152326198295, 0.0212519858032, 0.0280884429812, 0.017032077536, 0.0265583768487, 0.024257183075, 0.0149807063863, 0.00707740383223, 0.00499841291457, 0.00967532023787, 0.0060344231315, 0.00223709736019, 0.00155990861822, 0.00181907461956, 0.00464056199417, 0.00224444107153, 0.00128511874937, 0.000680641387589, 0.000178206159035, 0.000289158895612, 0.000109583052108, 0.00036199981696, 0.000212483500945, 6.48106070003e-05, 9.87638923107e-05, 0.00011624412582, 0.000241927118623, 3.629755156e-05, 1.04169175756e-05, 3.14630269713e-05, 2.08040473808e-05, 1.12223115138e-05, 7.18619048712e-06, 6.74954844726e-06, 2.80739118352e-06, 2.05907031159e-06, 2.12884697248e-06, 1.31434944706e-06, 7.01333931374e-07], "dvar2": [2.80020003629e-07, 2.29810595442e-07, 3.6975762896e-07, 1.25162648601e-06, 6.31956709185e-07, 1.88195792816e-06, 1.12310078748e-06, 2.09719772215e-07, 5.35174535798e-08, 4.87869655785e-08, 8.54186126276e-08, 8.58152446881e-08, 8.72835581589e-09, 7.12625913835e-09, 4.15370804419e-09, 2.12848654257e-08, 2.6589748181e-09, 1.9588135558e-09, 8.33993041294e-10, 9.45740361025e-11, 2.4695015477e-10, 2.26604655179e-11, 9.62312105002e-11, 7.5656807208e-11, 9.13531403302e-12, 1.31526916095e-11, 1.2579416675e-11, 1.81716759695e-11, 2.61967596053e-12, 3.28104947725e-13, 7.64036457799e-13, 3.37616382334e-13, 1.25274980277e-13, 8.06203655267e-14, 5.55973554684e-14, 1.05147883334e-14, 5.44911922727e-15, 5.97692536197e-15, 1.50082337441e-15, 1.24108707388e-15], "median": [0.000259971799096, 8.42578447191e-05, 0.000113281712402, 0.000188791018445, 0.00024600548204, 0.000343398569385, 0.000193662854144, 0.000102235164377, 4.94824889756e-05, 4.70269988e-05, 3.6099627323e-05, 2.14072861127e-05, 8.84908604348e-06, 7.32135458748e-06, 3.85892872146e-06, 5.43886289961e-06, 2.61960644821e-06, 2.0230888822e-06, 1.28229476104e-06, 1.13483542918e-06, 8.22157858238e-07, 4.47896354672e-07, 4.25637523449e-07, 3.46985387978e-07, 2.43058224214e-07, 2.19887382968e-07, 1.70685481748e-07, 9.90899025055e-08, 8.72473506774e-08, 3.20512576479e-08, 2.57878376431e-08, 2.50095020249e-08, 1.26708883386e-08, 1.13714166972e-08, 8.03953081885e-09, 4.96394125804e-09, 3.04844216537e-09, 2.73177724885e-09, 2.07498462856e-09, 1.38024036644e-09], "dmean2": [0.000406716077123, 0.000181329494808, 0.000211796199437, 0.000350931863068, 0.000342747400282, 0.000583894434385, 0.000344190222677, 0.000191307772184, 9.9129472801e-05, 9.22526305658e-05, 0.000100520257547, 9.24934211071e-05, 3.16988007398e-05, 2.47680345637e-05, 1.83197316801e-05, 3.40064434567e-05, 1.25527667478e-05, 9.97904498945e-06, 7.9230958363e-06, 3.63421941074e-06, 4.57815804111e-06, 1.58755005941e-06, 1.66824509051e-06, 1.78640425474e-06, 1.01799980712e-06, 9.64026639849e-07, 1.04818252566e-06, 4.83515123051e-07, 4.18528685486e-07, 1.50505542251e-07, 1.55327896323e-07, 1.29949754069e-07, 7.75634276806e-08, 6.98454201142e-08, 5.06936217448e-08, 2.87556876089e-08, 1.78358590119e-08, 1.78010104435e-08, 9.77856551287e-09, 8.60115711987e-09], "dmean": [0.000243613205384, 0.000127697421703, 0.000164815195603, 0.000237710555666, 0.000245024391916, 0.000424536527134, 0.000240727196797, 0.000141023672768, 7.17409639037e-05, 6.54445539112e-05, 6.5086685936e-05, 5.85584566579e-05, 2.06764816539e-05, 1.58384536917e-05, 1.17046201922e-05, 2.24732139031e-05, 7.78437060944e-06, 5.92462129134e-06, 4.71518660561e-06, 2.14674673771e-06, 2.73908722193e-06, 9.44770192746e-07, 9.8273869753e-07, 1.05043034182e-06, 6.07863682944e-07, 5.73967099626e-07, 6.65022525936e-07, 3.06659103444e-07, 2.54243758491e-07, 9.2028436427e-08, 9.29655570303e-08, 7.88258844864e-08, 4.72808494578e-08, 4.19979464539e-08, 3.04302965048e-08, 1.74676806353e-08, 1.09037054941e-08, 1.08018678446e-08, 6.1001328433e-09, 5.16137710349e-09], "var": [4.90478043957e-07, 1.06823313217e-06, 2.04133652915e-06, 2.44485613621e-06, 1.19398703191e-06, 3.36174230142e-06, 1.40429744988e-06, 5.37758921837e-07, 1.57076016194e-07, 8.46101144703e-08, 6.41020960757e-08, 7.05030771542e-08, 1.35870354967e-08, 5.03145880515e-09, 4.41339453872e-09, 3.90971663933e-08, 2.53075604917e-09, 1.18399745563e-09, 5.48501410957e-10, 6.82689529907e-11, 1.88797200096e-10, 1.33730500632e-11, 5.49722732612e-11, 4.8825481852e-11, 7.67100358928e-12, 1.31114312116e-11, 2.39459771456e-11, 1.3397902579e-11, 3.08286968002e-12, 3.53395020495e-13, 7.8139431774e-13, 3.03730266849e-13, 1.70576782408e-13, 1.05668654436e-13, 8.08815904876e-14, 1.74749402232e-14, 9.13306837927e-15, 1.06203794606e-14, 2.65081480766e-15, 2.05814776029e-15], "dvar": [1.03338720692e-07, 9.9504440243e-08, 2.34032128787e-07, 4.70649496265e-07, 3.00963648669e-07, 9.22719152641e-07, 4.53132258826e-07, 1.14089985459e-07, 2.82168191035e-08, 2.3797566584e-08, 3.51217721573e-08, 3.31639675721e-08, 3.66339336644e-09, 2.64677124662e-09, 1.85466964009e-09, 1.07632578406e-08, 1.21507826023e-09, 6.77753408951e-10, 3.05718950155e-10, 3.33739980096e-11, 9.49054931865e-11, 8.00783918342e-12, 3.32730162866e-11, 2.5188982844e-11, 3.36021314939e-12, 4.73509686322e-12, 5.75743966391e-12, 7.88984155786e-12, 9.50411624401e-13, 1.27180560462e-13, 2.87411479165e-13, 1.22539660168e-13, 4.68200748083e-14, 2.8846767504e-14, 2.02425017937e-14, 3.90616612813e-15, 2.08691829314e-15, 2.19428713074e-15, 5.88915220809e-16, 4.2727650582e-16], "mean": [0.000480895774672, 0.00049954460701, 0.000545779359527, 0.000674411188811, 0.00062063743826, 0.000986246624961, 0.000578920182306, 0.000340709317243, 0.000179570910404, 0.000146125006722, 0.000112820489448, 9.34640702326e-05, 3.8384070649e-05, 2.67884843197e-05, 1.9930774215e-05, 4.39032301074e-05, 1.29477339215e-05, 9.46323871176e-06, 7.20460002412e-06, 3.72697536477e-06, 4.56854968434e-06, 1.61301204571e-06, 1.72546810973e-06, 1.91206163436e-06, 1.1435814713e-06, 1.12997588531e-06, 1.39896178553e-06, 5.58425824693e-07, 5.31598061571e-07, 1.93861495745e-07, 1.99332077955e-07, 1.62272471016e-07, 1.06369064667e-07, 9.84943042681e-08, 7.32860527819e-08, 4.45898926671e-08, 2.8140229702e-08, 2.93103656901e-08, 1.63371378648e-08, 1.39883971073e-08]}, "spectral_entropy": {"min": 4.9452290535, "max": 8.21306610107, "dvar2": 0.0263047013432, "median": 6.3703083992, "dmean2": 0.175393655896, "dmean": 0.119443677366, "var": 0.140908837318, "dvar": 0.0114515498281, "mean": 6.36701869965}, "spectral_rolloff": {"min": 21.533203125, "max": 2670.1171875, "dvar2": 73152.2734375, "median": 516.796875, "dmean2": 212.405258179, "dmean": 121.629371643, "var": 82719.0078125, "dvar": 29931.1835938, "mean": 565.456604004}, "barkbands": {"min": [3.02128967178e-07, 2.96296889246e-07, 1.37547315759e-08, 2.89022028532e-10, 3.06539718054e-08, 1.13363798349e-08, 2.96922286758e-09, 6.4461247451e-10, 1.54911483641e-09, 6.97464919153e-10, 9.23845666634e-10, 1.19728793546e-09, 9.10820363575e-10, 4.60136678759e-10, 5.9632460081e-10, 6.38662456254e-10, 4.17196249769e-10, 5.43265654684e-10, 7.51095297069e-10, 7.69610042362e-10, 7.66749552739e-10, 6.52301768156e-10, 5.68960045744e-10, 5.42276834548e-10, 4.94525531636e-10, 5.10686826161e-10, 5.67984548283e-10], "max": [0.0850398540497, 0.0523598864675, 0.0208192933351, 0.0444355458021, 0.116493739188, 0.139475136995, 0.103356286883, 0.0559673011303, 0.0317797511816, 0.076128937304, 0.0289090014994, 0.0105130644515, 0.033369448036, 0.0235963091254, 0.0122831817716, 0.00335120782256, 0.00367400120012, 0.00305227050558, 0.00214257603511, 0.00444564269856, 0.000775059394073, 0.000782757997513, 0.000239649089053, 0.000122463156004, 0.00015563533816, 3.06362380798e-05, 2.36803371081e-05], "dvar2": [5.58622887183e-05, 2.57903980128e-06, 3.9482745251e-07, 1.54712279254e-06, 1.88105659618e-05, 4.05754326493e-05, 2.29724864766e-05, 2.93773473459e-06, 2.5801382435e-06, 6.03427315582e-06, 1.14597150969e-06, 3.67857040828e-07, 1.20790548408e-06, 3.18585904324e-07, 1.58149958907e-07, 3.8581202233e-08, 1.3593697723e-08, 1.81347825645e-08, 6.150508991e-09, 8.78742678623e-09, 1.2795117188e-09, 4.41641889726e-10, 1.31006261395e-10, 2.07469111335e-11, 7.12352832971e-12, 1.32645023437e-12, 2.52310379621e-13], "median": [0.00127526838332, 0.000330060167471, 0.000105765720946, 8.8598979346e-05, 0.00108048284892, 0.00163293653168, 0.000665762287099, 0.000300406973111, 0.000349008798366, 0.000149541388964, 6.23920132057e-05, 6.57339842292e-05, 5.88548027736e-05, 2.94190467685e-05, 1.77545698534e-05, 1.77905894816e-05, 6.87376177666e-06, 7.52900859879e-06, 5.73033094042e-06, 5.80486994295e-06, 1.7949262201e-06, 1.01098714822e-06, 5.22203492892e-07, 2.5464427722e-07, 1.55053911044e-07, 7.77558923915e-08, 3.17646176029e-08], "dmean2": [0.00532630225644, 0.000709501910023, 0.000239483561018, 0.000424849014962, 0.00159297639038, 0.00272807199508, 0.00157253956422, 0.000707084138412, 0.000679786200635, 0.000667853106279, 0.000323098269291, 0.000205004864256, 0.000275730388239, 0.000154216773808, 9.5445131592e-05, 6.90192828188e-05, 2.57221890934e-05, 3.34587239195e-05, 2.29645520449e-05, 2.29378310905e-05, 8.93748347153e-06, 4.89972990181e-06, 2.84956013274e-06, 1.16382796023e-06, 6.07987658441e-07, 2.94057628025e-07, 1.0897846181e-07], "dmean": [0.00305735366419, 0.000442551827291, 0.000182004630915, 0.000336981145665, 0.00108925148379, 0.00199052179232, 0.00112301646732, 0.0005013748887, 0.000479465641547, 0.000416760740336, 0.00021084844775, 0.00013106908591, 0.000180828836164, 9.38150333241e-05, 5.62558379897e-05, 4.09611820942e-05, 1.52116508616e-05, 1.96702912945e-05, 1.36507114803e-05, 1.45092508319e-05, 5.44793329027e-06, 2.97333644994e-06, 1.70837188307e-06, 7.20975208424e-07, 3.8261850932e-07, 1.81992731996e-07, 7.09001781729e-08], "var": [2.00286358449e-05, 8.16087504063e-06, 2.27408668252e-06, 9.76532101049e-06, 3.86818865081e-05, 7.71222548792e-05, 3.29043141392e-05, 8.22877882456e-06, 4.20262767875e-06, 3.72867998522e-06, 1.95680922843e-06, 3.20175246316e-07, 2.09932295547e-06, 2.90433462169e-07, 8.80734916109e-08, 2.97289268758e-08, 6.24427398677e-09, 1.2419310913e-08, 5.73108671631e-09, 1.05748405588e-08, 1.62977520368e-09, 5.24775112254e-10, 2.09170666898e-10, 5.39623276619e-11, 2.1277223039e-11, 5.58039638804e-12, 8.23831237604e-13], "dvar": [1.99205660465e-05, 9.34205218073e-07, 2.03181627967e-07, 1.06550874079e-06, 7.33238675821e-06, 2.0260187739e-05, 9.93640333036e-06, 1.54063843638e-06, 1.23005906971e-06, 2.33598848354e-06, 5.01924034779e-07, 1.4004750426e-07, 5.97735038355e-07, 1.4471852694e-07, 5.37694440084e-08, 1.42952343296e-08, 4.72267558393e-09, 6.10835115822e-09, 2.21947615842e-09, 3.88654841643e-09, 4.64756816365e-10, 1.76072961766e-10, 4.63167351694e-11, 7.97215852361e-12, 3.31032640535e-12, 4.90555675508e-13, 1.1149394396e-13], "mean": [0.00284760212526, 0.00135532603599, 0.000711542321369, 0.00105676986277, 0.00312730390579, 0.00470287771896, 0.00255661131814, 0.00114884681534, 0.00108228635509, 0.000628644949757, 0.000373252754798, 0.000228303135373, 0.000351451599272, 0.000144478850416, 8.79204308148e-05, 7.0847760071e-05, 2.59427433775e-05, 3.61204110959e-05, 2.64304781012e-05, 3.00656702166e-05, 1.25924034364e-05, 6.83786311129e-06, 4.59258535557e-06, 2.33564560403e-06, 1.36848416332e-06, 7.63595210174e-07, 2.72310103355e-07]}, "melbands_flatness_db": {"min": 0.118756271899, "max": 0.749560177326, "dvar2": 0.000752872147132, "median": 0.319095283747, "dmean2": 0.0266798250377, "dmean": 0.0177149418741, "var": 0.00541606778279, "dvar": 0.00030541679007, "mean": 0.324865072966}, "melbands_skewness": {"min": -1.30604481697, "max": 65.3023529053, "dvar2": 9.48680496216, "median": 1.47222006321, "dmean2": 1.00957834721, "dmean": 0.635048627853, "var": 7.7150850296, "dvar": 3.24379563332, "mean": 1.84770023823}, "barkbands_skewness": {"min": -1.66914772987, "max": 51.6157646179, "dvar2": 10.2124996185, "median": 1.0059967041, "dmean2": 1.25247633457, "dmean": 0.741808533669, "var": 5.48606920242, "dvar": 3.33258008957, "mean": 1.35224127769}, "silence_rate_60dB": {"min": 0, "max": 1, "dvar2": 0.0826875641942, "median": 0, "dmean2": 0.0739677473903, "dmean": 0.0369807481766, "var": 0.0815411657095, "dvar": 0.0356181971729, "mean": 0.0895736590028}, "spectral_energyband_low": {"min": 5.28802843291e-07, "max": 0.0567098855972, "dvar2": 7.39491042623e-06, "median": 0.00181626377162, "dmean2": 0.00204804190435, "dmean": 0.00126015068963, "var": 1.81656887435e-05, "dvar": 2.83678286905e-06, "mean": 0.00326316733845}, "spectral_energyband_middle_low": {"min": 1.18360986789e-07, "max": 0.198708683252, "dvar2": 8.56849583215e-05, "median": 0.00763608561829, "dmean2": 0.00495855463669, "dmean": 0.00353966536932, "var": 0.000303037464619, "dvar": 4.08964770031e-05, "mean": 0.0137365330011}, "melbands_kurtosis": {"min": -1.83608603477, "max": 10036.1699219, "dvar2": 176026.875, "median": 4.9660949707, "dmean2": 37.9339103699, "dmean": 21.745059967, "var": 67287.46875, "dvar": 60057.4765625, "mean": 26.1490325928}, "spectral_decrease": {"min": -5.28116075316e-08, "max": -2.11113963225e-13, "dvar2": 8.90485572012e-18, "median": -3.56581653094e-09, "dmean2": 2.3275714689e-09, "dmean": 1.49574530539e-09, "var": 2.82977958159e-17, "dvar": 3.82005076331e-18, "mean": -5.27188381838e-09}, "erbbands_kurtosis": {"min": -1.72499930859, "max": 46.1758155823, "dvar2": 9.89661121368, "median": 1.81833648682, "dmean2": 2.38492274284, "dmean": 1.53488063812, "var": 10.7987384796, "dvar": 3.89266777039, "mean": 2.57724070549}, "melbands_crest": {"min": 4.72763395309, "max": 39.866268158, "dvar2": 20.3048000336, "median": 13.4890737534, "dmean2": 4.55456399918, "dmean": 2.87560844421, "var": 33.1095581055, "dvar": 7.93904876709, "mean": 14.7799310684}, "melbands_spread": {"min": 0.0139626832679, "max": 43.3337440491, "dvar2": 11.6138210297, "median": 8.52268791199, "dmean2": 3.17419743538, "dmean": 2.08172607422, "var": 27.8720741272, "dvar": 5.06357336044, "mean": 9.52352523804}, "spectral_energy": {"min": 8.09264008694e-07, "max": 0.20569190383, "dvar2": 0.000132835732074, "median": 0.0138888563961, "dmean2": 0.00895739719272, "dmean": 0.00576739991084, "var": 0.000435029098298, "dvar": 5.73335382796e-05, "mean": 0.0206212643534}, "mfcc": {"mean": [-762.274108887, 194.596374512, -1.41168606281, 14.5172491074, -10.0610399246, -6.40636730194, -5.93668413162, -3.681661129, -4.28405857086, 3.04680538177, 1.13567459583, 1.26157701015, 4.44764947891], "icov": [[0.000381742022, -1.61341267813e-05, 0.000553497811779, -0.000291689735604, 0.000695551512763, -0.000246680079727, 0.000649316876661, -0.000231091165915, 0.000584877678193, -0.000365779589629, 0.000691540481057, -0.00013285400928, 0.000652383314446], [-1.61341267813e-05, 0.000990493921563, 6.64709295961e-05, 7.48052070776e-06, -0.0009929491207, 0.000641168968286, -0.000897863530554, 0.000961847545113, -0.00014545697195, 0.000536205887329, 0.000123629011796, 0.000110159373435, 0.000363744620699], [0.000553497811779, 6.64709295961e-05, 0.00404938636348, -0.00118305813521, -0.000868703937158, -0.000101303754491, 0.000226469390327, -0.00110758806113, 0.0003637157497, -0.00070235930616, 0.00129212951288, -0.000382624100894, 0.00183754204772], [-0.000291689735604, 7.48052070776e-06, -0.00118305813521, 0.00643174210563, -0.00328994705342, -0.000104683815152, -0.00100111123174, 0.00041971061728, 0.00149378564674, -0.00113097764552, 0.000348808069248, 0.00139401690103, -0.000553191523068], [0.000695551512763, -0.0009929491207, -0.000868703937158, -0.00328994705342, 0.012181959115, -0.00634917058051, 0.000366052845493, 0.00163496111054, -0.00170843303204, 0.000376405747375, 0.000456153589766, -0.000370548135834, 0.000823345093522], [-0.000246680079727, 0.000641168968286, -0.000101303754491, -0.000104683815152, -0.00634917058051, 0.0166772156954, -0.00738226622343, 0.000348627188941, -0.00026063239784, 0.00137841782998, -0.000638417899609, -0.00029912267928, 0.001281262259], [0.000649316876661, -0.000897863530554, 0.000226469390327, -0.00100111123174, 0.000366052845493, -0.00738226622343, 0.0176716856658, -0.00776296807453, 0.00317934411578, -0.00174189184327, 0.00151240383275, -0.00165824498981, 0.000701594399288], [-0.000231091165915, 0.000961847545113, -0.00110758806113, 0.00041971061728, 0.00163496111054, 0.000348627188941, -0.00776296807453, 0.018034460023, -0.00940145272762, 0.00259307771921, -0.00218817126006, 0.000585987698287, -0.000687445222866], [0.000584877678193, -0.00014545697195, 0.0003637157497, 0.00149378564674, -0.00170843303204, -0.00026063239784, 0.00317934411578, -0.00940145272762, 0.0199320651591, -0.0105409007519, 0.00565007841215, -0.0023893690668, 0.00150706933346], [-0.000365779589629, 0.000536205887329, -0.00070235930616, -0.00113097764552, 0.000376405747375, 0.00137841782998, -0.00174189184327, 0.00259307771921, -0.0105409007519, 0.0209804680198, -0.0115277003497, 0.00494129396975, -0.00343254185282], [0.000691540481057, 0.000123629011796, 0.00129212951288, 0.000348808069248, 0.000456153589766, -0.000638417899609, 0.00151240383275, -0.00218817126006, 0.00565007841215, -0.0115277003497, 0.0218717884272, -0.0132832163945, 0.00617493735626], [-0.00013285400928, 0.000110159373435, -0.000382624100894, 0.00139401690103, -0.000370548135834, -0.00029912267928, -0.00165824498981, 0.000585987698287, -0.0023893690668, 0.00494129396975, -0.0132832163945, 0.0212655458599, -0.00874974485487], [0.000652383314446, 0.000363744620699, 0.00183754204772, -0.000553191523068, 0.000823345093522, 0.001281262259, 0.000701594399288, -0.000687445222866, 0.00150706933346, -0.00343254185282, 0.00617493735626, -0.00874974485487, 0.0117132086307]], "cov": [[6342.60742188, -353.035186768, -1013.8336792, -227.342514038, -685.460144043, -344.77166748, -437.266998291, -223.999389648, -274.406646729, -120.546218872, -188.660095215, -181.134078979, -130.914733887], [-353.035186768, 1483.1932373, 174.380981445, 184.346710205, 268.357147217, 99.4536056519, 97.6870574951, -89.6146469116, -56.8918647766, -94.5170516968, -83.5832748413, -93.715057373, -132.219650269], [-1013.8336792, 174.380981445, 520.155944824, 167.397537231, 215.801055908, 116.672714233, 108.666168213, 49.1747550964, 43.3673858643, 6.13022279739, -11.6578016281, -31.0301570892, -75.014831543], [-227.342514038, 184.346710205, 167.397537231, 277.035064697, 158.472930908, 81.9681472778, 59.8629150391, -8.97767734528, -14.0985059738, -11.7155561447, -31.5089130402, -48.5112190247, -51.7041015625], [-685.460144043, 268.357147217, 215.801055908, 158.472930908, 271.912658691, 131.20942688, 94.6506576538, 9.20397567749, 20.148015976, -9.31146430969, -11.9659852982, -22.462644577, -50.913356781], [-344.77166748, 99.4536056519, 116.672714233, 81.9681472778, 131.20942688, 143.292480469, 86.5250473022, 23.9679927826, 11.8741006851, -6.51014614105, -1.45708191395, -8.40404129028, -35.936466217], [-437.266998291, 97.6870574951, 108.666168213, 59.8629150391, 94.6506576538, 86.5250473022, 134.179733276, 53.1644287109, 22.6773204803, 5.6880645752, 7.85715484619, 6.98710107803, -14.1078205109], [-223.999389648, -89.6146469116, 49.1747550964, -8.97767734528, 9.20397567749, 23.9679927826, 53.1644287109, 112.746177673, 61.9385604858, 27.8905582428, 20.6345157623, 20.2808818817, 11.7600908279], [-274.406646729, -56.8918647766, 43.3673858643, -14.0985059738, 20.148015976, 11.8741006851, 22.6773204803, 61.9385604858, 109.906005859, 53.6540298462, 17.849237442, 17.9554214478, 14.7279472351], [-120.546218872, -94.5170516968, 6.13022279739, -11.7155561447, -9.31146430969, -6.51014614105, 5.6880645752, 27.8905582428, 53.6540298462, 99.9656066895, 55.067440033, 27.3505706787, 24.5889511108], [-188.660095215, -83.5832748413, -11.6578016281, -31.5089130402, -11.9659852982, -1.45708191395, 7.85715484619, 20.6345157623, 17.849237442, 55.067440033, 117.326316833, 72.0642700195, 21.0059528351], [-181.134078979, -93.715057373, -31.0301570892, -48.5112190247, -22.462644577, -8.40404129028, 6.98710107803, 20.2808818817, 17.9554214478, 27.3505706787, 72.0642700195, 120.729026794, 76.7441635132], [-130.914733887, -132.219650269, -75.014831543, -51.7041015625, -50.913356781, -35.936466217, -14.1078205109, 11.7600908279, 14.7279472351, 24.5889511108, 21.0059528351, 76.7441635132, 166.707107544]]}, "spectral_contrast_valleys": {"min": [-13.7491922379, -13.2826337814, -14.9045267105, -15.9809913635, -15.6538333893, -17.2897319794], "max": [-5.88983011246, -4.80352735519, -5.95677232742, -7.23277807236, -7.33400154114, -10.0278987885], "dvar2": [0.203797861934, 0.136165559292, 0.0933227092028, 0.0654452592134, 0.0320375524461, 0.030957210809], "median": [-8.06610774994, -6.86775064468, -8.31890201569, -9.23388957977, -9.60401058197, -12.5766868591], "dmean2": [0.552259504795, 0.457372516394, 0.397852301598, 0.329703271389, 0.224747598171, 0.171446323395], "dmean": [0.327168881893, 0.280034989119, 0.237623199821, 0.196040675044, 0.133937373757, 0.105503134429], "var": [0.789431333542, 0.994309484959, 0.802960515022, 0.687063217163, 0.658049762249, 0.618074536324], "dvar": [0.071553491056, 0.050931673497, 0.0336994640529, 0.023983867839, 0.0120454132557, 0.0121481698006], "mean": [-8.08852481842, -7.02506685257, -8.39258003235, -9.27607250214, -9.58822059631, -12.5048818588]}, "barkbands_flatness_db": {"min": 0.0806025415659, "max": 0.734262347221, "dvar2": 0.00171164353378, "median": 0.234866037965, "dmean2": 0.0373088568449, "dmean": 0.0231403913349, "var": 0.00439839577302, "dvar": 0.000635350239463, "mean": 0.241912260652}, "dynamic_complexity": 4.81469917297, "spectral_skewness": {"min": 1.37477171421, "max": 8.75328159332, "dvar2": 0.537338137627, "median": 2.91252708435, "dmean2": 0.790996670723, "dmean": 0.458375960588, "var": 1.02112221718, "dvar": 0.17782998085, "mean": 3.12664818764}, "erbbands_flatness_db": {"min": 0.0648187920451, "max": 0.395628