{"lowlevel": {"spectral_complexity": {"min": 0, "max": 48, "dvar2": 16.3045253754, "median": 13, "dmean2": 3.92152547836, "dmean": 2.95331215858, "var": 70.7081451416, "dvar": 10.4839887619, "mean": 13.5758275986}, "silence_rate_20dB": {"min": 1, "max": 1, "dvar2": 0, "median": 1, "dmean2": 0, "dmean": 0, "var": 0, "dvar": 0, "mean": 1}, "average_loudness": 0.502370715141, "erbbands_spread": {"min": 2.43445777893, "max": 86.1684570312, "dvar2": 64.6290512085, "median": 21.7790756226, "dmean2": 7.58011627197, "dmean": 4.9649066925, "var": 96.7403945923, "dvar": 29.5961761475, "mean": 23.4944934845}, "spectral_kurtosis": {"min": -1.25305819511, "max": 32.1984214783, "dvar2": 29.5295829773, "median": 6.17770576477, "dmean2": 6.0454044342, "dmean": 3.45126867294, "var": 19.2805461884, "dvar": 9.97127628326, "mean": 6.96042966843}, "barkbands_kurtosis": {"min": -1.79703891277, "max": 148.43901062, "dvar2": 49.1836929321, "median": -0.00360870361328, "dmean2": 3.14190101624, "dmean": 1.99795758724, "var": 47.3149032593, "dvar": 21.7607707977, "mean": 2.00043058395}, "spectral_strongpeak": {"min": 0, "max": 25.4741363525, "dvar2": 4.04945611954, "median": 0.457846313715, "dmean2": 1.32671415806, "dmean": 0.825464844704, "var": 5.24049568176, "dvar": 1.91789984703, "mean": 1.55217421055}, "spectral_spread": {"min": 1684149.375, "max": 42427040, "dvar2": 510987042816, "median": 2636842.5, "dmean2": 415681.125, "dmean": 265912.15625, "var": 17122205892600.0, "dvar": 321149337600, "mean": 3171977}, "spectral_rms": {"min": 3.12087031565e-12, "max": 0.0154117820784, "dvar2": 9.28555550672e-07, "median": 0.00284227589145, "dmean2": 0.00078409165144, "dmean": 0.000617180776317, "var": 3.07268555844e-06, "dvar": 5.50294771529e-07, "mean": 0.00305620650761}, "erbbands": {"min": [1.0457747267e-22, 6.08992490408e-22, 1.95787855072e-21, 4.31889213559e-21, 1.48321190181e-20, 2.26245287423e-20, 2.06334080726e-20, 8.51424759319e-20, 7.68916272027e-20, 2.13200801028e-19, 2.08207486486e-19, 4.0672437115e-19, 6.40232158948e-19, 7.55307561213e-19, 1.34556136415e-18, 1.20201740373e-18, 1.47562197039e-18, 2.1811942116e-18, 2.5062476546e-18, 2.43203425082e-18, 3.91169079465e-18, 5.36152871817e-18, 5.09352137252e-18, 6.39366317982e-18, 5.67953210081e-18, 7.77176469189e-18, 8.83674897721e-18, 1.01858474691e-17, 1.03832334427e-17, 9.53771340881e-18, 1.22027437587e-17, 9.77103872574e-18, 1.03743884004e-17, 7.23316671555e-18, 4.98231190225e-18, 4.20480844856e-18, 2.62736385348e-18, 1.02857872239e-18, 2.5683821018e-19, 2.73324740506e-20], "max": [0.0441613458097, 1.53081035614, 15.3014783859, 36.7034606934, 257.480621338, 138.27722168, 165.272659302, 376.453369141, 351.585479736, 1091.1541748, 586.781921387, 1138.45751953, 547.992980957, 758.329101562, 1592.24267578, 1157.8927002, 1005.56463623, 1320.34118652, 1702.54370117, 1130.61230469, 6749.77392578, 1717.65710449, 1060.90026855, 822.569885254, 426.731719971, 251.409164429, 258.469696045, 153.404174805, 34.2713012695, 10.5560932159, 3.78197073936, 1.51606094837, 0.875402152538, 0.467964440584, 0.0835065692663, 0.0171181950718, 0.00432279612869, 0.00049627473345, 0.000125316597405, 0.000277974671917], "dvar2": [1.96621458599e-05, 0.0365533530712, 3.55676746368, 12.2059364319, 360.321807861, 114.815956116, 79.4070968628, 338.912261963, 506.387542725, 1409.32873535, 822.304077148, 1895.06152344, 649.162719727, 1073.66833496, 2271.10424805, 2254.87182617, 3448.42675781, 2346.47167969, 3823.10253906, 3951.21240234, 12628.7011719, 4439.56347656, 4549.05175781, 653.801086426, 471.311187744, 286.706329346, 136.30317688, 54.5999755859, 3.98765301704, 0.476066499949, 0.0811435207725, 0.0121293999255, 0.00135772489011, 0.000217057255213, 1.66643458215e-05, 9.98947257358e-07, 4.52705712917e-08, 5.38003919193e-10, 3.79914814885e-11, 1.54358928417e-10], "median": [0.00186544330791, 0.0670388564467, 0.469454437494, 0.514896929264, 0.689494371414, 1.24194180965, 1.8905826807, 2.49937391281, 2.45465493202, 3.52288246155, 5.49219608307, 4.73183584213, 4.07054758072, 4.10472822189, 6.00729322433, 7.13794326782, 7.5831861496, 6.99561595917, 7.53722429276, 7.5169801712, 8.26031017303, 5.97647714615, 4.37867641449, 3.09173035622, 1.55984663963, 1.14817643166, 0.918356895447, 0.587940514088, 0.212844997644, 0.0821921005845, 0.0391044840217, 0.0193320456892, 0.0084034325555, 0.00333430059254, 0.00111188844312, 0.0003033503599, 6.47408960504e-05, 9.55149516813e-06, 5.34240098204e-06, 1.01240157164e-05], "dmean2": [0.00338334473781, 0.141392812133, 1.18310797215, 1.61516904831, 5.57832098007, 4.38945007324, 4.00613069534, 6.80136156082, 7.41804695129, 9.72715091705, 13.0888614655, 14.7002792358, 9.27041244507, 11.9155855179, 17.9058475494, 19.3599014282, 25.27891922, 20.5782833099, 28.0656013489, 27.2612304688, 29.3850021362, 24.1716651917, 23.8368721008, 11.6175851822, 8.30407142639, 6.93111228943, 4.79848241806, 3.00459241867, 0.865879654884, 0.317615151405, 0.133307054639, 0.051158234477, 0.0161939747632, 0.00569312274456, 0.00164358934853, 0.000407148880186, 8.69441355462e-05, 1.09545062514e-05, 3.77056380785e-06, 7.14356701792e-06], "dmean": [0.0020264564082, 0.0879906192422, 0.809492707253, 1.06810557842, 3.29761314392, 2.64766812325, 2.56134843826, 4.34469175339, 4.6413936615, 6.33371305466, 9.06474685669, 10.1185417175, 6.3759469986, 8.62617015839, 12.497127533, 13.5766305923, 17.5184288025, 14.5475721359, 20.0140857697, 19.0609531403, 20.8936901093, 16.7685718536, 16.6252555847, 8.36576938629, 6.07297229767, 5.18436431885, 3.62290406227, 2.23131632805, 0.633508682251, 0.225932985544, 0.0969023257494, 0.0371545851231, 0.0116498488933, 0.00402827514336, 0.00115613371599, 0.000291093689157, 6.13589872955e-05, 7.93101480667e-06, 2.97133487948e-06, 5.51230641577e-06], "var": [1.21715547721e-05, 0.0234045982361, 3.03471493721, 9.30206489563, 111.995040894, 45.0742263794, 68.7112960815, 313.722167969, 304.034729004, 669.172729492, 1091.02246094, 1734.60510254, 667.676940918, 2868.86523438, 4179.42138672, 3665.78735352, 5371.69287109, 4449.9453125, 10408.9462891, 5560.57421875, 23211.171875, 7970.09326172, 5949.85351562, 1503.6015625, 1044.15966797, 630.973205566, 336.435272217, 140.237930298, 9.59188747406, 0.966344952583, 0.156660944223, 0.0236042458564, 0.00244183884934, 0.000312519056024, 2.48412434303e-05, 1.40063184517e-06, 6.23853040338e-08, 9.90919346577e-10, 1.01387745421e-10, 3.14543141533e-10], "dvar": [7.72395105741e-06, 0.0144253727049, 1.64981043339, 5.70337057114, 133.570602417, 42.0508460999, 32.1550636292, 136.919464111, 188.02835083, 579.351318359, 416.556671143, 797.772705078, 285.157012939, 638.475463867, 1302.86889648, 1204.55859375, 1638.16760254, 1267.79675293, 2162.03271484, 1944.11022949, 7805.04394531, 2404.71630859, 2221.17993164, 395.628417969, 258.385284424, 165.873825073, 80.3103561401, 30.9007663727, 2.2392680645, 0.26130437851, 0.0432796292007, 0.00642529549077, 0.000702332356013, 0.000109161912405, 8.11365953268e-06, 4.7437140438e-07, 2.11089776769e-08, 2.67653538222e-10, 2.27812855386e-11, 8.36850103103e-11], "mean": [0.00303599378094, 0.126846566796, 1.23052000999, 1.48813188076, 3.35073900223, 3.48951983452, 4.58872938156, 7.8548541069, 8.2075920105, 10.7218427658, 17.42719841, 19.0288467407, 12.9797763824, 18.9196376801, 24.6653423309, 26.5980892181, 34.6576538086, 30.3917808533, 43.2385444641, 35.9737586975, 40.8963050842, 35.0447349548, 31.3861465454, 17.3707752228, 13.5377664566, 11.229385376, 7.9342508316, 4.78296613693, 1.40951824188, 0.48878416419, 0.204367801547, 0.0805547386408, 0.0261758863926, 0.00890597142279, 0.00268465094268, 0.000686078390572, 0.000146807258716, 2.07404154935e-05, 8.96045457921e-06, 1.59474147949e-05]}, "zerocrossingrate": {"min": 0.00439453125, "max": 0.5302734375, "dvar2": 8.23126683827e-05, "median": 0.04931640625, "dmean2": 0.00788770243526, "dmean": 0.00704379426315, "var": 0.00297172903083, "dvar": 6.18444610154e-05, "mean": 0.0574367456138}, "spectral_contrast_coeffs": {"min": [-0.977308750153, -0.977934062481, -0.982775390148, -0.973717927933, -0.968205630779, -0.96500480175], "max": [-0.343027502298, -0.487110614777, -0.453762054443, -0.424384444952, -0.503668665886, -0.583383917809], "dvar2": [0.00495516695082, 0.00314159877598, 0.00255504483357, 0.0022119008936, 0.00162567663938, 0.000755930901505], "median": [-0.644801020622, -0.769034743309, -0.762474358082, -0.748728394508, -0.763180196285, -0.727190673351], "dmean2": [0.0864785015583, 0.0679866373539, 0.0603000707924, 0.0546018108726, 0.042690154165, 0.0293669570237], "dmean": [0.0526092983782, 0.0417375974357, 0.0388761013746, 0.0365493409336, 0.0300484206527, 0.0206315238029], "var": [0.00677351420745, 0.00486501818523, 0.00603211671114, 0.00669826613739, 0.00662150979042, 0.00368078099564], "dvar": [0.00194418907631, 0.00123113812879, 0.00115170842037, 0.00109745177906, 0.000911115785129, 0.00043598539196], "mean": [-0.644178926945, -0.762704074383, -0.756334245205, -0.746742784977, -0.753174245358, -0.726361274719]}, "dissonance": {"min": 0.264954000711, "max": 0.49999961257, "dvar2": 0.0010852033738, "median": 0.468666315079, "dmean2": 0.0338392183185, "dmean": 0.0198993273079, "var": 0.000750952225644, "dvar": 0.000392137997551, "mean": 0.462751477957}, "spectral_energyband_high": {"min": 6.96696425214e-21, "max": 0.00670833978802, "dvar2": 1.64590687746e-07, "median": 4.16199618485e-05, "dmean2": 0.000179289025255, "dmean": 0.000138666495332, "var": 4.8392678309e-07, "dvar": 1.03544039121e-07, "mean": 0.000326764100464}, "gfcc": {"mean": [-102.27822876, 136.098892212, -162.457061768, 32.3729743958, -49.4775924683, 0.451501756907, -29.1540584564, -6.88805675507, -13.2840337753, -6.8135881424, -11.7453899384, -10.4067182541, -6.68608856201], "icov": [[0.000540165114217, -0.00110786024015, 0.00166305073071, -0.00140204967465, 0.00112631020602, -0.000295124162221, 0.000352637813194, 6.10335409874e-05, 0.000130819753394, 0.000632778159343, -0.000422431417974, 0.00071147485869, -0.000217438631807], [-0.00110786024015, 0.00406424701214, -0.00353992893361, 0.00331948464736, -0.00100363732781, -0.000394050468458, 0.000266371003818, 0.00154593947809, -0.00208301912062, 0.00123224791605, -0.000957083888352, 0.000728895829525, 3.54724434146e-05], [0.00166305073071, -0.00353992893361, 0.00606985250488, -0.00434934906662, 0.00330571644008, -0.00166767660994, 0.0012897120323, 0.000578992767259, -0.000210437967326, 0.00199776072986, -0.000872935168445, 0.00119215273298, -0.000308232323732], [-0.00140204967465, 0.00331948464736, -0.00434934906662, 0.0074339453131, -0.00430785585195, 0.00172559171915, -0.00198784191161, -0.000996474758722, 0.00411616079509, -0.00463092559949, 0.00541166309267, -0.0039408733137, 0.00339325191453], [0.00112631020602, -0.00100363732781, 0.00330571644008, -0.00430785585195, 0.0109196370468, -0.00427153613418, 0.00031765337917, 0.00183169683442, -0.00406536646187, 0.0077448496595, -0.00768964225426, 0.00697096530348, -0.00183064548764], [-0.000295124162221, -0.000394050468458, -0.00166767660994, 0.00172559171915, -0.00427153613418, 0.00909362640232, -0.00253834016621, -0.00210560509004, 0.00162267952692, -0.00334110646509, 0.0050659342669, -0.00491642579436, 0.00320576038212], [0.000352637813194, 0.000266371003818, 0.0012897120323, -0.00198784191161, 0.00031765337917, -0.00253834016621, 0.0129737164825, -0.00420509977266, 0.000999446492642, 0.00047790480312, -0.00296245631762, 0.00535217160359, -0.0045863231644], [6.10335409874e-05, 0.00154593947809, 0.000578992767259, -0.000996474758722, 0.00183169683442, -0.00210560509004, -0.00420509977266, 0.0198178105056, -0.0107138128951, 0.00529124261811, -0.00195598835126, -0.00136838364415, 0.00343902199529], [0.000130819753394, -0.00208301912062, -0.000210437967326, 0.00411616079509, -0.00406536646187, 0.00162267952692, 0.000999446492642, -0.0107138128951, 0.0285757780075, -0.0184701848775, 0.00872621499002, -0.00187932292465, 0.000516682630405], [0.000632778159343, 0.00123224791605, 0.00199776072986, -0.00463092559949, 0.0077448496595, -0.00334110646509, 0.00047790480312, 0.00529124261811, -0.0184701848775, 0.0305488537997, -0.0176552683115, 0.00976739451289, -0.00261763832532], [-0.000422431417974, -0.000957083888352, -0.000872935168445, 0.00541166309267, -0.00768964225426, 0.0050659342669, -0.00296245631762, -0.00195598835126, 0.00872621499002, -0.0176552683115, 0.036369677633, -0.0215101949871, 0.0122979441658], [0.00071147485869, 0.000728895829525, 0.00119215273298, -0.0039408733137, 0.00697096530348, -0.00491642579436, 0.00535217160359, -0.00136838364415, -0.00187932292465, 0.00976739451289, -0.0215101949871, 0.0307080913335, -0.016552362591], [-0.000217438631807, 3.54724434146e-05, -0.000308232323732, 0.00339325191453, -0.00183064548764, 0.00320576038212, -0.0045863231644, 0.00343902199529, 0.000516682630405, -0.00261763832532, 0.0122979441658, -0.016552362591, 0.0249375365674]], "cov": [[19653.4628906, 1126.70532227, -3941.69091797, 709.063781738, -570.238647461, -569.592712402, -120.941772461, -191.48866272, -339.371734619, -179.07875061, -165.612609863, -306.777648926, -73.6328201294], [1126.70532227, 1055.11657715, 193.943908691, -333.766143799, -110.246322632, 28.76263237, -129.482620239, -89.9956665039, 45.6802062988, -41.9156913757, -1.58247458935, -35.8247146606, 4.59825754166], [-3941.69091797, 193.943908691, 1314.64111328, -87.9494934082, 47.5619506836, 164.144134521, -37.220993042, -8.73677921295, 51.6626739502, 0.556543111801, 7.57546901703, 55.6083908081, 2.4840502739], [709.063781738, -333.766143799, -87.9494934082, 501.963500977, 65.970489502, -12.8411588669, 66.7798461914, 19.0187397003, -81.380065918, -10.7733221054, -38.2185897827, -17.8597736359, -39.0312080383], [-570.238647461, -110.246322632, 47.5619506836, 65.970489502, 199.315429688, 69.4131851196, 40.4464035034, 18.2598266602, 4.17771244049, -12.6580295563, 6.37709283829, -20.2694587708, -20.5891494751], [-569.592712402, 28.76263237, 164.144134521, -12.8411588669, 69.4131851196, 177.66217041, 28.9217853546, 24.2832813263, 18.2571678162, 1.96278429031, -2.54813146591, 5.21439504623, -12.4587049484], [-120.941772461, -129.482620239, -37.220993042, 66.7798461914, 40.4464035034, 28.9217853546, 117.190040588, 35.7582321167, -0.906420111656, 6.53836011887, -3.3272151947, -12.0722522736, -0.211574971676], [-191.48866272, -89.9956665039, -8.73677921295, 19.0187397003, 18.2598266602, 24.2832813263, 35.7582321167, 83.0380249023, 30.5010261536, 13.5708341599, 3.67466902733, 0.413926303387, -11.6386051178], [-339.371734619, 45.6802062988, 51.6626739502, -81.380065918, 4.17771244049, 18.2571678162, -0.906420111656, 30.5010261536, 90.1530227661, 46.5442810059, 8.15295124054, -7.89405679703, -3.96795463562], [-179.07875061, -41.9156913757, 0.556543111801, -10.7733221054, -12.6580295563, 1.96278429031, 6.53836011887, 13.5708341599, 46.5442810059, 80.8968658447, 26.0846824646, -3.28214669228, -9.39454174042], [-165.612609863, -1.58247458935, 7.57546901703, -38.2185897827, 6.37709283829, -2.54813146591, -3.3272151947, 3.67466902733, 8.15295124054, 26.0846824646, 64.4645233154, 32.812587738, -3.91280269623], [-306.777648926, -35.8247146606, 55.6083908081, -17.8597736359, -20.2694587708, 5.21439504623, -12.0722522736, 0.413926303387, -7.89405679703, -3.28214669228, 32.812587738, 87.5572891235, 37.8118896484], [-73.6328201294, 4.59825754166, 2.4840502739, -39.0312080383, -20.5891494751, -12.4587049484, -0.211574971676, -11.6386051178, -3.96795463562, -9.39454174042, -3.91280269623, 37.8118896484, 72.5730133057]]}, "spectral_flux": {"min": 6.33895783086e-11, "max": 0.455659091473, "dvar2": 0.00109049968887, "median": 0.0458017289639, "dmean2": 0.0278946403414, "dmean": 0.0181257147342, "var": 0.00123491918202, "dvar": 0.000482826464577, "mean": 0.0534578338265}, "silence_rate_30dB": {"min": 0, "max": 1, "dvar2": 0.0031722211279, "median": 1, "dmean2": 0.00244468892924, "dmean": 0.00122219510376, "var": 0.000976679497398, "dvar": 0.00122067786288, "mean": 0.999022364616}, "spectral_energyband_middle_high": {"min": 1.21142357659e-21, "max": 0.108410522342, "dvar2": 2.12545692193e-05, "median": 0.00261437194422, "dmean2": 0.00279705552384, "dmean": 0.00221071275882, "var": 7.30001556803e-05, "dvar": 1.4674121303e-05, "mean": 0.00616716220975}, "barkbands_spread": {"min": 0.919270157814, "max": 68.0787506104, "dvar2": 43.8057327271, "median": 16.8582057953, "dmean2": 6.47329378128, "dmean": 4.20893383026, "var": 97.2611465454, "dvar": 19.3949718475, "mean": 18.5749111176}, "spectral_centroid": {"min": 168.752365112, "max": 11764.9501953, "dvar2": 170466.203125, "median": 1347.01367188, "dmean2": 328.15826416, "dmean": 229.683135986, "var": 1671381.25, "dvar": 93605.8046875, "mean": 1549.72631836}, "pitch_salience": {"min": 0.119430325925, "max": 0.930117607117, "dvar2": 0.0107504203916, "median": 0.577402830124, "dmean2": 0.114205010235, "dmean": 0.0732783526182, "var": 0.0144662549719, "dvar": 0.00443607708439, "mean": 0.571337044239}, "erbbands_skewness": {"min": -5.27754592896, "max": 4.12352991104, "dvar2": 0.248380839825, "median": -0.175292998552, "dmean2": 0.511587440968, "dmean": 0.331285953522, "var": 0.633415281773, "dvar": 0.110957503319, "mean": -0.145358964801}, "erbbands_crest": {"min": 2.72199606895, "max": 33.4376907349, "dvar2": 12.3265504837, "median": 8.28893375397, "dmean2": 3.69648075104, "dmean": 2.32573652267, "var": 19.0754718781, "dvar": 5.29241132736, "mean": 9.43647193909}, "melbands": {"min": [1.93878502448e-24, 1.47724972454e-24, 1.57009096169e-24, 1.32117477773e-24, 8.25231435864e-25, 1.87581735817e-24, 1.11304447751e-24, 2.30718819482e-24, 1.71691789489e-24, 2.1199538339e-24, 3.15935222945e-24, 2.95403224621e-24, 4.74181923546e-24, 2.61766570331e-24, 1.79463449912e-24, 2.5941623815e-24, 3.31945569169e-24, 3.53724638255e-24, 1.75573261244e-24, 3.56466639876e-24, 4.00158963289e-24, 4.93398062437e-24, 3.72420720595e-24, 4.15921193036e-24, 4.64660609078e-24, 3.51293447832e-24, 4.57408413561e-24, 4.64285111287e-24, 5.1597869309e-24, 5.42877153907e-24, 4.97722479591e-24, 5.31527299304e-24, 4.55962707623e-24, 5.44564448497e-24, 6.13207535152e-24, 6.3163457648e-24, 5.6307290027e-24, 6.14350200173e-24, 6.35076692154e-24, 5.25307762155e-24], "max": [0.000787393422797, 0.00559663027525, 0.012597152032, 0.0166339054704, 0.00567357521504, 0.00794493686408, 0.00499531067908, 0.0121907843277, 0.00435226876289, 0.00669000251219, 0.00264855055138, 0.00278387218714, 0.00450385315344, 0.0066635212861, 0.00353450118564, 0.00204297155142, 0.00344262761064, 0.00421951245517, 0.00315667176619, 0.00415733736008, 0.0073647685349, 0.0024678981863, 0.00276914658025, 0.000631148926914, 0.000745727389585, 0.000569801020902, 0.000285167188849, 0.00024047709303, 0.000270834367257, 0.000134282061481, 9.08906295081e-05, 3.00093906844e-05, 1.45857538882e-05, 8.44622172735e-06, 2.59196258412e-06, 2.02862679544e-06, 7.3903692055e-07, 6.25317284175e-07, 5.98459450885e-07, 3.26219719682e-07], "dvar2": [9.448169358e-09, 5.02056309415e-07, 1.03170850707e-06, 1.45391936712e-06, 8.016636599e-08, 1.55260920565e-07, 1.17599782357e-07, 1.7053835677e-07, 5.42787645941e-08, 6.89021106837e-08, 1.76452488176e-08, 1.81481283335e-08, 1.64480962184e-08, 4.43478462842e-08, 2.04981809304e-08, 1.63849787072e-08, 1.2115143555e-08, 1.79277428458e-08, 1.20447856133e-08, 1.46270728862e-08, 1.51310484142e-08, 7.02485314363e-09, 5.69118885352e-09, 1.47323575561e-09, 5.70655300791e-10, 6.33431862518e-10, 1.85070125891e-10, 1.96681018694e-10, 9.5796301447e-11, 5.361693034e-11, 1.56487184322e-11, 1.92761258344e-12, 4.02797885107e-13, 1.50911929979e-13, 3.38171466741e-14, 1.72880407093e-14, 2.72756933345e-15, 8.87096017473e-16, 3.28087544798e-16, 1.24129171174e-16], "median": [3.16403420584e-05, 0.000201017974177, 0.000107310435851, 7.21217293176e-05, 6.84507322148e-05, 5.60169974051e-05, 3.71811365767e-05, 4.18422823714e-05, 4.26832230005e-05, 2.66003862635e-05, 1.67810412677e-05, 1.42582985063e-05, 1.7302667402e-05, 1.76471658051e-05, 1.39751455208e-05, 1.14088861665e-05, 9.97697861749e-06, 1.03152015072e-05, 5.95300616624e-06, 7.35174126021e-06, 6.7402638706e-06, 4.0421000449e-06, 3.75161971533e-06, 2.10021539715e-06, 1.86979173122e-06, 1.07037351427e-06, 6.23343396455e-07, 6.32370984022e-07, 5.38486631285e-07, 4.34049866271e-07, 2.72491945452e-07, 1.2022964313e-07, 6.2186771288e-08, 3.58457086236e-08, 2.33302301922e-08, 1.53751358312e-08, 1.0009277851e-08, 6.27420337906e-09, 3.94566157524e-09, 2.36103159246e-09], "dmean2": [7.16766371625e-05, 0.000461248855572, 0.000378974451451, 0.00039666244993, 0.000131776469061, 0.000146829057485, 0.00011335923773, 0.000120018557936, 0.000106926439912, 9.05377237359e-05, 4.76819586765e-05, 4.87031975354e-05, 5.18708584423e-05, 7.04322301317e-05, 5.54233774892e-05, 5.52989731659e-05, 4.39384057245e-05, 5.51977391297e-05, 3.77994656446e-05, 4.31350890722e-05, 3.27872476191e-05, 2.66270999418e-05, 2.75805105048e-05, 1.35918089654e-05, 1.00843353721e-05, 8.40140819491e-06, 5.11476400789e-06, 5.06456945004e-06, 3.52450865648e-06, 2.85901205643e-06, 1.47376727e-06, 5.61810736599e-07, 2.74516793297e-07, 1.65478425629e-07, 8.45600709454e-08, 5.61295721013e-08, 2.48362219679e-08, 1.32578117373e-08, 7.20631376794e-09, 4.29658486567e-09], "dmean": [4.26302976848e-05, 0.000312564516207, 0.000246786163189, 0.000234844002989, 8.50983560667e-05, 9.37621007324e-05, 7.09828309482e-05, 7.99852714408e-05, 7.32741318643e-05, 6.20854261797e-05, 3.25524524669e-05, 3.49061774614e-05, 3.64024563169e-05, 4.90734164487e-05, 3.7563375372e-05, 3.84616178053e-05, 3.05485882564e-05, 3.91015018977e-05, 2.6093210181e-05, 2.98023169307e-05, 2.32201637118e-05, 1.84703949344e-05, 1.92151601368e-05, 9.40610607358e-06, 7.18002138456e-06, 5.98202723268e-06, 3.84402528653e-06, 3.71901046492e-06, 2.62769094661e-06, 2.05236869988e-06, 1.07905862023e-06, 4.00408708856e-07, 1.9092468051e-07, 1.15021450142e-07, 6.05864016734e-08, 3.98018862313e-08, 1.75527326007e-08, 9.35116339917e-09, 5.04177366523e-09, 2.94480706486e-09], "var": [5.00781327517e-09, 4.26781667784e-07, 5.38538131423e-07, 4.42000384737e-07, 7.45172172856e-08, 1.4173176055e-07, 6.56685656963e-08, 9.91578517073e-08, 6.87536498845e-08, 6.44110187409e-08, 1.78226304826e-08, 4.20528394329e-08, 3.43722064144e-08, 7.71995516402e-08, 2.48134810477e-08, 3.02856228984e-08, 2.34909993679e-08, 5.03940178476e-08, 1.86979729477e-08, 1.90172109171e-08, 2.97365136959e-08, 1.15697700309e-08, 9.37378352717e-09, 1.97715666062e-09, 1.24178867189e-09, 1.36520839078e-09, 4.52085174851e-10, 3.77469333568e-10, 2.20406373708e-10, 1.03671841944e-10, 3.43397948965e-11, 3.51550299288e-12, 9.02429660946e-13, 2.30489157491e-13, 5.55764778003e-14, 2.92425724477e-14, 4.49664634819e-15, 1.45005888993e-15, 4.78701728932e-16, 1.52424955287e-16], "dvar": [3.5231775275e-09, 2.30549446201e-07, 4.37843596046e-07, 5.24719155237e-07, 3.32391962843e-08, 6.22328570898e-08, 4.36260449987e-08, 7.32477758447e-08, 2.61353410025e-08, 2.92148989445e-08, 7.70100339054e-09, 1.0034063358e-08, 9.6271151051e-09, 2.48213751775e-08, 9.64018731509e-09, 8.3697182518e-09, 6.64738486478e-09, 1.02637480737e-08, 6.46879705357e-09, 7.48050510424e-09, 9.48262268707e-09, 3.85171938788e-09, 2.97691249429e-09, 7.29357352292e-10, 3.41265293802e-10, 3.51817963651e-10, 1.13292243642e-10, 1.11169823347e-10, 5.51037861174e-11, 2.94253198196e-11, 8.75790672622e-12, 1.01855644145e-12, 2.16333176958e-13, 7.81674326504e-14, 1.70432532697e-14, 8.72356606575e-15, 1.36978208351e-15, 4.43480404919e-16, 1.6701192143e-16, 5.92516553438e-17], "mean": [5.89416704315e-05, 0.000479006092064, 0.000325826054905, 0.000261680019321, 0.000157560847583, 0.000172504907823, 0.000123742720461, 0.000138453848194, 0.000140975171234, 0.000114295420644, 6.31399598205e-05, 7.51310799387e-05, 7.3269715358e-05, 9.27056971705e-05, 6.46892149234e-05, 7.46558362152e-05, 5.8906061895e-05, 8.1717807916e-05, 4.73611180496e-05, 5.12563892698e-05, 4.38378592662e-05, 3.6009158066e-05, 3.55737356585e-05, 1.69800114236e-05, 1.39698968269e-05, 1.23483096104e-05, 8.03192324383e-06, 7.42398970033e-06, 5.41808140042e-06, 4.03617104894e-06, 2.14655983655e-06, 8.1454049905e-07, 3.94661583414e-07, 2.2494216978e-07, 1.20777784218e-07, 7.99819375175e-08, 3.6526675018e-08, 1.97368148491e-08, 1.067073363e-08, 6.14181461245e-09]}, "spectral_entropy": {"min": 5.37189102173, "max": 9.82544326782, "dvar2": 0.0461283475161, "median": 7.1737780571, "dmean2": 0.214422345161, "dmean": 0.148998752236, "var": 0.191540390253, "dvar": 0.0232151988894, "mean": 7.16938400269}, "spectral_rolloff": {"min": 86.1328125, "max": 19681.3476562, "dvar2": 426730.09375, "median": 1658.05664062, "dmean2": 512.182128906, "dmean": 323.695007324, "var": 4358471.5, "dvar": 214625.671875, "mean": 1873.16320801}, "barkbands": {"min": [6.27020469881e-25, 4.82181249226e-24, 5.04151193069e-25, 3.89833143818e-25, 8.64957110266e-24, 7.94193683826e-24, 5.05628364697e-24, 6.37036143756e-24, 1.61540837801e-23, 1.38356089579e-23, 2.74330671194e-23, 2.42848668193e-23, 2.78036771281e-23, 3.96358554881e-23, 2.95198598046e-23, 6.67133041114e-23, 7.67217843643e-23, 8.70192780094e-23, 1.1134109034e-22, 1.67451580082e-22, 2.40100936287e-22, 3.01309322877e-22, 3.93758090684e-22, 5.60229476381e-22, 7.31039849493e-22, 1.40081683682e-21, 1.98481927398e-21], "max": [0.000214810264879, 0.0048490636982, 0.017180101946, 0.0257446523756, 0.0626199096441, 0.0354896634817, 0.0277474466711, 0.0425154753029, 0.0388287045062, 0.0197016485035, 0.0328570529819, 0.048741299659, 0.0202220696956, 0.0529266931117, 0.0279698017985, 0.102126076818, 0.0286664515734, 0.0158650763333, 0.0094605628401, 0.00480334972963, 0.00364301470108, 0.000750351697206, 0.000249058677582, 4.71346575068e-05, 3.11681978928e-05, 2.44535999627e-06, 1.44607739117e-07], "dvar2": [9.20292175799e-11, 3.66119820683e-07, 4.29414012615e-06, 3.70526095139e-06, 2.14598148887e-05, 3.1429738101e-06, 3.06976744469e-06, 2.82097767013e-06, 2.69569750344e-06, 8.94152151432e-07, 9.76950332188e-07, 2.81414850178e-06, 1.75349282472e-06, 2.56166322288e-06, 1.3449484868e-06, 3.73030684386e-06, 1.38175721531e-06, 1.0735923297e-06, 2.57403570458e-07, 1.2612720468e-07, 5.62805162474e-08, 1.80669956773e-09, 1.68287411784e-10, 1.01661699892e-11, 8.16713396131e-13, 2.07427679227e-14, 4.29747492833e-17], "median": [1.8960701027e-06, 0.000179428898264, 0.000428040337283, 8.26419127407e-05, 0.000394733127905, 0.000295291101793, 0.000159275441547, 0.000208797733649, 0.00019308993069, 8.79306899151e-05, 0.000103653728729, 0.000154867375386, 0.000133564521093, 0.000108804466436, 7.65186196077e-05, 0.000101724501292, 6.72360256431e-05, 4.95975109516e-05, 3.90020868508e-05, 2.35053303186e-05, 1.8496215489e-05, 4.78040510643e-06, 1.50646928887e-06, 6.62422678488e-07, 2.15064886788e-07, 4.31920987864e-08, 3.23377769007e-09], "dmean2": [6.05400828135e-06, 0.000442997697974, 0.00119166064542, 0.000677291012835, 0.00159318337683, 0.000709545856807, 0.000551951408852, 0.000645751541015, 0.000601326231845, 0.000316757155815, 0.000384486018447, 0.000605865265243, 0.000565212336369, 0.000648347660899, 0.000442054995801, 0.000588914146647, 0.000430956890341, 0.000372159993276, 0.000229240438784, 0.00015509701916, 0.000103527461761, 1.92354673345e-05, 5.78095296078e-06, 1.46896081787e-06, 3.40310066349e-07, 5.85681867449e-08, 3.70171138186e-09], "dmean": [3.40810265698e-06, 0.000265408365522, 0.00081524590496, 0.000430802698247, 0.000949279114138, 0.000451864092611, 0.000344924716046, 0.000441080221208, 0.000410407781601, 0.000215117732296, 0.000274115707725, 0.00041949536535, 0.000387113163015, 0.000452570180641, 0.000304183224216, 0.000411839660956, 0.000299478677334, 0.000257079780567, 0.00016196994693, 0.000115321243356, 7.6796139183e-05, 1.37849838211e-05, 4.10903430748e-06, 1.06529421373e-06, 2.41516119104e-07, 4.1482820734e-08, 2.53167731223e-09], "var": [3.05905648035e-11, 1.93722385688e-07, 3.51994253833e-06, 2.13171688301e-06, 7.0534565566e-06, 2.92021718451e-06, 1.53504583977e-06, 2.77978188024e-06, 2.6445632102e-06, 8.83434495336e-07, 2.91422520604e-06, 4.60184628537e-06, 2.62759226644e-06, 6.51409254715e-06, 2.10525900002e-06, 6.31397733741e-06, 2.56420480582e-06, 1.34632784921e-06, 5.7459197933e-07, 2.77101406709e-07, 1.32547071985e-07, 3.8108249889e-09, 2.95906243952e-10, 1.90202662648e-11, 1.16959035772e-12, 2.86483618946e-14, 7.59606110731e-17], "dvar": [3.41733863429e-11, 1.35645763066e-07, 1.97117060452e-06, 1.67232008152e-06, 7.74533782533e-06, 1.28474493977e-06, 1.16142143725e-06, 1.36580604249e-06, 1.15860962069e-06, 3.70018824469e-07, 6.49594142033e-07, 1.52070924742e-06, 8.29394650737e-07, 1.43762122207e-06, 6.97411053352e-07, 2.18237642002e-06, 7.50602964672e-07, 5.28017665147e-07, 1.42077453802e-07, 7.21000574799e-08, 3.22743716197e-08, 9.86871140363e-10, 8.88415521705e-11, 5.40688023867e-12, 4.18827163706e-13, 9.81022124565e-15, 2.069589349e-17], "mean": [3.37046390086e-06, 0.00035563192796, 0.00122749200091, 0.000496352324262, 0.00118677539285, 0.000825042894576, 0.000561282155104, 0.000774427491706, 0.000771882012486, 0.000409924658015, 0.000553952006157, 0.00077569775749, 0.000735946407076, 0.000921482394915, 0.000553029414732, 0.000743078708183, 0.000593911798205, 0.0004547649296, 0.00033275669557, 0.000242908674409, 0.000162864875165, 2.93583707389e-05, 8.45757494972e-06, 2.33846299125e-06, 5.41627343864e-07, 9.71586970877e-08, 6.19870199614e-09]}, "melbands_flatness_db": {"min": 0.00324806268327, "max": 0.45404574275, "dvar2": 0.00105538533535, "median": 0.208646982908, "dmean2": 0.0333574861288, "dmean": 0.0226672161371, "var": 0.00391942914575, "dvar": 0.000514224404469, "mean": 0.209752380848}, "melbands_skewness": {"min": -1.81686866283, "max": 14.5615606308, "dvar2": 1.06701529026, "median": 1.16005194187, "dmean2": 0.91375887394, "dmean": 0.612243652344, "var": 1.93931162357, "dvar": 0.499896705151, "mean": 1.40445482731}, "barkbands_skewness": {"min": -2.88967609406, "max": 10.3256912231, "dvar2": 0.686447918415, "median": 0.457193166018, "dmean2": 0.757913529873, "dmean": 0.508525013924, "var": 1.62146151066, "dvar": 0.323218792677, "mean": 0.633281707764}, "silence_rate_60dB": {"min": 0, "max": 1, "dvar2": 0.173941522837, "median": 0, "dmean2": 0.195575118065, "dmean": 0.0977756083012, "var": 0.186846226454, "dvar": 0.0882208496332, "mean": 0.248686298728}, "spectral_energyband_low": {"min": 1.56300355922e-23, "max": 0.0236964710057, "dvar2": 6.43203384243e-06, "median": 0.000830153934658, "dmean2": 0.00164460856467, "dmean": 0.00112197268754, "var": 5.86962414673e-06, "dvar": 3.0268890896e-06, "mean": 0.00177563913167}, "spectral_energyband_middle_low": {"min": 1.36575021515e-22, "max": 0.199645876884, "dvar2": 8.18096159492e-05, "median": 0.00243063084781, "dmean2": 0.00337228854187, "dmean": 0.00227829464711, "var": 5.1494447689e-05, "dvar": 3.31947303494e-05, "mean": 0.00469453213736}, "melbands_kurtosis": {"min": -1.83811223507, "max": 355.394775391, "dvar2": 195.109329224, "median": 0.948415279388, "dmean2": 5.86903333664, "dmean": 3.77523827553, "var": 183.698059082, "dvar": 84.4622879028, "mean": 4.98299360275}, "spectral_decrease": {"min": -6.11239485693e-08, "max": 1.78264135838e-28, "dvar2": 7.08631155113e-18, "median": -1.97965932536e-09, "dmean2": 1.43078238146e-09, "dmean": 1.08153186407e-09, "var": 1.10492916797e-17, "dvar": 3.50950482748e-18, "mean": -3.01498381816e-09}, "erbbands_kurtosis": {"min": -1.6341381073, "max": 50.3440513611, "dvar2": 3.38334107399, "median": 0.139890909195, "dmean2": 1.38035738468, "dmean": 0.878843843937, "var": 4.21691513062, "dvar": 1.62098479271, "mean": 0.672899723053}, "melbands_crest": {"min": 1.59288918972, "max": 34.6754837036, "dvar2": 21.3819122314, "median": 11.160282135, "dmean2": 5.25812339783, "dmean": 3.34542322159, "var": 32.2699813843, "dvar": 9.48398971558, "mean": 12.3329133987}, "melbands_spread": {"min": 0.74815428257, "max": 155.340148926, "dvar2": 162.741546631, "median": 27.0174293518, "dmean2": 11.4155340195, "dmean": 7.56266498566, "var": 543.959655762, "dvar": 76.3462677002, "mean": 31.7950057983}, "spectral_energy": {"min": 9.98332682343e-21, "max": 0.243461102247, "dvar2": 0.000113479887659, "median": 0.00828049518168, "dmean2": 0.00588508183137, "dmean": 0.00449024513364, "var": 0.000197430068511, "dvar": 5.81740059715e-05, "mean": 0.0127233471721}, "mfcc": {"mean": [-721.556640625, 152.980545044, -39.1300086975, 28.282459259, -5.50258779526, 9.56884002686, -7.37891149521, 0.16667932272, -0.663564026356, -1.41155779362, -2.61316823959, 3.35064268112, -4.34796524048], "icov": [[0.000663300859742, -0.000662864709739, 0.00135517015588, -0.00150492379908, 0.00168247963302, -0.00118678796571, 0.00117494468577, -0.00133618828841, 0.00148076878395, -0.00123920419719, 0.00151893426664, -0.00082722492516, 0.000586911570281], [-0.000662864709739, 0.00170845142566, -0.00147562019993, 0.00221900851466, -0.00212907162495, 0.00100346980616, -0.000390098808566, 0.00163261336274, -0.00160641688854, 0.001808504574, -0.00178277539089, 0.000962210004218, -0.000204849609872], [0.00135517015588, -0.00147562019993, 0.00427189422771, -0.00312641519122, 0.00236284453422, -0.00273289415054, 0.00240376754664, -0.00221929000691, 0.00193968205713, -0.00118826981634, 0.00212543900125, -0.000673906644806, 0.000567692855839], [-0.00150492379908, 0.00221900851466, -0.00312641519122, 0.00706335762516, -0.00404743757099, 0.00258135283366, -0.0048072594218, 0.0042007365264, -0.00330275902525, 0.00285471230745, -0.00216434337199, 0.00061169633409, -7.41612675483e-05], [0.00168247963302, -0.00212907162495, 0.00236284453422, -0.00404743757099, 0.012698020786, -0.00678070308641, 0.00469085155055, -0.00716978032142, 0.0063651050441, -0.00404550880194, 0.00215831957757, -0.000876076635905, -0.000214934523683], [-0.00118678796571, 0.00100346980616, -0.00273289415054, 0.00258135283366, -0.00678070308641, 0.016613483429, -0.0108183557168, 0.00606554280967, -0.00787163432688, 0.00386998383328, -0.00229237275198, 0.000823848997243, -0.000139379160828], [0.00117494468577, -0.000390098808566, 0.00240376754664, -0.0048072594218, 0.00469085155055, -0.0108183557168, 0.0240490268916, -0.0143382521346, 0.00915324222296, -0.007057686802, 0.00278047518805, -0.000547474483028, 0.000756554945838], [-0.00133618828841, 0.00163261336274, -0.00221929000691, 0.0042007365264, -0.00716978032142, 0.00606554280967, -0.0143382521346, 0.0239197835326, -0.0114803537726, 0.00829291529953, -0.0057389093563, 0.00511772790924, -0.00379927991889], [0.00148076878395, -0.00160641688854, 0.00193968205713, -0.00330275902525, 0.0063651050441, -0.00787163432688, 0.00915324222296, -0.0114803537726, 0.023642776534, -0.0129946544766, 0.00937503669411, -0.0071014794521, 0.00311534362845], [-0.00123920419719, 0.001808504574, -0.00118826981634, 0.00285471230745, -0.00404550880194, 0.00386998383328, -0.007057686802, 0.00829291529953, -0.0129946544766, 0.023449704051, -0.0160579998046, 0.0112836798653, -0.00474652647972], [0.00151893426664, -0.00178277539089, 0.00212543900125, -0.00216434337199, 0.00215831957757, -0.00229237275198, 0.00278047518805, -0.0057389093563, 0.00937503669411, -0.0160579998046, 0.0264410208911, -0.0155832162127, 0.0106141818687], [-0.00082722492516, 0.000962210004218, -0.000673906644806, 0.00061169633409, -0.000876076635905, 0.000823848997243, -0.000547474483028, 0.00511772790924, -0.0071014794521, 0.0112836798653, -0.0155832162127, 0.0217815302312, -0.0121572706848], [0.000586911570281, -0.000204849609872, 0.000567692855839, -7.41612675483e-05, -0.000214934523683, -0.000139379160828, 0.000756554945838, -0.00379927991889, 0.00311534362845, -0.00474652647972, 0.0106141818687, -0.0121572706848, 0.0178351085633]], "cov": [[9497.14355469, -60.025970459, -2096.81005859, 696.960266113, -665.004333496, -105.694160461, -16.0879707336, -97.4014358521, -119.693580627, 19.3660678864, -173.798095703, 41.0209312439, -115.029335022], [-60.025970459, 1402.97766113, 228.702575684, -330.949493408, 85.7881164551, -21.6384716034, -135.792312622, -51.4053115845, -5.56718540192, -52.8632202148, 22.6858043671, -8.30723571777, -27.1515350342], [-2096.81005859, 228.702575684, 881.012207031, -43.7386131287, 159.168838501, 68.2260665894, -1.86845958233, 20.7875003815, 27.8670024872, -35.9462547302, 9.77582168579, -17.5175571442, 18.1693210602], [696.960266113, -330.949493408, -43.7386131287, 388.640930176, -11.5035858154, 34.684928894, 71.5179519653, 9.37844181061, -4.59867334366, 4.28299188614, -17.6651668549, 5.63166284561, -8.33681964874], [-665.004333496, 85.7881164551, 159.168838501, -11.5035858154, 188.100158691, 57.3437805176, 25.9045658112, 38.1032409668, 0.806910037994, 4.47637462616, 17.4120121002, -9.93743896484, 11.4019880295], [-105.694160461, -21.6384716034, 68.2260665894, 34.684928894, 57.3437805176, 119.708099365, 56.9231452942, 25.6115570068, 22.1935005188, 9.92659187317, 2.60448265076, -4.92440748215, -0.271603226662], [-16.0879707336, -135.792312622, -1.86845958233, 71.5179519653, 25.9045658112, 56.9231452942, 112.090774536, 53.9389343262, 2.68304872513, 22.3589172363, 4.15109539032, -15.974822998, -1.05883264542], [-97.4014358521, -51.4053115845, 20.7875003815, 9.37844181061, 38.1032409668, 25.6115570068, 53.9389343262, 89.9878311157, 21.23138237, 3.14484095573, -1.7766251564, -10.2669095993, 10.7201328278], [-119.693580627, -5.56718540192, 27.8670024872, -4.59867334366, 0.806910037994, 22.1935005188, 2.68304872513, 21.23138237, 79.4078369141, 28.7694034576, 0.390782088041, 4.60155391693, 4.25091552734], [19.3660678864, -52.8632202148, -35.9462547302, 4.28299188614, 4.47637462616, 9.92659187317, 22.3589172363, 3.14484095573, 28.7694034576, 103.249481201, 45.1827392578, -20.8552703857, -18.8820953369], [-173.798095703, 22.6858043671, 9.77582168579, -17.6651668549, 17.4120121002, 2.60448265076, 4.15109539032, -1.7766251564, 0.390782088041, 45.1827392578, 98.2924346924, 29.5827274323, -21.1043491364], [41.0209312439, -8.30723571777, -17.5175571442, 5.63166284561, -9.93743896484, -4.92440748215, -15.974822998, -10.2669095993, 4.60155391693, -20.8552703857, 29.5827274323, 109.13710022, 47.9015197754], [-115.029335022, -27.1515350342, 18.1693210602, -8.33681964874, 11.4019880295, -0.271603226662, -1.05883264542, 10.7201328278, 4.25091552734, -18.8820953369, -21.1043491364, 47.9015197754, 100.837600708]]}, "spectral_contrast_valleys": {"min": [-28.3463611603, -28.4075279236, -27.9399967194, -27.6760845184, -27.5986804962, -27.4498844147], "max": [-6.27836704254, -4.28387355804, -5.27527713776, -5.58570432663, -6.13030385971, -9.8375711441], "dvar2": [0.405303090811, 0.294858038425, 0.241810590029, 0.213585272431, 0.229858130217, 0.087646022439], "median": [-8.18410682678, -6.98839902878, -7.73908472061, -8.05574417114, -8.41755771637, -11.8683891296], "dmean2": [0.80068063736, 0.591055572033, 0.522320151329, 0.484555006027, 0.450074613094, 0.278231948614], "dmean": [0.493550240993, 0.388524502516, 0.360254734755, 0.348794788122, 0.345314443111, 0.209880053997], "var": [4.83164310455, 5.55541992188, 5.21614551544, 5.07018327713, 4.96184873581, 3.18419313431], "dvar": [0.193384051323, 0.164806887507, 0.149238735437, 0.141980022192, 0.154257133603, 0.0678648278117], "mean": [-8.40177154541, -7.30500268936, -8.03178024292, -8.31431007385, -8.69984149933, -11.9963884354]}, "barkbands_flatness_db": {"min": 0.0454475022852, "max": 0.343629807234, "dvar2": 0.000675094604958, "median": 0.165417686105, "dmean2": 0.0266674142331, "dmean": 0.0171770565212, "var": 0.00146923249122, "dvar": 0.000296938058455, "mean": 0.169097006321}, "dynamic_complexity": 4.36915111542, "spectral_skewness": {"min": -0.111588090658, "max": 4.09773206711, "dvar2": 0.285731434822, "median": 1.5945943594, "dmean2": 0.596786439419, "dmean": 0.357877910137, "var": 0.423068642616, "dvar": 0.107687778771, "mean": 1.63269078732}, "erbbands_flatness_db": {"min": 0.0532953962684, "max": 0.397724926472, "