{"lowlevel": {"spectral_complexity": {"min": 0, "max": 62, "dvar2": 38.2830657959, "median": 17, "dmean2": 5.69721126556, "dmean": 4.20438194275, "var": 133.145004272, "dvar": 26.7788200378, "mean": 18.4641551971}, "silence_rate_20dB": {"min": 1, "max": 1, "dvar2": 0, "median": 1, "dmean2": 0, "dmean": 0, "var": 0, "dvar": 0, "mean": 1}, "average_loudness": 0.845287740231, "erbbands_spread": {"min": 3.75573301315, "max": 166.306411743, "dvar2": 179.809036255, "median": 37.4038238525, "dmean2": 13.0004863739, "dmean": 8.57423496246, "var": 446.45022583, "dvar": 81.1253890991, "mean": 41.4589309692}, "spectral_kurtosis": {"min": -1.25747561455, "max": 25.6733474731, "dvar2": 7.9251999855, "median": 3.72489118576, "dmean2": 2.36881017685, "dmean": 1.46427464485, "var": 8.68346214294, "dvar": 2.94983768463, "mean": 4.15885448456}, "barkbands_kurtosis": {"min": -1.90379142761, "max": 309.646636963, "dvar2": 98.4878158569, "median": 0.314304947853, "dmean2": 4.13444709778, "dmean": 2.65059614182, "var": 128.950393677, "dvar": 39.5623664856, "mean": 3.79936647415}, "spectral_strongpeak": {"min": 0, "max": 15.6344661713, "dvar2": 2.68917512894, "median": 0.30104970932, "dmean2": 0.794940114021, "dmean": 0.457069188356, "var": 1.73486733437, "dvar": 1.11090970039, "mean": 0.660445034504}, "spectral_spread": {"min": 1662482.75, "max": 43289344, "dvar2": 1312594722820.0, "median": 4092017, "dmean2": 750027.8125, "dmean": 538773.0625, "var": 41757433659400.0, "dvar": 663923982336, "mean": 5312905}, "spectral_rms": {"min": 3.09716835512e-12, "max": 0.00968479923904, "dvar2": 1.53313339979e-06, "median": 0.00425340421498, "dmean2": 0.00111920072231, "dmean": 0.000798461434897, "var": 3.42264070241e-06, "dvar": 7.90294620856e-07, "mean": 0.00416934117675}, "erbbands": {"min": [1.19828918136e-22, 4.05959459103e-22, 1.21780080388e-21, 6.71758181826e-21, 1.42144606698e-20, 2.55772904948e-20, 4.08235442721e-20, 4.77968739376e-20, 9.72611565819e-20, 1.46326311656e-19, 2.21736775037e-19, 3.83521825721e-19, 5.28679201925e-19, 5.03792749413e-19, 4.29784305472e-19, 9.03565468846e-19, 1.2142641229e-18, 9.86407607193e-19, 1.75774846192e-18, 2.8397064934e-18, 3.32318487604e-18, 4.74618533818e-18, 4.75064508245e-18, 5.98527666677e-18, 6.41622329025e-18, 8.77511657695e-18, 9.01743748303e-18, 7.97284650854e-18, 1.142644468e-17, 1.08822119493e-17, 1.00168486796e-17, 1.13414824777e-17, 9.38197763335e-18, 8.96246884979e-18, 6.14003595553e-18, 3.55854919318e-18, 2.04731378869e-18, 9.29803534479e-19, 2.48718527739e-19, 2.42002965001e-20], "max": [1.55433154106, 11.5639533997, 28.6631336212, 52.0883522034, 133.595321655, 75.3170852661, 107.649497986, 180.945983887, 124.107559204, 190.344711304, 266.177307129, 341.706878662, 516.960083008, 492.086273193, 895.826843262, 808.12286377, 573.317565918, 1264.5925293, 1003.41339111, 1544.57299805, 1576.73962402, 811.006958008, 1306.09753418, 395.575561523, 432.137359619, 326.948913574, 236.269989014, 344.585388184, 164.515014648, 107.317832947, 169.329864502, 105.462028503, 73.9987640381, 33.9816665649, 36.0132408142, 14.1377267838, 2.2923707962, 0.218046858907, 0.0165886189789, 0.000502683047671], "dvar2": [0.0435442253947, 4.31541538239, 25.8143482208, 48.2755241394, 219.956283569, 73.2889022827, 132.319015503, 222.270462036, 126.805595398, 273.692749023, 299.960784912, 582.436096191, 1273.62573242, 1414.11022949, 3733.05541992, 4490.16650391, 1370.22338867, 3548.62768555, 2786.02954102, 4698.53613281, 4535.67285156, 3618.38452148, 2970.93383789, 1373.98364258, 797.491271973, 550.948608398, 286.68447876, 315.806396484, 162.095153809, 79.7794418335, 36.2546005249, 19.2004261017, 11.2471523285, 3.16792082787, 1.00409722328, 0.318285852671, 0.0280423741788, 0.000276415463304, 9.89182353806e-07, 1.9835364462e-09], "median": [0.0368650108576, 0.544876515865, 1.98227000237, 2.64910840988, 6.64889335632, 4.5756521225, 3.36998224258, 2.77958750725, 3.20819044113, 3.18596434593, 4.48853683472, 3.26881408691, 4.23714828491, 5.05746936798, 6.55668973923, 7.41681241989, 5.53719329834, 7.35185956955, 10.2724485397, 11.7319564819, 11.6877841949, 14.7305030823, 13.5496616364, 9.54314899445, 7.74318885803, 4.59489345551, 1.82677817345, 1.12602412701, 1.08035182953, 1.08197331429, 0.918371975422, 0.600435376167, 0.396842688322, 0.161446988583, 0.0466338023543, 0.00992869958282, 0.00189070124179, 0.000278538966086, 3.50656555383e-05, 2.53252474067e-05], "dmean2": [0.115053609014, 1.18517398834, 3.1299932003, 4.84037494659, 10.1071052551, 6.05018043518, 7.07000494003, 6.8445982933, 5.96941614151, 8.4053440094, 9.773021698, 11.3368177414, 16.5276699066, 16.9322338104, 30.5069847107, 32.2493133545, 17.87849617, 26.02643013, 26.5487861633, 32.3346252441, 29.5241909027, 30.3079872131, 27.5000572205, 17.9219722748, 14.4201431274, 10.0998411179, 6.16505622864, 6.57607316971, 5.12998199463, 3.9698741436, 2.60918664932, 1.84179842472, 1.38639438152, 0.640803098679, 0.231885313988, 0.0998788997531, 0.0312697812915, 0.00392785016447, 0.000331284914864, 2.41464931605e-05], "dmean": [0.0753556415439, 0.705910801888, 1.87692666054, 2.95108819008, 6.48314237595, 3.73262643814, 4.58613348007, 4.29824542999, 3.67656469345, 5.20348167419, 6.2371339798, 7.26192951202, 10.2549552917, 10.92415905, 19.3801441193, 20.3670883179, 11.6407814026, 17.5230770111, 17.7807025909, 21.168762207, 19.7866573334, 20.4448738098, 18.9401931763, 12.0730161667, 9.73557758331, 6.96886587143, 4.42963647842, 4.82338523865, 3.87424492836, 2.91981649399, 1.98881137371, 1.4046087265, 1.02711260319, 0.483268529177, 0.173200160265, 0.0685391277075, 0.0202738828957, 0.00269556860439, 0.000240212466451, 1.79595881491e-05], "var": [0.025750271976, 1.73460674286, 11.6293802261, 34.0989952087, 144.15032959, 60.5698013306, 106.004722595, 112.973220825, 73.1603622437, 161.901382446, 295.142211914, 855.621948242, 1247.13146973, 1265.66699219, 3873.23754883, 4701.85009766, 1458.98425293, 4504.39404297, 3091.32080078, 5148.18603516, 7579.04296875, 5156.82519531, 3990.27539062, 1170.31530762, 945.02166748, 506.790679932, 271.711639404, 413.824798584, 195.501647949, 96.8430786133, 53.4389877319, 26.932477951, 13.6068716049, 3.58866453171, 0.964037895203, 0.140430018306, 0.00952676683664, 0.000144525736687, 7.96076790266e-07, 2.02487071554e-09], "dvar": [0.0187343508005, 1.61390042305, 9.52104473114, 19.3271064758, 90.1931686401, 29.8367671967, 56.9959030151, 94.2073287964, 49.6148681641, 110.553009033, 132.193145752, 267.444702148, 524.088012695, 584.663024902, 1518.15808105, 1777.85827637, 636.516479492, 1831.40979004, 1335.60229492, 2253.53710938, 2297.89941406, 1713.6418457, 1418.47338867, 615.900390625, 370.129760742, 246.98324585, 143.464889526, 163.450088501, 86.6478729248, 43.2184562683, 21.593132019, 11.2923755646, 6.19141483307, 1.69028031826, 0.53345233202, 0.125018924475, 0.0106254545972, 0.0001178688035, 5.01257432006e-07, 1.02385067091e-09], "mean": [0.104722350836, 0.999580085278, 3.05933880806, 4.98779821396, 10.6861038208, 6.74366569519, 7.39483690262, 5.93697834015, 5.85731077194, 7.33000516891, 10.1737241745, 13.5394535065, 17.2050952911, 19.412525177, 35.9468765259, 36.278842926, 20.414024353, 28.8166046143, 28.5010261536, 34.8790016174, 35.162322998, 39.0707778931, 35.889957428, 21.9804420471, 18.9854373932, 12.8897228241, 7.24972724915, 8.09814929962, 6.38268852234, 4.90867900848, 3.4291498661, 2.39565610886, 1.68510746956, 0.73665702343, 0.2525857687, 0.0810236930847, 0.0208741910756, 0.00298827351071, 0.000284012290649, 3.7845926272e-05]}, "zerocrossingrate": {"min": 0.00244140625, "max": 0.533203125, "dvar2": 0.000229646684602, "median": 0.05908203125, "dmean2": 0.0126050040126, "dmean": 0.011071424, "var": 0.00686029018834, "dvar": 0.000179046051926, "mean": 0.0781665146351}, "spectral_contrast_coeffs": {"min": [-0.985057651997, -0.977799654007, -0.980207026005, -0.972940206528, -0.968061804771, -0.965146422386], "max": [-0.409613341093, -0.448836445808, -0.529562056065, -0.528023004532, -0.542198598385, -0.576872766018], "dvar2": [0.00429728301242, 0.00339684123173, 0.00221431814134, 0.00165397161618, 0.00106023123953, 0.000867783848662], "median": [-0.650789380074, -0.766220450401, -0.798828482628, -0.783647060394, -0.761263787746, -0.777211844921], "dmean2": [0.078155182302, 0.0703300088644, 0.0586103461683, 0.0492455288768, 0.0373453646898, 0.0297640468925], "dmean": [0.0485644973814, 0.0431518256664, 0.036027636379, 0.0309290830046, 0.0241185482591, 0.0222173947841], "var": [0.0078578768298, 0.00466297985986, 0.0059325536713, 0.00423544133082, 0.00379557581618, 0.00420467043296], "dvar": [0.00167020328809, 0.00127017486375, 0.000891804229468, 0.000696856761351, 0.00047371420078, 0.000497661705595], "mean": [-0.656433463097, -0.766885995865, -0.788427591324, -0.78293466568, -0.764796376228, -0.774221241474]}, "dissonance": {"min": 0.342957228422, "max": 0.500000119209, "dvar2": 0.000477345369291, "median": 0.481836050749, "dmean2": 0.0206181257963, "dmean": 0.0123357931152, "var": 0.000337352830684, "dvar": 0.000175364431925, "mean": 0.476683676243}, "spectral_energyband_high": {"min": 7.05510826279e-21, "max": 0.0140671692789, "dvar2": 8.87627493285e-07, "median": 0.000223471666686, "dmean2": 0.000479852285935, "dmean": 0.000383886974305, "var": 1.76233322691e-06, "dvar": 5.67857966871e-07, "mean": 0.000776223372668}, "gfcc": {"mean": [-53.972694397, 95.0229110718, -118.991516113, 48.7437896729, -42.4180221558, 16.954914093, -37.8280830383, 7.45812511444, -20.9488830566, -9.56478691101, -11.7899179459, -4.14786052704, -9.77298545837], "icov": [[0.000174510190845, -0.000390488217818, 0.000425494596129, -0.000367300846847, 0.00039284885861, -0.000551094999537, 0.000643514038529, -0.000542521534953, 0.000489931844641, -0.000317600730341, 0.000622126914095, -0.000728313694708, 0.000773640756961], [-0.000390488217818, 0.00205269362777, -0.000372926762793, 0.000665826781187, -0.00177943799645, 0.00160709291231, -0.00155715935398, 0.00169012427796, -0.00111364456825, 0.00169238669332, -0.00188696943223, 0.00258866208605, -0.00131884252187], [0.000425494596129, -0.000372926762793, 0.00246197497472, -0.00107181526255, -0.000236704872805, -0.00129353650846, 0.0013776505366, -0.000893658958375, 0.0004597856896, -0.00101905944757, 0.00110328744631, -0.00171469524503, 0.00149942061398], [-0.000367300846847, 0.000665826781187, -0.00107181526255, 0.00300720287487, 0.000266105431365, 0.00104233098682, -0.000640769372694, 0.00101814209484, -0.00218010297976, -0.000183290670975, -0.000667176675051, 0.00181886227801, -0.00253631104715], [0.00039284885861, -0.00177943799645, -0.000236704872805, 0.000266105431365, 0.00617825379595, -0.000358336430509, 0.000811560545117, -0.00234293006361, 0.000622224877588, -0.00164147594478, 0.00192328356206, -0.0022537142504, 0.000531724828761], [-0.000551094999537, 0.00160709291231, -0.00129353650846, 0.00104233098682, -0.000358336430509, 0.00728874513879, -0.00247275037691, 0.000154423934873, -0.000336555327522, 0.00121659098659, -0.0021548292134, 0.00320346839726, -0.00278883893043], [0.000643514038529, -0.00155715935398, 0.0013776505366, -0.000640769372694, 0.000811560545117, -0.00247275037691, 0.00739399157465, -0.00153233017772, 0.00173674500547, -0.00303916889243, 0.000578063423745, -0.00237846025266, 0.00362807232887], [-0.000542521534953, 0.00169012427796, -0.000893658958375, 0.00101814209484, -0.00234293006361, 0.000154423934873, -0.00153233017772, 0.00944074243307, -0.00203572027385, 0.00179281830788, -0.00361750973389, 0.00397094339132, -0.00287889130414], [0.000489931844641, -0.00111364456825, 0.0004597856896, -0.00218010297976, 0.000622224877588, -0.000336555327522, 0.00173674500547, -0.00203572027385, 0.00770290382206, 0.000416798022343, 0.00194401433691, -0.00251608272083, 0.00280330795795], [-0.000317600730341, 0.00169238669332, -0.00101905944757, -0.000183290670975, -0.00164147594478, 0.00121659098659, -0.00303916889243, 0.00179281830788, 0.000416798022343, 0.0112867373973, 0.00120881968178, -0.000421944248956, -0.00140150170773], [0.000622126914095, -0.00188696943223, 0.00110328744631, -0.000667176675051, 0.00192328356206, -0.0021548292134, 0.000578063423745, -0.00361750973389, 0.00194401433691, 0.00120881968178, 0.0135051170364, -0.00148915045429, 0.00169543770608], [-0.000728313694708, 0.00258866208605, -0.00171469524503, 0.00181886227801, -0.0022537142504, 0.00320346839726, -0.00237846025266, 0.00397094339132, -0.00251608272083, -0.000421944248956, -0.00148915045429, 0.0184579603374, -0.00351687613875], [0.000773640756961, -0.00131884252187, 0.00149942061398, -0.00253631104715, 0.000531724828761, -0.00278883893043, 0.00362807232887, -0.00287889130414, 0.00280330795795, -0.00140150170773, 0.00169543770608, -0.00351687613875, 0.0214779246598]], "cov": [[49135.9648438, 3103.01855469, -5618.09716797, 1579.73010254, -1969.06311035, 968.397949219, -1562.83557129, 433.303741455, -989.498474121, -411.625427246, -461.772796631, -132.325561523, -386.950012207], [3103.01855469, 1510.56469727, -560.759033203, -109.694709778, 101.448287964, -85.7924575806, 12.2843952179, -8.71968460083, -26.5314693451, -181.066146851, 90.9658660889, -108.575927734, -43.0288352966], [-5618.09716797, -560.759033203, 1283.71252441, 48.1949653625, 254.253005981, -63.4688644409, 89.3799667358, -33.3989830017, 161.702713013, 119.844680786, -14.0443143845, 65.0986175537, 48.3769874573], [1579.73010254, -109.694709778, 48.1949653625, 634.059020996, -128.280273438, 6.0402007103, -116.996696472, -4.41449689865, 101.006111145, 31.1229839325, -57.7340774536, 3.45699477196, 24.9754753113], [-1969.06311035, 101.448287964, 254.253005981, -128.280273438, 322.402893066, -65.2738265991, 75.0301895142, 7.63470029831, 39.4752349854, 22.5483551025, 12.2572412491, 12.5243396759, 13.5512657166], [968.397949219, -85.7924575806, -63.4688644409, 6.0402007103, -65.2738265991, 226.510131836, 3.66411089897, 49.127494812, -51.8064498901, -5.86991357803, 12.6800966263, -18.9890785217, 4.25631141663], [-1562.83557129, 12.2843952179, 89.3799667358, -116.996696472, 75.0301895142, 3.66411089897, 257.489624023, -8.87369918823, -11.6916179657, 37.1772270203, 36.5583724976, 0.760345995426, -7.88377904892], [433.303741455, -8.71968460083, -33.3989830017, -4.41449689865, 7.63470029831, 49.127494812, -8.87369918823, 157.362609863, 0.834990441799, -24.395029068, 29.233795166, -23.7770271301, 6.54715585709], [-989.498474121, -26.5314693451, 161.702713013, 101.006111145, 39.4752349854, -51.8064498901, -11.6916179657, 0.834990441799, 209.760757446, -5.57302379608, -8.52280712128, 10.3465270996, 3.65970444679], [-411.625427246, -181.066146851, 119.844680786, 31.1229839325, 22.5483551025, -5.86991357803, 37.1772270203, -24.395029068, -5.57302379608, 139.255645752, -35.7804107666, 31.7048587799, 5.97710466385], [-461.772796631, 90.9658660889, -14.0443143845, -57.7340774536, 12.2572412491, 12.6800966263, 36.5583724976, 29.233795166, -8.52280712128, -35.7804107666, 114.73625946, -21.2744483948, 1.70455896854], [-132.325561523, -108.575927734, 65.0986175537, 3.45699477196, 12.5243396759, -18.9890785217, 0.760345995426, -23.7770271301, 10.3465270996, 31.7048587799, -21.2744483948, 81.020690918, 3.53608608246], [-386.950012207, -43.0288352966, 48.3769874573, 24.9754753113, 13.5512657166, 4.25631141663, -7.88377904892, 6.54715585709, 3.65970444679, 5.97710466385, 1.70455896854, 3.53608608246, 60.2106552124]]}, "spectral_flux": {"min": 6.3532588912e-11, "max": 0.272754430771, "dvar2": 0.00137920468114, "median": 0.0713294371963, "dmean2": 0.0360583662987, "dmean": 0.0237651318312, "var": 0.00192383571994, "dvar": 0.000639310863335, "mean": 0.0767039209604}, "silence_rate_30dB": {"min": 1, "max": 1, "dvar2": 0, "median": 1, "dmean2": 0, "dmean": 0, "var": 0, "dvar": 0, "mean": 1}, "spectral_energyband_middle_high": {"min": 1.14425049279e-21, "max": 0.0565970614552, "dvar2": 2.05150536203e-05, "median": 0.0034319893457, "dmean2": 0.00304370676167, "dmean": 0.00223659607582, "var": 5.06000287714e-05, "dvar": 1.09827224151e-05, "mean": 0.00619342178106}, "barkbands_spread": {"min": 0.620606899261, "max": 124.701461792, "dvar2": 107.695503235, "median": 25.7102069855, "dmean2": 9.38343715668, "dmean": 6.28964614868, "var": 211.727996826, "dvar": 47.9361534119, "mean": 27.7941169739}, "spectral_centroid": {"min": 162.090988159, "max": 11983.9296875, "dvar2": 203460.296875, "median": 1584.81286621, "dmean2": 425.433227539, "dmean": 289.477600098, "var": 3149862, "dvar": 100070.75, "mean": 1889.05456543}, "pitch_salience": {"min": 0.127285555005, "max": 0.896907448769, "dvar2": 0.0107957059518, "median": 0.586333870888, "dmean2": 0.107001356781, "dmean": 0.0666495338082, "var": 0.0105448225513, "dvar": 0.00401552766562, "mean": 0.58650124073}, "erbbands_skewness": {"min": -3.9491519928, "max": 7.19458913803, "dvar2": 0.225210219622, "median": -0.308480978012, "dmean2": 0.497909098864, "dmean": 0.327827244997, "var": 0.589763224125, "dvar": 0.0998050794005, "mean": -0.317769259214}, "erbbands_crest": {"min": 2.21218252182, "max": 27.8947219849, "dvar2": 11.1482315063, "median": 7.0384554863, "dmean2": 3.50357174873, "dmean": 2.17681145668, "var": 12.627820015, "dvar": 4.41648340225, "mean": 7.84410476685}, "melbands": {"min": [1.48309133815e-24, 1.00787689429e-24, 1.30933387694e-24, 1.31492857709e-24, 1.45449808856e-24, 1.30847115893e-24, 1.35079463118e-24, 1.40953617241e-24, 1.95346335935e-24, 2.19389751364e-24, 2.55863603063e-24, 1.5459299271e-24, 1.00365145946e-24, 8.89828001341e-25, 1.8937398835e-24, 3.53660424978e-24, 1.18697464801e-24, 2.15538177437e-24, 3.01173327991e-24, 2.34086880838e-24, 3.86478419142e-24, 4.26467435035e-24, 3.37024768436e-24, 4.31408701973e-24, 3.93040519139e-24, 3.83418467133e-24, 4.15042599203e-24, 4.56076185264e-24, 3.64667519517e-24, 4.38640347664e-24, 4.09035107865e-24, 5.19432405019e-24, 5.02645918272e-24, 5.250386817e-24, 5.29830143952e-24, 4.99894489764e-24, 6.34851669581e-24, 4.94487794892e-24, 6.1309287422e-24, 6.62099083019e-24], "max": [0.0124742845073, 0.0158360283822, 0.00923675112426, 0.00719922594726, 0.00301055330783, 0.00375200714916, 0.00181940221228, 0.00215655774809, 0.00194151757751, 0.00214491877705, 0.00253125443123, 0.00181452778634, 0.00301176146604, 0.00244318507612, 0.00268823467195, 0.00175576691981, 0.00289540574886, 0.00151675008237, 0.00454831076786, 0.00161756004672, 0.00250038132071, 0.00108674936928, 0.00124149781186, 0.00100150879007, 0.000341677688994, 0.000382692582207, 0.000319303595461, 0.000258777843555, 0.000172321801074, 0.000136391128763, 0.000274308375083, 0.000116994917335, 6.65304687573e-05, 6.3474442868e-05, 0.000101760182588, 0.000119140859169, 5.73671059101e-05, 5.5225489632e-05, 4.05874998251e-05, 2.99293369608e-05], "dvar2": [3.57067301593e-06, 6.9060270107e-06, 1.70309624536e-06, 6.27924464425e-07, 1.34299455112e-07, 1.03146454933e-07, 2.98078113303e-08, 3.19187236641e-08, 1.95840996753e-08, 2.33728378873e-08, 3.25762918862e-08, 2.24277094674e-08, 4.41629275372e-08, 3.50290108031e-08, 1.92970386337e-08, 9.94296023293e-09, 1.41502356499e-08, 8.64535198986e-09, 1.30961392841e-08, 1.06536264255e-08, 7.91390775134e-09, 4.97487961937e-09, 4.76668926552e-09, 2.65046717907e-09, 9.98256810547e-10, 5.00444075069e-10, 4.24350221628e-10, 2.83766787845e-10, 1.3544278199e-10, 1.16655435312e-10, 1.52028042932e-10, 6.803891478e-11, 4.66013096168e-11, 2.32081662915e-11, 1.49620142664e-11, 1.13582806355e-11, 7.37091204045e-12, 7.32733491937e-12, 3.51377043781e-12, 2.61128293468e-12], "median": [0.000512592552695, 0.00104038440622, 0.000776643457357, 0.000468676327728, 0.000121123237477, 6.81185192661e-05, 4.93368934258e-05, 3.3986150811e-05, 3.35364566126e-05, 1.77770198206e-05, 1.86274282896e-05, 1.77742604137e-05, 2.16735425056e-05, 1.80895804078e-05, 1.38835921462e-05, 1.07414771264e-05, 1.21674202092e-05, 1.35353639052e-05, 1.53502296598e-05, 1.19834521684e-05, 1.43287206811e-05, 1.5347963199e-05, 1.35993323056e-05, 9.76414958131e-06, 6.72546866554e-06, 5.10219069838e-06, 4.67333666165e-06, 2.36223127104e-06, 1.12484053716e-06, 6.91572097367e-07, 5.96352606408e-07, 5.71925568238e-07, 6.41946257929e-07, 5.51496952994e-07, 5.27695760866e-07, 4.17033760414e-07, 3.30957362848e-07, 3.00250263763e-07, 1.77156124437e-07, 1.09714754615e-07], "dmean2": [0.00110735639464, 0.00159793242346, 0.000970260298345, 0.000580141961109, 0.000236146326642, 0.000154231005581, 9.19076410355e-05, 9.09106820473e-05, 8.04685987532e-05, 7.49290556996e-05, 8.40597931528e-05, 6.79766671965e-05, 0.000105188453745, 9.30718888412e-05, 6.5566295234e-05, 4.32322885899e-05, 5.20854955539e-05, 4.44910911028e-05, 4.61345080112e-05, 4.24710451625e-05, 3.95282550016e-05, 3.54918847734e-05, 3.24826651195e-05, 2.4674953238e-05, 1.5092018657e-05, 1.09100656118e-05, 1.01416571852e-05, 6.78721016811e-06, 4.31902299169e-06, 3.86423607779e-06, 4.3458876462e-06, 3.16626642416e-06, 2.96062376037e-06, 2.03501599572e-06, 1.62190315223e-06, 1.40578106311e-06, 1.14963506803e-06, 1.12989368972e-06, 7.46643195271e-07, 5.22987420482e-07], "dmean": [0.000700738804881, 0.000963320140727, 0.000602580606937, 0.000367906468455, 0.000153721179231, 9.81846751529e-05, 5.65469563298e-05, 5.67679162486e-05, 5.108057303e-05, 4.77011526527e-05, 5.2246676205e-05, 4.36164409621e-05, 6.66204796289e-05, 5.92158212385e-05, 4.17308619944e-05, 2.83545614366e-05, 3.47739151039e-05, 2.94842684525e-05, 3.0200699257e-05, 2.75836810033e-05, 2.61178538494e-05, 2.35142797465e-05, 2.16563330468e-05, 1.6597650756e-05, 9.91235174297e-06, 7.3253413575e-06, 6.81453730067e-06, 4.54779592474e-06, 2.96274947686e-06, 2.70578607342e-06, 3.15377928928e-06, 2.34007643485e-06, 2.10761004382e-06, 1.48057188198e-06, 1.19743640425e-06, 1.0432520412e-06, 8.50110495776e-07, 8.12940299966e-07, 5.45867521851e-07, 3.83772913892e-07], "var": [2.07440893973e-06, 3.06692504637e-06, 1.07716596176e-06, 4.456678937e-07, 1.2454951559e-07, 5.56232038207e-08, 1.68120948274e-08, 1.9545414176e-08, 2.12020889734e-08, 3.58141463153e-08, 3.11790415708e-08, 1.96632150562e-08, 4.39793375051e-08, 3.88666769879e-08, 1.76527858997e-08, 1.13320020034e-08, 1.73163829942e-08, 8.35846059033e-09, 1.28434045621e-08, 1.07086277623e-08, 1.5773929718e-08, 6.52681952928e-09, 6.30802388102e-09, 3.03346325836e-09, 7.20329185189e-10, 5.15918863186e-10, 4.6902753903e-10, 2.15947884574e-10, 1.09235620549e-10, 1.11746174813e-10, 1.90802151856e-10, 7.34441327199e-11, 4.85352556756e-11, 2.45477891486e-11, 1.82875520283e-11, 1.55821831133e-11, 9.25868496454e-12, 7.95550517824e-12, 4.09123299475e-12, 2.40766412883e-12], "dvar": [1.4841605207e-06, 2.57258329839e-06, 6.94120899425e-07, 2.53462616229e-07, 5.90399729106e-08, 4.44206129657e-08, 1.15591776151e-08, 1.30194006687e-08, 8.5297404695e-09, 1.07295345941e-08, 1.33535946745e-08, 9.26791532407e-09, 1.80919776938e-08, 1.38977229724e-08, 8.3926012806e-09, 4.7952326554e-09, 7.25586879469e-09, 4.12709200148e-09, 6.35202246357e-09, 5.15124654044e-09, 4.25918633695e-09, 2.35651587133e-09, 2.30636021392e-09, 1.23107979366e-09, 4.36161856632e-10, 2.31242969218e-10, 1.92406118815e-10, 1.21535351227e-10, 6.39322275675e-11, 5.76177404399e-11, 7.49937195677e-11, 3.45363147802e-11, 2.34310626457e-11, 1.20458747144e-11, 8.02203095618e-12, 6.85489946056e-12, 4.05572624096e-12, 3.84371744502e-12, 1.86238372814e-12, 1.29507472454e-12], "mean": [0.00106768391561, 0.00156632228754, 0.00105328753125, 0.000656853197142, 0.000256760424236, 0.000139767784276, 8.96640849533e-05, 8.05308518466e-05, 8.40667053126e-05, 8.78306964296e-05, 8.46149923746e-05, 7.21641845303e-05, 0.000118261181342, 0.000106856554339, 6.43847379251e-05, 4.54677465314e-05, 5.33878337592e-05, 4.30663567386e-05, 4.71783459943e-05, 4.12993067584e-05, 4.44509823865e-05, 4.16252114519e-05, 3.91091889469e-05, 2.86340891762e-05, 1.62496507983e-05, 1.3271906937e-05, 1.27130497276e-05, 7.57487896408e-06, 4.49124763691e-06, 4.16041621065e-06, 5.0740959523e-06, 3.6827166241e-06, 3.38993140758e-06, 2.38159236687e-06, 1.99098553821e-06, 1.68298026892e-06, 1.40983024721e-06, 1.28870522076e-06, 8.48629269967e-07, 5.48818434254e-07]}, "spectral_entropy": {"min": 4.93720054626, "max": 9.82375907898, "dvar2": 0.0319013893604, "median": 7.63186168671, "dmean2": 0.184618845582, "dmean": 0.139477163553, "var": 0.286565124989, "dvar": 0.0197644550353, "mean": 7.66598129272}, "spectral_rolloff": {"min": 21.533203125, "max": 19702.8808594, "dvar2": 1654325.25, "median": 1528.85742188, "dmean2": 856.150878906, "dmean": 536.290283203, "var": 10569941, "dvar": 770151.3125, "mean": 2246.97460938}, "barkbands": {"min": [3.05688629761e-25, 4.64099768417e-24, 7.52676102018e-25, 9.79687245662e-25, 6.61783617543e-24, 6.25842246954e-24, 6.08212822888e-24, 6.73859815825e-24, 1.57941281268e-23, 1.45456563478e-23, 5.89640907254e-24, 6.84332654316e-24, 2.85975835877e-23, 1.52666373498e-23, 3.30536442711e-23, 4.56278599084e-23, 7.52900459975e-23, 8.25839675232e-23, 1.0351074971e-22, 1.76494917416e-22, 2.44667999166e-22, 3.0719606801e-22, 3.57600695269e-22, 4.94480886048e-22, 7.89918963332e-22, 1.10368330181e-21, 1.88473769e-21], "max": [0.00666377134621, 0.0479430556297, 0.0300091728568, 0.0246028862894, 0.0286821573973, 0.0176243036985, 0.00760672567412, 0.0123623935506, 0.0132042644545, 0.0130150364712, 0.0196107048541, 0.0178724676371, 0.0140860993415, 0.0229081809521, 0.0406677424908, 0.0250081159174, 0.0274980403483, 0.0183420963585, 0.00861061364412, 0.00644811987877, 0.00552106369287, 0.00537806702778, 0.00624709855765, 0.00452242419124, 0.00390229886398, 0.00204457202926, 0.000110860382847], "dvar2": [6.02382556281e-07, 6.2120394432e-05, 1.95482498384e-05, 9.26972552406e-06, 1.00547231341e-05, 2.91906803795e-06, 8.36741321564e-07, 6.73061492762e-07, 1.1096263961e-06, 1.17859747206e-06, 2.54686756307e-06, 2.56891166828e-06, 9.66977040662e-07, 1.50182177094e-06, 1.64383425272e-06, 2.10197390516e-06, 1.86467138974e-06, 1.12280929443e-06, 3.60987826298e-07, 2.4520230113e-07, 1.76650871708e-07, 1.23178537592e-07, 4.44990000403e-08, 3.8598759744e-08, 1.7183388934e-08, 9.43859035374e-09, 3.29355397122e-11], "median": [5.37677879038e-05, 0.00225057126954, 0.00157861365005, 0.000997221446596, 0.0020938902162, 0.000425230537076, 0.000197297922568, 0.000172051572008, 0.000117110175779, 0.000109855958726, 0.000147542188643, 0.000156212816364, 0.00010139560618, 0.000122559373267, 0.000237853644649, 0.000125545018818, 0.000307755777612, 0.000240880544879, 0.000152621854795, 9.13045951165e-05, 3.24962165905e-05, 3.24133579852e-05, 3.1530551496e-05, 2.62235880655e-05, 1.03067532109e-05, 1.34032688948e-06, 1.05037877063e-07], "dmean2": [0.000413636007579, 0.00461182976142, 0.00275529641658, 0.00203699851409, 0.00239308807068, 0.000872849253938, 0.000468962738523, 0.000428220781032, 0.000532790785655, 0.000523167836946, 0.000774061016273, 0.000808074080851, 0.000455117260572, 0.000551674689632, 0.000618146499619, 0.000562635716051, 0.000658653152641, 0.000528092787135, 0.000293646095088, 0.000217940891162, 0.000156787049491, 0.00014933469356, 9.23510015127e-05, 8.33076774143e-05, 4.27931881859e-05, 1.80676452146e-05, 1.83556005595e-06], "dmean": [0.000294185680104, 0.0028294173535, 0.00166123034433, 0.00123447820079, 0.00153404346202, 0.000565748196095, 0.000284439825919, 0.000275956088444, 0.000336377532221, 0.000324763881508, 0.00048897031229, 0.000512535392772, 0.000292172364425, 0.00036043243017, 0.000401499215513, 0.000374466791982, 0.000439869705588, 0.000355091295205, 0.000198037785594, 0.000150014704559, 0.000112602436275, 0.00011151398212, 7.11858883733e-05, 6.30049835308e-05, 3.22522901115e-05, 1.21964358186e-05, 1.31808678816e-06], "var": [4.55287477052e-07, 3.02931039187e-05, 1.02655267256e-05, 5.01348131365e-06, 8.20047171146e-06, 1.64224616128e-06, 4.15612078086e-07, 5.38654717275e-07, 1.70229589003e-06, 9.30303087898e-07, 2.29690272135e-06, 2.74833951153e-06, 9.62714352681e-07, 1.5901595134e-06, 1.70690282175e-06, 2.42412102125e-06, 2.29826468967e-06, 1.2054229046e-06, 3.36210149499e-07, 2.25058613523e-07, 2.06717601259e-07, 1.65004522046e-07, 6.76743923123e-08, 5.17556308921e-08, 2.10641228904e-08, 3.75744590997e-09, 2.6358956684e-11], "dvar": [3.09819256472e-07, 2.44681796175e-05, 7.2835764513e-06, 3.69908320863e-06, 4.1239723032e-06, 1.26642351006e-06, 3.18309929526e-07, 2.88054366138e-07, 4.87877457545e-07, 4.73129063039e-07, 1.04714843019e-06, 1.02237936517e-06, 4.35882157035e-07, 7.40974314795e-07, 7.84322367053e-07, 1.04657885913e-06, 8.88426086476e-07, 5.21022229805e-07, 1.66620154118e-07, 1.10654504226e-07, 9.25038889932e-08, 6.64540138473e-08, 2.74073883588e-08, 2.20878746404e-08, 9.7572945279e-09, 3.66451979872e-09, 1.66675961227e-11], "mean": [0.000344383297488, 0.00422597071156, 0.00273385620676, 0.00176396802999, 0.00291633489542, 0.000832983583678, 0.000411577493651, 0.000410554173868, 0.000616699107923, 0.000484021758894, 0.00081739120651, 0.000889667717274, 0.000444663426606, 0.000527443015017, 0.000635451171547, 0.000558339757845, 0.000791408121586, 0.000630443159025, 0.00035615338129, 0.000267697207164, 0.000186549907085, 0.000188345366041, 0.000121479810332, 0.000106840649096, 4.90609090775e-05, 1.3373699403e-05, 1.49800212057e-06]}, "melbands_flatness_db": {"min": 0.00270780920982, "max": 0.578506827354, "dvar2": 0.00164931232575, "median": 0.186422616243, "dmean2": 0.0395519137383, "dmean": 0.0271096788347, "var": 0.00574653176591, "dvar": 0.000801667803898, "mean": 0.188857421279}, "melbands_skewness": {"min": -1.66064810753, "max": 19.6596794128, "dvar2": 2.0768725872, "median": 2.41887044907, "dmean2": 1.26611328125, "dmean": 0.828046441078, "var": 4.65596675873, "dvar": 0.912304401398, "mean": 2.83531570435}, "barkbands_skewness": {"min": -3.07787966728, "max": 13.0501022339, "dvar2": 0.924937725067, "median": 1.04103255272, "dmean2": 0.861685872078, "dmean": 0.568995416164, "var": 2.20623850822, "dvar": 0.409975171089, "mean": 1.28282642365}, "silence_rate_60dB": {"min": 0, "max": 1, "dvar2": 0.0830269753933, "median": 0, "dmean2": 0.072326079011, "dmean": 0.0361574999988, "var": 0.0825896039605, "dvar": 0.0348512753844, "mean": 0.0908394604921}, "spectral_energyband_low": {"min": 1.38913325145e-23, "max": 0.0607421398163, "dvar2": 0.000113230780698, "median": 0.00553989596665, "dmean2": 0.00696269050241, "dmean": 0.0043525332585, "var": 7.24530109437e-05, "dvar": 4.56232919532e-05, "mean": 0.00816954951733}, "spectral_energyband_middle_low": {"min": 1.62522259653e-22, "max": 0.0508170835674, "dvar2": 3.70815032511e-05, "median": 0.00601289328188, "dmean2": 0.00476368190721, "dmean": 0.00313356169499, "var": 3.52079296135e-05, "dvar": 1.70594357769e-05, "mean": 0.00714834872633}, "melbands_kurtosis": {"min": -1.79212498665, "max": 483.879425049, "dvar2": 894.986999512, "median": 5.71389293671, "dmean2": 13.1582517624, "dmean": 8.43416690826, "var": 1151.80371094, "dvar": 359.430786133, "mean": 16.5645713806}, "spectral_decrease": {"min": -2.42868480882e-08, "max": 1.90859272303e-28, "dvar2": 1.17263001336e-17, "median": -4.54863835486e-09, "dmean2": 2.76725153903e-09, "dmean": 1.88639504017e-09, "var": 1.46730061615e-17, "dvar": 5.43340120082e-18, "mean": -5.18701881447e-09}, "erbbands_kurtosis": {"min": -1.81483137608, "max": 68.5071563721, "dvar2": 3.19295716286, "median": 0.0304732322693, "dmean2": 1.3315885067, "dmean": 0.852577805519, "var": 6.43193912506, "dvar": 1.59000408649, "mean": 0.470821946859}, "melbands_crest": {"min": 1.49322426319, "max": 36.2667236328, "dvar2": 20.7258491516, "median": 12.4964370728, "dmean2": 4.92170810699, "dmean": 2.99963545799, "var": 23.0077781677, "dvar": 7.78727006912, "mean": 12.7771177292}, "melbands_spread": {"min": 0.381868302822, "max": 243.386383057, "dvar2": 300.329803467, "median": 27.4408340454, "dmean2": 14.2862300873, "dmean": 9.35445404053, "var": 746.877746582, "dvar": 136.172698975, "mean": 32.9390335083}, "spectral_energy": {"min": 9.83226377186e-21, "max": 0.0961402207613, "dvar2": 0.000181063835043, "median": 0.0185437351465, "dmean2": 0.0109626259655, "dmean": 0.00758051173761, "var": 0.00025017032749, "dvar": 8.62826200319e-05, "mean": 0.0213261321187}, "mfcc": {"mean": [-666.985839844, 113.222427368, -7.01507997513, 31.144859314, 18.9597892761, 8.39279460907, 2.32156252861, 11.9640169144, -2.83391714096, 0.635911762714, -3.62265443802, -1.81061375141, -0.714676558971], "icov": [[8.13578881207e-05, -2.29513443628e-05, 8.63013265189e-05, -5.17813423357e-05, -5.07919030497e-05, -0.000100942823337, -1.34017827804e-05, -0.000175167166162, 5.99426457484e-05, 9.76869432634e-06, 0.000155787391122, 7.48188322177e-05, 8.5343788669e-05], [-2.29513443628e-05, 0.000779714202508, 0.000522300018929, -0.000284005975118, -0.000585012836382, -0.000150860432768, -0.000360084639397, -0.000478830130305, 0.000505017640535, 0.000135714624776, -0.000438248825958, 0.000501479546074, -5.40509208804e-05], [8.63013265189e-05, 0.000522300018929, 0.00241254852153, -0.00063764519291, -0.00116977177095, -0.000756376481149, -6.20303326286e-05, -0.000442422053311, 6.08264017501e-05, -9.00711966096e-05, -0.000268644944299, 0.000210334765143, 0.00032590542105], [-5.17813423357e-05, -0.000284005975118, -0.00063764519291, 0.00291194044985, -0.000219562789425, -0.000688320258632, 0.00108552235179, 0.000708536652382, -0.000800919253379, -5.50649201614e-05, -0.000240614434006, -0.000624401320238, -0.000958182208706], [-5.07919030497e-05, -0.000585012836382, -0.00116977177095, -0.000219562789425, 0.00470795389265, 0.00136221805587, 0.000708802370355, -0.000227366166655, -0.00112647761125, -0.000713729532436, 0.00180736160837, -0.0010673586512, -0.000331617949996], [-0.000100942823337, -0.000150860432768, -0.000756376481149, -0.000688320258632, 0.00136221805587, 0.00634397892281, -0.000279181898804, 0.00123796390835, -0.00144700729288, 0.000956355594099, -0.000494527455885, -0.00128706858959, 0.00141969707329], [-1.34017827804e-05, -0.000360084639397, -6.20303326286e-05, 0.00108552235179, 0.000708802370355, -0.000279181898804, 0.00437176367268, -1.61636653502e-05, 0.000166902886122, -0.000521236506756, -0.000218836488784, 0.000446807476692, -0.00149829417933], [-0.000175167166162, -0.000478830130305, -0.000442422053311, 0.000708536652382, -0.000227366166655, 0.00123796390835, -1.61636653502e-05, 0.00903177633882, -3.85099738196e-05, -0.00235566589981, -0.000588779512327, -0.00136462331284, -0.000123575664475], [5.99426457484e-05, 0.000505017640535, 6.08264017501e-05, -0.000800919253379, -0.00112647761125, -0.00144700729288, 0.000166902886122, -3.85099738196e-05, 0.0095609407872, -0.000666323525365, -0.000114009359095, -0.00204967404716, 0.000368505483493], [9.76869432634e-06, 0.000135714624776, -9.00711966096e-05, -5.50649201614e-05, -0.000713729532436, 0.000956355594099, -0.000521236506756, -0.00235566589981, -0.000666323525365, 0.0129539631307, -0.00462162448093, 0.00171996862628, -0.000904879940208], [0.000155787391122, -0.000438248825958, -0.000268644944299, -0.000240614434006, 0.00180736160837, -0.000494527455885, -0.000218836488784, -0.000588779512327, -0.000114009359095, -0.00462162448093, 0.018771873787, -0.00576487276703, 0.00241874437779], [7.48188322177e-05, 0.000501479546074, 0.000210334765143, -0.000624401320238, -0.0010673586512, -0.00128706858959, 0.000446807476692, -0.00136462331284, -0.00204967404716, 0.00171996862628, -0.00576487276703, 0.0230520740151, -0.00580461509526], [8.5343788669e-05, -5.40509208804e-05, 0.00032590542105, -0.000958182208706, -0.000331617949996, 0.00141969707329, -0.00149829417933, -0.000123575664475, 0.000368505483493, -0.000904879940208, 0.00241874437779, -0.00580461509526, 0.020124739036]], "cov": [[14685.625, 1309.34960938, -646.252563477, 77.7074050903, 129.060836792, 67.0023269653, 99.4449691772, 281.763153076, -148.129714966, -15.4552879333, -129.423522949, -100.521995544, -49.4831314087], [1309.34960938, 1901.38134766, -387.880126953, 0.640488862991, 119.202400208, -61.1600265503, 148.105270386, 117.913841248, -111.360397339, 19.1270179749, 9.91966819763, -41.2384414673, 13.7077827454], [-646.252563477, -387.880126953, 644.92364502, 179.801956177, 126.838737488, 70.1316757202, -91.0824966431, -15.6246328354, 68.9912414551, 7.27830410004, 6.77039051056, 26.4149799347, -4.04975891113], [77.7074050903, 0.640488862991, 179.801956177, 498.000549316, 85.2546310425, 80.4471435547, -131.591644287, -33.8056869507, 70.4610366821, -6.76329994202, 6.63580656052, 32.3041992188, 13.1220750809], [129.060836792, 119.202400208, 126.838737488, 85.2546310425, 307.804748535, -40.9962501526, -59.201877594, 26.8353252411, 33.6165885925, 16.3457889557, -19.3102493286, 12.7009658813, 11.6028614044], [67.0023269653, -61.1600265503, 70.1316757202, 80.4471435547, -40.9962501526, 208.211807251, -13.4151611328, -37.1201438904, 38.1166648865, -21.0381469727, 9.32660484314, 14.4760961533, -12.9338693619], [99.4449691772, 148.105270386, -91.0824966431, -131.591644287, -59.201877594, -13.4151611328, 290.651916504, 18.2900085449, -35.3360023499, 13.0087127686, 6.04662179947, -13.5163068771, 13.5146942139], [281.763153076, 117.913841248, -15.6246328354, -33.8056869507, 26.8353252411, -37.1201438904, 18.2900085449, 139.2368927, -10.230711937, 31.071723938, 8.67316246033, 2.85633111, 4.40866804123], [-148.129714966, -111.360397339, 68.9912414551, 70.4610366821, 33.6165885925, 38.1166648865, -35.3360023499, -10.230711937, 131.984588623, 3.89078497887, 5.65852022171, 21.028465271, 0.881390452385], [-15.4552879333, 19.1270179749, 7.27830410004, -6.76329994202, 16.3457889557, -21.0381469727, 13.0087127686, 31.071723938, 3.89078497887, 94.0705566406, 22.3982143402, 0.543246507645, 4.21301555634], [-129.423522949, 9.91966819763, 6.77039051056, 6.63580656052, -19.3102493286, 9.32660484314, 6.04662179947, 8.67316246033, 5.65852022171, 22.3982143402, 67.8392868042, 15.5219068527, -2.4638531208], [-100.521995544, -41.2384414673, 26.4149799347, 32.3041992188, 12.7009658813, 14.4760961533, -13.5163068771, 2.85633111, 21.028465271, 0.543246507645, 15.5219068527, 56.2027015686, 13.609629631], [-49.4831314087, 13.7077827454, -4.04975891113, 13.1220750809, 11.6028614044, -12.9338693619, 13.5146942139, 4.40866804123, 0.881390452385, 4.21301555634, -2.4638531208, 13.609629631, 57.1588249207]]}, "spectral_contrast_valleys": {"min": [-28.7037353516, -28.0449390411, -27.9679584503, -27.7354431152, -27.5352745056, -27.4236888885], "max": [-5.45266628265, -4.91209173203, -5.32168149948, -5.4777431488, -5.34814500809, -7.58245754242], "dvar2": [0.377282559872, 0.291874051094, 0.225338727236, 0.237841084599, 0.17332687974, 0.223258331418], "median": [-7.02087211609, -6.99558591843, -7.44968605042, -7.66403007507, -7.54588603973, -10.2102680206], "dmean2": [0.69260185957, 0.614320933819, 0.531849145889, 0.48144453764, 0.385327219963, 0.403104364872], "dmean": [0.436814248562, 0.39794626832, 0.346306920052, 0.331860184669, 0.300717890263, 0.367418348789], "var": [13.1645030975, 13.2925319672, 13.0665626526, 12.7131519318, 12.7049150467, 10.0167884827], "dvar": [0.174451574683, 0.142492502928, 0.119698032737, 0.135696262121, 0.112492911518, 0.164808690548], "mean": [-7.76719856262, -7.72123384476, -8.11679172516, -8.3322467804, -8.24732971191, -10.8483104706]}, "barkbands_flatness_db": {"min": 0.0277925170958, "max": 0.431287169456, "dvar2": 0.000871509604622, "median": 0.121104702353, "dmean2": 0.0293363127857, "dmean": 0.0201652366668, "var": 0.00231749308296, "dvar": 0.000408372026868, "mean": 0.126686424017}, "dynamic_complexity": 3.1949505806, "spectral_skewness": {"min": -0.0969496071339, "max": 3.68776607513, "dvar2": 0.0883345082402, "median": 1.41566026211, "dmean2": 0.303924292326, "dmean": 0.200476229191, "var": 0.261921316385, "dvar": 0.0372191518545, "mean": 1.37263202667}, "erbbands_flatness_db": {"min": 0.0259882174432, "max": 0.296415269375, "dvar2": 0.000486191333039, "median": 0.148683264852, "dmean2": 0.0230275355279, "dmean": 0.0167531203479, "var": 0.00154560396913, 