{"lowlevel": {"spectral_complexity": {"min": 0, "max": 61, "dvar2": 63.9876747131, "median": 18, "dmean2": 7.55429601669, "dmean": 5.34751558304, "var": 154.575942993, "dvar": 39.0185203552, "mean": 20.0111694336}, "silence_rate_20dB": {"min": 1, "max": 1, "dvar2": 0, "median": 1, "dmean2": 0, "dmean": 0, "var": 0, "dvar": 0, "mean": 1}, "average_loudness": 0.936966061592, "erbbands_spread": {"min": 3.94410085678, "max": 144.746246338, "dvar2": 206.086105347, "median": 50.3318138123, "dmean2": 15.5779428482, "dmean": 10.1364307404, "var": 406.505371094, "dvar": 91.7569503784, "mean": 51.059513092}, "spectral_kurtosis": {"min": -1.20745038986, "max": 19.7055511475, "dvar2": 4.49609994888, "median": 2.41828560829, "dmean2": 1.98422467709, "dmean": 1.15056192875, "var": 2.59928154945, "dvar": 1.5937628746, "mean": 2.75938606262}, "barkbands_kurtosis": {"min": -1.90764224529, "max": 173.775939941, "dvar2": 71.1142654419, "median": 1.70712256432, "dmean2": 5.4021897316, "dmean": 3.43004655838, "var": 64.9988479614, "dvar": 30.1752185822, "mean": 4.51331949234}, "spectral_strongpeak": {"min": 0, "max": 15.2994327545, "dvar2": 2.08966255188, "median": 0.433774590492, "dmean2": 0.749905407429, "dmean": 0.435536921024, "var": 1.31762266159, "dvar": 0.837016582489, "mean": 0.735522568226}, "spectral_spread": {"min": 2107064.5, "max": 41309624, "dvar2": 412983721984, "median": 4180161, "dmean2": 600326.4375, "dmean": 410167.6875, "var": 1190932119550.0, "dvar": 240531308544, "mean": 4330990}, "spectral_rms": {"min": 3.27338178265e-12, "max": 0.0107106780633, "dvar2": 1.60270622018e-06, "median": 0.00489788735285, "dmean2": 0.00129650405142, "dmean": 0.000870942603797, "var": 3.31490878125e-06, "dvar": 7.55802204822e-07, "mean": 0.00474748108536}, "erbbands": {"min": [5.14249614115e-22, 9.50283424615e-21, 3.57732705904e-20, 2.23969894503e-20, 5.93018188848e-20, 3.51875291352e-19, 5.1649705455e-19, 3.05742653108e-19, 3.85818621939e-19, 1.11029217279e-18, 1.7161842905e-18, 1.63152566353e-18, 2.74946998076e-18, 6.40633289846e-19, 1.8465198309e-18, 4.55952541551e-18, 6.68624482069e-18, 5.05591815546e-18, 1.16319552216e-17, 8.24653989372e-18, 9.87570437019e-18, 1.10721317907e-17, 1.4424372213e-17, 1.02923130585e-17, 1.98497307367e-17, 1.51870013049e-17, 1.53212609901e-17, 1.43525812076e-17, 1.78737501089e-17, 2.03137161946e-17, 1.47732091665e-17, 2.20183468399e-17, 1.64713001219e-17, 1.12079912433e-17, 8.2711162569e-18, 6.32138413789e-18, 4.55183222222e-18, 1.38610386412e-18, 3.21736035156e-19, 3.57645399575e-20], "max": [1.4567091465, 12.9914941788, 57.3232040405, 108.44342804, 243.411071777, 191.669128418, 195.042129517, 309.58114624, 304.619873047, 278.688140869, 358.915496826, 851.682922363, 786.448486328, 844.610961914, 720.774475098, 1105.52050781, 1032.5201416, 1462.40319824, 1653.19702148, 1362.03686523, 862.333190918, 1259.99462891, 914.586303711, 656.760192871, 981.443481445, 692.966918945, 291.258666992, 160.85836792, 222.117294312, 114.741218567, 75.9390640259, 93.0197296143, 19.6829013824, 12.7216901779, 13.274977684, 1.82910013199, 0.436594665051, 0.0886808186769, 0.00929923169315, 0.00022580496443], "dvar2": [0.020509717986, 3.66919660568, 34.9807815552, 196.293273926, 593.183105469, 341.408447266, 204.628662109, 346.778045654, 528.243347168, 147.356445312, 223.585998535, 914.02947998, 1107.29772949, 483.387298584, 600.459899902, 830.305725098, 1292.44287109, 3241.48608398, 6222.08398438, 6537.97314453, 2562.94897461, 2484.26245117, 3276.62597656, 1874.12634277, 1800.8145752, 1373.9630127, 418.107757568, 193.130935669, 365.404266357, 103.155097961, 27.4034385681, 23.7655200958, 1.44306433201, 0.618176400661, 0.247185200453, 0.0196982547641, 0.0015582756605, 4.59114489786e-05, 2.73552529961e-07, 5.04970898429e-10], "median": [0.0599805116653, 0.667930483818, 2.84533882141, 6.78073978424, 10.4908752441, 8.42559432983, 4.09070587158, 4.40430450439, 4.86189079285, 2.81964492798, 2.24037981033, 2.95488786697, 3.62233161926, 3.50528430939, 4.01114940643, 4.66286039352, 5.32841110229, 7.46043491364, 11.5635738373, 15.2465896606, 16.0679035187, 15.572180748, 14.3929328918, 10.8867444992, 13.0540313721, 10.6548290253, 8.33940505981, 6.09648418427, 4.81036472321, 2.65839958191, 1.41124939919, 0.704207360744, 0.351626038551, 0.168295741081, 0.0704004764557, 0.0169500615448, 0.00208244286478, 0.000243768707151, 2.80063723039e-05, 3.22865744238e-05], "dmean2": [0.118817307055, 1.47613239288, 4.63695287704, 10.4351320267, 16.9393310547, 12.8349275589, 9.10448741913, 10.5565891266, 12.7416830063, 6.36418008804, 5.76194858551, 10.5759038925, 11.9833545685, 8.59132003784, 9.30613803864, 10.3723831177, 11.9969015121, 17.7735385895, 28.860786438, 35.8717155457, 26.513584137, 25.174659729, 25.9330234528, 19.3139438629, 21.4630279541, 19.8881168365, 12.6521863937, 8.88739109039, 9.96949863434, 5.58801651001, 2.76770234108, 1.82142412663, 0.702661573887, 0.398060947657, 0.205465972424, 0.0661645978689, 0.0158408731222, 0.00219954759814, 0.000158010589075, 1.83774973266e-05], "dmean": [0.0692821145058, 0.849475681782, 2.80336761475, 6.32913541794, 10.2074270248, 7.79586839676, 5.47226953506, 6.48965597153, 7.79755783081, 4.01561260223, 3.90329098701, 7.32489109039, 8.23640823364, 5.84313154221, 6.14483308792, 6.8407201767, 7.78528404236, 11.6100721359, 18.629989624, 22.7557220459, 16.8064098358, 16.108789444, 16.5022850037, 12.2920074463, 13.746462822, 12.8702440262, 8.38520622253, 5.84887313843, 6.28013038635, 3.57950973511, 1.83055138588, 1.17398309708, 0.49019780755, 0.279747098684, 0.144378185272, 0.0471157431602, 0.0107820248231, 0.00144907832146, 0.000101116274891, 1.22850024127e-05], "var": [0.0103683006018, 1.38678562641, 20.9710655212, 168.68800354, 473.690032959, 286.923370361, 125.753952026, 278.390228271, 496.529327393, 170.861785889, 319.524932861, 2737.39672852, 2536.82421875, 1027.42150879, 870.944702148, 1079.28674316, 1044.80493164, 3065.10522461, 4902.74609375, 5755.92578125, 1960.96960449, 2247.83447266, 2828.27270508, 1120.00927734, 1526.19995117, 1320.64916992, 487.676818848, 180.370239258, 215.78112793, 83.3743438721, 21.2458934784, 10.5714864731, 2.21902012825, 0.742207407951, 0.19283644855, 0.0201667342335, 0.00105703214649, 2.12205632124e-05, 1.16801246008e-07, 5.63336544079e-10], "dvar": [0.00750933587551, 1.35273098946, 13.6706066132, 77.4054794312, 226.185394287, 134.21786499, 81.122795105, 140.864151001, 203.676696777, 68.9797134399, 119.862464905, 499.053894043, 596.063964844, 263.989837646, 293.231323242, 397.064971924, 589.49432373, 1549.27880859, 2687.67626953, 2856.41821289, 1066.31164551, 1051.45446777, 1381.17712402, 767.317138672, 777.555908203, 574.497070312, 181.235229492, 85.1820907593, 142.059173584, 41.3754692078, 11.4840784073, 8.99108695984, 0.689042448997, 0.278500765562, 0.102988734841, 0.00938804913312, 0.000679357268382, 1.87767291209e-05, 1.09537239723e-07, 2.28829302729e-10], "mean": [0.0918114706874, 1.03412437439, 4.2292342186, 11.5547180176, 18.1415863037, 14.0788269043, 8.15551567078, 10.4021177292, 12.5633277893, 6.60257768631, 6.85431814194, 15.3390045166, 16.6795711517, 10.8524656296, 11.2814836502, 12.8681983948, 13.1325130463, 18.958530426, 30.47905159, 38.8338546753, 30.0097427368, 29.169500351, 30.0801582336, 20.7548084259, 24.8409900665, 23.719707489, 16.5605258942, 11.0171098709, 10.3515768051, 6.26717567444, 3.27784967422, 1.90174973011, 0.96886318922, 0.538407325745, 0.255191266537, 0.0788851231337, 0.0154533870518, 0.0018260035431, 0.000132036686409, 3.55928641511e-05]}, "zerocrossingrate": {"min": 0.00439453125, "max": 0.515625, "dvar2": 0.000171963780303, "median": 0.056640625, "dmean2": 0.0131293265149, "dmean": 0.0112202819437, "var": 0.00164029095322, "dvar": 0.00014457605721, "mean": 0.0634670183063}, "spectral_contrast_coeffs": {"min": [-0.969933569431, -0.971555411816, -0.968392074108, -0.95540356636, -0.955747425556, -0.958975017071], "max": [-0.312654256821, -0.437206149101, -0.47171497345, -0.506123125553, -0.606074333191, -0.542701780796], "dvar2": [0.0059422198683, 0.00433260854334, 0.00249709957279, 0.00181573512964, 0.000821815861855, 0.000798712891992], "median": [-0.622238397598, -0.737560629845, -0.795454382896, -0.782739758492, -0.797766804695, -0.724685430527], "dmean2": [0.0946183502674, 0.0839737057686, 0.0619396530092, 0.0532583072782, 0.0358305536211, 0.0316421873868], "dmean": [0.057284783572, 0.0510768070817, 0.0390008836985, 0.0334965065122, 0.0221652500331, 0.0206033140421], "var": [0.00670286035165, 0.0055778240785, 0.00534478202462, 0.00321436207741, 0.00163081171922, 0.00167944678105], "dvar": [0.00222952896729, 0.00162584369536, 0.00106101075653, 0.000750434061047, 0.000344804342603, 0.000346070039086], "mean": [-0.626277804375, -0.732798457146, -0.783903717995, -0.776679158211, -0.794188141823, -0.724862754345]}, "dissonance": {"min": 0.360958307981, "max": 0.500000119209, "dvar2": 0.00032648225897, "median": 0.482162415981, "dmean2": 0.0175372064114, "dmean": 0.0105815986171, "var": 0.000273370213108, "dvar": 0.000123185513075, "mean": 0.478134930134}, "spectral_energyband_high": {"min": 7.91108913938e-21, "max": 0.0131023898721, "dvar2": 1.34849358346e-06, "median": 0.000602827931289, "dmean2": 0.000746218429413, "dmean": 0.000512136961333, "var": 1.74473336756e-06, "dvar": 6.18258695795e-07, "mean": 0.00111027224921}, "gfcc": {"mean": [-8.64623832703, 91.6536560059, -121.777450562, 69.4041519165, -49.4085121155, 14.1588935852, -39.4992370605, 0.864481985569, -23.8149185181, -2.89937520027, -18.9407215118, -5.44734239578, -6.69839668274], "icov": [[0.000203281306312, -0.000369197747204, 0.000374738476239, -0.00041426307871, 0.000417865550844, -0.000274179008557, 0.000408439547755, -0.000414428272052, 0.000726128346287, -0.00058413867373, 0.00071882433258, -0.000412333552958, 0.000460642098915], [-0.000369197747204, 0.00277277478017, -0.00103808997665, 0.00207509705797, -0.00225764280185, 0.00153330841567, -0.00117904122453, 0.00151738151908, -0.00267393747345, 0.00370288430713, -0.0045058298856, 0.0033483048901, -0.00211938889697], [0.000374738476239, -0.00103808997665, 0.0030508544296, -0.00162477628328, 0.000908888876438, -0.00112303113565, 0.00181727320887, -0.00099363992922, 0.00220268522389, -0.00172257481609, 0.0028557528276, -0.00229279207997, 0.00286265974864], [-0.00041426307871, 0.00207509705797, -0.00162477628328, 0.0068114483729, -0.00281947245821, 0.0010257048998, -0.000663570710458, 0.00175652059261, -0.00268908054568, 0.00307228905149, -0.00408876733854, 0.00386230600998, -0.00281940237619], [0.000417865550844, -0.00225764280185, 0.000908888876438, -0.00281947245821, 0.00813021790236, -0.00268326723017, 0.00100316561293, -0.000650723522995, 0.00152480776887, -0.00244486937299, 0.00294043100439, -0.0016408408992, -0.000508989556693], [-0.000274179008557, 0.00153330841567, -0.00112303113565, 0.0010257048998, -0.00268326723017, 0.0101879565045, -0.00507560186088, 0.00134312408045, -0.000170293671545, 0.000686219776981, -0.00172638497315, 0.000260841741692, 0.00156109395903], [0.000408439547755, -0.00117904122453, 0.00181727320887, -0.000663570710458, 0.00100316561293, -0.00507560186088, 0.0143110007048, -0.00703297136351, 0.000958120450377, 0.00371240987442, -0.00251564453356, 0.00194901681971, -0.000735400244594], [-0.000414428272052, 0.00151738151908, -0.00099363992922, 0.00175652059261, -0.000650723522995, 0.00134312408045, -0.00703297136351, 0.0171121340245, -0.00648454856128, -0.0041258665733, 0.0057235644199, -0.00290162325837, -0.00162332097534], [0.000726128346287, -0.00267393747345, 0.00220268522389, -0.00268908054568, 0.00152480776887, -0.000170293671545, 0.000958120450377, -0.00648454856128, 0.0177853312343, -0.00732205202803, -0.000158540875418, 0.00318085355684, 0.000441240816144], [-0.00058413867373, 0.00370288430713, -0.00172257481609, 0.00307228905149, -0.00244486937299, 0.000686219776981, 0.00371240987442, -0.0041258665733, -0.00732205202803, 0.0227880291641, -0.0114538371563, 0.000943298626225, 0.00176447373815], [0.00071882433258, -0.0045058298856, 0.0028557528276, -0.00408876733854, 0.00294043100439, -0.00172638497315, -0.00251564453356, 0.0057235644199, -0.000158540875418, -0.0114538371563, 0.0249162279069, -0.0127299865708, 0.0053291991353], [-0.000412333552958, 0.0033483048901, -0.00229279207997, 0.00386230600998, -0.0016408408992, 0.000260841741692, 0.00194901681971, -0.00290162325837, 0.00318085355684, 0.000943298626225, -0.0127299865708, 0.0233818180859, -0.00869086571038], [0.000460642098915, -0.00211938889697, 0.00286265974864, -0.00281940237619, -0.000508989556693, 0.00156109395903, -0.000735400244594, -0.00162332097534, 0.000441240816144, 0.00176447373815, 0.0053291991353, -0.00869086571038, 0.019892314449]], "cov": [[8377.94921875, 78.9265060425, -406.295562744, 31.2986927032, -226.862426758, 0.772838890553, -160.285842896, 71.0431442261, -199.124771118, 60.5671043396, -125.034515381, 22.1031951904, -86.4873504639], [78.9265060425, 1398.01318359, -237.694473267, -24.7972183228, 218.692871094, -80.1184158325, 119.698165894, -112.942001343, 122.552589417, -157.767959595, 118.392555237, -131.911071777, 106.830947876], [-406.295562744, -237.694473267, 612.890319824, 39.6688156128, -33.7824516296, 33.0972328186, -94.2971038818, -4.0347328186, -71.7716751099, 39.5532073975, -41.6783561707, 41.355594635, -78.4532470703], [31.2986927032, -24.7972183228, 39.6688156128, 222.277084351, 52.2039413452, 1.98601722717, -3.6011903286, -21.2851829529, 9.18877220154, -14.3252639771, 5.35645389557, -20.5781593323, 12.3797636032], [-226.862426758, 218.692871094, -33.7824516296, 52.2039413452, 200.512237549, 21.0368442535, 27.9608268738, -17.6804523468, 21.6914710999, -25.244228363, 14.6521024704, -19.5690727234, 33.1677932739], [0.772838890553, -80.1184158325, 33.0972328186, 1.98601722717, 21.0368442535, 140.107971191, 40.3077163696, 11.0019550323, -12.7098474503, 6.6119055748, 1.70768475533, 7.86425876617, -18.4306755066], [-160.285842896, 119.698165894, -94.2971038818, -3.6011903286, 27.9608268738, 40.3077163696, 136.77557373, 32.8091430664, 29.2289505005, -30.0514545441, 12.5237169266, -21.418510437, 24.1149463654], [71.0431442261, -112.942001343, -4.0347328186, -21.2851829529, -17.6804523468, 11.0019550323, 32.8091430664, 113.389259338, 29.3982810974, 32.3182640076, -24.2424125671, 12.5780172348, 1.50690853596], [-199.124771118, 122.552589417, -71.7716751099, 9.18877220154, 21.6914710999, -12.7098474503, 29.2289505005, 29.3982810974, 113.071815491, 20.7989444733, 25.5320453644, -24.4284172058, 12.4654102325], [60.5671043396, -157.767959595, 39.5532073975, -14.3252639771, -25.244228363, 6.6119055748, -30.0514545441, 32.3182640076, 20.7989444733, 104.508735657, 25.9693527222, 30.99376297, -28.7200737], [-125.034515381, 118.392555237, -41.6783561707, 5.35645389557, 14.6521024704, 1.70768475533, 12.5237169266, -24.2424125671, 25.5320453644, 25.9693527222, 99.6072463989, 23.1043987274, 1.53124451637], [22.1031951904, -131.911071777, 41.355594635, -20.5781593323, -19.5690727234, 7.86425876617, -21.418510437, 12.5780172348, -24.4284172058, 30.99376297, 23.1043987274, 88.2030792236, 5.82116270065], [-86.4873504639, 106.830947876, -78.4532470703, 12.3797636032, 33.1677932739, -18.4306755066, 24.1149463654, 1.50690853596, 12.4654102325, -28.7200737, 1.53124451637, 5.82116270065, 84.4137649536]]}, "spectral_flux": {"min": 1.04799349754e-10, "max": 0.274785190821, "dvar2": 0.00129145069513, "median": 0.0808778852224, "dmean2": 0.039086651057, "dmean": 0.0254656393081, "var": 0.00162183633074, "dvar": 0.000600386003498, "mean": 0.0852149799466}, "silence_rate_30dB": {"min": 1, "max": 1, "dvar2": 0, "median": 1, "dmean2": 0, "dmean": 0, "var": 0, "dvar": 0, "mean": 1}, "spectral_energyband_middle_high": {"min": 1.67402281955e-21, "max": 0.0496320202947, "dvar2": 2.11101832974e-05, "median": 0.00286102481186, "dmean2": 0.00253901514225, "dmean": 0.00172856438439, "var": 2.76679948001e-05, "dvar": 9.37263212109e-06, "mean": 0.00463017448783}, "barkbands_spread": {"min": 1.04118454456, "max": 138.026016235, "dvar2": 132.724014282, "median": 25.5080776215, "dmean2": 11.6631221771, "dmean": 7.50059366226, "var": 226.996124268, "dvar": 60.3973350525, "mean": 27.1977386475}, "spectral_centroid": {"min": 177.438827515, "max": 10863.4746094, "dvar2": 245014.265625, "median": 1549.61962891, "dmean2": 523.395263672, "dmean": 343.599456787, "var": 606818, "dvar": 119310.835938, "mean": 1619.60876465}, "pitch_salience": {"min": 0.1536847651, "max": 0.901861667633, "dvar2": 0.0126293348148, "median": 0.59033280611, "dmean2": 0.125402346253, "dmean": 0.0752023681998, "var": 0.0098368646577, "dvar": 0.00462827412412, "mean": 0.580618083477}, "erbbands_skewness": {"min": -3.29517436028, "max": 3.3887784481, "dvar2": 0.241853252053, "median": -0.32743743062, "dmean2": 0.53540033102, "dmean": 0.351339042187, "var": 0.511901080608, "dvar": 0.112215161324, "mean": -0.277203828096}, "erbbands_crest": {"min": 2.39713573456, "max": 30.2095069885, "dvar2": 12.8224287033, "median": 6.62111568451, "dmean2": 3.70545053482, "dmean": 2.31666994095, "var": 15.0358610153, "dvar": 5.56848669052, "mean": 7.74326467514}, "melbands": {"min": [7.31057990138e-24, 1.76511477184e-23, 4.18268724761e-24, 1.35161266022e-23, 1.94546983179e-23, 5.96511570194e-24, 6.879834237e-24, 1.32890261693e-23, 1.47666746631e-23, 1.09591223303e-23, 1.35993482722e-23, 2.43537237267e-24, 4.13440580477e-24, 1.11177993348e-23, 1.76589337756e-23, 9.78314213535e-24, 8.63754176271e-24, 1.92172354083e-23, 1.00355831471e-23, 1.23640899134e-23, 1.22868967184e-23, 1.27995253559e-23, 9.51434724823e-24, 1.35552020382e-23, 7.05387115219e-24, 1.27014533793e-23, 1.35474775123e-23, 9.22571250934e-24, 7.83506196282e-24, 9.35659715529e-24, 7.5970247624e-24, 9.36633564317e-24, 1.02426465129e-23, 1.18188481884e-23, 8.66613797053e-24, 9.17814971878e-24, 1.42095605814e-23, 1.26451058337e-23, 8.28544868603e-24, 9.93749302665e-24], "max": [0.0132983624935, 0.0234033092856, 0.0185706224293, 0.0149998413399, 0.00652017863467, 0.00639268057421, 0.00451031513512, 0.00367066590115, 0.00320197921246, 0.00606718519703, 0.00406840350479, 0.00355377234519, 0.00291361170821, 0.00293203629553, 0.00226090848446, 0.00291409902275, 0.00314368493855, 0.00368787767366, 0.00245851790532, 0.00206650141627, 0.00110141909681, 0.00110037543345, 0.00175084394868, 0.00104322331026, 0.000640095386188, 0.00129145698156, 0.000417230592575, 0.000466273515485, 0.000223689217819, 9.58392774919e-05, 0.000135551614221, 0.000154710258357, 8.01157148089e-05, 6.24556923867e-05, 5.79512052354e-05, 5.60794578632e-05, 4.48691425845e-05, 1.33640360218e-05, 1.6187039364e-05, 9.23017796595e-06], "dvar2": [2.44648640546e-06, 7.80222853791e-06, 6.11779159954e-06, 2.50870334639e-06, 2.4558869427e-07, 1.7226685145e-07, 1.03582642907e-07, 1.45694185605e-08, 1.63347326776e-08, 3.88053535971e-08, 2.81295076121e-08, 9.59030810321e-09, 6.5282428352e-09, 6.16004358633e-09, 7.70715047338e-09, 9.58109414029e-09, 1.42317109209e-08, 2.11908304237e-08, 1.7556835985e-08, 1.03928510242e-08, 3.35371019844e-09, 3.07688319268e-09, 4.55976012503e-09, 2.48772247247e-09, 1.48446333004e-09, 1.60801028048e-09, 6.64587218591e-10, 7.66519514528e-10, 2.53113863202e-10, 9.36603503088e-11, 8.18200368569e-11, 1.74452272073e-10, 4.31440300153e-11, 3.46033098009e-11, 1.2430657198e-11, 1.16606082429e-11, 5.88013665537e-12, 1.00044408521e-12, 5.87587975238e-13, 4.29257378341e-13], "median": [0.000668085587677, 0.00137204793282, 0.00138485513162, 0.000781433773227, 0.000163982185768, 0.000100740806374, 7.10452222847e-05, 2.4731434678e-05, 1.62432661455e-05, 1.66430945683e-05, 1.6057616449e-05, 1.18915977509e-05, 1.03552683868e-05, 1.20374188555e-05, 1.03228376247e-05, 1.11364925033e-05, 1.1529900803e-05, 1.60172385222e-05, 1.71087540366e-05, 2.04004936677e-05, 1.62344949786e-05, 1.40815845953e-05, 1.45371477629e-05, 1.02089106804e-05, 7.43864893593e-06, 9.00409395399e-06, 7.58106853027e-06, 6.54036421111e-06, 5.16182899446e-06, 4.19640082328e-06, 3.02356374959e-06, 2.86368003799e-06, 1.86828242477e-06, 1.23713812172e-06, 8.11069867268e-07, 5.76344291403e-07, 3.50414552486e-07, 2.60658850948e-07, 1.71669711335e-07, 1.27165435515e-07], "dmean2": [0.00129962374922, 0.0022043469362, 0.00187517167069, 0.00111591455061, 0.000331907212967, 0.00023968028836, 0.000182766234502, 6.24819440418e-05, 4.90831698698e-05, 6.95274356985e-05, 6.08556510997e-05, 3.79723351216e-05, 3.06928013742e-05, 3.07672671624e-05, 2.66730585281e-05, 3.14315584546e-05, 3.51984999725e-05, 4.91672908538e-05, 5.16770160175e-05, 4.75099877804e-05, 3.00786687149e-05, 2.76053106063e-05, 2.96062135021e-05, 2.11910792132e-05, 1.65685796674e-05, 1.73198059201e-05, 1.45835147123e-05, 1.43710112752e-05, 9.36278411245e-06, 6.4591440605e-06, 5.44321756024e-06, 6.83202824803e-06, 3.73100192519e-06, 3.09985534841e-06, 1.75472928277e-06, 1.53900862188e-06, 9.60459487942e-07, 5.73043337226e-07, 4.03347712563e-07, 3.3384407061e-07], "dmean": [0.000748398771975, 0.0013271587668, 0.00114106968977, 0.000679998775013, 0.000200723792659, 0.000146793434396, 0.000111984430987, 4.01357392548e-05, 3.34365431627e-05, 4.83037692902e-05, 4.17588198616e-05, 2.57038427662e-05, 2.03255149245e-05, 2.01628063223e-05, 1.74221604539e-05, 2.01255188585e-05, 2.29917895922e-05, 3.15530924127e-05, 3.32816998707e-05, 3.01024210785e-05, 1.88241556316e-05, 1.74820870598e-05, 1.87175555766e-05, 1.34272204377e-05, 1.03963184301e-05, 1.09517159217e-05, 9.41985490499e-06, 9.11198821996e-06, 6.04263186688e-06, 4.23194433097e-06, 3.49454944626e-06, 4.2280857997e-06, 2.39214409703e-06, 1.94614699467e-06, 1.14185559141e-06, 9.77340278041e-07, 6.17495857114e-07, 3.87157371051e-07, 2.80948455611e-07, 2.29128517049e-07], "var": [1.06187292204e-06, 4.20374681198e-06, 5.07220011059e-06, 2.14533406506e-06, 1.81965688739e-07, 1.33714422645e-07, 9.97873215169e-08, 2.03351611106e-08, 2.71582525357e-08, 1.18307760033e-07, 6.58917400642e-08, 2.0412780799e-08, 9.1829992499e-09, 1.1252316412e-08, 6.15872508547e-09, 8.1083184611e-09, 1.23133760965e-08, 1.51022199191e-08, 1.45871235091e-08, 9.714075766e-09, 2.23642770969e-09, 2.3349817635e-09, 4.92118701345e-09, 1.626068169e-09, 7.86464171565e-10, 1.19644272267e-09, 6.9791900037e-10, 6.52109699573e-10, 2.45696851753e-10, 9.15773221144e-11, 6.42120800975e-11, 9.58891438474e-11, 3.30600477549e-11, 2.39742184438e-11, 7.83729071224e-12, 6.23245812598e-12, 2.83897037823e-12, 1.33077674314e-12, 7.08631775221e-13, 4.68708351211e-13], "dvar": [8.83012319264e-07, 3.00779242934e-06, 2.41099314735e-06, 9.72530301624e-07, 9.88647101963e-08, 6.93793325013e-08, 4.01719120191e-08, 7.13804304553e-09, 9.19541598421e-09, 2.11878390388e-08, 1.52080676941e-08, 5.35732791462e-09, 3.33473382241e-09, 3.18317705528e-09, 3.47908923892e-09, 4.48232206907e-09, 6.73391298278e-09, 9.25395049478e-09, 7.82247155939e-09, 4.47498083034e-09, 1.3760770301e-09, 1.30636146345e-09, 1.90777105225e-09, 1.05361541713e-09, 6.0195848306e-10, 6.9521682855e-10, 3.01184049922e-10, 3.11104447759e-10, 1.0468444861e-10, 4.16851969609e-11, 3.41900015244e-11, 6.69141755893e-11, 1.75135652508e-11, 1.35724105566e-11, 5.04611673627e-12, 4.5308201635e-12, 2.25168017912e-12, 4.52001256519e-13, 2.65497259594e-13, 1.90203267632e-13], "mean": [0.000980843091384, 0.00198018248193, 0.00215966650285, 0.00128262909129, 0.000317877624184, 0.00023414727184, 0.000181590265129, 6.56428019283e-05, 5.83202709095e-05, 9.99152907752e-05, 8.27416224638e-05, 4.50589868706e-05, 3.44433865394e-05, 3.78666663892e-05, 2.78694406006e-05, 3.1097446481e-05, 3.44096952176e-05, 4.75558408652e-05, 5.12007827638e-05, 5.03509254486e-05, 3.07856971631e-05, 2.84104935417e-05, 3.26601948473e-05, 2.22534199565e-05, 1.55530397024e-05, 1.81757950486e-05, 1.67192811205e-05, 1.56145379151e-05, 1.09716320367e-05, 7.66449829825e-06, 5.98226688453e-06, 6.52530297884e-06, 4.1348389459e-06, 3.15918236993e-06, 1.90621938145e-06, 1.54329495672e-06, 9.8134705695e-07, 7.26924781702e-07, 5.20754042554e-07, 4.20352449737e-07]}, "spectral_entropy": {"min": 5.80421829224, "max": 9.79699039459, "dvar2": 0.049126137048, "median": 7.72671699524, "dmean2": 0.224784210324, "dmean": 0.152991533279, "var": 0.104378409684, "dvar": 0.0248049180955, "mean": 7.69938707352}, "spectral_rolloff": {"min": 64.599609375, "max": 18755.4199219, "dvar2": 1548808.625, "median": 1227.39257812, "dmean2": 1049.15991211, "dmean": 638.089782715, "var": 2781803.25, "dvar": 735559.625, "mean": 1648.72912598}, "barkbands": {"min": [1.44703974397e-23, 3.58059894358e-23, 2.71028625662e-23, 5.99817173489e-24, 9.28194693229e-23, 3.28772234183e-23, 4.34039127107e-23, 7.02526768685e-23, 8.98448515541e-23, 5.57479986893e-23, 2.05950772203e-23, 1.01402036158e-22, 1.47656535615e-22, 1.03533134427e-22, 1.9086960394e-22, 1.85795537002e-22, 1.84780708468e-22, 2.65588337937e-22, 2.5434324564e-22, 3.29397643108e-22, 4.01236264873e-22, 4.71858576718e-22, 5.52054504509e-22, 1.08468682439e-21, 1.05208841597e-21, 2.04678794577e-21, 2.44341680858e-21], "max": [0.00277074868791, 0.0514239221811, 0.0499271564186, 0.0494792386889, 0.0595966540277, 0.0298413503915, 0.0191470552236, 0.0169035661966, 0.0336634963751, 0.0227224547416, 0.018121400848, 0.0222449712455, 0.0225344598293, 0.038523633033, 0.0252602156252, 0.0216272212565, 0.0214162766933, 0.018315853551, 0.0186578333378, 0.0100450795144, 0.00565221719444, 0.00452509522438, 0.00275027286261, 0.00272622378543, 0.00142931309529, 0.000255362741882, 4.52038511867e-05], "dvar2": [5.57202710638e-08, 5.0608679885e-05, 3.44709915225e-05, 3.94038688682e-05, 3.69920126104e-05, 4.72286592412e-06, 1.9020894797e-06, 4.19480926439e-07, 1.55177224315e-06, 8.6854561232e-07, 3.26347787905e-07, 4.76542055594e-07, 7.84667861353e-07, 2.09796871786e-06, 2.61220270659e-06, 1.4165234461e-06, 8.07986111795e-07, 1.22416895465e-06, 6.84095994075e-07, 4.74370011716e-07, 1.45839436527e-07, 1.82255945447e-07, 4.70925307638e-08, 2.2073082917e-08, 4.17173495748e-09, 5.61831747792e-10, 9.50875836403e-12], "median": [6.92558533046e-05, 0.00273239123635, 0.00270232977346, 0.00252671539783, 0.00294965133071, 0.000526172691025, 0.000266299117357, 7.88307661423e-05, 0.000111338944407, 0.000102536650957, 6.29903370282e-05, 9.93710273178e-05, 0.000107201100036, 0.000144867110066, 0.000222685659537, 0.000292284530587, 0.000243376765866, 0.000248874304816, 0.000219384673983, 0.000222911607125, 0.000172032610863, 0.000126419152366, 5.61578053748e-05, 2.55806771747e-05, 1.21668490465e-05, 1.98911357074e-06, 4.86413114231e-08], "dmean2": [0.00015968340449, 0.00569182401523, 0.00447889743373, 0.00445755571127, 0.00432723714039, 0.00126183591783, 0.000784158357419, 0.000253272737609, 0.000455910019809, 0.000369973509805, 0.000216062326217, 0.000266025512246, 0.00030399276875, 0.000429746112786, 0.000658991164528, 0.00059471122222, 0.000458520196844, 0.00049639318604, 0.000396996620111, 0.000398969568778, 0.0002517135581, 0.000241973844822, 0.000116857947432, 6.07739966654e-05, 3.00628853438e-05, 1.04375912997e-05, 8.70514270446e-07], "dmean": [0.000102203681308, 0.00326793571003, 0.00271478272043, 0.00265215686522, 0.00262983003631, 0.000766509503592, 0.000477981637232, 0.000164710916579, 0.000315286364639, 0.000247595424298, 0.000142097807839, 0.00017144488811, 0.000192323917872, 0.000280027888948, 0.00042363157263, 0.000375371688278, 0.000291129719699, 0.000312642689096, 0.000252600410022, 0.000260317785433, 0.000167596837855, 0.000154851630214, 7.58309251978e-05, 4.04315105698e-05, 2.15940453927e-05, 7.30436022423e-06, 5.50001914235e-07], "var": [3.90245560311e-08, 2.02912287932e-05, 2.27113432629e-05, 2.91400938295e-05, 3.20773579006e-05, 3.21094557876e-06, 1.77456479378e-06, 5.74505463646e-07, 4.41278962171e-06, 2.11022597796e-06, 4.50272011676e-07, 6.88790919412e-07, 6.1154503328e-07, 1.68529379607e-06, 2.29655051953e-06, 1.20824506666e-06, 6.68330642384e-07, 1.01360990357e-06, 5.15416729741e-07, 5.00478392951e-07, 1.64032002203e-07, 1.37516650511e-07, 3.80014668622e-08, 1.28945103484e-08, 4.56324622533e-09, 4.8226317384e-10, 3.83712289373e-12], "dvar": [2.39668302981e-08, 1.84893578989e-05, 1.36007938636e-05, 1.52632583195e-05, 1.43826628118e-05, 1.87096543414e-06, 7.46354203329e-07, 2.09740250057e-07, 8.60644433942e-07, 4.78951221794e-07, 1.67981184518e-07, 2.30191886885e-07, 3.58679415058e-07, 9.72801785792e-07, 1.14875024337e-06, 6.02180989517e-07, 3.4393414694e-07, 5.14450334776e-07, 2.83635387177e-07, 2.0140181789e-07, 6.58958114741e-08, 7.33492910854e-08, 1.93250784264e-08, 8.66454641368e-09, 1.86039328387e-09, 2.57797699854e-10, 3.79694236122e-12], "mean": [0.000139865805977, 0.00412167282775, 0.00422212155536, 0.00442100036889, 0.00494661414996, 0.00118659378495, 0.000732220010832, 0.00026613092632, 0.000656036369037, 0.000469244783744, 0.000229295445024, 0.00030826946022, 0.000293752877042, 0.000419379415689, 0.000663873623125, 0.000632026058156, 0.000481874740217, 0.00054332142463, 0.000431402440881, 0.000487262266688, 0.000319370330544, 0.00027017123648, 0.00013506776304, 6.99663287378e-05, 4.13288289565e-05, 1.13610894914e-05, 6.20946991603e-07]}, "melbands_flatness_db": {"min": 0.00545653188601, "max": 0.468146383762, "dvar2": 0.00203457754105, "median": 0.191619962454, "dmean2": 0.0495428778231, "dmean": 0.0325196050107, "var": 0.00378279993311, "dvar": 0.000931038986892, "mean": 0.194489702582}, "melbands_skewness": {"min": -2.47530508041, "max": 16.4651184082, "dvar2": 2.09326171875, "median": 3.35218191147, "dmean2": 1.5058311224, "dmean": 0.973053693771, "var": 3.65624642372, "dvar": 0.909416139126, "mean": 3.49376392365}, "barkbands_skewness": {"min": -3.97457695007, "max": 11.4341659546, "dvar2": 0.946650981903, "median": 1.60541653633, "dmean2": 1.01256012917, "dmean": 0.661967158318, "var": 1.83923280239, "dvar": 0.420660376549, "mean": 1.69640696049}, "silence_rate_60dB": {"min": 0, "max": 1, "dvar2": 0.0359320901334, "median": 0, "dmean2": 0.0295712165534, "dmean": 0.0147843938321, "var": 0.0554929114878, "dvar": 0.0145646603778, "mean": 0.05896846205}, "spectral_energyband_low": {"min": 7.13990621577e-23, "max": 0.0960730388761, "dvar2": 0.000128459694679, "median": 0.00824109651148, "dmean2": 0.00958854425699, "dmean": 0.00590633461252, "var": 0.00010103132081, "dvar": 5.12491933478e-05, "mean": 0.0110184699297}, "spectral_energyband_middle_low": {"min": 3.69847123423e-22, "max": 0.0779722705483, "dvar2": 0.000118057636428, "median": 0.00978384632617, "dmean2": 0.00829748529941, "dmean": 0.00516110751778, "var": 0.000108327505586, "dvar": 4.73553263873e-05, "mean": 0.0123722450808}, "melbands_kurtosis": {"min": -1.8274821043, "max": 369.232543945, "dvar2": 542.83807373, "median": 12.4455356598, "dmean2": 16.5764598846, "dmean": 10.485871315, "var": 542.629333496, "dvar": 230.765548706, "mean": 19.8554115295}, "spectral_decrease": {"min": -3.02321829793e-08, "max": -5.72242122805e-30, "dvar2": 1.53273788179e-17, "median": -6.01234173558e-09, "dmean2": 3.54997586882e-09, "dmean": 2.3077380007e-09, "var": 1.857260523e-17, "dvar": 6.74384843778e-18, "mean": -6.54189502569e-09}, "erbbands_kurtosis": {"min": -1.8618170023, "max": 19.6300239563, "dvar2": 2.72867441177, "median": -0.648981332779, "dmean2": 1.25489342213, "dmean": 0.787974715233, "var": 2.9975271225, "dvar": 1.17791569233, "mean": -0.0944257453084}, "melbands_crest": {"min": 1.79810869694, "max": 35.5638313293, "dvar2": 24.2004756927, "median": 14.2513389587, "dmean2": 5.87204217911, "dmean": 3.45251989365, "var": 18.1206512451, "dvar": 8.55186462402, "mean": 14.4502687454}, "melbands_spread": {"min": 0.758223831654, "max": 232.34513855, "dvar2": 366.549255371, "median": 20.5784225464, "dmean2": 16.0250968933, "dmean": 10.2029590607, "var": 581.48449707, "dvar": 162.800170898, "mean": 27.3540439606}, "spectral_energy": {"min": 1.09829043157e-20, "max": 0.117586582899, "dvar2": 0.00023355014855, "median": 0.02458903566, "dmean2": 0.013875096105, "dmean": 0.00908705312759, "var": 0.000295002711937, "dvar": 0.000103992308141, "mean": 0.0264998115599}, "mfcc": {"mean": [-641.766235352, 101.611000061, -1.64359641075, 50.3070793152, 13.9118471146, 17.484582901, -1.22643017769, 2.88625955582, 0.802129507065, -0.421156644821, -5.81805324554, -4.2337937355, -2.50739312172], "icov": [[0.000162811309565, 1.81689290457e-06, 0.000126407816424, -0.000165400357218, 0.000232461025007, -6.21575309196e-05, 0.000148363833432, -3.51549533661e-05, 0.000183498792467, 4.02106843467e-06, -1.225671258e-05, 0.000148589562741, 1.56568494276e-05], [1.81689290457e-06, 0.00102084281389, 0.000451147643616, -0.000232899343246, -0.000432993663708, -2.624749186e-06, 4.61064955743e-05, -0.000371330213966, 0.000110370878247, 0.000423070596298, -0.000226126736379, -0.000294707977446, 0.000354519550456], [0.000126407816424, 0.000451147643616, 0.00249270396307, -0.000135661670356, -0.000628534762654, 4.52619024145e-05, 0.000181533789146, 6.62532766e-05, 0.00107456964906, 0.000415286689531, -0.000794762920123, 0.000666745356284, 7.16707727406e-05], [-0.000165400357218, -0.000232899343246, -0.000135661670356, 0.00628126971424, -0.00250584562309, 0.000319300452247, -0.000114323782327, 0.000650629925076, -0.00123026652727, -5.55717597308e-05, 0.00168217765167, -0.000996073125862, 0.000266179617029], [0.000232461025007, -0.000432993663708, -0.000628534762654, -0.00250584562309, 0.00987771805376, -0.00441565923393, 0.000822363363113, 0.0019717446994, -0.00234772847034, 0.00204778951593, -0.000427389197284, -0.000366848340491, -3.56825694325e-06], [-6.21575309196e-05, -2.624749186e-06, 4.52619024145e-05, 0.000319300452247, -0.00441565923393, 0.0130454795435, -0.00493945088238, -0.00195678975433, 0.00370269059204, -0.00166013615672, -0.000482974166516, -1.20478816825e-05, 0.00010395233403], [0.000148363833432, 4.61064955743e-05, 0.000181533789146, -0.000114323782327, 0.000822363363113, -0.00493945088238, 0.0149655602872, -0.00594797963277, 0.000251756253419, 0.000810093944892, 4.43138451374e-05, 0.00165275181644, -0.000264993635938], [-3.51549533661e-05, -0.000371330213966, 6.62532766e-05, 0.000650629925076, 0.0019717446994, -0.00195678975433, -0.00594797963277, 0.0186156816781, -0.00757961208001, 0.00303783384152, -0.00224939058535, 0.000154387656949, 0.000901951047126], [0.000183498792467, 0.000110370878247, 0.00107456964906, -0.00123026652727, -0.00234772847034, 0.00370269059204, 0.000251756253419, -0.00757961208001, 0.0185972973704, -0.0107091581449, 0.00573942810297, -0.000609252427239, 0.00131549721118], [4.02106843467e-06, 0.000423070596298, 0.000415286689531, -5.55717597308e-05, 0.00204778951593, -0.00166013615672, 0.000810093944892, 0.00303783384152, -0.0107091581449, 0.0222355052829, -0.0122864898294, 0.0059421188198, -0.00195800350048], [-1.225671258e-05, -0.000226126736379, -0.000794762920123, 0.00168217765167, -0.000427389197284, -0.000482974166516, 4.43138451374e-05, -0.00224939058535, 0.00573942810297, -0.0122864898294, 0.0259163882583, -0.0157779511064, 0.00555615732446], [0.000148589562741, -0.000294707977446, 0.000666745356284, -0.000996073125862, -0.000366848340491, -1.20478816825e-05, 0.00165275181644, 0.000154387656949, -0.000609252427239, 0.0059421188198, -0.0157779511064, 0.0271429996938, -0.0124112013727], [1.56568494276e-05, 0.000354519550456, 7.16707727406e-05, 0.000266179617029, -3.56825694325e-06, 0.00010395233403, -0.000264993635938, 0.000901951047126, 0.00131549721118, -0.00195800350048, 0.00555615732446, -0.0124112013727, 0.0200100280344]], "cov": [[6954.18408203, 90.0088577271, -373.655487061, 100.481491089, -183.614517212, -46.1661605835, -68.486328125, -18.5394477844, -56.8728179932, -15.6380386353, -43.8568077087, -59.1514778137, -29.2007694244], [90.0088577271, 1141.90380859, -196.043258667, 66.0302658081, 65.3122329712, 26.6109218597, 14.2772665024, 30.327922821, 7.39955854416, -26.8779354095, 6.13803768158, 22.9635219574, -12.3601102829], [-373.655487061, -196.043258667, 493.565582275, -3.45440578461, 35.798160553, 13.4996738434, -7.62033748627, -25.7839946747, -47.8833885193, -19.593919754, 13.246424675, -0.0657471641898, 0.55312025547], [100.481491089, 66.0302658081, -3.45440578461, 196.547409058, 59.5533370972, 7.49801540375, -2.43639183044, -5.61303091049, 17.7528743744, -6.61816215515, -19.2848968506, -1.3454246521, -0.952628314495], [-183.614517212, 65.3122329712, 35.798160553, 59.5533370972, 151.551391602, 47.2569084167, 5.84772253036, -7.44538879395, 3.39123082161, -12.8193740845, -2.48932766914, 7.05852746964, 1.85259389877], [-46.1661605835, 26.6109218597, 13.4996738434, 7.49801540375, 47.2569084167, 114.682189941, 41.9009819031, 15.8374538422, -15.7908115387, -4.35432767868, 8.06209182739, 3.44335961342, -0.820570588112], [-68.486328125, 14.2772665024, -7.62033748627, -2.43639183044, 5.84772253036, 41.9009819031, 97.3278427124, 38.5585823059, 7.28555774689, -2.62604308128, -3.18087267876, -9.53646469116, -6.57308626175], [-18.5394477844, 30.327922821, -25.7839946747, -5.61303091049, -7.44538879395, 15.8374538422, 38.5585823059, 82.8984298706, 34.6004066467, 7.07933950424, 0.747696995735, -6.82262134552, -9.68672370911], [-56.8728179932, 7.39955854416, -47.8833885193, 17.7528743744, 3.39123082161, -15.7908115387, 7.28555774689, 34.6004066467, 103.354072571, 41.6617927551, -10.6315755844, -16.6896705627, -11.6494750977], [-15.6380386353, -26.8779354095, -19.593919754, -6.61816215515, -12.8193740845, -4.35432767868, -2.62604308128, 7.07933950424, 41.6617927551, 82.2973327637, 29.5035057068, -1.57382559776, -3.54129266739], [-43.8568077087, 6.13803768158, 13.246424675, -19.2848968506, -2.48932766914, 8.06209182739, -3.18087267876, 0.747696995735, -10.6315755844, 29.5035057068, 81.8749847412, 44.0829429626, 8.21068191528], [-59.1514778137, 22.9635219574, -0.0657471641898, -1.3454246521, 7.05852746964, 3.44335961342, -9.53646469116, -6.82262134552, -16.6896705627, -1.57382559776, 44.0829429626, 81.5639953613, 39.1149291992], [-29.2007694244, -12.3601102829, 0.55312025547, -0.952628314495, 1.85259389877, -0.820570588112, -6.57308626175, -9.68672370911, -11.6494750977, -3.54129266739, 8.21068191528, 39.1149291992, 72.982131958]]}, "spectral_contrast_valleys": {"min": [-26.9430503845, -26.8986873627, -26.8905849457, -27.2881526947, -27.3535900116, -27.2969417572], "max": [-5.27552604675, -5.23126602173, -5.58950519562, -5.27543067932, -5.34811973572, -8.22902297974], "dvar2": [0.331451684237, 0.323173373938, 0.295493304729, 0.226255565882, 0.202198475599, 0.242231816053], "median": [-6.81146240234, -7.11429405212, -7.63912200928, -7.51052284241, -7.08631372452, -10.0909557343], "dmean2": [0.706902265549, 0.696431994438, 0.621037423611, 0.510818004608, 0.438955873251, 0.405625790358], "dmean": [0.438794344664, 0.447620272636, 0.40066742897, 0.341549396515, 0.314402908087, 0.321233510971], "var": [1.04213571548, 0.943085968494, 0.892330348492, 0.885182440281, 0.859610080719, 0.979991793633], "dvar": [0.141884863377, 0.147807881236, 0.138233423233, 0.119754455984, 0.115797333419, 0.140003070235], "mean": [-7.01039838791, -7.25319385529, -7.75060319901, -7.64294338226, -7.19513559341, -10.148068428]}, "barkbands_flatness_db": {"min": 0.031701464206, "max": 0.351828098297, "dvar2": 0.00118757551536, "median": 0.130920186639, "dmean2": 0.0374742299318, "dmean": 0.0245268940926, "var": 0.00200281012803, "dvar": 0.000546973431483, "mean": 0.134897768497}, "dynamic_complexity": 2.98451495171, "spectral_skewness": {"min": -0.000637046643533, "max": 3.39111113548, "dvar2": 0.0811427235603, "median": 1.03941214085, "dmean2": 0.29515054822, "dmean": 0.183159634471, "var": 0.0983884781599, "dvar": 0.0318882353604, "mean": 1.07164537907}, "erbbands_flatness_db": {"min": 0.0440285615623, "max": 0.328589230776, "dvar2": 0.000478202622617, "median": 0.145746469498, "dmean2": 0.0232473611832, "dmean": 0.016078658402, "var": 0.00115725607611, "dvar": 0.000241554167587, "mean": 0.148479789495}, "hfc": {"min": 1.208484