{"lowlevel": {"spectral_complexity": {"min": 0, "max": 37, "dvar2": 7.62385511398, "median": 10, "dmean2": 2.8530921936, "dmean": 1.75077629089, "var": 30.4010829926, "dvar": 3.32121896744, "mean": 10.8033208847}, "silence_rate_20dB": {"min": 1, "max": 1, "dvar2": 0, "median": 1, "dmean2": 0, "dmean": 0, "var": 0, "dvar": 0, "mean": 1}, "average_loudness": 0.535827875137, "erbbands_spread": {"min": 1.61700713634, "max": 151.450180054, "dvar2": 213.137237549, "median": 32.5229225159, "dmean2": 11.2662258148, "dmean": 7.44217634201, "var": 318.815368652, "dvar": 100.629821777, "mean": 34.2074165344}, "spectral_kurtosis": {"min": -1.25036132336, "max": 88.0736312866, "dvar2": 22.0385284424, "median": 4.81669521332, "dmean2": 4.45875692368, "dmean": 2.6515250206, "var": 36.0064544678, "dvar": 8.69505500793, "mean": 6.23914432526}, "barkbands_kurtosis": {"min": -1.95703113079, "max": 555.698486328, "dvar2": 313.61618042, "median": 3.67856836319, "dmean2": 6.29683065414, "dmean": 4.08267450333, "var": 329.473602295, "dvar": 129.054077148, "mean": 8.92741584778}, "spectral_strongpeak": {"min": 0, "max": 14.0032653809, "dvar2": 1.00562214851, "median": 0.657856404781, "dmean2": 0.543781459332, "dmean": 0.331360757351, "var": 1.57526063919, "dvar": 0.402271151543, "mean": 1.04492592812}, "spectral_spread": {"min": 898326.75, "max": 42889652, "dvar2": 1711057797120.0, "median": 3216471.5, "dmean2": 782377.8125, "dmean": 540396.0625, "var": 20460431474700.0, "dvar": 837594316800, "mean": 4165060.5}, "spectral_rms": {"min": 3.13886612015e-12, "max": 0.0134045509622, "dvar2": 4.79240156892e-07, "median": 0.00348611897789, "dmean2": 0.000588976545259, "dmean": 0.000418628012994, "var": 3.9040851334e-06, "dvar": 2.76003845556e-07, "mean": 0.00379024189897}, "erbbands": {"min": [6.33386896875e-23, 5.29114479873e-22, 3.4320450629e-21, 7.04821939925e-21, 1.01615890922e-20, 1.88819080555e-20, 1.08616690415e-20, 8.02948808873e-20, 9.86810379528e-20, 1.67193390174e-19, 1.18375129125e-19, 4.01913669653e-19, 5.28896957221e-19, 9.34711817438e-19, 6.0880617161e-19, 1.09010400276e-18, 1.09666974887e-18, 1.65075327007e-18, 2.31566586186e-18, 2.91326807887e-18, 3.30858017515e-18, 3.98802591671e-18, 5.41095110541e-18, 5.30530028885e-18, 7.48917001614e-18, 7.8061489356e-18, 9.76753809739e-18, 1.11311163859e-17, 9.86693708287e-18, 1.10658617617e-17, 1.01595786943e-17, 9.69585958859e-18, 9.22717657197e-18, 6.51490676451e-18, 6.03007263285e-18, 3.69723388109e-18, 2.34216914227e-18, 9.36344361775e-19, 2.63899204834e-19, 2.83252523444e-20], "max": [1.13608384132, 10.5844907761, 45.9109039307, 63.5166282654, 279.505462646, 325.822265625, 407.625793457, 681.91784668, 1230.65136719, 1509.87634277, 2733.42773438, 2003.52001953, 1957.7980957, 1919.55908203, 1751.35229492, 1618.68127441, 1821.84912109, 1133.89294434, 1853.2791748, 684.56854248, 365.268615723, 547.595153809, 382.594787598, 291.326416016, 189.695114136, 791.962890625, 382.720336914, 635.231140137, 408.609863281, 672.811401367, 1066.17858887, 94.1571960449, 8.91993045807, 5.18028259277, 1.64012491703, 0.836371421814, 0.223247587681, 0.0325069874525, 0.00333410431631, 0.000336736120516], "dvar2": [0.0126660047099, 0.938477873802, 10.9911832809, 7.7970252037, 55.949836731, 232.042266846, 319.449462891, 691.703918457, 582.312866211, 1739.92138672, 3577.23095703, 3048.96972656, 2260.54296875, 5586.45898438, 2406.64794922, 1947.78613281, 2412.72290039, 1043.9498291, 826.181274414, 478.583465576, 250.470474243, 491.775024414, 483.984649658, 248.737472534, 94.6806488037, 659.593139648, 389.315582275, 444.495300293, 181.354949951, 176.434661865, 440.726715088, 5.99078464508, 1.11943304539, 0.216928303242, 0.0408500321209, 0.00832458492368, 0.000612964446191, 1.18309790196e-05, 4.04676931964e-08, 1.56058999057e-10], "median": [0.0115354880691, 0.133821293712, 0.433127701283, 0.540489792824, 0.882218241692, 3.39364767075, 4.00659179688, 5.81901979446, 4.39383268356, 4.05950546265, 5.62781620026, 4.26191616058, 3.22369146347, 4.71491479874, 4.63223838806, 3.59610795975, 1.59815967083, 1.77272045612, 2.41582107544, 2.91925096512, 2.9821472168, 2.76549863815, 3.787068367, 3.54281115532, 2.29422950745, 2.04175233841, 1.22293102741, 0.562266349792, 0.246021553874, 0.190542906523, 0.14404591918, 0.0664164423943, 0.0231335908175, 0.0109129864722, 0.00349846575409, 0.00116561865434, 0.000445027719252, 0.00011731525592, 1.80772440217e-05, 1.59430928761e-05], "dmean2": [0.0402740053833, 0.368085980415, 1.10725617409, 1.12961018085, 3.02137804031, 6.08692073822, 7.54341936111, 10.5939006805, 8.42199325562, 11.3838329315, 16.1894264221, 12.7632637024, 11.6243028641, 19.5405006409, 14.8756036758, 11.9357805252, 8.46654891968, 7.19485807419, 7.89357995987, 5.91731643677, 5.69965600967, 6.69708156586, 8.58599948883, 7.66196584702, 4.13799953461, 5.75648736954, 4.27742385864, 2.88753652573, 1.7647742033, 1.99134528637, 2.01577377319, 0.710409104824, 0.353761196136, 0.153051629663, 0.0630842670798, 0.0269362702966, 0.00721010426059, 0.00099976407364, 5.38640706509e-05, 7.36711626814e-06], "dmean": [0.0240044016391, 0.232080593705, 0.714696407318, 0.766495108604, 2.27037453651, 4.46306705475, 5.46290302277, 7.79679965973, 6.20258951187, 8.39435863495, 12.1172046661, 9.22240924835, 9.03692054749, 14.0507192612, 10.1199407578, 8.14019393921, 5.81685304642, 4.71564817429, 5.53061103821, 3.98037648201, 3.57615470886, 4.12679672241, 5.52786493301, 4.776679039, 2.58455562592, 3.71760010719, 2.77173280716, 1.93366682529, 1.17759537697, 1.35030114651, 1.31397461891, 0.461652994156, 0.220599040389, 0.0947866588831, 0.0392595082521, 0.0166421271861, 0.00451304903254, 0.000622836407274, 3.23701133311e-05, 5.09953360961e-06], "var": [0.00782911386341, 1.01708710194, 9.69905090332, 31.7609195709, 433.55065918, 996.514099121, 1887.90771484, 2507.42700195, 1825.63232422, 3608.32128906, 10122.1591797, 7008.82373047, 19627.3945313, 14942.1416016, 7967.91113281, 7720.79199219, 6743.76367188, 1932.34667969, 4136.33105469, 828.717529297, 217.841644287, 432.545806885, 906.37487793, 390.32522583, 117.519432068, 531.618835449, 435.037689209, 399.559936523, 191.050552368, 387.166107178, 510.688995361, 8.02019500732, 0.463910400867, 0.0794893503189, 0.0158292856067, 0.00311216060072, 0.000241729256231, 4.99200950799e-06, 1.38577886943e-08, 4.98807051219e-10], "dvar": [0.00456211483106, 0.386774510145, 5.13174104691, 3.99896001816, 36.3803596497, 118.153373718, 159.994796753, 386.79788208, 405.563659668, 1123.03222656, 2322.28735352, 1646.2902832, 1516.87573242, 3103.4621582, 1257.84069824, 1057.94836426, 1367.3125, 472.222808838, 547.155517578, 237.384124756, 98.0487976074, 193.194152832, 228.980957031, 104.82913208, 38.6352310181, 272.920288086, 172.437942505, 202.63331604, 83.1560974121, 101.472595215, 201.363540649, 3.01137328148, 0.456165343523, 0.0859895199537, 0.0165952332318, 0.00337788718753, 0.000254249578575, 4.98445751873e-06, 1.58622643909e-08, 7.37571462239e-11], "mean": [0.0423521026969, 0.555910170078, 1.49008607864, 2.28398299217, 8.16523075104, 14.1068315506, 21.8574028015, 22.0952606201, 15.2076568604, 19.3148231506, 30.4668636322, 23.9339332581, 30.0176963806, 38.3425979614, 23.7817878723, 19.8955821991, 14.4541435242, 10.8409805298, 13.0188264847, 8.40935230255, 6.92178583145, 7.88212585449, 12.233587265, 10.1934299469, 5.9250497818, 8.08807754517, 5.65369176865, 3.23195433617, 1.82449197769, 2.23122191429, 2.10519599915, 0.573022067547, 0.221562176943, 0.0933233648539, 0.0382597520947, 0.0154300071299, 0.0043162307702, 0.000649840745609, 4.14625719714e-05, 2.29595734709e-05]}, "zerocrossingrate": {"min": 0.0029296875, "max": 0.78271484375, "dvar2": 0.00014845955593, "median": 0.0380859375, "dmean2": 0.00907051935792, "dmean": 0.00771671580151, "var": 0.0045043756254, "dvar": 0.000141964730574, "mean": 0.0509178228676}, "spectral_contrast_coeffs": {"min": [-0.978520750999, -0.988909721375, -0.994640648365, -0.984213113785, -0.984000742435, -0.96478164196], "max": [-0.245124042034, -0.322571963072, -0.408022373915, -0.494464695454, -0.570714354515, -0.49315521121], "dvar2": [0.00295425648801, 0.00318621331826, 0.00216886168346, 0.00133983185515, 0.000888079754077, 0.00090703368187], "median": [-0.619499325752, -0.675825238228, -0.735008478165, -0.760350346565, -0.755075573921, -0.752347528934], "dmean2": [0.0644747614861, 0.066293515265, 0.0571438968182, 0.0461287908256, 0.035826113075, 0.0312625691295], "dmean": [0.0407112762332, 0.0419028401375, 0.0357455536723, 0.0281618591398, 0.0223248507828, 0.0202904138714], "var": [0.0130404038355, 0.011552802287, 0.0080807833001, 0.00412066886202, 0.00390661554411, 0.0039997450076], "dvar": [0.00126097199973, 0.00138482090551, 0.000906007946469, 0.000525592593476, 0.000376277428586, 0.000444916688139], "mean": [-0.612187385559, -0.66450381279, -0.725380957127, -0.757192730904, -0.757278740406, -0.750275909901]}, "dissonance": {"min": 0.157615065575, "max": 0.499987572432, "dvar2": 0.00142454949673, "median": 0.445276379585, "dmean2": 0.0383064933121, "dmean": 0.023105924949, "var": 0.00206626369618, "dvar": 0.000535967817996, "mean": 0.43579903245}, "spectral_energyband_high": {"min": 7.12544607984e-21, "max": 0.0487821288407, "dvar2": 1.72237480456e-06, "median": 7.8427088738e-05, "dmean2": 0.000267116673058, "dmean": 0.000181870826054, "var": 2.92857544082e-06, "dvar": 8.80247910118e-07, "mean": 0.000359201192623}, "gfcc": {"mean": [-85.5793762207, 118.274299622, -121.275611877, 30.893081665, -57.0881919861, -6.41983795166, -28.1607265472, 4.29233121872, -19.5939178467, -3.54816842079, -8.35707569122, 0.594238698483, -5.18149423599], "icov": [[0.000376452866476, -0.00102408532985, 0.000661479367409, -0.000889482209459, 0.00118502066471, -0.00106749939732, 0.000892538868356, -0.000704886682797, 0.000811495876405, -0.000478867033962, 0.000492057879455, -0.000317013444146, 0.000171660751221], [-0.00102408532985, 0.00387432076968, -0.00166172836907, 0.00267185899429, -0.00390706490725, 0.00336267868988, -0.00258028600365, 0.00205063796602, -0.00238999514841, 0.00199532345869, -0.0019950917922, 0.00166658894159, -0.000396825984353], [0.000661479367409, -0.00166172836907, 0.00221696519293, -0.00153753289487, 0.00126906298101, -0.00260244705714, 0.00234159687534, -0.00085965153994, 0.000563368608709, -0.000655195908621, 0.000588533235714, -0.000616894336417, 0.000987243722193], [-0.000889482209459, 0.00267185899429, -0.00153753289487, 0.00415325351059, -0.0029908218421, 0.00251667154953, -0.00184869742952, 0.00161614571698, -0.002759616822, 0.00167558318935, -0.00088953791419, 9.24907872104e-05, -0.000188725971384], [0.00118502066471, -0.00390706490725, 0.00126906298101, -0.0029908218421, 0.00757288141176, -0.00300618773326, 0.000831589102745, -0.00245824828744, 0.00240953988396, -0.00211758539081, 0.00263355439529, -0.00209110719152, 0.000186204517377], [-0.00106749939732, 0.00336267868988, -0.00260244705714, 0.00251667154953, -0.00300618773326, 0.00758830690756, -0.00433592265472, 0.00121546548326, -0.0015142976772, 0.000715770758688, -0.000444180099294, 0.000119636948511, 0.000847986491863], [0.000892538868356, -0.00258028600365, 0.00234159687534, -0.00184869742952, 0.000831589102745, -0.00433592265472, 0.00730296969414, -0.00284410151653, 0.00180637836456, -0.00124597281683, -0.00047927221749, 0.00131594319828, -0.000540646957234], [-0.000704886682797, 0.00205063796602, -0.00085965153994, 0.00161614571698, -0.00245824828744, 0.00121546548326, -0.00284410151653, 0.00970173347741, -0.00366074591875, -0.000862826476805, 0.00015923603496, -0.000763881194871, 0.000732213666197], [0.000811495876405, -0.00238999514841, 0.000563368608709, -0.002759616822, 0.00240953988396, -0.0015142976772, 0.00180637836456, -0.00366074591875, 0.00991479028016, -0.00323553127237, 0.00130252796225, -0.000350405462086, -0.000687013729475], [-0.000478867033962, 0.00199532345869, -0.000655195908621, 0.00167558318935, -0.00211758539081, 0.000715770758688, -0.00124597281683, -0.000862826476805, -0.00323553127237, 0.00991165265441, -0.00285951443948, 0.00186205108184, 0.000808102369774], [0.000492057879455, -0.0019950917922, 0.000588533235714, -0.00088953791419, 0.00263355439529, -0.000444180099294, -0.00047927221749, 0.00015923603496, 0.00130252796225, -0.00285951443948, 0.0115747163072, -0.00464829895645, 0.000368408800568], [-0.000317013444146, 0.00166658894159, -0.000616894336417, 9.24907872104e-05, -0.00209110719152, 0.000119636948511, 0.00131594319828, -0.000763881194871, -0.000350405462086, 0.00186205108184, -0.00464829895645, 0.0112188495696, -0.00494053028524], [0.000171660751221, -0.000396825984353, 0.000987243722193, -0.000188725971384, 0.000186204517377, 0.000847986491863, -0.000540646957234, 0.000732213666197, -0.000687013729475, 0.000808102369774, 0.000368408800568, -0.00494053028524, 0.0120421117172]], "cov": [[21553.3652344, 1796.22241211, -3118.32006836, 734.206359863, -1464.72961426, -88.9102096558, -587.753234863, 23.7566509247, -554.940185547, -225.925964355, -107.672943115, -71.0320510864, -22.1680393219], [1796.22241211, 1387.05322266, -221.964584351, -197.813858032, 231.226974487, -176.558944702, 158.862594604, -43.6552467346, -14.5138053894, -67.1438369751, 48.6106643677, -106.166885376, 12.477435112], [-3118.32006836, -221.964584351, 1574.87219238, 119.594688416, 249.183013916, 236.250274658, -97.2356033325, 20.3254432678, 160.149490356, 52.4712944031, -16.7633647919, 34.2532348633, -96.0098495483], [734.206359863, -197.813858032, 119.594688416, 572.826965332, 5.74955511093, 12.848772049, -70.2480697632, 16.759967804, 63.8198165894, -17.5968036652, -17.5411891937, 63.6967735291, 8.51278686523], [-1464.72961426, 231.226974487, 249.183013916, 5.74955511093, 450.573577881, 52.1743888855, 172.269561768, 49.8353233337, 60.6425666809, 35.3357658386, -1.75013709068, 1.60592925549, 4.0246553421], [-88.9102096558, -176.558944702, 236.250274658, 12.848772049, 52.1743888855, 345.02835083, 100.461730957, 64.0850372314, 16.7978878021, 53.4907608032, -22.2037906647, -5.39008569717, -52.370552063], [-587.753234863, 158.862594604, -97.2356033325, -70.2480697632, 172.269561768, 100.461730957, 359.590881348, 69.5111618042, 16.7755908966, 46.6856689453, 19.7625484467, -50.850818634, -0.979291260242], [23.7566509247, -43.6552467346, 20.3254432678, 16.759967804, 49.8353233337, 64.0850372314, 69.5111618042, 164.839355469, 54.5806617737, 53.7353897095, -7.72503566742, 3.07239747047, -14.3616819382], [-554.940185547, -14.5138053894, 160.149490356, 63.8198165894, 60.6425666809, 16.7978878021, 16.7755908966, 54.5806617737, 172.87171936, 50.086566925, -0.880887985229, 3.77381587029, -1.3064250946], [-225.925964355, -67.1438369751, 52.4712944031, -17.5968036652, 35.3357658386, 53.4907608032, 46.6856689453, 53.7353897095, 50.086566925, 149.813308716, 14.5834655762, -16.8332118988, -23.6022701263], [-107.672943115, 48.6106643677, -16.7633647919, -17.5411891937, -1.75013709068, -22.2037906647, 19.7625484467, -7.72503566742, -0.880887985229, 14.5834655762, 119.082420349, 41.5255889893, 19.5484714508], [-71.0320510864, -106.166885376, 34.2532348633, 63.6967735291, 1.60592925549, -5.39008569717, -50.850818634, 3.07239747047, 3.77381587029, -16.8332118988, 41.5255889893, 156.367019653, 57.8163948059], [-22.1680393219, 12.477435112, -96.0098495483, 8.51278686523, 4.0246553421, -52.370552063, -0.979291260242, -14.3616819382, -1.3064250946, -23.6022701263, 19.5484714508, 57.8163948059, 120.860221863]]}, "spectral_flux": {"min": 6.36256325404e-11, "max": 0.364494681358, "dvar2": 0.00079779519001, "median": 0.0393757931888, "dmean2": 0.0222396012396, "dmean": 0.0138354487717, "var": 0.000964205130003, "dvar": 0.000320894352626, "mean": 0.0462002716959}, "silence_rate_30dB": {"min": 0, "max": 1, "dvar2": 0.00537697318941, "median": 1, "dmean2": 0.00486092362553, "dmean": 0.00243013375439, "var": 0.00416690763086, "dvar": 0.00242410739884, "mean": 0.995815336704}, "spectral_energyband_middle_high": {"min": 1.17355421418e-21, "max": 0.137593284249, "dvar2": 8.70758503879e-06, "median": 0.00106611324009, "dmean2": 0.00119497091509, "dmean": 0.000880394363776, "var": 7.31407708372e-05, "dvar": 5.9974117903e-06, "mean": 0.00357140763663}, "barkbands_spread": {"min": 0.382436364889, "max": 127.501960754, "dvar2": 96.378326416, "median": 12.5695343018, "dmean2": 6.32485675812, "dmean": 4.12847471237, "var": 130.868637085, "dvar": 43.2978172302, "mean": 15.2961912155}, "spectral_centroid": {"min": 126.260055542, "max": 11702.5742188, "dvar2": 160470.890625, "median": 952.780151367, "dmean2": 286.425567627, "dmean": 191.494400024, "var": 1802489.625, "dvar": 84480.9609375, "mean": 1232.79077148}, "pitch_salience": {"min": 0.0584320574999, "max": 0.990130066872, "dvar2": 0.00727131497115, "median": 0.495629668236, "dmean2": 0.0878983736038, "dmean": 0.0560197271407, "var": 0.0187703613192, "dvar": 0.00301827513613, "mean": 0.494004786015}, "erbbands_skewness": {"min": -5.26286363602, "max": 6.3857998848, "dvar2": 0.368460446596, "median": 0.596915543079, "dmean2": 0.546246469021, "dmean": 0.363065540791, "var": 1.18137681484, "dvar": 0.17474129796, "mean": 0.682778418064}, "erbbands_crest": {"min": 2.56143569946, "max": 33.0103530884, "dvar2": 11.5552978516, "median": 9.95988082886, "dmean2": 3.64662742615, "dmean": 2.33219051361, "var": 29.502412796, "dvar": 4.98384094238, "mean": 11.3051052094}, "melbands": {"min": [7.84401326612e-25, 1.11187292046e-24, 1.26199522148e-24, 1.19417438427e-24, 5.23632359643e-25, 1.54438721099e-24, 2.01188343976e-24, 1.52741644634e-24, 7.96442548773e-25, 2.55784085884e-24, 1.83524841118e-24, 3.4140203927e-24, 1.96504383744e-24, 3.04202948297e-24, 2.26355965081e-24, 2.04570663993e-24, 2.27302933433e-24, 2.50051335078e-24, 3.58491054174e-24, 3.48375056913e-24, 3.01809445703e-24, 3.56455516937e-24, 3.58037577483e-24, 3.59945043151e-24, 3.31654518938e-24, 3.76451129289e-24, 5.63541799192e-24, 4.40501625526e-24, 5.0858308266e-24, 4.58752119784e-24, 6.11815826743e-24, 4.83592718601e-24, 4.8835941062e-24, 5.60214620552e-24, 4.85187322034e-24, 5.52051330133e-24, 5.93413279546e-24, 5.77540885373e-24, 6.0815768151e-24, 5.21476856384e-24], "max": [0.0100290467963, 0.0170242171735, 0.0177691802382, 0.0167902112007, 0.0168823022395, 0.013084070757, 0.0181421022862, 0.0163135565817, 0.0201623868197, 0.011314987205, 0.00983775500208, 0.00818293169141, 0.00501887639984, 0.00884162727743, 0.00352298514917, 0.00499166874215, 0.00225153937936, 0.00279797194526, 0.00144119770266, 0.00103085744195, 0.000498904497363, 0.000585932226386, 0.000473360734759, 0.000598609447479, 0.000259256456047, 8.19166962174e-05, 0.000309232069412, 0.000654230301734, 0.000265290931566, 0.00031755893724, 0.000478528963868, 0.00026336935116, 0.000198757610633, 0.000459789880551, 0.000829409342259, 0.000157849484822, 2.74821341009e-05, 8.09774974186e-06, 7.24476149117e-06, 4.435356459e-06], "dvar2": [1.03123340978e-06, 2.04050593311e-06, 3.04487969061e-07, 5.53523761937e-07, 3.13656613571e-07, 2.95091723501e-07, 1.45238743698e-07, 2.45170838298e-07, 2.13504833368e-07, 1.00612851384e-07, 5.96040479195e-08, 9.77081455744e-08, 3.28288685125e-08, 2.54493244256e-08, 9.21678733334e-09, 1.56617794289e-08, 3.57936857931e-09, 2.14289586076e-09, 1.883412315e-09, 5.95676563631e-10, 6.15414663674e-10, 1.00560559879e-09, 2.45678033473e-10, 7.0879480063e-10, 2.23730978188e-10, 4.16546797055e-11, 1.51037918283e-10, 4.10277006813e-10, 2.15569978534e-10, 1.59520452403e-10, 1.88886975505e-10, 7.81379197456e-11, 4.18767451271e-11, 9.11161701644e-11, 2.76751205286e-10, 1.11358118907e-11, 1.30426268743e-12, 6.94839530965e-13, 3.09410645976e-13, 1.24448750458e-13], "median": [0.000137318507768, 0.000230366786127, 0.000105207327579, 0.000129932333948, 0.000150392821524, 0.000134697751491, 6.21982035227e-05, 4.03215635743e-05, 4.09830936405e-05, 2.23370625463e-05, 1.38175109896e-05, 1.6834201233e-05, 1.4201196791e-05, 1.17879699246e-05, 4.36959908257e-06, 2.70330383501e-06, 2.93911671179e-06, 3.12855854645e-06, 3.92019819628e-06, 2.88371734314e-06, 3.1003969525e-06, 2.69238398687e-06, 2.19353069042e-06, 2.90675848191e-06, 2.3502948352e-06, 1.31139950099e-06, 1.36749827107e-06, 1.16336127576e-06, 7.27147778434e-07, 4.72553892905e-07, 1.95323110574e-07, 1.24412594005e-07, 9.42550002492e-08, 8.16753242816e-08, 7.6273423133e-08, 6.26743457133e-08, 2.47256579655e-08, 1.39196849602e-08, 1.18509868585e-08, 7.40243155661e-09], "dmean2": [0.000385231658584, 0.000531677971594, 0.00023763430363, 0.000330641662003, 0.000258561398368, 0.000235524479649, 0.000129479449242, 0.00013431388652, 0.000131565335323, 7.78488174547e-05, 5.92605829297e-05, 8.09977937024e-05, 5.02359434904e-05, 4.24232857767e-05, 2.04009411391e-05, 2.12522481888e-05, 1.36850521812e-05, 1.28640176627e-05, 1.18419029604e-05, 7.91941147327e-06, 7.58338592277e-06, 8.90836145118e-06, 5.94023595113e-06, 9.21333776205e-06, 6.94439222571e-06, 2.93081939162e-06, 3.57320755029e-06, 4.3443933464e-06, 3.22739492731e-06, 2.40722897615e-06, 1.53011308157e-06, 1.11324709451e-06, 9.49080572354e-07, 1.29620048028e-06, 1.41171915402e-06, 6.68824725381e-07, 3.7061539615e-07, 2.73092211955e-07, 1.77592468731e-07, 1.15889505992e-07], "dmean": [0.000236938954913, 0.00034123644582, 0.000163169621374, 0.000245651404839, 0.000184593780432, 0.000173900756636, 9.43003396969e-05, 0.000100597906567, 9.71916670096e-05, 5.67922761547e-05, 4.56776469946e-05, 5.88071343373e-05, 3.3834916394e-05, 2.93692555715e-05, 1.42288545248e-05, 1.41825521496e-05, 9.03959698917e-06, 8.83557822817e-06, 7.97616485215e-06, 5.17983698956e-06, 4.64063396066e-06, 5.37424512004e-06, 3.77735000257e-06, 5.94843550061e-06, 4.26166070611e-06, 1.78383822913e-06, 2.25893541028e-06, 2.79904998024e-06, 2.05079618354e-06, 1.59357750817e-06, 1.01013449694e-06, 7.23177663531e-07, 6.27074143722e-07, 8.68930897013e-07, 9.02032923022e-07, 4.30497266279e-07, 2.37764552935e-07, 1.69427934793e-07, 1.08797109988e-07, 7.13086976134e-08], "var": [9.02422470972e-07, 2.07293419408e-06, 2.39913720179e-06, 2.62196726908e-06, 1.83342899618e-06, 1.08070787519e-06, 4.12141389461e-07, 5.07408458361e-07, 6.54678615319e-07, 2.65784763087e-07, 5.04036620441e-07, 2.72638828847e-07, 8.17992855673e-08, 8.14946545802e-08, 2.67034696577e-08, 2.91207982173e-08, 5.53811441151e-09, 1.01479962211e-08, 3.63707552964e-09, 1.13479603492e-09, 3.91822768675e-10, 6.8743910564e-10, 4.54187826238e-10, 1.27387156379e-09, 2.7681071324e-10, 4.66917719766e-11, 1.42816508619e-10, 2.98420704814e-10, 2.02096103741e-10, 1.79222192642e-10, 1.25465263179e-10, 7.09315037262e-11, 4.7308060247e-11, 1.73278336124e-10, 2.85849927062e-10, 1.57316954602e-11, 8.53918389991e-13, 2.69648479977e-13, 1.04770799512e-13, 4.59492199064e-14], "dvar": [3.99333828227e-07, 9.37783227073e-07, 1.75113513023e-07, 3.0434696896e-07, 1.5572672396e-07, 1.65160173538e-07, 9.592621808e-08, 1.57606720563e-07, 1.40413334293e-07, 5.68591822514e-08, 4.00586692706e-08, 5.47903269421e-08, 1.69830194352e-08, 1.65508087235e-08, 4.92492802096e-09, 7.24806747954e-09, 1.73732173092e-09, 1.35323607875e-09, 1.08908992935e-09, 3.11409842357e-10, 2.24499377421e-10, 3.63361452038e-10, 1.22185372931e-10, 3.44253542339e-10, 8.97914867459e-11, 1.59738455102e-11, 6.23931739607e-11, 1.66672634028e-10, 8.989710365e-11, 7.50409387407e-11, 7.89553214475e-11, 3.48771636571e-11, 1.90113497861e-11, 4.95052956961e-11, 1.22516496948e-10, 5.4578667974e-12, 5.6858510955e-13, 2.80720298352e-13, 1.20868972383e-13, 4.91269724282e-14], "mean": [0.000503384217154, 0.000792730716057, 0.000591142801568, 0.000801421585493, 0.000736760150176, 0.000500377558637, 0.000228631251957, 0.000226241099881, 0.000240358000156, 0.000142860153574, 0.00014787762484, 0.000156830952619, 7.76356537244e-05, 6.56447300571e-05, 3.33092284563e-05, 3.08413909806e-05, 1.83626470971e-05, 2.0126808522e-05, 1.50349114847e-05, 9.99699568638e-06, 7.92267019278e-06, 9.00603754417e-06, 7.936194379e-06, 1.23620038721e-05, 8.13049791759e-06, 3.67031839232e-06, 4.65250423076e-06, 5.68567020309e-06, 3.98379688704e-06, 2.67628774964e-06, 1.50513756125e-06, 1.05548792817e-06, 9.17411000501e-07, 1.38026007335e-06, 1.43833062793e-06, 5.9976986222e-07, 2.51092984627e-07, 1.64405989267e-07, 1.04489714658e-07, 6.98021338508e-08]}, "spectral_entropy": {"min": 4.68910980225, "max": 9.82601642609, "dvar2": 0.0892343148589, "median": 7.0645442009, "dmean2": 0.250733345747, "dmean": 0.177277415991, "var": 0.390016943216, "dvar": 0.0483007095754, "mean": 7.05611133575}, "spectral_rolloff": {"min": 86.1328125, "max": 19487.5488281, "dvar2": 1219086.5, "median": 710.595703125, "dmean2": 536.717224121, "dmean": 313.418457031, "var": 5998595.5, "dvar": 526777.75, "mean": 1323.31469727}, "barkbands": {"min": [4.10435528257e-25, 2.39204754011e-24, 2.18455444229e-24, 1.30456077542e-24, 5.3200661119e-24, 3.35687609759e-24, 9.85594768602e-24, 2.60452978873e-24, 2.05624168011e-23, 1.46336585149e-23, 1.32921958124e-23, 2.52199115389e-23, 1.5263369888e-23, 3.18592899279e-23, 4.70310162668e-23, 6.40268793194e-23, 6.19222236678e-23, 8.82996497456e-23, 1.0314813244e-22, 1.7278156612e-22, 2.48975305927e-22, 2.66435991068e-22, 3.97505066388e-22, 4.94517741629e-22, 6.84654424369e-22, 1.33566182329e-21, 1.93299931666e-21], "max": [0.00154011510313, 0.0403241366148, 0.0507609844208, 0.0478583201766, 0.0705595090985, 0.0525356531143, 0.0760181173682, 0.100273191929, 0.0750537440181, 0.0598272867501, 0.0389852784574, 0.0664532855153, 0.0386937521398, 0.0188434720039, 0.0298553034663, 0.00968350097537, 0.00847990531474, 0.00818229932338, 0.00311424699612, 0.0155697800219, 0.0120847262442, 0.0119274668396, 0.030812535435, 0.00141981500201, 0.000309350725729, 0.000140759861097, 1.74563137989e-05], "dvar2": [2.30285550629e-08, 1.58229395311e-05, 9.92557943391e-06, 1.68389942701e-06, 9.74250451691e-06, 7.24016717868e-06, 4.3687437028e-06, 8.55747566675e-06, 4.36303480456e-06, 4.15837121182e-06, 3.0873175092e-06, 1.51105643909e-06, 1.20947618143e-06, 2.66870642918e-07, 3.46633868276e-07, 7.29967908342e-08, 2.54075615658e-07, 1.65115466189e-07, 5.21890761718e-08, 2.79989620822e-07, 2.15146343407e-07, 1.33111058176e-07, 2.93890423109e-07, 5.80038106435e-09, 1.09496067768e-09, 2.48999099117e-10, 1.65399118013e-12], "median": [1.86772904271e-05, 0.000543751870282, 0.000261721666902, 0.000117178846267, 0.000973252230324, 0.000704014790244, 0.000222658170969, 0.000182445422979, 0.000146770762512, 9.29335510591e-05, 9.80399709078e-05, 8.95155826584e-05, 2.71205335594e-05, 2.76557620964e-05, 4.96532084071e-05, 3.80097917514e-05, 4.84409902128e-05, 5.97464750172e-05, 5.58734172955e-05, 4.29662541137e-05, 1.99839050765e-05, 6.646941074e-06, 5.0095673032e-06, 1.86443730854e-06, 7.27637143427e-07, 2.4426208256e-07, 5.1094588116e-08], "dmean2": [6.68772117933e-05, 0.00152597250417, 0.00098620459903, 0.000459772156319, 0.00154387636576, 0.0012294849148, 0.00059641484404, 0.000776536471676, 0.000525524199475, 0.000536755949724, 0.000428145605838, 0.00032343150815, 0.000201940594707, 0.000133553752676, 0.00016661437985, 9.62012345553e-05, 0.000148678082041, 0.000161155956448, 0.000117951822176, 0.000124399695778, 8.69868163136e-05, 4.89954836667e-05, 6.64789695293e-05, 2.56653329416e-05, 1.07904024844e-05, 4.61815307062e-06, 3.38208906214e-07], "dmean": [4.07701227232e-05, 0.000950913934503, 0.000633897492662, 0.000320569146425, 0.00114213081542, 0.000917111989111, 0.000432327535236, 0.00058875780087, 0.000379228702514, 0.000394635193516, 0.00029064482078, 0.000220491565415, 0.000139906915138, 8.70234653121e-05, 0.000114601338282, 6.21887957095e-05, 9.0825924417e-05, 0.000103805170511, 7.14570705895e-05, 7.93599028839e-05, 5.81577260164e-05, 3.27980924339e-05, 4.41476113338e-05, 1.63316399266e-05, 6.71658835927e-06, 2.86475074063e-06, 2.03642471774e-07], "var": [1.08489137673e-08, 1.58015864145e-05, 8.12272537587e-06, 1.53741930262e-05, 4.83020667161e-05, 2.92892455036e-05, 9.07659978111e-06, 1.97978060896e-05, 1.10394857984e-05, 2.17577216972e-05, 5.87900376559e-06, 4.81646975459e-06, 3.40575502378e-06, 4.40428692627e-07, 1.24751716157e-06, 1.25167829879e-07, 1.89379306903e-07, 3.24740113911e-07, 5.93848170638e-08, 2.2703011382e-07, 2.57992269326e-07, 1.54390960461e-07, 5.7375717688e-07, 3.25526405831e-09, 4.150247368e-10, 9.48110270849e-11, 6.05937717536e-13], "dvar": [9.16867026746e-09, 6.32634464637e-06, 4.5388851504e-06, 1.06849790882e-06, 5.30985471414e-06, 3.96189852836e-06, 2.59774878941e-06, 5.42326506547e-06, 2.52151880886e-06, 2.50198809226e-06, 1.56212900038e-06, 9.76269916464e-07, 6.27401277598e-07, 1.42398775438e-07, 2.17134314084e-07, 3.6723864838e-08, 9.48379152987e-08, 8.15636624907e-08, 2.02935126481e-08, 1.14514989491e-07, 1.03195560541e-07, 6.15339672549e-08, 1.60620402312e-07, 2.47778464413e-09, 4.40186331829e-10, 1.01709266009e-10, 6.6659541385e-13], "mean": [4.98417830386e-05, 0.00217386032455, 0.00119725638069, 0.0011314995354, 0.00388386636041, 0.00288807763718, 0.000975688686594, 0.00139016122557, 0.000908947025891, 0.00122349697631, 0.000635999662336, 0.000473154825158, 0.000322026957292, 0.000170888670254, 0.000235618688748, 0.00011746234668, 0.000155811343575, 0.000221749403863, 0.000143036129884, 0.000171287145349, 0.00010327216296, 5.17245316587e-05, 7.54622233217e-05, 1.71215087903e-05, 6.59944726067e-06, 2.69302609013e-06, 2.10874318896e-07]}, "melbands_flatness_db": {"min": 0.000478349218611, "max": 0.599280655384, "dvar2": 0.00133793102577, "median": 0.245690450072, "dmean2": 0.0331032164395, "dmean": 0.0231905765831, "var": 0.00762809952721, "dvar": 0.000720054435078, "mean": 0.253182023764}, "melbands_skewness": {"min": -2.4730796814, "max": 18.8741188049, "dvar2": 1.63237929344, "median": 2.43469715118, "dmean2": 1.00980079174, "dmean": 0.673606336117, "var": 4.0363035202, "dvar": 0.759669363499, "mean": 2.79915904999}, "barkbands_skewness": {"min": -8.65444564819, "max": 17.3606452942, "dvar2": 0.995685338974, "median": 1.69477438927, "dmean2": 0.781370699406, "dmean": 0.524019956589, "var": 2.87479805946, "dvar": 0.466833531857, "mean": 1.9108966589}, "silence_rate_60dB": {"min": 0, "max": 1, "dvar2": 0.0665639713407, "median": 0, "dmean2": 0.0626519024372, "dmean": 0.0313217230141, "var": 0.112485699356, "dvar": 0.0303387828171, "mean": 0.129184663296}, "spectral_energyband_low": {"min": 2.07564213635e-23, "max": 0.0591744743288, "dvar2": 2.97966471408e-05, "median": 0.0013527229894, "dmean2": 0.0022894658614, "dmean": 0.00147502950858, "var": 3.44741347362e-05, "dvar": 1.32625236802e-05, "mean": 0.00371854985133}, "spectral_energyband_middle_low": {"min": 1.5372119728e-22, "max": 0.117854245007, "dvar2": 3.13496893796e-05, "median": 0.00564052723348, "dmean2": 0.00337079772726, "dmean": 0.00251616979949, "var": 0.000207468969165, "dvar": 1.94830463442e-05, "mean": 0.0116186114028}, "melbands_kurtosis": {"min": -1.87729895115, "max": 702.276184082, "dvar2": 1087.15563965, "median": 9.04503250122, "dmean2": 12.5278606415, "dmean": 8.10798931122, "var": 1119.70031738, "dvar": 444.954711914, "mean": 19.0503692627}, "spectral_decrease": {"min": -4.50596822077e-08, "max": 1.72743115758e-15, "dvar2": 3.8343353453e-18, "median": -3.08847303288e-09, "dmean2": 1.34073629976e-09, "dmean": 9.5367613806e-10, "var": 2.18657287082e-17, "dvar": 2.20665276291e-18, "mean": -4.68393279718e-09}, "erbbands_kurtosis": {"min": -1.86114704609, "max": 47.8812217712, "dvar2": 11.5095291138, "median": -0.0399751067162, "dmean2": 1.84975898266, "dmean": 1.21162748337, "var": 24.6775760651, "dvar": 5.3841047287, "mean": 1.57153570652}, "melbands_crest": {"min": 1.39834952354, "max": 33.668888092, "dvar2": 14.4798812866, "median": 15.5503530502, "dmean2": 3.86548233032, "dmean": 2.4953327179, "var": 39.7408103943, "dvar": 6.20665788651, "mean": 16.0598773956}, "melbands_spread": {"min": 0.28199005127, "max": 209.598007202, "dvar2": 187.999511719, "median": 13.0816917419, "dmean2": 7.28840684891, "dmean": 4.77945280075, "var": 482.886047363, "dvar": 85.9889678955, "mean": 18.7681236267}, "spectral_energy": {"min": 1.00987920281e-20, "max": 0.184174031019, "dvar2": 5.91362622799e-05, "median": 0.0124568510801, "dmean2": 0.00529272155836, "dmean": 0.00376930576749, "var": 0.000350039714249, "dvar": 3.41903651133e-05, "mean": 0.018726810813}, "mfcc": {"mean": [-719.05267334, 144.880889893, -7.43517208099, 34.4919662476, -6.65412473679, -3.22861814499, -2.4535677433, 3.36061382294, -4.56696891785, 1.75769805908, -8.08974266052, 0.511796712875, 0.469724476337], "icov": [[0.000169901904883, -3.53098366759e-05, 9.39531164477e-05, -0.000107147534436, 0.000233125174418, -5.78896651859e-05, 9.82132623903e-05, -0.000173115447978, 0.000273752171779, -0.000215991254663, 0.000225470037549, 2.80786771327e-05, 6.29463102086e-05], [-3.53098366759e-05, 0.000664236606099, 0.000131467138999, -5.09176970809e-05, -0.000364115054253, 0.000294370402116, -0.000525873969309, 0.00023291753314, -0.000135491631227, 8.19175184006e-05, -0.000142405770021, -0.00012932982645, 0.000158047230798], [9.39531164477e-05, 0.000131467138999, 0.00157025677618, 0.000179919152288, -0.00115230155643, -0.000794998428319, 0.000711659726221, -0.000373519258574, 0.000614924996626, -0.0003250077134, -0.000183170806849, -0.000389863009332, 0.000317650788929], [-0.000107147534436, -5.09176970809e-05, 0.000179919152288, 0.00264441757463, -0.00102466531098, -0.000107313018816, 0.000381509948056, -0.00037846295163, -0.000463337317342, 0.000241067318711, 0.000341585546266, -0.000399272103095, -0.000467041012598], [0.000233125174418, -0.000364115054253, -0.00115230155643, -0.00102466531098, 0.00523646827787, -0.00069672067184, 0.000732067448553, -0.000613270502072, -0.000491988495924, 0.000152159409481, 0.000781340349931, -0.000469006219646, -0.000225207666517], [-5.78896651859e-05, 0.000294370402116, -0.000794998428319, -0.000107313018816, -0.00069672067184, 0.00629960233346, -0.00213200668804, -0.000606097979471, -0.00098548096139, 5.71552773181e-05, -0.00100625201594, 0.00056291319197, -6.15927638137e-06], [9.82132623903e-05, -0.000525873969309, 0.000711659726221, 0.000381509948056, 0.000732067448553, -0.00213200668804, 0.00571977812797, -0.00169256143272, 0.00016543964739, -0.000476779125165, -0.00133698759601, 0.000295783684123, 0.000115199254651], [-0.000173115447978, 0.00023291753314, -0.000373519258574, -0.00037846295163, -0.000613270502072, -0.000606097979471, -0.00169256143272, 0.00782006792724, -0.0018736111233, 0.00105944741517, 0.000582266191486, -0.00085542636225, -0.000405845348723], [0.000273752171779, -0.000135491631227, 0.000614924996626, -0.000463337317342, -0.000491988495924, -0.00098548096139, 0.00016543964739, -0.0018736111233, 0.00779843283817, -0.00310055701993, -0.000143821991514, 0.00121053960174, -0.00216343556531], [-0.000215991254663, 8.19175184006e-05, -0.0003250077134, 0.000241067318711, 0.000152159409481, 5.71552773181e-05, -0.000476779125165, 0.00105944741517, -0.00310055701993, 0.00950761046261, -0.00465918052942, 0.000574717938434, 0.00107267976273], [0.000225470037549, -0.000142405770021, -0.000183170806849, 0.000341585546266, 0.000781340349931, -0.00100625201594, -0.00133698759601, 0.000582266191486, -0.000143821991514, -0.00465918052942, 0.0116709694266, -0.00446590734646, 0.00114418671001], [2.80786771327e-05, -0.00012932982645, -0.000389863009332, -0.000399272103095, -0.000469006219646, 0.00056291319197, 0.000295783684123, -0.00085542636225, 0.00121053960174, 0.000574717938434, -0.00446590734646, 0.0126150241122, -0.00379204447381], [6.29463102086e-05, 0.000158047230798, 0.000317650788929, -0.000467041012598, -0.000225207666517, -6.15927638137e-06, 0.000115199254651, -0.000405845348723, -0.00216343556531, 0.00107267976273, 0.00114418671001, -0.00379204447381, 0.00960683263838]], "cov": [[8001.12451172, 278.075592041, -928.496032715, 110.562942505, -554.228088379, -193.277816772, -37.4532699585, -7.92141532898, -279.470703125, -13.1189136505, -199.594009399, -132.260482788, -123.831840515], [278.075592041, 1770.21862793, -246.572433472, 41.921081543, 29.7312221527, -38.6145591736, 174.041397095, -16.8039875031, 36.7422523499, 27.12433815, 45.2723999023, 14.9640932083, -17.1182746887], [-928.496032715, -246.572433472, 1096.6496582, 37.0164031982, 313.165527344, 143.472976685, -110.494766235, 53.9664306641, -6.13135480881, 10.6312408447, 33.5628204346, 59.1283073425, 3.49129366875], [110.562942505, 41.921081543, 37.0164031982, 472.951599121, 127.741592407, 14.3093328476, -45.2457542419, 49.8631477356, 43.0772514343, -30.1717796326, -37.0482597351, 25.01603508, 53.3642616272], [-554.228088379, 29.7312221527, 313.165527344, 127.741592407, 342.985229492, 63.9067115784, -48.2941589355, 48.1149139404, 43.4831619263, -15.5461654663, -9.51026916504, 33.4061927795, 35.5378837585], [-193.277816772, -38.6145591736, 143.472976685, 14.3093328476, 63.9067115784, 233.715194702, 87.1548538208, 52.9545288086, 55.843334198, 36.0550498962, 46.5426979065, 10.215303421, 7.73220920563], [-37.4532699585, 174.041397095, -110.494766235, -45.2457542419, -48.2941589355, 87.1548538208, 279.4425354, 48.6472396851, 43.1851348877, 50.3534965515, 65.0952301025, 2.86994981766, -6.05328035355], [-7.92141532898, -16.8039875031, 53.9664306641, 49.8631477356, 48.1149139404, 52.9545288086, 48.6472396851, 167.487258911, 51.0410423279, -3.85543346405, 0.589574873447, 16.3110198975, 26.9151229858], [-279.470703125, 36.7422523499, -6.13135480881, 43.0772514343, 43.4831619263, 55.843334198, 43.1851348877, 51.0410423279, 200.088409424, 65.0182952881, 35.7321815491, 7.01782989502, 42.5311737061], [-13.1189136505, 27.12433815, 10.6312408447, -30.1717796326, -15.5461654663, 36.0550498962, 50.3534965515, -3.85543346405, 65.0182952881, 173.5025177, 86.3227462769, 7.90530443192, -15.1783514023], [-199.594009399, 45.2723999023, 33.5628204346, -37.0482597351, -9.51026916504, 46.5426979065, 65.0952301025, 0.589574873447, 35.7321815491, 86.3227462769, 155.630950928, 42.6042442322, -6.60744524002], [-132.260482788, 14.9640932083, 59.1283073425, 25.01603508, 33.4061927795, 10.215303421, 2.86994981766, 16.3110198975, 7.01782989502, 7.90530443192, 42.6042442322, 110.392738342, 40.52394104], [-123.831840515, -17.1182746887, 3.49129366875, 53.3642616272, 35.5378837585, 7.73220920563, -6.05328035355, 26.9151229858, 42.5311737061, -15.1783514023, -6.60744524002, 40.52394104, 137.767562866]]}, "spectral_contrast_valleys": {"min": [-28.067117691, -28.4846019745, -27.9660758972, -27.870136261, -27.5347003937, -27.3551883698], "max": [-5.85770654678, -5.15393924713, -5.34445333481, -6.39280509949, -6.1649813652, -8.47478675842], "dvar2": [0.231143608689, 0.211330354214, 0.181326493621, 0.137046530843, 0.126809000969, 0.458036214113], "median": [-7.95194387436, -7.31003093719, -8.01030540466, -8.60839653015, -8.40245628357, -11.6465778351], "dmean2": [0.577074766159, 0.534991085529, 0.471788942814, 0.399998635054, 0.332862108946, 0.485308170319], "dmean": [0.357953101397, 0.329354375601, 0.29128485918, 0.24996201694, 0.224134087563, 0.370304763317], "var": [5.91711521149, 6.14999580383, 5.79209852219, 5.42023611069, 5.65144729614, 4.34803533554], "dvar": [0.108386650681, 0.094219148159, 0.084109634161, 0.0676706135273, 0.0750196948647, 0.246326997876], "mean": [-8.26943016052, -7.68884038925, -8.41290855408, -8.97329711914, -8.72296237946, -11.6875734329]}, "barkbands_flatness_db": {"min": 0.0380621887743, "max": 0.452308028936, "dvar2": 0.000931222806685, "median": 0.179504156113, "dmean2": 0.0292165223509, "dmean": 0.019987469539, "var": 0.0041782297194, "dvar": 0.000475740176626, "mean": 0.184335529804}, "dynamic_complexity": 4.52679538727, "spectral_skewness": {"min": -0.80084246397, "max": 7.44502973557, "dvar2": 0.199191659689, "median": 1.49452137947, "dmean2": 0.481524586678, "dmean": 0.29746350646, "var": 0.601245105267, "dvar": 0.0877966061234, "mean": 1.61723148823}, "erbbands_flatness_db": {"min": 0.0320827551186, "max": 0.383518964052, "dvar2": 0.