{"lowlevel": {"spectral_complexity": {"min": 0, "max": 40, "dvar2": 16.6931743622, "median": 7, "dmean2": 3.14959597588, "dmean": 1.95547497272, "var": 25.9210224152, "dvar": 7.18786382675, "mean": 8.22423744202}, "silence_rate_20dB": {"min": 1, "max": 1, "dvar2": 0, "median": 1, "dmean2": 0, "dmean": 0, "var": 0, "dvar": 0, "mean": 1}, "average_loudness": 0.69308257103, "erbbands_spread": {"min": 3.07877182961, "max": 154.26550293, "dvar2": 337.56137085, "median": 47.094379425, "dmean2": 16.8482265472, "dmean": 11.1464509964, "var": 765.333312988, "dvar": 153.188690186, "mean": 50.2437362671}, "spectral_kurtosis": {"min": -1.21362638474, "max": 24.645690918, "dvar2": 7.76007413864, "median": 2.43922472, "dmean2": 2.17072582245, "dmean": 1.29193651676, "var": 7.00217866898, "dvar": 2.72349071503, "mean": 3.15512681007}, "barkbands_kurtosis": {"min": -1.95782101154, "max": 1002.152771, "dvar2": 969.999938965, "median": 6.05254888535, "dmean2": 13.1802444458, "dmean": 8.96871566772, "var": 1814.94445801, "dvar": 503.101623535, "mean": 18.4174346924}, "spectral_strongpeak": {"min": 0, "max": 20.0305671692, "dvar2": 3.51423883438, "median": 0.626683592796, "dmean2": 0.961935222149, "dmean": 0.588226258755, "var": 4.51464653015, "dvar": 1.60021197796, "mean": 1.36513280869}, "spectral_spread": {"min": 1516319.25, "max": 40534516, "dvar2": 715388813312, "median": 5216100.5, "dmean2": 763847.5625, "dmean": 500551.96875, "var": 2262364848130.0, "dvar": 415012552704, "mean": 5109302}, "spectral_rms": {"min": 3.21114684322e-12, "max": 0.0141313960776, "dvar2": 1.0686907217e-06, "median": 0.00368539476767, "dmean2": 0.000885286543053, "dmean": 0.000622110848781, "var": 3.19526770909e-06, "dvar": 5.32989872681e-07, "mean": 0.00382664869539}, "erbbands": {"min": [6.46503899302e-22, 1.13913796731e-20, 4.99430134239e-20, 1.91908823094e-19, 1.05490369368e-19, 2.15479838712e-19, 2.06270836952e-19, 1.54980830987e-19, 2.68920940785e-19, 1.29740363267e-18, 1.58308917218e-18, 1.87795807085e-18, 1.37728642898e-18, 2.66811573354e-18, 3.59720086166e-18, 2.53999745078e-18, 3.69466589888e-18, 6.3290934612e-18, 2.98145547189e-18, 5.74338548102e-18, 8.94533214904e-18, 8.41020419536e-18, 8.04535550668e-18, 8.77163001067e-18, 1.45966524279e-17, 1.70841400398e-17, 1.15947643541e-17, 2.88061744029e-17, 1.8364162333e-17, 1.39105276165e-17, 2.00804132116e-17, 1.78017671976e-17, 1.46310879568e-17, 1.43456196556e-17, 9.25014737758e-18, 4.76508021132e-18, 2.93588236963e-18, 1.26337197471e-18, 3.75042965949e-19, 3.83374012423e-20], "max": [0.518076181412, 10.2617006302, 53.0394210815, 114.60861969, 756.826599121, 686.05456543, 242.514190674, 385.614990234, 185.023284912, 180.896850586, 522.256896973, 598.339111328, 1377.30456543, 1008.97814941, 337.285400391, 231.58253479, 278.484313965, 534.925170898, 615.684631348, 1035.30908203, 1754.28967285, 1729.28747559, 707.880126953, 1645.3536377, 716.686279297, 252.338500977, 223.418563843, 117.458404541, 361.870574951, 513.048095703, 323.268341064, 160.498336792, 88.9846878052, 49.5173912048, 19.7040519714, 5.74132537842, 0.732352614403, 0.0719952583313, 0.0019250321202, 0.000224250296014], "dvar2": [0.0015144192148, 0.928776800632, 14.8661403656, 52.0694084167, 1018.33648682, 796.574951172, 222.430786133, 368.164520264, 115.122718811, 194.817642212, 1291.4609375, 666.484985352, 3214.91381836, 776.941101074, 205.552597046, 93.7128601074, 120.49723053, 1326.73730469, 1527.04931641, 3089.93457031, 16622.8945313, 7407.10351563, 4079.54907227, 3271.17529297, 669.355957031, 161.547012329, 111.572601318, 71.3807754517, 138.225738525, 198.522964478, 104.534164429, 37.1419296265, 14.4859962463, 3.18745875359, 0.225933119655, 0.0182361472398, 0.000583744200412, 6.41921724309e-06, 3.72880260002e-09, 2.16222373339e-10], "median": [0.00267351442017, 0.0889220014215, 0.630020320415, 1.19801485538, 3.1239426136, 3.4250562191, 3.43940711021, 3.14055871964, 1.99946570396, 1.72983264923, 1.43259429932, 0.832836568356, 0.720957100391, 0.52700984478, 0.633661270142, 0.685287117958, 1.04853105545, 2.48348975182, 2.46143126488, 1.75845587254, 2.66268491745, 3.46279859543, 3.5860221386, 2.77797889709, 2.23608112335, 2.00996923447, 1.78656303883, 1.42717456818, 1.16866469383, 0.903646826744, 0.65769726038, 0.411193400621, 0.308325469494, 0.159074857831, 0.0342170186341, 0.00709727080539, 0.00129523687065, 0.000100295430457, 1.34311812872e-05, 1.74656815943e-05], "dmean2": [0.0156841240823, 0.38440105319, 1.52776670456, 3.24202513695, 12.2431268692, 10.212436676, 6.32568693161, 7.40172719955, 4.82711076736, 5.20884609222, 9.82242012024, 7.04172325134, 8.38831424713, 5.03784656525, 3.38057327271, 2.62320613861, 3.83794093132, 11.7484741211, 12.9835634232, 13.5302267075, 37.5852394104, 26.4047603607, 20.9465694427, 16.9022388458, 10.0753536224, 5.2686829567, 3.76302504539, 3.11290717125, 3.06279921532, 2.92410230637, 2.32245898247, 1.48519456387, 0.993086159229, 0.48704919219, 0.140087738633, 0.031379789114, 0.00590708479285, 0.000621557584964, 1.77759429789e-05, 1.00968254628e-05], "dmean": [0.0107354782522, 0.262978464365, 1.05191016197, 2.14487838745, 8.44696903229, 7.10137748718, 4.2820482254, 4.90153169632, 3.25869393349, 3.60240602493, 6.72315406799, 4.81956243515, 5.80050563812, 3.66471719742, 2.36830425262, 1.71338701248, 2.60896635056, 7.93426704407, 8.72560977936, 8.88399028778, 24.2388000488, 16.9949092865, 13.270573616, 10.7808895111, 6.46037340164, 3.31894135475, 2.27058649063, 1.89401650429, 1.90353477001, 1.84879004955, 1.50240325928, 0.981438934803, 0.632186055183, 0.314482927322, 0.0934145599604, 0.0214469451457, 0.00412402069196, 0.000423926918302, 1.24639809655e-05, 7.04424428477e-06], "var": [0.00317157618701, 1.3314987421, 24.5760440826, 80.94871521, 2473.12963867, 1497.38464355, 302.002288818, 533.125671387, 217.775497437, 265.651733398, 1307.76379395, 700.21862793, 6294.25244141, 3251.16430664, 451.569122314, 98.7346572876, 173.612701416, 949.200744629, 2002.10913086, 3119.5715332, 14711.4023438, 11721.515625, 3025.67260742, 5165.5078125, 1259.19628906, 217.793441772, 64.4342269897, 31.0162620544, 99.6113891602, 170.944274902, 95.5015029907, 42.174446106, 12.2383012772, 3.25811171532, 0.405305445194, 0.0280789211392, 0.000981603865512, 9.61615569395e-06, 6.55450582698e-09, 4.49913994949e-10], "dvar": [0.00075368344551, 0.437676489353, 7.31387281418, 23.5431098938, 550.413635254, 354.101898193, 96.5288391113, 158.907150269, 56.1466560364, 95.9106369019, 656.407470703, 323.235290527, 1504.22277832, 416.034912109, 97.8848724365, 41.6670837402, 60.7809562683, 580.77142334, 693.89642334, 1355.92980957, 7120.27490234, 3513.7253418, 1701.45239258, 1547.87927246, 324.549072266, 75.56615448, 43.3075332642, 26.6315593719, 60.784614563, 85.2490539551, 44.7257995605, 18.1733932495, 6.57020044327, 1.48593485355, 0.131880789995, 0.0102484254166, 0.000322903186316, 3.44049294654e-06, 2.09397765794e-09, 1.06767414354e-10], "mean": [0.0255718007684, 0.624119818211, 2.3962829113, 4.47408008575, 18.118139267, 16.0164642334, 9.74818515778, 11.2247953415, 7.77056837082, 7.60634613037, 11.3443183899, 8.84713745117, 12.3899965286, 9.44306373596, 5.05751180649, 3.07884430885, 4.69616365433, 13.2242527008, 16.5315608978, 16.7938137054, 40.5961837769, 34.5420379639, 21.4321022034, 19.6672763824, 12.8404417038, 6.26577615738, 3.60532832146, 2.89766097069, 2.79731225967, 2.85837507248, 2.42674517632, 1.54076111317, 0.904671549797, 0.473237991333, 0.158974036574, 0.0391213297844, 0.00765477400273, 0.000733255408704, 2.89689796773e-05, 2.30348359764e-05]}, "zerocrossingrate": {"min": 0.00537109375, "max": 0.48681640625, "dvar2": 0.000169281833223, "median": 0.04736328125, "dmean2": 0.0113719683141, "dmean": 0.00949547626078, "var": 0.00135503883939, "dvar": 0.000144116653246, "mean": 0.0550747439265}, "spectral_contrast_coeffs": {"min": [-0.96423637867, -0.941373944283, -0.962046980858, -0.954054236412, -0.95719397068, -0.958821117878], "max": [-0.178340986371, -0.391602188349, -0.411536157131, -0.473717689514, -0.533430874348, -0.638902723789], "dvar2": [0.00404230738059, 0.00401963246986, 0.00205429969355, 0.00164410541765, 0.00144246860873, 0.000441242125817], "median": [-0.590017795563, -0.643114507198, -0.789464056492, -0.788461744785, -0.805784702301, -0.77799987793], "dmean2": [0.0777716487646, 0.0755057185888, 0.0572803504765, 0.0485904216766, 0.0393951423466, 0.0251423791051], "dmean": [0.0489689782262, 0.0477431602776, 0.0362392440438, 0.0309249311686, 0.0249683242291, 0.0154882483184], "var": [0.013968157582, 0.00820882804692, 0.00781233794987, 0.00603868532926, 0.00491364579648, 0.000770437705796], "dvar": [0.00171939015854, 0.00169665960129, 0.000918477075174, 0.00076740217628, 0.000654354400467, 0.000177417037776], "mean": [-0.573900699615, -0.644022881985, -0.772659003735, -0.772725999355, -0.784873902798, -0.776897907257]}, "dissonance": {"min": 0.257661879063, "max": 0.499913185835, "dvar2": 0.000777879788075, "median": 0.465833902359, "dmean2": 0.0259013976902, "dmean": 0.0159594360739, "var": 0.000986946281046, "dvar": 0.000307435460854, "mean": 0.457455217838}, "spectral_energyband_high": {"min": 7.75972316522e-21, "max": 0.0229460150003, "dvar2": 1.05849426291e-06, "median": 0.000165577308508, "dmean2": 0.000330144248437, "dmean": 0.000213253646507, "var": 1.15873444884e-06, "dvar": 4.77758078432e-07, "mean": 0.0003934938577}, "gfcc": {"mean": [-60.8360099792, 81.4450912476, -111.161880493, 63.399143219, -61.5664520264, 5.80033874512, -56.3494987488, 0.949090719223, -23.5694561005, -3.47512555122, -14.6340827942, -7.90309619904, -9.95737266541], "icov": [[0.000261112436419, -0.000246222043643, 0.000323096202919, -0.000148228034959, 0.000260219356278, -0.000409055355703, 0.000398989534006, -0.00035628961632, 0.000265853799647, 7.95294181444e-05, 0.000219852343434, -0.000185029493878, 0.000101379242551], [-0.000246222043643, 0.00332409492694, -0.00179191702046, 0.00190568529069, -0.00198044860736, 0.0016612863401, -0.00215758942068, 0.00198595249094, -0.00317648355849, 0.00184650113806, -0.00328626995906, 0.00337995309383, -0.000461359362816], [0.000323096202919, -0.00179191702046, 0.00308190844953, -0.00257751392201, 0.00155434419867, -0.00148456462193, 0.000859117950313, -0.000199462709134, 0.00277604511939, -0.00171626673546, 0.00383033743128, -0.00342675577849, 0.00187785783783], [-0.000148228034959, 0.00190568529069, -0.00257751392201, 0.00459716655314, -0.00281842146069, 0.000449001439847, -0.000427844963269, 0.000874897290487, -0.0020053605549, 0.00188057764899, -0.00447095138952, 0.00392450392246, -0.00227853003889], [0.000260219356278, -0.00198044860736, 0.00155434419867, -0.00281842146069, 0.00529140699655, -0.00112375267781, 0.00103842536919, -0.00137839687523, 5.85634079471e-05, -0.000623248866759, 0.00216061994433, -0.00135281519033, 0.000376098061679], [-0.000409055355703, 0.0016612863401, -0.00148456462193, 0.000449001439847, -0.00112375267781, 0.00600649882108, -0.00401897914708, 0.00190343242139, -0.00164923584089, -0.00140313094016, 0.000312035292154, 0.000709665066097, 0.000904009502847], [0.000398989534006, -0.00215758942068, 0.000859117950313, -0.000427844963269, 0.00103842536919, -0.00401897914708, 0.00825123582035, -0.00539242103696, 0.00309923943132, 0.0012230706634, -0.000284898065729, -0.00266898935661, 0.00016569129366], [-0.00035628961632, 0.00198595249094, -0.000199462709134, 0.000874897290487, -0.00137839687523, 0.00190343242139, -0.00539242103696, 0.0108518982306, -0.00647942209616, 0.000577341823373, 0.000958874588832, -0.000966044375673, 0.000886349705979], [0.000265853799647, -0.00317648355849, 0.00277604511939, -0.0020053605549, 5.85634079471e-05, -0.00164923584089, 0.00309923943132, -0.00647942209616, 0.0155273387209, -0.00653895223513, 0.00140354060568, 0.000839690736029, -0.00230983016081], [7.95294181444e-05, 0.00184650113806, -0.00171626673546, 0.00188057764899, -0.000623248866759, -0.00140313094016, 0.0012230706634, 0.000577341823373, -0.00653895223513, 0.0137781575322, -0.00704993959516, 0.000455454399344, 0.000793839630205], [0.000219852343434, -0.00328626995906, 0.00383033743128, -0.00447095138952, 0.00216061994433, 0.000312035292154, -0.000284898065729, 0.000958874588832, 0.00140354060568, -0.00704993959516, 0.0208082292229, -0.0105648133904, 0.00304203759879], [-0.000185029493878, 0.00337995309383, -0.00342675577849, 0.00392450392246, -0.00135281519033, 0.000709665066097, -0.00266898935661, -0.000966044375673, 0.000839690736029, 0.000455454399344, -0.0105648133904, 0.0209609307349, -0.00783323403448], [0.000101379242551, -0.000461359362816, 0.00187785783783, -0.00227853003889, 0.000376098061679, 0.000904009502847, 0.00016569129366, 0.000886349705979, -0.00230983016081, 0.000793839630205, 0.00304203759879, -0.00783323403448, 0.014151849784]], "cov": [[5166.85107422, 51.005317688, -869.11920166, -352.252105713, -111.855964661, 59.3391532898, -50.288192749, 187.275238037, 109.339111328, -53.3594970703, -14.6785535812, -54.4385604858, 5.16459989548], [51.005317688, 784.004882813, 34.8516960144, 10.6073865891, 211.126983643, -89.1884994507, 55.4402770996, -11.4489850998, 116.126144409, -27.045129776, 40.104927063, -88.4083633423, -14.6538076401], [-869.11920166, 34.8516960144, 1345.70324707, 417.015380859, -72.6475601196, 253.264434814, 38.202495575, -206.709884644, -248.959457397, -17.0065803528, -82.977684021, 39.7394180298, -105.657928467], [-352.252105713, 10.6073865891, 417.015380859, 642.54498291, 227.09552002, 65.1164474487, -42.4964866638, -62.3577842712, 10.6902265549, 6.54431390762, 26.6986923218, -31.0596389771, 23.6424884796], [-111.855964661, 211.126983643, -72.6475601196, 227.09552002, 405.964080811, -6.48822975159, -0.832124352455, 51.7722740173, 118.253250122, 15.7502317429, 23.5105686188, -42.7523422241, 29.9802722931], [59.3391532898, -89.1884994507, 253.264434814, 65.1164474487, -6.48822975159, 347.306121826, 148.263214111, 13.9217014313, -35.6664810181, 31.2296409607, -17.0484371185, 29.0870113373, -38.8846168518], [-50.288192749, 55.4402770996, 38.202495575, -42.4964866638, -0.832124352455, 148.263214111, 299.341918945, 116.614402771, -4.40718269348, -10.5175533295, 11.1731853485, 46.793712616, -6.63121175766], [187.275238037, -11.4489850998, -206.709884644, -62.3577842712, 51.7722740173, 13.9217014313, 116.614402771, 224.091506958, 105.232528687, 22.3989753723, 13.9745702744, 19.985124588, 21.9860038757], [109.339111328, 116.126144409, -248.959457397, 10.6902265549, 118.253250122, -35.6664810181, -4.40718269348, 105.232528687, 203.236968994, 64.2979660034, 39.7226524353, -22.2528839111, 39.0645637512], [-53.3594970703, -27.045129776, -17.0065803528, 6.54431390762, 15.7502317429, 31.2296409607, -10.5175533295, 22.3989753723, 64.2979660034, 131.021575928, 46.6661300659, 18.57371521, 2.51222324371], [-14.6785535812, 40.104927063, -82.977684021, 26.6986923218, 23.5105686188, -17.0484371185, 11.1731853485, 13.9745702744, 39.7226524353, 46.6661300659, 100.476921082, 33.3581161499, 16.9116764069], [-54.4385604858, -88.4083633423, 39.7394180298, -31.0596389771, -42.7523422241, 29.0870113373, 46.793712616, 19.985124588, -22.2528839111, 18.57371521, 33.3581161499, 106.023284912, 31.5532112122], [5.16459989548, -14.6538076401, -105.657928467, 23.6424884796, 29.9802722931, -38.8846168518, -6.63121175766, 21.9860038757, 39.0645637512, 2.51222324371, 16.9116764069, 31.5532112122, 108.426841736]]}, "spectral_flux": {"min": 1.02806860247e-10, "max": 0.236324831843, "dvar2": 0.00137705821544, "median": 0.0434685125947, "dmean2": 0.0320595949888, "dmean": 0.0199686344713, "var": 0.0010490801651, "dvar": 0.000550147145987, "mean": 0.0511171333492}, "silence_rate_30dB": {"min": 0, "max": 1, "dvar2": 0.0147178126499, "median": 1, "dmean2": 0.0112155694515, "dmean": 0.00560686038807, "var": 0.00638931337744, "dvar": 0.00557528436184, "mean": 0.993569672108}, "spectral_energyband_middle_high": {"min": 1.33829028259e-21, "max": 0.0496053472161, "dvar2": 2.56128896581e-05, "median": 0.000750437262468, "dmean2": 0.00210443278775, "dmean": 0.00141526584048, "var": 3.664911128e-05, "dvar": 1.13641181088e-05, "mean": 0.00332112284377}, "barkbands_spread": {"min": 0.200702577829, "max": 118.570861816, "dvar2": 139.612060547, "median": 15.8351516724, "dmean2": 8.93302440643, "dmean": 5.82587575912, "var": 222.360641479, "dvar": 62.9283905029, "mean": 19.3776359558}, "spectral_centroid": {"min": 139.087783813, "max": 10933.8496094, "dvar2": 241883.9375, "median": 1042.33947754, "dmean2": 401.145751953, "dmean": 265.976959229, "var": 633298.3125, "dvar": 114755.226563, "mean": 1239.33081055}, "pitch_salience": {"min": 0.0232111811638, "max": 0.792381942272, "dvar2": 0.00925230234861, "median": 0.457498639822, "dmean2": 0.101274982095, "dmean": 0.0650482401252, "var": 0.0191037263721, "dvar": 0.00398435117677, "mean": 0.442277014256}, "erbbands_skewness": {"min": -5.04369068146, "max": 8.71198940277, "dvar2": 0.587063610554, "median": 0.363337814808, "dmean2": 0.758035242558, "dmean": 0.521999299526, "var": 2.36045026779, "dvar": 0.27650359273, "mean": 0.381178617477}, "erbbands_crest": {"min": 2.88828969002, "max": 31.9891109467, "dvar2": 18.361082077, "median": 11.2004890442, "dmean2": 4.59718513489, "dmean": 2.94339394569, "var": 31.7544384003, "dvar": 8.02149772644, "mean": 12.326128006}, "melbands": {"min": [9.03058303127e-24, 2.40739285687e-23, 2.76396445469e-23, 1.07853220734e-23, 8.95020283819e-24, 3.03119723945e-24, 5.37485092404e-24, 1.55815585118e-23, 1.38473014542e-23, 1.10096252055e-23, 6.35923218791e-24, 1.03466333686e-23, 1.00141111421e-23, 9.7290436322e-24, 6.1682028144e-24, 9.92312076982e-24, 1.24303447631e-23, 4.49926028432e-24, 6.1085227259e-24, 9.52369051679e-24, 1.07035708401e-23, 8.10881089643e-24, 8.89437041877e-24, 6.46062526892e-24, 6.74901664422e-24, 9.66139170983e-24, 1.19898858544e-23, 1.11969252391e-23, 6.1589459261e-24, 1.07516345573e-23, 1.89765160807e-23, 1.07508512184e-23, 8.76327514695e-24, 7.00552581161e-24, 1.30954428586e-23, 9.59681318954e-24, 1.07470930851e-23, 9.14777936279e-24, 1.29309495827e-23, 1.15494726996e-23], "max": [0.00688164262101, 0.0218828674406, 0.0359894409776, 0.0364251807332, 0.012036094442, 0.00758976209909, 0.00344321294688, 0.00276882085018, 0.00396170048043, 0.00411995640025, 0.00692161824554, 0.00370735279284, 0.00236990931444, 0.000579925137572, 0.00117012264673, 0.000738059927244, 0.00120771117508, 0.00126108527184, 0.00105875870213, 0.00187363836449, 0.00218706927262, 0.0018087385688, 0.00114650034811, 0.000838053820189, 0.00143384689, 0.000699525582604, 0.00030746095581, 0.000146258375025, 0.000244678521995, 8.60428772285e-05, 5.66772760067e-05, 0.000190117192687, 0.000205306554562, 0.000287082337309, 0.000168868791661, 0.000218517059693, 8.77830607351e-05, 7.42267802707e-05, 5.10419813509e-05, 4.65140583401e-05], "dvar2": [4.34445666997e-07, 2.88645946966e-06, 3.69501435671e-06, 3.95816050514e-06, 4.06386561735e-07, 1.52126872877e-07, 2.43843985004e-08, 2.69413771292e-08, 9.12593307589e-08, 2.59762540367e-08, 8.36704643348e-08, 1.25170815934e-08, 4.73998884587e-09, 8.74762873249e-10, 1.37399813749e-09, 1.13071585428e-09, 5.99273519697e-09, 5.48865752847e-09, 2.84183987453e-09, 8.95724650007e-09, 3.08194074705e-08, 1.05886783786e-08, 7.0046999312e-09, 4.08902378624e-09, 2.47776688056e-09, 5.69061020528e-10, 2.74459455163e-10, 6.95928870087e-11, 5.70709556003e-11, 3.13436325505e-11, 2.31823640146e-11, 4.94227749004e-11, 5.52257302389e-11, 6.87569515212e-11, 3.31926222619e-11, 4.29873185659e-11, 1.14231376094e-11, 8.63579260185e-12, 4.59952475412e-12, 2.14800529794e-12], "median": [4.47839483968e-05, 0.000286027468974, 0.000294025550829, 0.000292279932182, 0.000125616177684, 7.24331766833e-05, 2.8543134249e-05, 1.45137737491e-05, 8.24309790914e-06, 3.89488741348e-06, 2.26776660384e-06, 1.72947852661e-06, 1.73211810761e-06, 1.57507474796e-06, 1.37914901188e-06, 2.32357228924e-06, 4.15569320467e-06, 3.62428613698e-06, 1.97225676857e-06, 1.84004284165e-06, 3.06197057398e-06, 3.0370586046e-06, 2.99310613627e-06, 2.63092238129e-06, 1.99092960429e-06, 1.61652167208e-06, 1.3183205283e-06, 1.16308672204e-06, 1.06692823465e-06, 8.57846146118e-07, 7.71026577695e-07, 6.56016993617e-07, 5.66049550343e-07, 4.48485167226e-07, 3.90493624991e-07, 2.85075770989e-07, 2.25398963494e-07, 2.09289794384e-07, 1.8975335081e-07, 1.07478456357e-07], "dmean2": [0.000262735877186, 0.000695083406754, 0.000843761838041, 0.000834350066725, 0.000261307868641, 0.000161435396876, 7.11840402801e-05, 6.01731517236e-05, 8.28548145364e-05, 4.08885862271e-05, 4.17866613134e-05, 2.02160190383e-05, 1.45661751958e-05, 6.95103653925e-06, 8.34983984532e-06, 1.04862529042e-05, 2.42857768171e-05, 2.32534639508e-05, 1.56265177793e-05, 2.27942982747e-05, 5.25687755726e-05, 3.09461611323e-05, 2.57690116996e-05, 1.75522418431e-05, 1.40332576848e-05, 8.84999826667e-06, 5.71618738832e-06, 3.2513125916e-06, 2.6419063488e-06, 2.05412948162e-06, 1.81528207577e-06, 1.81387486009e-06, 1.80873087174e-06, 1.65340895819e-06, 1.40718020702e-06, 1.29761656353e-06, 8.49514492529e-07, 7.4787419635e-07, 6.10419988334e-07, 3.68500593595e-07], "dmean": [0.000178919697646, 0.000482468924019, 0.000575601763558, 0.000579130253755, 0.000176874833414, 0.000107174666482, 4.82161085529e-05, 4.1466417315e-05, 5.66295893805e-05, 2.77404396911e-05, 2.8817790735e-05, 1.45523417814e-05, 1.02761123344e-05, 4.53845359516e-06, 5.55404358238e-06, 7.13559074939e-06, 1.63608401635e-05, 1.56677324412e-05, 1.01285040728e-05, 1.49548077388e-05, 3.37120254699e-05, 1.97526314878e-05, 1.65808469319e-05, 1.0960668078e-05, 8.96544770512e-06, 5.65183836443e-06, 3.69032022718e-06, 2.00719819077e-06, 1.58239265602e-06, 1.25795691019e-06, 1.08961364731e-06, 1.10755968308e-06, 1.09491418243e-06, 1.05517278826e-06, 8.9528072067e-07, 8.16320834929e-07, 5.49461674382e-07, 4.70216377835e-07, 3.81845410402e-07, 2.40015111785e-07], "var": [7.18398041499e-07, 4.47327556685e-06, 6.56317524772e-06, 9.54824554356e-06, 6.65906554786e-07, 2.3302892771e-07, 4.80410768944e-08, 3.2939109218e-08, 9.16206417401e-08, 2.5136721149e-08, 1.61253282727e-07, 4.71944687774e-08, 1.6115029311e-08, 6.92829238425e-10, 1.9519836858e-09, 9.81999814798e-10, 4.27106749967e-09, 6.62690124997e-09, 3.06468850297e-09, 1.00292174565e-08, 2.75081202261e-08, 1.60874602528e-08, 9.14263598162e-09, 2.18242846017e-09, 4.30434443643e-09, 1.12061948609e-09, 4.31835511794e-10, 6.68710226082e-11, 4.63637704617e-11, 1.55541014096e-11, 9.38388342725e-12, 3.05824636448e-11, 4.16299772432e-11, 5.90572452053e-11, 3.248061195e-11, 2.87011681782e-11, 1.30987833427e-11, 7.15717415889e-12, 3.17790845722e-12, 2.26769557993e-12], "dvar": [2.0601582662e-07, 1.40442034535e-06, 1.78159029929e-06, 2.04915272661e-06, 1.81158085866e-07, 6.60189272139e-08, 1.21261258812e-08, 1.31826336514e-08, 4.55538362587e-08, 1.21739249792e-08, 3.89480057095e-08, 6.70967459371e-09, 2.45656339715e-09, 3.53929469066e-10, 6.63869959006e-10, 5.33258048829e-10, 2.61960475534e-09, 2.49832265986e-09, 1.25346899527e-09, 4.20681089963e-09, 1.31411352911e-08, 4.98416907746e-09, 3.29080140915e-09, 1.66224256581e-09, 1.19230025852e-09, 2.9753788322e-10, 1.27987953569e-10, 2.99540808824e-11, 2.43012276968e-11, 1.19484777975e-11, 8.481875792e-12, 2.13872149157e-11, 2.26941469089e-11, 2.99281120719e-11, 1.45127391007e-11, 1.75960322701e-11, 5.69464787825e-12, 3.96156371596e-12, 1.914916576e-12, 1.02242140535e-12], "mean": [0.000424970116001, 0.00112753116991, 0.00121751334518, 0.00132966670208, 0.000407540850574, 0.000248180702329, 0.000114230933832, 8.22170914034e-05, 9.47589505813e-05, 4.99095294799e-05, 6.02903637628e-05, 3.60148915206e-05, 2.35774987232e-05, 7.37632308301e-06, 9.71727604338e-06, 1.15212624223e-05, 2.64247046289e-05, 2.840324305e-05, 1.85661301657e-05, 2.55151826423e-05, 5.61987180845e-05, 3.79340599466e-05, 2.92990152957e-05, 1.45838012031e-05, 1.63321037689e-05, 1.02981921373e-05, 7.19189620213e-06, 3.36280027113e-06, 2.34047229242e-06, 1.88101512322e-06, 1.57311694693e-06, 1.54603696956e-06, 1.6033798147e-06, 1.56489113579e-06, 1.40893416756e-06, 1.25060546452e-06, 8.23237996883e-07, 6.57568307361e-07, 5.1529650591e-07, 3.59471783895e-07]}, "spectral_entropy": {"min": 4.34332704544, "max": 9.80504512787, "dvar2": 0.0946942716837, "median": 7.34679985046, "dmean2": 0.30999147892, "dmean": 0.21340456605, "var": 0.270502746105, "dvar": 0.0464394204319, "mean": 7.31460952759}, "spectral_rolloff": {"min": 86.1328125, "max": 18712.3535156, "dvar2": 1731176.625, "median": 516.796875, "dmean2": 676.731628418, "dmean": 395.177825928, "var": 2221168.75, "dvar": 792199.9375, "mean": 1286.51733398}, "barkbands": {"min": [4.87769421549e-24, 4.18137489861e-23, 5.89233910247e-23, 5.59452580918e-23, 5.97176666712e-23, 1.52308514637e-23, 4.14038915696e-23, 6.9423868047e-23, 7.86771054911e-23, 6.50445477525e-23, 5.77211417616e-23, 8.76658725835e-23, 8.67623113027e-23, 1.08990158625e-22, 7.19757888992e-23, 1.60329794317e-22, 1.4224804214e-22, 1.53393737963e-22, 2.25656855247e-22, 3.58209796862e-22, 5.05569569316e-22, 5.1775483235e-22, 6.014938437e-22, 8.50834322806e-22, 1.31563116816e-21, 1.47997434598e-21, 2.44004709771e-21], "max": [0.000249277800322, 0.0333789363503, 0.0445876643062, 0.0608834214509, 0.150518685579, 0.0324237905443, 0.0184612683952, 0.0189636703581, 0.0220018010587, 0.0366136431694, 0.029308186844, 0.00473862234503, 0.00813820492476, 0.011739985086, 0.00989198312163, 0.0324090458453, 0.0278728529811, 0.0273196361959, 0.0183546226472, 0.00584514811635, 0.00427276780829, 0.00931003596634, 0.0113192973658, 0.00648302258924, 0.00319021404721, 0.000678728043567, 1.69787235791e-05], "dvar2": [6.96736487948e-11, 1.16199707918e-05, 1.27774173961e-05, 2.05920605367e-05, 6.38054771116e-05, 3.17780654768e-06, 5.15246824762e-07, 1.81426764811e-06, 1.2701631249e-06, 2.60803312813e-06, 5.29179260411e-07, 8.06607260984e-08, 1.06178283943e-07, 8.25383494885e-07, 4.25510762625e-07, 4.49065373687e-06, 3.73255375052e-06, 1.72797945197e-06, 5.19354955486e-07, 9.75890301902e-08, 5.14666176343e-08, 1.15409967805e-07, 1.37991023053e-07, 5.62430670925e-08, 9.91858151167e-09, 3.05624525687e-10, 6.40959399272e-13], "median": [7.00242935636e-07, 0.000244091308559, 0.000374019844458, 0.00037980847992, 0.00141237548087, 0.000443798664492, 9.38526063692e-05, 4.61056552012e-05, 2.58776526607e-05, 1.37955312312e-05, 1.02073236121e-05, 1.30431471916e-05, 1.76212888618e-05, 5.13429258717e-05, 2.63209494733e-05, 2.95932295558e-05, 5.36721454409e-05, 6.14823511569e-05, 4.61996969534e-05, 4.15978101955e-05, 3.85552921216e-05, 3.2678774005e-05, 2.37855692831e-05, 1.91128474398e-05, 9.6137600849e-06, 9.39858352922e-07, 4.23537960259e-09], "dmean2": [3.70668726646e-06, 0.00135238573421, 0.00140220101457, 0.0018618964823, 0.00343852769583, 0.000824219896458, 0.000303529232042, 0.000393086927943, 0.000305337394821, 0.00023481878452, 0.000129949476104, 6.75275368849e-05, 9.1136455012e-05, 0.000304504967062, 0.00020440503431, 0.000524641072843, 0.000590267125517, 0.000413208443206, 0.000251827645116, 0.000124371581478, 8.125500608e-05, 8.84339970071e-05, 8.36595863802e-05, 6.15435274085e-05, 2.99401344819e-05, 4.17512455897e-06, 1.42509435364e-07], "dmean": [2.25687836064e-06, 0.000918249366805, 0.000940337195061, 0.00123684981372, 0.00237927143462, 0.000546917435713, 0.000205710093724, 0.000270859774901, 0.000203176648938, 0.000161513060448, 9.39058809308e-05, 4.27178347309e-05, 6.1376253143e-05, 0.000205641830689, 0.000128991727252, 0.000342321320204, 0.000378784927307, 0.000262937857769, 0.00016078077897, 7.95167507022e-05, 4.92101353302e-05, 5.47672061657e-05, 5.39053544344e-05, 4.03782287322e-05, 1.95612719835e-05, 2.89222725769e-06, 8.73495693554e-08], "var": [5.09237027546e-11, 1.67696234712e-05, 1.8077360437e-05, 2.56883777183e-05, 0.000156369409524, 5.25706764165e-06, 9.75055172603e-07, 1.87924558759e-06, 1.24941925606e-06, 4.89739977638e-06, 2.49549498221e-06, 5.97138551939e-08, 1.11906942379e-07, 7.3249742627e-07, 4.93011839353e-07, 4.03252488468e-06, 5.52900519324e-06, 1.65178369116e-06, 9.43764803196e-07, 1.4343380883e-07, 2.04788701552e-08, 8.65859988153e-08, 1.3067985094e-07, 6.190398949e-08, 1.42970764117e-08, 5.21889476079e-10, 3.8555416455e-13], "dvar": [3.12054930507e-11, 5.4346151046e-06, 5.72642011321e-06, 9.38126231631e-06, 3.32692470693e-05, 1.392078957e-06, 2.6560590527e-07, 9.26116570099e-07, 5.84501776757e-07, 1.21749053505e-06, 2.95375087944e-07, 3.10539931547e-08, 5.17333482719e-08, 3.71124713183e-07, 1.83007074384e-07, 1.95750044441e-06, 1.74718479684e-06, 7.63816103699e-07, 2.50178345595e-07, 4.7935152736e-08, 1.88713507043e-08, 4.7408427406e-08, 6.06516792345e-08, 2.79324403607e-08, 5.21975973555e-09, 1.75800554669e-10, 2.522378736e-13], "mean": [2.63737479145e-06, 0.00215415959246, 0.00199332926422, 0.00215548253618, 0.00560340285301, 0.00128635927103, 0.000474211876281, 0.00045668167877, 0.000354258721927, 0.000341455568559, 0.000236094623688, 6.88746586093e-05, 9.51621404965e-05, 0.000346150365658, 0.000228328062803, 0.000545017595869, 0.000730922620278, 0.000418381212512, 0.000303729902953, 0.000146800841321, 7.56506051403e-05, 8.22269066703e-05, 8.70115472935e-05, 6.08713671681e-05, 3.17107151204e-05, 5.47339777768e-06, 1.02482381692e-07]}, "melbands_flatness_db": {"min": 0.00611924333498, "max": 0.560906112194, "dvar2": 0.00171769503504, "median": 0.229224234819, "dmean2": 0.0400383174419, "dmean": 0.027159947902, "var": 0.00572159001604, "dvar": 0.000765589880757, "mean": 0.239604786038}, "melbands_skewness": {"min": -1.65973651409, "max": 24.0558776855, "dvar2": 4.02126932144, "median": 4.03638553619, "dmean2": 1.7066835165, "dmean": 1.14191627502, "var": 14.318116188, "dvar": 1.86074316502, "mean": 4.76085853577}, "barkbands_skewness": {"min": -4.75462818146, "max": 28.529088974, "dvar2": 2.38003826141, "median": 2.40387964249, "dmean2": 1.23843884468, "dmean": 0.845034003258, "var": 7.9186258316, "dvar": 1.12528538704, "mean": 2.75655055046}, "silence_rate_60dB": {"min": 0, "max": 1, "dvar2": 0.0809678733349, "median": 0, "dmean2": 0.073890812695, "dmean": 0.0369393154979, "var": 0.0884754657745, "dvar": 0.0355724431574, "mean": 0.0981038734317}, "spectral_energyband_low": {"min": 1.53442950262e-22, "max": 0.0709367915988, "dvar2": 3.71241840185e-05, "median": 0.00144332251512, "dmean2": 0.00278305518441, "dmean": 0.00192298833281, "var": 5.99916711508e-05, "dvar": 1.77885740413e-05, "mean": 0.0048518134281}, "spectral_energyband_middle_low": {"min": 3.36131410282e-22, "max": 0.203395426273, "dvar2": 0.000102923026134, "median": 0.00590836955234, "dmean2": 0.00560690136626, "dmean": 0.00387996761128, "var": 0.000238876018557, "dvar": 5.23794988112e-05, "mean": 0.0105488235131}, "melbands_kurtosis": {"min": -1.90166759491, "max": 900.351745605, "dvar2": 4257.9609375, "median": 22.8785457611, "dmean2": 34.130645752, "dmean": 22.4495029449, "var": 8113.74658203, "dvar": 1939.1932373, "mean": 55.2323303223}, "spectral_decrease": {"min": -5.31998232134e-08, "max": 4.8057817171e-29, "dvar2": 9.20939632471e-18, "median": -3.38994321503e-09, "dmean2": 2.01818584067e-09, "dmean": 1.40864142573e-09, "var": 2.00311876933e-17, "dvar": 4.54344130209e-18, "mean": -4.53303750092e-09}, "erbbands_kurtosis": {"min": -1.92276656628, "max": 95.0803833008, "dvar2": 19.038318634, "median": 0.014091915451, "dmean2": 2.73193669319, "dmean": 1.81801974773, "var": 32.0543937683, "dvar": 9.48308944702, "mean": 1.89280569553}, "melbands_crest": {"min": 2.64706206322, "max": 34.5567626953, "dvar2": 18.9615745544, "median": 16.917766571, "dmean2": 4.66181898117, "dmean": 2.99791479111, "var": 38.6715698242, "dvar": 8.04841899872, "mean": 17.3993301392}, "melbands_spread": {"min": 0.277849018574, "max": 236.083312988, "dvar2": 284.890594482, "median": 11.9397964478, "dmean2": 10.6656637192, "dmean": 6.98414945602, "var": 601.368041992, "dvar": 133.777130127, "mean": 22.0364952087}, "spectral_energy": {"min": 1.05692501937e-20, "max": 0.204688757658, "dvar2": 0.000143218072481, "median": 0.0139216873795, "dmean2": 0.00810561981052, "dmean": 0.00564239965752, "var": 0.000305262394249, "dvar": 7.03414189047e-05, "mean": 0.0182844679803}, "mfcc": {"mean": [-699.808349609, 92.3345718384, 13.5331201553, 44.6158332825, 18.5816059113, 4.4113073349, -9.93909072876, -4.64424085617, -8.13419437408, -3.21273756027, -2.95236253738, -3.35418701172, -7.71017932892], "icov": [[0.000266903953161, 5.75631383981e-06, 0.000175505585503, 7.96907479526e-05, -1.372998031e-05, -0.000116593371786, 0.000257385225268, -0.000312459480483, 0.000154447596287, -0.000179238646524, -1.56649439305e-05, 3.16638761433e-05, 9.15035125217e-05], [5.75631383981e-06, 0.00132805795874, 6.13698503003e-05, -0.000134033121867, -5.06628712174e-05, 0.000247165648034, -1.52684660861e-05, -0.000126993429149, -9.68577514868e-05, -7.61586998124e-05, -0.000458075723145, -0.000690843618941, 0.000638295139652], [0.000175505585503, 6.13698503003e-05, 0.00183969142381, -0.000928715686314, 0.000958052522037, -0.00206118798815, 0.000196232533199, -0.000383144069929, 0.000865544250701, -5.80876221647e-05, 0.000697311304975, -0.000540614419151, 0.000853482750244], [7.96907479526e-05, -0.000134033121867, -0.000928715686314, 0.0043281391263, -0.00336214154959, 0.0018331714673, -0.00162724591792, 0.000647824490443, -0.000531078490894, 0.000968282984104, -0.000392443413148, 0.000861745967995, -0.00145957048517], [-1.372998031e-05, -5.06628712174e-05, 0.000958052522037, -0.00336214154959, 0.00648135086522, -0.0034356941469, 0.00264236959629, 0.000528456643224, -0.00120827637147, -0.000493517552968, -0.000136512302561, -0.000349295994965, -0.000230517747696], [-0.000116593371786, 0.000247165648034, -0.00206118798815, 0.0018331714673, -0.0034356941469, 0.00876619853079, -0.00579671328887, 0.00232714926824, -0.00168849364854, 0.00120701035485, -0.00103989860509, -0.000639807549305, 0.000210158978007], [0.000257385225268, -1.52684660861e-05, 0.000196232533199, -0.00162724591792, 0.00264236959629, -0.00579671328887, 0.013021863997, -0.00753626786172, 0.00260702171363, -0.00161081482656, 0.000633817806374, 0.000565170019399, -0.00135751022026], [-0.000312459480483, -0.000126993429149, -0.000383144069929, 0.000647824490443, 0.000528456643224, 0.00232714926824, -0.00753626786172, 0.0117092225701, -0.0056134709157, 0.00122010160703, -0.000941291509662, 0.000105579689262, -0.000123881225591], [0.000154447596287, -9.68577514868e-05, 0.000865544250701, -0.000531078490894, -0.00120827637147, -0.00168849364854, 0.00260702171363, -0.0056134709157, 0.0131395524368, -0.00672096200287, 0.00316828372888, -0.00126044079661, -0.00135470053647], [-0.000179238646524, -7.61586998124e-05, -5.80876221647e-05, 0.000968282984104, -0.000493517552968, 0.00120701035485, -0.00161081482656, 0.00122010160703, -0.00672096200287, 0.0157126765698, -0.00929074175656, 0.0049099731259, -0.0017208782956], [-1.56649439305e-05, -0.000458075723145, 0.000697311304975, -0.000392443413148, -0.000136512302561, -0.00103989860509, 0.000633817806374, -0.000941291509662, 0.00316828372888, -0.00929074175656, 0.0159689374268, -0.00667315209284, 0.00155510462355], [3.16638761433e-05, -0.000690843618941, -0.000540614419151, 0.000861745967995, -0.000349295994965, -0.000639807549305, 0.000565170019399, 0.000105579689262, -0.00126044079661, 0.0049099731259, -0.00667315209284, 0.013438327238, -0.005132175982], [9.15035125217e-05, 0.000638295139652, 0.000853482750244, -0.00145957048517, -0.000230517747696, 0.000210158978007, -0.00135751022026, -0.000123881225591, -0.00135470053647, -0.0017208782956, 0.00155510462355, -0.005132175982, 0.0125193009153]], "cov": [[4633.99462891, 73.271446228, -851.444030762, -309.557495117, -62.842666626, -224.517807007, -153.505615234, 89.9800567627, 76.3849182129, 161.525390625, 96.0572509766, -42.9164962769, -27.8493309021], [73.271446228, 831.828063965, -99.465637207, 17.7448730469, 25.8277435303, -45.2881546021, -21.6970233917, 13.9749698639, 25.8662910461, 37.3935966492, 68.3072509766, 54.3586540222, -13.3371162415], [-851.444030762, -99.465637207, 1180.30847168, 164.283538818, -19.659122467, 338.373138428, 188.359680176, 21.1629772186, -94.895111084, -120.726791382, -72.7784957886, 23.8133907318, -43.487323761], [-309.557495117, 17.7448730469, 164.283538818, 484.004577637, 259.651000977, 64.908782959, 27.4144248962, -18.4440879822, 34.799446106, -10.3267183304, -3.4679710865, 15.0418682098, 62.0107002258], [-62.842666626, 25.8277435303, -19.659122467, 259.651000977, 372.678710938, 86.2556228638, -34.6591033936, -43.5722999573, 61.6222496033, 26.483833313, 25.3195800781, 27.5696277618, 50.4444122314], [-224.517807007, -45.2881546021, 338.373138428, 64.908782959, 86.2556228638, 302.067932129, 139.548065186, 34.1147537231, 11.4545602798, -16.6502761841, 1.92060279846, 30.7360801697, 11.7483062744], [-153.505615234, -21.6970233917, 188.359680176, 27.4144248962, -34.6591033936, 139.548065186, 221.132095337, 126.460319519, 22.1039276123, 7.81503105164, 0.680725336075, 8.33142852783, 21.6288394928], [89.9800567627, 13.9749698639, 21.1629772186, -18.4440879822, -43.5722999573, 34.1147537231, 126.460319519, 200.420471191, 76.6623764038, 38.0292701721, 14.7766971588, 5.70255613327, 23.3826942444], [76.3849182129, 25.8662910461, -94.895111084, 34.799446106, 61.6222496033, 11.4545602798, 22.1039276123, 76.6623764038, 158.847290039, 80.848739624, 26.4407234192, 10.2288579941, 41.9579658508], [161.525390625, 37.3935966492, -120.726791382, -10.3267183304, 26.483833313, -16.6502761841, 7.81503105164, 38.0292701721, 80.848739624, 147.525238037, 72.9916000366, -4.23174858093, 24.1557273865], [96.0572509766, 68.3072509766, -72.7784957886, -3.4679710865, 25.3195800781, 1.92060279846, 0.680725336075, 14.7766971588, 26.4407234192, 72.9916000366, 123.172790527, 44.6190872192, 16.9120197296], [-42.9164962769, 54.3586540222, 23.8133907318, 15.0418682098, 27.5696277618, 30.7360801697, 8.33142852783, 5.70255613327, 10.2288579941, -4.23174858093, 44.6190872192, 120.113342285, 42.8460769653], [-27.8493309021, -13.3371162415, -43.487323761, 62.0107002258, 50.4444122314, 11.7483062744, 21.6288394928, 23.3826942444, 41.9579658508, 24.1557273865, 16.9120197296, 42.8460769653, 117.586959839]]}, "spectral_contrast_valleys": {"min": [-26.9139137268, -27.684928894, -27.1221656799, -27.4465351105, -27.3027076721, -27.2415370941], "max": [-5.43695688248, -5.74664926529, -6.51059389114, -6.54076766968, -5.96280002594, -7.4353260994], "dvar2": [0.322424948215, 0.301557540894, 0.233188346028, 0.209147036076, 0.166160017252, 0.24436467886], "median": [-8.0931596756, -8.06541252136, -8.73662757874, -8.55452442169, -7.89591121674, -10.1896038055], "dmean2": [0.677057564259, 0.637550473213, 0.563674986362, 0.486279726028, 0.392096370459, 0.366125077009], "dmean": [0.425293505192, 0.388406932354, 0.345282495022, 0.300805985928, 0.253670394421, 0.260060727596], "var": [0.986962139606, 0.674203693867, 0.612595677376, 0.571952104568, 0.505710780621, 0.637865364552], "dvar": [0.161157667637, 0.130012333393, 0.106266275048, 0.0969718471169, 0.0844361931086, 0.120180144906], "mean": [-8.10351467133, -8.12753200531, -8.82043266296, -8.59776592255, -7.94146633148, -10.2334079742]}, "barkbands_flatness_db": {"min": 0.0364798270166, "max": 0.462080538273, "dvar2": 0.00118960707914, "median": 0.187714874744, "dmean2": 0.0354776605964, "dmean": 0.0234805177897, "var": 0.00346602988429, "dvar": 0.000539229658898, "mean": 0.196415796876}, "dynamic_complexity": 3.57945466042, "spectral_skewness": {"min": -0.156777665019, "max": 4.0022444725, "dvar2": 0.09973500669, "median": 1.25144016743, "dmean2": 0.317779570818, "dmean": 0.199557766318, "var": 0.14987334609, "dvar": 0.0375982187688, "mean": 1.2598721981}, "erbbands_flatness_db": {"min": 0.0674639046192, "max": 0.36588665843, "dvar2": 0.000791946193203, "median": 0.171373769641, "dmean2": 0.0273274648935, "dmean": 0.0184814818203,