{"lowlevel": {"spectral_complexity": {"min": 0, "max": 59, "dvar2": 17.9337749481, "median": 12, "dmean2": 3.69611620903, "dmean": 2.33202457428, "var": 43.1982040405, "dvar": 8.43755722046, "mean": 13.1555862427}, "silence_rate_20dB": {"min": 1, "max": 1, "dvar2": 0, "median": 1, "dmean2": 0, "dmean": 0, "var": 0, "dvar": 0, "mean": 1}, "average_loudness": 0.850814044476, "erbbands_spread": {"min": 4.61684179306, "max": 105.444671631, "dvar2": 80.6183853149, "median": 23.6105232239, "dmean2": 8.81730747223, "dmean": 5.50474405289, "var": 195.344284058, "dvar": 32.7793159485, "mean": 27.2876148224}, "spectral_kurtosis": {"min": -1.28034651279, "max": 248.506622314, "dvar2": 741.79510498, "median": 22.612405777, "dmean2": 20.4760150909, "dmean": 12.4624795914, "var": 476.126434326, "dvar": 272.224182129, "mean": 27.9528007507}, "barkbands_kurtosis": {"min": -1.9175914526, "max": 949.433898926, "dvar2": 1427.19873047, "median": 17.0077419281, "dmean2": 14.9103603363, "dmean": 9.04848670959, "var": 621.381164551, "dvar": 478.658355713, "mean": 21.7772769928}, "spectral_strongpeak": {"min": 0, "max": 245.936096191, "dvar2": 1747.54870605, "median": 0.446021020412, "dmean2": 17.2801761627, "dmean": 9.31523227692, "var": 994.446411133, "dvar": 646.754272461, "mean": 10.982216835}, "spectral_spread": {"min": 798602.875, "max": 51157388, "dvar2": 1579286134780.0, "median": 3576708.5, "dmean2": 1183173.375, "dmean": 721381.6875, "var": 19664551804900.0, "dvar": 671695437824, "mean": 4082517.25}, "spectral_rms": {"min": 3.1253688873e-12, "max": 0.0175429489464, "dvar2": 2.5015144729e-06, "median": 0.00793432164937, "dmean2": 0.00156257872004, "dmean": 0.000985666061752, "var": 7.52372443458e-06, "dvar": 9.60262809713e-07, "mean": 0.00784774124622}, "erbbands": {"min": [7.05258120683e-23, 2.45280533882e-22, 1.93197846754e-21, 2.90523743951e-21, 6.81444636436e-21, 1.95025261595e-20, 4.15666335744e-20, 3.89669600055e-20, 1.10357293297e-19, 9.28797812101e-20, 2.1181554492e-19, 2.25791769496e-19, 4.21998235312e-19, 8.21958776442e-19, 7.67533755955e-19, 8.27363109276e-19, 1.78807393715e-18, 1.96506494564e-18, 2.32965389961e-18, 2.27870991363e-18, 3.68681099178e-18, 2.93764033523e-18, 4.0942809887e-18, 6.57241897814e-18, 7.03605867456e-18, 7.99120660942e-18, 9.46066484348e-18, 9.87010849334e-18, 1.27025477915e-17, 9.53173702889e-18, 1.043872899e-17, 1.11015976185e-17, 8.42309663239e-18, 8.17748768336e-18, 5.4355783402e-18, 3.86247851129e-18, 2.33996718748e-18, 1.01388023989e-18, 2.46421292081e-19, 2.66619488445e-20], "max": [9.56473731995, 50.8494949341, 147.67616272, 204.773239136, 466.307342529, 861.189147949, 692.429931641, 902.540283203, 568.129333496, 477.671936035, 646.467224121, 972.524475098, 660.134399414, 775.02331543, 463.414886475, 937.691040039, 555.688598633, 337.858428955, 572.110107422, 621.586853027, 520.306213379, 864.613891602, 734.43572998, 424.413909912, 340.788330078, 636.450073242, 579.395141602, 309.08895874, 189.473373413, 50.5251579285, 8.73062229156, 3.56545615196, 1.32658302784, 0.915808975697, 0.599641919136, 0.357676386833, 0.191338062286, 1.53357326984, 0.781119406223, 0.107611782849], "dvar2": [0.998001873493, 26.1514034271, 178.143966675, 462.89453125, 774.848632812, 2626.93115234, 1752.50402832, 1666.8293457, 648.736877441, 728.414916992, 1124.70068359, 912.891662598, 821.499206543, 602.526794434, 546.576721191, 635.982543945, 379.24597168, 245.346954346, 470.214202881, 677.135742188, 262.341125488, 544.976989746, 315.274353027, 159.636962891, 154.492874146, 261.457061768, 222.20803833, 110.752296448, 40.9283561707, 4.37520170212, 0.293967008591, 0.0456437058747, 0.0187144745141, 0.00867096707225, 0.00344159197994, 0.00111313723028, 0.000326137000229, 0.00132787937764, 0.000490944192279, 2.56999210251e-05], "median": [0.328163176775, 1.80215990543, 3.97303199768, 8.10391616821, 10.9851875305, 20.7255706787, 12.9125394821, 14.2863321304, 13.3445606232, 14.2021989822, 9.60242176056, 10.4861955643, 6.30956840515, 6.63063907623, 7.56815195084, 7.83789825439, 4.30686283112, 2.60437989235, 2.62577009201, 2.21592760086, 1.69640314579, 0.989288151264, 0.565281569958, 0.401488125324, 0.356770664454, 0.272280573845, 0.177233755589, 0.1301240623, 0.0941028743982, 0.0702148899436, 0.048904940486, 0.0306504890323, 0.0180917009711, 0.0127260861918, 0.00890382193029, 0.0058291843161, 0.00448718527332, 0.00312255951576, 0.00359554192983, 0.0101988157257], "dmean2": [0.589620530605, 2.9218609333, 8.52913093567, 14.462937355, 18.0688533783, 32.5309677124, 21.0381126404, 19.6071109772, 17.2840518951, 18.4333400726, 15.6695795059, 15.7910690308, 10.3344526291, 10.9160480499, 12.3689165115, 12.6384096146, 8.28380966187, 5.32870960236, 6.14804458618, 6.9126625061, 4.50947904587, 4.65992498398, 3.64141964912, 3.04594540596, 3.02129507065, 3.50127673149, 2.91203808784, 2.46056461334, 1.63410806656, 0.602936983109, 0.236616805196, 0.125493183732, 0.0820838212967, 0.0561275184155, 0.0361609831452, 0.0213192459196, 0.0122511805966, 0.011989325285, 0.00666146306321, 0.00422200188041], "dmean": [0.369788438082, 1.77949225903, 5.14811420441, 8.58257484436, 10.6781177521, 21.1255569458, 13.4993076324, 12.8513889313, 10.4694929123, 11.5636816025, 9.40550422668, 9.60506820679, 6.35563278198, 6.63031053543, 7.43854141235, 7.69197654724, 5.10303926468, 3.31270813942, 3.8491256237, 4.47184991837, 2.94098138809, 2.94279718399, 2.28971624374, 1.9051618576, 1.91698849201, 2.28375220299, 1.92874133587, 1.61537754536, 1.04450297356, 0.38053008914, 0.143045842648, 0.0736901536584, 0.0476605817676, 0.0326313786209, 0.0210870299488, 0.0124905714765, 0.00732668675482, 0.00794772617519, 0.00470692990348, 0.00265874085017], "var": [1.88984084129, 20.0092182159, 119.801940918, 259.785797119, 542.828979492, 2564.2578125, 1953.86657715, 1707.65588379, 698.619934082, 678.852600098, 998.942932129, 751.778869629, 610.977661133, 367.819976807, 319.826477051, 441.61819458, 302.749145508, 168.437225342, 267.966278076, 435.892669678, 211.212615967, 462.462310791, 269.236663818, 160.95526123, 162.389022827, 285.06628418, 230.820266724, 128.077362061, 44.8727340698, 3.99078369141, 0.205951020122, 0.0209979880601, 0.00678325118497, 0.00314148841426, 0.00127213273663, 0.000425776379416, 0.000186078148545, 0.00228846794926, 0.00109269144014, 6.43944513286e-05], "dvar": [0.390158772469, 9.79232501984, 65.1716003418, 162.749908447, 291.860900879, 1148.30456543, 764.388000488, 692.356445312, 264.089691162, 286.058288574, 442.385681152, 381.792022705, 327.864501953, 225.534606934, 212.181137085, 280.436828613, 155.494216919, 104.492210388, 197.083511353, 288.911956787, 120.457931519, 242.540344238, 148.174331665, 71.6514358521, 70.3049545288, 122.853523254, 107.074279785, 54.6304893494, 19.8713264465, 1.98728835583, 0.121339038014, 0.017957419157, 0.00702658062801, 0.00325321545824, 0.0012930536177, 0.000419086311013, 0.000130343527417, 0.000746978679672, 0.000288189243292, 1.02751364466e-05], "mean": [1.02647137642, 3.37327313423, 8.10390949249, 13.4374361038, 18.1069297791, 37.1316986084, 26.3169536591, 25.8309936523, 19.9778652191, 22.5613613129, 17.2118282318, 16.7046222687, 11.5514392853, 12.421084404, 12.7092428207, 13.4725656509, 9.15885639191, 5.52434015274, 6.19814682007, 7.00601768494, 4.76285839081, 4.28164243698, 3.34419608116, 3.08050394058, 3.37267136574, 3.97032666206, 3.23310446739, 2.70759916306, 1.772585392, 0.585949778557, 0.191408202052, 0.0799813568592, 0.0464595109224, 0.0319761820138, 0.0211011003703, 0.0129321906716, 0.00916881952435, 0.015237390995, 0.0120927020907, 0.0119236465544]}, "zerocrossingrate": {"min": 0, "max": 0.8515625, "dvar2": 0.00226581003517, "median": 0.28271484375, "dmean2": 0.0545529983938, "dmean": 0.0426562614739, "var": 0.0188236422837, "dvar": 0.0013610040769, "mean": 0.29978248477}, "spectral_contrast_coeffs": {"min": [-0.979178607464, -0.978284358978, -0.976608932018, -0.978476285934, -0.971796989441, -0.964825868607], "max": [-0.314555704594, -0.486476331949, -0.597669661045, -0.580867886543, -0.651527881622, -0.400051891804], "dvar2": [0.00498533016071, 0.0033188064117, 0.00220661563799, 0.001752916025, 0.00174575764686, 0.00307947234251], "median": [-0.642099142075, -0.75550621748, -0.800385951996, -0.819974660873, -0.846226215363, -0.84572404623], "dmean2": [0.0869891270995, 0.0731912106276, 0.0604058392346, 0.0509222969413, 0.0484430082142, 0.0504676662385], "dmean": [0.0521996542811, 0.0443357005715, 0.03596759215, 0.0307710524648, 0.0290659014136, 0.0313825532794], "var": [0.00986660644412, 0.00402683950961, 0.00224938709289, 0.00232776696794, 0.0026911245659, 0.00820346176624], "dvar": [0.00177938665729, 0.00120641954709, 0.000793423096184, 0.000633712043054, 0.000650923757348, 0.00124712986872], "mean": [-0.642845392227, -0.754513025284, -0.800795733929, -0.822321295738, -0.852342367172, -0.807311236858]}, "dissonance": {"min": 0.115283690393, "max": 0.500000059605, "dvar2": 0.00188222446013, "median": 0.452909201384, "dmean2": 0.0476294346154, "dmean": 0.0282514113933, "var": 0.00139229826164, "dvar": 0.000676848518196, "mean": 0.445622414351}, "spectral_energyband_high": {"min": 7.0775584616e-21, "max": 0.022747496143, "dvar2": 3.77600628099e-07, "median": 6.64944236632e-05, "dmean2": 0.000180151328095, "dmean": 0.000122240744531, "var": 6.87651379394e-07, "dvar": 2.12673342048e-07, "mean": 0.000264799833531}, "gfcc": {"mean": [-49.8719711304, 132.467071533, -54.1805076599, -6.50355005264, -18.7911281586, -14.1693878174, -6.98516988754, -17.1971378326, -5.89653921127, -8.02272224426, -4.10906839371, -5.48185777664, -0.92355877161], "icov": [[0.000132263259729, -0.000564782996662, 0.000538792170119, -0.000407557643484, 0.000411510380218, -0.000164058059454, 0.000220728717977, -0.0002361213119, 0.0005431472091, -0.000318458856782, 0.00039629265666, -0.000310466799419, 0.000176325003849], [-0.000564782996662, 0.00419484544545, -0.00256967474706, 0.00254303938709, -0.00150496291462, 0.0002185467456, -0.00184810115024, 0.00252408557571, -0.00472412910312, 0.00353880762123, -0.00352797913365, 0.00365861877799, -0.00225612288341], [0.000538792170119, -0.00256967474706, 0.005867541302, -0.00175866729114, 0.00230333069339, -0.0022543806117, 0.000658693374135, -0.00269797770306, 0.00266235950403, -0.00135527679231, 0.00083220412489, -0.000337959470926, -0.000615083554294], [-0.000407557643484, 0.00254303938709, -0.00175866729114, 0.00650255335495, -0.00258448603563, 0.00140922528226, -0.003373950487, 0.000127772014821, 0.000393030699342, -0.00318942056037, 0.00353090977296, -0.00307556660846, 0.0019827329088], [0.000411510380218, -0.00150496291462, 0.00230333069339, -0.00258448603563, 0.0087081193924, -0.00358575838618, 0.000441441196017, 0.0031013621483, -0.00419280445203, 0.0041879946366, -0.00372840394266, 0.0039449702017, -0.00205594627187], [-0.000164058059454, 0.0002185467456, -0.0022543806117, 0.00140922528226, -0.00358575838618, 0.00926731992513, 0.000755133689381, -0.00576914055273, 0.0036333501339, -0.00501695042476, 0.00296035502106, -0.00142103980761, 0.000597222300712], [0.000220728717977, -0.00184810115024, 0.000658693374135, -0.003373950487, 0.000441441196017, 0.000755133689381, 0.0069477558136, -0.0011044308776, -0.000814179249573, 0.00015702105884, -0.0002399446239, -0.0035956974607, 0.00313256797381], [-0.0002361213119, 0.00252408557571, -0.00269797770306, 0.000127772014821, 0.0031013621483, -0.00576914055273, -0.0011044308776, 0.0141142550856, -0.00844689644873, 0.00496939243749, -0.00663131475449, 0.00311654433608, -0.00349789578468], [0.0005431472091, -0.00472412910312, 0.00266235950403, 0.000393030699342, -0.00419280445203, 0.0036333501339, -0.000814179249573, -0.00844689644873, 0.0246359221637, -0.0168731585145, 0.0123513136059, -0.00692648533732, 0.000997001654468], [-0.000318458856782, 0.00353880762123, -0.00135527679231, -0.00318942056037, 0.0041879946366, -0.00501695042476, 0.00015702105884, 0.00496939243749, -0.0168731585145, 0.0303930230439, -0.0135731445625, 0.00765087781474, -0.00180703517981], [0.00039629265666, -0.00352797913365, 0.00083220412489, 0.00353090977296, -0.00372840394266, 0.00296035502106, -0.0002399446239, -0.00663131475449, 0.0123513136059, -0.0135731445625, 0.0286374948919, -0.0153347626328, 0.00122393982019], [-0.000310466799419, 0.00365861877799, -0.000337959470926, -0.00307556660846, 0.0039449702017, -0.00142103980761, -0.0035956974607, 0.00311654433608, -0.00692648533732, 0.00765087781474, -0.0153347626328, 0.0319259986281, -0.0110545707867], [0.000176325003849, -0.00225612288341, -0.000615083554294, 0.0019827329088, -0.00205594627187, 0.000597222300712, 0.00313256797381, -0.00349789578468, 0.000997001654468, -0.00180703517981, 0.00122393982019, -0.0110545707867, 0.027656506747]], "cov": [[24003.3769531, 2060.28271484, -1347.8001709, 458.566986084, -426.781280518, -423.472473145, 165.113388062, -468.54598999, -125.023376465, -104.894950867, -224.25390625, -38.2971000671, -156.087722778], [2060.28271484, 1203.62890625, 83.0004959106, -421.821838379, 145.317947388, 13.4532308578, -44.2192993164, -50.6271629333, 83.0693588257, -70.8426589966, 56.7679138184, -84.2338485718, 82.4524002075], [-1347.8001709, 83.0004959106, 463.797576904, -93.9975967407, -27.0193691254, 187.107269287, -36.8808784485, 164.511184692, 12.0069913864, 25.4299716949, 47.5417327881, 1.75754868984, 51.1799621582], [458.566986084, -421.821838379, -93.9975967407, 556.590270996, -36.6452445984, -72.0208740234, 224.812240601, -22.3962440491, 7.49823570251, 59.4463005066, -61.4309959412, 65.7469940186, -76.180770874], [-426.781280518, 145.317947388, -27.0193691254, -36.6452445984, 223.393005371, 21.3798522949, 0.248973831534, -34.5903930664, 42.4766960144, -13.033288002, 8.91434764862, -25.9910354614, 15.1774988174], [-423.472473145, 13.4532308578, 187.107269287, -72.0208740234, 21.3798522949, 259.021484375, -57.8624954224, 140.055984497, 11.437792778, 32.9101753235, 26.3884391785, -3.35605788231, 32.6142501831], [165.113388062, -44.2192993164, -36.8808784485, 224.812240601, 0.248973831534, -57.8624954224, 287.706604004, -7.44885730743, 37.2861404419, 23.0033283234, -6.99474525452, 45.490020752, -35.2078132629], [-468.54598999, -50.6271629333, 164.511184692, -22.3962440491, -34.5903930664, 140.055984497, -7.44885730743, 195.593673706, 32.3618659973, 32.4618873596, 34.0038261414, 17.5677604675, 30.5790348053], [-125.023376465, 83.0693588257, 12.0069913864, 7.49823570251, 42.4766960144, 11.437792778, 37.2861404419, 32.3618659973, 102.527954102, 36.3175926208, -3.8126950264, 1.41119790077, 9.49313735962], [-104.894950867, -70.8426589966, 25.4299716949, 59.4463005066, -13.033288002, 32.9101753235, 23.0033283234, 32.4618873596, 36.3175926208, 71.6688995361, 11.7349767685, 11.3847293854, -1.58119869232], [-224.25390625, 56.7679138184, 47.5417327881, -61.4309959412, 8.91434764862, 26.3884391785, -6.99474525452, 34.0038261414, -3.8126950264, 11.7349767685, 75.8402328491, 22.7362632751, 23.3436527252], [-38.2971000671, -84.2338485718, 1.75754868984, 65.7469940186, -25.9910354614, -3.35605788231, 45.490020752, 17.5677604675, 1.41119790077, 11.3847293854, 22.7362632751, 65.2788162231, 9.68734073639], [-156.087722778, 82.4524002075, 51.1799621582, -76.180770874, 15.1774988174, 32.6142501831, -35.2078132629, 30.5790348053, 9.49313735962, -1.58119869232, 23.3436527252, 9.68734073639, 61.1518478394]]}, "spectral_flux": {"min": 6.27447677148e-11, "max": 0.447906196117, "dvar2": 0.00180468766484, "median": 0.106312699616, "dmean2": 0.040688470006, "dmean": 0.0245188586414, "var": 0.00239060097374, "dvar": 0.000686781248078, "mean": 0.110420949757}, "silence_rate_30dB": {"min": 0, "max": 1, "dvar2": 0.179953470826, "median": 1, "dmean2": 0.173794284463, "dmean": 0.0868897214532, "var": 0.168621450663, "dvar": 0.0793398991227, "mean": 0.785269260406}, "spectral_energyband_middle_high": {"min": 1.18566859332e-21, "max": 0.0471787936985, "dvar2": 4.52408994533e-06, "median": 0.00111193838529, "dmean2": 0.00104208651464, "dmean": 0.00067023083102, "var": 5.2226587286e-06, "dvar": 2.11507995118e-06, "mean": 0.00168930739164}, "barkbands_spread": {"min": 0.564884781837, "max": 139.921417236, "dvar2": 38.4548454285, "median": 6.61542081833, "dmean2": 4.2035112381, "dmean": 2.68079280853, "var": 78.4237213135, "dvar": 17.6840667725, "mean": 8.82917976379}, "spectral_centroid": {"min": 175.566329956, "max": 11837.9375, "dvar2": 82959.2109375, "median": 398.783203125, "dmean2": 169.52482605, "dmean": 107.537528992, "var": 1644411.375, "dvar": 44208.4882812, "mean": 642.545043945}, "pitch_salience": {"min": 0.0223081540316, "max": 0.834854722023, "dvar2": 0.00886898115277, "median": 0.546709179878, "dmean2": 0.112374544144, "dmean": 0.0679619982839, "var": 0.0146380849183, "dvar": 0.00323422229849, "mean": 0.53428632021}, "erbbands_skewness": {"min": -2.5389983654, "max": 4.65542602539, "dvar2": 0.254007428885, "median": 0.826709449291, "dmean2": 0.585424125195, "dmean": 0.373457551003, "var": 0.478229820728, "dvar": 0.102958351374, "mean": 0.827923119068}, "erbbands_crest": {"min": 1.83894026279, "max": 25.0136203766, "dvar2": 10.0179567337, "median": 8.07936763763, "dmean2": 3.71759223938, "dmean": 2.29816102982, "var": 12.2164621353, "dvar": 4.10189628601, "mean": 8.78794193268}, "melbands": {"min": [5.98189378732e-25, 7.95011456484e-25, 4.47996869088e-25, 9.52031064224e-25, 1.3235291331e-24, 9.04126499679e-25, 1.91131057688e-24, 1.29238963773e-24, 1.85470605984e-24, 1.6305613902e-24, 2.25464986131e-24, 2.98352105014e-24, 1.44169369278e-24, 1.6015624689e-24, 2.84214810402e-24, 3.12654587099e-24, 2.64399452767e-24, 2.42051930512e-24, 2.83556624306e-24, 2.17737363868e-24, 3.56402623813e-24, 2.77413015019e-24, 2.92904507704e-24, 3.69043370402e-24, 4.41960426555e-24, 4.04458846868e-24, 4.20916654719e-24, 4.0273013708e-24, 4.92717038818e-24, 4.67347942638e-24, 4.88023986963e-24, 6.40275246076e-24, 5.37106794157e-24, 4.72121103317e-24, 4.5131876236e-24, 4.49548045729e-24, 6.21314777004e-24, 5.06964892285e-24, 5.9265005662e-24, 6.48732387183e-24], "max": [0.0737112388015, 0.0680213794112, 0.0407116189599, 0.0447551570833, 0.0256458427757, 0.0182902049273, 0.00750319845974, 0.00546940276399, 0.00578250223771, 0.00589364394546, 0.00323079456575, 0.00316644483246, 0.00170092727058, 0.00336941564456, 0.00212088041008, 0.00067809515167, 0.000737567432225, 0.00107674102765, 0.000783499563113, 0.000809188757557, 0.000562301371247, 0.000807199627161, 0.000925617408939, 0.000474455358926, 0.000346994085703, 0.000258577027125, 0.000292110285955, 0.000502139388118, 0.000340724480338, 0.000303701439407, 0.000175455483259, 0.000111794644909, 7.26745856809e-05, 2.17426695599e-05, 6.54316545479e-06, 3.02408489006e-06, 1.46899378706e-06, 9.42497308642e-07, 8.33659271393e-07, 7.5215882589e-07], "dvar2": [5.78997933189e-05, 3.60980302503e-05, 1.30709249788e-05, 6.48601189823e-06, 1.97600138563e-06, 7.60220586926e-07, 1.37136936473e-07, 9.09381014935e-08, 8.36423978967e-08, 3.6768348366e-08, 2.04971239981e-08, 1.05322452981e-08, 5.26844523563e-09, 1.06367510355e-08, 3.22689786003e-09, 1.18999698984e-09, 1.1301006797e-09, 1.5076762061e-09, 8.81639539152e-10, 1.22410148684e-09, 3.46406653362e-10, 6.85695056291e-10, 6.11874939604e-10, 1.288300161e-10, 1.23944229879e-10, 1.138032793e-10, 9.04712971206e-11, 1.47957576746e-10, 8.83475861913e-11, 9.17409412327e-11, 3.97658954376e-11, 1.80826898594e-11, 7.44069042491e-12, 6.70150295933e-13, 1.26634854404e-13, 3.54358435769e-14, 1.38320607342e-14, 9.51668536591e-15, 7.34733403811e-15, 5.78622436423e-15], "median": [0.00336761586368, 0.00253234198317, 0.00162392447237, 0.00125155772548, 0.000614454096649, 0.000325837725541, 0.000205565229408, 0.000141780270496, 7.62738418416e-05, 6.39310455881e-05, 2.96714988508e-05, 2.56735511357e-05, 2.21758800762e-05, 2.39596793108e-05, 1.29755999296e-05, 6.86890143697e-06, 4.32529077443e-06, 4.37347307525e-06, 2.77078402178e-06, 2.92955792247e-06, 1.6623631609e-06, 1.02292528936e-06, 6.22641152859e-07, 3.99317940492e-07, 3.07005223021e-07, 2.6894133498e-07, 2.33861541687e-07, 1.626250139e-07, 1.1264799582e-07, 9.31367267754e-08, 6.87930281629e-08, 5.48533556355e-08, 4.46322729886e-08, 3.51966988887e-08, 2.81554033421e-08, 2.24081198041e-08, 1.54824721932e-08, 1.22571846006e-08, 1.11520161994e-08, 1.04673869572e-08], "dmean2": [0.00458456436172, 0.00398277770728, 0.00251381401904, 0.00173528515734, 0.000833165133372, 0.000433168519521, 0.000259992986685, 0.000195582280867, 0.000133744790219, 9.84707294265e-05, 5.24948372913e-05, 4.60345218016e-05, 3.64293300663e-05, 4.75520864711e-05, 2.55876329902e-05, 1.49158804561e-05, 1.06226352727e-05, 1.10731289169e-05, 8.75537625689e-06, 9.48372053244e-06, 5.07424010721e-06, 5.2745767789e-06, 4.39150653619e-06, 2.67998143499e-06, 2.64932782557e-06, 2.50662196777e-06, 2.40848089561e-06, 2.51929077422e-06, 2.00644967663e-06, 1.7386238369e-06, 1.48584945237e-06, 1.07545884021e-06, 6.57819555272e-07, 2.57145899241e-07, 1.46599433037e-07, 9.74737375259e-08, 6.99856386177e-08, 5.84780259771e-08, 5.12524991336e-08, 4.5977049723e-08], "dmean": [0.00286126579158, 0.00241029891185, 0.00148564809933, 0.00110077625141, 0.000541821238585, 0.000282890658127, 0.000157889502589, 0.000122618061141, 7.98823675723e-05, 6.01048122917e-05, 3.22090018017e-05, 2.78781189991e-05, 2.1855425075e-05, 2.87103557639e-05, 1.56848618644e-05, 9.16427961783e-06, 6.51793379802e-06, 6.84718133925e-06, 5.61865681448e-06, 6.05751347393e-06, 3.2531886518e-06, 3.26000304085e-06, 2.71741510005e-06, 1.6666620013e-06, 1.63308243373e-06, 1.56632586368e-06, 1.52645247908e-06, 1.62233163792e-06, 1.31153353777e-06, 1.14883653168e-06, 9.56263193075e-07, 6.80986602219e-07, 4.07865826446e-07, 1.59021027457e-07, 8.79788828456e-08, 5.78633247983e-08, 4.08161717758e-08, 3.3905529051e-08, 2.97535152072e-08, 2.67350088734e-08], "var": [8.69045470608e-05, 2.76123828371e-05, 7.95437608758e-06, 5.88833290749e-06, 2.38482994064e-06, 8.40078314468e-07, 1.3799014198e-07, 8.81555379806e-08, 7.2966145126e-08, 3.00553857357e-08, 1.49850691855e-08, 6.54184306725e-09, 3.00288527377e-09, 5.9237508232e-09, 2.27860441626e-09, 9.78077507874e-10, 6.24254536952e-10, 7.72169994612e-10, 6.37995434261e-10, 7.67739649632e-10, 2.58023574728e-10, 5.1782028665e-10, 4.43871217559e-10, 1.12520007201e-10, 1.1090720009e-10, 9.26768384257e-11, 9.47228823156e-11, 1.44331796514e-10, 9.68470303953e-11, 7.63974508655e-11, 3.7711920392e-11, 1.81413894323e-11, 5.63151174998e-12, 5.17424590587e-13, 7.98437176292e-14, 1.76453310649e-14, 5.5035326238e-15, 3.43129574098e-15, 2.63973815781e-15, 2.1004646793e-15], "dvar": [2.21982591029e-05, 1.33062667373e-05, 4.59427747046e-06, 2.74291437563e-06, 8.55227256125e-07, 3.20223392691e-07, 5.48934053768e-08, 3.56720732952e-08, 3.2750591572e-08, 1.54563082333e-08, 8.16652168112e-09, 3.96587207518e-09, 2.02768113411e-09, 4.30211066771e-09, 1.32348387805e-09, 4.86330642424e-10, 4.61328530932e-10, 6.22783991044e-10, 3.93886978589e-10, 5.22313803319e-10, 1.54041973621e-10, 2.92474738872e-10, 2.68074229481e-10, 6.0977986549e-11, 5.34548828812e-11, 4.79759912353e-11, 4.11359557528e-11, 6.81272191438e-11, 4.28511705286e-11, 4.22069566797e-11, 1.81595259663e-11, 8.43659517247e-12, 3.31751683416e-12, 2.89424679969e-13, 5.09115183822e-14, 1.39838515794e-14, 5.3117118485e-15, 3.57316063063e-15, 2.75471271601e-15, 2.17138420688e-15], "mean": [0.00767989829183, 0.00430972781032, 0.00248094904236, 0.00198551546782, 0.00109662523028, 0.000580993364565, 0.000298792321701, 0.000237868734985, 0.000139006093377, 0.000102481826616, 5.61489250686e-05, 5.04900235683e-05, 3.72225222236e-05, 4.51925661764e-05, 2.72228298854e-05, 1.53968721861e-05, 9.73304850049e-06, 1.01919586086e-05, 8.77946331457e-06, 8.98792859516e-06, 4.90866386826e-06, 4.51858022643e-06, 3.68019072994e-06, 2.4345372367e-06, 2.48505693889e-06, 2.47106981988e-06, 2.5186068342e-06, 2.66878237198e-06, 2.09706286114e-06, 1.72137742993e-06, 1.52994516611e-06, 1.12081499992e-06, 5.83614166771e-07, 2.23777888664e-07, 1.14001601048e-07, 6.61251320366e-08, 4.09203018137e-08, 3.25881757135e-08, 2.88081256627e-08, 2.62012189722e-08]}, "spectral_entropy": {"min": 4.96714782715, "max": 9.82483863831, "dvar2": 0.194007441401, "median": 6.82153892517, "dmean2": 0.469019085169, "dmean": 0.290982484818, "var": 0.370296865702, "dvar": 0.0728424787521, "mean": 6.88048458099}, "spectral_rolloff": {"min": 21.533203125, "max": 22050, "dvar2": 145855456, "median": 21683.9355469, "dmean2": 6818.21191406, "dmean": 3473.421875, "var": 105819040, "dvar": 56297824, "mean": 13486.5664062}, "barkbands": {"min": [4.89142522702e-25, 7.36777892372e-25, 1.15777249641e-24, 7.88890635416e-25, 8.19135177953e-24, 9.16808779794e-24, 7.34603604363e-24, 6.73549241286e-24, 1.18264180976e-23, 7.83768098103e-24, 1.22743830178e-23, 1.33913792941e-23, 2.74995586274e-23, 2.28347369494e-23, 3.94177890903e-23, 5.24404753077e-23, 5.26795727371e-23, 7.89376504709e-23, 1.14776043157e-22, 1.76979719774e-22, 2.08620804465e-22, 3.02736315457e-22, 3.59774114348e-22, 5.05593348739e-22, 7.37059678615e-22, 1.29623372221e-21, 1.94850451028e-21], "max": [0.0831125676632, 0.246890813112, 0.124953888357, 0.103233575821, 0.161116331816, 0.0813375040889, 0.0328915268183, 0.0239528380334, 0.0312376767397, 0.0138441072777, 0.0120785003528, 0.0256146155298, 0.0112688792869, 0.00776789337397, 0.0086615504697, 0.00861147232354, 0.0157314315438, 0.0127200111747, 0.00671653123572, 0.0122888339683, 0.0125044425949, 0.00382716697641, 0.00050032249419, 8.64586909302e-05, 8.31346114865e-05, 9.84380531008e-05, 0.00514982268214], "dvar2": [5.65006484976e-05, 0.000596983823925, 0.000181324561709, 8.10571291368e-05, 0.000103740378108, 2.471528569e-05, 2.95506742987e-06, 2.29778856919e-06, 1.84858447483e-06, 6.03730143212e-07, 2.97048501352e-07, 5.95807421178e-07, 1.89038303233e-07, 1.34440725219e-07, 1.54608059688e-07, 1.48767583141e-07, 1.94995678271e-07, 8.11935123579e-08, 7.40978407521e-08, 9.73459037823e-08, 1.14235874094e-07, 2.46215208222e-08, 5.73685654537e-10, 7.60592006044e-11, 6.85442327897e-11, 9.20155618367e-11, 2.40604407509e-08], "median": [0.0037735728547, 0.00996372196823, 0.00331044942141, 0.0023301532492, 0.00521408533677, 0.00164476176724, 0.00101965409704, 0.000418472161982, 0.000466875586426, 0.000174877641257, 0.000144916033605, 0.000187778350664, 8.40015854919e-05, 5.03877236042e-05, 3.50866212102e-05, 3.72165959561e-05, 1.73543648998e-05, 9.14858173928e-06, 7.11112079443e-06, 5.82580423725e-06, 3.7753277411e-06, 2.5746405754e-06, 1.7798350882e-06, 1.20243987567e-06, 1.18812647543e-06, 2.22736912292e-06, 8.58141866047e-05], "dmean2": [0.00507242511958, 0.0143977515399, 0.00854029878974, 0.00585187925026, 0.00695796916261, 0.00239974516444, 0.0012799463002, 0.000789742276538, 0.000723487872165, 0.000350904214429, 0.000262581539573, 0.000371976115275, 0.000188633115613, 0.000122280660435, 0.000114944290544, 0.000108010834083, 8.63928507897e-05, 6.10178030911e-05, 6.41488659312e-05, 7.27898004698e-05, 6.71042726026e-05, 4.11638393416e-05, 9.52080063144e-06, 5.24906181454e-06, 5.04863646711e-06, 6.48132527203e-06, 7.85813681432e-05], "dmean": [0.00308162067086, 0.00893259327859, 0.00515343528241, 0.00339962355793, 0.00445610191673, 0.00156781682745, 0.000781700015068, 0.000486186152557, 0.000439992290922, 0.000212953105802, 0.000156839538249, 0.000224990202696, 0.000115831877338, 7.56595472922e-05, 7.28511950001e-05, 6.91746172379e-05, 5.41860499652e-05, 3.83945734939e-05, 4.00309072575e-05, 4.74173357361e-05, 4.39392424596e-05, 2.62820103671e-05, 5.76052752876e-06, 3.06247579829e-06, 2.93904554383e-06, 3.86597321267e-06, 5.25683244632e-05], "var": [6.590103294e-05, 0.00070267287083, 0.000121611032228, 4.2548381316e-05, 0.000102950405562, 2.96290854749e-05, 2.77140361504e-06, 2.18837590182e-06, 1.52555185196e-06, 4.24799310395e-07, 1.52171551804e-07, 3.64433219602e-07, 1.47307176235e-07, 8.1508368055e-08, 1.03095501913e-07, 1.02887668163e-07, 1.46619782981e-07, 7.24096906879e-08, 6.66479778033e-08, 1.18534849491e-07, 1.09864608078e-07, 2.61348862551e-08, 4.07861244778e-10, 2.91795129725e-11, 2.5078635349e-11, 4.9137485747e-11, 4.54469386568e-08], "dvar": [2.02261762752e-05, 0.000227020238526, 6.65801344439e-05, 2.8130647479e-05, 4.40150834038e-05, 1.07817877506e-05, 1.1794746797e-06, 9.04921080291e-07, 7.59626686886e-07, 2.38801732166e-07, 1.11019240023e-07, 2.48125246571e-07, 7.68304317944e-08, 5.75733274388e-08, 6.6990743619e-08, 6.53758647218e-08, 8.39359373117e-08, 3.93143082533e-08, 3.16663211208e-08, 4.71643168964e-08, 5.33429798111e-08, 1.17259295607e-08, 2.39988612316e-10, 2.88787257996e-11, 2.57368501511e-11, 3.6235112133e-11, 1.34423325804e-08], "mean": [0.00693889101967, 0.021767904982, 0.00771696213633, 0.00468410179019, 0.00836955476552, 0.00315819075331, 0.00143921480048, 0.000886668392923, 0.000752485764679, 0.000366539199604, 0.000251935707638, 0.00035873442539, 0.000194408858079, 0.000112278692541, 0.000113028640044, 0.000108080625068, 7.56006629672e-05, 5.62037967029e-05, 6.51042064419e-05, 8.26323012006e-05, 7.28876620997e-05, 4.35953770648e-05, 7.78857611294e-06, 3.06255992655e-06, 2.90578623208e-06, 4.68870393888e-06, 0.000137762108352]}, "melbands_flatness_db": {"min": 0.00261832471006, "max": 0.681340098381, "dvar2": 0.00315077113919, "median": 0.347272902727, "dmean2": 0.0637536048889, "dmean": 0.0395618975163, "var": 0.00683100102469, "dvar": 0.00119285599794, "mean": 0.348750382662}, "melbands_skewness": {"min": -0.397044062614, "max": 41.6867332458, "dvar2": 2.27783679962, "median": 3.01905941963, "dmean2": 1.19955193996, "dmean": 0.740214467049, "var": 2.8496594429, "dvar": 0.794902265072, "mean": 3.24460148811}, "barkbands_skewness": {"min": -2.25574851036, "max": 29.7743186951, "dvar2": 1.99858164787, "median": 3.15198373795, "dmean2": 1.20476102829, "dmean": 0.743683576584, "var": 2.65366125107, "dvar": 0.70826292038, "mean": 3.27214646339}, "silence_rate_60dB": {"min": 0, "max": 1, "dvar2": 0.00340498262085, "median": 0, "dmean2": 0.00307298335247, "dmean": 0.00153636047617, "var": 0.0303409416229, "dvar": 0.00153400015552, "mean": 0.0313220098615}, "spectral_energyband_low": {"min": 1.2008467473e-23, "max": 0.270293176174, "dvar2": 0.000938532990403, "median": 0.0254411399364, "dmean2": 0.0220397785306, "dmean": 0.0135846231133, "var": 0.00131174351554, "dvar": 0.000352613918949, "mean": 0.0372484214604}, "spectral_energyband_middle_low": {"min": 1.39573917267e-22, "max": 0.171493142843, "dvar2": 0.000214333209442, "median": 0.0150440149009, "dmean2": 0.0117216231301, "dmean": 0.00733720557764, "var": 0.000267964031082, "dvar": 8.5621701146e-05, "mean": 0.0193853471428}, "melbands_kurtosis": {"min": -1.65771567822, "max": 1931.27124023, "dvar2": 3097.03564453, "median": 15.3827924728, "dmean2": 16.0948181152, "dmean": 9.69243240356, "var": 1156.2956543, "dvar": 1031.00305176, "mean": 21.6578350067}, "spectral_decrease": {"min": -7.88781093775e-08, "max": 1.84217956445e-08, "dvar2": 8.00731016158e-17, "median": -9.33813293358e-09, "dmean2": 7.43829309258e-09, "dmean": 4.64345362161e-09, "var": 1.17254731184e-16, "dvar": 3.06711027247e-17, "mean": -1.15869083217e-08}, "erbbands_kurtosis": {"min": -1.71090996265, "max": 28.5372581482, "dvar2": 4.24805736542, "median": 0.72447013855, "dmean2": 1.85247337818, "dmean": 1.14648139477, "var": 4.61863136292, "dvar": 1.66092634201, "mean": 1.26749908924}, "melbands_crest": {"min": 1.52643752098, "max": 39.7579536438, "dvar2": 24.2731361389, "median": 16.9622993469, "dmean2": 5.89374828339, "dmean": 3.56971383095, "var": 44.4676513672, "dvar": 8.86320495605, "mean": 17.9981002808}, "melbands_spread": {"min": 0.365977406502, "max": 201.924880981, "dvar2": 54.838344574, "median": 5.02198457718, "dmean2": 3.63377714157, "dmean": 2.28905725479, "var": 302.444396973, "dvar": 24.5912685394, "mean": 8.28195381165}, "spectral_energy": {"min": 1.00121295109e-20, "max": 0.315448969603, "dvar2": 0.00111566041596, "median": 0.0645273029804, "dmean2": 0.0279696192592, "dmean": 0.0175189897418, "var": 0.00181368249469, "dvar": 0.000426230195444, "mean": 0.0708385333419}, "mfcc": {"mean": [-715.536865234, 195.754165649, 18.2505474091, 27.1655635834, 4.2562713623, 13.3282613754, 2.56867337227, 0.972925126553, 1.43502664566, -1.05913293362, -2.09256100655, 0.371229350567, 4.1601729393], "icov": [[0.000202239985811, -0.000153821631102, 3.613138324e-05, -0.000319129787385, 0.000112773610454, -0.000231306272326, 0.000160993673489, -0.000149467246956, 9.33102055569e-05, 2.94459908901e-07, 6.29161222605e-05, -0.000116793111374, 0.000217241613427], [-0.000153821631102, 0.000751684827264, -0.000145927988342, 0.00044306946802, -0.000371317757526, 3.28748064931e-05, -0.000146029618918, 0.000329601636622, -0.000230543329963, 1.85820081242e-05, 0.000308314600261, 0.000199565765797, -0.000813970749732], [3.613138324e-05, -0.000145927988342, 0.00291365617886, 0.000567084178329, -3.07723457809e-05, 0.00106089073233, -0.00163955998141, -0.000336188299116, -0.00136916502379, 0.000381395104341, -0.00169017608277, 0.000237298154389, 0.000178408663487], [-0.000319129787385, 0.00044306946802, 0.000567084178329, 0.00428806385025, 0.00200743204914, -0.00217095063999, 0.000129918626044, -0.000787366356235, -0.000631147064269, 0.00141171063296, -0.00208514579572, 0.000969131768215, -0.000152881650138], [0.000112773610454, -0.000371317757526, -3.07723457809e-05, 0.00200743204914, 0.00582901807502, -0.00151677348185, 0.000401856465032, 0.000333888398018, 0.000211997743463, -0.0025215735659, 0.0030907925684, -0.00270037865266, 0.00152268528473], [-0.000231306272326, 3.28748064931e-05, 0.00106089073233, -0.00217095063999, -0.00151677348185, 0.0103732077405, -0.00312948180363, 0.00214015180245, -0.00289464276284, 0.000358869205229, -0.00300822267309, 0.00359622598626, -0.0027352294419], [0.000160993673489, -0.000146029618918, -0.00163955998141, 0.000129918626044, 0.000401856465032, -0.00312948180363, 0.0140867484733, -0.00738994823769, 0.00449435971677, -0.00149995135143, 0.00130700494628, -0.00323847704567, 0.000228518416407], [-0.000149467246956, 0.000329601636622, -0.000336188299116, -0.000787366356235, 0.000333888398018, 0.00214015180245, -0.00738994823769, 0.017456734553, -0.00769345182925, 0.00275574042462, -0.00108423666097, -0.00276394817047, -0.000278415274806], [9.33102055569e-05, -0.000230543329963, -0.00136916502379, -0.000631147064269, 0.000211997743463, -0.00289464276284, 0.00449435971677, -0.00769345182925, 0.0207326319069, -0.0129564711824, 0.00376211991534, -0.00277875037864, -0.00162650702987], [2.94459908901e-07, 1.85820081242e-05, 0.000381395104341, 0.00141171063296, -0.0025215735659, 0.000358869205229, -0.00149995135143, 0.00275574042462, -0.0129564711824, 0.030978385359, -0.0174060463905, 0.00899428222328, -0.00490261055529], [6.29161222605e-05, 0.000308314600261, -0.00169017608277, -0.00208514579572, 0.0030907925684, -0.00300822267309, 0.00130700494628, -0.00108423666097, 0.00376211991534, -0.0174060463905, 0.0360018536448, -0.0211575329304, 0.0106339957565], [-0.000116793111374, 0.000199565765797, 0.000237298154389, 0.000969131768215, -0.00270037865266, 0.00359622598626, -0.00323847704567, -0.00276394817047, -0.00277875037864, 0.00899428222328, -0.0211575329304, 0.0409527979791, -0.0202346406877], [0.000217241613427, -0.000813970749732, 0.000178408663487, -0.000152881650138, 0.00152268528473, -0.0027352294419, 0.000228518416407, -0.000278415274806, -0.00162650702987, -0.00490261055529, 0.0106339957565, -0.0202346406877, 0.0326031632721]], "cov": [[7775.60546875, 645.853881836, -356.368804932, 1001.58795166, -419.992767334, 363.49786377, -34.4475097656, 55.1939201355, 20.8508682251, -39.6684036255, 57.764755249, -32.0636291504, -21.8813247681], [645.853881836, 1923.86071777, 133.967254639, -342.582519531, 252.198410034, -32.8047447205, -2.00022315979, -38.4109420776, 25.0354671478, 19.5180664062, -60.1535224915, 11.2046136856, 57.3013000488], [-356.368804932, 133.967254639, 486.465637207, -147.055908203, 54.5984420776, -57.7316703796, 73.0517044067, 59.0285720825, 50.3659858704, 34.9290885925, 32.5920906067, 37.6492156982, 15.4673786163], [1001.58795166, -342.582519531, -147.055908203, 589.98223877, -246.707763672, 140.060348511, 9.16227912903, 40.9406318665, 15.4627943039, -13.0281543732, 52.9765510559, -8.11494922638, -11.6007804871], [-419.992767334, 252.198410034, 54.5984420776, -246.707763672, 302.303833008, -27.7890129089, -7.13022518158, -24.3546562195, 7.91627454758, 22.968000412, -29.6538963318, 8.19661808014, 9.63906288147], [363.49786377, -32.8047447205, -57.7316703796, 140.060348511, -27.7890129089, 154.64805603, 17.6199817657, 7.55992650986, 24.6635169983, 14.2583055496, 20.6504917145, -2.65467691422, 6.93608474731], [-34.4475097656, -2.00022315979, 73.0517044067, 9.16227912903, -7.13022518158, 17.6199817657, 114.873161316, 55.947353363, 8.69630908966, 6.18163824081, 16.0092258453, 23.590555191, 12.0894985199], [55.1939201355, -38.4109420776, 59.0285720825, 40.9406318665, -24.3546562195, 7.55992650986, 55.947353363, 107.393638611, 42.7395057678, 13.8605823517, 23.4584064484, 27.5890731812, 14.5267267227], [20.8508682251, 25.0354671478, 50.3659858704, 15.4627943039, 7.91627454758, 24.6635169983, 8.69630908966, 42.7395057678, 99.1278991699, 47.9109306335, 23.7717723846, 18.7422657013, 18.3147907257], [-39.6684036255, 19.5180664062, 34.9290885925, -13.0281543732, 22.968000412, 14.2583055496, 6.18163824081, 13.8605823517, 47.9109306335, 69.9039993286, 32.6826133728, 11.2786064148, 9.93970298767], [57.764755249, -60.1535224915, 32.5920906067, 52.9765510559, -29.6538963318, 20.6504917145, 16.0092258453, 23.4584064484, 23.7717723846, 32.6826133728, 66.1921310425, 28.5009059906, 3.58849573135], [-32.0636291504, 11.2046136856, 37.6492156982, -8.11494922638, 8.19661808014, -2.65467691422, 23.590555191, 27.5890731812, 18.7422657013, 11.2786064148, 28.5009059906, 56.0065956116, 27.8086643219], [-21.8813247681, 57.3013000488, 15.4673786163, -11.6007804871, 9.63906288147, 6.93608474731, 12.0894985199, 14.5267267227, 18.3147907257, 9.93970298767, 3.58849573135, 27.8086643219, 50.7771682739]]}, "spectral_contrast_valleys": {"min": [-28.3535308838, -28.2054100037, -27.9415092468, -27.6430034637, -27.5494670868, -27.4076423645], "max": [-4.75766134262, -4.46423101425, -5.08369588852, -5.73236131668, -4.97432947159, -8.83728122711], "dvar2": [0.257081985474, 0.207747355103, 0.188098087907, 0.334606677294, 0.688056051731, 0.907512843609], "median": [-6.26965093613, -6.2014093399, -7.12400960922, -8.00082206726, -8.48345470428, -11.0731801987], "dmean2": [0.594122707844, 0.536804914474, 0.49556094408, 0.565563380718, 0.804918766022, 1.13905382156], "dmean": [0.350824296474, 0.323525369167, 0.30171328783, 0.350651741028, 0.490968555212, 0.687747776508], "var": [6.86922597885, 6.7887878418, 6.17452669144, 5.79847574234, 5.86500835419, 4.38437414169], "dvar": [0.113238781691, 0.0965897217393, 0.0914821252227, 0.145365580916, 0.27567204833, 0.354193419218], "mean": [-6.72688341141, -6.59239053726, -7.49074792862, -8.30268192291, -8.68312835693, -11.3634033203]}, "barkbands_flatness_db": {"min": 0.0511327013373, "max": 0.500234484673, "dvar2": 0.00216303532943, "median": 0.215919777751, "dmean2": 0.0517469719052, "dmean": 0.0321760587394, "var": 0.00370761239901, "dvar": 0.000806451949757, "mean": 0.219957053661}, "dynamic_complexity": 2.29925394058, "spectral_skewness": {"min": -0.0867041647434, "max": 13.3557415009, "dvar2": 2.35084962845, "median": 3.74768304825, "dmean2": 1.35792601109, "dmean": 0.835664391518, "var": 2.6369972229, "dvar": 0.862573981285, "mean": 3.76932907104}, "erbbands_flatness_db": {"min": 0.0185329690576, "max": 0.354051560163, "dvar2": 0.00162876676768, "median": 0.165441796184, "dmean2": 0.0448512434959, "dmean": 0.0278738904744, "var": 0.0018639221089, "dvar": 0.000593234668486, "mean": 0.166890785098}, "hfc": {"min": 1.04326189377e-16