{"lowlevel": {"spectral_complexity": {"min": 0, "max": 44, "dvar2": 15.1159257889, "median": 12, "dmean2": 3.86938619614, "dmean": 2.53021526337, "var": 38.7967338562, "dvar": 7.65259790421, "mean": 12.8129444122}, "silence_rate_20dB": {"min": 1, "max": 1, "dvar2": 0, "median": 1, "dmean2": 0, "dmean": 0, "var": 0, "dvar": 0, "mean": 1}, "average_loudness": 0.74400395155, "erbbands_spread": {"min": 1.92581534386, "max": 133.902923584, "dvar2": 133.45425415, "median": 26.525100708, "dmean2": 10.6351776123, "dmean": 6.97536087036, "var": 266.489440918, "dvar": 60.1450614929, "mean": 29.5502567291}, "spectral_kurtosis": {"min": -1.2468982935, "max": 37.5234947205, "dvar2": 12.8365631104, "median": 6.21198749542, "dmean2": 3.59031844139, "dmean": 2.19323396683, "var": 16.3841209412, "dvar": 4.91006946564, "mean": 6.93843603134}, "barkbands_kurtosis": {"min": -1.8643900156, "max": 776.114929199, "dvar2": 864.379882813, "median": 2.55102515221, "dmean2": 6.93086862564, "dmean": 4.53068637848, "var": 1083.39477539, "dvar": 359.638549805, "mean": 8.09163761139}, "spectral_strongpeak": {"min": 0, "max": 16.3484554291, "dvar2": 1.59897637367, "median": 0.699069857597, "dmean2": 0.836138606071, "dmean": 0.527466416359, "var": 2.42024564743, "dvar": 0.735256850719, "mean": 1.28168189526}, "spectral_spread": {"min": 1408360.875, "max": 42156056, "dvar2": 977939529728, "median": 3396506.75, "dmean2": 682780.9375, "dmean": 475290.65625, "var": 8376843501570.0, "dvar": 568225628160, "mean": 3960769.25}, "spectral_rms": {"min": 3.14035841602e-12, "max": 0.00782988220453, "dvar2": 6.42923851046e-07, "median": 0.00314033171162, "dmean2": 0.000755093700718, "dmean": 0.000519590917975, "var": 2.38309530687e-06, "dvar": 3.41976914342e-07, "mean": 0.00331879989244}, "erbbands": {"min": [1.37535563797e-22, 7.34683705299e-22, 2.44098938891e-21, 5.71337930396e-21, 8.52237722765e-21, 3.22526800434e-20, 9.72597607147e-20, 1.01149842501e-19, 1.62603558825e-19, 2.62793238506e-19, 2.43454841459e-19, 3.13766434297e-19, 7.82558664602e-19, 7.46007879778e-19, 7.85416263425e-19, 1.20545371879e-18, 1.87836793884e-18, 2.7399538882e-18, 2.28468401881e-18, 3.82837220027e-18, 4.41685661218e-18, 5.60893058117e-18, 7.10788773023e-18, 8.30845849847e-18, 1.12714492311e-17, 7.19138582281e-18, 7.12053035871e-18, 1.0217269579e-17, 1.18421873102e-17, 1.30945164237e-17, 1.29010066184e-17, 1.3380392525e-17, 1.13628882576e-17, 9.17955495693e-18, 6.60924175029e-18, 4.63449568956e-18, 2.50182823539e-18, 9.93597978065e-19, 2.74964891027e-19, 2.76114051693e-20], "max": [0.356222182512, 1.28297567368, 5.1876244545, 29.3218898773, 91.9664154053, 173.744842529, 295.645233154, 584.189331055, 362.045501709, 847.199157715, 1019.9083252, 1509.21813965, 1146.93994141, 999.340698242, 1356.69458008, 1026.37585449, 1090.99084473, 610.702575684, 932.375305176, 991.676452637, 492.68536377, 1148.9017334, 951.001037598, 1202.39892578, 1053.0065918, 261.468658447, 169.202514648, 151.339736938, 130.625289917, 190.72567749, 172.769256592, 165.73789978, 32.9376869202, 13.3987789154, 6.60981082916, 4.41965246201, 1.59077072144, 0.148190557957, 0.004339909181, 0.000174357846845], "dvar2": [0.00176373834256, 0.0227521844208, 0.519717216492, 14.8695611954, 40.6354866028, 128.958114624, 341.286682129, 1227.51464844, 998.706298828, 3216.76489258, 8747.4921875, 13639.1542969, 4012.03515625, 3387.37133789, 10142.0107422, 2991.63427734, 2317.1159668, 1428.3046875, 4112.63623047, 3419.75512695, 962.459838867, 2600.31811523, 1819.38244629, 4022.70214844, 2230.70458984, 143.195739746, 70.1356811523, 38.8347549438, 40.606300354, 87.4409408569, 60.8617019653, 16.4306640625, 1.27648556232, 0.435036331415, 0.128990337253, 0.0790953859687, 0.00423328578472, 2.86382637569e-05, 3.22095132788e-08, 1.17125364962e-10], "median": [0.00219945190474, 0.0130963046104, 0.04733229056, 0.250378608704, 1.10539317131, 2.57447099686, 3.36589288712, 5.05589485168, 4.53104400635, 5.36243534088, 7.60779237747, 11.2513475418, 8.60793209076, 6.83316135406, 3.61172294617, 3.05395936966, 3.21488571167, 2.67376041412, 3.23557305336, 3.19904756546, 3.43305420876, 3.56570577621, 2.68576478958, 3.04462862015, 3.31402111053, 1.660779953, 0.738168954849, 0.51265245676, 0.372239887714, 0.251878499985, 0.167221695185, 0.106653600931, 0.0667150616646, 0.0357765853405, 0.0182577315718, 0.00727829989046, 0.00200004456565, 0.00036495475797, 4.53979882877e-05, 1.54022382048e-05], "dmean2": [0.0179106369615, 0.0632748454809, 0.224789008498, 1.35507237911, 3.15608882904, 5.50402069092, 7.37648391724, 12.9588632584, 11.5412893295, 19.2677612305, 30.4488239288, 44.1554222107, 25.1484928131, 21.2585639954, 25.7771568298, 15.2066717148, 12.3339204788, 13.0922632217, 19.6100978851, 14.6086015701, 11.8037147522, 12.3656396866, 14.4204435349, 22.2872810364, 16.9094905853, 4.87855482101, 2.3934674263, 1.70994436741, 1.63410246372, 1.64915370941, 1.26140105724, 0.575857818127, 0.299938231707, 0.180840075016, 0.103154607117, 0.0617553628981, 0.013497158885, 0.00119271606673, 4.9783524446e-05, 8.15946805233e-06], "dmean": [0.0131666203961, 0.0403187312186, 0.13041318953, 0.808831810951, 1.9843865633, 3.43639707565, 4.72347927094, 8.78921127319, 7.48603963852, 12.6721830368, 19.3060035706, 29.7053756714, 17.261554718, 14.0420455933, 16.3071594238, 9.94719982147, 7.91637563705, 8.50718593597, 12.7132530212, 9.42392539978, 7.77298164368, 8.13557529449, 9.9409570694, 15.1148052216, 11.3616580963, 3.26352286339, 1.56802260876, 1.16740822792, 1.1218919754, 1.16215872765, 0.872676968575, 0.401166111231, 0.208041116595, 0.124369584024, 0.0730727016926, 0.0427281558514, 0.00951299071312, 0.000854758545756, 3.59946316166e-05, 5.69525400351e-06], "var": [0.00262182625011, 0.0163508225232, 0.151756942272, 5.93570137024, 65.6597976685, 90.8206481934, 272.243835449, 1360.73425293, 723.715087891, 2521.87060547, 9904.52636719, 19715.3984375, 10603.5390625, 2967.63305664, 5141.89648438, 2046.84338379, 1641.03552246, 1564.87036133, 3025.71313477, 1753.99755859, 872.356140137, 1647.85864258, 2420.17993164, 5669.36279297, 2960.30224609, 153.509506226, 64.3831634521, 55.9339065552, 51.9490852356, 67.8440704346, 42.0961303711, 10.1845254898, 1.13025486469, 0.313432991505, 0.114035695791, 0.0544356927276, 0.00328019470908, 2.46548388532e-05, 3.45292008319e-08, 2.53699561359e-10], "dvar": [0.000988346757367, 0.00906721316278, 0.186746016145, 5.6804599762, 16.9878826141, 57.7055206299, 143.180801392, 659.554138184, 435.999389648, 1489.07629395, 3479.1887207, 6547.57470703, 2007.15588379, 1545.41088867, 4273.29931641, 1360.12841797, 943.018615723, 616.072143555, 1724.25842285, 1425.52783203, 427.496063232, 1126.86889648, 946.315124512, 2033.84802246, 1079.83312988, 65.9968566895, 32.1336708069, 21.8593254089, 22.3761749268, 40.7937431335, 28.3613357544, 7.86456537247, 0.698022246361, 0.209832876921, 0.0653040185571, 0.0366864167154, 0.00207681348547, 1.46763768498e-05, 1.73638436962e-08, 6.08069775088e-11], "mean": [0.0227337181568, 0.06703851372, 0.164190158248, 1.06411457062, 3.60172653198, 5.45684289932, 8.37720584869, 14.4472646713, 12.1443014145, 18.2543029785, 35.4167518616, 58.9691467285, 39.7852058411, 24.5769901276, 22.4078979492, 14.7556886673, 12.5315608978, 14.3116512299, 20.2725219727, 12.9698457718, 12.8268375397, 12.9431190491, 17.656288147, 30.3787727356, 23.3527851105, 6.28373575211, 2.78042316437, 2.14791274071, 1.88702714443, 1.68219482899, 1.24518358707, 0.56567466259, 0.29640519619, 0.168099805713, 0.0995497331023, 0.0548287443817, 0.0125589538366, 0.00129884772468, 8.08866170701e-05, 1.99576843443e-05]}, "zerocrossingrate": {"min": 0.00927734375, "max": 0.5244140625, "dvar2": 0.000197526067495, "median": 0.047607421875, "dmean2": 0.0109257502481, "dmean": 0.00973876751959, "var": 0.00225081993267, "dvar": 0.000198959372938, "mean": 0.0580554157495}, "spectral_contrast_coeffs": {"min": [-0.97371762991, -0.979019939899, -0.984773993492, -0.983147740364, -0.97885453701, -0.972192168236], "max": [-0.282934963703, -0.424353003502, -0.443923920393, -0.517125070095, -0.475242078304, -0.405658841133], "dvar2": [0.00397781096399, 0.00393706699833, 0.00245005614124, 0.00149676972069, 0.00116942520253, 0.000749925209675], "median": [-0.606857419014, -0.740659594536, -0.752075135708, -0.793136835098, -0.776881814003, -0.783259212971], "dmean2": [0.0770555511117, 0.0756479501724, 0.0613214485347, 0.0472016409039, 0.039445631206, 0.0295182652771], "dmean": [0.0485653877258, 0.046398345381, 0.038490716368, 0.0300265215337, 0.0261410009116, 0.0207818225026], "var": [0.0102344015613, 0.00674220826477, 0.00620273221284, 0.00415383977816, 0.00531820347533, 0.00314910383895], "dvar": [0.00167227548081, 0.00162709970027, 0.00101442518644, 0.000690055196173, 0.000591162883211, 0.000453936401755], "mean": [-0.607006728649, -0.729273080826, -0.740873992443, -0.782775580883, -0.763762772083, -0.777318835258]}, "dissonance": {"min": 0.204314783216, "max": 0.5, "dvar2": 0.00131897698157, "median": 0.459665358067, "dmean2": 0.0394271947443, "dmean": 0.0236886106431, "var": 0.00136349280365, "dvar": 0.000492675346322, "mean": 0.451430410147}, "spectral_energyband_high": {"min": 7.08182684281e-21, "max": 0.0148494867608, "dvar2": 4.40347719177e-07, "median": 6.53816823615e-05, "dmean2": 0.000183113937965, "dmean": 0.000131378183141, "var": 5.6241162838e-07, "dvar": 2.47447246693e-07, "mean": 0.000242278518272}, "gfcc": {"mean": [-66.8586044312, 94.6250915527, -128.156158447, 9.62245178223, -66.3209533691, -9.69463443756, -38.4893074036, 9.8948392868, -27.2987136841, -1.93776214123, -15.8747911453, -0.770370364189, -8.49908447266], "icov": [[0.000586188340094, -0.00128749816213, 0.00141813396476, -0.00133845582604, 0.00172423152253, -0.00108171533793, 0.00122483458836, -0.00126907869708, 0.00156352447812, -0.00120331672952, 0.00121049373411, -0.00130339607131, 0.00093558174558], [-0.00128749816213, 0.00433566747233, -0.00339286657982, 0.00372301274911, -0.00443863682449, 0.00275477953255, -0.00268576224335, 0.00289154751226, -0.0039804042317, 0.00340111250989, -0.00323130050674, 0.00349447038025, -0.00236160773784], [0.00141813396476, -0.00339286657982, 0.00433422578499, -0.0036868294701, 0.00419693812728, -0.00310598802753, 0.00322248996235, -0.00289798318408, 0.00396283855662, -0.00360250822268, 0.00359852309339, -0.00407334463671, 0.00275993905962], [-0.00133845582604, 0.00372301274911, -0.0036868294701, 0.00577119132504, -0.00422269059345, 0.00281123700552, -0.00296650943346, 0.00254965969361, -0.00405824789777, 0.00255699711852, -0.00331442896277, 0.00313639570959, -0.00226744171232], [0.00172423152253, -0.00443863682449, 0.00419693812728, -0.00422269059345, 0.00830381270498, -0.00316876918077, 0.0035540740937, -0.00411859015003, 0.00442612729967, -0.0040124617517, 0.00380280450918, -0.00332458410412, 0.00221662526019], [-0.00108171533793, 0.00275477953255, -0.00310598802753, 0.00281123700552, -0.00316876918077, 0.00565679138526, -0.00333354645409, 0.00257666641846, -0.00337839010172, 0.00167736574076, -0.00274496339262, 0.00268593011424, -0.00184237177018], [0.00122483458836, -0.00268576224335, 0.00322248996235, -0.00296650943346, 0.0035540740937, -0.00333354645409, 0.0073464452289, -0.00417066551745, 0.00314372195862, -0.00171523611061, 0.00122840213589, -0.00380754563957, 0.00297663244419], [-0.00126907869708, 0.00289154751226, -0.00289798318408, 0.00254965969361, -0.00411859015003, 0.00257666641846, -0.00417066551745, 0.00846001785249, -0.0047603645362, 0.00271567865275, -0.00289222481661, 0.00380583712831, -0.00153769634198], [0.00156352447812, -0.0039804042317, 0.00396283855662, -0.00405824789777, 0.00442612729967, -0.00337839010172, 0.00314372195862, -0.0047603645362, 0.0139882238582, -0.00624119862914, 0.00351577927358, -0.00305109284818, 0.00100081844721], [-0.00120331672952, 0.00340111250989, -0.00360250822268, 0.00255699711852, -0.0040124617517, 0.00167736574076, -0.00171523611061, 0.00271567865275, -0.00624119862914, 0.0131181385368, -0.0037969336845, 0.00112882559188, -0.00121918064542], [0.00121049373411, -0.00323130050674, 0.00359852309339, -0.00331442896277, 0.00380280450918, -0.00274496339262, 0.00122840213589, -0.00289222481661, 0.00351577927358, -0.0037969336845, 0.011824159883, -0.00496210763231, 0.00144684163388], [-0.00130339607131, 0.00349447038025, -0.00407334463671, 0.00313639570959, -0.00332458410412, 0.00268593011424, -0.00380754563957, 0.00380583712831, -0.00305109284818, 0.00112882559188, -0.00496210763231, 0.0147448619828, -0.00657348288223], [0.00093558174558, -0.00236160773784, 0.00275993905962, -0.00226744171232, 0.00221662526019, -0.00184237177018, 0.00297663244419, -0.00153769634198, 0.00100081844721, -0.00121918064542, 0.00144684163388, -0.00657348288223, 0.014745128341]], "cov": [[12932.2236328, 552.39453125, -2463.70336914, 179.195022583, -748.817382813, -18.5427742004, -206.758529663, 326.647155762, -195.17918396, -93.2741851807, -35.9109344482, -95.462852478, -90.8204956055], [552.39453125, 962.073974609, 3.36603856087, -246.975463867, 172.810272217, -87.6087265015, -33.8517608643, -11.0468120575, 21.0907859802, -69.5216903687, 6.17703914642, -57.9821548462, 15.5511226654], [-2463.70336914, 3.36603856087, 1637.97143555, 223.831893921, -0.0180465877056, 186.411483765, -74.4336929321, -84.4417800903, 15.7656354904, 141.863708496, -58.888458252, 120.540847778, -15.6174173355], [179.195022583, -246.975463867, 223.831893921, 489.833129883, -0.907849431038, 27.407989502, 26.6349163055, 34.4971313477, 27.9645633698, 54.8909721375, 18.6591491699, 32.4601631165, -0.435346901417], [-748.817382813, 172.810272217, -0.0180465877056, -0.907849431038, 355.543273926, -15.3486785889, 0.667486011982, 30.015996933, 23.5058021545, 4.44152402878, -3.69420957565, -23.1716117859, 11.4873485565], [-18.5427742004, -87.6087265015, 186.411483765, 27.407989502, -15.3486785889, 336.63848877, 73.7543487549, 3.66827011108, 22.2515544891, 43.0028610229, 23.7911586761, 26.4618606567, -2.16124510765], [-206.758529663, -33.8517608643, -74.4336929321, 26.6349163055, 0.667486011982, 73.7543487549, 277.471405029, 79.1315231323, 13.0354452133, -6.43891620636, 52.0588798523, 16.8479499817, -11.9357252121], [326.647155762, -11.0468120575, -84.4417800903, 34.4971313477, 30.015996933, 3.66827011108, 79.1315231323, 216.273178101, 32.6943359375, -1.60910475254, 17.1092987061, -21.3468647003, -12.4067020416], [-195.17918396, 21.0907859802, 15.7656354904, 27.9645633698, 23.5058021545, 22.2515544891, 13.0354452133, 32.6943359375, 123.233207703, 36.6105041504, 7.99889230728, 3.28067445755, 12.4764909744], [-93.2741851807, -69.5216903687, 141.863708496, 54.8909721375, 4.44152402878, 43.0028610229, -6.43891620636, -1.60910475254, 36.6105041504, 128.641845703, 15.0158195496, 31.982755661, 3.44475412369], [-35.9109344482, 6.17703914642, -58.888458252, 18.6591491699, -3.69420957565, 23.7911586761, 52.0588798523, 17.1092987061, 7.99889230728, 15.0158195496, 131.875076294, 29.6362228394, 12.9333868027], [-95.462852478, -57.9821548462, 120.540847778, 32.4601631165, -23.1716117859, 26.4618606567, 16.8479499817, -21.3468647003, 3.28067445755, 31.982755661, 29.6362228394, 123.0154953, 34.7171783447], [-90.8204956055, 15.5511226654, -15.6174173355, -0.435346901417, 11.4873485565, -2.16124510765, -11.9357252121, -12.4067020416, 12.4764909744, 3.44475412369, 12.9333868027, 34.7171783447, 91.6933670044]]}, "spectral_flux": {"min": 6.41325326178e-11, "max": 0.218989834189, "dvar2": 0.000980782671832, "median": 0.0512450151145, "dmean2": 0.0288056787103, "dmean": 0.0185852330178, "var": 0.00153355661314, "dvar": 0.000441643496742, "mean": 0.0615774467587}, "silence_rate_30dB": {"min": 1, "max": 1, "dvar2": 0, "median": 1, "dmean2": 0, "dmean": 0, "var": 0, "dvar": 0, "mean": 1}, "spectral_energyband_middle_high": {"min": 1.29563676277e-21, "max": 0.0442118570209, "dvar2": 1.74068136403e-05, "median": 0.0013346853666, "dmean2": 0.00222433404997, "dmean": 0.00152685306966, "var": 3.0855404475e-05, "dvar": 8.54465542943e-06, "mean": 0.00396895082667}, "barkbands_spread": {"min": 0.278976619244, "max": 85.6105880737, "dvar2": 69.5179977417, "median": 13.1022205353, "dmean2": 6.84899902344, "dmean": 4.63762044907, "var": 151.77911377, "dvar": 36.648979187, "mean": 16.4221401215}, "spectral_centroid": {"min": 179.499008179, "max": 11539.5898438, "dvar2": 247521.671875, "median": 1075.44506836, "dmean2": 374.931152344, "dmean": 258.629364014, "var": 1006463.75, "dvar": 138102.484375, "mean": 1334.16345215}, "pitch_salience": {"min": 0.100139781833, "max": 0.846738219261, "dvar2": 0.00919814780354, "median": 0.598677873611, "dmean2": 0.109530560672, "dmean": 0.0692679658532, "var": 0.0188495330513, "dvar": 0.00377114722505, "mean": 0.577567100525}, "erbbands_skewness": {"min": -4.67064666748, "max": 8.09653663635, "dvar2": 0.442548841238, "median": 0.73072552681, "dmean2": 0.695188581944, "dmean": 0.469137281179, "var": 1.37616252899, "dvar": 0.21432299912, "mean": 0.714566886425}, "erbbands_crest": {"min": 2.13351726532, "max": 31.897064209, "dvar2": 19.7605190277, "median": 9.86872673035, "dmean2": 4.97091960907, "dmean": 3.10307168961, "var": 27.0940914154, "dvar": 8.22730541229, "mean": 11.1054201126}, "melbands": {"min": [2.34723333816e-24, 1.32858622455e-24, 1.09360615595e-24, 1.10020231501e-24, 3.07536260331e-24, 2.59762212822e-24, 2.41267112519e-24, 3.01673820792e-24, 1.8769316242e-24, 2.01769911957e-24, 4.01692587775e-24, 2.78468017872e-24, 2.09498776676e-24, 3.69813574747e-24, 3.6118753852e-24, 3.79607243442e-24, 4.23297910247e-24, 3.28776497976e-24, 4.01341939102e-24, 5.21393631558e-24, 4.6981538122e-24, 4.54284879364e-24, 6.5487690366e-24, 4.30717541491e-24, 5.59508747815e-24, 7.59528769068e-24, 5.83485504497e-24, 3.77344553707e-24, 3.54553573295e-24, 4.71905862619e-24, 5.41648779148e-24, 6.07811489902e-24, 6.40500071434e-24, 6.62858519413e-24, 7.05321481991e-24, 7.39060431819e-24, 6.59264153584e-24, 6.64337160294e-24, 6.92974388875e-24, 7.51537134782e-24], "max": [0.00246258382685, 0.00225545000285, 0.00544993858784, 0.00987072475255, 0.00908728502691, 0.0113034332171, 0.00569436140358, 0.0091880178079, 0.00962865632027, 0.00999759882689, 0.00582387717441, 0.00436275219545, 0.00500542344525, 0.00256027770229, 0.00220232550055, 0.00289629236795, 0.000984243815765, 0.00170217454433, 0.00104039721191, 0.00140422664117, 0.000447053142125, 0.0014901868999, 0.000818834640086, 0.00120658427477, 0.00107128848322, 0.00137492094655, 0.000437424750999, 0.000173117427039, 9.49532623054e-05, 0.000134803864057, 0.00010366737115, 6.60937585053e-05, 0.00012638993212, 0.000117381699965, 0.000129179490614, 8.48596027936e-05, 0.000109558510303, 2.37234580709e-05, 1.57392423716e-05, 9.3526314231e-06], "dvar2": [8.73915340094e-08, 7.63215695088e-08, 4.87780994263e-07, 3.10167934003e-07, 3.33508722861e-07, 4.9672297564e-07, 2.84331548528e-07, 3.67178927263e-07, 6.49392518426e-07, 4.9790128287e-07, 1.04547758895e-07, 5.3435297076e-08, 1.36157339625e-07, 3.10318384322e-08, 1.56040176336e-08, 1.55768038468e-08, 5.91318105592e-09, 1.10756905869e-08, 9.80539738293e-09, 4.32309654741e-09, 1.67322844469e-09, 3.47529982569e-09, 1.77508363564e-09, 2.91054513823e-09, 3.35875638413e-09, 3.46872930379e-09, 2.84430118347e-10, 6.17360190747e-11, 3.19534641802e-11, 2.77180760982e-11, 1.39270686997e-11, 1.31104042553e-11, 2.44721534703e-11, 3.5692213074e-11, 2.99278241078e-11, 7.33832525995e-12, 7.90131935574e-12, 7.0559698492e-13, 7.00266125468e-13, 2.50994158183e-13], "median": [2.06877484743e-05, 2.18838904402e-05, 6.6344087827e-05, 0.000137191818794, 0.000127181177959, 0.000110067659989, 6.67535932735e-05, 5.66017952224e-05, 5.7996090618e-05, 6.58719145576e-05, 3.79925586458e-05, 2.65751496045e-05, 1.21096763905e-05, 7.37275559004e-06, 6.87855299475e-06, 5.80417827223e-06, 4.17861110691e-06, 4.50016523246e-06, 4.28387374996e-06, 3.54408075509e-06, 3.75052104573e-06, 3.37339633916e-06, 2.16785451812e-06, 2.006449904e-06, 2.29621628023e-06, 2.60669730778e-06, 1.69918689608e-06, 7.8386358382e-07, 4.04779996188e-07, 3.16635748732e-07, 2.65161872903e-07, 2.10585113791e-07, 1.45629428516e-07, 1.18674215344e-07, 9.8066820442e-08, 6.89382062546e-08, 5.66241737943e-08, 4.54904736102e-08, 3.50933397897e-08, 2.51161331732e-08], "dmean2": [0.000125181875774, 9.61435071076e-05, 0.000277279032161, 0.000293741002679, 0.000254022917943, 0.000271281285677, 0.000185584431165, 0.000219787863898, 0.000268908130238, 0.000275244994555, 0.000128551531816, 8.66445843712e-05, 9.35387070058e-05, 5.31125006091e-05, 2.99036582874e-05, 2.9255184927e-05, 2.53459347732e-05, 3.23263302562e-05, 2.64792342932e-05, 1.63259028341e-05, 1.55970155902e-05, 1.44872483361e-05, 1.15884558909e-05, 1.72054478753e-05, 1.99551341211e-05, 1.90040736925e-05, 7.23948460291e-06, 2.82204769064e-06, 1.7153195131e-06, 1.18431864848e-06, 1.07473977096e-06, 9.74437512014e-07, 9.97965116767e-07, 9.74109184426e-07, 8.40545908432e-07, 4.88044406666e-07, 3.41442273566e-07, 2.23170616209e-07, 1.93945993487e-07, 1.46642307186e-07], "dmean": [8.97828795132e-05, 5.67416354897e-05, 0.00016961095389, 0.000184737538802, 0.000162809606991, 0.000183379321243, 0.000119260461361, 0.000146945472807, 0.000175482680788, 0.000184023941983, 8.75234836712e-05, 5.66587768844e-05, 5.98389415245e-05, 3.41688828485e-05, 1.94969725271e-05, 1.89165493794e-05, 1.64164030139e-05, 2.09747759072e-05, 1.64487792063e-05, 1.05830786197e-05, 1.01164214357e-05, 9.43198210734e-06, 7.60554848966e-06, 1.19400274343e-05, 1.33695048135e-05, 1.23254876598e-05, 4.9108894018e-06, 1.80595054644e-06, 1.09656434688e-06, 7.65521122048e-07, 7.31990724034e-07, 6.59619104226e-07, 6.85101554154e-07, 6.62551258301e-07, 5.74801390485e-07, 3.31829568267e-07, 2.29636398785e-07, 1.524661144e-07, 1.3061051618e-07, 9.84558710115e-08], "var": [1.15873334039e-07, 2.89697350553e-08, 3.54683209025e-07, 3.03144673808e-07, 2.6917294349e-07, 5.76914203521e-07, 1.74887460958e-07, 3.11107044126e-07, 7.92696084773e-07, 8.68407084909e-07, 2.72775963595e-07, 4.88052727121e-08, 7.09000431698e-08, 2.07632044891e-08, 9.34943056308e-09, 1.34407294183e-08, 5.2526338834e-09, 8.84599149487e-09, 3.95895760619e-09, 2.84606982426e-09, 1.40633948931e-09, 2.39567654603e-09, 1.67647484783e-09, 4.11494349706e-09, 4.3999781596e-09, 3.34811378622e-09, 4.11923606336e-10, 4.59020599308e-11, 2.78004060744e-11, 2.04967050277e-11, 2.02890586276e-11, 1.48762772934e-11, 2.44005926575e-11, 2.26686794336e-11, 1.84596990471e-11, 6.13110777425e-12, 3.43247262211e-12, 6.01848052732e-13, 4.27086968222e-13, 1.77584997488e-13], "dvar": [4.50083526005e-08, 2.760854656e-08, 1.88750405528e-07, 1.3692839218e-07, 1.42414521065e-07, 2.62447429122e-07, 1.21088874039e-07, 1.7361325888e-07, 2.77908355883e-07, 2.43520076992e-07, 5.26890886476e-08, 2.45969182799e-08, 5.84753507837e-08, 1.33461810492e-08, 6.71114808171e-09, 6.28456264806e-09, 2.53270227013e-09, 4.70562389054e-09, 3.7969800637e-09, 1.87710003097e-09, 7.3877975959e-10, 1.60739077604e-09, 8.01274435691e-10, 1.55021928627e-09, 1.69179648069e-09, 1.5368514239e-09, 1.44069131625e-10, 2.5932879108e-11, 1.43921836254e-11, 1.19720804451e-11, 7.86081703202e-12, 6.68787291172e-12, 1.2509111802e-11, 1.56589602396e-11, 1.33896331522e-11, 3.86360258023e-12, 3.34137643769e-12, 3.8312140461e-13, 3.19328602189e-13, 1.1968732754e-13], "mean": [0.000161551317433, 8.3420505689e-05, 0.000264650385361, 0.000327151821693, 0.000292993849143, 0.000313249998726, 0.000184132426511, 0.00020951020997, 0.000311489333399, 0.000387645384762, 0.000192461840925, 9.64713690337e-05, 7.76866290835e-05, 4.92653016408e-05, 2.78271127172e-05, 3.00282918033e-05, 2.51835645031e-05, 3.28037604049e-05, 2.14392512135e-05, 1.45500525832e-05, 1.56789628818e-05, 1.38048653753e-05, 1.12929956231e-05, 2.09128575079e-05, 2.51372075581e-05, 2.277897147e-05, 9.2918289738e-06, 2.88637306767e-06, 1.7915792796e-06, 1.27543785311e-06, 1.25343933632e-06, 1.06461936866e-06, 1.01016803455e-06, 9.1261676971e-07, 7.97488667104e-07, 4.60930039026e-07, 3.00411272747e-07, 2.10518450672e-07, 1.73406235149e-07, 1.28807258193e-07]}, "spectral_entropy": {"min": 4.67518091202, "max": 9.81955528259, "dvar2": 0.0516706779599, "median": 7.24426651001, "dmean2": 0.246288269758, "dmean": 0.175320744514, "var": 0.282382965088, "dvar": 0.0272630862892, "mean": 7.24482584}, "spectral_rolloff": {"min": 64.599609375, "max": 20004.3457031, "dvar2": 1508607.875, "median": 925.927734375, "dmean2": 754.16784668, "dmean": 463.327880859, "var": 3280686, "dvar": 775094.5625, "mean": 1570.59594727}, "barkbands": {"min": [2.792361909e-24, 3.88959505018e-24, 2.52004101085e-24, 1.55415232292e-24, 1.03098298519e-23, 1.61195474497e-23, 9.4219258823e-24, 1.81538083095e-23, 1.78940490352e-23, 2.37468084617e-23, 1.19772948455e-23, 2.47458203344e-23, 3.83658714722e-23, 4.24590750719e-23, 5.58072516096e-23, 7.21299891181e-23, 8.47599614442e-23, 1.08191402249e-22, 1.84067136448e-22, 1.74222164972e-22, 2.54194965034e-22, 3.63484486906e-22, 4.23854484748e-22, 6.45885280891e-22, 9.5071032332e-22, 1.32102106976e-21, 2.0002422746e-21], "max": [0.00144810590427, 0.00711609888822, 0.00621004682034, 0.0115627991036, 0.0368741899729, 0.0461303293705, 0.0332033000886, 0.0364453196526, 0.0533122718334, 0.0252483524382, 0.0308367200196, 0.0218527279794, 0.0229429397732, 0.0185261256993, 0.016287188977, 0.0166201200336, 0.0173890311271, 0.019280301407, 0.0202219132334, 0.00515653053299, 0.00448145763949, 0.00405399641022, 0.00629546167329, 0.0046640667133, 0.000851265911479, 0.000861218490172, 2.77476501651e-05], "dvar2": [1.1301430014e-08, 7.65556308124e-07, 8.73352121289e-07, 2.77330354947e-06, 6.72235455568e-06, 1.02835447251e-05, 9.22957133298e-06, 1.44958112287e-05, 1.89930142369e-05, 2.56030875789e-06, 6.10221741226e-06, 2.17242541112e-06, 1.24971404603e-06, 7.56306519634e-07, 1.79768369435e-06, 5.66804260416e-07, 8.73427836723e-07, 8.46348598316e-07, 1.53919961576e-06, 7.61997398513e-08, 3.23770237287e-08, 3.64520751361e-08, 8.45092529289e-08, 1.33097781685e-08, 2.52574539061e-09, 2.15562745431e-09, 1.55985272442e-12], "median": [6.99299380358e-06, 6.82640675223e-05, 3.20763283526e-05, 0.000118870702863, 0.000731006031856, 0.000561359920539, 0.000272061617579, 0.000256731989793, 0.000445996236522, 0.000222524962737, 8.12325961306e-05, 6.24957756372e-05, 6.01127394475e-05, 4.63106116513e-05, 5.70005577174e-05, 5.61207925784e-05, 5.71320633753e-05, 4.6336750529e-05, 6.77880598232e-05, 3.42886996805e-05, 1.42115022754e-05, 9.98451560008e-06, 6.16204124526e-06, 4.44413126388e-06, 2.9629582059e-06, 1.27027874441e-06, 2.20908390247e-07], "dmean2": [4.9122794735e-05, 0.000368895154679, 0.000275097932899, 0.000646868429612, 0.00136803579517, 0.00131513120141, 0.000984136480838, 0.00134945020545, 0.00184853561223, 0.000648024317343, 0.000657739583403, 0.00042185941129, 0.000301675929222, 0.000282951572444, 0.000394594564568, 0.000235587722273, 0.000246410723776, 0.000333857955411, 0.000463488453534, 0.000119775788335, 4.82622890559e-05, 4.69333936053e-05, 4.62240423076e-05, 2.06830445677e-05, 1.48904746311e-05, 9.79652304522e-06, 2.93948914987e-07], "dmean": [4.01689867431e-05, 0.000258335930994, 0.000159846676979, 0.000391491368646, 0.000866213289555, 0.000873603683431, 0.000624438805971, 0.000837069237605, 0.00124955712818, 0.000412817957113, 0.000421357341111, 0.000274104124401, 0.000193733852939, 0.000184810342034, 0.000247087766184, 0.000151069674757, 0.0001591584587, 0.000222048925934, 0.000311566254823, 7.91777056293e-05, 3.24081192957e-05, 3.19497630699e-05, 3.19905848301e-05, 1.4497999473e-05, 1.0419265891e-05, 6.92014236847e-06, 2.01431632263e-07], "var": [3.33537997221e-08, 8.86392115262e-07, 2.4121527531e-07, 1.76814569386e-06, 5.72004773858e-06, 1.28174324345e-05, 5.22578375239e-06, 1.34159245135e-05, 4.20580654463e-05, 2.15509680856e-06, 3.17923604598e-06, 1.43731313074e-06, 1.15587818073e-06, 6.37407254089e-07, 9.35268417379e-07, 4.04615548177e-07, 5.75869933073e-07, 1.13494922971e-06, 1.98323527911e-06, 7.98356154519e-08, 3.82448206437e-08, 4.56338007382e-08, 5.80251615645e-08, 8.92465923386e-09, 2.21349338858e-09, 1.60108049041e-09, 9.50124093985e-13], "dvar": [8.1484463621e-09, 3.65937125935e-07, 3.16417327895e-07, 1.07079438294e-06, 2.87156376544e-06, 5.1532215366e-06, 3.88329362977e-06, 5.75849435336e-06, 9.76146202447e-06, 1.05873664324e-06, 2.62824119091e-06, 9.59087969932e-07, 5.14872283475e-07, 3.32699045202e-07, 7.16754300356e-07, 2.52365339293e-07, 3.84268560083e-07, 4.34941625826e-07, 7.28391853499e-07, 3.57968339415e-08, 1.68267764167e-08, 1.99710221693e-08, 3.88539298513e-08, 6.61289600856e-09, 1.29829624829e-09, 1.02788055845e-09, 6.96862218538e-13], "mean": [9.10491362447e-05, 0.000462669035187, 0.000166739584529, 0.000574339937884, 0.00154681492131, 0.00156021350995, 0.000905919761863, 0.00134553003591, 0.00276307528839, 0.00072200933937, 0.000522888847627, 0.000392478366848, 0.000298849656247, 0.000267355615506, 0.000338655314408, 0.00021865493909, 0.000234174338402, 0.000380961486371, 0.000604777596891, 0.000133049717988, 5.87187860219e-05, 5.33276033821e-05, 4.57029418612e-05, 2.06332388188e-05, 1.44113464557e-05, 9.08377296582e-06, 4.08211519698e-07]}, "melbands_flatness_db": {"min": 0.0038940757513, "max": 0.515697240829, "dvar2": 0.00101505266502, "median": 0.210237711668, "dmean2": 0.0344723202288, "dmean": 0.0238983053714, "var": 0.00431881658733, "dvar": 0.000501026224811, "mean": 0.212834149599}, "melbands_skewness": {"min": -1.53056371212, "max": 14.4444322586, "dvar2": 1.06095182896, "median": 1.87093424797, "dmean2": 0.985986590385, "dmean": 0.642213106155, "var": 2.67557144165, "dvar": 0.468615800142, "mean": 2.1080892086}, "barkbands_skewness": {"min": -3.05244469643, "max": 22.7979202271, "dvar2": 1.2719643116, "median": 1.37590706348, "dmean2": 0.865873157978, "dmean": 0.581618070602, "var": 3.01271176338, "dvar": 0.567897379398, "mean": 1.56294703484}, "silence_rate_60dB": {"min": 0, "max": 1, "dvar2": 0.116432771087, "median": 0, "dmean2": 0.117514967918, "dmean": 0.0587464906275, "var": 0.127903446555, "dvar": 0.0552933812141, "mean": 0.150579869747}, "spectral_energyband_low": {"min": 2.23826565419e-23, "max": 0.0137299997732, "dvar2": 3.77320975531e-06, "median": 0.000230008474318, "dmean2": 0.000803466711659, "dmean": 0.000488772580866, "var": 2.52806307799e-06, "dvar": 1.39227859108e-06, "mean": 0.000914913485758}, "spectral_energyband_middle_low": {"min": 1.57550403845e-22, "max": 0.056208524853, "dvar2": 4.63201358798e-05, "median": 0.00589926168323, "dmean2": 0.00493785133585, "dmean": 0.00325638614595, "var": 7.62520357966e-05, "dvar": 2.13667572098e-05, "mean": 0.0088942553848}, "melbands_kurtosis": {"min": -1.88691604137, "max": 449.798492432, "dvar2": 488.61050415, "median": 5.79022121429, "dmean2": 9.30306434631, "dmean": 5.96786546707, "var": 703.958312988, "dvar": 208.572525024, "mean": 12.2213582993}, "spectral_decrease": {"min": -1.53290073968e-08, "max": 1.82448498015e-18, "dvar2": 3.59812110009e-18, "median": -2.46912823521e-09, "dmean2": 1.48156309443e-09, "dmean": 9.88157888848e-10, "var": 7.80262183746e-18, "dvar": 1.68141385685e-18, "mean": -3.31966854006e-09}, "erbbands_kurtosis": {"min": -1.8910677433, "max": 93.525428772, "dvar2": 22.8077583313, "median": 0.330423504114, "dmean2": 2.57977247238, "dmean": 1.65677583218, "var": 36.5709075928, "dvar": 9.5522441864, "mean": 1.83477771282}, "melbands_crest": {"min": 1.58353424072, "max": 34.2089996338, "dvar2": 23.014629364, "median": 12.7529096603, "dmean2": 5.35790061951, "dmean": 3.38306760788, "var": 37.4742050171, "dvar": 9.6587266922, "mean": 13.9543771744}, "melbands_spread": {"min": 0.329675137997, "max": 180.718551636, "dvar2": 257.529510498, "median": 15.5212669373, "dmean2": 10.4954977036, "dmean": 7.0446138382, "var": 515.690002441, "dvar": 136.313034058, "mean": 22.206413269}, "spectral_energy": {"min": 1.01083975014e-20, "max": 0.0628397315741, "dvar2": 5.8475179685e-05, "median": 0.0101082250476, "dmean2": 0.00600994937122, "dmean": 0.00403611408547, "var": 0.000134756759508, "dvar": 2.76291557384e-05, "mean": 0.0137325031683}, "mfcc": {"mean": [-706.142028809, 134.25982666, -14.8760890961, 16.3823280334, -12.1631641388, -16.3149986267, -6.91465425491, -1.21497380733, -6.95284461975, 1.03743183613, -4.45458602905, -9.7390089035, -4.13020610809], "icov": [[0.000191865547094, 6.842547009e-06, 0.000147744111018, -4.8054034778e-06, 0.000124446320115, -1.35173479521e-06, 0.000108689499029, -0.00020501956169, 8.07179021649e-05, -0.000156716661877, -0.00011469173478, 0.000129344160086, -5.67107781535e-05], [6.842547009e-06, 0.000908388523385, 2.19897719944e-05, 0.000307174486807, -0.000450131366961, 0.000457828515209, -0.000216542757698, 0.000132883418701, -0.000189746846445, 0.00024984247284, 0.000266900577117, -0.000133431705763, -6.59273428028e-05], [0.000147744111018, 2.19897719944e-05, 0.0011625867337, -0.000274528021691, 2.80098702206e-05, -0.000622936000582, 4.7416157031e-05, 3.15238867188e-05, -0.000180715956958, 0.000306061148876, 0.000217241744394, -0.00060857256176, -0.000365389423678], [-4.8054034778e-06, 0.000307174486807, -0.000274528021691, 0.00266519095749, -0.000565302092582, 0.000470021012006, 0.000218307657633, -0.000236148800468, -0.000161888718139, -0.000234119608649, -0.000361104408512, 0.00071029906394, -0.00121022039093], [0.000124446320115, -0.000450131366961, 2.80098702206e-05, -0.000565302092582, 0.00369921023957, -0.000264448259259, 0.000147772909258, 0.000953614886384, -0.000887672125828, -0.000219216351979, 5.9534682805e-05, -0.00035989045864, 4.05280770792e-05], [-1.35173479521e-06, 0.000457828515209, -0.000622936000582, 0.000470021012006, -0.000264448259259, 0.0048725376837, -0.00131756113842, 0.00025124658714, -8.6036605353e-05, -0.000601216452196, 0.0017786786193, -0.00164689961821, -0.000812000595033], [0.000108689499029, -0.000216542757698, 4.7416157031e-05, 0.000218307657633, 0.000147772909258, -0.00131756113842, 0.00707071367651, -0.00297639309429, 0.000578411156312, -0.000124746045913, -0.00298286066391, 0.00121189828496, 0.000310354749672], [-0.00020501956169, 0.000132883418701, 3.15238867188e-05, -0.000236148800468, 0.000953614886384, 0.00025124658714, -0.00297639309429, 0.00887118186802, -0.00188432820141, 0.000168832018971, -0.00131914543454, -0.00060677237343, 0.000111907756946], [8.07179021649e-05, -0.000189746846445, -0.000180715956958, -0.000161888718139, -0.000887672125828, -8.6036605353e-05, 0.000578411156312, -0.00188432820141, 0.00882243551314, -0.00179259746801, -0.000139575015055, -0.00107288174331, 0.00119012361392], [-0.000156716661877, 0.00024984247284, 0.000306061148876, -0.000234119608649, -0.000219216351979, -0.000601216452196, -0.000124746045913, 0.000168832018971, -0.00179259746801, 0.00907593593001, -0.00229267566465, 0.000583914108574, 0.000426506943768], [-0.00011469173478, 0.000266900577117, 0.000217241744394, -0.000361104408512, 5.9534682805e-05, 0.0017786786193, -0.00298286066391, -0.00131914543454, -0.000139575015055, -0.00229267566465, 0.0115144709125, -0.00343041494489, -1.89590355149e-06], [0.000129344160086, -0.000133431705763, -0.00060857256176, 0.00071029906394, -0.00035989045864, -0.00164689961821, 0.00121189828496, -0.00060677237343, -0.00107288174331, 0.000583914108574, -0.00343041494489, 0.0111881028861, -0.00248498283327], [-5.67107781535e-05, -6.59273428028e-05, -0.000365389423678, -0.00121022039093, 4.05280770792e-05, -0.000812000595033, 0.000310354749672, 0.000111907756946, 0.00119012361392, 0.000426506943768, -1.89590355149e-06, -0.00248498283327, 0.0116849634796]], "cov": [[6976.07617188, -215.997360229, -1228.77697754, -57.8352737427, -363.054656982, -250.97795105, 64.616104126, 232.67616272, -60.1167869568, 181.386962891, 164.852432251, -169.266906738, -68.3698043823], [-215.997360229, 1308.77185059, -68.0253067017, -124.465637207, 156.236907959, -106.799705505, -11.7443819046, -44.4509353638, 24.5828514099, -46.914390564, -36.4790802002, 0.40316966176, -16.6197166443], [-1228.77697754, -68.0253067017, 1289.03930664, 110.028144836, 84.8489685059, 229.023971558, -25.3350505829, -46.4507141113, 30.2933311462, -62.0628623962, -54.9026374817, 121.8673172, 87.1831054688], [-57.8352737427, -124.465637207, 110.028144836, 442.622314453, 54.0616874695, -16.5632534027, -15.0989589691, 4.74562215805, 11.7967395782, 14.2744617462, 13.8346643448, -7.32827138901, 44.0386924744], [-363.054656982, 156.236907959, 84.8489685059, 54.0616874695, 335.581695557, 19.415895462, -32.0513076782, -51.0788955688, 35.0835075378, -2.00895595551, -19.6791934967, 21.2345161438, 9.91038608551], [-250.97795105, -106.799705505, 229.023971558, -16.5632534027, 19.415895462, 289.092895508, 28.1726856232, -5.14434242249, 8.01519775391, 0.356625467539, -26.2968540192, 55.1916160583, 33.852191925], [64.616104126, -11.7443819046, -25.3350505829, -15.0989589691, -32.0513076782, 28.1726856232, 210.504348755, 85.6983947754, 6.78604125977, 22.5985374451, 66.1809005737, 1.73310792446, -7.58826875687], [232.67616272, -44.4509353638, -46.4507141113, 4.74562215805, -51.0788955688, -5.14434242249, 85.6983947754, 167.70375061, 28.2857761383, 22.4242649078, 54.0739784241, 8.12946414948, -6.10695505142], [-60.1167869568, 24.5828514099, 30.2933311462, 11.7967395782, 35.0835075378, 8.01519775391, 6.78604125977, 28.2857761383, 133.863128662, 27.9377918243, 15.0795936584, 19.0883789063, -8.59177017212], [181.386962891, -46.914390564, -62.0628623962, 14.2744617462, -2.00895595551, 0.356625467539, 22.5985374451, 22.4242649078, 27.9377918243, 132.865875244, 38.9513168335, -2.45857620239, -8.84158039093], [164.852432251, -36.4790802002, -54.9026374817, 13.8346643448, -19.6791934967, -26.2968540192, 66.1809005737, 54.0739784241, 15.0795936584, 38.9513168335, 133.749908447, 25.1873035431, -1.30391991138], [-169.266906738, 0.40316966176, 121.8673172, -7.32827138901, 21.2345161438, 55.1916160583, 1.73310792446, 8.12946414948, 19.0883789063, -2.45857620239, 25.1873035431, 123.925003052, 30.3745288849], [-68.3698043823, -16.6197166443, 87.1831054688, 44.0386924744, 9.91038608551, 33.852191925, -7.58826875687, -6.10695505142, -8.59177017212, -8.84158039093, -1.30391991138, 30.3745288849, 102.677093506]]}, "spectral_contrast_valleys": {"min": [-27.8863677979, -27.9640350342, -27.7060813904, -28.0208625793, -27.4398918152, -27.3990039825], "max": [-6.24987506866, -5.0234837532, -5.12011861801, -5.99268913269, -5.96413230896, -8.17864608765], "dvar2": [0.264817297459, 0.22001850605, 0.192049637437, 0.16916140914, 0.161620378494, 0.182026669383], "median": [-8.47955513, -6.81024551392, -7.56025123596, -8.16375255585, -8.10139846802, -11.0337123871], "dmean2": [0.579604029655, 0.544822573662, 0.500826001167, 0.463498860598, 0.394222140312, 0.394381135702], "dmean": [0.36482834816, 0.337098449469, 0.318727135658, 0.301758736372, 0.279232621193, 0.323398292065], "var": [2.61535024643, 2.77986598015, 2.77273964882, 2.66611742973, 2.66979837418, 2.03934788704], "dvar": [0.145186424255, 0.112478509545, 0.102226600051, 0.0999191626906, 0.10437322408, 0.127628490329], "mean": [-8.55734062195, -7.00711011887, -7.73911190033, -8.3836145401, -8.28956985474, -11.1015863419]}, "barkbands_flatness_db": {"min": 0.0259650722146, "max": 0.397647678852, "dvar2": 0.00071096222382, "median": 0.14965814352, "dmean2": 0.0297824833542, "dmean": 0.0201713424176, "var": 0.00256044999696, "dvar": 0.000330906390445, "mean": 0.152071148157}, "dynamic_complexity": 4.14612483978, "spectral_skewness": {"min": -0.288947343826, "max": 4.64582204819, "dvar2": 0.156418710947, "median": 1.7608653307, "dmean2": 0.433046549559, "dmean": 0.280253916979, "var": 0.418922394514, "dvar": 0.0701472908258, "mean": 1.8004963398}, "erbbands_flatness_db": {"min": 0.0257446374744, "max": 0.408153235912, "dvar2": 0.000619832600933, "median": 0.196177497506, "dmean2": 0.02725164406, "dmean": 0.0190693773329, "var": 0.00281897536479, "dvar": 0.000317056488711, "