{"lowlevel": {"spectral_complexity": {"min": 0, "max": 50, "dvar2": 20.2090759277, "median": 15, "dmean2": 4.31901311874, "dmean": 2.86518645287, "var": 82.3995285034, "dvar": 10.3844022751, "mean": 15.6516246796}, "silence_rate_20dB": {"min": 1, "max": 1, "dvar2": 0, "median": 1, "dmean2": 0, "dmean": 0, "var": 0, "dvar": 0, "mean": 1}, "average_loudness": 0.726853191853, "erbbands_spread": {"min": 4.53592729568, "max": 125.094154358, "dvar2": 97.1229248047, "median": 26.941204071, "dmean2": 9.76467514038, "dmean": 6.38134050369, "var": 275.007751465, "dvar": 43.7205581665, "mean": 30.9236774445}, "spectral_kurtosis": {"min": -1.25865900517, "max": 28.5362815857, "dvar2": 14.7648067474, "median": 4.21813678741, "dmean2": 3.74041199684, "dmean": 2.15198159218, "var": 9.40300655365, "dvar": 4.90710067749, "mean": 4.78070735931}, "barkbands_kurtosis": {"min": -1.90213859081, "max": 84.647895813, "dvar2": 26.7610626221, "median": -0.131954312325, "dmean2": 2.55347681046, "dmean": 1.58870744705, "var": 44.3691520691, "dvar": 10.1879587173, "mean": 2.23492407799}, "spectral_strongpeak": {"min": 0, "max": 16.2092895508, "dvar2": 4.52200603485, "median": 0.476364612579, "dmean2": 1.45053124428, "dmean": 0.869549810886, "var": 4.35723018646, "dvar": 1.8556176424, "mean": 1.62962543964}, "spectral_spread": {"min": 1613828.875, "max": 42990440, "dvar2": 934024642560, "median": 3005537, "dmean2": 509672.34375, "dmean": 331200.90625, "var": 24620191186900.0, "dvar": 475076362240, "mean": 3893731.5}, "spectral_rms": {"min": 3.11477883416e-12, "max": 0.00875281915069, "dvar2": 4.09543957858e-07, "median": 0.00312408269383, "dmean2": 0.000646788452286, "dmean": 0.000452076230431, "var": 2.35428319684e-06, "dvar": 2.08528845747e-07, "mean": 0.00328401825391}, "erbbands": {"min": [2.45160204195e-23, 1.92508579222e-22, 8.54585009312e-22, 2.57106677141e-21, 7.04107042618e-21, 1.53041984254e-20, 3.73134130363e-20, 2.4721365356e-20, 1.20301089935e-19, 1.06840812804e-19, 1.52148228527e-19, 2.08800691307e-19, 3.80242830074e-19, 6.84777385898e-19, 1.0776949494e-18, 9.81358186541e-19, 1.23320376719e-18, 2.19409967672e-18, 2.09548796038e-18, 2.93107789784e-18, 2.52120287328e-18, 5.21689246575e-18, 5.85984630741e-18, 5.74127038019e-18, 6.75325803084e-18, 6.7568521306e-18, 9.39585193376e-18, 9.23364677872e-18, 8.53141841514e-18, 1.18479577221e-17, 9.6469641154e-18, 1.11066715444e-17, 9.6915028283e-18, 7.55004058306e-18, 6.13731411772e-18, 4.20099018285e-18, 2.04441162551e-18, 9.36128571032e-19, 2.2525570476e-19, 2.62970555656e-20], "max": [0.153619751334, 1.18403828144, 5.99279260635, 28.1821460724, 31.4181175232, 54.05676651, 134.129898071, 219.116638184, 244.372207642, 225.125839233, 361.704223633, 946.434387207, 1227.86401367, 2930.61181641, 1430.82495117, 844.775756836, 829.40838623, 1468.33886719, 867.531066895, 1214.0324707, 1763.70288086, 1870.36547852, 1033.51599121, 725.444274902, 665.650085449, 632.202026367, 174.349472046, 123.664871216, 201.574707031, 74.5068283081, 91.0431518555, 30.4790382385, 8.51343250275, 8.48631381989, 28.1671905518, 0.995533704758, 0.120174638927, 0.0121880974621, 0.00110924686305, 0.00013475214655], "dvar2": [3.53052964783e-05, 0.0244831331074, 0.807591378689, 11.8194704056, 12.2471752167, 25.5651264191, 55.4637718201, 144.346099854, 185.244735718, 131.979705811, 544.092529297, 3919.64575195, 6986.95117188, 14012.5878906, 5198.28173828, 3307.24291992, 4660.40087891, 9435.08203125, 7736.41845703, 5119.80078125, 5657.64404297, 4734.43115234, 4186.40429688, 1242.68505859, 1565.72875977, 645.212402344, 136.514343262, 27.2358169556, 104.480209351, 9.94295215607, 17.4784183502, 1.92748773098, 0.271056175232, 0.309916079044, 1.65777802467, 0.00365123036318, 7.67209712649e-05, 9.66339030128e-07, 6.67171295987e-09, 1.26686591773e-10], "median": [0.00307215331122, 0.0823488235474, 0.400239765644, 1.34378314018, 1.95013570786, 2.98524713516, 2.80191659927, 2.56166100502, 2.38648605347, 2.03077554703, 2.88137626648, 4.75814151764, 5.10429382324, 3.44558119774, 3.21812152863, 3.55093646049, 5.41310405731, 5.61684179306, 7.31426143646, 8.60133552551, 10.7514438629, 12.5623159409, 15.8324146271, 10.0875473022, 7.79464578629, 5.19463253021, 2.66768503189, 1.29242563248, 0.94392067194, 0.621461808681, 0.343099534512, 0.146121650934, 0.0560203641653, 0.0208355486393, 0.0077807828784, 0.0014331570128, 0.000224528077524, 3.61197235179e-05, 1.26998411361e-05, 1.35900354508e-05], "dmean2": [0.00353573821485, 0.0989421755075, 0.573438346386, 1.98865377903, 2.42765641212, 3.48247313499, 4.53814172745, 5.70536851883, 6.14523124695, 4.65641593933, 8.06362342834, 23.8824768066, 30.5539665222, 35.2858543396, 21.1128883362, 19.2766056061, 27.3045291901, 32.4768180847, 32.6763725281, 27.6932697296, 32.4263877869, 30.2097854614, 33.7379722595, 16.4786987305, 16.4618053436, 10.7378206253, 5.11514377594, 2.22855210304, 2.67356348038, 1.23433721066, 1.18685758114, 0.399998664856, 0.160096913576, 0.119666613638, 0.182639494538, 0.010662172921, 0.00160409614909, 0.000166873651324, 1.53394666995e-05, 7.24743449609e-06], "dmean": [0.00216145440936, 0.0600253231823, 0.344601601362, 1.22850418091, 1.50118005276, 2.06944727898, 2.75598239899, 3.5718357563, 3.72762846947, 2.88590097427, 5.02363920212, 15.5840520859, 20.2712230682, 23.3842449188, 13.6861152649, 12.776055336, 17.9151268005, 20.5698165894, 21.1157169342, 18.387348175, 21.5569267273, 20.4943275452, 22.00532341, 10.8166513443, 10.9516553879, 7.46084070206, 3.42451882362, 1.49829411507, 1.70826554298, 0.826767206192, 0.778209447861, 0.276521712542, 0.109172597528, 0.0779120698571, 0.111416690052, 0.00679848529398, 0.00100617064163, 0.000102370875538, 9.49915920501e-06, 4.95126187161e-06], "var": [2.44412749453e-05, 0.0195930618793, 0.69425958395, 6.75561285019, 7.66185331345, 18.2469959259, 47.2396659851, 212.761550903, 188.527038574, 93.8766326904, 386.750152588, 5070.67138672, 7848.43505859, 20624.1855469, 5736.03759766, 3967.04638672, 5510.68115234, 6501.61621094, 6249.20947266, 4702.86181641, 7703.20361328, 8340.75683594, 6520.93310547, 1555.8026123, 2176.00512695, 1959.76318359, 227.277282715, 32.3797607422, 44.8343315125, 10.3759412766, 13.544169426, 2.1259970665, 0.268209844828, 0.147660717368, 0.476948618889, 0.00127822416835, 2.49554632319e-05, 2.78281106603e-07, 1.91636151392e-09, 2.35629543655e-10], "dvar": [1.44088908201e-05, 0.00900941714644, 0.288077831268, 4.66411447525, 5.16749954224, 9.47587680817, 21.225402832, 65.2205352783, 71.9948501587, 54.4312553406, 225.706863403, 1728.97705078, 3070.26928711, 6183.78076172, 2283.89550781, 1480.32287598, 2085.25927734, 3777.73925781, 3118.34326172, 2286.62304688, 2640.61767578, 2160.85595703, 1827.26745605, 545.01171875, 705.334472656, 345.322052002, 62.1066322327, 13.249753952, 38.5071411133, 4.49359893799, 7.78559684753, 0.94517827034, 0.132102400064, 0.128090530634, 0.611828267574, 0.00140511244535, 2.94016863336e-05, 3.59752704071e-07, 2.45922016084e-09, 5.34932619034e-11], "mean": [0.00442710053176, 0.13159032166, 0.765853047371, 2.07117199898, 2.70592570305, 4.20781135559, 4.95478153229, 6.54255723953, 6.11079359055, 4.70629167557, 7.76591825485, 26.7335662842, 34.4181632996, 45.2161483765, 24.643907547, 23.5613193512, 31.3246059418, 32.7361717224, 35.0160064697, 31.8612651825, 41.6212921143, 43.3440628052, 43.9051895142, 22.0925331116, 23.8130321503, 17.7231674194, 7.58443832397, 3.09958171844, 2.99422478676, 1.69298005104, 1.36431288719, 0.537988364697, 0.19033113122, 0.102455452085, 0.107997566462, 0.00792080629617, 0.00112295686267, 0.000122103563626, 1.97726039914e-05, 1.83631127584e-05]}, "zerocrossingrate": {"min": 0.005859375, "max": 0.52734375, "dvar2": 0.000169208229636, "median": 0.06591796875, "dmean2": 0.00956542231143, "dmean": 0.00796328578144, "var": 0.00413209479302, "dvar": 0.000102721773146, "mean": 0.0744595602155}, "spectral_contrast_coeffs": {"min": [-0.974031090736, -0.981411218643, -0.97664898634, -0.973092079163, -0.968053460121, -0.96435213089], "max": [-0.320066094398, -0.42688652873, -0.408924102783, -0.5076649189, -0.465643078089, -0.572184205055], "dvar2": [0.00422428688034, 0.00342762120999, 0.00267232395709, 0.00191263121087, 0.00104070175439, 0.000620324513875], "median": [-0.626299023628, -0.765030503273, -0.763193845749, -0.747936189175, -0.75255548954, -0.724293589592], "dmean2": [0.0763994976878, 0.0723546519876, 0.0627863183618, 0.0517789870501, 0.0377275384963, 0.0270375628024], "dmean": [0.0460430942476, 0.0432582832873, 0.0394505448639, 0.0328785479069, 0.0244353096932, 0.0175971798599], "var": [0.00652607344091, 0.00494481995702, 0.0101429410279, 0.00652260798961, 0.00495583470911, 0.00297284964472], "dvar": [0.00158400519285, 0.00125306867994, 0.00118357571773, 0.000820189132355, 0.00049314921489, 0.000282883411273], "mean": [-0.630559146404, -0.759143769741, -0.746928453445, -0.749706745148, -0.754260778427, -0.731239795685]}, "dissonance": {"min": 0.278442025185, "max": 0.500000059605, "dvar2": 0.000863721361384, "median": 0.477436184883, "dmean2": 0.0274979304522, "dmean": 0.0162818711251, "var": 0.000642440107185, "dvar": 0.00031880356255, "mean": 0.469567924738}, "spectral_energyband_high": {"min": 6.64506376637e-21, "max": 0.0115196816623, "dvar2": 4.11169850167e-07, "median": 0.000160021998454, "dmean2": 0.000261189357843, "dmean": 0.000181773604709, "var": 7.94837831108e-07, "dvar": 1.97025315174e-07, "mean": 0.000434899935499}, "gfcc": {"mean": [-81.0395355225, 109.565719604, -148.681137085, 47.8170051575, -51.3704414368, -2.82586860657, -35.6329612732, -0.403323173523, -20.7820034027, -12.5826501846, -13.9220056534, -9.35178279877, -7.73768615723], "icov": [[0.000826369447168, -0.00179434253369, 0.00243609026074, -0.00195501162671, 0.00206127925776, -0.00173608772457, 0.0017601622967, -0.00181386980694, 0.00195971690118, -0.00138706213329, 0.00154353037942, -0.00101572752465, 0.000607123598456], [-0.00179434253369, 0.0054707787931, -0.00507557671517, 0.00447109574452, -0.00479104602709, 0.00486275507137, -0.00413993746042, 0.00461827917024, -0.00436431681737, 0.003887884086, -0.00343528413214, 0.00325040565804, -0.000260724948021], [0.00243609026074, -0.00507557671517, 0.00817659497261, -0.00551733793691, 0.00589859113097, -0.00483471993357, 0.00488033471629, -0.00518624763936, 0.00524037890136, -0.00495569547638, 0.00506401667371, -0.00426619686186, 0.00276045035571], [-0.00195501162671, 0.00447109574452, -0.00551733793691, 0.00827279314399, -0.0048565226607, 0.00465046614408, -0.00273467996158, 0.004252623301, -0.00579726696014, 0.00428288849071, -0.00297672604211, 0.00156921590678, -0.000849398900755], [0.00206127925776, -0.00479104602709, 0.00589859113097, -0.0048565226607, 0.00884566828609, -0.00307313585654, 0.00295593985356, -0.0041723405011, 0.00355967273936, -0.00424370681867, 0.00384324346669, -0.00335193425417, 0.000750413921196], [-0.00173608772457, 0.00486275507137, -0.00483471993357, 0.00465046614408, -0.00307313585654, 0.00937528256327, -0.00634879246354, 0.00455515738577, -0.00212331605144, 0.00204187538475, -0.00279500917532, 0.00349976192228, -0.000465835066279], [0.0017601622967, -0.00413993746042, 0.00488033471629, -0.00273467996158, 0.00295593985356, -0.00634879246354, 0.0107088461518, -0.00433080177754, 0.00455888081342, -0.000887281203177, 0.00124705187045, -0.000206372278626, 0.00134465564042], [-0.00181386980694, 0.00461827917024, -0.00518624763936, 0.004252623301, -0.0041723405011, 0.00455515738577, -0.00433080177754, 0.0156583562493, -0.00763081246987, 0.00300184451044, -0.00192527973559, 0.00209448928945, -0.00112239539158], [0.00195971690118, -0.00436431681737, 0.00524037890136, -0.00579726696014, 0.00355967273936, -0.00212331605144, 0.00455888081342, -0.00763081246987, 0.015681212768, -0.00606772257015, 0.00314780906774, 0.000697462353855, -0.0006164694787], [-0.00138706213329, 0.003887884086, -0.00495569547638, 0.00428288849071, -0.00424370681867, 0.00204187538475, -0.000887281203177, 0.00300184451044, -0.00606772257015, 0.0159122273326, -0.00543389376253, 0.00261801644228, 0.00137241720222], [0.00154353037942, -0.00343528413214, 0.00506401667371, -0.00297672604211, 0.00384324346669, -0.00279500917532, 0.00124705187045, -0.00192527973559, 0.00314780906774, -0.00543389376253, 0.0146101070568, -0.00626601325348, 0.00147903943434], [-0.00101572752465, 0.00325040565804, -0.00426619686186, 0.00156921590678, -0.00335193425417, 0.00349976192228, -0.000206372278626, 0.00209448928945, 0.000697462353855, 0.00261801644228, -0.00626601325348, 0.0167847704142, -0.00468574650586], [0.000607123598456, -0.000260724948021, 0.00276045035571, -0.000849398900755, 0.000750413921196, -0.000465835066279, 0.00134465564042, -0.00112239539158, -0.0006164694787, 0.00137241720222, 0.00147903943434, -0.00468574650586, 0.0168859194964]], "cov": [[30951.03125, 1660.66540527, -5397.16943359, 942.796264648, -1741.17578125, 680.849853516, -548.504150391, -1.76159334183, -720.79473877, -559.682006836, -428.211730957, -473.128479004, -92.3376617432], [1660.66540527, 946.278320312, -219.650756836, -15.4508962631, 112.187133789, -167.602920532, 32.0518035889, -34.9977455139, 27.0040397644, -67.4672546387, -10.3226728439, -80.4821395874, -39.4146537781], [-5397.16943359, -219.650756836, 1483.02294922, -29.8023033142, 174.486343384, -126.899887085, -26.3353557587, 27.135477066, 115.29750824, 142.442626953, 18.7198944092, 123.342910767, -35.4126243591], [942.796264648, -15.4508962631, -29.8023033142, 397.643493652, 16.3247356415, -146.98348999, -154.298522949, 30.1613082886, 71.8154907227, -12.8431243896, -34.3506240845, 34.3287467957, 16.4500522614], [-1741.17578125, 112.187133789, 174.486343384, 16.3247356415, 397.014373779, -153.001525879, 17.1009292603, 13.8664283752, 94.6209564209, 31.2737941742, 22.1494865417, 30.9679527283, 21.8935432434], [680.849853516, -167.602920532, -126.899887085, -146.98348999, -153.001525879, 397.309417725, 159.812942505, -39.3823318481, -124.388885498, -10.1229391098, 4.13399791718, -51.3528747559, -29.6303539276], [-548.504150391, 32.0518035889, -26.3353557587, -154.298522949, 17.1009292603, 159.812942505, 269.192626953, -21.6665630341, -54.8205299377, -20.9701938629, 30.5474414825, -43.4973564148, -17.5108585358], [-1.76159334183, -34.9977455139, 27.135477066, 30.1613082886, 13.8664283752, -39.3823318481, -21.6665630341, 103.778831482, 47.372959137, 9.30261802673, -13.5830535889, 1.74511861801, 6.17231655121], [-720.79473877, 27.0040397644, 115.29750824, 71.8154907227, 94.6209564209, -124.388885498, -54.8205299377, 47.372959137, 165.331604004, 36.6617965698, -3.0502436161, 2.44319152832, 14.9758863449], [-559.682006836, -67.4672546387, 142.442626953, -12.8431243896, 31.2737941742, -10.1229391098, -20.9701938629, 9.30261802673, 36.6617965698, 105.38874054, 20.9878768921, 10.5151138306, -10.3791313171], [-428.211730957, -10.3226728439, 18.7198944092, -34.3506240845, 22.1494865417, 4.13399791718, 30.5474414825, -13.5830535889, -3.0502436161, 20.9878768921, 108.439353943, 27.7565765381, 2.62977528572], [-473.128479004, -80.4821395874, 123.342910767, 34.3287467957, 30.9679527283, -51.3528747559, -43.4973564148, 1.74511861801, 2.44319152832, 10.5151138306, 27.7565765381, 106.245223999, 24.4042167664], [-92.3376617432, -39.4146537781, -35.4126243591, 16.4500522614, 21.8935432434, -29.6303539276, -17.5108585358, 6.17231655121, 14.9758863449, -10.3791313171, 2.62977528572, 24.4042167664, 76.4952316284]]}, "spectral_flux": {"min": 6.3872220013e-11, "max": 0.205436691642, "dvar2": 0.000594067736529, "median": 0.0574393942952, "dmean2": 0.0242752209306, "dmean": 0.0158117003739, "var": 0.00139209011104, "dvar": 0.000251924357144, "mean": 0.0610724426806}, "silence_rate_30dB": {"min": 1, "max": 1, "dvar2": 0, "median": 1, "dmean2": 0, "dmean": 0, "var": 0, "dvar": 0, "mean": 1}, "spectral_energyband_middle_high": {"min": 1.21687375979e-21, "max": 0.0750844106078, "dvar2": 2.66116858256e-05, "median": 0.00371393933892, "dmean2": 0.00340489018708, "dmean": 0.00234053842723, "var": 7.189574535e-05, "dvar": 1.2274474102e-05, "mean": 0.00720882602036}, "barkbands_spread": {"min": 1.10559856892, "max": 129.66305542, "dvar2": 60.0867004395, "median": 23.5230674744, "dmean2": 7.40017652512, "dmean": 4.78230285645, "var": 154.165893555, "dvar": 26.3717651367, "mean": 24.1356620789}, "spectral_centroid": {"min": 217.886276245, "max": 11951.9912109, "dvar2": 164978.546875, "median": 1776.65344238, "dmean2": 355.649810791, "dmean": 233.738891602, "var": 1929586.875, "dvar": 78248.34375, "mean": 1858.38903809}, "pitch_salience": {"min": 0.163690283895, "max": 0.917092204094, "dvar2": 0.00844250433147, "median": 0.550217270851, "dmean2": 0.103490181267, "dmean": 0.0638042315841, "var": 0.012693176046, "dvar": 0.0032757576555, "mean": 0.554077208042}, "erbbands_skewness": {"min": -4.97375106812, "max": 3.95065712929, "dvar2": 0.330661922693, "median": -0.169353544712, "dmean2": 0.600886404514, "dmean": 0.398875296116, "var": 1.33626079559, "dvar": 0.155363455415, "mean": -0.226604223251}, "erbbands_crest": {"min": 2.48919963837, "max": 31.674030304, "dvar2": 18.1317844391, "median": 9.77521038055, "dmean2": 4.60323143005, "dmean": 2.86999845505, "var": 23.8986625671, "dvar": 7.20960617065, "mean": 10.6869039536}, "melbands": {"min": [3.92931197808e-25, 2.48017917905e-25, 4.70972837383e-25, 4.20630100995e-25, 9.6513650905e-25, 5.64669791401e-25, 2.2568515721e-24, 7.41009687394e-25, 1.74473766636e-24, 1.36551852276e-24, 1.80221821343e-24, 2.18020012731e-24, 2.67158434618e-24, 2.92680175384e-24, 1.7956393107e-24, 2.20283964643e-24, 3.70083246847e-24, 2.76587886234e-24, 3.07511332326e-24, 4.3096918812e-24, 2.08985366277e-24, 3.58322711257e-24, 4.27292465213e-24, 4.06792928514e-24, 4.13353687448e-24, 4.47289339742e-24, 4.21042556919e-24, 3.8878169577e-24, 4.51056466109e-24, 4.41123563464e-24, 5.14043656732e-24, 3.81532655696e-24, 5.11135639334e-24, 5.67945457424e-24, 5.22446918639e-24, 5.8681504972e-24, 6.51197971942e-24, 5.7723697671e-24, 5.98594517972e-24, 5.13121478334e-24], "max": [0.00105655461084, 0.00238935602829, 0.00443471223116, 0.00256442255341, 0.00368360197172, 0.00438025826588, 0.0031075424049, 0.00202786759473, 0.00369558250532, 0.00594620360062, 0.0066044209525, 0.0115443263203, 0.00487044267356, 0.003509366652, 0.00418292079121, 0.00261024269275, 0.00258076167665, 0.00201028282754, 0.00228749471717, 0.00259369146079, 0.00270020449534, 0.00235298019834, 0.00157494202722, 0.000902339350432, 0.000662925827783, 0.000841466477141, 0.000653398805298, 0.000570105388761, 0.00017579618725, 9.5379720733e-05, 8.05413146736e-05, 0.000159104572958, 4.85644413857e-05, 4.62775860797e-05, 6.63500031806e-05, 4.67423742521e-05, 1.26740151245e-05, 5.68044788452e-06, 7.36967149351e-06, 6.99565407558e-06], "dvar2": [9.06669672673e-09, 1.33970360139e-07, 3.16847120985e-07, 6.79712499618e-08, 5.56484742731e-08, 6.19375128963e-08, 4.02689401824e-08, 1.54741268688e-08, 4.57594033776e-08, 1.87529877849e-07, 1.84054229635e-07, 2.21124466293e-07, 7.52572617557e-08, 3.20809334653e-08, 3.30826672723e-08, 3.78136526535e-08, 3.99530470929e-08, 2.90237185396e-08, 1.96539975406e-08, 1.37336506612e-08, 1.04676054491e-08, 7.24327220425e-09, 3.37452488175e-09, 2.83314638416e-09, 1.09811537641e-09, 1.09741915555e-09, 9.9064412229e-10, 3.60266899646e-10, 1.01971493749e-10, 2.70392007395e-11, 1.06062077523e-11, 5.60960514151e-11, 7.16821437277e-12, 2.70535785614e-12, 1.13655846887e-11, 2.87285776765e-12, 4.67246792472e-13, 1.38838417217e-13, 1.98716057173e-13, 1.78227387276e-13], "median": [5.17406006111e-05, 0.000204561918508, 0.000250337034231, 0.00020081285038, 0.000114689850307, 5.95874225837e-05, 3.60293779522e-05, 1.97629633476e-05, 2.21744885494e-05, 2.8067817766e-05, 2.15017771552e-05, 1.04546634248e-05, 8.17131513031e-06, 7.05913362253e-06, 8.94862387213e-06, 1.01787163658e-05, 8.17229920358e-06, 9.07094727154e-06, 8.83298889676e-06, 9.53122525971e-06, 1.10005130409e-05, 1.1997331967e-05, 1.18708885566e-05, 1.18673187899e-05, 6.19699585513e-06, 4.54565952168e-06, 5.24548158864e-06, 2.37858739638e-06, 1.60585852882e-06, 9.91910837911e-07, 5.77478942887e-07, 5.26654389432e-07, 3.99551197461e-07, 2.85436954073e-07, 1.97498181365e-07, 1.20332657616e-07, 6.60952466092e-08, 3.86696328292e-08, 2.106565411e-08, 1.43677176823e-08], "dmean2": [6.20348728262e-05, 0.000239496424911, 0.000344250031048, 0.000195501328562, 0.000151636122609, 0.000123716032249, 9.37846707529e-05, 4.99029374623e-05, 7.43117416278e-05, 0.000165339748492, 0.000155323607032, 0.000144749385072, 8.40885695652e-05, 5.5415519455e-05, 5.6851960835e-05, 7.35134162824e-05, 6.45727413939e-05, 5.92702272115e-05, 4.72035171697e-05, 4.15235917899e-05, 4.20222095272e-05, 3.71074129362e-05, 2.87427938019e-05, 2.646554276e-05, 1.40880101753e-05, 1.21565335576e-05, 1.39291842061e-05, 6.93565880283e-06, 4.12820918427e-06, 2.04691309591e-06, 1.28753993067e-06, 1.84025770977e-06, 9.86874169939e-07, 6.44517740511e-07, 8.88004933586e-07, 3.74964628236e-07, 2.11124742577e-07, 1.17101606634e-07, 1.04980081517e-07, 9.1478916886e-08], "dmean": [3.78957956855e-05, 0.000144330886542, 0.000215169900912, 0.000118450057926, 9.199167107e-05, 7.72070270614e-05, 5.68694013054e-05, 3.09831593768e-05, 4.67800637125e-05, 0.000108533240564, 0.000103151491203, 9.58023083513e-05, 5.45979273738e-05, 3.67258762708e-05, 3.70614070562e-05, 4.84611045977e-05, 4.02815348934e-05, 3.78642762371e-05, 3.02374555758e-05, 2.75510883512e-05, 2.78254992736e-05, 2.51365618169e-05, 1.92406550923e-05, 1.71556675923e-05, 9.15492091735e-06, 8.03911461844e-06, 9.34927720664e-06, 4.80477910969e-06, 2.7107198548e-06, 1.33845423989e-06, 8.52252810546e-07, 1.15422551517e-06, 6.48654690849e-07, 4.30248405792e-07, 5.73483532662e-07, 2.55156180629e-07, 1.44012858527e-07, 7.87632288279e-08, 6.88575880758e-08, 5.84784913826e-08], "var": [7.24001658625e-09, 1.10138778098e-07, 1.87678395491e-07, 4.70597285585e-08, 4.6592418812e-08, 8.92748701631e-08, 3.77592925815e-08, 1.10853646262e-08, 3.39099877067e-08, 2.40105919147e-07, 2.09979688748e-07, 3.29044610226e-07, 9.80617755886e-08, 3.27428075764e-08, 3.55518245954e-08, 4.01943118788e-08, 2.6899266814e-08, 2.08575094973e-08, 1.57168535964e-08, 1.40280418393e-08, 1.41401832465e-08, 1.22486234488e-08, 5.36629896075e-09, 3.92279897454e-09, 1.18160459195e-09, 1.3429407586e-09, 1.7088512827e-09, 1.15913223464e-09, 1.63867169833e-10, 2.13411094352e-11, 1.06128040384e-11, 2.17234997352e-11, 5.27965388422e-12, 3.04730242776e-12, 7.21649172711e-12, 2.15795632232e-12, 5.42831079565e-13, 1.40777932931e-13, 1.1092849187e-13, 8.31655301266e-14], "dvar": [3.46255513151e-09, 4.76238142255e-08, 1.29122085468e-07, 2.61769628196e-08, 2.09111004068e-08, 2.70017856963e-08, 1.56503059401e-08, 6.46546594041e-09, 1.88807494084e-08, 8.40390939061e-08, 8.13096292518e-08, 9.80612426815e-08, 3.44331390068e-08, 1.49688261786e-08, 1.4281198446e-08, 1.73276255566e-08, 1.59901727415e-08, 1.16600284983e-08, 8.22790902077e-09, 6.61505872301e-09, 4.8400070618e-09, 3.40738992577e-09, 1.54129597973e-09, 1.23804533292e-09, 4.79640716033e-10, 4.81074902137e-10, 4.94054075428e-10, 1.93022764439e-10, 4.52999027178e-11, 1.13394580184e-11, 4.90193996505e-12, 2.04494008532e-11, 2.91114051268e-12, 1.27867844351e-12, 4.75604668496e-12, 1.28027395543e-12, 2.33258724835e-13, 6.74888747318e-14, 8.47717282113e-14, 7.34866133873e-14], "mean": [7.94698134996e-05, 0.000326385546941, 0.000375710456865, 0.000247146061156, 0.000177614347194, 0.000144578181789, 9.12984396564e-05, 4.93174156873e-05, 6.87114370521e-05, 0.000182469637366, 0.000169066159287, 0.000181669660378, 9.49250097619e-05, 6.0628317442e-05, 6.13597439951e-05, 7.52641208237e-05, 5.85626439715e-05, 5.71481141378e-05, 4.67390273116e-05, 4.52851272712e-05, 4.9540787586e-05, 4.87622091896e-05, 3.71951100533e-05, 3.25116925524e-05, 1.62088890647e-05, 1.51006324813e-05, 1.87460573216e-05, 1.05183780761e-05, 5.47225772607e-06, 2.46078479904e-06, 1.56899488957e-06, 1.87013358754e-06, 1.20632967082e-06, 8.24371227282e-07, 9.15552334391e-07, 4.70906428518e-07, 2.62658460315e-07, 1.35186724037e-07, 9.55246761691e-08, 7.40043120118e-08]}, "spectral_entropy": {"min": 5.71720457077, "max": 9.82352256775, "dvar2": 0.0397893190384, "median": 7.38170433044, "dmean2": 0.203284919262, "dmean": 0.13778179884, "var": 0.24068967998, "dvar": 0.0197312086821, "mean": 7.39198303223}, "spectral_rolloff": {"min": 86.1328125, "max": 19982.8125, "dvar2": 1231368.125, "median": 2024.12109375, "dmean2": 670.5703125, "dmean": 399.2550354, "var": 6252021, "dvar": 509830.40625, "mean": 2252.32446289}, "barkbands": {"min": [4.11444062272e-25, 1.40472885405e-24, 5.92555136932e-25, 1.11715740106e-24, 7.38150244106e-24, 4.84132338903e-24, 4.42827226918e-24, 4.46163714117e-24, 1.20293162779e-23, 7.68037896109e-24, 1.24568047356e-23, 2.09187657823e-23, 1.95458527733e-23, 4.1874507053e-23, 4.13249897019e-23, 4.34168310969e-23, 6.27629979315e-23, 1.01937363479e-22, 1.27979227061e-22, 1.42458081089e-22, 2.50278731334e-22, 3.20531225187e-22, 3.60028392617e-22, 5.64132331e-22, 7.48750874909e-22, 1.18661714492e-21, 1.77985660054e-21], "max": [0.000661203754134, 0.00398260168731, 0.00738457590342, 0.0125572076067, 0.00935012474656, 0.0189591534436, 0.0131500409916, 0.0121160084382, 0.0387632995844, 0.0436778813601, 0.0375227853656, 0.0265818778425, 0.0193727705628, 0.0262045189738, 0.0215246509761, 0.0271209832281, 0.0332765318453, 0.0154583668336, 0.0194373652339, 0.0116178067401, 0.00287749897689, 0.00433930289, 0.00303631345741, 0.000689571199473, 0.00223096949048, 0.000101141900814, 6.46476837574e-06], "dvar2": [1.90437124403e-10, 2.92499663601e-07, 1.13895293907e-06, 2.61225432041e-06, 1.37066808747e-06, 1.31041895202e-06, 9.02487215626e-07, 7.11288578259e-07, 7.06339460521e-06, 8.0426571003e-06, 7.58771875553e-06, 2.16503258343e-06, 2.97020505968e-06, 4.59586908619e-06, 2.7627036161e-06, 2.27319333135e-06, 1.98113116312e-06, 1.0951208651e-06, 5.67629058423e-07, 3.98318633188e-07, 3.46290711661e-08, 4.96104988201e-08, 1.5397640496e-08, 1.65800828622e-09, 1.21468053393e-08, 2.43030699731e-11, 2.82205221648e-13], "median": [4.86968758651e-07, 0.000253277103184, 0.000377440126613, 0.000505360716488, 0.00085424334975, 0.000337425793987, 0.000150442516315, 8.64565663505e-05, 0.000201048329473, 9.7032818303e-05, 6.19079219177e-05, 6.31326256553e-05, 0.000100274744909, 8.85036279215e-05, 0.000110331573524, 0.000141974538565, 0.000204268711968, 0.000262566143647, 0.000138976218295, 0.000127236475237, 4.19971620431e-05, 2.56946550508e-05, 1.29793697852e-05, 4.68524103781e-06, 1.45273907037e-06, 1.61176416213e-07, 3.58422340696e-08], "dmean2": [2.24547079597e-06, 0.00034112346475, 0.000637073884718, 0.000918074860238, 0.000859881460201, 0.00063869432779, 0.000436358590377, 0.000277447601547, 0.00106694339775, 0.00102888175752, 0.000839594460558, 0.000491708924528, 0.000680960365571, 0.000735654728487, 0.000607240363024, 0.000606527319178, 0.000605911307503, 0.000561305030715, 0.000320498627843, 0.000286804832285, 8.11661593616e-05, 6.47215492791e-05, 3.7997324398e-05, 1.29418431243e-05, 1.76451903826e-05, 9.47348951286e-07, 8.25565749096e-08], "dmean": [1.40327699683e-06, 0.00020689246594, 0.000378831697162, 0.000571122625843, 0.000518783577718, 0.000394620903535, 0.000265681010205, 0.000169768623891, 0.000694966758601, 0.000678464071825, 0.000541600806173, 0.000325119443005, 0.000446722493507, 0.000453324842965, 0.000384846847737, 0.000404641701607, 0.000401813682402, 0.000365078158211, 0.000211278849747, 0.000193980173208, 5.3153209592e-05, 4.22173543484e-05, 2.51957080764e-05, 8.86136695044e-06, 1.09962529677e-05, 5.99321708705e-07, 4.82396558255e-08], "var": [1.73232123091e-10, 2.29823513109e-07, 7.69204348217e-07, 1.34356446324e-06, 9.56761823545e-07, 1.77123365575e-06, 7.65652202972e-07, 4.60032651972e-07, 8.31644592836e-06, 1.04162154457e-05, 9.33689534577e-06, 2.47471189141e-06, 3.12471638608e-06, 2.97683277495e-06, 2.28360954679e-06, 2.56118732977e-06, 3.03984143102e-06, 1.63280344623e-06, 7.01734791164e-07, 1.00420152194e-06, 3.57982408161e-08, 2.57393679703e-08, 1.40125573367e-08, 1.93772153878e-09, 3.84785758811e-09, 8.78804581189e-12, 7.07373341759e-14], "dvar": [1.10798398234e-10, 1.08053647807e-07, 3.91591328253e-07, 1.06651202714e-06, 5.10331290116e-07, 5.46346427654e-07, 3.58489955943e-07, 2.94490973829e-07, 3.16150499202e-06, 3.62846617463e-06, 3.42249973073e-06, 1.00260808722e-06, 1.36191863476e-06, 1.79951075552e-06, 1.14434874376e-06, 1.10946416498e-06, 8.93338722108e-07, 4.82484495024e-07, 2.43072747708e-07, 1.95868167907e-07, 1.540512784e-08, 1.89539512974e-08, 7.12176806417e-09, 8.39278424536e-10, 4.5607286836e-09, 9.46260604595e-12, 1.02693190323e-13], "mean": [1.57451177074e-06, 0.000428958708653, 0.000744607299566, 0.000854746846016, 0.00108118599746, 0.000741049007047, 0.000404529215302, 0.000244261318585, 0.0011563047301, 0.00115065521095, 0.000895898498129, 0.00054858578369, 0.00069777155295, 0.000659762124997, 0.000597641803324, 0.000685721402988, 0.000773161882535, 0.000718667579349, 0.000399241194827, 0.000424757396104, 0.000105594066554, 7.71054037614e-05, 4.65770463052e-05, 1.65568562807e-05, 1.18247644423e-05, 7.28265888483e-07, 7.00690208078e-08]}, "melbands_flatness_db": {"min": 0.00387646770105, "max": 0.470788121223, "dvar2": 0.000985718565062, "median": 0.17750069499, "dmean2": 0.0309470929205, "dmean": 0.0205557569861, "var": 0.00443598581478, "dvar": 0.000442287360784, "mean": 0.187432229519}, "melbands_skewness": {"min": -1.233284235, "max": 12.2885227203, "dvar2": 0.774091243744, "median": 1.27142429352, "dmean2": 0.79108774662, "dmean": 0.519026756287, "var": 2.46606874466, "dvar": 0.323196917772, "mean": 1.68817126751}, "barkbands_skewness": {"min": -2.4675090313, "max": 7.54353237152, "dvar2": 0.469422787428, "median": 0.442766696215, "dmean2": 0.657434225082, "dmean": 0.430406063795, "var": 1.7179479599, "dvar": 0.202794000506, "mean": 0.731730818748}, "silence_rate_60dB": {"min": 0, "max": 1, "dvar2": 0.0860676988959, "median": 0, "dmean2": 0.0789550095797, "dmean": 0.0394717752934, "var": 0.124458983541, "dvar": 0.0379121266305, "mean": 0.145676150918}, "spectral_energyband_low": {"min": 1.20450721967e-23, "max": 0.0116485310718, "dvar2": 2.91180185741e-06, "median": 0.00126950675622, "dmean2": 0.00116172933485, "dmean": 0.000710210413672, "var": 2.05865785574e-06, "dvar": 1.06623053853e-06, "mean": 0.00164422334637}, "spectral_energyband_middle_low": {"min": 1.48066238415e-22, "max": 0.0423061475158, "dvar2": 1.40806450872e-05, "median": 0.00352485314943, "dmean2": 0.0028240873944, "dmean": 0.0018274547765, "var": 1.87212717719e-05, "dvar": 6.11360246694e-06, "mean": 0.00481562456116}, "melbands_kurtosis": {"min": -1.9116256237, "max": 197.541732788, "dvar2": 129.927841187, "median": 1.4847676754, "dmean2": 5.424908638, "dmean": 3.42385673523, "var": 192.43637085, "dvar": 48.1947631836, "mean": 7.0585064888}, "spectral_decrease": {"min": -1.8973771887e-08, "max": 2.39133910065e-28, "dvar2": 2.01885484651e-18, "median": -2.37418751325e-09, "dmean2": 1.20873366871e-09, "dmean": 8.24258050702e-10, "var": 6.21340315355e-18, "dvar": 9.26915329972e-19, "mean": -3.14784331934e-09}, "erbbands_kurtosis": {"min": -1.81809914112, "max": 32.9682273865, "dvar2": 6.36668539047, "median": 0.382619261742, "dmean2": 1.97847187519, "dmean": 1.25511777401, "var": 8.42056465149, "dvar": 2.77082324028, "mean": 1.24823915958}, "melbands_crest": {"min": 1.58493256569, "max": 31.1063365936, "dvar2": 18.9838905334, "median": 11.6897678375, "dmean2": 4.8126707077, "dmean": 2.94617462158, "var": 22.9501609802, "dvar": 7.40808820724, "mean": 12.2402944565}, "melbands_spread": {"min": 1.03061127663, "max": 184.735290527, "dvar2": 202.069595337, "median": 33.4596824646, "dmean2": 12.8910217285, "dmean": 8.39339733124, "var": 622.756835938, "dvar": 92.9488449097, "mean": 37.0341873169}, "spectral_energy": {"min": 9.94439278909e-21, "max": 0.0785271376371, "dvar2": 3.60336016456e-05, "median": 0.0100038908422, "dmean2": 0.00509252399206, "dmean": 0.00349372625351, "var": 0.000118090385513, "dvar": 1.68212718563e-05, "mean": 0.013467522338}, "mfcc": {"mean": [-695.254577637, 122.65952301, -28.2985115051, 41.6943321228, 1.75927984715, 1.69686043262, -6.24867200851, 5.60224866867, -5.6930103302, -0.19461210072, -5.61381721497, -5.31757164001, -6.85177659988], "icov": [[0.000167860998772, -3.14887038257e-05, 0.000321073806845, -0.000118992640637, 0.000368690903997, -0.000276211358141, 0.00029506123974, -0.000238611231907, 0.00025298356195, -0.000118378309708, 0.000332159746904, -5.41055342183e-05, 0.000186835066415], [-3.14887038257e-05, 0.00102275970858, 0.000125444901641, -0.000493108935189, -0.000340713508194, 0.000451914558653, -0.000629879184999, 7.98662367743e-05, 4.00256176363e-05, -6.81188103044e-05, -0.000593185890466, 0.000295946432743, 0.000774451124016], [0.000321073806845, 0.000125444901641, 0.00197594775818, -0.000311633397359, 0.000551178934984, -0.000614581338596, 0.000816081941593, -0.000135098700412, 0.000809747900348, -0.000141380893183, -1.86321794899e-05, -0.000282028020592, 0.000701977987774], [-0.000118992640637, -0.000493108935189, -0.000311633397359, 0.00397998094559, -0.0019688187167, 0.000607303227298, 0.0014549997868, -0.000645714637358, -0.000980845768936, 0.000953302078415, 0.000183142110473, -0.000236877138377, -0.0011770959245], [0.000368690903997, -0.000340713508194, 0.000551178934984, -0.0019688187167, 0.00750836683437, -0.000781901180744, 0.00183370301966, 0.000924653490074, -0.00092355516972, 0.000231697806157, 0.000916883174796, -0.00242211762816, -0.000547511212062], [-0.000276211358141, 0.000451914558653, -0.000614581338596, 0.000607303227298, -0.000781901180744, 0.00829305965453, -0.00345054012723, 0.000253168516792, -0.000761721865274, 0.000209611054743, -0.00241200509481, 0.0020544808358, 0.000780076778028], [0.00029506123974, -0.000629879184999, 0.000816081941593, 0.0014549997868, 0.00183370301966, -0.00345054012723, 0.00842976849526, -0.00280672684312, 0.00152962701395, 0.000175459557795, 1.84755899681e-05, -0.000494191946927, 2.67978612101e-06], [-0.000238611231907, 7.98662367743e-05, -0.000135098700412, -0.000645714637358, 0.000924653490074, 0.000253168516792, -0.00280672684312, 0.0119422702119, -0.00221400498413, 0.000795117113739, 0.000255956780165, 0.000177677851752, -0.000436754984548], [0.00025298356195, 4.00256176363e-05, 0.000809747900348, -0.000980845768936, -0.00092355516972, -0.000761721865274, 0.00152962701395, -0.00221400498413, 0.0108525473624, -0.00269781635143, 0.00068348296918, -0.000120644501294, 0.000384339567972], [-0.000118378309708, -6.81188103044e-05, -0.000141380893183, 0.000953302078415, 0.000231697806157, 0.000209611054743, 0.000175459557795, 0.000795117113739, -0.00269781635143, 0.00917054340243, -0.00135283905547, 0.000228620920097, 0.00171055854298], [0.000332159746904, -0.000593185890466, -1.86321794899e-05, 0.000183142110473, 0.000916883174796, -0.00241200509481, 1.84755899681e-05, 0.000255956780165, 0.00068348296918, -0.00135283905547, 0.011780673638, -0.00324149406515, 0.00167277082801], [-5.41055342183e-05, 0.000295946432743, -0.000282028020592, -0.000236877138377, -0.00242211762816, 0.0020544808358, -0.000494191946927, 0.000177677851752, -0.000120644501294, 0.000228620920097, -0.00324149406515, 0.0133155891672, -0.00325940665789], [0.000186835066415, 0.000774451124016, 0.000701977987774, -0.0011770959245, -0.000547511212062, 0.000780076778028, 2.67978612101e-06, -0.000436754984548, 0.000384339567972, 0.00171055854298, 0.00167277082801, -0.00325940665789, 0.0147866625339]], "cov": [[11828.5849609, 282.236694336, -1680.22509766, -194.762451172, -612.081054688, 244.928512573, 127.211357117, 250.102020264, -127.920845032, 96.2740478516, -253.866546631, -249.335006714, -162.25289917], [282.236694336, 1204.92712402, -129.179046631, 158.580444336, 68.4390716553, -36.4233322144, 34.4213180542, 7.54011964798, 15.0676631927, 12.5025043488, 42.5666694641, -8.70230007172, -51.8172721863], [-1680.22509766, -129.179046631, 812.376403809, 26.2816314697, 43.2485313416, -2.04008841515, -52.8737716675, -42.8577613831, -20.8516483307, -7.9463634491, 48.5440330505, 30.9951038361, -5.22384595871], [-194.762451172, 158.580444336, 26.2816314697, 536.658081055, 237.080200195, -142.880752563, -200.206802368, -18.3104553223, 72.1638793945, -55.3593444824, -43.0096817017, 73.7779006958, 77.0967330933], [-612.081054688, 68.4390716553, 43.2485313416, 237.080200195, 291.696166992, -88.9521179199, -136.296966553, -38.7188186646, 54.7366027832, -29.3233776093, -16.8784217834, 73.8437271118, 55.499710083], [244.928512573, -36.4233322144, -2.04008841515, -142.880752563, -88.9521179199, 209.118286133, 126.717948914, 22.7082099915, -21.1064319611, 19.4490184784, 39.3068084717, -46.1780204773, -42.46925354], [127.211357117, 34.4213180542, -52.8737716675, -200.206802368, -136.296966553, 126.717948914, 259.428070068, 48.9898147583, -44.2343940735, 14.0068616867, 34.5343780518, -42.5512924194, -40.9262504578], [250.102020264, 7.54011964798, -42.8577613831, -18.3104553223, -38.7188186646, 22.7082099915, 48.9898147583, 102.947822571, 7.89964389801, -2.01539468765, -4.59997749329, -12.6816644669, -4.82498121262], [-127.920845032, 15.0676631927, -20.8516483307, 72.1638793945, 54.7366027832, -21.1064319611, -44.2343940735, 7.89964389801, 119.971580505, 22.0823898315, -7.7330698967, 12.4551124573, 8.89066791534], [96.2740478516, 12.5025043488, -7.9463634491, -55.3593444824, -29.3233776093, 19.4490184784, 14.0068616867, -2.01539468765, 22.0823898315, 131.289550781, 19.30402565, -13.2678394318, -28.945104599], [-253.866546631, 42.5666694641, 48.5440330505, -43.0096817017, -16.8784217834, 39.3068084717, 34.5343780518, -4.59997749329, -7.7330698967, 19.30402565, 113.332351685, 12.8825521469, -19.6042327881], [-249.335006714, -8.70230007172, 30.9951038361, 73.7779006958, 73.8437271118, -46.1780204773, -42.5512924194, -12.6816644669, 12.4551124573, -13.2678394318, 12.8825521469, 107.763275146, 36.319278717], [-162.25289917, -51.8172721863, -5.22384595871, 77.0967330933, 55.499710083, -42.46925354, -40.9262504578, -4.82498121262, 8.89066791534, -28.945104599, -19.6042327881, 36.319278717, 96.2791976929]]}, "spectral_contrast_valleys": {"min": [-28.5000457764, -28.1259994507, -27.9452819824, -27.8853626251, -27.5287914276, -27.3722610474], "max": [-6.36150169373, -5.34214544296, -5.75398492813, -6.03605413437, -5.66569471359, -8.39555358887], "dvar2": [0.355259329081, 0.307049512863, 0.248858690262, 0.22690692544, 0.211539059877, 0.246251285076], "median": [-7.82484436035, -7.133228302, -7.83581018448, -7.94921970367, -7.67302513123, -11.103272438], "dmean2": [0.652363717556, 0.583468079567, 0.503743052483, 0.434582918882, 0.374904692173, 0.379088819027], "dmean": [0.390475690365, 0.354693293571, 0.313110768795, 0.284760922194, 0.258593201637, 0.281479299068], "var": [7.12661170959, 7.85564994812, 7.78029203415, 7.59349966049, 7.72956848145, 5.55811595917], "dvar": [0.150295644999, 0.140176653862, 0.125956654549, 0.122200727463, 0.120963230729, 0.136531591415], "mean": [-8.29107093811, -7.58580732346, -8.32952594757, -8.47183609009, -8.15549850464, -11.5283765793]}, "barkbands_flatness_db": {"min": 0.0387838222086, "max": 0.345434755087, "dvar2": 0.000578108418267, "median": 0.147417664528, "dmean2": 0.0260354410857, "dmean": 0.016923584044, "var": 0.00167871231679, "dvar": 0.000250013370533, "mean": 0.151173114777}, "dynamic_complexity": 4.3144288063, "spectral_skewness": {"min": -0.108101911843, "max": 3.97890090942, "dvar2": 0.153766557574, "median": 1.20119166374, "dmean2": 0.41950955987, "dmean": 0.248196825385, "var": 0.201712712646, "dvar": 0.0545043423772, "mean": 1.25106799603}, "erbbands_flatness_db": {"min": 0.0280489139259, "max": 0.350872546434, "dvar2": 0.00049162551295, "median": 0.207948833704, "dmean2": 0.024308251217, "dmean": 0.01660