{"lowlevel": {"spectral_complexity": {"min": 0, "max": 48, "dvar2": 15.0488882065, "median": 15, "dmean2": 3.51865768433, "dmean": 2.25956249237, "var": 41.6965713501, "dvar": 7.34641313553, "mean": 14.9663181305}, "silence_rate_20dB": {"min": 1, "max": 1, "dvar2": 0, "median": 1, "dmean2": 0, "dmean": 0, "var": 0, "dvar": 0, "mean": 1}, "average_loudness": 0.949023365974, "erbbands_spread": {"min": 0.729965269566, "max": 154.720321655, "dvar2": 160.075546265, "median": 34.3299102783, "dmean2": 9.60619354248, "dmean": 6.51787281036, "var": 365.792785645, "dvar": 78.3778762817, "mean": 35.5159492493}, "spectral_kurtosis": {"min": -1.2232465744, "max": 128.458435059, "dvar2": 38.0595359802, "median": 4.8556470871, "dmean2": 3.53578877449, "dmean": 2.17762565613, "var": 187.662643433, "dvar": 15.3096895218, "mean": 8.19602489471}, "barkbands_kurtosis": {"min": -1.95103573799, "max": 2600.91552734, "dvar2": 471.982452393, "median": 3.10784935951, "dmean2": 5.23211812973, "dmean": 3.65468096733, "var": 3130.38378906, "dvar": 472.503814697, "mean": 8.93525218964}, "spectral_strongpeak": {"min": 0, "max": 23.5819969177, "dvar2": 5.30567169189, "median": 0.442491710186, "dmean2": 1.104144454, "dmean": 0.650339305401, "var": 7.38649702072, "dvar": 2.20368552208, "mean": 1.45088589191}, "spectral_spread": {"min": 779144, "max": 52144532, "dvar2": 1340144746500.0, "median": 4219052.5, "dmean2": 755543.8125, "dmean": 552188.8125, "var": 3516814065660.0, "dvar": 877110362112, "mean": 4513713.5}, "spectral_rms": {"min": 3.25926416932e-12, "max": 0.0135307386518, "dvar2": 1.57389729338e-06, "median": 0.00548508949578, "dmean2": 0.00101580971386, "dmean": 0.000651292561088, "var": 3.23866743202e-06, "dvar": 7.19472836863e-07, "mean": 0.00530405482277}, "erbbands": {"min": [8.58468274936e-22, 4.92751410118e-21, 2.29688362099e-20, 5.062519186e-20, 5.99276521041e-20, 1.13455433658e-19, 4.865563217e-19, 3.73304800988e-19, 2.85389357148e-19, 4.76976691327e-19, 5.54369363799e-19, 5.31306275851e-19, 9.05273286618e-19, 1.28741273844e-18, 3.33549787305e-18, 4.30819858051e-18, 5.18285356995e-18, 5.33051647623e-18, 7.2386128727e-18, 5.07383406035e-18, 8.63797499447e-18, 9.59346620928e-18, 1.37490181203e-17, 1.31494908472e-17, 1.27062345355e-17, 1.44528983636e-17, 1.3624952609e-17, 2.02632449424e-17, 1.79994186963e-17, 1.94416477989e-17, 1.99866870307e-17, 1.67415929676e-17, 9.63861372711e-18, 1.09154381401e-17, 9.32058180674e-18, 5.64090607493e-18, 2.51805503746e-18, 1.10860120882e-18, 3.09353477428e-19, 3.67799429335e-20], "max": [6.25137376785, 27.184091568, 76.2419815063, 123.305709839, 186.833679199, 162.097793579, 267.510009766, 302.572967529, 578.396850586, 1585.50830078, 1550.04711914, 1761.68395996, 1331.53918457, 882.83416748, 1223.80834961, 1694.92492676, 2476.76074219, 1075.35253906, 2076.28417969, 3087.25512695, 3334.30078125, 2309.76782227, 911.63104248, 1175.55126953, 100.925582886, 127.863540649, 201.68208313, 171.05128479, 95.2994842529, 80.1836090088, 70.3515167236, 61.8496513367, 36.4426193237, 28.8586826324, 12.6020936966, 5.21658468246, 1.21348810196, 0.39595580101, 0.0385322198272, 0.00127808924299], "dvar2": [0.246684327722, 7.98300409317, 70.7610855103, 124.415130615, 393.499633789, 356.05065918, 343.082244873, 216.93611145, 348.121887207, 3755.24487305, 5301.22802734, 2710.48364258, 3125.34179688, 886.929992676, 2999.00927734, 4962.33105469, 7132.02587891, 3332.49584961, 8515.26269531, 15034.7607422, 18885.0449219, 11831.8769531, 2280.12548828, 283.006317139, 52.3609848022, 57.4780921936, 50.1578445435, 70.9816131592, 38.2537384033, 41.1421890259, 27.2294864655, 18.4065093994, 7.3167181015, 5.84954118729, 0.837731599808, 0.144128963351, 0.0127493031323, 0.000439239025582, 6.69575820211e-06, 9.58707158105e-09], "median": [0.0446455553174, 1.20675063133, 3.0392370224, 4.64706277847, 9.17926216125, 10.1306428909, 7.15180301666, 3.76708030701, 2.4879629612, 6.66132164001, 8.24974727631, 7.36773872375, 13.2702684402, 5.24084568024, 7.90681314468, 7.66967964172, 8.22640609741, 6.75434207916, 8.44105911255, 8.09642601013, 8.03654956818, 7.06492996216, 4.10830593109, 2.43956708908, 2.9920873642, 2.93002271652, 1.78158915043, 1.4239654541, 1.32070481777, 1.09527301788, 0.656775355339, 0.381506919861, 0.298017084599, 0.142920732498, 0.0731514543295, 0.03051725775, 0.00821775570512, 0.00140941143036, 0.000123205012642, 4.47488637292e-05], "dmean2": [0.173503562808, 1.21381700039, 4.20272111893, 6.19801521301, 11.7162256241, 11.5149688721, 8.93419742584, 5.24220705032, 4.13584375381, 15.0445480347, 21.1330718994, 14.4034767151, 20.2435626984, 11.8777227402, 18.8877410889, 19.5099830627, 23.5630702972, 21.5735969543, 22.0760326385, 22.5136928558, 26.631155014, 22.0963859558, 9.76551151276, 3.40087580681, 3.79757666588, 3.92812728882, 2.92240142822, 2.7621948719, 2.61184430122, 2.15013575554, 1.71023511887, 1.35691070557, 1.04357719421, 0.885957658291, 0.36638957262, 0.140801712871, 0.0436705760658, 0.00826647784561, 0.000944953819271, 3.78432196158e-05], "dmean": [0.109375916421, 0.741234183311, 2.372838974, 3.57946825027, 6.94326639175, 6.85137891769, 5.66076612473, 3.34830451012, 2.66379213333, 9.85004711151, 15.069896698, 10.8543252945, 14.6054515839, 8.73983192444, 13.7277441025, 13.7449417114, 17.1719436646, 15.0435657501, 15.4989738464, 14.5254573822, 17.3086338043, 14.2946424484, 6.20438861847, 2.34686875343, 2.49240279198, 2.57173466682, 2.02242040634, 1.81534636021, 1.74920582771, 1.39194822311, 1.09371864796, 0.882325291634, 0.696295499802, 0.574331402779, 0.247464314103, 0.0916773825884, 0.0283665508032, 0.00564271397889, 0.000624714710284, 2.47350690188e-05], "var": [0.174715444446, 4.41721725464, 34.4084205627, 50.773273468, 224.531951904, 292.822235107, 439.735748291, 221.264282227, 263.318481445, 2938.99169922, 13870.6992188, 10330.1162109, 5809.79931641, 4902.69824219, 7222.77636719, 10944.1005859, 11817.1005859, 5881.66943359, 14109.4931641, 20531.2207031, 31999.9785156, 21993.3203125, 3692.34814453, 648.672119141, 71.5220794678, 70.4053115845, 87.5463790894, 47.4971466064, 43.7721672058, 20.8701000214, 14.3970375061, 12.7139387131, 7.38361692429, 5.26676893234, 1.24204742908, 0.0992383211851, 0.0137546854094, 0.000913491065148, 1.11871468107e-05, 8.08245648187e-09], "dvar": [0.108771257102, 3.07827496529, 24.311460495, 44.230052948, 145.962097168, 125.940544128, 144.97857666, 94.6989212036, 133.128234863, 1498.84204102, 2978.39697266, 1456.2623291, 1643.0625, 552.348022461, 1535.11682129, 2812.23291016, 3480.94677734, 1665.36291504, 3743.34399414, 6327.99560547, 7943.28222656, 4958.70605469, 951.377441406, 168.427246094, 22.7839756012, 26.0070419312, 24.2381668091, 30.5536403656, 17.3072032928, 16.833486557, 10.8188667297, 7.54956483841, 3.0829834938, 2.40406084061, 0.37444677949, 0.0598358735442, 0.00533109903336, 0.000214073326788, 2.98755276162e-06, 4.00384392307e-09], "mean": [0.227548807859, 1.74992418289, 5.07636785507, 6.45951557159, 13.4272146225, 15.561214447, 14.4902572632, 8.0845823288, 6.337018013, 21.7701263428, 45.5325126648, 36.2179908752, 35.6746864319, 28.4008541107, 36.3521728516, 35.0126419067, 41.9418106079, 33.2568435669, 38.0739097595, 32.0219116211, 40.0818405151, 35.2523536682, 14.729590416, 5.0111746788, 6.01149129868, 5.87103414536, 4.42979955673, 3.42602109909, 3.7991874218, 2.41731190681, 1.80804121494, 1.46592903137, 1.3539185524, 1.04724550247, 0.523149967194, 0.15227663517, 0.0532580688596, 0.011738804169, 0.00124544487335, 6.8982852099e-05]}, "zerocrossingrate": {"min": 0.00244140625, "max": 0.56591796875, "dvar2": 0.000103836107883, "median": 0.041015625, "dmean2": 0.00888363830745, "dmean": 0.00718188239262, "var": 0.0036946926266, "dvar": 8.229183004e-05, "mean": 0.0535438507795}, "spectral_contrast_coeffs": {"min": [-0.96389311552, -0.974085271358, -0.981712043285, -0.969401955605, -0.96218675375, -0.960864007473], "max": [-0.286858826876, -0.381901115179, -0.439112514257, -0.384048581123, -0.514478683472, -0.582231402397], "dvar2": [0.00419942103326, 0.00252331327647, 0.00184359878767, 0.00130132806953, 0.000740689632948, 0.000617165584117], "median": [-0.62674498558, -0.726225435734, -0.739984035492, -0.751838326454, -0.780239760876, -0.760032534599], "dmean2": [0.0761950686574, 0.0578725971282, 0.0484532304108, 0.0417276397347, 0.0316231958568, 0.0273105911911], "dmean": [0.0454577766359, 0.0356182008982, 0.0312312953174, 0.0270273629576, 0.0205093082041, 0.0186365637928], "var": [0.00935959350318, 0.00727770058438, 0.00638107955456, 0.00578225264326, 0.00382187194191, 0.002795397304], "dvar": [0.00157455913723, 0.00104138127062, 0.000829729193356, 0.000602429616265, 0.0003571039706, 0.000332003633957], "mean": [-0.620433270931, -0.719028830528, -0.730486273766, -0.744746625423, -0.77477312088, -0.764116108418]}, "dissonance": {"min": 0.220459938049, "max": 0.499999910593, "dvar2": 0.00109961233102, "median": 0.460655152798, "dmean2": 0.0309971552342, "dmean": 0.018406689167, "var": 0.00129172403831, "dvar": 0.000396647898015, "mean": 0.451901912689}, "spectral_energyband_high": {"min": 7.6902868458e-21, "max": 0.0104329781607, "dvar2": 7.26125790607e-07, "median": 0.000218466855586, "dmean2": 0.000313927856041, "dmean": 0.000215202424442, "var": 6.05077332239e-07, "dvar": 3.10600739795e-07, "mean": 0.000497732951771}, "gfcc": {"mean": [-26.9915313721, 102.39919281, -97.3075180054, 27.1278324127, -44.6694335938, 17.160823822, -34.5725097656, 4.06038188934, -23.4029808044, -2.73719286919, -22.8444843292, -5.02528905869, -10.4456300735], "icov": [[0.000143689641845, -0.000354799471097, 0.000226458665566, -0.000255557504715, 0.000268769188551, -0.000631586473901, 0.000506885291543, -0.000442109507276, 0.000500836176798, -0.00044813103159, 0.000760274589993, -0.000317230296787, 0.00036097902921], [-0.000354799471097, 0.00171970645897, -0.000504444818944, 0.000588181195781, -0.000835113984067, 0.00204223394394, -0.00193536398001, 0.00198474898934, -0.00174131570384, 0.00209804088809, -0.00268462020904, 0.00151153665502, -0.00169314839877], [0.000226458665566, -0.000504444818944, 0.00142108206637, -0.000615610624664, -0.000506700831465, -0.00102185981814, 0.000716040143743, -0.000687686377205, 0.00109356956091, -0.00120662711561, 0.000710241671186, -0.000320291292155, 0.000514024402946], [-0.000255557504715, 0.000588181195781, -0.000615610624664, 0.00481802271679, -0.00102463469375, 0.00076309335418, -0.000176604808075, -0.000512855302077, -0.00175350497011, 0.00203050975688, -0.0015656426549, 0.000257822917774, -0.00213565630838], [0.000268769188551, -0.000835113984067, -0.000506700831465, -0.00102463469375, 0.0053025749512, -0.00239678821526, 0.00138816062827, -0.00085711129941, -0.00164487073198, 0.00109570357017, 0.00117220100947, -0.000990071333945, -0.000602284620982], [-0.000631586473901, 0.00204223394394, -0.00102185981814, 0.00076309335418, -0.00239678821526, 0.00983418989927, -0.00446200463921, 0.00159008940682, -0.000129158826894, -0.00130637874827, -0.00280593871139, 0.00125587650109, -0.00126625900157], [0.000506885291543, -0.00193536398001, 0.000716040143743, -0.000176604808075, 0.00138816062827, -0.00446200463921, 0.00760430423543, -0.00221246574074, 0.000631031347439, -0.00133634265512, 0.000295640697004, -0.00110131851397, 0.00174482155126], [-0.000442109507276, 0.00198474898934, -0.000687686377205, -0.000512855302077, -0.00085711129941, 0.00159008940682, -0.00221246574074, 0.011236410588, -0.00448956573382, 0.00213047559373, -0.0019423920894, -0.000770903425291, -0.000914745614864], [0.000500836176798, -0.00174131570384, 0.00109356956091, -0.00175350497011, -0.00164487073198, -0.000129158826894, 0.000631031347439, -0.00448956573382, 0.013842612505, -0.00521244294941, 0.00193428224884, -0.000405372760724, -0.00244222907349], [-0.00044813103159, 0.00209804088809, -0.00120662711561, 0.00203050975688, 0.00109570357017, -0.00130637874827, -0.00133634265512, 0.00213047559373, -0.00521244294941, 0.0145589178428, -0.00595187302679, 0.00286204344593, -0.00185279629659], [0.000760274589993, -0.00268462020904, 0.000710241671186, -0.0015656426549, 0.00117220100947, -0.00280593871139, 0.000295640697004, -0.0019423920894, 0.00193428224884, -0.00595187302679, 0.0183679107577, -0.00571020599455, 0.00388873019256], [-0.000317230296787, 0.00151153665502, -0.000320291292155, 0.000257822917774, -0.000990071333945, 0.00125587650109, -0.00110131851397, -0.000770903425291, -0.000405372760724, 0.00286204344593, -0.00571020599455, 0.0129674682394, -0.00373797956854], [0.00036097902921, -0.00169314839877, 0.000514024402946, -0.00213565630838, -0.000602284620982, -0.00126625900157, 0.00174482155126, -0.000914745614864, -0.00244222907349, -0.00185279629659, 0.00388873019256, -0.00373797956854, 0.0186593383551]], "cov": [[25596.4121094, 1003.26171875, -2658.37084961, 26.7297515869, -1170.65551758, 393.14654541, -626.231567383, 12.2124786377, -660.363830566, -0.343710482121, -561.191162109, -81.1098022461, -265.562225342], [1003.26171875, 2230.29931641, 55.1029777527, 77.2583465576, 215.905807495, -181.343490601, 227.423400879, -140.160507202, 164.438720703, -153.142913818, 115.226203918, -64.5165863037, 126.196220398], [-2658.37084961, 55.1029777527, 1288.61364746, 144.680145264, 332.366271973, 70.7762069702, 54.7609977722, 43.2682914734, 86.54637146, 40.1305999756, 74.0781021118, 25.5677967072, 55.016708374], [26.7297515869, 77.2583465576, 144.680145264, 324.383453369, 141.117431641, -8.66327667236, -22.331155777, 63.26820755, 73.7109680176, -35.7948532104, 7.12305307388, 32.8837738037, 59.9883155823], [-1170.65551758, 215.905807495, 332.366271973, 141.117431641, 400.606658936, 17.1165313721, 24.8011779785, 43.1554527283, 119.120292664, -33.2587356567, 30.9649200439, 31.6013755798, 75.2888946533], [393.14654541, -181.343490601, 70.7762069702, -8.66327667236, 17.1165313721, 211.502685547, 63.2460746765, 18.0761051178, -17.6047954559, 61.9358558655, 13.1363544464, 7.31541872025, -14.5510377884], [-626.231567383, 227.423400879, 54.7609977722, -22.331155777, 24.8011779785, 63.2460746765, 256.57723999, 3.14173531532, 37.158405304, 21.3007946014, 62.368473053, 2.93767166138, 4.51011276245], [12.2124786377, -140.160507202, 43.2682914734, 63.26820755, 43.1554527283, 18.0761051178, 3.14173531532, 140.749938965, 42.3863716125, 4.77531099319, 1.45801842213, 31.6859016418, 14.3865251541], [-660.363830566, 164.438720703, 86.54637146, 73.7109680176, 119.120292664, -17.6047954559, 37.158405304, 42.3863716125, 155.29119873, 10.8054647446, 27.4462947845, 11.6634340286, 53.0171279907], [-0.343710482121, -153.142913818, 40.1305999756, -35.7948532104, -33.2587356567, 61.9358558655, 21.3007946014, 4.77531099319, 10.8054647446, 121.683044434, 23.3507423401, -6.10861778259, -10.313378334], [-561.191162109, 115.226203918, 74.0781021118, 7.12305307388, 30.9649200439, 13.1363544464, 62.368473053, 1.45801842213, 27.4462947845, 23.3507423401, 102.189468384, 23.2915458679, 5.49717760086], [-81.1098022461, -64.5165863037, 25.5677967072, 32.8837738037, 31.6013755798, 7.31541872025, 2.93767166138, 31.6859016418, 11.6634340286, -6.10861778259, 23.2915458679, 103.745811462, 18.4184322357], [-265.562225342, 126.196220398, 55.016708374, 59.9883155823, 75.2888946533, -14.5510377884, 4.51011276245, 14.3865251541, 53.0171279907, -10.313378334, 5.49717760086, 18.4184322357, 85.7167892456]]}, "spectral_flux": {"min": 1.04773141552e-10, "max": 0.387213110924, "dvar2": 0.00163165398408, "median": 0.0585962831974, "dmean2": 0.0332889184356, "dmean": 0.021306488663, "var": 0.00208675605245, "dvar": 0.000759855087381, "mean": 0.0672495737672}, "silence_rate_30dB": {"min": 0, "max": 1, "dvar2": 0.0253959968686, "median": 1, "dmean2": 0.0193288587034, "dmean": 0.00966313201934, "var": 0.00640005990863, "dvar": 0.00956880860031, "mean": 0.993558764458}, "spectral_energyband_middle_high": {"min": 1.66344506571e-21, "max": 0.0791504085064, "dvar2": 2.51625751844e-05, "median": 0.00279376446269, "dmean2": 0.00257740425877, "dmean": 0.00182949646842, "var": 6.5759762947e-05, "dvar": 1.171803342e-05, "mean": 0.00638817762956}, "barkbands_spread": {"min": 0.0705473795533, "max": 140.390991211, "dvar2": 60.2795295715, "median": 15.5911483765, "dmean2": 5.85573530197, "dmean": 3.79594826698, "var": 251.789413452, "dvar": 26.9028682709, "mean": 18.9669761658}, "spectral_centroid": {"min": 86.5198059082, "max": 10971.78125, "dvar2": 87070.96875, "median": 932.021484375, "dmean2": 232.206695557, "dmean": 149.764572144, "var": 416915.4375, "dvar": 42477.0273438, "mean": 1032.68554688}, "pitch_salience": {"min": 0.0763190090656, "max": 0.859103918076, "dvar2": 0.00757419457659, "median": 0.520091533661, "dmean2": 0.0939605683088, "dmean": 0.0572659038007, "var": 0.013481519185, "dvar": 0.00299755716696, "mean": 0.509228348732}, "erbbands_skewness": {"min": -10.2435588837, "max": 6.88387155533, "dvar2": 0.292479276657, "median": 0.418352484703, "dmean2": 0.454707860947, "dmean": 0.295776903629, "var": 1.55771124363, "dvar": 0.139839053154, "mean": 0.235819667578}, "erbbands_crest": {"min": 2.26434254646, "max": 32.9115409851, "dvar2": 12.7198486328, "median": 9.16084289551, "dmean2": 3.3304207325, "dmean": 2.18374729156, "var": 36.7762680054, "dvar": 5.873919487, "mean": 10.7843999863}, "melbands": {"min": [7.04418788457e-24, 9.42705900021e-24, 1.22983328349e-23, 4.094168771e-24, 1.63309984599e-23, 7.93356544634e-24, 4.69784023999e-24, 4.78064657478e-24, 4.43716785918e-24, 4.0247095683e-24, 4.42408736208e-24, 4.42721795658e-24, 1.01004369798e-23, 8.13828037327e-24, 1.15675754797e-23, 8.88960727662e-24, 8.43705434137e-24, 1.02877748787e-23, 7.10110577661e-24, 6.64156274488e-24, 1.14437566609e-23, 9.11830120849e-24, 1.26443185505e-23, 9.92458883996e-24, 1.05352965538e-23, 1.22375171812e-23, 7.10692362578e-24, 9.82891973368e-24, 7.51566243749e-24, 1.00083422023e-23, 1.21497595609e-23, 1.01918746362e-23, 1.05620026509e-23, 1.06646918304e-23, 1.22431875133e-23, 9.58927877904e-24, 1.04377972902e-23, 5.47796766613e-24, 8.45298144305e-24, 9.14135014642e-24], "max": [0.0444638468325, 0.0355009324849, 0.0212899297476, 0.0113354213536, 0.0092255352065, 0.00753598334268, 0.00765954330564, 0.0157009232789, 0.0115257333964, 0.00942662730813, 0.00659132702276, 0.00373055669479, 0.00475550908595, 0.00533787626773, 0.00355857098475, 0.0056008445099, 0.00258103711531, 0.00407555792481, 0.00384948845021, 0.0078429011628, 0.00316697382368, 0.00342273735441, 0.00214234902523, 0.000900988350622, 0.00124235951807, 6.22027146164e-05, 0.000182540577953, 7.44427088648e-05, 0.000112661327876, 7.81634589657e-05, 0.000109212160169, 4.95787353429e-05, 4.07563675253e-05, 5.86115747865e-05, 5.47223789908e-05, 5.90222116443e-05, 4.12215158576e-05, 3.14621829602e-05, 2.90447769657e-05, 2.24596988119e-05], "dvar2": [1.28120809677e-05, 1.56904970936e-05, 4.29866167906e-06, 1.43465945257e-06, 4.46812691735e-07, 1.02379772215e-07, 7.41875325616e-08, 4.36578289964e-07, 3.15163816822e-07, 9.83740306992e-08, 7.68033387999e-08, 1.58771964465e-08, 2.80467897795e-08, 5.7382450791e-08, 2.60633683524e-08, 3.01064311259e-08, 1.6648355583e-08, 3.02857543488e-08, 2.07511146044e-08, 6.28634637678e-08, 2.04843839668e-08, 2.63458090899e-08, 9.56329593294e-09, 2.82810885821e-10, 2.92152829706e-10, 2.58270401593e-11, 4.7154627425e-11, 2.63467078016e-11, 2.1737276909e-11, 2.2105426864e-11, 2.66920843067e-11, 1.34339908989e-11, 1.2266403171e-11, 1.72124363373e-11, 1.24599644838e-11, 9.75845272644e-12, 7.20117238409e-12, 3.92929395618e-12, 5.35872301394e-12, 4.01219422269e-12], "median": [0.000933965144213, 0.00204962259158, 0.0010102862725, 0.000798326451331, 0.000312213902362, 8.36316612549e-05, 3.48971843778e-05, 7.75204680394e-05, 6.79677759763e-05, 4.20017386205e-05, 5.97814178036e-05, 1.62385113072e-05, 2.17879569391e-05, 1.8940467271e-05, 1.88654448721e-05, 1.15598277262e-05, 9.68145559455e-06, 1.17870931717e-05, 9.82559686236e-06, 1.07142495835e-05, 7.89255682321e-06, 6.42005397822e-06, 5.20161574968e-06, 2.01670150091e-06, 1.53758776378e-06, 1.8018395167e-06, 2.14308329305e-06, 1.69547774931e-06, 1.07708365249e-06, 7.65307390793e-07, 7.24780647943e-07, 7.37181437671e-07, 6.13474469446e-07, 4.95487995522e-07, 3.60425588042e-07, 2.45926997877e-07, 1.94208496396e-07, 2.13496576862e-07, 1.50693608703e-07, 1.03150647135e-07], "dmean2": [0.00141083239578, 0.00193178432528, 0.00122235435992, 0.000778464134783, 0.000363849278074, 0.000117124895041, 6.53759925626e-05, 0.000181039984454, 0.000169803141034, 8.46442198963e-05, 0.000100534714875, 4.81691749883e-05, 6.11510477029e-05, 5.53864520043e-05, 5.6518430938e-05, 4.51307532785e-05, 4.36785703641e-05, 3.76661664632e-05, 2.83631179627e-05, 4.09774329455e-05, 3.0160874303e-05, 2.70760701824e-05, 1.7918748199e-05, 4.33808054368e-06, 2.86217550638e-06, 2.56212365457e-06, 3.35790718964e-06, 2.62917069449e-06, 1.90862760974e-06, 1.71186729858e-06, 1.75368666078e-06, 1.56461419465e-06, 1.35133120693e-06, 1.31399212933e-06, 1.09816357963e-06, 9.74036652224e-07, 8.26013376809e-07, 7.75481623805e-07, 7.88911279415e-07, 7.61516275816e-07], "dmean": [0.000894230499398, 0.00111557194032, 0.000711746164598, 0.000460362352896, 0.000227060285397, 7.54524226068e-05, 4.22391094617e-05, 0.000119603755593, 0.000121032251627, 6.28265042906e-05, 7.26636935724e-05, 3.54841322405e-05, 4.44529432571e-05, 3.8017577026e-05, 4.10584361816e-05, 3.20282269968e-05, 3.00838291878e-05, 2.6049605367e-05, 1.90494938579e-05, 2.67318009719e-05, 2.00597587536e-05, 1.75235636561e-05, 1.12753650683e-05, 2.99143493976e-06, 1.94447511603e-06, 1.6541516743e-06, 2.18515833694e-06, 1.69149382145e-06, 1.28901592689e-06, 1.14685803965e-06, 1.13913597488e-06, 1.03862180367e-06, 8.85051065325e-07, 8.35791581721e-07, 6.89682053689e-07, 6.29814280728e-07, 5.28551936441e-07, 5.12796589192e-07, 5.09630069701e-07, 4.93881373131e-07], "var": [1.02338299257e-05, 7.04787453287e-06, 2.23728193305e-06, 1.02346928088e-06, 5.37291498404e-07, 1.14733758494e-07, 6.13810300365e-08, 4.10529736428e-07, 8.50524259022e-07, 3.11471126224e-07, 1.42844598372e-07, 9.19522236131e-08, 7.72570274421e-08, 1.06330631411e-07, 5.28627701613e-08, 3.35231611359e-08, 2.74704117231e-08, 3.58791396593e-08, 2.48031319927e-08, 1.37058862038e-07, 3.33726895008e-08, 4.86836846392e-08, 1.574274755e-08, 5.6389831693e-10, 6.26805829462e-10, 2.5879217172e-11, 7.60091017904e-11, 2.51782952126e-11, 2.88384507247e-11, 1.98463398493e-11, 1.89058508432e-11, 1.59193335597e-11, 8.75286475244e-12, 7.80952386092e-12, 5.74584217011e-12, 7.3132932002e-12, 4.45176144212e-12, 4.61832438611e-12, 3.4953906089e-12, 4.05997024194e-12], "dvar": [5.76462343815e-06, 5.57335897611e-06, 1.59098874519e-06, 5.14459600254e-07, 1.82078338185e-07, 4.47872352538e-08, 2.92892163856e-08, 1.81844484359e-07, 1.75992639129e-07, 5.10818871646e-08, 4.04314874913e-08, 1.00385548762e-08, 1.49041010644e-08, 2.82000467422e-08, 1.4368821688e-08, 1.37455584692e-08, 8.084657388e-09, 1.25256942596e-08, 9.39782029974e-09, 2.92176967065e-08, 8.72195915491e-09, 1.10290878652e-08, 3.83304099572e-09, 1.75365402755e-10, 1.79600057049e-10, 1.07608574829e-11, 2.23958612072e-11, 1.14146660873e-11, 9.79625148362e-12, 9.64556472888e-12, 1.14501194984e-11, 5.99584487962e-12, 5.13582102193e-12, 6.84257164818e-12, 4.8401183235e-12, 4.23178202549e-12, 2.87474211103e-12, 1.6885502328e-12, 2.11518216137e-12, 1.6961278302e-12], "mean": [0.00210344325751, 0.00256245397031, 0.00139483832754, 0.0010648323223, 0.000573216530029, 0.000187670448213, 9.43153063417e-05, 0.000277057784842, 0.00037740188418, 0.000196688706637, 0.000172280138941, 0.000111779278086, 0.000112586538307, 9.73275236902e-05, 9.87287785392e-05, 7.05364072928e-05, 6.24969252385e-05, 5.94381381234e-05, 4.02297519031e-05, 6.07001202297e-05, 4.32441338489e-05, 4.21862096118e-05, 2.49555705523e-05, 5.57419070901e-06, 3.65130040336e-06, 3.58049373972e-06, 5.07903087055e-06, 3.49290257873e-06, 2.63912329501e-06, 2.16224452743e-06, 2.01162379199e-06, 2.25337953452e-06, 1.61393927556e-06, 1.31171202611e-06, 1.05624849311e-06, 9.58922896643e-07, 8.52551693242e-07, 9.94727770376e-07, 8.46188356718e-07, 8.82989183992e-07]}, "spectral_entropy": {"min": 3.97605538368, "max": 9.79802131653, "dvar2": 0.0663499385118, "median": 7.28503227234, "dmean2": 0.226524755359, "dmean": 0.160946458578, "var": 0.495046257973, "dvar": 0.0346459038556, "mean": 7.17327260971}, "spectral_rolloff": {"min": 21.533203125, "max": 19745.9472656, "dvar2": 675515.8125, "median": 796.728515625, "dmean2": 408.803497314, "dmean": 243.140457153, "var": 5086470, "dvar": 322593.9375, "mean": 1253.77355957}, "barkbands": {"min": [1.78014667417e-24, 2.43607536607e-23, 1.7385184842e-23, 2.20776403174e-23, 4.25901711325e-23, 4.30821836791e-23, 2.23574792572e-23, 1.91775336166e-23, 3.37287924546e-23, 2.40400043944e-23, 6.28936332974e-23, 8.65256214767e-23, 1.16080516172e-22, 7.19279271304e-23, 7.88565113936e-23, 1.33723472359e-22, 1.53116286116e-22, 2.23147495019e-22, 3.10143429056e-22, 2.6294326839e-22, 4.41491243643e-22, 5.1825657313e-22, 6.84575159625e-22, 6.8447433689e-22, 1.18360155056e-21, 1.49431964901e-21, 2.44222228384e-21], "max": [0.0156883597374, 0.129293754697, 0.0757559388876, 0.0555078797042, 0.043275475502, 0.0301147699356, 0.0431925430894, 0.0568728223443, 0.0696739256382, 0.0336970724165, 0.0320377014577, 0.0352113991976, 0.0445070713758, 0.0296498611569, 0.0420182868838, 0.0789613947272, 0.0424335636199, 0.0195185318589, 0.0163791198283, 0.0031609267462, 0.00302897836082, 0.00170001701917, 0.00228393590078, 0.00239091762342, 0.00210051424801, 0.000750005419832, 0.000204680633033], "dvar2": [9.81061475613e-07, 0.000146628983202, 5.63110770599e-05, 2.41765319515e-05, 2.46429717663e-05, 2.61497848442e-06, 3.32584659191e-06, 1.02430767583e-05, 4.37684275312e-06, 2.22715175369e-06, 1.33628122967e-06, 3.36834932568e-06, 3.43009878634e-06, 2.33359241975e-06, 3.13500800075e-06, 9.48761771724e-06, 5.26251005795e-06, 1.00644308532e-06, 6.47145839139e-08, 2.52025067482e-08, 3.38267831523e-08, 2.77362701695e-08, 4.02651672005e-08, 2.89876727066e-08, 2.86611090416e-08, 4.36936309356e-09, 2.05150479937e-10], "median": [3.98884440074e-05, 0.00486923893914, 0.00252229580656, 0.00131417997181, 0.00375067186542, 0.000501177157275, 0.000179778231541, 0.000386202009395, 0.000240511595621, 0.000339047168382, 0.000137885072036, 0.000121269156807, 0.000139178242534, 9.96162489173e-05, 0.000155769623234, 0.000130059852381, 0.000133617431857, 4.42753407697e-05, 5.26389630977e-05, 5.67513634451e-05, 3.74785049644e-05, 3.53854666173e-05, 2.63658894255e-05, 1.81794639502e-05, 1.12868619908e-05, 5.12749829795e-06, 6.09061032719e-07], "dmean2": [0.000334583455697, 0.00511847669259, 0.00399824557826, 0.00257626338862, 0.00331610348076, 0.000690515851602, 0.000412682333263, 0.00105756963603, 0.000598843442276, 0.000617983052507, 0.000417521776399, 0.000442650954938, 0.000558515486773, 0.000439156137872, 0.000419513613451, 0.00052511744434, 0.000465610326501, 0.000171935229446, 7.25910940673e-05, 7.99146655481e-05, 7.13455228833e-05, 6.72749374644e-05, 6.6451379098e-05, 6.01448700763e-05, 6.16573379375e-05, 2.50113789662e-05, 5.35125582246e-06], "dmean": [0.000219898342039, 0.00322286342271, 0.0022414107807, 0.00151390477549, 0.00198443490081, 0.000449436105555, 0.000265062320977, 0.000734315253794, 0.000433866458479, 0.00045498268446, 0.000298965635011, 0.00029588144389, 0.000395461654989, 0.000295872014249, 0.000286062830128, 0.000337287056027, 0.000310021830956, 0.000108417261799, 4.80463932035e-05, 5.25847317476e-05, 4.82290015498e-05, 4.49846775155e-05, 4.29262181569e-05, 3.95251481677e-05, 4.04753664043e-05, 1.64229859365e-05, 3.55849920197e-06], "var": [9.49040440901e-07, 0.000108788859507, 2.79186824628e-05, 1.38496707223e-05, 1.96808850887e-05, 3.94739663534e-06, 2.16795297092e-06, 2.2467231247e-05, 1.47853215822e-05, 6.24549056738e-06, 3.66767494597e-06, 6.38186020296e-06, 5.38067615707e-06, 3.19089463119e-06, 5.3455582929e-06, 1.86624329217e-05, 1.01208470369e-05, 1.27940973016e-06, 1.01870156755e-07, 3.21093125422e-08, 3.75961484167e-08, 2.41445778926e-08, 2.27613643489e-08, 2.25829168699e-08, 3.13618748748e-08, 3.75245612361e-09, 3.52802870252e-10], "dvar": [4.83493124648e-07, 6.36938057141e-05, 1.9074717784e-05, 9.05748311197e-06, 9.07712819753e-06, 1.19514697872e-06, 1.30890202854e-06, 5.46321280126e-06, 2.26573706641e-06, 1.27260591398e-06, 7.03927014456e-07, 1.65800440755e-06, 1.62598962561e-06, 1.04917944554e-06, 1.52936081577e-06, 4.21343020207e-06, 2.20351898861e-06, 4.30335177271e-07, 3.59332403832e-08, 1.16419345275e-08, 1.55132333646e-08, 1.1892247187e-08, 1.63508904194e-08, 1.18768976876e-08, 1.18308536301e-08, 1.84043913443e-09, 9.45835562649e-11], "mean": [0.000328269787133, 0.00778077309951, 0.00444079376757, 0.00251944549382, 0.00481038773432, 0.00118003203534, 0.000515416904818, 0.00202854420058, 0.0013343594037, 0.00122531957459, 0.00075257680146, 0.000719719566405, 0.00090098119108, 0.000589360774029, 0.000662627338897, 0.000746020523366, 0.000730795494746, 0.000212765531614, 0.000104593687865, 0.000118168900372, 9.75035363808e-05, 9.33823321247e-05, 7.09631422069e-05, 7.41883413866e-05, 8.32390142023e-05, 2.87132770609e-05, 7.00819555277e-06]}, "melbands_flatness_db": {"min": 0.00448822928593, "max": 0.852734744549, "dvar2": 0.00111460569315, "median": 0.227565437555, "dmean2": 0.0319811552763, "dmean": 0.0214829295874, "var": 0.0126613965258, "dvar": 0.000524253468029, "mean": 0.250600010157}, "melbands_skewness": {"min": -4.28028774261, "max": 21.0046443939, "dvar2": 1.3038572073, "median": 2.68419027328, "dmean2": 0.954438865185, "dmean": 0.632789671421, "var": 3.63285684586, "dvar": 0.612506568432, "mean": 2.90499424934}, "barkbands_skewness": {"min": -6.02992534637, "max": 40.6163330078, "dvar2": 0.764295518398, "median": 1.70625519753, "dmean2": 0.705759584904, "dmean": 0.467857539654, "var": 3.13017606735, "dvar": 0.362996339798, "mean": 1.88111960888}, "silence_rate_60dB": {"min": 0, "max": 1, "dvar2": 0.0085427025333, "median": 0, "dmean2": 0.00697986595333, "dmean": 0.00348946452141, "var": 0.0290299654007, "dvar": 0.00347665324807, "mean": 0.0299248527735}, "spectral_energyband_low": {"min": 5.01144463534e-23, "max": 0.160608455539, "dvar2": 0.000265534676146, "median": 0.0114012695849, "dmean2": 0.00859478395432, "dmean": 0.00520002795383, "var": 0.000191934086615, "dvar": 0.000112463756523, "mean": 0.013526301831}, "spectral_energyband_middle_low": {"min": 2.72882814821e-22, "max": 0.0878911316395, "dvar2": 9.33943592827e-05, "median": 0.0101586598903, "dmean2": 0.00615324871615, "dmean": 0.00383371091448, "var": 0.000109380489448, "dvar": 3.79814191547e-05, "mean": 0.0130303325132}, "melbands_kurtosis": {"min": -1.95290231705, "max": 800.828552246, "dvar2": 761.146911621, "median": 9.7724199295, "dmean2": 10.5693187714, "dmean": 6.92058992386, "var": 778.820983887, "dvar": 320.310028076, "mean": 18.0071907043}, "spectral_decrease": {"min": -4.89251057445e-08, "max": 4.57444899453e-18, "dvar2": 2.41409717011e-17, "median": -7.76819675252e-09, "dmean2": 3.19791149117e-09, "dmean": 2.01472860617e-09, "var": 2.40816248008e-17, "dvar": 1.04025596906e-17, "mean": -8.05122812864e-09}, "erbbands_kurtosis": {"min": -1.74963748455, "max": 162.255630493, "dvar2": 36.8978691101, "median": 0.233088850975, "dmean2": 2.02759480476, "dmean": 1.29937934875, "var": 59.5157051086, "dvar": 15.5079183578, "mean": 2.11099696159}, "melbands_crest": {"min": 1.68846607208, "max": 37.3294563293, "dvar2": 17.9964046478, "median": 14.5017204285, "dmean2": 4.4508562088, "dmean": 2.6843764782, "var": 29.1907958984, "dvar": 6.86953687668, "mean": 15.2378835678}, "melbands_spread": {"min": 0.264693498611, "max": 197.795532227, "dvar2": 104.338890076, "median": 15.4739933014, "dmean2": 7.09470176697, "dmean": 4.54200363159, "var": 517.796630859, "dvar": 46.6721611023, "mean": 20.5294818878}, "spectral_energy": {"min": 1.08883730813e-20, "max": 0.187657892704, "dvar2": 0.000363040715456, "median": 0.0308383591473, "dmean2": 0.0125259784982, "dmean": 0.00792505871505, "var": 0.00037774303928, "dvar": 0.000157348345965, "mean": 0.0321559235454}, "mfcc": {"mean": [-668.246520996, 136.268447876, 9.28988552094, 20.8341159821, 11.4010591507, 12.6602926254, 1.86614668369, 3.76041674614, 5.37546873093, 1.15272116661, -3.86781024933, -3.02390956879, -2.470890522], "icov": [[0.000108164487756, -1.1472645383e-05, 0.000118356736493, 7.97249085736e-05, 7.80821865192e-05, -0.000111294495582, 3.47422951563e-06, 1.57632694027e-05, -0.000123199235532, 4.16572838731e-05, 8.3848965005e-05, -3.24508473568e-05, 0.000127892068122], [-1.1472645383e-05, 0.000694835849572, 0.000102862883068, -0.000565476424526, 0.000117212446639, -0.000343029212672, -0.000128503670567, -0.00020070883329, 0.00012905523181, -8.01982459961e-05, -3.51177804987e-05, 0.000407155341236, -0.000182484975085], [0.000118356736493, 0.000102862883068, 0.00222125882283, -0.000493633386213, -0.000914615171496, -0.000524073315319, -0.00125902134459, 0.000575911835767, 0.000219779132749, -3.65856103599e-05, 9.2509915703e-05, -0.000372376700398, -2.5779920179e-05], [7.97249085736e-05, -0.000565476424526, -0.000493633386213, 0.00516801886261, -0.00193533522543, -2.48149008257e-05, 0.0015220483765, -0.00215686508454, -0.000297483376926, -0.000224824514589, -0.000135304231662, 0.00109281798359, -0.000426536600571], [7.80821865192e-05, 0.000117212446639, -0.000914615171496, -0.00193533522543, 0.00490731280297, -0.000278023886494, -0.000129046733491, 0.000520348839927, -0.00205612950958, 0.000121203614981, 0.00165610876866, -0.00174583133776, 0.000934814335778], [-0.000111294495582, -0.000343029212672, -0.000524073315319, -2.48149008257e-05, -0.000278023886494, 0.00812014192343, -0.0027986287605, -0.000544532726053, 0.000649632478599, -0.00222036032937, -0.000524348986801, 0.000626899360213, -0.00169129180722], [3.47422951563e-06, -0.000128503670567, -0.00125902134459, 0.0015220483765, -0.000129046733491, -0.0027986287605, 0.0107304034755, -0.00318621098995, -0.000178012182005, 0.000447508849902, -0.00323791801929, 0.00062124338001, 0.00121262914035], [1.57632694027e-05, -0.00020070883329, 0.000575911835767, -0.00215686508454, 0.000520348839927, -0.000544532726053, -0.00318621098995, 0.0104561606422, -0.00147804385051, 0.000168992832187, 0.00160086050164, -0.00258661457337, -0.0013292171061], [-0.000123199235532, 0.00012905523181, 0.000219779132749, -0.000297483376926, -0.00205612950958, 0.000649632478599, -0.000178012182005, -0.00147804385051, 0.0103951022029, -0.00336513714865, 0.000813204969745, -0.000773711828515, -0.00134846824221], [4.16572838731e-05, -8.01982459961e-05, -3.65856103599e-05, -0.000224824514589, 0.000121203614981, -0.00222036032937, 0.000447508849902, 0.000168992832187, -0.00336513714865, 0.0126292966306, -0.0039378926158, 0.00293547543697, -0.000168789119925], [8.3848965005e-05, -3.51177804987e-05, 9.2509915703e-05, -0.000135304231662, 0.00165610876866, -0.000524348986801, -0.00323791801929, 0.00160086050164, 0.000813204969745, -0.0039378926158, 0.0132669415325, -0.00466466834769, 0.00234485953115], [-3.24508473568e-05, 0.000407155341236, -0.000372376700398, 0.00109281798359, -0.00174583133776, 0.000626899360213, 0.00062124338001, -0.00258661457337, -0.000773711828515, 0.00293547543697, -0.00466466834769, 0.0144552094862, -0.00423438334838], [0.000127892068122, -0.000182484975085, -2.5779920179e-05, -0.000426536600571, 0.000934814335778, -0.00169129180722, 0.00121262914035, -0.0013292171061, -0.00134846824221, -0.000168789119925, 0.00234485953115, -0.00423438334838, 0.0132970325649]], "cov": [[11167.3271484, 18.0427684784, -940.365539551, -471.035095215, -532.087890625, 21.6130428314, -61.1257896423, -82.3318710327, -7.90850257874, -28.6434421539, -21.6682910919, -74.4942321777, -107.660118103], [18.0427684784, 1781.94250488, 8.57651424408, 256.856658936, 39.4555473328, 123.595825195, 43.0164337158, 98.1839828491, 17.6184864044, 50.30443573, -6.16848993301, -54.4903450012, 37.5367927551], [-940.365539551, 8.57651424408, 690.646850586, 148.787414551, 225.950119019, 77.3557434082, 90.2462310791, 28.5380859375, 34.3820114136, 19.7355175018, 9.18621253967, 35.1798973083, 17.1711463928], [-471.035095215, 256.856658936, 148.787414551, 355.235076904, 191.803283691, 27.7181224823, -10.1421613693, 76.925453186, 57.6247749329, 17.622800827, -30.9297447205, 3.45961427689, 31.0184898376], [-532.087890625, 39.4555473328, 225.950119019, 191.803283691, 384.897644043, 21.9677085876, 7.7774310112, 42.9735450745, 85.7286453247, 7.27444458008, -39.8399543762, 37.8519706726, 19.4367446899], [21.6130428314, 123.595825195, 77.3557434082, 27.7181224823, 21.9677085876, 174.404541016, 65.4454956055, 30.9243545532, 10.0334186554, 39.7060012817, 24.3099975586, -0.301380634308, 17.427690506], [-61.1257896423, 43.0164337158, 90.2462310791, -10.1421613693, 7.7774310112, 65.4454956055, 145.728225708, 36.8131484985, 4.46696090698, 18.3983707428, 41.5874252319, 8.72196578979, -4.67414712906], [-82.3318710327, 98.1839828491, 28.5380859375, 76.925453186, 42.9735450745, 30.9243545532, 36.8131484985, 138.61819458, 34.3672866821, 5.52938985825, -6.97886514664, 26.0451450348, 29.1540851593], [-7.90850257874, 17.6184864044, 34.3820114136, 57.6247749329, 85.7286453247, 10.0334186554, 4.46696090698, 34.3672866821, 132.648254395, 30.3653831482, -10.2488098145, 15.7164068222, 21.1599464417], [-28.6434421539, 50.30443573, 19.7355175018, 17.622800827, 7.27444458008, 39.7060012817, 18.3983707428, 5.52938985825, 30.3653831482, 106.689842224, 29.9733066559, -13.3535585403, -0.121101006866], [-21.6682910919, -6.16848993301, 9.18621253967, -30.9297447205, -39.8399543762, 24.3099975586, 41.5874252319, -6.97886514664, -10.2488098145, 29.9733066559, 110.606262207, 18.8704853058, -13.6023511887], [-74.4942321777, -54.4903450012, 35.1798973083, 3.45961427689, 37.8519706726, -0.301380634308, 8.72196578979, 26.0451450348, 15.7164068222, -13.3535585403, 18.8704853058, 98.0779190063, 28.5857028961], [-107.660118103, 37.5367927551, 17.1711463928, 31.0184898376, 19.4367446899, 17.427690506, -4.67414712906, 29.1540851593, 21.1599464417, -0.121101006866, -13.6023511887, 28.5857028961, 95.6205215454]]}, "spectral_contrast_valleys": {"min": [-27.3061637878, -27.7659416199, -27.6162929535, -27.0391235352, -27.149772644, -27.355506897], "max": [-5.06897068024, -5.15657091141, -5.93062782288, -5.97807788849, -6.15490150452, -7.8324341774], "dvar2": [0.320962965488, 0.173984616995, 0.13025829196, 0.107789620757, 0.14302007854, 0.272244334221], "median": [-6.75720405579, -6.94608211517, -7.52703809738, -7.84567928314, -8.01964378357, -10.509180069], "dmean2": [0.608804225922, 0.469769150019, 0.400173783302, 0.35381680727, 0.327695608139, 0.427569150925], "dmean": [0.371318519115, 0.281389027834, 0.252297639847, 0.229533076286, 0.231968864799, 0.349446743727], "var": [3.33324241638, 2.52868890762, 2.62397289276, 2.59141397476, 2.45888161659, 2.25781321526], "dvar": [0.142840087414, 0.079532109201, 0.0661022141576, 0.064084790647, 0.0914324745536, 0.180608585477], "mean": [-7.17352342606, -7.21691322327, -7.84812831879, -8.21686172485, -8.36594390869, -10.830201149]}, "barkbands_flatness_db": {"min": 0.0286166127771, "max": 0.68901437521, "dvar2": 0.000784307718277, "median": 0.146431028843, "dmean2": 0.0273218527436, "dmean": 0.0185480304062, "var": 0.00840554665774, "dvar": 0.00036885283771, "mean": 0.167576596141}, "dynamic_complexity": 2.93247675896, "spectral_skewness": {"min": -0.00987846124917, "max": 9.87974071503, "dvar2": 0.180400073528, "median": 1.77547633648, "dmean2": 0.348498642445, "dmean": 0.218701869249, "var": 1.26520299911, "dvar": 0.0802533701062, "mean": 2.03432631493}, "erbbands_flatness_db": {"min": 0.0332877896726, "max": 0.44332253933, "dvar2": 0.00059154140763, "median": 0.153307035565, "dmean2": 0.0220360346138, "dmean": 0.0162072908133, "var": 0.00397102814168, "dvar": 0.00032965026