{"lowlevel": {"spectral_complexity": {"min": 0, "max": 41, "dvar2": 4.61933374405, "median": 8, "dmean2": 1.93134903908, "dmean": 1.22601807117, "var": 25.767244339, "dvar": 2.2919242382, "mean": 8.62088012695}, "silence_rate_20dB": {"min": 1, "max": 1, "dvar2": 0, "median": 1, "dmean2": 0, "dmean": 0, "var": 0, "dvar": 0, "mean": 1}, "average_loudness": 0.674284219742, "erbbands_spread": {"min": 1.06926059723, "max": 154.386550903, "dvar2": 250.333389282, "median": 15.8749923706, "dmean2": 8.57436561584, "dmean": 5.77684879303, "var": 460.937469482, "dvar": 125.64024353, "mean": 21.5998916626}, "spectral_kurtosis": {"min": -1.36824727058, "max": 273.771392822, "dvar2": 501.74609375, "median": 10.214299202, "dmean2": 12.9852771759, "dmean": 8.15203475952, "var": 1692.9753418, "dvar": 214.609161377, "mean": 27.0132369995}, "barkbands_kurtosis": {"min": -1.93074011803, "max": 1819.22692871, "dvar2": 2210.09277344, "median": 9.66548728943, "dmean2": 11.7183828354, "dmean": 7.95418214798, "var": 2251.78613281, "dvar": 1062.03723145, "mean": 18.0909843445}, "spectral_strongpeak": {"min": 0, "max": 10.8787145615, "dvar2": 0.773269891739, "median": 0.570675611496, "dmean2": 0.517046332359, "dmean": 0.316250860691, "var": 0.976518929005, "dvar": 0.329256147146, "mean": 0.89419901371}, "spectral_spread": {"min": 323951.3125, "max": 42047212, "dvar2": 1348282744830.0, "median": 3298198.5, "dmean2": 823871.5625, "dmean": 565915.25, "var": 8787651985410.0, "dvar": 718585921536, "mean": 3648826}, "spectral_rms": {"min": 3.16168423907e-12, "max": 0.0145839666948, "dvar2": 9.26970130877e-07, "median": 0.00453840103, "dmean2": 0.000759320857469, "dmean": 0.000524195318576, "var": 5.70057090954e-06, "dvar": 4.40736869223e-07, "mean": 0.00440144399181}, "erbbands": {"min": [1.3632695316e-22, 6.56745358579e-22, 3.48133703026e-21, 8.17723692485e-21, 8.94822903248e-21, 2.40065649845e-20, 5.94901898823e-20, 1.42850007584e-19, 8.67840934057e-20, 2.74417711052e-19, 2.69457212316e-19, 5.27198858821e-19, 7.38505144827e-19, 1.11558871365e-18, 8.17627968948e-19, 1.27546142615e-18, 8.16650448259e-19, 2.23921741606e-18, 2.97467776075e-18, 2.75003494512e-18, 3.85215777878e-18, 4.29054116956e-18, 5.46609055145e-18, 5.47003372143e-18, 7.78291177783e-18, 8.78481113373e-18, 8.34846426162e-18, 1.22326918327e-17, 1.18063414383e-17, 1.18304082583e-17, 1.09621175964e-17, 1.22675690761e-17, 1.02150221293e-17, 9.00277984258e-18, 6.28437731806e-18, 3.98645840945e-18, 2.57707788969e-18, 8.70624345119e-19, 2.4362035513e-19, 2.49173732338e-20], "max": [1.6509937048, 14.1393260956, 45.2525215149, 66.1870498657, 405.943054199, 615.936645508, 691.479553223, 494.315155029, 1037.39111328, 817.962463379, 740.161193848, 1077.53356934, 1809.54321289, 1743.60705566, 1260.03186035, 2793.56958008, 261.977539062, 861.44732666, 567.325256348, 707.520385742, 834.193786621, 681.060668945, 395.323181152, 281.880187988, 464.88470459, 773.507995605, 286.466796875, 200.299133301, 189.014282227, 155.271347046, 133.402206421, 188.339691162, 120.360237122, 47.4100036621, 25.7978935242, 6.56088018417, 2.83652424812, 4.00021505356, 0.372353851795, 0.00698756007478], "dvar2": [0.0176960099488, 2.42997431755, 11.4476337433, 20.3343048096, 916.43145752, 1155.55114746, 1723.35046387, 1433.52905273, 2297.61694336, 2526.99804688, 1290.54394531, 750.465332031, 3318.60229492, 3068.99121094, 2181.23608398, 6295.97119141, 92.6922302246, 1085.64196777, 310.540252686, 456.715026855, 355.715789795, 165.929016113, 29.3364639282, 78.1411819458, 120.764732361, 279.380828857, 48.2136192322, 32.8410453796, 33.4811706543, 24.0096244812, 19.4257202148, 14.3995056152, 6.57258033752, 2.1416656971, 0.683631658554, 0.0211710613221, 0.0217493213713, 0.0593172386289, 0.000362298887921, 1.69603111999e-07], "median": [0.00282285176218, 0.141474068165, 0.85990613699, 1.55202817917, 5.90646839142, 11.9934387207, 14.7197122574, 12.7546443939, 11.7209072113, 8.33874607086, 4.32313346863, 1.9483050108, 2.92301130295, 2.01363611221, 1.69723880291, 1.24718356133, 0.834875583649, 0.854469299316, 0.796032249928, 0.783044457436, 0.512232899666, 0.319601505995, 0.291858673096, 0.372544944286, 0.558642983437, 0.400983154774, 0.359759420156, 0.227880045772, 0.181453794241, 0.0927813500166, 0.0407853424549, 0.0399377457798, 0.0466201454401, 0.0254303328693, 0.0124017577618, 0.00443601422012, 0.00110237603076, 0.00018475887191, 3.08387170662e-05, 2.83712179225e-05], "dmean2": [0.0392219349742, 0.604244351387, 1.66683757305, 1.89953029156, 12.348482132, 15.6983118057, 17.7285709381, 16.7033061981, 18.1791973114, 17.2674026489, 11.1846075058, 7.19750785828, 13.0158348083, 13.249786377, 10.4156169891, 11.2736759186, 2.64103603363, 5.68816804886, 4.81052732468, 5.22962379456, 3.01579928398, 2.02723908424, 1.33695542812, 1.83689236641, 2.41293382645, 1.79961001873, 1.5563352108, 1.30732750893, 1.28787004948, 1.05751132965, 0.918489396572, 0.702184319496, 0.456433802843, 0.271452277899, 0.146673113108, 0.0348859168589, 0.0217463262379, 0.0258893426508, 0.00212982064113, 7.03805853846e-05], "dmean": [0.0254474636167, 0.366274297237, 1.01983201504, 1.19009053707, 7.86738395691, 10.6701688766, 12.5945796967, 11.1234550476, 12.4814310074, 12.3106327057, 8.30973911285, 5.3707408905, 9.27003097534, 9.99864578247, 7.94047021866, 8.41456985474, 1.99122524261, 3.98914217949, 3.56317949295, 3.59567975998, 2.17053437233, 1.40194451809, 0.942082881927, 1.29408490658, 1.70155954361, 1.26662731171, 1.12196087837, 0.915825605392, 0.907504856586, 0.772525846958, 0.676210403442, 0.515118002892, 0.330122470856, 0.175622433424, 0.093607403338, 0.0250030327588, 0.0138238817453, 0.0143364537507, 0.00121214636602, 4.40602561866e-05], "var": [0.0525983609259, 3.60437178612, 12.7740154266, 15.48528862, 617.232177734, 1487.09533691, 2852.0480957, 2393.61083984, 3298.83837891, 3047.14306641, 2421.24926758, 1654.60107422, 4737.59179688, 5980.90478516, 6714.09423828, 11570.4189453, 246.143661499, 1803.5123291, 975.676574707, 692.31829834, 564.353210449, 235.394226074, 117.044326782, 113.030227661, 194.319717407, 206.847137451, 68.7173461914, 44.2357711792, 63.9436759949, 50.2563247681, 39.9728736877, 26.2335624695, 13.1404800415, 2.04618573189, 0.529370903969, 0.039320372045, 0.00742369890213, 0.0124727962539, 8.0454730778e-05, 6.07037975442e-08], "dvar": [0.00829789787531, 0.84094029665, 4.29326486588, 7.68109512329, 371.714935303, 503.73727417, 821.54309082, 611.036193848, 1000.99041748, 1159.27294922, 676.914611816, 401.341796875, 1593.80969238, 1679.31591797, 1195.70568848, 3023.73828125, 50.8017692566, 428.538635254, 189.231338501, 221.899749756, 185.896759033, 81.8217163086, 18.2012290955, 37.2107620239, 62.9659805298, 128.496887207, 27.4864082336, 16.8413467407, 17.0682830811, 13.6201534271, 10.965221405, 7.65151786804, 3.59424877167, 0.926858901978, 0.278310924768, 0.0112665239722, 0.00811197794974, 0.0204809959978, 0.000126302489662, 6.57591954223e-08], "mean": [0.11819127202, 1.08911049366, 2.16279911995, 2.81698775291, 14.215212822, 26.5900058746, 34.8801078796, 30.5122299194, 32.8902244568, 28.0130882263, 19.158290863, 13.5408735275, 21.4178009033, 23.1885375977, 20.6610107422, 20.5811290741, 5.33248519897, 9.62818908691, 8.60521316528, 7.3443107605, 4.71237134933, 2.97215938568, 2.13666772842, 2.67643404007, 3.43383026123, 2.15765571594, 2.1177957058, 1.74731373787, 1.7073597908, 1.40221941471, 1.23061645031, 0.962288200855, 0.637687325478, 0.270684957504, 0.136770248413, 0.0426585189998, 0.0164952371269, 0.0109792333096, 0.00100626808126, 6.76470808685e-05]}, "zerocrossingrate": {"min": 0.0029296875, "max": 0.5791015625, "dvar2": 0.000133717912831, "median": 0.02001953125, "dmean2": 0.00644825818017, "dmean": 0.00565056921914, "var": 0.00298008020036, "dvar": 0.000136650240165, "mean": 0.0321921482682}, "spectral_contrast_coeffs": {"min": [-0.976283192635, -0.975313484669, -0.976260781288, -0.968923985958, -0.966322183609, -0.96355253458], "max": [-0.221985504031, -0.300071209669, -0.392929375172, -0.498336225748, -0.56826621294, -0.54490673542], "dvar2": [0.00347881251946, 0.00281458022073, 0.00194005714729, 0.00120727939066, 0.000815081526525, 0.000590735930018], "median": [-0.57132601738, -0.630182981491, -0.72504991293, -0.775764942169, -0.794661283493, -0.779718577862], "dmean2": [0.0648308843374, 0.0571587197483, 0.0492301173508, 0.0405825600028, 0.0322317704558, 0.0274645928293], "dmean": [0.0409757234156, 0.0369203202426, 0.032830554992, 0.0265794508159, 0.0215574037284, 0.0183979663998], "var": [0.0119996462017, 0.00762040447444, 0.00851049553603, 0.00567981461063, 0.00373302469961, 0.0030809296295], "dvar": [0.00145618827082, 0.00125692959409, 0.000967303407378, 0.00059394154232, 0.000408379069995, 0.000300060666632], "mean": [-0.57000130415, -0.630706548691, -0.717038273811, -0.76792883873, -0.794775724411, -0.78640627861]}, "dissonance": {"min": 0.102231189609, "max": 0.499711930752, "dvar2": 0.00246451213025, "median": 0.398371994495, "dmean2": 0.0506396442652, "dmean": 0.0310004614294, "var": 0.00469903508201, "dvar": 0.000995654496364, "mean": 0.386295616627}, "spectral_energyband_high": {"min": 7.23707749623e-21, "max": 0.0179950669408, "dvar2": 3.55398384499e-07, "median": 3.29205868184e-05, "dmean2": 0.00015986674407, "dmean": 0.000119951910165, "var": 7.9050983004e-07, "dvar": 2.07936949437e-07, "mean": 0.000241838861257}, "gfcc": {"mean": [-123.961486816, 139.134963989, -70.0648803711, 13.978928566, -62.5296401978, -9.53776741028, -39.1737976074, -8.8796339035, -25.7123622894, -0.144667327404, -11.8245973587, -5.79065179825, -4.42209482193], "icov": [[0.000106507322926, -0.000188545804122, 0.000268744857749, -0.000210833604797, 0.000170028491993, -0.000326466222759, 0.000323077430949, -0.000284430017928, 0.000217069173232, -0.000297788967146, 0.000259348860709, -0.000420830619987, 0.000226096468396], [-0.000188545804122, 0.00146702874918, -0.000582910026424, 0.0010239307303, -0.000790132326074, 0.00126077397726, -0.0013451873092, 0.0012073952239, -0.00128628092352, 0.0015392715577, -0.00194978970103, 0.00221281475388, -0.00134831480682], [0.000268744857749, -0.000582910026424, 0.00157525402028, -0.000783757655881, 0.000362995982869, -0.000751508108806, 0.000574459205382, -0.000282647582935, 7.76015804149e-05, -0.000967867788859, 0.000577179831453, -0.00170276477002, 0.00143946299795], [-0.000210833604797, 0.0010239307303, -0.000783757655881, 0.00249705114402, -0.000405228260206, 0.000789584068116, -0.000647786830086, 5.21815854881e-05, -0.000909904600121, 0.00128213234711, -0.00135322788265, 0.00108761130832, -0.00100870907772], [0.000170028491993, -0.000790132326074, 0.000362995982869, -0.000405228260206, 0.00359997339547, -0.000917881319765, -0.000118899217341, -0.00126963143703, -0.000893260643352, 1.35690324896e-05, -0.00032921510865, -0.000591845891904, 0.000820760149509], [-0.000326466222759, 0.00126077397726, -0.000751508108806, 0.000789584068116, -0.000917881319765, 0.00458833994344, -0.00297785946168, 0.00180909782648, -0.00108247494791, -0.000521549140103, -0.00109431368764, 0.00142049044371, -0.00120757485274], [0.000323077430949, -0.0013451873092, 0.000574459205382, -0.000647786830086, -0.000118899217341, -0.00297785946168, 0.00893583800644, -0.00295650260523, 0.00133035075851, -0.00179203087464, -0.00062193890335, -0.00120085012168, 0.000317832804285], [-0.000284430017928, 0.0012073952239, -0.000282647582935, 5.21815854881e-05, -0.00126963143703, 0.00180909782648, -0.00295650260523, 0.00757949706167, -0.00203588232398, 4.34064022556e-05, -1.44236219057e-05, -0.00107254553586, -0.00131825974677], [0.000217069173232, -0.00128628092352, 7.76015804149e-05, -0.000909904600121, -0.000893260643352, -0.00108247494791, 0.00133035075851, -0.00203588232398, 0.00691745849326, -0.00180310418364, 0.00172327994369, -0.00260215299204, 0.0016376869753], [-0.000297788967146, 0.0015392715577, -0.000967867788859, 0.00128213234711, 1.35690324896e-05, -0.000521549140103, -0.00179203087464, 4.34064022556e-05, -0.00180310418364, 0.0117032127455, -0.00456223543733, 0.00475008692592, -0.00263664871454], [0.000259348860709, -0.00194978970103, 0.000577179831453, -0.00135322788265, -0.00032921510865, -0.00109431368764, -0.00062193890335, -1.44236219057e-05, 0.00172327994369, -0.00456223543733, 0.0135019253939, -0.00558189488947, 0.00164457433857], [-0.000420830619987, 0.00221281475388, -0.00170276477002, 0.00108761130832, -0.000591845891904, 0.00142049044371, -0.00120085012168, -0.00107254553586, -0.00260215299204, 0.00475008692592, -0.00558189488947, 0.014603998512, -0.00320911337622], [0.000226096468396, -0.00134831480682, 0.00143946299795, -0.00100870907772, 0.000820760149509, -0.00120757485274, 0.000317832804285, -0.00131825974677, 0.0016376869753, -0.00263664871454, 0.00164457433857, -0.00320911337622, 0.0101350899786]], "cov": [[27364.9277344, -2196.76538086, -3856.51708984, 881.163452148, -1118.86364746, 883.276672363, -377.730010986, 574.380737305, -712.015930176, 304.195922852, -321.965209961, 209.153839111, 327.781707764], [-2196.76538086, 2803.78393555, 349.071594238, -639.803527832, 520.173156738, -258.192962646, 209.648925781, -228.245544434, 263.696105957, -94.6730117798, 223.922698975, -181.260284424, 38.6335525513], [-3856.51708984, 349.071594238, 1535.82958984, 124.634109497, 207.208282471, -22.1218280792, 74.1409301758, -29.4009418488, 216.780075073, -8.15376186371, 91.4306564331, 68.076675415, -129.250640869], [881.163452148, -639.803527832, 124.634109497, 714.417053223, -39.3466682434, 41.086517334, -20.7268199921, 128.847702026, 24.4017715454, 2.31167626381, -8.1176776886, 86.1879348755, -0.61474531889], [-1118.86364746, 520.173156738, 207.208282471, -39.3466682434, 503.39050293, 29.1098060608, 117.453056335, 51.1784706116, 170.328643799, -3.5657851696, 86.0982055664, 8.52722740173, -13.2293872833], [883.276672363, -258.192962646, -22.1218280792, 41.086517334, 29.1098060608, 426.073059082, 105.445526123, 24.9729804993, 5.33090686798, 95.8725891113, 25.427772522, 14.3830327988, 26.036026001], [-377.730010986, 209.648925781, 74.1409301758, -20.7268199921, 117.453056335, 105.445526123, 209.190856934, 48.0611801147, 45.3103256226, 41.0547027588, 61.1574630737, 5.63234329224, 21.6857700348], [574.380737305, -228.245544434, -29.4009418488, 128.847702026, 51.1784706116, 24.9729804993, 48.0611801147, 236.21446228, 53.2213630676, 21.9557437897, 1.55988073349, 66.3303070068, 19.7307567596], [-712.015930176, 263.696105957, 216.780075073, 24.4017715454, 170.328643799, 5.33090686798, 45.3103256226, 53.2213630676, 255.235931396, 5.71772813797, 35.8712310791, 29.6668262482, -21.2347011566], [304.195922852, -94.6730117798, -8.15376186371, 2.31167626381, -3.5657851696, 95.8725891113, 41.0547027588, 21.9557437897, 5.71772813797, 136.435348511, 29.2953605652, -9.8215675354, 21.9937229156], [-321.965209961, 223.922698975, 91.4306564331, -8.1176776886, 86.0982055664, 25.427772522, 61.1574630737, 1.55988073349, 35.8712310791, 29.2953605652, 128.319091797, 21.2826042175, 5.26253223419], [209.153839111, -181.260284424, 68.076675415, 86.1879348755, 8.52722740173, 14.3830327988, 5.63234329224, 66.3303070068, 29.6668262482, -9.8215675354, 21.2826042175, 126.314224243, 8.79665374756], [327.781707764, 38.6335525513, -129.250640869, -0.61474531889, -13.2293872833, 26.036026001, 21.6857700348, 19.7307567596, -21.2347011566, 21.9937229156, 5.26253223419, 8.79665374756, 131.934509277]]}, "spectral_flux": {"min": 6.39979041983e-11, "max": 0.330008506775, "dvar2": 0.00120861572213, "median": 0.0413499027491, "dmean2": 0.0283619258553, "dmean": 0.0179461613297, "var": 0.00166488811374, "dvar": 0.00050353637198, "mean": 0.0497962385416}, "silence_rate_30dB": {"min": 0, "max": 1, "dvar2": 0.0133373048156, "median": 1, "dmean2": 0.010241638869, "dmean": 0.00512040965259, "var": 0.00414293911308, "dvar": 0.00509439362213, "mean": 0.995840013027}, "spectral_energyband_middle_high": {"min": 1.24371744684e-21, "max": 0.0740744024515, "dvar2": 7.60087823437e-06, "median": 0.000393635913497, "dmean2": 0.000845711561851, "dmean": 0.000656047603115, "var": 3.07535483444e-05, "dvar": 3.98513202526e-06, "mean": 0.0022985546384}, "barkbands_spread": {"min": 0.0837495401502, "max": 118.36920166, "dvar2": 71.7242507935, "median": 4.26222610474, "dmean2": 3.45443606377, "dmean": 2.36573433876, "var": 123.003486633, "dvar": 35.4168968201, "mean": 7.77232313156}, "spectral_centroid": {"min": 141.631286621, "max": 11614.4863281, "dvar2": 117586.914062, "median": 400.846923828, "dmean2": 132.4974823, "dmean": 94.237159729, "var": 683610.875, "dvar": 69152.640625, "mean": 591.604309082}, "pitch_salience": {"min": 0.0294933989644, "max": 0.84755718708, "dvar2": 0.00742642395198, "median": 0.524657189846, "dmean2": 0.0839384794235, "dmean": 0.0540551282465, "var": 0.0162831731141, "dvar": 0.0032961408142, "mean": 0.51997178793}, "erbbands_skewness": {"min": -5.409304142, "max": 10.8470830917, "dvar2": 0.629948616028, "median": 1.48158836365, "dmean2": 0.622060060501, "dmean": 0.442144989967, "var": 1.97691762447, "dvar": 0.345065534115, "mean": 1.53326547146}, "erbbands_crest": {"min": 2.45119404793, "max": 32.1560173035, "dvar2": 13.4113931656, "median": 12.1348896027, "dmean2": 3.47670459747, "dmean": 2.2837100029, "var": 27.4767932892, "dvar": 5.83129882812, "mean": 13.1038589478}, "melbands": {"min": [1.85521448069e-24, 1.49690222184e-24, 2.43172073554e-24, 1.54594609875e-24, 2.54527824893e-24, 3.43309307724e-24, 1.32863089379e-24, 2.31064084178e-24, 1.72394684277e-24, 2.9038886972e-24, 3.64027477222e-24, 4.25520091974e-24, 1.57021826412e-24, 3.00102843742e-24, 2.62621616666e-24, 1.81276528374e-24, 3.66438354477e-24, 4.42103328708e-24, 2.98489268204e-24, 2.60392118254e-24, 3.80587560889e-24, 3.98603290141e-24, 4.90961744418e-24, 4.11762081686e-24, 3.55138671428e-24, 5.26869430646e-24, 5.60597888623e-24, 5.37909026255e-24, 4.0172516773e-24, 5.54173208196e-24, 6.55748279416e-24, 6.01408660922e-24, 6.52214655877e-24, 6.07389962077e-24, 5.44132547151e-24, 5.51860544123e-24, 6.83069135805e-24, 6.74898903409e-24, 7.65610965534e-24, 6.20017219144e-24], "max": [0.0140015808865, 0.0210817437619, 0.0236312206835, 0.0352060049772, 0.0186492465436, 0.0116131249815, 0.014255290851, 0.00910565350205, 0.00532178161666, 0.00605396833271, 0.00896326266229, 0.00741542084143, 0.00546303531155, 0.00538875116035, 0.00391935743392, 0.000799753062893, 0.00197052001022, 0.00114285585005, 0.00107755034696, 0.00060851307353, 0.00142555055209, 0.000692645611707, 0.000624326406978, 0.000405929546105, 0.000247442832915, 0.000378686265321, 0.00039402602124, 0.000548230949789, 0.000220006040763, 0.000223949973588, 0.000110701716039, 0.000121571378259, 0.000107620893687, 0.000109496126242, 8.55387115735e-05, 9.95123773464e-05, 0.000132206958369, 9.48079687078e-05, 5.53878016945e-05, 3.5631514038e-05], "dvar2": [1.84889211141e-06, 3.42397311215e-06, 2.12255531551e-06, 5.42639600098e-06, 1.67162136222e-06, 7.38904930131e-07, 4.77501373553e-07, 2.48819645776e-07, 7.42856798297e-08, 3.06788869864e-08, 8.45237266844e-08, 5.7641582174e-08, 3.62732990311e-08, 2.92609065866e-08, 1.05937330019e-08, 3.90821958129e-10, 5.68825164748e-09, 1.100467939e-09, 7.05018932123e-10, 3.88192672451e-10, 9.15475861785e-10, 2.84984869037e-10, 7.29963589574e-11, 2.47017649391e-11, 6.70476521525e-11, 1.31210126098e-10, 4.35623308259e-11, 1.61990934555e-10, 2.1432996003e-11, 2.676229377e-11, 1.201611987e-11, 1.53390841695e-11, 1.08027987597e-11, 9.96810706894e-12, 7.97931859475e-12, 7.89573614823e-12, 6.50985515493e-12, 4.55557076437e-12, 1.85133635852e-12, 1.957834719e-12], "median": [7.22155164112e-05, 0.000378226977773, 0.000400201533921, 0.000726289930753, 0.000623104162514, 0.000321084400639, 0.000178181187948, 7.38019953133e-05, 2.47836433118e-05, 8.98973848962e-06, 1.29409054352e-05, 6.61786134515e-06, 4.85227974423e-06, 2.5195681701e-06, 2.23508209274e-06, 1.51643780555e-06, 1.38060613608e-06, 1.05385913685e-06, 1.06428126401e-06, 6.99103338775e-07, 4.95803249123e-07, 3.03368523191e-07, 2.09962394138e-07, 2.60386400441e-07, 2.51414974173e-07, 3.50307345798e-07, 3.35235142757e-07, 2.206751617e-07, 2.09818040275e-07, 1.66892107245e-07, 1.05172283327e-07, 9.79535599299e-08, 6.94911008736e-08, 3.25848930061e-08, 1.87892794656e-08, 1.86275634917e-08, 2.18369571314e-08, 2.96487492335e-08, 2.62690491581e-08, 1.63179265655e-08], "dmean2": [0.000490759790409, 0.000864104309585, 0.000610015471466, 0.00104206823744, 0.000613342446741, 0.000394082191633, 0.000268510309979, 0.000172197294887, 8.37096376927e-05, 4.62453608634e-05, 6.6533772042e-05, 5.57468665647e-05, 4.07382103731e-05, 3.04631339532e-05, 1.50663436216e-05, 5.97880080022e-06, 1.19946871564e-05, 8.48210129334e-06, 6.97724453858e-06, 5.00931173519e-06, 4.26867018177e-06, 2.62499497694e-06, 1.59077808348e-06, 1.31742081066e-06, 1.58914122039e-06, 2.26099746214e-06, 1.25834367282e-06, 1.28512738229e-06, 1.03428430975e-06, 9.52840480295e-07, 7.99162194198e-07, 8.20356262921e-07, 7.05519028088e-07, 6.28715383755e-07, 5.62756781619e-07, 5.46451417449e-07, 4.47796878689e-07, 3.75119839191e-07, 2.53107970138e-07, 2.3514530767e-07], "dmean": [0.000308538787067, 0.000520729867276, 0.000389067194192, 0.000681580044329, 0.000434690125985, 0.000266178249149, 0.000184683958651, 0.000122468365589, 6.25735556241e-05, 3.38950558216e-05, 4.71727908007e-05, 4.15676295233e-05, 3.13701893901e-05, 2.28046737902e-05, 1.12015677587e-05, 4.39630548499e-06, 8.32549085317e-06, 6.25722532277e-06, 4.93641209687e-06, 3.4096701711e-06, 3.0452044939e-06, 1.80067297606e-06, 1.08344590899e-06, 9.12881716886e-07, 1.09731104203e-06, 1.59749492923e-06, 8.71854012985e-07, 8.89076659405e-07, 7.35185096801e-07, 6.57760892864e-07, 5.46291630599e-07, 5.58406611617e-07, 4.81347626646e-07, 4.4351858719e-07, 4.07940007108e-07, 3.79993622346e-07, 3.16844477766e-07, 2.69802853836e-07, 1.70128004129e-07, 1.48346643414e-07], "var": [4.33371542385e-06, 4.06145500165e-06, 1.54297651989e-06, 4.53781331089e-06, 2.84352518065e-06, 1.34174138111e-06, 6.99564566276e-07, 2.82498234583e-07, 1.43703118738e-07, 6.83726923967e-08, 1.19458221093e-07, 1.09434068918e-07, 1.19530767506e-07, 7.16717707405e-08, 1.74830461219e-08, 1.30112809416e-09, 8.59373816553e-09, 2.96249513809e-09, 1.58369861669e-09, 5.14523201822e-10, 1.28976129776e-09, 3.7657330032e-10, 2.00161318076e-10, 9.19301301749e-11, 7.71769384511e-11, 1.72555206235e-10, 5.99926705536e-11, 1.05423690611e-10, 2.8908164057e-11, 2.74224514624e-11, 1.51921357439e-11, 2.275097645e-11, 1.88627204134e-11, 1.58623478935e-11, 1.45668286461e-11, 1.1078913828e-11, 1.00329336852e-11, 8.37038424684e-12, 2.68354479263e-12, 1.29615556569e-12], "dvar": [7.65742697695e-07, 1.19182061553e-06, 8.48316005886e-07, 2.24084556066e-06, 7.83120299275e-07, 3.19885373301e-07, 2.08319846706e-07, 1.13371022792e-07, 3.94596497699e-08, 1.65552123121e-08, 4.03145108407e-08, 3.114028857e-08, 1.98703329346e-08, 1.46817962232e-08, 5.15017495317e-09, 2.32609986828e-10, 2.21095231012e-09, 6.49502895911e-10, 3.91771004526e-10, 1.87724280565e-10, 4.69051464336e-10, 1.39354028317e-10, 4.2529792188e-11, 1.66103918814e-11, 2.98590908943e-11, 6.51309908783e-11, 2.24924991826e-11, 7.25362894749e-11, 1.20695849148e-11, 1.32059562938e-11, 5.89767687811e-12, 7.16759854594e-12, 5.48170623477e-12, 5.198737274e-12, 4.31660132985e-12, 3.777189065e-12, 3.25653414825e-12, 2.41736968984e-12, 9.03083272226e-13, 7.85485988319e-13], "mean": [0.00119056669064, 0.00127711461391, 0.00080407585483, 0.00146666157525, 0.00124555360526, 0.000748343940359, 0.000491816434078, 0.000269432755886, 0.000141790034832, 8.32896112115e-05, 0.000106662766484, 9.29324887693e-05, 7.75185326347e-05, 5.72135431867e-05, 2.46110066655e-05, 1.10174869405e-05, 1.88309641089e-05, 1.38548393807e-05, 1.08085287138e-05, 6.31984630672e-06, 6.08574464422e-06, 3.4357324239e-06, 2.15800992009e-06, 1.86491479326e-06, 2.06575873563e-06, 3.00275587506e-06, 1.66057259321e-06, 1.36487017244e-06, 1.32975594624e-06, 1.17938634503e-06, 9.71071472122e-07, 9.95376808532e-07, 8.59159854372e-07, 7.46903936033e-07, 7.1939513191e-07, 6.47884519367e-07, 5.65155346521e-07, 4.97701478253e-07, 2.9523070566e-07, 2.0290218572e-07]}, "spectral_entropy": {"min": 3.94794511795, "max": 9.81828403473, "dvar2": 0.13638356328, "median": 6.37539577484, "dmean2": 0.296268850565, "dmean": 0.211632490158, "var": 0.822495162487, "dvar": 0.078041061759, "mean": 6.26228427887}, "spectral_rolloff": {"min": 86.1328125, "max": 20951.8066406, "dvar2": 996202.5625, "median": 409.130859375, "dmean2": 270.31918335, "dmean": 159.246612549, "var": 3937881, "dvar": 465741.125, "mean": 791.63482666}, "barkbands": {"min": [1.30493025815e-24, 2.34393294135e-24, 2.73095855386e-24, 1.6341491296e-24, 5.49161811523e-24, 1.23396794016e-23, 6.20864297984e-24, 9.92644502967e-24, 2.14045763045e-23, 1.99816353145e-23, 1.34598476875e-23, 2.65113557268e-23, 1.2672485618e-23, 4.34688832949e-23, 5.65164438743e-23, 5.52574471131e-23, 5.5598582123e-23, 9.1415107585e-23, 1.41616284462e-22, 1.80425098177e-22, 2.76256791845e-22, 3.51159399853e-22, 4.09357467986e-22, 6.6593476771e-22, 9.06725559703e-22, 1.30976890927e-21, 2.04834072696e-21], "max": [0.0040384568274, 0.0527635216713, 0.0425124801695, 0.042895052582, 0.128334835172, 0.0679216980934, 0.0622257106006, 0.0297365430743, 0.0355535149574, 0.0461985804141, 0.0342660546303, 0.0538776405156, 0.00783675163984, 0.0156006813049, 0.0103810606524, 0.00766208441928, 0.0162521023303, 0.00770278600976, 0.00849807728082, 0.0128862876445, 0.00581117067486, 0.0054103336297, 0.00489634973928, 0.00847575441003, 0.00377283315174, 0.000974530703388, 0.00324337347411], "dvar2": [8.69969909445e-08, 3.62677274097e-05, 7.03856176187e-06, 8.41984274302e-06, 8.87178466655e-05, 2.1480358555e-05, 9.317887816e-06, 3.03856177197e-06, 1.521263016e-06, 3.83780434277e-06, 1.89092179426e-06, 2.56529119724e-06, 4.76507437952e-08, 4.71532246138e-07, 1.55410361913e-07, 5.77924375023e-08, 1.33869548335e-07, 1.4967474371e-08, 4.86351545703e-08, 7.60637348662e-08, 2.50350478126e-08, 2.45288731548e-08, 2.34397496968e-08, 2.47905944661e-08, 1.51790526814e-08, 3.21327142672e-09, 3.32053389229e-08], "median": [3.00223916838e-07, 0.000454335764516, 0.000637426797766, 0.000553697813302, 0.00427377875894, 0.00194482959341, 0.000744736869819, 0.000172005820787, 4.94539817737e-05, 6.55578332953e-05, 2.8070398912e-05, 2.14571082324e-05, 1.30550806716e-05, 1.29986447064e-05, 1.75606401172e-05, 6.77380921843e-06, 5.69716939935e-06, 5.09542132932e-06, 9.41975849855e-06, 8.25887400424e-06, 7.37191567168e-06, 5.02071270603e-06, 1.43812894748e-06, 2.63124684352e-06, 2.15309569285e-06, 7.7557115219e-07, 8.77736994198e-08], "dmean2": [5.81918793614e-05, 0.00229276111349, 0.00127183157019, 0.0011466066353, 0.00456028198823, 0.0022355732508, 0.0011564779561, 0.000580527586862, 0.000335157354129, 0.000468282320071, 0.000290277064778, 0.000256185041508, 6.31648581475e-05, 0.00011639965669, 0.000113729925943, 5.11353573529e-05, 5.10610771016e-05, 2.70318596449e-05, 4.8704634537e-05, 3.61958227586e-05, 3.54674666596e-05, 3.57485660061e-05, 3.21834559145e-05, 2.90740517812e-05, 2.19338944589e-05, 9.79450032901e-06, 1.97698082047e-05], "dmean": [3.56792043021e-05, 0.00140604143962, 0.00078776263399, 0.000714713882189, 0.00305537017994, 0.00153338653035, 0.000804802286439, 0.000416945520556, 0.000243155605858, 0.000337860081345, 0.000216049636947, 0.000187205179827, 4.65377052024e-05, 7.97986576799e-05, 7.93110448285e-05, 3.63196159014e-05, 3.43679348589e-05, 1.84288346645e-05, 3.46567721863e-05, 2.56943785644e-05, 2.4948400096e-05, 2.51359942922e-05, 2.38759657805e-05, 2.13911007449e-05, 1.40233996717e-05, 6.53607639833e-06, 1.10802720883e-05], "var": [1.12784121598e-07, 6.35874675936e-05, 7.08046127329e-06, 4.81287679577e-06, 9.1277906904e-05, 4.12128574681e-05, 1.24790858536e-05, 4.38861479779e-06, 3.58578836313e-06, 6.17795421931e-06, 5.45653892914e-06, 5.37043797522e-06, 1.34701807042e-07, 6.55471524169e-07, 3.67510097021e-07, 1.09317113584e-07, 1.38007024475e-07, 4.40486331854e-08, 7.91598964156e-08, 6.97831694652e-08, 3.25845377347e-08, 4.9962221027e-08, 4.96871059852e-08, 5.38617292989e-08, 1.22811494307e-08, 1.62813840188e-09, 7.20315096459e-09], "dvar": [3.55151819065e-08, 1.32992599902e-05, 2.75552520179e-06, 3.16000819112e-06, 3.74130650016e-05, 9.72255111265e-06, 4.11078008256e-06, 1.49375978253e-06, 8.284889077e-07, 1.85371118278e-06, 9.77283548309e-07, 1.2561343965e-06, 2.83889995956e-08, 1.88416706237e-07, 8.49544790071e-08, 3.39966099716e-08, 5.87659449991e-08, 8.41442471256e-09, 2.52927705446e-08, 3.72126685022e-08, 1.32892274962e-08, 1.2767539026e-08, 1.33555602133e-08, 1.40085942846e-08, 6.3023160024e-09, 1.26682253576e-09, 1.1530906896e-08], "mean": [0.000113613627036, 0.0046895085834, 0.0015475427499, 0.0012565436773, 0.00744292419404, 0.00441781478003, 0.00206343806349, 0.000873814919032, 0.000586664187722, 0.000765533361118, 0.000514386221766, 0.000466820900328, 0.000107251624286, 0.000172142084921, 0.000176194254891, 6.97993091308e-05, 6.43913808744e-05, 3.92468100472e-05, 6.98435760569e-05, 4.42308519268e-05, 4.72684005217e-05, 4.75114138681e-05, 4.31530934293e-05, 4.19713796873e-05, 2.10472680919e-05, 8.83703614818e-06, 8.62919478095e-06]}, "melbands_flatness_db": {"min": 0.00442560762167, "max": 0.701005876064, "dvar2": 0.00154485518578, "median": 0.338606417179, "dmean2": 0.0331595428288, "dmean": 0.0240727271885, "var": 0.0135983815417, "dvar": 0.000908493530005, "mean": 0.357833087444}, "melbands_skewness": {"min": -2.47752261162, "max": 20.4264831543, "dvar2": 1.91270303726, "median": 2.13308501244, "dmean2": 0.970931887627, "dmean": 0.651814341545, "var": 4.27793359756, "dvar": 0.939337968826, "mean": 2.5860388279}, "barkbands_skewness": {"min": -5.86075878143, "max": 36.2330665588, "dvar2": 1.83955407143, "median": 2.03261947632, "dmean2": 0.918057441711, "dmean": 0.62946164608, "var": 4.84416103363, "dvar": 0.953994810581, "mean": 2.33697009087}, "silence_rate_60dB": {"min": 0, "max": 1, "dvar2": 0.0491499006748, "median": 0, "dmean2": 0.0454472713172, "dmean": 0.022721817717, "var": 0.140237152576, "dvar": 0.0222077872604, "mean": 0.168720006943}, "spectral_energyband_low": {"min": 2.15586376838e-23, "max": 0.0841771289706, "dvar2": 5.60157714062e-05, "median": 0.0016071437858, "dmean2": 0.00345123605803, "dmean": 0.00211740587838, "var": 9.80305485427e-05, "dvar": 2.09421123145e-05, "mean": 0.00676656840369}, "spectral_energyband_middle_low": {"min": 2.05204544496e-22, "max": 0.188344791532, "dvar2": 0.000151252592332, "median": 0.0124631645158, "dmean2": 0.00712991692126, "dmean": 0.00489973789081, "var": 0.000278914783848, "dvar": 6.76381605444e-05, "mean": 0.0169400833547}, "melbands_kurtosis": {"min": -1.90745925903, "max": 814.791687012, "dvar2": 1057.1628418, "median": 11.6504869461, "dmean2": 14.0558423996, "dmean": 9.31500244141, "var": 1659.38781738, "dvar": 507.782623291, "mean": 22.5203933716}, "spectral_decrease": {"min": -5.61636817054e-08, "max": 1.10289910131e-17, "dvar2": 1.30571865899e-17, "median": -5.38369926417e-09, "dmean2": 2.28439334116e-09, "dmean": 1.53785284507e-09, "var": 3.46990090867e-17, "dvar": 5.76054947873e-18, "mean": -6.55181198184e-09}, "erbbands_kurtosis": {"min": -1.91779637337, "max": 169.941360474, "dvar2": 71.4476776123, "median": 3.59896302223, "dmean2": 4.26122283936, "dmean": 2.86622190475, "var": 110.859962463, "dvar": 34.9436302185, "mean": 6.61359739304}, "melbands_crest": {"min": 1.73710000515, "max": 34.7987709045, "dvar2": 12.4269685745, "median": 14.7929096222, "dmean2": 3.42477798462, "dmean": 2.20938682556, "var": 27.8121776581, "dvar": 5.31793785095, "mean": 15.5948314667}, "melbands_spread": {"min": 0.21943128109, "max": 237.302520752, "dvar2": 139.1275177, "median": 4.63611221313, "dmean2": 3.64762592316, "dmean": 2.53190469742, "var": 401.862121582, "dvar": 76.6306228638, "mean": 9.56740474701}, "spectral_energy": {"min": 1.02461537695e-20, "max": 0.218009382486, "dvar2": 0.000193816158571, "median": 0.0211120098829, "dmean2": 0.00884797610343, "dmean": 0.00597181450576, "var": 0.000532094563823, "dvar": 8.59556166688e-05, "mean": 0.0257002245635}, "mfcc": {"mean": [-769.38861084, 165.232543945, 40.2092132568, 27.033290863, -1.12561011314, -1.48115456104, -5.46496248245, -14.3796539307, -7.31435060501, -5.13190793991, -7.54661226273, -6.32725334167, -0.967707753181], "icov": [[0.000103213409602, -2.72283182312e-06, 0.000213563558646, -8.09963530628e-05, 0.000218159300857, -0.00014589841885, 2.49625081779e-05, -0.000140679680044, -6.61351223243e-05, -9.0299094154e-05, 3.60420199286e-05, -2.77989383903e-05, 8.16053143353e-05], [-2.72283182312e-06, 0.000531711266376, -1.98832021852e-05, 0.000267818773864, -0.000427445804235, 0.000250376644544, -0.000218178145587, 0.000284721900243, 7.74755171733e-05, -9.74299182417e-05, -0.000228884760872, 0.000185939788935, -0.000402602279792], [0.000213563558646, -1.98832021852e-05, 0.00165156181902, -0.000690108223353, 0.000317083089612, -0.00101531262044, 0.000666145118885, -0.000206956756301, 0.000539312197361, -2.17981960304e-05, -7.74576037657e-05, -0.000567551993299, -0.000385695253499], [-8.09963530628e-05, 0.000267818773864, -0.000690108223353, 0.00318931322545, -0.00158920837566, 0.00157680967823, -0.000593019474763, -0.000265365611995, -0.000303023552988, 0.000488158140797, 4.23238852818e-05, -0.000735591806006, 0.000267916679149], [0.000218159300857, -0.000427445804235, 0.000317083089612, -0.00158920837566, 0.00574025977403, -0.00167378713377, 0.00106063997373, -0.00185525382403, -0.00024248129921, -0.000984931481071, -0.000197100074729, -0.000543146394193, -0.000246349547524], [-0.00014589841885, 0.000250376644544, -0.00101531262044, 0.00157680967823, -0.00167378713377, 0.00565662421286, -0.00203858246095, 0.000138331117341, 0.000360687612556, -0.00177701970097, 0.000337677716743, 0.000239750588662, -0.00117139064241], [2.49625081779e-05, -0.000218178145587, 0.000666145118885, -0.000593019474763, 0.00106063997373, -0.00203858246095, 0.00521242525429, -3.33848620357e-05, -0.000335485179676, 0.000257392443018, -0.00111330696382, 0.000132311877678, -0.000491832848638], [-0.000140679680044, 0.000284721900243, -0.000206956756301, -0.000265365611995, -0.00185525382403, 0.000138331117341, -3.33848620357e-05, 0.00599330011755, -0.000889233604539, 8.68245042511e-05, -0.000601830368396, -0.00171503669117, -2.42022160819e-05], [-6.61351223243e-05, 7.74755171733e-05, 0.000539312197361, -0.000303023552988, -0.00024248129921, 0.000360687612556, -0.000335485179676, -0.000889233604539, 0.00764819188043, -0.00231919949874, 0.000550515658688, -0.000111289955385, -0.00108874915168], [-9.0299094154e-05, -9.74299182417e-05, -2.17981960304e-05, 0.000488158140797, -0.000984931481071, -0.00177701970097, 0.000257392443018, 8.68245042511e-05, -0.00231919949874, 0.0102814342827, -0.00330852670595, 0.000482139206724, -0.00112321926281], [3.60420199286e-05, -0.000228884760872, -7.74576037657e-05, 4.23238852818e-05, -0.000197100074729, 0.000337677716743, -0.00111330696382, -0.000601830368396, 0.000550515658688, -0.00330852670595, 0.0114290947095, -0.0040235882625, 0.00136759143788], [-2.77989383903e-05, 0.000185939788935, -0.000567551993299, -0.000735591806006, -0.000543146394193, 0.000239750588662, 0.000132311877678, -0.00171503669117, -0.000111289955385, 0.000482139206724, -0.0040235882625, 0.011788523756, -0.00306215439923], [8.16053143353e-05, -0.000402602279792, -0.000385695253499, 0.000267916679149, -0.000246349547524, -0.00117139064241, -0.000491832848638, -2.42022160819e-05, -0.00108874915168, -0.00112321926281, 0.00136759143788, -0.00306215439923, 0.0123469103128]], "cov": [[16332.640625, -402.73638916, -2468.88574219, -355.395721436, -634.170532227, 1.15367388725, 294.677032471, 88.0333404541, 319.468505859, 117.200805664, -79.6754074097, -194.696182251, -191.754104614], [-402.73638916, 2232.42602539, -21.9438495636, -182.045944214, 112.955299377, 40.7669754028, 85.5617752075, -92.7886657715, -9.04475593567, 67.7946166992, 53.1716194153, -22.051027298, 82.0797805786], [-2468.88574219, -21.9438495636, 1195.51806641, 227.357803345, 181.487762451, 122.57207489, -95.4925765991, 74.769493103, -79.3299255371, 10.7926473618, 48.5105171204, 119.690567017, 77.9049301147], [-355.395721436, -182.045944214, 227.357803345, 511.445526123, 151.113433838, -84.9263839722, -34.2704849243, 107.597465515, 16.3417205811, -20.3764705658, 25.7508525848, 80.1327438354, 2.82958078384], [-634.170532227, 112.955299377, 181.487762451, 151.113433838, 322.617950439, 71.1240081787, -24.1537494659, 118.997848511, 26.1980628967, 53.6666030884, 46.4376869202, 70.787651062, 42.3255271912], [1.15367388725, 40.7669754028, 122.57207489, -84.9263839722, 71.1240081787, 304.581573486, 87.9579544067, 22.6410236359, 10.9885902405, 77.3256988525, 26.2212181091, 18.3620204926, 50.5103111267], [294.677032471, 85.5617752075, -95.4925765991, -34.2704849243, -24.1537494659, 87.9579544067, 248.723999023, -5.19626522064, 21.0920314789, 26.3668899536, 25.1707229614, -1.59847378731, 17.4375743866], [88.0333404541, -92.7886657715, 74.769493103, 107.597465515, 118.997848511, 22.6410236359, -5.19626522064, 247.536743164, 42.0849876404, 29.9959068298, 41.3096542358, 71.7657394409, 20.8567943573], [319.468505859, -9.04475593567, -79.3299255371, 16.3417205811, 26.1980628967, 10.9885902405, 21.0920314789, 42.0849876404, 162.069168091, 46.6454353333, 10.707649231, 12.8633460999, 17.787651062], [117.200805664, 67.7946166992, 10.7926473618, -20.3764705658, 53.6666030884, 77.3256988525, 26.3668899536, 29.9959068298, 46.6454353333, 145.668685913, 48.0611114502, 21.8954792023, 29.2030754089], [-79.6754074097, 53.1716194153, 48.5105171204, 25.7508525848, 46.4376869202, 26.2212181091, 25.1707229614, 41.3096542358, 10.707649231, 48.0611114502, 124.670539856, 54.2281723022, 12.6714038849], [-194.696182251, -22.051027298, 119.690567017, 80.1327438354, 70.787651062, 18.3620204926, -1.59847378731, 71.7657394409, 12.8633460999, 21.8954792023, 54.2281723022, 136.086303711, 36.669708252], [-191.754104614, 82.0797805786, 77.9049301147, 2.82958078384, 42.3255271912, 50.5103111267, 17.4375743866, 20.8567943573, 17.787651062, 29.2030754089, 12.6714038849, 36.669708252, 105.596069336]]}, "spectral_contrast_valleys": {"min": [-28.0437412262, -28.036529541, -27.9832801819, -27.7004890442, -27.4710483551, -27.4085140228], "max": [-5.36572313309, -4.89674472809, -6.15528678894, -6.58219337463, -5.97364377975, -7.49632501602], "dvar2": [0.300917118788, 0.205177366734, 0.19395595789, 0.189572617412, 0.213100105524, 0.286329686642], "median": [-7.70435285568, -7.28017902374, -8.62965393066, -9.3199005127, -9.12170219421, -11.5714874268], "dmean2": [0.570152759552, 0.461199700832, 0.471511423588, 0.432247161865, 0.399086385965, 0.441047430038], "dmean": [0.351040244102, 0.294755786657, 0.298519223928, 0.280249387026, 0.288584858179, 0.331231117249], "var": [3.51587772369, 3.27830410004, 3.51231217384, 3.49503469467, 4.0180683136, 3.69589591026], "dvar": [0.128841102123, 0.0955160707235, 0.0934466645122, 0.0970469862223, 0.125239342451, 0.17230220139], "mean": [-7.90446805954, -7.64945745468, -9.04558086395, -9.76204109192, -9.71701622009, -11.9976224899]}, "barkbands_flatness_db": {"min": 0.0654522553086, "max": 0.526677489281, "dvar2": 0.00118364149239, "median": 0.250830590725, "dmean2": 0.029997093603, "dmean": 0.0213724616915, "var": 0.00883712712675, "dvar": 0.000665159896016, "mean": 0.266716718674}, "dynamic_complexity": 5.2805929184, "spectral_skewness": {"min": -0.227499172091, "max": 14.0710687637, "dvar2": 1.229393363, "median": 2.60930895805, "dmean2": 0.871518671513, "dmean": 0.565243244171, "var": 6.08511066437, "dvar": 0.559569776058, "mean": 3.48714065552}, "erbbands_flatness_db": {"min": 0.0365822426975, "max": 0.481889128685, "dvar2": 0.000978780910373, "median": 0.229439496994, "dmean2": 0.0265