{"lowlevel": {"spectral_complexity": {"min": 0, "max": 58, "dvar2": 25.2656574249, "median": 28, "dmean2": 5.50462436676, "dmean": 3.41766452789, "var": 170.752304077, "dvar": 10.9843273163, "mean": 28.2050743103}, "silence_rate_20dB": {"min": 1, "max": 1, "dvar2": 0, "median": 1, "dmean2": 0, "dmean": 0, "var": 0, "dvar": 0, "mean": 1}, "average_loudness": 0.972685039043, "erbbands_spread": {"min": 3.87470340729, "max": 98.5203323364, "dvar2": 87.9303741455, "median": 40.5399208069, "dmean2": 10.2973709106, "dmean": 6.35409355164, "var": 198.491287231, "dvar": 34.987159729, "mean": 41.5478286743}, "spectral_kurtosis": {"min": -1.28591918945, "max": 73.2992172241, "dvar2": 43.1273956299, "median": 3.64417552948, "dmean2": 3.49455475807, "dmean": 1.97736942768, "var": 56.3427276611, "dvar": 13.3503570557, "mean": 5.46615934372}, "barkbands_kurtosis": {"min": -1.72941327095, "max": 88.3475418091, "dvar2": 61.5431442261, "median": 2.18873643875, "dmean2": 4.2897734642, "dmean": 2.62518382072, "var": 43.666683197, "dvar": 23.5375938416, "mean": 3.98274374008}, "spectral_strongpeak": {"min": 0, "max": 7.32848978043, "dvar2": 0.413078963757, "median": 0.286382853985, "dmean2": 0.42013078928, "dmean": 0.240988582373, "var": 0.177905067801, "dvar": 0.15455134213, "mean": 0.414722442627}, "spectral_spread": {"min": 1074408, "max": 43012256, "dvar2": 699150565376, "median": 3347808.25, "dmean2": 462391.75, "dmean": 307179.6875, "var": 42035092389900.0, "dvar": 363398234112, "mean": 4632084}, "spectral_rms": {"min": 3.11585436272e-12, "max": 0.0123090855777, "dvar2": 1.45675915064e-06, "median": 0.00646003708243, "dmean2": 0.00116826489102, "dmean": 0.000727114267647, "var": 4.04623415307e-06, "dvar": 5.90489889873e-07, "mean": 0.00611354736611}, "erbbands": {"min": [6.48540662429e-23, 3.50253989483e-22, 8.22570332718e-22, 3.45036258983e-21, 8.61743837461e-21, 2.39554575011e-20, 3.05180241378e-20, 4.05821755543e-20, 8.74167120909e-20, 1.16898443711e-19, 2.21087645051e-19, 3.02100008184e-19, 3.79330682503e-19, 4.20896430736e-19, 9.35259204209e-19, 9.22027829925e-19, 9.43084953189e-19, 1.71914611408e-18, 2.19982810926e-18, 2.81593766529e-18, 3.18424686407e-18, 4.50295866932e-18, 4.07531166931e-18, 6.48236134331e-18, 6.45385711299e-18, 7.33306779967e-18, 7.44245002797e-18, 1.01773167554e-17, 9.51258862489e-18, 9.82348363094e-18, 1.09783080026e-17, 1.06967439939e-17, 1.03042906338e-17, 7.72486355116e-18, 6.19951685902e-18, 4.25556838685e-18, 2.28502254248e-18, 9.36878410258e-19, 2.07843449468e-19, 2.70347019548e-20], "max": [6.30573368073, 28.8473587036, 49.7597808838, 103.343437195, 151.691101074, 162.872680664, 275.94140625, 226.768493652, 217.918579102, 602.880249023, 379.197814941, 359.915008545, 475.554412842, 271.70904541, 293.113494873, 535.273681641, 323.105651855, 287.00692749, 494.908691406, 885.033081055, 557.254394531, 642.045837402, 324.391998291, 236.722351074, 431.942230225, 185.81427002, 83.3533935547, 214.94203186, 159.218353271, 115.021759033, 125.6640625, 109.393447876, 47.4374275208, 18.2056274414, 15.1305904388, 5.29895067215, 1.55855822563, 0.0986133143306, 0.037574633956, 0.00397046329454], "dvar2": [0.848307609558, 17.4753570557, 59.6462402344, 202.713363647, 278.761993408, 426.262420654, 984.631530762, 495.738586426, 318.93447876, 1282.98498535, 1090.89257812, 546.45690918, 922.309204102, 465.948791504, 471.951477051, 1424.43273926, 388.415771484, 332.33013916, 2583.05639648, 4909.99169922, 1486.24938965, 2717.00708008, 828.41192627, 679.217468262, 1270.3067627, 269.108520508, 130.407196045, 96.7697982788, 68.0628814697, 65.6500167847, 46.4869842529, 5.41386604309, 0.815088629723, 0.895473301411, 0.701321303844, 0.0624146424234, 0.00260421610437, 3.79733246518e-05, 1.05259177872e-05, 7.63733538633e-08], "median": [0.449629545212, 1.92779612541, 3.45975828171, 4.66727972031, 6.79984521866, 11.1054210663, 11.5166120529, 11.5337944031, 11.3500118256, 15.6325645447, 14.7656345367, 10.4859647751, 10.5088386536, 8.76924133301, 12.0856075287, 10.7668151855, 9.62061214447, 14.5025634766, 24.405380249, 33.3680152893, 32.8990745544, 50.0092086792, 25.4304676056, 24.2334747314, 23.2434062958, 15.7839269638, 10.8594074249, 5.65207290649, 2.12609529495, 1.21823692322, 0.999191343784, 0.573172211647, 0.177711829543, 0.105981200933, 0.0345728546381, 0.0163958184421, 0.00382129661739, 0.000515607069246, 6.83328980813e-05, 5.61463639315e-05], "dmean2": [0.554918050766, 2.62666702271, 5.4887008667, 9.82834625244, 12.1315441132, 15.5688114166, 18.4609050751, 15.1285171509, 13.393040657, 23.3921794891, 21.9578170776, 14.9622039795, 16.9982032776, 13.3087530136, 15.152141571, 20.4298744202, 12.6661901474, 14.7250890732, 34.0315742493, 47.5287590027, 29.2278289795, 43.4750137329, 21.8475322723, 21.0005741119, 21.2178134918, 12.4951334, 8.47760105133, 4.86888027191, 2.52006244659, 2.21829223633, 1.77754807472, 0.888252496719, 0.391329735518, 0.312918454409, 0.202192559838, 0.0575494393706, 0.0117155583575, 0.00175772584043, 0.000712817942258, 6.56970951241e-05], "dmean": [0.347392857075, 1.59360742569, 3.23026657104, 5.71057033539, 7.18355369568, 9.23515701294, 10.8342170715, 9.32088756561, 8.29010295868, 14.7312469482, 13.7585945129, 9.09882354736, 10.6740264893, 8.04455947876, 9.19637584686, 12.7951087952, 7.53282642365, 8.75217628479, 20.2858543396, 28.1816291809, 17.3370018005, 25.9405078888, 13.014550209, 12.7071886063, 12.9017448425, 7.56894779205, 5.25536394119, 2.98387265205, 1.55943393707, 1.41097378731, 1.13535904884, 0.591583073139, 0.264450758696, 0.220382899046, 0.13923740387, 0.0397560782731, 0.0083228405565, 0.0012296079658, 0.00044974865159, 4.11069304391e-05], "var": [0.642665624619, 8.23288822174, 25.128818512, 93.1621170044, 156.484024048, 295.555389404, 544.041992188, 530.4375, 369.005310059, 1560.69677734, 1274.01269531, 448.819641113, 1145.95654297, 397.996795654, 461.770324707, 1461.05114746, 325.064300537, 249.142242432, 2426.98046875, 4463.60400391, 1451.8963623, 2828.76586914, 912.565429688, 759.179992676, 1209.71569824, 320.24887085, 130.578094482, 75.710647583, 33.2079925537, 41.5682487488, 25.6548099518, 9.0906047821, 1.92234122753, 0.955006182194, 0.433622688055, 0.0449124872684, 0.00330367172137, 3.05286084767e-05, 3.90003060602e-06, 2.50452352191e-08], "dvar": [0.359661906958, 6.34992170334, 21.1450386047, 75.6791687012, 104.251174927, 147.742477417, 314.357666016, 189.044281006, 126.019592285, 538.377319336, 424.971221924, 205.077560425, 404.463317871, 178.901199341, 180.595428467, 599.979858398, 147.910507202, 121.346214294, 964.787902832, 1778.01403809, 547.02520752, 990.901062012, 293.799133301, 259.83694458, 465.918731689, 101.625, 50.967250824, 37.9375152588, 25.2247962952, 26.9026451111, 18.3248157501, 2.57400774956, 0.445189893246, 0.438115209341, 0.309457689524, 0.0267915707082, 0.00127290119417, 1.67835205502e-05, 4.14537180404e-06, 2.89780750506e-08], "mean": [0.663285374641, 2.71613359451, 4.86433649063, 7.70676517487, 10.8836431503, 16.4102973938, 19.1379203796, 19.3483943939, 17.4953727722, 29.0462284088, 27.8260040283, 17.4674892426, 20.0511856079, 15.1619663239, 18.7773838043, 24.3061161041, 15.4944458008, 18.0427742004, 42.0092391968, 57.6732330322, 42.2487831116, 60.794960022, 32.9506225586, 31.4380741119, 32.2340354919, 19.8712501526, 13.200761795, 7.76684045792, 3.8115503788, 3.06303238869, 2.4930305481, 1.55194783211, 0.689477801323, 0.445612192154, 0.228935211897, 0.0701747760177, 0.0158862341195, 0.00224874983542, 0.00050255889073, 8.04362571216e-05]}, "zerocrossingrate": {"min": 0.00439453125, "max": 0.52978515625, "dvar2": 0.000134380868985, "median": 0.04541015625, "dmean2": 0.00910065043718, "dmean": 0.00693423068151, "var": 0.00692120846361, "dvar": 7.42465708754e-05, "mean": 0.0619550533593}, "spectral_contrast_coeffs": {"min": [-0.981608450413, -0.979814648628, -0.981376111507, -0.97252625227, -0.967807352543, -0.964753031731], "max": [-0.272662818432, -0.441182911396, -0.498087435961, -0.599584519863, -0.619516909122, -0.557863771915], "dvar2": [0.00451908260584, 0.00337330438197, 0.00221086852252, 0.00148174818605, 0.000619456812274, 0.000552374520339], "median": [-0.68576169014, -0.736329138279, -0.797138810158, -0.782287120819, -0.776814699173, -0.728027164936], "dmean2": [0.0834351107478, 0.0725043267012, 0.0585016049445, 0.0479723289609, 0.0317353159189, 0.0263324957341], "dmean": [0.0496717952192, 0.0434532649815, 0.0353067629039, 0.0283969454467, 0.0190575942397, 0.0164318215102], "var": [0.0101456092671, 0.00595728261396, 0.00462484685704, 0.00303120375611, 0.00216855946928, 0.00411031907424], "dvar": [0.00163768918719, 0.00124601868447, 0.000808891374618, 0.000525526527781, 0.000228720862651, 0.000234493723838], "mean": [-0.679266214371, -0.735930025578, -0.789499223232, -0.783084869385, -0.779924869537, -0.7396235466]}, "dissonance": {"min": 0.257282197475, "max": 0.499999970198, "dvar2": 0.000389313820051, "median": 0.482214152813, "dmean2": 0.0185422953218, "dmean": 0.0109991058707, "var": 0.000734604371246, "dvar": 0.00013863692584, "mean": 0.474494427443}, "spectral_energyband_high": {"min": 6.89361740406e-21, "max": 0.00913840625435, "dvar2": 4.70441960942e-07, "median": 0.000529498036485, "dmean2": 0.000338481127983, "dmean": 0.000224837480346, "var": 5.70060024074e-07, "dvar": 2.06665362157e-07, "mean": 0.000721993099432}, "gfcc": {"mean": [-18.6891365051, 112.215240479, -121.858909607, 47.3946075439, -37.1370048523, 0.00290549150668, -30.7115001678, 9.1030960083, -15.1614217758, 2.49660229683, -10.0633449554, -2.22491669655, -4.31207036972], "icov": [[0.000191608516616, -0.000411566725234, 0.000573350582272, -0.00046251429012, 0.000295927806292, -0.000582524575293, 0.000654707429931, -0.000537482672371, 0.000613135343883, -0.000514852988999, 0.000607149500865, -0.000410687323892, 0.000511069723871], [-0.000411566725234, 0.00249220221303, -0.00021630973788, 0.000631013943348, -0.00106777786277, 0.0029344803188, -0.00200558523647, 0.000984834739938, -0.00133944454137, 0.00145484053064, -0.00137836730573, 0.0017969092587, -0.00156291027088], [0.000573350582272, -0.00021630973788, 0.00428514741361, -0.000485420401674, -0.000916134973522, -0.00234984699637, 0.00195955578238, -0.000563392881304, 0.000347116758348, -0.0010166981956, 0.00277479970828, -0.00158710929099, 0.00149922387209], [-0.00046251429012, 0.000631013943348, -0.000485420401674, 0.00410936865956, -0.00177873345092, -0.00184906506911, -0.000855333229993, 0.00250859512016, -0.00382116017863, 0.00124371435959, -9.52948466875e-05, -0.000391096808016, -0.00198516715318], [0.000295927806292, -0.00106777786277, -0.000916134973522, -0.00177873345092, 0.00876831728965, 0.000856177357491, -0.00320986355655, 0.000775908760261, 0.000456246169051, -0.00308799301274, 0.000146140198922, -0.00013605724962, 0.000585470406804], [-0.000582524575293, 0.0029344803188, -0.00234984699637, -0.00184906506911, 0.000856177357491, 0.0120791969821, -0.00403182581067, -0.00357437715866, -0.00171600887552, 0.00229219370522, -0.00124558294192, -0.00239378679544, 0.00108084001113], [0.000654707429931, -0.00200558523647, 0.00195955578238, -0.000855333229993, -0.00320986355655, -0.00403182581067, 0.0109948227182, -0.00262235407718, -0.000385001854738, 0.00319582084194, -1.07484856926e-05, -0.00321731087752, 0.00234954641201], [-0.000537482672371, 0.000984834739938, -0.000563392881304, 0.00250859512016, 0.000775908760261, -0.00357437715866, -0.00262235407718, 0.0206160154194, -0.00458501419052, -0.0046966644004, 0.00153038010467, 0.000397766503738, -0.000282536289888], [0.000613135343883, -0.00133944454137, 0.000347116758348, -0.00382116017863, 0.000456246169051, -0.00171600887552, -0.000385001854738, -0.00458501419052, 0.0175124965608, -0.00739680370316, 0.000309443246806, 0.00349210086279, -0.00287237297744], [-0.000514852988999, 0.00145484053064, -0.0010166981956, 0.00124371435959, -0.00308799301274, 0.00229219370522, 0.00319582084194, -0.0046966644004, -0.00739680370316, 0.0282046962529, -0.00860025174916, -0.00199240259826, 0.0011643813923], [0.000607149500865, -0.00137836730573, 0.00277479970828, -9.52948466875e-05, 0.000146140198922, -0.00124558294192, -1.07484856926e-05, 0.00153038010467, 0.000309443246806, -0.00860025174916, 0.0216270629317, -0.0057115489617, 0.000387804175261], [-0.000410687323892, 0.0017969092587, -0.00158710929099, -0.000391096808016, -0.00013605724962, -0.00239378679544, -0.00321731087752, 0.000397766503738, 0.00349210086279, -0.00199240259826, -0.0057115489617, 0.0297150313854, -0.0119904046878], [0.000511069723871, -0.00156291027088, 0.00149922387209, -0.00198516715318, 0.000585470406804, 0.00108084001113, 0.00234954641201, -0.000282536289888, -0.00287237297744, 0.0011643813923, 0.000387804175261, -0.0119904046878, 0.0249906238168]], "cov": [[47622.7539062, 2951.14672852, -4646.44433594, 2914.83569336, -1628.52185059, 928.735778809, -1225.40637207, 673.583862305, -382.740600586, 210.118850708, -400.966217041, 117.239120483, -149.550842285], [2951.14672852, 1496.80822754, -640.786560059, -126.835922241, 31.2027378082, -407.346405029, 14.9743852615, -87.4602661133, -58.3069343567, -31.2109699249, 40.2352905273, -92.5901870728, 25.8179340363], [-4646.44433594, -640.786560059, 883.75378418, -81.0799255371, 177.522750854, 126.878822327, 104.104316711, -10.313284874, 79.4252548218, -0.784928381443, -10.2612657547, 31.9997520447, 0.616381645203], [2914.83569336, -126.835922241, -81.0799255371, 861.351745605, 34.3607597351, 350.364746094, 53.7499694824, 80.5747299194, 137.826522827, 33.2715034485, -28.3898468018, 85.3342590332, 41.3190536499], [-1628.52185059, 31.2027378082, 177.522750854, 34.3607597351, 247.825073242, -19.5697383881, 130.572601318, -28.2041778564, 53.7895278931, 4.71570825577, 26.7340774536, 6.11522054672, 18.2625427246], [928.735778809, -407.346405029, 126.878822327, 350.364746094, -19.5697383881, 365.131256104, 42.7113647461, 94.2300796509, 67.1842880249, 20.5373039246, -26.7961101532, 68.9624176025, -2.26315379143], [-1225.40637207, 14.9743852615, 104.104316711, 53.7499694824, 130.572601318, 42.7113647461, 214.422241211, -0.260176986456, 51.2974510193, -14.3207788467, 22.1840610504, 18.6585502625, 14.123714447], [673.583862305, -87.4602661133, -10.313284874, 80.5747299194, -28.2041778564, 94.2300796509, -0.260176986456, 88.7503890991, 26.1727695465, 21.7728023529, -10.9674158096, 15.6332321167, -4.94765424728], [-382.740600586, -58.3069343567, 79.4252548218, 137.826522827, 53.7895278931, 67.1842880249, 51.2974510193, 26.1727695465, 119.433525085, 26.591627121, 11.1248693466, 13.2492609024, 20.3443107605], [210.118850708, -31.2109699249, -0.784928381443, 33.2715034485, 4.71570825577, 20.5373039246, -14.3207788467, 21.7728023529, 26.591627121, 56.061088562, 16.3583316803, 9.52382659912, 1.79494249821], [-400.966217041, 40.2352905273, -10.2612657547, -28.3898468018, 26.7340774536, -26.7961101532, 22.1840610504, -10.9674158096, 11.1248693466, 16.3583316803, 68.8842697144, 9.18734264374, 11.2551851273], [117.239120483, -92.5901870728, 31.9997520447, 85.3342590332, 6.11522054672, 68.9624176025, 18.6585502625, 15.6332321167, 13.2492609024, 9.52382659912, 9.18734264374, 60.8673400879, 22.1078624725], [-149.550842285, 25.8179340363, 0.616381645203, 41.3190536499, 18.2625427246, -2.26315379143, 14.123714447, -4.94765424728, 20.3443107605, 1.79494249821, 11.2551851273, 22.1078624725, 58.9068412781]]}, "spectral_flux": {"min": 6.1464056067e-11, "max": 0.322377920151, "dvar2": 0.00162404146977, "median": 0.0971678495407, "dmean2": 0.0373086482286, "dmean": 0.0232918057591, "var": 0.00207121367566, "dvar": 0.000680777069647, "mean": 0.0965818613768}, "silence_rate_30dB": {"min": 0, "max": 1, "dvar2": 0.0328471548855, "median": 1, "dmean2": 0.024187810719, "dmean": 0.0120924720541, "var": 0.00741294072941, "dvar": 0.0119451563805, "mean": 0.992532014847}, "spectral_energyband_middle_high": {"min": 1.02197508349e-21, "max": 0.035782136023, "dvar2": 6.29900887361e-06, "median": 0.00539474003017, "dmean2": 0.00219217129052, "dmean": 0.00135380099528, "var": 2.19775611185e-05, "dvar": 2.56830844592e-06, "mean": 0.00642321165651}, "barkbands_spread": {"min": 1.53050279617, "max": 80.4085845947, "dvar2": 53.6464653015, "median": 23.939781189, "dmean2": 7.68484401703, "dmean": 4.72914361954, "var": 124.908943176, "dvar": 21.5737247467, "mean": 23.7508792877}, "spectral_centroid": {"min": 257.104919434, "max": 11965.1123047, "dvar2": 136301.03125, "median": 1613.85412598, "dmean2": 387.624145508, "dmean": 235.565460205, "var": 2981394.75, "dvar": 56787.125, "mean": 1841.39782715}, "pitch_salience": {"min": 0.109507784247, "max": 0.895590364933, "dvar2": 0.0130231566727, "median": 0.559037446976, "dmean2": 0.124128967524, "dmean": 0.0750041753054, "var": 0.0171255189925, "dvar": 0.00500834267586, "mean": 0.549990057945}, "erbbands_skewness": {"min": -3.203592062, "max": 3.83463311195, "dvar2": 0.141072183847, "median": -0.366791129112, "dmean2": 0.43023622036, "dmean": 0.266593486071, "var": 0.483452141285, "dvar": 0.0542132928967, "mean": -0.246563687921}, "erbbands_crest": {"min": 2.50805521011, "max": 23.7845478058, "dvar2": 8.89674949646, "median": 6.14729976654, "dmean2": 3.11931443214, "dmean": 1.85319828987, "var": 9.50182914734, "dvar": 3.21388983727, "mean": 6.97428846359}, "melbands": {"min": [6.85286032163e-25, 4.7860531316e-25, 6.87352453305e-25, 1.30049636682e-24, 1.24005088604e-24, 1.01796465033e-24, 1.32165322187e-24, 1.46764573745e-24, 1.74623117727e-24, 1.57065006686e-24, 1.63230142014e-24, 1.53193869009e-24, 2.15620140085e-24, 2.11478285067e-24, 2.95199008254e-24, 1.80380027398e-24, 2.70311353884e-24, 2.724308062e-24, 2.97885868497e-24, 3.41972543477e-24, 3.2043762684e-24, 3.74712045981e-24, 3.04043756166e-24, 3.39518673302e-24, 3.68301170619e-24, 3.53842494075e-24, 4.80500581067e-24, 4.27974869339e-24, 4.18456473656e-24, 3.94801296122e-24, 4.51758039555e-24, 4.97755138432e-24, 4.16637044865e-24, 4.32755800298e-24, 5.05914405661e-24, 5.02404802937e-24, 5.90131657623e-24, 5.78105670339e-24, 5.95831532651e-24, 6.37564759449e-24], "max": [0.0427478328347, 0.026421520859, 0.017266118899, 0.0105327172205, 0.00826875306666, 0.0051676412113, 0.00294697680511, 0.00549181038514, 0.00289897224866, 0.00200091465376, 0.0023905124981, 0.0011685306672, 0.00144959602039, 0.00116621237248, 0.00114878348541, 0.000482361705508, 0.000496113440022, 0.000726842496078, 0.000852162134834, 0.000899195845705, 0.000733866065275, 0.000784313946497, 0.000451592175523, 0.000251518620644, 0.00021435614326, 0.000511607271619, 0.000223499038839, 9.3497641501e-05, 6.84846527292e-05, 4.24477148044e-05, 0.000167208942003, 0.00012548196537, 5.2247010899e-05, 9.32423063205e-05, 0.000113747242722, 4.87168108521e-05, 7.63963762438e-05, 3.4044340282e-05, 2.76460013993e-05, 1.36669805215e-05], "dvar2": [3.92935507989e-05, 1.5445295503e-05, 4.78363472212e-06, 1.62734784226e-06, 9.80081836133e-07, 2.41531125766e-07, 7.86084086712e-08, 1.1567608027e-07, 5.97652132228e-08, 2.65129980193e-08, 2.28376713096e-08, 7.44418526821e-09, 8.66855565107e-09, 1.21173320267e-08, 4.99203434146e-09, 1.68791036703e-09, 1.11518239088e-09, 6.57998810993e-09, 7.48584749743e-09, 5.17301756986e-09, 2.95648394655e-09, 5.19732612503e-09, 1.40466505094e-09, 6.49443332446e-10, 6.08283146075e-10, 1.6251895385e-09, 2.72801253809e-10, 1.16845200182e-10, 8.22645979115e-11, 2.73123676453e-11, 5.55895468546e-11, 3.58631319086e-11, 8.68840069335e-12, 4.17642517792e-11, 3.50888207379e-11, 1.76844769297e-12, 2.76858267215e-12, 4.65054427259e-13, 3.60111625849e-13, 1.13796591508e-12], "median": [0.0035773657728, 0.00218813028187, 0.000968426757026, 0.000676773604937, 0.000467278034193, 0.000270784425084, 0.000190609862329, 0.000173775770236, 9.81294506346e-05, 6.4383566496e-05, 4.97622786497e-05, 3.14004137181e-05, 4.05048631364e-05, 2.64775262622e-05, 2.17776341742e-05, 2.28734934353e-05, 2.31444755627e-05, 3.41590348398e-05, 4.47888414783e-05, 3.56185810233e-05, 3.70771522284e-05, 5.89922492509e-05, 2.66583538178e-05, 1.55419966177e-05, 1.87528094102e-05, 1.81402319868e-05, 1.38378236443e-05, 8.80167499417e-06, 7.42061183701e-06, 4.3545733206e-06, 2.60641718342e-06, 1.27249847992e-06, 6.36152435618e-07, 6.65207267048e-07, 6.15802377979e-07, 4.42181260496e-07, 2.8319550438e-07, 1.1646409348e-07, 8.49101269296e-08, 8.98751011391e-08], "dmean2": [0.00397509383038, 0.00279662082903, 0.00162898330018, 0.000922745501157, 0.00064715417102, 0.000339961989084, 0.000215467400267, 0.00023678469006, 0.000161274758284, 0.000105665225419, 8.53867895785e-05, 5.33743623237e-05, 5.89540250076e-05, 6.1510319938e-05, 4.0538066969e-05, 3.07877962769e-05, 2.74743233604e-05, 5.46920564375e-05, 6.08266454947e-05, 4.7359153541e-05, 4.04790516768e-05, 5.94073499087e-05, 2.78157713183e-05, 1.70336588781e-05, 1.92829193111e-05, 2.12418781302e-05, 1.22883102449e-05, 8.21631692816e-06, 6.8717040449e-06, 3.82512871511e-06, 2.92524168799e-06, 1.77340939445e-06, 1.08700942292e-06, 1.59241483288e-06, 1.36141215989e-06, 6.20998378054e-07, 5.94726373038e-07, 2.98798767062e-07, 2.45088330075e-07, 3.23506498034e-07], "dmean": [0.00248424615711, 0.00168214866426, 0.000963562342804, 0.000542088411748, 0.00038175508962, 0.000210933285416, 0.000133786365041, 0.000148348597577, 0.00010113834287, 6.42535887891e-05, 5.35955259693e-05, 3.2207237382e-05, 3.58324869012e-05, 3.83379556297e-05, 2.46189338213e-05, 1.81516552402e-05, 1.62298038049e-05, 3.24931570503e-05, 3.62337086699e-05, 2.80229596683e-05, 2.39863329625e-05, 3.53179821104e-05, 1.64334360306e-05, 1.00902052509e-05, 1.16244364108e-05, 1.28329920699e-05, 7.41332132748e-06, 4.91311311634e-06, 4.21431650466e-06, 2.29470606428e-06, 1.79427092917e-06, 1.08009464839e-06, 6.60888360926e-07, 1.01083799109e-06, 8.47543390137e-07, 4.03333075383e-07, 3.86942247133e-07, 1.97300209948e-07, 1.6321276064e-07, 2.2145761136e-07], "var": [3.06651236315e-05, 7.70923816162e-06, 2.83257486444e-06, 8.52193579703e-07, 5.9072493741e-07, 2.73379583859e-07, 8.75528982647e-08, 1.44453039752e-07, 7.06673048967e-08, 2.14233235596e-08, 2.83003434021e-08, 6.1191638423e-09, 7.50798090365e-09, 1.18882441669e-08, 4.69705563333e-09, 1.25763388592e-09, 7.6666284432e-10, 5.60773649738e-09, 7.85255949154e-09, 4.3280441453e-09, 2.29159913268e-09, 4.69101868461e-09, 1.24213495045e-09, 6.22242313231e-10, 5.37848376947e-10, 1.26900701058e-09, 3.15061393641e-10, 1.1294628427e-10, 7.03408303826e-11, 2.61201078128e-11, 3.35960079201e-11, 1.51251511316e-11, 4.67807216575e-12, 2.50104329608e-11, 1.55407579167e-11, 3.26305063698e-12, 3.69009900761e-12, 9.82312104922e-13, 6.91153623049e-13, 9.6009311612e-13], "dvar": [1.6324536773e-05, 5.65562913835e-06, 1.92681613953e-06, 5.44122315205e-07, 3.16589733984e-07, 9.27292447273e-08, 3.0654074834e-08, 4.79095163541e-08, 2.34476953409e-08, 1.00053574315e-08, 1.00092654165e-08, 2.86744961109e-09, 3.31716987212e-09, 4.95509855369e-09, 2.04705385976e-09, 6.26733609455e-10, 4.03980571217e-10, 2.44295539353e-09, 2.72752909147e-09, 1.87000526175e-09, 1.07570652386e-09, 1.89078286361e-09, 5.01940267128e-10, 2.3850776909e-10, 2.30640062604e-10, 5.97424609783e-10, 1.00449933094e-10, 4.35086897066e-11, 3.11811583498e-11, 1.02887386111e-11, 2.18123696188e-11, 1.31538729561e-11, 3.15714533509e-12, 1.71757122414e-11, 1.3524463667e-11, 8.05984673533e-13, 1.2514339608e-12, 2.448066977e-13, 1.87517251618e-13, 5.38489120915e-13], "mean": [0.00503986608237, 0.00291983806528, 0.00145517732017, 0.000943695718888, 0.000712943146937, 0.000448697130196, 0.000285057671135, 0.00030425118166, 0.000200721100555, 0.000114807611681, 9.81721605058e-05, 5.7293989812e-05, 6.54444011161e-05, 6.96078932378e-05, 4.43903845735e-05, 3.36554112437e-05, 3.02550270135e-05, 6.11824871157e-05, 7.81567359809e-05, 5.79744155402e-05, 4.93684819958e-05, 7.38584494684e-05, 3.54803232767e-05, 2.31349076785e-05, 2.49318272836e-05, 2.75010334008e-05, 1.81142549991e-05, 1.14112008305e-05, 9.29980160436e-06, 5.50681170353e-06, 4.05119999414e-06, 2.29198349189e-06, 1.48223489305e-06, 1.90412856682e-06, 1.61866103099e-06, 1.04507182641e-06, 8.99915789887e-07, 4.73765652487e-07, 3.75108669459e-07, 3.94692733607e-07]}, "spectral_entropy": {"min": 5.12551355362, "max": 9.83833408356, "dvar2": 0.0237141437829, "median": 7.69290494919, "dmean2": 0.143287226558, "dmean": 0.0900770425797, "var": 0.389679223299, "dvar": 0.00940527115017, "mean": 7.62983036041}, "spectral_rolloff": {"min": 64.599609375, "max": 19832.0800781, "dvar2": 724916.4375, "median": 882.861328125, "dmean2": 649.540405273, "dmean": 380.03994751, "var": 10416460, "dvar": 306594.15625, "mean": 1727.23583984}, "barkbands": {"min": [3.41413724272e-25, 1.70456038881e-24, 2.19312847286e-25, 7.2745469046e-25, 6.52211263775e-24, 6.30216322902e-24, 4.32669420029e-24, 5.0536729118e-24, 1.01006097403e-23, 1.17202957955e-23, 7.87517238441e-24, 1.90333519312e-23, 1.50177801332e-23, 3.02226559851e-23, 3.74221350832e-23, 4.36684619485e-23, 5.37916236443e-23, 7.49353678237e-23, 9.96156006847e-23, 1.4909260325e-22, 1.94307649092e-22, 2.4787019384e-22, 3.89061225476e-22, 6.04616975578e-22, 8.33459844384e-22, 1.26860556664e-21, 1.91507255987e-21], "max": [0.0253298282623, 0.134477645159, 0.0494270697236, 0.0521430112422, 0.0405328534544, 0.0315948463976, 0.0233649872243, 0.0150136454031, 0.0131902089342, 0.012646753341, 0.0123879984021, 0.0104437628761, 0.00581904500723, 0.00418337807059, 0.0118518462405, 0.0088228052482, 0.0103371795267, 0.00626510754228, 0.00751721533015, 0.0042725536041, 0.00234669120982, 0.00484557775781, 0.00487631233409, 0.0043249274604, 0.00154709105846, 0.000776409695391, 0.000207537872484], "dvar2": [6.68403708914e-06, 0.000384757353459, 5.11367725267e-05, 3.22537161992e-05, 2.79696705547e-05, 7.57317229727e-06, 3.19496575685e-06, 1.95123243429e-06, 1.34447816436e-06, 4.79370442008e-07, 5.20394792147e-07, 8.59486249283e-07, 1.98329232148e-07, 1.59150573609e-07, 1.55153520609e-06, 4.87679301386e-07, 9.93714934339e-07, 2.96435700875e-07, 4.50191294021e-07, 1.33339582931e-07, 4.63533034178e-08, 5.84024562045e-08, 8.08561892995e-08, 6.62305410515e-09, 9.07331365596e-09, 1.26944410539e-09, 3.09515080232e-10], "median": [0.000805261312053, 0.0118118813261, 0.00269011454657, 0.00146027328447, 0.00323614571244, 0.00155334174633, 0.000936172902584, 0.000703684228938, 0.00044552818872, 0.000201123737497, 0.000258043350186, 0.000248903990723, 0.000206595868804, 0.000253894599155, 0.000686975487042, 0.000409780652262, 0.000862328917719, 0.000426752638305, 0.000508902827278, 0.000330851384206, 0.00021420403209, 5.43692003703e-05, 3.76569951186e-05, 1.77293622983e-05, 6.99681504557e-06, 2.68192206931e-06, 2.51304300036e-07], "dmean2": [0.00157827779185, 0.012850029394, 0.00500004412606, 0.00391005771235, 0.0042152190581, 0.0018989702221, 0.00123570370488, 0.00100823887624, 0.000747584330384, 0.000377648277208, 0.000433815759607, 0.000532626640052, 0.000301384483464, 0.000314370729029, 0.000891748117283, 0.000485666678287, 0.000809150922578, 0.000417098257458, 0.000463406118797, 0.000274265592452, 0.000157882604981, 6.95175549481e-05, 7.0197340392e-05, 3.18913953379e-05, 2.68007461273e-05, 8.15902512841e-06, 3.79054790756e-06], "dmean": [0.00105200277176, 0.00796971376985, 0.00288438447751, 0.00234156078659, 0.00246110022999, 0.00116865336895, 0.00077236542711, 0.000624172855169, 0.000459083530586, 0.000234460909269, 0.000264167960268, 0.000330278446199, 0.000178386108018, 0.000184774311492, 0.000533950224053, 0.000289604970021, 0.00047876543249, 0.000248297379585, 0.000282079883618, 0.000166944155353, 9.74368304014e-05, 4.28362000093e-05, 4.514320608e-05, 2.13844396058e-05, 1.90873906831e-05, 5.77265245738e-06, 2.37864242081e-06], "var": [7.66700577515e-06, 0.000268063187832, 1.99648675334e-05, 1.99456007977e-05, 1.68183723872e-05, 8.02457088867e-06, 3.33475190928e-06, 2.24384234571e-06, 1.18463321996e-06, 6.01225565333e-07, 4.4019364509e-07, 8.65996582888e-07, 1.54290077603e-07, 1.12280012843e-07, 1.69004340478e-06, 4.00513812338e-07, 9.39969197589e-07, 3.10719116214e-07, 4.67358830747e-07, 1.57412586077e-07, 5.16193452427e-08, 2.61279780034e-08, 4.67698910711e-08, 1.30511796925e-08, 7.35589233969e-09, 1.24871002427e-09, 1.083998169e-10], "dvar": [3.32254194291e-06, 0.000151989763253, 1.77095698746e-05, 1.35218951982e-05, 9.44443945627e-06, 2.84411521534e-06, 1.26160898617e-06, 7.51779964503e-07, 5.20514959135e-07, 2.0888587926e-07, 1.98540462293e-07, 3.56320413175e-07, 7.36504333076e-08, 5.62537429971e-08, 5.72981889491e-07, 1.80411277029e-07, 3.59006349981e-07, 1.05621957402e-07, 1.69118763438e-07, 4.96526624261e-08, 1.83927699737e-08, 2.14617923433e-08, 3.27461009419e-08, 3.33474181602e-09, 4.21989287958e-09, 5.79416681301e-10, 1.20132875869e-10], "mean": [0.00181808462366, 0.015913983807, 0.00403437949717, 0.00293472548947, 0.00443823868409, 0.00249729142524, 0.00152888230514, 0.0012297934154, 0.000820410030428, 0.000424044555984, 0.00044805536163, 0.000607952883001, 0.000329813949065, 0.000351765891537, 0.00116133212578, 0.000603708380368, 0.00106857810169, 0.000577033963054, 0.000682719517499, 0.000425523670856, 0.000259514024947, 0.000100001634564, 9.58258824539e-05, 5.70099473407e-05, 3.53762115992e-05, 1.07376436063e-05, 2.53225539382e-06]}, "melbands_flatness_db": {"min": 0.00318408338353, "max": 0.468944191933, "dvar2": 0.00121766526718, "median": 0.207272738218, "dmean2": 0.0359860882163, "dmean": 0.0225445181131, "var": 0.00695865042508, "dvar": 0.000494459352922, "mean": 0.214719131589}, "melbands_skewness": {"min": -1.47572791576, "max": 12.8672866821, "dvar2": 1.63576054573, "median": 2.79008221626, "dmean2": 1.13402581215, "dmean": 0.710184335709, "var": 2.78891277313, "dvar": 0.647514402866, "mean": 3.10590171814}, "barkbands_skewness": {"min": -4.0808930397, "max": 8.80219554901, "dvar2": 0.710616886616, "median": 1.61794161797, "dmean2": 0.772603332996, "dmean": 0.482854902744, "var": 1.45341873169, "dvar": 0.283989608288, "mean": 1.66564190388}, "silence_rate_60dB": {"min": 0, "max": 1, "dvar2": 0.0011848306749, "median": 0, "dmean2": 0.000948541623075, "dmean": 0.000474214582937, "var": 0.0536588318646, "dvar": 0.000474003114505, "mean": 0.0568990036845}, "spectral_energyband_low": {"min": 5.8057101844e-24, "max": 0.149446681142, "dvar2": 0.000395695533371, "median": 0.0191260371357, "dmean2": 0.0153243197128, "dmean": 0.00954404100776, "var": 0.0003908269573, "dvar": 0.00016574782785, "mean": 0.0232023485005}, "spectral_energyband_middle_low": {"min": 1.50591817624e-22, "max": 0.068780079484, "dvar2": 6.42068698653e-05, "median": 0.0120903048664, "dmean2": 0.0075412383303, "dmean": 0.00454317126423, "var": 7.51584593672e-05, "dvar": 2.41352172452e-05, "mean": 0.0136447576806}, "melbands_kurtosis": {"min": -1.55861592293, "max": 246.086364746, "dvar2": 449.010284424, "median": 9.44435119629, "dmean2": 11.9438762665, "dmean": 7.33732795715, "var": 334.04977417, "dvar": 171.548782349, "mean": 15.0596017838}, "spectral_decrease": {"min": -4.0805709034e-08, "max": 1.72525322012e-28, "dvar2": 2.43476543576e-17, "median": -1.06294795188e-08, "dmean2": 4.30742819191e-09, "dmean": 2.67469535409e-09, "var": 2.95109554459e-17, "dvar": 1.00813373346e-17, "mean": -1.06827924284e-08}, "erbbands_kurtosis": {"min": -1.66277647018, "max": 16.796579361, "dvar2": 1.56766283512, "median": -0.552092790604, "dmean2": 0.943523108959, "dmean": 0.574491560459, "var": 2.16891694069, "dvar": 0.586315989494, "mean": -0.167426645756}, "melbands_crest": {"min": 1.66223204136, "max": 35.3721313477, "dvar2": 28.906085968, "median": 14.8039970398, "dmean2": 5.92836809158, "dmean": 3.62841939926, "var": 40.1351051331, "dvar": 11.857676506, "mean": 15.413064003}, "melbands_spread": {"min": 1.17503130436, "max": 203.030441284, "dvar2": 104.728309631, "median": 18.9968490601, "dmean2": 9.53142642975, "dmean": 5.83589410782, "var": 574.490783691, "dvar": 41.4059295654, "mean": 24.7345199585}, "spectral_energy": {"min": 9.95126226559e-21, "max": 0.155301421881, "dvar2": 0.000348174857209, "median": 0.0427753776312, "dmean2": 0.0163710862398, "dmean": 0.0101772760972, "var": 0.000440155185061, "dvar": 0.000144086967339, "mean": 0.0424572527409}, "mfcc": {"mean": [-636.397216797, 132.856506348, -16.5161552429, 45.0811309814, 11.4913234711, 3.42378211021, -0.587162554264, 2.62604832649, 1.17685067654, 6.7110953331, -3.9158475399, 2.9675526619, 2.88844037056], "icov": [[9.1005647846e-05, -4.39157629444e-05, 4.61450399598e-05, -0.000124148078612, -7.49873797758e-05, -5.06868746015e-05, 0.000199844886083, -0.000323035201291, 5.99168342887e-05, -0.000144875841215, 0.000126542174257, 3.76891057385e-06, -9.41830148804e-05], [-4.39157629444e-05, 0.00100062682759, 0.000461181945866, -0.000892746902537, 0.000172791304067, 0.00137469696347, -0.000730479485355, 0.000539969536476, 0.00026114526554, -0.00018506962806, -4.86079152324e-05, -2.72106663033e-05, 0.00012485399202], [4.61450399598e-05, 0.000461181945866, 0.00402114307508, 0.000940288533457, -0.00238430080935, -0.000386268569855, 0.00114159402438, -0.000966543098912, -0.0011208395008, 0.00164522929117, -0.00136471283622, 0.000186190707609, 0.000856950995512], [-0.000124148078612, -0.000892746902537, 0.000940288533457, 0.00550496065989, -0.0018759702798, -0.00440103793517, 0.000986586790532, 0.000256232102402, -0.00175785180181, 0.000441466603661, 0.000403968559112, -0.000764311524108, -0.00118089886382], [-7.49873797758e-05, 0.000172791304067, -0.00238430080935, -0.0018759702798, 0.0111705651507, -0.00241993716918, 0.0001798614976, 0.00273343268782, -4.99046291225e-06, -0.00354374432936, 0.00292597012594, -0.000485259573907, -0.00125218369067], [-5.06868746015e-05, 0.00137469696347, -0.000386268569855, -0.00440103793517, -0.00241993716918, 0.0149933006614, -0.00378087698482, -0.00437034713104, -0.00272027915344, 0.00238243700005, -0.00324515183456, -0.00170202390291, 0.000815621635411], [0.000199844886083, -0.000730479485355, 0.00114159402438, 0.000986586790532, 0.0001798614976, -0.00378087698482, 0.0146369617432, -0.0065038241446, 0.00155901012477, 0.00103804585524, -0.000182067989954, -0.00157982460223, -0.000133078821818], [-0.000323035201291, 0.000539969536476, -0.000966543098912, 0.000256232102402, 0.00273343268782, -0.00437034713104, -0.0065038241446, 0.0205538216978, -0.00711911497638, 0.000929412781261, -0.000100176868727, -0.00160696206149, 0.000264980597422], [5.99168342887e-05, 0.00026114526554, -0.0011208395008, -0.00175785180181, -4.99046291225e-06, -0.00272027915344, 0.00155901012477, -0.00711911497638, 0.0175023693591, -0.00473203510046, 0.000623740663286, -0.00100672838744, 0.000983145786449], [-0.000144875841215, -0.00018506962806, 0.00164522929117, 0.000441466603661, -0.00354374432936, 0.00238243700005, 0.00103804585524, 0.000929412781261, -0.00473203510046, 0.0193995144218, -0.00606554094702, -0.00359536823817, 0.00240940414369], [0.000126542174257, -4.86079152324e-05, -0.00136471283622, 0.000403968559112, 0.00292597012594, -0.00324515183456, -0.000182067989954, -0.000100176868727, 0.000623740663286, -0.00606554094702, 0.0222723353654, -0.00334889767691, -0.00235447008163], [3.76891057385e-06, -2.72106663033e-05, 0.000186190707609, -0.000764311524108, -0.000485259573907, -0.00170202390291, -0.00157982460223, -0.00160696206149, -0.00100672838744, -0.00359536823817, -0.00334889767691, 0.0230793636292, -0.00476100342348], [-9.41830148804e-05, 0.00012485399202, 0.000856950995512, -0.00118089886382, -0.00125218369067, 0.000815621635411, -0.000133078821818, 0.000264980597422, 0.000983145786449, 0.00240940414369, -0.00235447008163, -0.00476100342348, 0.0225569941103]], "cov": [[15231.6992188, 734.167602539, -207.396591187, 1201.83337402, 351.454040527, 578.883789062, 67.467124939, 421.00390625, 354.438659668, 188.86819458, 6.08458042145, 196.628433228, 130.876541138], [734.167602539, 1774.16491699, -408.461242676, 123.576553345, -84.234664917, -236.91178894, -15.3821325302, -149.738418579, -133.756759644, 22.6093101501, -44.563419342, -27.2951717377, 13.7931880951], [-207.396591187, -408.461242676, 409.894012451, -22.9856758118, 83.366897583, 90.3774642944, -4.85697555542, 58.097858429, 66.2147216797, -11.2940912247, 23.5271320343, 9.70119953156, -11.9079561234], [1201.83337402, 123.576553345, -22.9856758118, 495.723693848, 119.075645447, 230.024841309, 55.5738868713, 106.261611938, 126.135742188, 31.7471370697, 21.0440921783, 68.1975708008, 36.2337837219], [351.454040527, -84.234664917, 83.366897583, 119.075645447, 151.840057373, 88.2477874756, 5.7514166832, 28.2227611542, 49.0448722839, 23.4142990112, 3.5428917408, 23.6753044128, 10.669054985], [578.883789062, -236.91178894, 90.3774642944, 230.024841309, 88.2477874756, 267.02532959, 77.6392211914, 133.167480469, 123.756942749, 12.4389343262, 36.5182228088, 58.5693054199, 15.9255151749], [67.467124939, -15.3821325302, -4.85697555542, 55.5738868713, 5.7514166832, 77.6392211914, 111.634552002, 65.3594512939, 34.0166625977, -2.05871129036, 12.7973051071, 24.1543560028, 6.0347442627], [421.00390625, -149.738418579, 58.097858429, 106.261611938, 28.2227611542, 133.167480469, 65.3594512939, 139.56072998, 89.9015731812, 7.71367931366, 21.645401001, 37.0734443665, 6.78217363358], [354.438659668, -133.756759644, 66.2147216797, 126.135742188, 49.0448722839, 123.756942749, 34.0166625977, 89.9015731812, 135.800949097, 26.3515548706, 21.068523407, 36.2531929016, 4.81780195236], [188.86819458, 22.6093101501, -11.2940912247, 31.7471370697, 23.4142990112, 12.4389343262, -2.05871129036, 7.71367931366, 26.3515548706, 71.161239624, 17.82762146, 17.8443527222, 0.379375487566], [6.08458042145, -44.563419342, 23.5271320343, 21.0440921783, 3.5428917408, 36.5182228088, 12.7973051071, 21.645401001, 21.068523407, 17.82762146, 58.7217216492, 19.1683158875, 6.52997684479], [196.628433228, -27.2951717377, 9.70119953156, 68.1975708008, 23.6753044128, 58.5693054199, 24.1543560028, 37.0734443665, 36.2531929016, 17.8443527222, 19.1683158875, 64.7884063721, 15.2665157318], [130.876541138, 13.7931880951, -11.9079561234, 36.2337837219, 10.669054985, 15.9255151749, 6.0347442627, 6.78217363358, 4.81780195236, 0.379375487566, 6.52997684479, 15.2665157318, 50.7772216797]]}, "spectral_contrast_valleys": {"min": [-28.4772434235, -28.0577316284, -27.8762645721, -27.8292179108, -27.532169342, -27.3975009918], "max": [-5.15809583664, -4.93795013428, -5.52860307693, -5.83084821701, -5.65601348877, -7.91506433487], "dvar2": [0.20255433023, 0.225821554661, 0.17607550323, 0.121601559222, 0.0765959024429, 0.115402445197], "median": [-6.23389053345, -6.4092001915, -7.04538106918, -7.13879966736, -6.79569578171, -10.4023361206], "dmean2": [0.524475812912, 0.561540603638, 0.481463313103, 0.37650167942, 0.268937915564, 0.278769522905], "dmean": [0.309056699276, 0.332539469004, 0.288299292326, 0.224955186248, 0.174225762486, 0.19679787755], "var": [14.3077449799, 13.6563606262, 12.8534545898, 12.8898897171, 13.4582939148, 9.84226322174], "dvar": [0.0836613550782, 0.0953256338835, 0.0772091671824, 0.0603128708899, 0.0470408946276, 0.0713875591755], "mean": [-7.1667971611, -7.10211229324, -7.77468967438, -7.91083145142, -7.666431427, -11.0443782806]}, "barkbands_flatness_db": {"min": 0.0102009167895, "max": 0.382154375315, "dvar2": 0.000811818696093, "median": 0.128080695868, "dmean2": 0.0289492141455, "dmean": 0.018216136843, "var": 0.00395673513412, "dvar": 0.000323364831274, "mean": 0.139706462622}, "dynamic_complexity": 2.17161083221, "spectral_skewness": {"min": -0.0955371037126, "max": 6.73836803436, "dvar2": 0.220358669758, "median": 1.20803380013, "dmean2": 0.364925891161, "dmean": 0.214458614588, "var": 0.560531020164, "dvar": 0.0706743821502, "mean": 1.3282545805}, "erbbands_flatness_db": {"min": 0.063808940351, "max": 0.395569175482, "dvar2": 0.000241201661993, "median": 0.148097351193, "dmean2": 0.0167465191334, "dmean": 0.0111044505611, "var": 0.00254620751366, "dvar": 0.000113160087494, "mean": 0.154934