{"lowlevel": {"spectral_complexity": {"min": 0, "max": 50, "dvar2": 22.4028625488, "median": 16, "dmean2": 4.73794841766, "dmean": 3.23301100731, "var": 89.9060668945, "dvar": 11.5747098923, "mean": 16.6172599792}, "silence_rate_20dB": {"min": 1, "max": 1, "dvar2": 0, "median": 1, "dmean2": 0, "dmean": 0, "var": 0, "dvar": 0, "mean": 1}, "average_loudness": 0.939650595188, "erbbands_spread": {"min": 0.746001839638, "max": 122.93901062, "dvar2": 126.182502747, "median": 30.7506637573, "dmean2": 10.8796234131, "dmean": 7.08719682693, "var": 206.706695557, "dvar": 57.1045913696, "mean": 32.0106048584}, "spectral_kurtosis": {"min": -1.1559586525, "max": 347.717987061, "dvar2": 192.984207153, "median": 4.47318506241, "dmean2": 7.474360466, "dmean": 4.32215499878, "var": 323.622955322, "dvar": 73.0540161133, "mean": 9.17421340942}, "barkbands_kurtosis": {"min": -1.91393911839, "max": 214.242965698, "dvar2": 158.82623291, "median": 1.30579972267, "dmean2": 5.80596351624, "dmean": 3.73658514023, "var": 214.382110596, "dvar": 69.7918319702, "mean": 5.63807964325}, "spectral_strongpeak": {"min": 0, "max": 16.9723415375, "dvar2": 1.76189875603, "median": 0.568403244019, "dmean2": 0.800455749035, "dmean": 0.488053232431, "var": 1.71556580067, "dvar": 0.773540079594, "mean": 0.977716207504}, "spectral_spread": {"min": 420405.875, "max": 40298304, "dvar2": 839200342016, "median": 2837778.5, "dmean2": 662155.1875, "dmean": 432405.03125, "var": 2268352479230.0, "dvar": 418495922176, "mean": 3165765.25}, "spectral_rms": {"min": 3.21600515316e-12, "max": 0.0158810019493, "dvar2": 2.01687385015e-06, "median": 0.00474088359624, "dmean2": 0.00117140077055, "dmean": 0.000873989483807, "var": 5.399399015e-06, "dvar": 1.17695890367e-06, "mean": 0.00473578041419}, "erbbands": {"min": [4.73785467298e-22, 9.89354460744e-21, 2.680491215e-20, 8.1764451256e-20, 9.48613052921e-20, 2.21125462715e-19, 3.81818609141e-19, 4.87484625143e-19, 7.63507764516e-19, 8.05933341146e-19, 1.12007296315e-18, 5.62181102408e-19, 1.44207069757e-18, 1.43535212984e-18, 2.12268462495e-18, 2.7503685057e-18, 2.73755072173e-18, 2.24973046805e-18, 2.94431175366e-18, 1.07405887022e-17, 1.34939950287e-17, 9.25399211307e-18, 9.39540277469e-18, 9.75765163471e-18, 2.1620160291e-17, 2.10769325848e-17, 1.80394558923e-17, 2.48477991888e-17, 1.64646545529e-17, 1.58321558606e-17, 1.92030458969e-17, 1.91127243914e-17, 1.59364153593e-17, 1.39253970152e-17, 8.20906613043e-18, 5.66561975009e-18, 2.86465777619e-18, 1.18865554171e-18, 2.90011952604e-19, 4.13207185944e-20], "max": [1.62758016586, 29.3461360931, 192.160934448, 53.610748291, 76.3059997559, 165.715667725, 186.726577759, 470.144165039, 226.189346313, 600.423339844, 1000.26916504, 1467.24060059, 1133.74865723, 1898.29992676, 3155.99194336, 2092.71191406, 1898.38525391, 1000.78222656, 1015.36108398, 854.033874512, 824.244812012, 284.683013916, 451.625762939, 1004.1675415, 520.289001465, 234.442657471, 254.298294067, 275.073486328, 78.0810394287, 56.0679855347, 29.139787674, 23.1281032562, 17.288482666, 7.44121456146, 3.64486122131, 2.159116745, 0.467983394861, 0.0455932281911, 0.00263671949506, 0.000280931330053], "dvar2": [0.0091814044863, 8.57788658142, 326.547088623, 50.8436317444, 58.4994316101, 75.1728897095, 270.259277344, 559.676574707, 398.190124512, 2536.55981445, 3544.75732422, 7798.67675781, 3947.65527344, 11670.9951172, 10219.5009766, 6699.55078125, 8075.63623047, 3317.64990234, 4259.35839844, 3050.72290039, 1541.94104004, 806.494995117, 1410.76831055, 1875.37060547, 957.522521973, 236.309921265, 231.214019775, 393.109832764, 51.7748298645, 23.5194625854, 11.9406166077, 7.39309549332, 2.31411910057, 0.516007006168, 0.0824684947729, 0.014476804994, 0.00060188426869, 1.25991336972e-05, 6.10482047136e-08, 5.74042868795e-10], "median": [0.00798112712801, 0.305954486132, 3.45368981361, 2.25482749939, 1.23492145538, 2.13637924194, 4.17607593536, 4.30772542953, 4.65040016174, 6.26698112488, 10.8385152817, 14.8486766815, 9.56283950806, 13.5589122772, 9.63094425201, 7.85736274719, 8.38109207153, 7.31473255157, 8.8441734314, 10.008972168, 7.28394508362, 7.59003067017, 8.8171672821, 8.64071846008, 6.6588602066, 4.46582555771, 2.18790578842, 0.894137740135, 0.408825516701, 0.225572675467, 0.157286912203, 0.0948406606913, 0.0440460294485, 0.0119013171643, 0.00371834333055, 0.000781628885306, 0.000137502138386, 1.52034626808e-05, 1.49909465108e-05, 2.89392664854e-05], "dmean2": [0.0377007015049, 1.38046109676, 8.80743026733, 3.85780620575, 3.75297284126, 4.99289751053, 9.95003032684, 12.8040151596, 11.1922197342, 20.2303371429, 27.264125824, 37.3598442078, 23.290719986, 43.494594574, 31.9180488586, 25.538028717, 34.4249191284, 19.404958725, 23.8893642426, 22.4244995117, 17.9512367249, 15.2850961685, 19.0318470001, 18.5842628479, 14.487531662, 7.85335636139, 6.24844503403, 6.29275131226, 3.1233663559, 2.10837054253, 1.48874402046, 1.12088358402, 0.581049799919, 0.250049889088, 0.0960161983967, 0.0348740033805, 0.00685799261555, 0.00103382265661, 7.37959708204e-05, 1.66726422322e-05], "dmean": [0.0238920412958, 0.918429732323, 5.97517728806, 2.62018680573, 2.24964594841, 3.10918498039, 6.01099252701, 8.214427948, 7.00538778305, 12.4168510437, 18.1550235748, 23.8883724213, 14.9837837219, 28.107509613, 21.9839458466, 16.4118270874, 21.5607471466, 12.168255806, 15.7602033615, 14.8353796005, 11.7312870026, 9.93408584595, 12.5882749557, 12.573718071, 9.79012870789, 5.44183444977, 4.06751918793, 3.99968838692, 1.99424767494, 1.36936450005, 0.947746634483, 0.703073203564, 0.368991672993, 0.155392155051, 0.0615301094949, 0.0237375702709, 0.00468653114513, 0.000726946745999, 5.06799624418e-05, 1.2081793102e-05], "var": [0.00866422895342, 8.68561172485, 299.178771973, 45.8621864319, 37.050945282, 58.2746658325, 165.84992981, 859.172180176, 295.195220947, 1216.51818848, 3702.67529297, 5404.13916016, 2731.5012207, 24820.4179688, 11816.4794922, 4110.24462891, 4828.91601562, 1828.59558105, 3275.70458984, 2801.10327148, 1188.47375488, 647.870788574, 1492.60192871, 3416.51635742, 1525.11828613, 385.850830078, 168.555282593, 205.490264893, 40.3537330627, 24.0263690948, 10.8214683533, 6.63819217682, 2.32786107063, 0.430596619844, 0.0732186436653, 0.0178816765547, 0.000808383745607, 2.09355202969e-05, 8.51528838552e-08, 9.04039620941e-10], "dvar": [0.00388611503877, 3.96650028229, 159.904312134, 23.881029129, 22.3763980865, 30.2021121979, 102.23815918, 279.066131592, 163.225494385, 930.88293457, 1731.16723633, 3324.56542969, 1765.85095215, 5670.27392578, 5179.15673828, 2741.18066406, 3506.30078125, 1301.44909668, 1894.72058105, 1443.12072754, 664.579772949, 344.488098145, 655.580749512, 943.763061523, 459.981231689, 114.127700806, 92.5439529419, 155.563537598, 21.0898075104, 9.88066673279, 4.72842931747, 2.86935830116, 0.926854014397, 0.203187346458, 0.0358242280781, 0.00776824820787, 0.000338108337019, 6.8042845669e-06, 3.03058520501e-08, 2.98807090182e-10], "mean": [0.0428396500647, 1.7105230093, 10.2652244568, 4.76343107224, 3.32124638557, 4.8958568573, 9.08046245575, 13.9834718704, 11.0680990219, 18.5936965942, 30.3878993988, 37.2581748962, 22.747713089, 54.9539489746, 37.7761535645, 24.7739963531, 29.7474689484, 19.1568374634, 25.2457885742, 25.1182518005, 20.9980392456, 17.0212135315, 22.7637329102, 26.1893806458, 21.0156593323, 11.8323383331, 7.67005491257, 6.19480800629, 3.2425057888, 2.36207270622, 1.66395246983, 1.21912169456, 0.658895790577, 0.265621691942, 0.0994780883193, 0.0396399386227, 0.00816207192838, 0.00139011116698, 9.86143641057e-05, 3.55584779754e-05]}, "zerocrossingrate": {"min": 0.00341796875, "max": 0.513671875, "dvar2": 0.000152892651386, "median": 0.0390625, "dmean2": 0.00927186943591, "dmean": 0.00796780269593, "var": 0.00140572118107, "dvar": 9.97477036435e-05, "mean": 0.047223392874}, "spectral_contrast_coeffs": {"min": [-0.962368309498, -0.961855888367, -0.978082180023, -0.965844929218, -0.95966988802, -0.95847094059], "max": [-0.319614261389, -0.405848890543, -0.293125808239, -0.482867836952, -0.474101662636, -0.581041097641], "dvar2": [0.00454170443118, 0.00438401522115, 0.00320245348848, 0.00196765433066, 0.00134451990016, 0.00104239711072], "median": [-0.596154689789, -0.73525339365, -0.762186527252, -0.775935053825, -0.772167801857, -0.736700952053], "dmean2": [0.0852362364531, 0.0817328393459, 0.0699697956443, 0.0543400496244, 0.0419335998595, 0.0356185473502], "dmean": [0.0517001338303, 0.0497762002051, 0.0445497110486, 0.0347191803157, 0.0278810616583, 0.0227168090641], "var": [0.00810556299984, 0.00635780021548, 0.00809469819069, 0.00523048825562, 0.00474421633407, 0.00417277542874], "dvar": [0.00176700134762, 0.00170726201031, 0.00138595805038, 0.000885147426743, 0.000657574273646, 0.000460435054265], "mean": [-0.604335963726, -0.731214165688, -0.750196874142, -0.767088651657, -0.763749659061, -0.747408509254]}, "dissonance": {"min": 0.225196883082, "max": 0.500000059605, "dvar2": 0.00125809700694, "median": 0.467030495405, "dmean2": 0.0378582067788, "dmean": 0.0223389212042, "var": 0.00105273514055, "dvar": 0.000457781221485, "mean": 0.459081500769}, "spectral_energyband_high": {"min": 7.7437789358e-21, "max": 0.00926322676241, "dvar2": 6.27778774742e-07, "median": 0.000115137867397, "dmean2": 0.000343369931215, "dmean": 0.000233177634072, "var": 6.60328396407e-07, "dvar": 2.60420875975e-07, "mean": 0.000495070184115}, "gfcc": {"mean": [-68.1279830933, 135.699630737, -142.199020386, 33.729095459, -47.8413276672, 3.91784024239, -22.4687309265, 7.31885147095, -16.9192619324, -9.06278324127, -6.40798330307, -13.427904129, -6.22886753082], "icov": [[0.000155142741278, -0.000359129888238, 0.000312370364554, -0.000539392000064, 0.000423669291195, -0.000377378077246, 0.000212340935832, -0.000374504481442, 0.000324688298861, -0.000287081376882, 0.000379257864552, -0.000318559905281, 0.000608147878665], [-0.000359129888238, 0.00183553178795, -0.000887438189238, 0.00177817244548, -0.00134842353873, 0.0016384748742, -0.000664230436087, 0.00182234286331, -0.00148511049338, 0.00153271399904, -0.00140678184107, 0.00215268437751, -0.0019395618001], [0.000312370364554, -0.000887438189238, 0.00176366744563, -0.00108258519322, 9.67643572949e-05, -0.00080341193825, 0.000705162819941, -0.000951418129262, 0.000591029587667, -0.000965780578554, 0.00143332523294, -0.00159958330914, 0.00206799199805], [-0.000539392000064, 0.00177817244548, -0.00108258519322, 0.00416798843071, -0.00129949557595, 0.00086694129277, -0.00113018485717, 0.00196061632596, -0.00223479047418, 0.00216500414535, -0.00105191627517, 0.00204839371145, -0.00261404295452], [0.000423669291195, -0.00134842353873, 9.67643572949e-05, -0.00129949557595, 0.00487433560193, -0.00146912049968, -0.000796808337327, -0.00120835972484, 0.000721625925507, -0.00102628581226, 1.88895737665e-05, 0.000603834225331, 8.91052332008e-05], [-0.000377378077246, 0.0016384748742, -0.00080341193825, 0.00086694129277, -0.00146912049968, 0.00599496252835, -0.00186343013775, 0.000516362197232, -0.000580525957048, 0.00016268195759, -0.000597754318733, -0.000787632015999, -0.000467847014079], [0.000212340935832, -0.000664230436087, 0.000705162819941, -0.00113018485717, -0.000796808337327, -0.00186343013775, 0.00470266677439, -0.00103396363556, 8.7309286755e-05, 0.000663355924189, -0.000967873667832, -0.00016817174037, 0.00146633281838], [-0.000374504481442, 0.00182234286331, -0.000951418129262, 0.00196061632596, -0.00120835972484, 0.000516362197232, -0.00103396363556, 0.00867477804422, -0.00250118924305, 0.000335543940309, -0.00134088576306, 0.0033726519905, -0.00184278225061], [0.000324688298861, -0.00148511049338, 0.000591029587667, -0.00223479047418, 0.000721625925507, -0.000580525957048, 8.7309286755e-05, -0.00250118924305, 0.00841292086989, -0.00329005927779, 0.00207099062391, -0.000216260610614, 0.000369121116819], [-0.000287081376882, 0.00153271399904, -0.000965780578554, 0.00216500414535, -0.00102628581226, 0.00016268195759, 0.000663355924189, 0.000335543940309, -0.00329005927779, 0.0117629114538, -0.000366905907867, -0.000866416899953, -0.000165991805261], [0.000379257864552, -0.00140678184107, 0.00143332523294, -0.00105191627517, 1.88895737665e-05, -0.000597754318733, -0.000967873667832, -0.00134088576306, 0.00207099062391, -0.000366905907867, 0.0113702062517, -0.00187524757348, 0.000857661885675], [-0.000318559905281, 0.00215268437751, -0.00159958330914, 0.00204839371145, 0.000603834225331, -0.000787632015999, -0.00016817174037, 0.0033726519905, -0.000216260610614, -0.000866416899953, -0.00187524757348, 0.0143386078998, -0.00598824396729], [0.000608147878665, -0.0019395618001, 0.00206799199805, -0.00261404295452, 8.91052332008e-05, -0.000467847014079, 0.00146633281838, -0.00184278225061, 0.000369121116819, -0.000165991805261, 0.000857661885675, -0.00598824396729, 0.0148442890495]], "cov": [[25520.4492188, -972.193359375, -2362.04003906, 1725.33093262, -1840.78881836, 594.663696289, -551.92565918, 72.8480529785, -162.109313965, 38.5656166077, -446.811187744, 68.8337478638, -388.272949219], [-972.193359375, 3213.83569336, 148.428192139, -460.355133057, 614.098754883, -614.582336426, 213.357330322, -194.586257935, 141.371948242, -268.6434021, 226.552124023, -366.542266846, 122.244018555], [-2362.04003906, 148.428192139, 1173.1295166, -89.7064590454, 208.842758179, 19.6307430267, -30.3664608002, 18.3003025055, 43.0297813416, 67.4533615112, -55.2552757263, 37.0966644287, -40.5873222351], [1725.33093262, -460.355133057, -89.7064590454, 608.44934082, -70.6867446899, 135.256027222, 57.1091995239, 14.4274368286, 42.4642829895, -17.5766677856, -39.3007583618, 10.5088500977, -5.09631443024], [-1840.78881836, 614.098754883, 208.842758179, -70.6867446899, 524.121582031, -49.681854248, 198.976669312, 7.57870483398, 52.492477417, -48.7746238708, 88.5440063477, -95.6778869629, 45.1210403442], [594.663696289, -614.582336426, 19.6307430267, 135.256027222, -49.681854248, 358.725494385, 60.5535850525, 52.9908981323, -18.6651935577, 56.3823471069, -34.0332946777, 82.4187011719, -35.070690155], [-551.92565918, 213.357330322, -30.3664608002, 57.1091995239, 198.976669312, 60.5535850525, 368.575866699, 26.4107952118, 26.3097686768, -53.4524116516, 75.5174636841, -53.5995521545, 5.12319946289], [72.8480529785, -194.586257935, 18.3003025055, 14.4274368286, 7.57870483398, 52.9908981323, 26.4107952118, 166.709243774, 30.5742435455, 27.0652084351, -8.14541339874, -9.73875808716, -12.6225175858], [-162.109313965, 141.371948242, 43.0297813416, 42.4642829895, 52.492477417, -18.6651935577, 26.3097686768, 30.5742435455, 170.891235352, 21.3675765991, -9.88257789612, -28.6717586517, 11.8838281631], [38.5656166077, -268.6434021, 67.4533615112, -17.5766677856, -48.7746238708, 56.3823471069, -53.4524116516, 27.0652084351, 21.3675765991, 135.052978516, -33.5710411072, 46.457321167, -16.804019928], [-446.811187744, 226.552124023, -55.2552757263, -39.3007583618, 88.5440063477, -34.0332946777, 75.5174636841, -8.14541339874, -9.88257789612, -33.5710411072, 133.031555176, -23.0963230133, 21.4755649567], [68.8337478638, -366.542266846, 37.0966644287, 10.5088500977, -95.6778869629, 82.4187011719, -53.5995521545, -9.73875808716, -28.6717586517, 46.457321167, -23.0963230133, 144.371994019, 14.0346240997], [-388.272949219, 122.244018555, -40.5873222351, -5.09631443024, 45.1210403442, -35.070690155, 5.12319946289, -12.6225175858, 11.8838281631, -16.804019928, 21.4755649567, 14.0346240997, 104.490447998]]}, "spectral_flux": {"min": 1.02962402493e-10, "max": 0.377121061087, "dvar2": 0.00290907360613, "median": 0.0711759626865, "dmean2": 0.0429298169911, "dmean": 0.0270842481405, "var": 0.00236710067838, "dvar": 0.00117015535943, "mean": 0.0784455388784}, "silence_rate_30dB": {"min": 0, "max": 1, "dvar2": 0.0273147597909, "median": 1, "dmean2": 0.0207399111241, "dmean": 0.0103685017675, "var": 0.00819761678576, "dvar": 0.0102604795247, "mean": 0.99173438549}, "spectral_energyband_middle_high": {"min": 1.47840409626e-21, "max": 0.0782440304756, "dvar2": 2.26362280955e-05, "median": 0.00340618332848, "dmean2": 0.00314544234425, "dmean": 0.00226665474474, "var": 7.54610227887e-05, "dvar": 1.32566192406e-05, "mean": 0.00626074010506}, "barkbands_spread": {"min": 0.11379610002, "max": 143.472702026, "dvar2": 96.5088424683, "median": 15.9172096252, "dmean2": 7.59868955612, "dmean": 4.88856601715, "var": 221.531890869, "dvar": 39.4706344604, "mean": 18.9232521057}, "spectral_centroid": {"min": 92.4580764771, "max": 11123.7910156, "dvar2": 155828.3125, "median": 1173.93359375, "dmean2": 354.042877197, "dmean": 240.230453491, "var": 581945.25, "dvar": 78286.9296875, "mean": 1300.8104248}, "pitch_salience": {"min": 0.0423068366945, "max": 0.843386113644, "dvar2": 0.0147390887141, "median": 0.500324368477, "dmean2": 0.130668565631, "dmean": 0.0822483673692, "var": 0.0261321365833, "dvar": 0.00673796329647, "mean": 0.477404177189}, "erbbands_skewness": {"min": -2.5307598114, "max": 7.70528173447, "dvar2": 0.283355623484, "median": 0.200721621513, "dmean2": 0.575123488903, "dmean": 0.370959788561, "var": 0.64870339632, "dvar": 0.123728595674, "mean": 0.280329108238}, "erbbands_crest": {"min": 2.63778162003, "max": 28.6219520569, "dvar2": 15.4643287659, "median": 7.73000335693, "dmean2": 4.20876121521, "dmean": 2.56365466118, "var": 19.3374023438, "dvar": 6.20663928986, "mean": 8.98479557037}, "melbands": {"min": [7.4223039048e-24, 1.38133062824e-23, 1.49372674115e-23, 8.9528620883e-24, 1.51584135223e-23, 1.02269458143e-23, 1.14147100135e-23, 1.08033514894e-23, 8.46537523673e-24, 3.468985854e-24, 7.30043041697e-24, 5.82683114627e-24, 5.73574926615e-24, 9.2120667934e-24, 5.16262722459e-24, 7.02086284533e-24, 3.48670012005e-24, 3.12094850844e-24, 1.20812107037e-23, 1.48151296553e-23, 1.60946289114e-23, 8.8012737879e-24, 9.94546525496e-24, 7.65702631171e-24, 6.72915628207e-24, 1.75506610386e-23, 1.35813401555e-23, 1.45297844664e-23, 8.63528719825e-24, 1.66543557004e-23, 1.28913353546e-23, 9.65856285462e-24, 7.08615528473e-24, 9.75327822807e-24, 1.17009765919e-23, 1.02061861507e-23, 1.20288161401e-23, 1.03430337963e-23, 1.16003297733e-23, 1.16733948592e-23], "max": [0.0187033768743, 0.0791054368019, 0.00973121169955, 0.00530607625842, 0.00676109874621, 0.00925792939961, 0.00417623249814, 0.0054706488736, 0.0104052424431, 0.0100996075198, 0.00550050893798, 0.00700314762071, 0.0104636102915, 0.00477124750614, 0.00658816099167, 0.00361841451377, 0.00169227540027, 0.00243463017978, 0.00269212690182, 0.00072936329525, 0.00105690222699, 0.000356423028279, 0.000422075478127, 0.00062687805621, 0.0010223928839, 0.000753854925279, 0.000411164510297, 0.000173897322384, 0.000181315219379, 0.000214808242163, 0.000224551840802, 4.21743861807e-05, 2.92739714496e-05, 3.83230217267e-05, 2.14405899897e-05, 1.81733921636e-05, 1.98933885258e-05, 1.58791117428e-05, 9.43605482462e-06, 7.71725262894e-06], "dvar2": [3.01216346088e-06, 5.24635361216e-05, 1.5512224536e-06, 2.30817406077e-07, 2.53420040508e-07, 2.41607381213e-07, 1.5542811127e-07, 2.43612902295e-07, 2.78312967339e-07, 3.14395947498e-07, 1.03600683588e-07, 1.79004899792e-07, 1.49805003957e-07, 3.6508694734e-08, 1.23756365156e-07, 4.40875069785e-08, 1.33863240492e-08, 1.63978732814e-08, 1.78760313219e-08, 2.63267074807e-09, 2.33049468612e-09, 1.31208510723e-09, 8.23943691053e-10, 1.62844016049e-09, 1.76768988336e-09, 1.55658241852e-09, 6.68506083823e-10, 1.05009188844e-10, 9.84426082318e-11, 1.57349508423e-10, 1.9010340524e-10, 1.94409523202e-11, 7.40785124215e-12, 1.03183529429e-11, 5.79077584495e-12, 3.80172542752e-12, 3.07204739078e-12, 1.58267181912e-12, 6.49963102003e-13, 3.66024295291e-13], "median": [0.000124434969621, 0.00145496998448, 0.000462805299321, 0.000124412545119, 0.000142238743138, 0.00010042428039, 7.38274102332e-05, 6.33188828942e-05, 8.92941461643e-05, 8.71099036885e-05, 3.67317697965e-05, 5.23205380887e-05, 3.41271734214e-05, 1.7902613763e-05, 1.34772690217e-05, 1.48066792462e-05, 1.02968242572e-05, 1.04821110654e-05, 1.44907935464e-05, 8.53579331306e-06, 7.47298963688e-06, 6.68027723805e-06, 7.12255769031e-06, 7.16768545317e-06, 6.30915292277e-06, 4.92324579682e-06, 3.58789679922e-06, 2.39346491071e-06, 1.4153210941e-06, 6.5594423404e-07, 3.82782218367e-07, 2.10225039154e-07, 1.50464344983e-07, 1.09560652106e-07, 9.35509092415e-08, 6.69015847166e-08, 5.1442004434e-08, 3.36354482044e-08, 1.46455469974e-08, 7.34013649861e-09], "dmean2": [0.000741506170016, 0.00361778377555, 0.000727662118152, 0.000299025356071, 0.000315180746838, 0.000276269129245, 0.000203379313461, 0.000215657986701, 0.000244966446189, 0.000235129977227, 0.000118853851745, 0.000174946995685, 0.000138142131618, 6.54614923405e-05, 9.96027083602e-05, 7.26619473426e-05, 3.64093793905e-05, 4.13608504459e-05, 4.61384624941e-05, 2.6580388294e-05, 2.11034148379e-05, 1.80921451829e-05, 1.49817469719e-05, 1.69446029759e-05, 1.68757287611e-05, 1.47567507156e-05, 1.08760286821e-05, 5.0142971304e-06, 4.44136549049e-06, 4.1313287511e-06, 3.66688732356e-06, 1.92859579329e-06, 1.19485719097e-06, 1.30992498271e-06, 9.95252889879e-07, 8.35219225337e-07, 6.86276223405e-07, 4.78935930914e-07, 2.73861445521e-07, 2.02792890036e-07], "dmean": [0.000485013588332, 0.00244942540303, 0.000489169207867, 0.000182580915862, 0.000193676532945, 0.000175662557012, 0.000126278871903, 0.000134535861434, 0.000161992997164, 0.000149895015056, 7.62059935369e-05, 0.0001122177855, 9.50219109654e-05, 4.25933394581e-05, 6.23804007773e-05, 4.53411375929e-05, 2.24575051107e-05, 2.66300594376e-05, 3.01459131151e-05, 1.70439125213e-05, 1.3601838873e-05, 1.15025859486e-05, 9.64129867498e-06, 1.13036012408e-05, 1.12654879558e-05, 9.63716593105e-06, 7.17004104445e-06, 3.38015752277e-06, 2.91952233056e-06, 2.54839756053e-06, 2.31542912843e-06, 1.21382379348e-06, 7.64934156905e-07, 8.35514470054e-07, 6.21375590981e-07, 5.23942958353e-07, 4.20676116164e-07, 3.05381519183e-07, 1.67760333625e-07, 1.26109256371e-07], "var": [2.97414362649e-06, 4.84594020236e-05, 1.37177835313e-06, 1.78374492066e-07, 1.91507538716e-07, 3.37688646823e-07, 1.03564573806e-07, 1.58780864012e-07, 3.12605209274e-07, 2.14202216853e-07, 7.47056603245e-08, 3.56709080052e-07, 2.55751245959e-07, 3.33504104333e-08, 7.06516374294e-08, 2.13424655726e-08, 7.20308701574e-09, 1.03026751574e-08, 1.7338210867e-08, 2.14553952382e-09, 1.61944846422e-09, 8.66352933837e-10, 6.77156775097e-10, 1.6456248586e-09, 2.86739676447e-09, 1.54304480304e-09, 9.85400872011e-10, 1.13824789871e-10, 8.93600332619e-11, 7.17820178298e-11, 8.19471851488e-11, 1.51191611314e-11, 5.8470663207e-12, 8.74059245121e-12, 3.91685468781e-12, 4.15308933077e-12, 2.0442206955e-12, 1.63911668526e-12, 4.39040378488e-13, 2.75712151677e-13], "dvar": [1.30237879148e-06, 2.56114071817e-05, 7.21669778159e-07, 9.19364993024e-08, 9.87951267462e-08, 1.14762706005e-07, 6.16219182348e-08, 9.6550458295e-08, 1.37301086056e-07, 1.33456339313e-07, 4.69999257291e-08, 8.54834709685e-08, 8.06774949069e-08, 1.79374985976e-08, 4.97923196008e-08, 1.80667729666e-08, 5.21451237745e-09, 6.8309149448e-09, 8.68118021913e-09, 1.20504095591e-09, 9.85744486037e-10, 5.36971966891e-10, 3.58396756717e-10, 7.76699260463e-10, 8.56659909676e-10, 6.69097000028e-10, 3.04247987915e-10, 4.83177976796e-11, 4.28637195182e-11, 5.81081086026e-11, 7.55572895916e-11, 7.85745600529e-12, 3.05481616565e-12, 4.18185364809e-12, 2.23328126825e-12, 1.52837139646e-12, 1.16517017389e-12, 6.42111743551e-13, 2.45551815643e-13, 1.4459932546e-13], "mean": [0.000904945423827, 0.00436103250831, 0.000880817009602, 0.000283804256469, 0.000312509306241, 0.000295554869808, 0.000191340222955, 0.000210594283999, 0.000269940879662, 0.000227998476475, 0.000108165579149, 0.000214114625123, 0.000167360689375, 6.36867480353e-05, 8.06262905826e-05, 5.89910487179e-05, 3.23611493513e-05, 3.89125489164e-05, 4.50249135611e-05, 2.68337826128e-05, 2.29484048759e-05, 1.78259269887e-05, 1.65354340425e-05, 1.94620879483e-05, 2.1941268642e-05, 1.77646525117e-05, 1.40343518069e-05, 6.26458086117e-06, 5.24965571458e-06, 3.98637121179e-06, 3.25573341797e-06, 1.89306626908e-06, 1.20437584883e-06, 1.35354900976e-06, 9.63575644164e-07, 9.29580949105e-07, 6.57209795918e-07, 5.32525575636e-07, 2.71791634532e-07, 2.01519341658e-07]}, "spectral_entropy": {"min": 3.32404470444, "max": 9.78765010834, "dvar2": 0.0854843556881, "median": 7.25555229187, "dmean2": 0.27278020978, "dmean": 0.180792659521, "var": 0.360746949911, "dvar": 0.0397659614682, "mean": 7.2115020752}, "spectral_rolloff": {"min": 21.533203125, "max": 19056.8847656, "dvar2": 2373318.5, "median": 947.4609375, "dmean2": 739.071411133, "dmean": 453.555023193, "var": 2349159, "dvar": 839954.8125, "mean": 1356.70324707}, "barkbands": {"min": [1.47778240287e-24, 3.59611899302e-23, 1.68854966788e-23, 4.22212429753e-23, 6.88079191414e-23, 4.30604205845e-23, 4.75797952442e-23, 6.18954087079e-23, 2.50011099228e-23, 5.28270550165e-23, 3.2165266985e-23, 7.29632976022e-23, 7.07627038427e-23, 3.0043003958e-23, 1.3899828862e-22, 2.35161632035e-22, 1.66998508865e-22, 1.61870231405e-22, 3.4642913743e-22, 4.22935316643e-22, 5.80247105841e-22, 4.27533277626e-22, 6.22318256985e-22, 9.61394201037e-22, 1.18046296963e-21, 1.56445905176e-21, 2.31342081128e-21], "max": [0.00100140285213, 0.0889060646296, 0.154400378466, 0.0183893050998, 0.0352904461324, 0.0396733693779, 0.0327324531972, 0.037098839879, 0.0526134073734, 0.0351740941405, 0.0688561871648, 0.0438745133579, 0.0423935130239, 0.0283016338944, 0.0246842969209, 0.0127371605486, 0.00675038248301, 0.0123961847275, 0.016254644841, 0.00612004147843, 0.00552400341257, 0.0014608874917, 0.00141675793566, 0.000919438025448, 0.000447770784376, 0.000358839839464, 2.09415520658e-05], "dvar2": [2.03040784186e-09, 9.44554558373e-05, 0.000260969973169, 2.38415100284e-06, 4.79769050798e-06, 6.33797117189e-06, 7.7912782217e-06, 5.3727244449e-06, 1.27388702822e-05, 4.66522124043e-06, 1.28058782138e-05, 3.87417912862e-06, 5.3598064369e-06, 2.03458102987e-06, 2.03237959795e-06, 5.66986841477e-07, 2.58200458347e-07, 5.85591976687e-07, 9.12707946554e-07, 2.16803272224e-07, 2.04708769047e-07, 2.29244321304e-08, 1.80838863884e-08, 1.23354624293e-08, 2.18538587227e-09, 3.54187013052e-10, 2.63291255118e-12], "median": [7.71318809711e-06, 0.000691641354933, 0.00307022314519, 0.000208466692129, 0.000677567673847, 0.000556006096303, 0.000371475704014, 0.000260540400632, 0.000613763346337, 0.000214802741539, 0.000263412017375, 0.000163627846632, 0.000169151535374, 0.000104429040221, 0.000174238550244, 0.000109834654722, 0.000111102694063, 0.000156185560627, 0.00014203194587, 9.51637921389e-05, 3.38264617312e-05, 9.32181137614e-06, 5.83978771829e-06, 3.50063328369e-06, 7.13697772881e-07, 9.10041393354e-08, 2.1214985324e-09], "dmean2": [1.93001906155e-05, 0.00435799639672, 0.00767729012296, 0.000762096839026, 0.00142939342186, 0.00147489400115, 0.00123368098866, 0.00100088887848, 0.00160527531989, 0.000849967706017, 0.00132434046827, 0.00066523172427, 0.000851117889397, 0.000426856800914, 0.000542475550901, 0.000360385427484, 0.000267595954938, 0.0003470290103, 0.000382083409932, 0.000218535715248, 0.000162620242918, 7.09193700459e-05, 5.72235912841e-05, 4.42065211246e-05, 1.63519616763e-05, 5.2841046454e-06, 4.33685670487e-07], "dmean": [1.32129353005e-05, 0.0028855658602, 0.00523682869971, 0.0004575024941, 0.000889477087185, 0.000925491738599, 0.000759074697271, 0.000649277935736, 0.00103078968823, 0.000533556507435, 0.000894187192898, 0.000425195961725, 0.000528751930688, 0.000265020848019, 0.000356668257155, 0.000230601071962, 0.000170532774064, 0.000228903547395, 0.000250483950367, 0.000147302867845, 0.000103669051896, 4.55671070085e-05, 3.65378509741e-05, 2.76054361166e-05, 1.02684971353e-05, 3.63519120583e-06, 2.99649855151e-07], "var": [2.07466688273e-09, 9.75934817689e-05, 0.00023640874133, 1.19139565413e-06, 4.08956930187e-06, 6.92622415954e-06, 4.10641450799e-06, 5.24933830093e-06, 1.13583628263e-05, 3.95380948248e-06, 2.82001456071e-05, 2.70955547421e-06, 2.83063695861e-06, 9.6180735909e-07, 1.89326920008e-06, 4.31369755916e-07, 1.82753538525e-07, 5.16777618031e-07, 1.19133687804e-06, 3.33210039116e-07, 1.17188157844e-07, 2.11935571315e-08, 1.69395359961e-08, 1.11805924519e-08, 1.9407806473e-09, 4.54947607365e-10, 3.86649696635e-12], "dvar": [9.51853817988e-10, 4.27250415669e-05, 0.000126718718093, 9.1721796025e-07, 1.9588867417e-06, 2.71355315817e-06, 2.92061213258e-06, 2.58278009824e-06, 5.76062939217e-06, 2.13689691009e-06, 7.07039907866e-06, 1.72874717919e-06, 2.24536324822e-06, 7.86826262811e-07, 9.82982214737e-07, 2.45429674806e-07, 1.07014813011e-07, 2.57339479504e-07, 4.01170979103e-07, 1.00174958106e-07, 7.97369423822e-08, 9.56729184765e-09, 7.19252568615e-09, 4.82883111275e-09, 9.03961017151e-10, 1.92606597338e-10, 1.35826159348e-12], "mean": [2.22129419853e-05, 0.00539224082604, 0.00898639857769, 0.000590039300732, 0.00145632587373, 0.00150028325152, 0.00107208022382, 0.00098925200291, 0.0016896504676, 0.000749389291741, 0.00162828934845, 0.000600712490268, 0.000697981042322, 0.000376155541744, 0.000534332823008, 0.00037855427945, 0.000273962679785, 0.000399011594709, 0.00049411947839, 0.000304100773064, 0.000173823777004, 7.66052107792e-05, 6.51315785944e-05, 4.78872752865e-05, 1.74970282387e-05, 6.2573571995e-06, 5.36993979949e-07]}, "melbands_flatness_db": {"min": 0.00564919598401, "max": 0.856088340282, "dvar2": 0.00276240915991, "median": 0.238253891468, "dmean2": 0.0493249073625, "dmean": 0.0333462096751, "var": 0.0117197781801, "dvar": 0.00136810983531, "mean": 0.250312507153}, "melbands_skewness": {"min": -0.89374268055, "max": 17.1080989838, "dvar2": 2.07105469704, "median": 2.07712316513, "dmean2": 1.26466023922, "dmean": 0.842858672142, "var": 3.66065835953, "dvar": 1.01251113415, "mean": 2.53355002403}, "barkbands_skewness": {"min": -2.07552576065, "max": 11.671710968, "dvar2": 1.06777560711, "median": 1.25443553925, "dmean2": 0.926604390144, "dmean": 0.620865166187, "var": 2.20380067825, "dvar": 0.511825025082, "mean": 1.56415975094}, "silence_rate_60dB": {"min": 0, "max": 1, "dvar2": 0.0637374669313, "median": 0, "dmean2": 0.059417039156, "dmean": 0.0297043584287, "var": 0.0889058336616, "dvar": 0.0288240797818, "mean": 0.0986270681024}, "spectral_energyband_low": {"min": 7.61781582264e-23, "max": 0.243390798569, "dvar2": 0.000531393336132, "median": 0.00524476030841, "dmean2": 0.0117310080677, "dmean": 0.00795042980462, "var": 0.000490886974148, "dvar": 0.000257247156696, "mean": 0.0146610094234}, "spectral_energyband_middle_low": {"min": 3.08251475548e-22, "max": 0.0567678809166, "dvar2": 3.32125964633e-05, "median": 0.00544765777886, "dmean2": 0.00449280068278, "dmean": 0.0030025949236, "var": 5.17837615917e-05, "dvar": 1.54831996042e-05, "mean": 0.00744040776044}, "melbands_kurtosis": {"min": -1.69942605495, "max": 483.898223877, "dvar2": 724.043579102, "median": 5.65460205078, "dmean2": 12.8306465149, "dmean": 8.26309967041, "var": 720.847045898, "dvar": 318.236175537, "mean": 14.0936841965}, "spectral_decrease": {"min": -6.76243203657e-08, "max": 1.59051780936e-29, "dvar2": 3.29198097636e-17, "median": -5.66828450843e-09, "dmean2": 3.64982777334e-09, "dmean": 2.60224819471e-09, "var": 4.22574149473e-17, "dvar": 1.66695587711e-17, "mean": -7.12567782557e-09}, "erbbands_kurtosis": {"min": -1.85712683201, "max": 116.774688721, "dvar2": 9.19637012482, "median": -0.229337096214, "dmean2": 1.45830202103, "dmean": 0.922456145287, "var": 17.117811203, "dvar": 4.60958719254, "mean": 0.518537938595}, "melbands_crest": {"min": 1.73106026649, "max": 37.554775238, "dvar2": 27.6745109558, "median": 15.4997062683, "dmean2": 5.71986961365, "dmean": 3.62921977043, "var": 55.703125, "dvar": 13.086979866, "mean": 16.7825965881}, "melbands_spread": {"min": 0.208527803421, "max": 172.165237427, "dvar2": 171.254150391, "median": 17.5467395782, "dmean2": 10.1554298401, "dmean": 6.64139223099, "var": 294.826751709, "dvar": 72.8603820801, "mean": 21.5670795441}, "spectral_energy": {"min": 1.06012565904e-20, "max": 0.25851136446, "dvar2": 0.000477786787087, "median": 0.0230378732085, "dmean2": 0.0141723575071, "dmean": 0.0101586384699, "var": 0.000642970378976, "dvar": 0.00024343370751, "mean": 0.0285228043795}, "mfcc": {"mean": [-687.502502441, 149.508087158, -20.7696456909, 29.9610328674, -0.349350392818, 0.598459839821, 5.3815741539, 8.23537445068, -1.0101698637, 8.116563797, -3.21684336662, -0.386586099863, -2.06643939018], "icov": [[0.000120858640003, 4.64841614303e-05, 7.47995945858e-05, -0.000169173814356, 0.000196568958927, -0.000174477594555, 0.000283220317215, -0.000213599298149, 0.000196160443011, -0.000180129878572, 0.000137062874273, -0.000225121897529, 0.000204621173907], [4.64841614303e-05, 0.00047063245438, -4.50806197705e-07, -0.000261777779087, -0.000151841217303, 0.000302389002172, -0.000171422056155, 0.000339296006132, -6.87669598847e-05, -1.15934290079e-05, -0.000458568421891, 0.000297038932331, 7.67392193666e-05], [7.47995945858e-05, -4.50806197705e-07, 0.00163207843434, 0.000124072132166, -0.000652672257274, -0.000282696972135, 0.000407757004723, -0.00017050349561, -0.00049788155593, 0.00110934476834, -0.000646524014883, -0.000267072115093, 5.52819547011e-05], [-0.000169173814356, -0.000261777779087, 0.000124072132166, 0.00320341438055, -0.00105309649371, 0.000115909402666, -0.000825052149594, -0.000592775177211, -0.000541672634427, -0.00056521379156, 0.00123615330085, -9.25139102037e-05, -0.00035914030741], [0.000196568958927, -0.000151841217303, -0.000652672257274, -0.00105309649371, 0.00532801030204, -0.000640894519165, 0.000473368854728, 0.000107666535769, -3.14953358611e-05, -0.0014856941998, 0.000662295147777, -5.33854836249e-05, -0.000438067101641], [-0.000174477594555, 0.000302389002172, -0.000282696972135, 0.000115909402666, -0.000640894519165, 0.00541308149695, -0.00185438944027, -0.000199672154849, -0.00228521460667, 0.00228505954146, -0.00202810950577, 0.00050967046991, 0.000144107369124], [0.000283220317215, -0.000171422056155, 0.000407757004723, -0.000825052149594, 0.000473368854728, -0.00185438944027, 0.00582769466564, -0.00319950794801, 0.00239275326021, -0.00151727802586, 0.000144499528687, -0.0013088848209, 0.00110347312875], [-0.000213599298149, 0.000339296006132, -0.00017050349561, -0.000592775177211, 0.000107666535769, -0.000199672154849, -0.00319950794801, 0.00953577645123, -0.00233629299328, -0.000443360331701, -0.00200425670482, 0.00274923187681, -0.00224514189176], [0.000196160443011, -6.87669598847e-05, -0.00049788155593, -0.000541672634427, -3.14953358611e-05, -0.00228521460667, 0.00239275326021, -0.00233629299328, 0.00961070880294, -0.0034107491374, 0.000985640450381, -0.00301617360674, -1.94686344912e-05], [-0.000180129878572, -1.15934290079e-05, 0.00110934476834, -0.00056521379156, -0.0014856941998, 0.00228505954146, -0.00151727802586, -0.000443360331701, -0.0034107491374, 0.0105792470276, -0.00361070036888, 0.000989777734503, 3.84850682167e-05], [0.000137062874273, -0.000458568421891, -0.000646524014883, 0.00123615330085, 0.000662295147777, -0.00202810950577, 0.000144499528687, -0.00200425670482, 0.000985640450381, -0.00361070036888, 0.0137796392664, -0.0037552616559, 0.000308612710796], [-0.000225121897529, 0.000297038932331, -0.000267072115093, -9.25139102037e-05, -5.33854836249e-05, 0.00050967046991, -0.0013088848209, 0.00274923187681, -0.00301617360674, 0.000989777734503, -0.0037552616559, 0.0120331132784, -0.00325386272743], [0.000204621173907, 7.67392193666e-05, 5.52819547011e-05, -0.00035914030741, -0.000438067101641, 0.000144107369124, 0.00110347312875, -0.00224514189176, -1.94686344912e-05, 3.84850682167e-05, 0.000308612710796, -0.00325386272743, 0.013110242784]], "cov": [[12726.8857422, -1678.28161621, -805.094421387, 436.515960693, -446.656677246, 204.589172363, -238.317199707, 205.357803345, -45.4568328857, 129.454360962, -109.743919373, 95.6171188354, -109.541114807], [-1678.28161621, 2735.73852539, 27.7914485931, 191.872314453, 165.546798706, -172.134277344, 90.8915939331, -72.9335174561, -13.3945627213, 70.7170944214, 50.6028900146, -59.3050918579, -13.5344190598], [-805.094421387, 27.7914485931, 827.100830078, -77.4025039673, 105.803421021, 82.3860855103, -65.1079025269, -15.4283857346, 64.6234207153, -85.5847930908, 42.9299201965, 37.7418670654, 20.9665851593], [436.515960693, 191.872314453, -77.4025039673, 443.943878174, 82.8362808228, 11.6051445007, 88.6164245605, 69.6249465942, 38.1048774719, 69.9350967407, -19.2245979309, -0.250282138586, 11.8982553482], [-446.656677246, 165.546798706, 105.803421021, 82.8362808228, 249.071655273, 16.2135162354, 10.4285106659, 6.63211965561, 36.0379524231, 32.1554031372, 5.07217121124, 3.10388231277, 16.8377323151], [204.589172363, -172.134277344, 82.3860855103, 11.6051445007, 16.2135162354, 281.043212891, 76.7340621948, 60.6678123474, 58.1639175415, -19.1363487244, 40.5397262573, 22.5200824738, 3.94582152367], [-238.317199707, 90.8915939331, -65.1079025269, 88.6164245605, 10.4285106659, 76.7340621948, 299.326293945, 102.77671051, -10.5067062378, 46.5997505188, 30.175868988, 0.568235516548, -2.92035937309], [205.357803345, -72.9335174561, -15.4283857346, 69.6249465942, 6.63211965561, 60.6678123474, 102.77671051, 175.1665802, 40.0764846802, 41.4761543274, 27.6998901367, -5.38874912262, 18.0439586639], [-45.4568328857, -13.3945627213, 64.6234207153, 38.1048774719, 36.0379524231, 58.1639175415, -10.5067062378, 40.0764846802, 161.538116455, 43.1306381226, 21.9245223999, 37.46434021, 18.7670764923], [129.454360962, 70.7170944214, -85.5847930908, 69.9350967407, 32.1554031372, -19.1363487244, 46.5997505188, 41.4761543274, 43.1306381226, 150.063858032, 29.3729763031, 4.68489599228, 4.40249109268], [-109.743919373, 50.6028900146, 42.9299201965, -19.2245979309, 5.07217121124, 40.5397262573, 30.175868988, 27.6998901367, 21.9245223999, 29.3729763031, 102.634170532, 29.9245758057, 7.59403133392], [95.6171188354, -59.3050918579, 37.7418670654, -0.250282138586, 3.10388231277, 22.5200824738, 0.568235516548, -5.38874912262, 37.46434021, 4.68489599228, 29.9245758057, 112.612281799, 24.8612594604], [-109.541114807, -13.5344190598, 20.9665851593, 11.8982553482, 16.8377323151, 3.94582152367, -2.92035937309, 18.0439586639, 18.7670764923, 4.40249109268, 7.59403133392, 24.8612594604, 88.1643295288]]}, "spectral_contrast_valleys": {"min": [-27.1790142059, -27.4366855621, -26.9526500702, -27.2010917664, -27.2832679749, -27.2823047638], "max": [-5.90250873566, -4.88119411469, -5.16480875015, -6.0155878067, -5.49417161942, -8.35721302032], "dvar2": [0.378886550665, 0.287595540285, 0.262090682983, 0.221485987306, 0.218663439155, 0.652045667171], "median": [-7.73146533966, -6.76113414764, -7.3325586319, -7.79356861115, -7.78284597397, -11.4050140381], "dmean2": [0.768459260464, 0.629722714424, 0.574535965919, 0.495683550835, 0.452857643366, 0.690169632435], "dmean": [0.464381486177, 0.387125611305, 0.361381441355, 0.317349463701, 0.303622692823, 0.48619389534], "var": [2.47317767143, 2.53255748749, 2.13856291771, 2.21201467514, 2.53904223442, 3.00105047226], "dvar": [0.158197924495, 0.127702102065, 0.121335104108, 0.108248196542, 0.110924273729, 0.317699849606], "mean": [-7.94830846786, -7.03395032883, -7.55326032639, -8.04095840454, -8.12526798248, -11.5888061523]}, "barkbands_flatness_db": {"min": 0.0278246682137, "max": 0.699838757515, "dvar2": 0.00182721798774, "median": 0.187917411327, "dmean2": 0.0400437451899, "dmean": 0.0267498027533, "var": 0.00721423793584, "dvar": 0.000884155393578, "mean": 0.192499920726}, "dynamic_complexity": 3.30496644974, "spectral_skewness": {"min": -0.0169622432441, "max": 15.4231939316, "dvar2": 0.57666772604, "median": 1.38143241405, "dmean2": 0.631536483765, "dmean": 0.373778134584, "var": 1.46773374081, "dvar": 0.216233745217, "mean": 1.7032096386}, "erbbands_flatness_db": {"min": 0.0467550568283, "max": 0.488022536039, "dvar2": 0.000925321772229, "me