{"lowlevel": {"spectral_complexity": {"min": 0, "max": 66, "dvar2": 59.2609901428, "median": 18, "dmean2": 6.29123258591, "dmean": 4.33508586884, "var": 149.405197144, "dvar": 34.2752799988, "mean": 19.3547668457}, "silence_rate_20dB": {"min": 1, "max": 1, "dvar2": 0, "median": 1, "dmean2": 0, "dmean": 0, "var": 0, "dvar": 0, "mean": 1}, "average_loudness": 0.957395613194, "erbbands_spread": {"min": 1.98733043671, "max": 155.424377441, "dvar2": 255.321014404, "median": 30.504327774, "dmean2": 13.3455896378, "dmean": 9.07450389862, "var": 441.746490479, "dvar": 118.832244873, "mean": 35.2692871094}, "spectral_kurtosis": {"min": -1.24947023392, "max": 125.208129883, "dvar2": 22.1560287476, "median": 4.71530008316, "dmean2": 3.3367061615, "dmean": 2.11334848404, "var": 54.5255584717, "dvar": 8.73987579346, "mean": 6.05822944641}, "barkbands_kurtosis": {"min": -1.93169343472, "max": 813.285461426, "dvar2": 1202.6529541, "median": 1.95225429535, "dmean2": 8.38879203796, "dmean": 5.33451461792, "var": 575.552856445, "dvar": 481.216033936, "mean": 6.79804849625}, "spectral_strongpeak": {"min": 0, "max": 13.2497749329, "dvar2": 1.36621570587, "median": 0.47820776701, "dmean2": 0.679785013199, "dmean": 0.401555448771, "var": 0.913461506367, "dvar": 0.52052539587, "mean": 0.785713434219}, "spectral_spread": {"min": 707126.8125, "max": 42309460, "dvar2": 1744230023170.0, "median": 4197462.5, "dmean2": 998407.75, "dmean": 707758.125, "var": 8532457422850.0, "dvar": 900389928960, "mean": 4670018}, "spectral_rms": {"min": 3.14129755194e-12, "max": 0.0126183247194, "dvar2": 2.11940823647e-06, "median": 0.00534759974107, "dmean2": 0.00125422084238, "dmean": 0.000906865287106, "var": 5.97007374381e-06, "dvar": 1.23230290683e-06, "mean": 0.00533837778494}, "erbbands": {"min": [2.1948967953e-22, 4.7522869148e-22, 2.5614988605e-21, 5.13935513684e-21, 1.65451405965e-20, 2.38857239136e-20, 3.87137296469e-20, 8.53568772693e-20, 1.15801460047e-19, 2.35663265378e-19, 4.07329246973e-19, 6.15547745301e-19, 3.92074356267e-19, 8.70658362922e-19, 1.12402450833e-18, 1.62560284354e-18, 1.7305838506e-18, 1.80715513272e-18, 2.82620070195e-18, 3.01664642349e-18, 4.53162957653e-18, 5.6117963484e-18, 4.36337773122e-18, 7.2132862567e-18, 8.15174416834e-18, 7.18106839902e-18, 1.09675910506e-17, 1.15283119724e-17, 1.18248247891e-17, 1.02680758394e-17, 1.18872942962e-17, 1.19526341199e-17, 9.28452004076e-18, 8.77039668437e-18, 6.85702328919e-18, 4.42717486314e-18, 2.4727807542e-18, 1.06234744032e-18, 2.52999523451e-19, 2.95662300584e-20], "max": [5.41737699509, 30.9440956116, 71.6749954224, 80.0861587524, 166.859985352, 151.774780273, 150.291915894, 454.864868164, 455.553253174, 581.750305176, 453.997039795, 901.313537598, 701.3203125, 1033.15002441, 854.491271973, 557.581665039, 482.943695068, 971.491271973, 614.422058105, 723.073059082, 732.71484375, 411.36151123, 262.641357422, 298.624572754, 280.365692139, 483.281494141, 292.946716309, 269.304290771, 316.167907715, 301.672149658, 298.562133789, 333.391998291, 174.924697876, 129.106750488, 54.755607605, 34.4796142578, 13.6571998596, 4.83462285995, 1.12198233604, 0.123335368931], "dvar2": [0.878214597702, 32.7619972229, 123.425209045, 158.490249634, 490.869537354, 405.945861816, 299.481445312, 1426.7635498, 1550.25537109, 1854.82580566, 1758.58410645, 6077.05078125, 5376.86865234, 7094.90869141, 4835.20898438, 1722.9934082, 2495.90283203, 3647.41992188, 1043.74841309, 2894.17651367, 2290.38623047, 981.731628418, 854.50994873, 1225.9498291, 604.946594238, 579.398498535, 426.383911133, 440.316864014, 687.401489258, 448.823638916, 539.372802734, 374.229919434, 86.1944122314, 14.3888788223, 1.68285882473, 0.548738479614, 0.090496212244, 0.00891467556357, 0.000339715625159, 4.72874717161e-06], "median": [0.0426415614784, 0.859300076962, 3.91497063637, 2.73287391663, 4.27417230606, 5.32819223404, 5.08140420914, 7.45318460464, 11.1977472305, 9.95176887512, 13.2471580505, 21.130153656, 23.7673816681, 18.6518154144, 15.7282838821, 13.8769540787, 14.9368143082, 14.6022663116, 9.29346847534, 9.93493461609, 7.50661611557, 6.74516868591, 5.38313674927, 4.2035651207, 3.41116428375, 2.6558740139, 2.28193902969, 1.77889382839, 0.983601987362, 0.550556719303, 0.676474153996, 0.405800282955, 0.228658244014, 0.132796436548, 0.0964457839727, 0.040828961879, 0.00573053676635, 0.000657910597511, 0.000128255778691, 5.52882484044e-05], "dmean2": [0.37147808075, 2.7092628479, 5.94781684875, 6.32326316833, 11.4384832382, 10.8928842545, 9.27330970764, 17.1583461761, 19.5056610107, 19.2813777924, 22.3627243042, 42.2729530334, 40.5120010376, 38.6214790344, 34.6806755066, 23.0959472656, 28.2869415283, 30.4973983765, 16.7383460999, 23.774810791, 20.5626659393, 16.8106060028, 14.8027763367, 15.5594730377, 11.8741407394, 10.4274520874, 9.39331150055, 9.32790184021, 10.3843336105, 8.80080127716, 7.53738546371, 5.49363422394, 2.75266313553, 1.29354166985, 0.497879743576, 0.280234158039, 0.0776571109891, 0.0202790927142, 0.00333891715854, 0.000285447691567], "dmean": [0.247563928366, 1.76517355442, 3.46864581108, 3.70365810394, 6.77703475952, 6.41376638412, 5.59241008759, 10.4840717316, 11.9290504456, 11.6817264557, 14.0302219391, 27.0414962769, 25.7075748444, 24.0929851532, 22.5146179199, 14.7204627991, 17.7562198639, 18.8566150665, 10.5162572861, 14.9627637863, 12.7028236389, 10.6668300629, 9.31911373138, 9.95252513885, 7.90488481522, 7.03188610077, 6.17434644699, 6.03196430206, 6.70342302322, 5.78054714203, 4.75508975983, 3.5992846489, 1.83830559254, 0.844835698605, 0.337189674377, 0.183449357748, 0.0487774200737, 0.0125886872411, 0.00211274065077, 0.000184806776815], "var": [0.576797127724, 24.9955177307, 51.6992263794, 62.5121078491, 208.225021362, 178.082000732, 156.726242065, 840.002197266, 1055.30395508, 1042.45581055, 1459.68920898, 6977.32226562, 5156.39306641, 5263.03613281, 4469.3046875, 1465.45031738, 1763.75195312, 2962.17944336, 766.984436035, 1674.28466797, 1199.61499023, 792.457580566, 580.055969238, 707.288269043, 541.468322754, 451.312011719, 354.707641602, 349.479827881, 509.768127441, 385.197387695, 262.536682129, 268.080627441, 75.6373825073, 12.7690343857, 1.7433975935, 0.3664021492, 0.0413782335818, 0.00502506736666, 0.000190586099052, 1.99004716706e-06], "dvar": [0.414356648922, 16.3108634949, 43.4513473511, 58.354473114, 190.184967041, 156.703277588, 115.951087952, 557.459960938, 614.334350586, 708.813781738, 735.239929199, 2740.59423828, 2206.89331055, 2839.14672852, 1992.84509277, 699.456848145, 978.983703613, 1400.59741211, 422.618164062, 1188.77941895, 889.107788086, 429.01461792, 354.097045898, 515.015075684, 298.591796875, 276.080596924, 196.329650879, 197.485916138, 308.972106934, 214.366943359, 209.035980225, 161.660339355, 36.6942024231, 6.33849573135, 0.831502854824, 0.248355522752, 0.0379494279623, 0.00420267228037, 0.000165467252373, 2.08083292819e-06], "mean": [0.297415465117, 2.5427339077, 6.05045509338, 5.28763437271, 9.38515090942, 9.68747806549, 9.28352069855, 16.4950065613, 21.5292072296, 19.7514419556, 25.8884391785, 51.8237113953, 49.2955284119, 41.3532142639, 39.487159729, 27.6648025513, 30.5973873138, 30.7936611176, 18.2617588043, 23.1252803802, 19.6710147858, 17.162651062, 14.6785860062, 13.9495582581, 11.699889183, 9.81225204468, 8.98647403717, 8.37509632111, 8.70767498016, 7.53004312515, 6.05940103531, 4.85306501389, 2.59948635101, 1.1717736721, 0.499222517014, 0.244508773088, 0.0528093576431, 0.0126765761524, 0.00207161251456, 0.000220789050218]}, "zerocrossingrate": {"min": 0.00244140625, "max": 0.52978515625, "dvar2": 0.000234184160945, "median": 0.044921875, "dmean2": 0.0134578784928, "dmean": 0.0118190227076, "var": 0.00275259581394, "dvar": 0.00021202096832, "mean": 0.0552050061524}, "spectral_contrast_coeffs": {"min": [-0.977776288986, -0.990157067776, -0.992167472839, -0.985143899918, -0.985150277615, -0.965193152428], "max": [-0.377653002739, -0.382571190596, -0.362370491028, -0.467204481363, -0.640511095524, -0.566223502159], "dvar2": [0.0045426171273, 0.00407471833751, 0.00273536215536, 0.00157099531498, 0.000719499483239, 0.000984091311693], "median": [-0.657618224621, -0.746379256248, -0.758205235004, -0.787167310715, -0.818397402763, -0.768291771412], "dmean2": [0.0807364732027, 0.0748693719506, 0.0629771873355, 0.0483500547707, 0.0330901704729, 0.032451685518], "dmean": [0.0492534041405, 0.0461869239807, 0.0395609289408, 0.0303747635335, 0.0203539412469, 0.0204863920808], "var": [0.00767500046641, 0.00631867954507, 0.00728012947366, 0.00425337953493, 0.00148888712283, 0.0017064610729], "dvar": [0.00175509171095, 0.00158604339231, 0.00114354037214, 0.000643253151793, 0.000284688547254, 0.000406007980928], "mean": [-0.658174395561, -0.740269422531, -0.748376727104, -0.781704008579, -0.817832171917, -0.770551085472]}, "dissonance": {"min": 0.214422523975, "max": 0.500000059605, "dvar2": 0.000923961924855, "median": 0.469030469656, "dmean2": 0.0317898206413, "dmean": 0.0192541331053, "var": 0.00137055432424, "dvar": 0.000376779004, "mean": 0.45879560709}, "spectral_energyband_high": {"min": 7.3428233287e-21, "max": 0.0321825258434, "dvar2": 6.48917830404e-06, "median": 0.000218311004573, "dmean2": 0.00109165778849, "dmean": 0.000742891978007, "var": 6.38069514025e-06, "dvar": 3.0580620205e-06, "mean": 0.00111502723303}, "gfcc": {"mean": [-16.6204566956, 100.608360291, -107.377693176, 24.4200592041, -52.1741485596, 17.3764476776, -28.3126888275, 8.88279724121, -18.5155258179, 0.392276108265, -14.7424154282, -2.99676084518, -8.32301712036], "icov": [[7.30162792024e-05, -7.75642110966e-05, 0.000129788226332, -0.000166866899235, 0.000184135249583, -0.000194444262888, 0.000149013474584, -7.6112926763e-05, 3.2331339753e-05, -9.62803169386e-05, 0.000308419199428, -0.000376190087991, 0.000240401597694], [-7.75642110966e-05, 0.00109099724796, 3.86613282899e-06, 0.000635256816167, -0.000832771882415, 0.00091713963775, -0.000648573040962, 0.00059414684074, -0.000252574449405, 0.000814082217403, -0.0012889635982, 0.00230357679538, -0.00135272310581], [0.000129788226332, 3.86613282899e-06, 0.00158115464728, -0.000756957160775, -3.5871838918e-05, -0.000512800936121, 0.000146526173921, 0.000499582383782, -0.000390792265534, -0.000470042985398, 0.00119225017261, -0.00103240984026, 0.000845925242174], [-0.000166866899235, 0.000635256816167, -0.000756957160775, 0.00245317770168, -0.000780695234425, 0.000659290002659, -8.60204163473e-05, 0.000246093346504, -0.000334662385285, 0.00221888441592, -0.00302551570348, 0.0024076863192, -0.001730026328], [0.000184135249583, -0.000832771882415, -3.5871838918e-05, -0.000780695234425, 0.00570424972102, 0.000112392626761, -0.000943729653955, 0.000219396737521, -0.000464948650915, -0.00169775704853, 0.00222461787052, -0.00240133074112, 3.99016098527e-05], [-0.000194444262888, 0.00091713963775, -0.000512800936121, 0.000659290002659, 0.000112392626761, 0.00762806972489, -0.00293283653446, -0.00132896227296, -0.000384067039704, -0.00038224644959, -0.000317184836604, 0.00143023626879, -0.000527478929143], [0.000149013474584, -0.000648573040962, 0.000146526173921, -8.60204163473e-05, -0.000943729653955, -0.00293283653446, 0.00947686098516, -0.0021241530776, -0.00136713020038, 0.00128014397342, 0.000405200931709, -0.00207837694325, 0.00117940106429], [-7.6112926763e-05, 0.00059414684074, 0.000499582383782, 0.000246093346504, 0.000219396737521, -0.00132896227296, -0.0021241530776, 0.0119039909914, -0.00147072726395, -0.00322885229252, 0.000144044635817, 0.000908385205548, -0.0016220061807], [3.2331339753e-05, -0.000252574449405, -0.000390792265534, -0.000334662385285, -0.000464948650915, -0.000384067039704, -0.00136713020038, -0.00147072726395, 0.0121795749292, -0.00198614830151, -0.00174274877645, 0.00102433713619, -0.00122090848163], [-9.62803169386e-05, 0.000814082217403, -0.000470042985398, 0.00221888441592, -0.00169775704853, -0.00038224644959, 0.00128014397342, -0.00322885229252, -0.00198614830151, 0.0169687308371, -0.00632800953463, -0.00191874743905, 0.00244196900167], [0.000308419199428, -0.0012889635982, 0.00119225017261, -0.00302551570348, 0.00222461787052, -0.000317184836604, 0.000405200931709, 0.000144044635817, -0.00174274877645, -0.00632800953463, 0.017307607457, -0.00531673803926, -0.00208375696093], [-0.000376190087991, 0.00230357679538, -0.00103240984026, 0.0024076863192, -0.00240133074112, 0.00143023626879, -0.00207837694325, 0.000908385205548, 0.00102433713619, -0.00191874743905, -0.00531673803926, 0.0212088339031, -0.00721699092537], [0.000240401597694, -0.00135272310581, 0.000845925242174, -0.001730026328, 3.99016098527e-05, -0.000527478929143, 0.00117940106429, -0.0016220061807, -0.00122090848163, 0.00244196900167, -0.00208375696093, -0.00721699092537, 0.0191140919924]], "cov": [[21595.6933594, -389.386993408, -1267.11462402, 408.969329834, -664.119140625, 384.452575684, -226.612716675, 169.723236084, -160.731170654, -1.81930220127, -163.551803589, 100.255096436, -155.705429077], [-389.386993408, 1918.82788086, -267.491119385, -107.712875366, 183.73248291, -224.194458008, 40.0416755676, -106.788108826, 33.5255355835, -101.109008789, 57.7977676392, -135.711105347, 94.7994537354], [-1267.11462402, -267.491119385, 911.286254883, 219.854171753, 59.5582008362, 35.0143432617, 10.2331581116, -32.853012085, 27.3229370117, 2.07680630684, -21.4598522186, 19.6430530548, -19.4454212189], [408.969329834, -107.712875366, 219.854171753, 776.495117188, 15.2147941589, -37.5690765381, -30.7518997192, -34.6367912292, 24.5321445465, -69.6436080933, 79.9013671875, -24.2758293152, 55.6831893921], [-664.119140625, 183.73248291, 59.5582008362, 15.2147941589, 240.078109741, -26.0813961029, 37.4438438416, -10.2290935516, 21.9094753265, 7.28062343597, 2.10402441025, 9.39998149872, 19.9454460144], [384.452575684, -224.194458008, 35.0143432617, -37.5690765381, -26.0813961029, 199.934936523, 52.5678672791, 50.4479980469, 11.1738977432, 27.0865936279, -13.0915966034, 16.5492286682, -16.9679470062], [-226.612716675, 40.0416755676, 10.2331581116, -30.7518997192, 37.4438438416, 52.5678672791, 142.946151733, 31.4061489105, 24.2410697937, 5.12308359146, 0.885741889477, 9.21991348267, 2.13670563698], [169.723236084, -106.788108826, -32.853012085, -34.6367912292, -10.2290935516, 50.4479980469, 31.4061489105, 114.68522644, 19.139837265, 34.8555717468, 4.85834932327, 14.15736866, 0.479188799858], [-160.731170654, 33.5255355835, 27.3229370117, 24.5321445465, 21.9094753265, 11.1738977432, 24.2410697937, 19.139837265, 98.3506317139, 17.8380947113, 23.2379493713, 2.54894256592, 13.2953548431], [-1.81930220127, -101.109008789, 2.07680630684, -69.6436080933, 7.28062343597, 27.0865936279, 5.12308359146, 34.8555717468, 17.8380947113, 95.8055038452, 23.7784786224, 27.9742603302, -8.09994888306], [-163.551803589, 57.7977676392, -21.4598522186, 79.9013671875, 2.10402441025, -13.0915966034, 0.885741889477, 4.85834932327, 23.2379493713, 23.7784786224, 100.196578979, 18.2601413727, 30.5851421356], [100.255096436, -135.711105347, 19.6430530548, -24.2758293152, 9.39998149872, 16.5492286682, 9.21991348267, 14.15736866, 2.54894256592, 27.9742603302, 18.2601413727, 80.034034729, 15.9360227585], [-155.705429077, 94.7994537354, -19.4454212189, 55.6831893921, 19.9454460144, -16.9679470062, 2.13670563698, 0.479188799858, 13.2953548431, -8.09994888306, 30.5851421356, 15.9360227585, 77.5196380615]]}, "spectral_flux": {"min": 6.38075425829e-11, "max": 0.375255227089, "dvar2": 0.00397066120058, "median": 0.0771201103926, "dmean2": 0.0502071343362, "dmean": 0.0321696549654, "var": 0.00399913685396, "dvar": 0.00171218940523, "mean": 0.0900422632694}, "silence_rate_30dB": {"min": 0, "max": 1, "dvar2": 0.114241629839, "median": 1, "dmean2": 0.115684092045, "dmean": 0.0578361973166, "var": 0.0520590953529, "dvar": 0.0544967837632, "mean": 0.944899380207}, "spectral_energyband_middle_high": {"min": 1.12965002797e-21, "max": 0.0466220378876, "dvar2": 2.97136630252e-05, "median": 0.00410459470004, "dmean2": 0.00351679325104, "dmean": 0.00230232975446, "var": 3.4592270822e-05, "dvar": 1.32214508994e-05, "mean": 0.00579995848238}, "barkbands_spread": {"min": 0.310105592012, "max": 133.915115356, "dvar2": 152.637557983, "median": 16.6122779846, "dmean2": 9.5745344162, "dmean": 6.38706541061, "var": 233.313140869, "dvar": 70.6720581055, "mean": 20.0870113373}, "spectral_centroid": {"min": 178.76701355, "max": 11592.2939453, "dvar2": 213718.25, "median": 1028.98425293, "dmean2": 365.49520874, "dmean": 247.355636597, "var": 870954.625, "dvar": 106666.828125, "mean": 1215.83227539}, "pitch_salience": {"min": 0.103675030172, "max": 0.975517749786, "dvar2": 0.0150228729472, "median": 0.573278665543, "dmean2": 0.129081130028, "dmean": 0.0819504931569, "var": 0.0179510843009, "dvar": 0.00701662246138, "mean": 0.555346906185}, "erbbands_skewness": {"min": -3.49076557159, "max": 6.66081857681, "dvar2": 0.349437117577, "median": 0.361712574959, "dmean2": 0.588666021824, "dmean": 0.389018148184, "var": 0.781671583652, "dvar": 0.157368808985, "mean": 0.455125659704}, "erbbands_crest": {"min": 2.00340104103, "max": 29.4735813141, "dvar2": 14.0617761612, "median": 7.36934375763, "dmean2": 3.81903195381, "dmean": 2.41846728325, "var": 20.375541687, "dvar": 6.03313302994, "mean": 8.60338592529}, "melbands": {"min": [2.94775271619e-24, 2.14791283932e-24, 1.09597333031e-24, 1.93199234044e-24, 1.30794646782e-24, 2.42234749027e-24, 1.69596535482e-24, 2.55373858492e-24, 3.19798057862e-24, 3.67099143815e-24, 1.71283731464e-24, 2.77058757308e-24, 2.07624305114e-24, 3.06102190091e-24, 4.41124273439e-24, 4.3356288389e-24, 3.04707898163e-24, 2.74979201633e-24, 2.61231328207e-24, 3.78584721936e-24, 5.43097364428e-24, 5.11038530557e-24, 3.48748227564e-24, 4.39837522973e-24, 4.23042437643e-24, 5.74773403546e-24, 4.71355711024e-24, 4.13165741337e-24, 5.88668044543e-24, 5.24408855153e-24, 7.08404350409e-24, 5.60614375816e-24, 6.80547384149e-24, 4.55265827899e-24, 5.97311396266e-24, 5.4315372854e-24, 7.19957770568e-24, 5.93508850045e-24, 7.13590322e-24, 6.87942087388e-24], "max": [0.040997762233, 0.0331532359123, 0.0138260703534, 0.00980022083968, 0.00472396425903, 0.00907633081079, 0.00618233066052, 0.00567446136847, 0.00461942330003, 0.00634675612673, 0.00349682942033, 0.00400256831199, 0.00285689625889, 0.00164477434009, 0.00222933595069, 0.0015344354324, 0.00228384253569, 0.00105668697506, 0.000898451718967, 0.00101723347325, 0.000933613628149, 0.000594379613176, 0.00027131382376, 0.000251927791396, 0.000271693919785, 0.000243803748162, 0.000199863876333, 0.000339685822837, 0.000184514399734, 0.000169447128428, 0.000173534150235, 0.000218035842408, 0.000176224319148, 0.000177717010956, 0.000137387716677, 0.000287391187157, 0.000152837194037, 0.000140632590046, 0.000100047691376, 0.000110003173177], "dvar2": [5.76941929467e-05, 3.34510077664e-05, 4.54643441117e-06, 2.44603324973e-06, 3.61184902431e-07, 6.272742894e-07, 3.37241630177e-07, 1.79314199045e-07, 1.67650924254e-07, 2.81167700678e-07, 1.3874316096e-07, 1.16872151068e-07, 5.61452431214e-08, 1.5082845195e-08, 2.07055226298e-08, 1.84027157957e-08, 1.54662895824e-08, 2.75839040498e-09, 5.05133179729e-09, 5.82404657834e-09, 3.43802053493e-09, 1.35650046751e-09, 8.91355489419e-10, 8.97982022074e-10, 9.58583656896e-10, 3.37661759664e-10, 3.42270489728e-10, 2.81460438289e-10, 1.94207636084e-10, 1.51340232013e-10, 1.67509187077e-10, 2.46074383092e-10, 1.87878657076e-10, 1.46585937832e-10, 1.58731638944e-10, 2.99544333782e-10, 9.68137375823e-11, 5.49543639761e-11, 3.00711816559e-11, 8.25828121165e-12], "median": [0.000646475295071, 0.0020027642604, 0.000612024974544, 0.000387592153857, 0.000178383808816, 0.000183775104233, 0.000168518221471, 9.6189789474e-05, 0.000103998048871, 0.000132454078994, 0.000112157082185, 6.92957255524e-05, 5.299973418e-05, 3.62333339581e-05, 3.15426477755e-05, 2.57999708992e-05, 2.31059038924e-05, 1.25532478705e-05, 1.41658529174e-05, 1.19825235743e-05, 7.22304048395e-06, 6.97535051586e-06, 5.36321249456e-06, 3.74442993234e-06, 3.15046850119e-06, 2.45320006798e-06, 2.05993774216e-06, 1.59848775638e-06, 1.41152258948e-06, 1.20167146633e-06, 9.07570665731e-07, 5.93813695104e-07, 3.35399818141e-07, 2.67490889883e-07, 3.83401044246e-07, 3.25651313915e-07, 2.10518820154e-07, 1.6070582376e-07, 1.19153312994e-07, 1.01868771196e-07], "dmean2": [0.00324029661715, 0.00310682086274, 0.00114871142432, 0.000844296009745, 0.000324450578773, 0.000375748728402, 0.000293511024211, 0.00019867993251, 0.000210189551581, 0.000282512308331, 0.00020523868443, 0.000156449357746, 0.000121258737636, 6.30850190646e-05, 7.30355459382e-05, 7.08265724825e-05, 5.98810656811e-05, 2.61453333223e-05, 3.50083937519e-05, 3.58100551239e-05, 2.3684464395e-05, 1.94186341105e-05, 1.55225661729e-05, 1.3729636521e-05, 1.35235140988e-05, 9.10878316063e-06, 8.31044690131e-06, 7.18936871635e-06, 6.29343367109e-06, 5.50091499463e-06, 5.68164841752e-06, 6.07373749517e-06, 5.5098798839e-06, 5.00886108057e-06, 4.39298037236e-06, 4.36588425146e-06, 3.13013197228e-06, 2.14851115743e-06, 1.66624886333e-06, 9.49918046445e-07], "dmean": [0.00221332209185, 0.00190199806821, 0.000681396515574, 0.000505783769768, 0.000195570799406, 0.000230574180023, 0.000179796363227, 0.000120769000205, 0.000133837049361, 0.000180577277206, 0.000130116022774, 9.70335167949e-05, 7.82987044659e-05, 3.96090872528e-05, 4.6833880333e-05, 4.45054611191e-05, 3.67908869521e-05, 1.63885852089e-05, 2.20359052037e-05, 2.20384335989e-05, 1.4492500668e-05, 1.22295732581e-05, 9.67274900177e-06, 8.51832282933e-06, 8.54287009133e-06, 5.91893922319e-06, 5.54879670744e-06, 4.71982002637e-06, 4.09815402236e-06, 3.51353446604e-06, 3.62971718459e-06, 3.90751438317e-06, 3.60971580449e-06, 3.21937704939e-06, 2.75114871329e-06, 2.7037513064e-06, 2.05110632123e-06, 1.40028657825e-06, 1.05770504888e-06, 6.20130833795e-07], "var": [4.53299217043e-05, 1.83763004316e-05, 1.9575013539e-06, 1.16002900086e-06, 1.83342308446e-07, 3.74647044055e-07, 2.26241738233e-07, 1.0370048642e-07, 1.52108839302e-07, 3.14854901262e-07, 1.27726480059e-07, 7.9367517003e-08, 5.12917068818e-08, 1.06632773722e-08, 2.05348182902e-08, 1.13210063546e-08, 1.23893348913e-08, 2.04808947579e-09, 3.1859046512e-09, 2.97027069607e-09, 1.71629421786e-09, 1.05244735149e-09, 6.09763350923e-10, 4.87685225536e-10, 5.12954900778e-10, 2.84980122833e-10, 2.78942730025e-10, 1.93765295475e-10, 1.45885303837e-10, 1.20835216832e-10, 1.19993640024e-10, 1.64069771658e-10, 1.5656580199e-10, 1.15702281089e-10, 8.01349750446e-11, 1.21403262443e-10, 9.44676906145e-11, 4.2043101639e-11, 2.3708899427e-11, 6.39303106981e-12], "dvar": [2.93176199193e-05, 1.34564088512e-05, 1.76021092102e-06, 9.47994180933e-07, 1.41315538826e-07, 2.45258718223e-07, 1.31894495325e-07, 6.83331720097e-08, 7.36735685791e-08, 1.27587398424e-07, 5.67394096151e-08, 4.59704807554e-08, 2.29392913553e-08, 5.91777116199e-09, 8.71334915331e-09, 7.33930605179e-09, 5.98310778699e-09, 1.14037546073e-09, 2.08395567469e-09, 2.30523600209e-09, 1.31859645425e-09, 5.86584447682e-10, 3.71677993938e-10, 3.5618946681e-10, 3.97025051724e-10, 1.60833082963e-10, 1.65728084034e-10, 1.28330096549e-10, 8.90898049777e-11, 6.70010158466e-11, 7.28337112843e-11, 1.0583509763e-10, 9.18118567284e-11, 6.67653363151e-11, 6.18645829009e-11, 1.14830589482e-10, 4.55095648666e-11, 2.27205702169e-11, 1.23410136277e-11, 3.60094072616e-12], "mean": [0.00294375326484, 0.003298898926, 0.00103619578294, 0.000772968342062, 0.00032105439459, 0.000375386123778, 0.000321515195537, 0.000200968948775, 0.000236395339016, 0.00033801101381, 0.000241202040343, 0.00016185088316, 0.00013568327995, 6.99613592587e-05, 8.49115021992e-05, 6.52833623462e-05, 5.66299931961e-05, 2.63981055468e-05, 3.30390321324e-05, 3.05685207422e-05, 2.12343165913e-05, 1.84719356184e-05, 1.47576110976e-05, 1.21459643196e-05, 1.12983771032e-05, 8.52849734656e-06, 7.73687679612e-06, 6.24733456789e-06, 5.68742234464e-06, 5.0512207963e-06, 4.74437547382e-06, 4.8921274356e-06, 4.60266710434e-06, 4.05455466534e-06, 3.44220211446e-06, 3.29490580953e-06, 2.83535496237e-06, 1.89706713627e-06, 1.43204840697e-06, 8.19001854779e-07]}, "spectral_entropy": {"min": 4.53821372986, "max": 9.8251581192, "dvar2": 0.0852754414082, "median": 7.57826137543, "dmean2": 0.261884599924, "dmean": 0.189690858126, "var": 0.349067479372, "dvar": 0.044354185462, "mean": 7.5369052887}, "spectral_rolloff": {"min": 21.533203125, "max": 20348.8769531, "dvar2": 1905919, "median": 925.927734375, "dmean2": 750.486938477, "dmean": 474.817230225, "var": 4008770.75, "dvar": 927902.3125, "mean": 1354.57312012}, "barkbands": {"min": [8.86453057173e-25, 2.65383773683e-24, 1.58004451277e-24, 8.77049736576e-25, 8.5155609898e-24, 7.78104865664e-24, 8.34228216994e-24, 1.12583498934e-23, 2.17314187324e-23, 1.69772617124e-23, 9.79356772108e-24, 2.99735274003e-23, 3.82877742426e-23, 3.08220766771e-23, 4.2911486801e-23, 5.85214443054e-23, 8.16288526045e-23, 8.21927430013e-23, 1.70850497733e-22, 1.33346182276e-22, 2.93000131056e-22, 3.43265111003e-22, 4.20592715299e-22, 6.61350185808e-22, 8.97908593894e-22, 1.29591070576e-21, 2.01383744033e-21], "max": [0.024436313659, 0.133697837591, 0.0619985498488, 0.0290316790342, 0.0420965403318, 0.0412355624139, 0.0305995959789, 0.0167060028762, 0.034611351788, 0.0221874136478, 0.0308224260807, 0.0148718943819, 0.0107099479064, 0.0238508395851, 0.0101126218215, 0.0157714486122, 0.00847603660077, 0.00511996820569, 0.00678894529119, 0.00839016586542, 0.00597081473097, 0.00911927688867, 0.00944769009948, 0.0114349769428, 0.00951725430787, 0.00851341802627, 0.00804410409182], "dvar2": [4.97245309816e-06, 0.000650353671517, 8.6536994786e-05, 2.09478894249e-05, 3.90061213693e-05, 1.29235713757e-05, 8.37882362248e-06, 2.37386984736e-06, 1.04948439912e-05, 5.82634993407e-06, 4.62187472294e-06, 1.20715401408e-06, 1.32726177071e-06, 1.22095855204e-06, 7.25867550955e-07, 9.3805618917e-07, 3.76629515131e-07, 4.07009991932e-07, 2.64887887624e-07, 2.66779494495e-07, 2.59278778003e-07, 4.35624173178e-07, 5.72315684622e-07, 4.9408401992e-07, 5.84157362482e-08, 3.03849603256e-08, 1.67998646106e-08], "median": [0.000396668590838, 0.00302136340179, 0.003038729541, 0.000462216819869, 0.00174381677061, 0.000928410328925, 0.000752019754145, 0.000460582028609, 0.000934045645408, 0.000575446465518, 0.000441562500782, 0.000302347383695, 0.000288057228317, 0.000202888419153, 0.000172265077708, 0.000145780955791, 0.000123436417198, 8.3444538177e-05, 7.29101520847e-05, 5.72581811866e-05, 4.99448287883e-05, 2.4597020456e-05, 2.22232101805e-05, 1.55778343469e-05, 1.36893422678e-05, 6.43486782792e-06, 9.90164835457e-07], "dmean2": [0.00130159989931, 0.0116774560884, 0.0049696136266, 0.00231998180971, 0.00342704239301, 0.00181110540871, 0.00138022436295, 0.000834510079585, 0.00186337332707, 0.00123860186432, 0.00106710405089, 0.000590141280554, 0.00063813070301, 0.00052610586863, 0.00042266282253, 0.000436827831436, 0.000326140114339, 0.000297658669297, 0.000251069024671, 0.000225129537284, 0.00023017670901, 0.000269578653388, 0.000270389253274, 0.000198870024178, 8.92291573109e-05, 5.46092996956e-05, 2.19901612581e-05], "dmean": [0.000818119326141, 0.00789254624397, 0.00288487179205, 0.00136162759736, 0.00205126404762, 0.00111067481339, 0.000843828194775, 0.00050683284644, 0.00119503820315, 0.000778085726779, 0.000696592847817, 0.000375383999199, 0.000399456097512, 0.000324631837429, 0.000265321752522, 0.000268282077741, 0.000205252406886, 0.000185618613614, 0.000166310943314, 0.000152046923176, 0.000148884515511, 0.000181079929462, 0.000171640072949, 0.000132790315547, 5.91564603383e-05, 3.50869268004e-05, 1.40491119964e-05], "var": [3.44951217812e-06, 0.000533279089723, 3.69748304365e-05, 7.89430851e-06, 1.8112208636e-05, 7.71950089984e-06, 5.26961366631e-06, 1.44621390064e-06, 1.21486718854e-05, 4.27697841587e-06, 4.76283094031e-06, 9.58983491728e-07, 8.52590574141e-07, 9.98897462523e-07, 4.71156056392e-07, 4.54923025472e-07, 2.97382939607e-07, 2.27873755421e-07, 2.20824489361e-07, 2.07191703794e-07, 2.14448164115e-07, 3.82663415621e-07, 3.2785888493e-07, 4.19737091306e-07, 5.63475097692e-08, 1.6439805961e-08, 9.34371247041e-09], "dvar": [1.98845418709e-06, 0.000334993033903, 3.0140447052e-05, 8.1846901594e-06, 1.52032016558e-05, 5.01728027302e-06, 3.21286552207e-06, 8.95769233011e-07, 4.63435117126e-06, 2.3349298317e-06, 1.95354709831e-06, 4.88028149448e-07, 5.27114309534e-07, 4.76826102158e-07, 2.99382577396e-07, 3.65652425671e-07, 1.61689811762e-07, 1.62735261711e-07, 1.26870304484e-07, 1.27620666035e-07, 1.17550790435e-07, 2.11697525287e-07, 2.2892537288e-07, 2.14879165128e-07, 2.7191999763e-08, 1.3267069221e-08, 8.18691869853e-09], "mean": [0.00108116550837, 0.0109734870493, 0.00501488521695, 0.00146891560871, 0.00317898276262, 0.00181181984954, 0.00147585233208, 0.000864560890477, 0.00227605574764, 0.00135020317975, 0.00122089311481, 0.000659647223074, 0.000624461681582, 0.000502237584442, 0.000402582518291, 0.000379336939659, 0.000319112936268, 0.000267244264251, 0.000242876514676, 0.000208795667277, 0.000216483109398, 0.000238830310991, 0.000219323381316, 0.000189761296497, 8.46782422741e-05, 4.2530184146e-05, 1.40221627589e-05]}, "melbands_flatness_db": {"min": 0.00373522588052, "max": 0.543553471565, "dvar2": 0.00264856568538, "median": 0.212895825505, "dmean2": 0.0490812137723, "dmean": 0.0338915772736, "var": 0.00722186034545, "dvar": 0.00125360675156, "mean": 0.219651967287}, "melbands_skewness": {"min": -2.01566052437, "max": 18.070558548, "dvar2": 2.80527639389, "median": 2.07282471657, "dmean2": 1.33374857903, "dmean": 0.898552060127, "var": 4.90173244476, "dvar": 1.40138041973, "mean": 2.60742974281}, "barkbands_skewness": {"min": -4.02779150009, "max": 24.0787029266, "dvar2": 1.86093246937, "median": 1.23889648914, "dmean2": 1.00522375107, "dmean": 0.672083675861, "var": 2.56176018715, "dvar": 0.87599503994, "mean": 1.57902646065}, "silence_rate_60dB": {"min": 0, "max": 1, "dvar2": 0.0251144189388, "median": 0, "dmean2": 0.0238649006933, "dmean": 0.0119312433526, "var": 0.0814658552408, "dvar": 0.0117895351723, "mean": 0.0894752815366}, "spectral_energyband_low": {"min": 1.43758635043e-23, "max": 0.142284274101, "dvar2": 0.00073443131987, "median": 0.0093457987532, "dmean2": 0.0145447300747, "dmean": 0.00971561577171, "var": 0.000689990934916, "dvar": 0.000384363869671, "mean": 0.0173472184688}, "spectral_energyband_middle_low": {"min": 1.67369096786e-22, "max": 0.0788131579757, "dvar2": 0.000142724893522, "median": 0.0101356189698, "dmean2": 0.00815554521978, "dmean": 0.00506363296881, "var": 9.24520863919e-05, "dvar": 6.01168285357e-05, "mean": 0.0116875441745}, "melbands_kurtosis": {"min": -1.83764123917, "max": 580.314331055, "dvar2": 1450.4473877, "median": 5.73623180389, "dmean2": 17.3837337494, "dmean": 11.3005523682, "var": 1318.93017578, "dvar": 684.137329102, "mean": 17.6454429626}, "spectral_decrease": {"min": -4.24601545035e-08, "max": 6.71195390933e-11, "dvar2": 4.03019566705e-17, "median": -7.2789121397e-09, "dmean2": 4.35751879024e-09, "dmean": 3.13246562023e-09, "var": 6.02681279677e-17, "dvar": 2.27412150141e-17, "mean": -8.82190853702e-09}, "erbbands_kurtosis": {"min": -1.74470853806, "max": 65.3429794312, "dvar2": 14.3655862808, "median": 0.238234758377, "dmean2": 1.97970378399, "dmean": 1.2762452364, "var": 17.0580120087, "dvar": 6.13237953186, "mean": 1.42747914791}, "melbands_crest": {"min": 1.5927926302, "max": 35.5194244385, "dvar2": 27.0105419159, "median": 14.5401315689, "dmean2": 5.65722990036, "dmean": 3.58886432648, "var": 37.2197723389, "dvar": 11.8965358734, "mean": 15.2100524902}, "melbands_spread": {"min": 0.327697277069, "max": 268.547271729, "dvar2": 274.80557251, "median": 17.7147293091, "dmean2": 10.779633522, "dmean": 7.06193351746, "var": 436.50579834, "dvar": 128.498382568, "mean": 21.4940052032}, "spectral_energy": {"min": 1.0114444644e-20, "max": 0.163202658296, "dvar2": 0.000575976504479, "median": 0.0293117426336, "dmean2": 0.0168112963438, "dmean": 0.0122215636075, "var": 0.000918645004276, "dvar": 0.000330896116793, "mean": 0.035330016166}, "mfcc": {"mean": [-656.9453125, 132.548355103, 3.86676216125, 17.4205417633, 2.26466798782, 9.12166309357, 2.72827744484, 7.38148641586, 3.73427081108, 4.80943822861, -1.17730987072, 2.34369850159, -3.10120344162], "icov": [[8.96802157513e-05, 8.743597391e-06, 8.79946819623e-05, -5.74688274355e-05, 8.90187075129e-05, -3.77203286916e-05, 0.000112404442916, -0.000264897040324, 0.000154194553033, -9.75558796199e-05, 5.09471174155e-05, 3.77050787392e-06, -3.78457370971e-05], [8.743597391e-06, 0.000594333570916, 0.000301646272419, -5.90343297517e-05, -2.27322161663e-05, -0.000103119498817, -7.77278401074e-05, 0.000436681206338, -0.000556823040824, 0.000210496524232, 0.000213565319427, -0.000271278840955, 0.000258637679508], [8.79946819623e-05, 0.000301646272419, 0.00189741235226, -0.000561333727092, -0.000541711808182, -0.000809550751001, 0.00025185814593, -0.00049423892051, 0.000324847787851, -0.00031584687531, -4.99806337757e-05, 0.000226725489483, 0.000311388459522], [-5.74688274355e-05, -5.90343297517e-05, -0.000561333727092, 0.00279567902908, -0.00195718859322, 0.000131992521347, -0.000673455710057, -1.64845823747e-05, 0.000301589840092, 0.00045315240277, 0.000597823585849, 0.0002596504346, -0.000229808167205], [8.90187075129e-05, -2.27322161663e-05, -0.000541711808182, -0.00195718859322, 0.00778819900006, -0.00128485891037, 0.0003492324322, 0.00170186546165, -0.00183291186113, 0.000316333433148, 0.000725276651792, -0.000599952240009, -0.00113892648369], [-3.77203286916e-05, -0.000103119498817, -0.000809550751001, 0.000131992521347, -0.00128485891037, 0.0091419685632, -0.00139309442602, -0.00252884579822, 0.000513948732987, -0.00115603185259, -0.000637595891021, 0.000418754731072, -0.00044077495113], [0.000112404442916, -7.77278401074e-05, 0.00025185814593, -0.000673455710057, 0.0003492324322, -0.00139309442602, 0.0109560508281, -0.0029339005705, -0.000566844420973, 0.00057810387807, -0.00122456904501, 0.000110397944809, -0.000398021715228], [-0.000264897040324, 0.000436681206338, -0.00049423892051, -1.64845823747e-05, 0.00170186546165, -0.00252884579822, -0.0029339005705, 0.015479683876, -0.00641253311187, -0.000498177716509, 0.000333106931066, -0.000661348807625, 0.00017629301874], [0.000154194553033, -0.000556823040824, 0.000324847787851, 0.000301589840092, -0.00183291186113, 0.000513948732987, -0.000566844420973, -0.00641253311187, 0.0179557781667, -0.00613131606951, 0.00077525479719, 0.00143068563193, 0.00031437270809], [-9.75558796199e-05, 0.000210496524232, -0.00031584687531, 0.00045315240277, 0.000316333433148, -0.00115603185259, 0.00057810387807, -0.000498177716509, -0.00613131606951, 0.0204576235265, -0.00632793130353, -0.00222324696369, 0.00252418732271], [5.09471174155e-05, 0.000213565319427, -4.99806337757e-05, 0.000597823585849, 0.000725276651792, -0.000637595891021, -0.00122456904501, 0.000333106931066, 0.00077525479719, -0.00632793130353, 0.0197021849453, -0.00752049172297, 0.000855554244481], [3.77050787392e-06, -0.000271278840955, 0.000226725489483, 0.0002596504346, -0.000599952240009, 0.000418754731072, 0.000110397944809, -0.000661348807625, 0.00143068563193, -0.00222324696369, -0.00752049172297, 0.0202339757234, -0.00639409152791], [-3.78457370971e-05, 0.000258637679508, 0.000311388459522, -0.000229808167205, -0.00113892648369, -0.00044077495113, -0.000398021715228, 0.00017629301874, 0.00031437270809, 0.00252418732271, 0.000855554244481, -0.00639409152791, 0.0154085652903]], "cov": [[12775.0576172, -123.473556519, -571.088745117, -40.1530532837, -241.304000854, 24.9244041443, -59.1389350891, 209.363693237, -38.7434234619, 51.465965271, -6.47024202347, 15.4679851532, 22.4835624695], [-123.473556519, 1966.23522949, -358.478485107, -36.8207817078, -9.73813438416, -33.5953140259, 2.43350505829, -54.3925552368, 43.7654190063, -19.5870380402, -24.2028312683, 8.83821582794, -20.2803153992], [-571.088745117, -358.478485107, 752.47265625, 212.962860107, 117.046737671, 84.8726348877, 13.0254898071, 28.3776741028, 1.28188753128, 9.58107757568, -2.79383540154, -14.5750627518, -3.81348752975], [-40.1530532837, -36.8207817078, 212.962860107, 526.976989746, 156.586425781, 32.0652503967, 24.2679252625, -2.54818868637, -4.71875143051, -24.6636562347, -32.2741317749, -14.8781709671, 16.9772090912], [-241.304000854, -9.73813438416, 117.046737671, 156.586425781, 192.088745117, 29.7604217529, 3.91683602333, -11.7341308594, 9.35961341858, -7.58370447159, -12.8089113235, 0.29288905859, 16.709936142], [24.9244041443, -33.5953140259, 84.8726348877, 32.0652503967, 29.7604217529, 135.391342163, 25.7825927734, 33.6172370911, 13.0842447281, 14.8192825317, 8.84055900574, 2.32247543335, 3.52057123184], [-59.1389350891, 2.43350505829, 13.0254898071, 24.2679252625, 3.91683602333, 25.7825927734, 105.574890137, 29.2885169983, 14.5805568695, 5.44366502762, 8.44833755493, 3.20662069321, 3.0039999485], [209.363693237, -54.3925552368, 28.3776741028, -2.54818868637, -11.7341308594, 33.6172370911, 29.2885169983, 98.5578536987, 36.2060203552, 19.6138954163, 7.86162233353, 2.60688996315, -2.76752185822], [-38.7434234619, 43.7654190063, 1.28188753128, -4.71875143051, 9.35961341858, 13.0842447281, 14.5805568695, 36.2060203552, 80.6462936401, 27.1795253754, 5.60977458954, -1.00489342213, -6.72390031815], [51.465965271, -19.5870380402, 9.58107757568, -24.6636562347, -7.58370447159, 14.8192825317, 5.44366502762, 19.6138954163, 27.1795253754, 70.9980163574, 29.0893478394, 14.0914373398, -8.27957725525], [-6.47024202347, -24.2028312683, -2.79383540154, -32.2741317749, -12.8089113235, 8.84055900574, 8.44833755493, 7.86162233353, 5.60977458954, 29.0893478394, 74.0181045532, 31.1327953339, 3.32943940163], [15.4679851532, 8.83821582794, -14.5750627518, -14.8781709671, 0.29288905859, 2.32247543335, 3.20662069321, 2.60688996315, -1.00489342213, 14.0914373398, 31.1327953339, 71.2124710083, 25.6378593445], [22.4835624695, -20.2803153992, -3.81348752975, 16.9772090912, 16.709936142, 3.52057123184, 3.0039999485, -2.76752185822, -6.72390031815, -8.27957725525, 3.32943940163, 25.6378593445, 79.0175552368]]}, "spectral_contrast_valleys": {"min": [-28.0770874023, -27.9929218292, -27.7522296906, -27.5966720581, -27.4936523438, -27.4266643524], "max": [-4.91983556747, -4.5567574501, -5.10627555847, -5.52217149734, -5.39277601242, -7.31414794922], "dvar2": [0.328103452921, 0.3008672297, 0.2975089252, 0.230991095304, 0.282546758652, 0.416397839785], "median": [-6.99065065384, -6.46596717834, -7.02604675293, -7.47793006897, -7.56649255753, -10.2996759415], "dmean2": [0.67391782999, 0.594359457493, 0.569280803204, 0.495274752378, 0.452651441097, 0.552614212036], "dmean": [0.42410993576, 0.37547403574, 0.37059211731, 0.330707788467, 0.321452260017, 0.435981839895], "var": [3.47954297066, 3.54154968262, 3.53953289986, 3.39450311661, 3.4704375267, 3.3125705719], "dvar": [0.146134704351, 0.14411623776, 0.15249761939, 0.12729768455, 0.155364915729, 0.24536947906], "mean": [-7.28741264343, -6.82414484024, -7.38920259476, -7.81035614014, -7.81891536713, -10.3940887451]}, "barkbands_flatness_db": {"min": 0.0169719439, "max": 0.43066316843, "dvar2": 0.00171327742282, "median": 0.12811550498, "dmean2": 0.0400262139738, "dmean": 0.0275666080415, "var": 0.00436211237684, "dvar": 0.000822449394036, "mean": 0.137565627694}, "dynamic_complexity": 3.56848907471, "spectral_skewness": {"min": -0.0680610015988, "max": 9.60106754303, "dvar2": 0.219361543655, "median": 1.6897996664, "dmean2": 0.435573399067, "dmean": 0.284269034863, "var": 0.634812533855, "dvar": 0.0941952615976, "mean": 1.78107500076}, "erbbands_flatness_db": {"min": 0.0506300330162, "max": 0.433080732822, "dvar2": 0.000788266479503, "median": 0.15344953537, "dmean2": 0.0284745637327, "dmean": 0.0210580509156, "var": 0.00266409059986, "dvar": 0.000445852958364, "mean": 0.15