{"lowlevel": {"spectral_complexity": {"min": 0, "max": 36, "dvar2": 9.48578262329, "median": 11, "dmean2": 3.23455047607, "dmean": 2.31505680084, "var": 43.8425369263, "dvar": 5.67677402496, "mean": 11.5165462494}, "silence_rate_20dB": {"min": 1, "max": 1, "dvar2": 0, "median": 1, "dmean2": 0, "dmean": 0, "var": 0, "dvar": 0, "mean": 1}, "average_loudness": 0.8157158494, "erbbands_spread": {"min": 0.640610039234, "max": 101.911949158, "dvar2": 89.8409423828, "median": 17.5801181793, "dmean2": 7.91871738434, "dmean": 5.28013563156, "var": 127.35760498, "dvar": 42.2490158081, "mean": 19.6542110443}, "spectral_kurtosis": {"min": -1.25005888939, "max": 108.481628418, "dvar2": 292.418823242, "median": 13.1247310638, "dmean2": 19.0507354736, "dmean": 11.1084537506, "var": 237.298843384, "dvar": 106.825798035, "mean": 17.2705230713}, "barkbands_kurtosis": {"min": -1.80685663223, "max": 579.077392578, "dvar2": 616.05859375, "median": 3.84344410896, "dmean2": 10.5298070908, "dmean": 6.83441781998, "var": 569.712890625, "dvar": 271.966430664, "mean": 10.8419971466}, "spectral_strongpeak": {"min": 0, "max": 15.3219680786, "dvar2": 1.63724756241, "median": 0.809136211872, "dmean2": 0.99628841877, "dmean": 0.634546816349, "var": 2.63118672371, "dvar": 0.756052196026, "mean": 1.39841997623}, "spectral_spread": {"min": 682092.4375, "max": 41619168, "dvar2": 363977211904, "median": 1792903.625, "dmean2": 436418.625, "dmean": 265511, "var": 893979459584, "dvar": 210810470400, "mean": 1845792.75}, "spectral_rms": {"min": 3.2134538086e-12, "max": 0.0135966055095, "dvar2": 1.52408301801e-06, "median": 0.00459453463554, "dmean2": 0.0011902328115, "dmean": 0.000886052439455, "var": 4.22511902798e-06, "dvar": 8.37716470414e-07, "mean": 0.0044455579482}, "erbbands": {"min": [6.02030874961e-22, 2.35150403705e-21, 1.81324549555e-20, 6.19777352418e-21, 3.18567481045e-20, 7.7843699163e-20, 1.34664706456e-19, 2.28935702058e-19, 3.42227082537e-19, 3.66268001366e-19, 6.84746883613e-19, 2.177883628e-18, 1.87034449369e-18, 2.05582713155e-18, 1.86108937661e-18, 1.50063312038e-18, 2.81609751795e-18, 5.53817561952e-18, 5.82633184412e-18, 6.13481106919e-18, 6.4150267735e-18, 8.85761791688e-18, 7.62303182749e-18, 1.14599049629e-17, 1.02785562178e-17, 1.39567355798e-17, 1.22205934891e-17, 1.22573575314e-17, 1.54992636405e-17, 1.73245766284e-17, 1.55125895202e-17, 1.23923682967e-17, 1.45264793878e-17, 1.08860351781e-17, 8.53534504151e-18, 4.67727788443e-18, 3.20622071025e-18, 1.26421176982e-18, 2.88025452514e-19, 3.07700008007e-20], "max": [0.215360447764, 9.9789981842, 152.835479736, 90.5770492554, 291.161102295, 412.573791504, 953.711975098, 623.431945801, 823.462768555, 1992.36120605, 1332.25183105, 1845.49291992, 2657.88891602, 3190.85644531, 4247.69189453, 1954.16015625, 1401.55175781, 3515.07861328, 1908.36035156, 714.810424805, 413.28225708, 288.303009033, 345.699768066, 425.815826416, 158.730957031, 97.2991638184, 28.6415863037, 5.4205198288, 2.5542781353, 0.429576516151, 0.0827813819051, 0.0295877233148, 0.00412756856531, 0.00034459278686, 0.000188544217963, 0.000114421753096, 6.10167589912e-05, 2.4008388209e-05, 8.40462816996e-05, 0.000205500167795], "dvar2": [0.000400003656978, 0.443644344807, 32.9942741394, 21.701833725, 606.772033691, 1308.05065918, 3198.39941406, 2680.74365234, 3008.93261719, 5905.40576172, 4959.45068359, 10535.6621094, 11816.9160156, 18700.4667969, 20030.8769531, 7960.01318359, 4847.42871094, 5680.42431641, 1962.32495117, 1060.95056152, 769.70904541, 336.981964111, 442.262512207, 492.178375244, 88.0935745239, 23.7805137634, 1.48888611794, 0.0798871219158, 0.0105518437922, 0.000454178050859, 1.36651269713e-05, 5.68690211367e-07, 1.5886936211e-08, 1.00989427931e-09, 3.80743409023e-10, 1.37924185961e-10, 3.79504934422e-11, 4.15023310857e-12, 5.68479742447e-11, 3.18313403413e-10], "median": [0.00346715794876, 0.0614482462406, 0.502504825592, 0.858174860477, 3.68197154999, 7.53140926361, 10.8799390793, 11.1842422485, 12.3159408569, 9.08368015289, 8.52786827087, 6.25985431671, 7.66114044189, 6.97086906433, 5.29841709137, 5.16218328476, 3.75054383278, 2.922986269, 2.92916750908, 2.28937268257, 1.85628199577, 1.82771444321, 2.0835018158, 2.35167336464, 1.33841907978, 0.730523765087, 0.213021606207, 0.0379159934819, 0.00681985728443, 0.00167305534706, 0.000535798433702, 0.000153940360178, 5.75400299567e-05, 2.85870009975e-05, 1.90771443158e-05, 1.39495705298e-05, 8.25760798762e-06, 1.79318953997e-06, 1.08038411781e-05, 2.46666495514e-05], "dmean2": [0.0107819158584, 0.300922691822, 2.19433307648, 2.23039603233, 10.178984642, 16.181640625, 24.0262508392, 24.1479072571, 26.521440506, 25.5395565033, 29.0002288818, 33.9574012756, 35.5570411682, 39.9570922852, 38.5887527466, 30.8219337463, 21.4852199554, 19.9374485016, 16.9559116364, 11.742146492, 10.072142601, 7.27790307999, 7.82023239136, 9.43723583221, 4.43819618225, 2.31052803993, 0.589850127697, 0.0988773554564, 0.0291358083487, 0.00657543027773, 0.00117057841271, 0.000216496715439, 5.54868311156e-05, 2.47487460001e-05, 1.54301578732e-05, 9.66393872659e-06, 5.17681928613e-06, 1.5969397964e-06, 5.89612955082e-06, 1.37994420584e-05], "dmean": [0.00637700455263, 0.184264138341, 1.3948289156, 1.4508074522, 6.7782459259, 10.4776697159, 16.15350914, 16.2409000397, 17.6496944427, 16.6214408875, 19.3441734314, 22.6496715546, 24.5851554871, 27.8784427643, 27.782743454, 21.7237281799, 14.9038772583, 14.6696081161, 11.9151010513, 7.97715854645, 6.8332657814, 4.91121959686, 5.36665821075, 6.48878622055, 3.22999382019, 1.66389942169, 0.432282686234, 0.0701136514544, 0.0201504230499, 0.00448346277699, 0.000806255440693, 0.000150766936713, 3.75521522074e-05, 1.57455015142e-05, 9.9411508927e-06, 6.50396259516e-06, 3.58984630111e-06, 1.07387336357e-06, 4.24873996963e-06, 9.84346934274e-06], "var": [0.000275000056718, 0.341056883335, 23.2348079681, 17.0283851624, 372.420654297, 670.999816895, 3565.78515625, 3486.10913086, 3555.47973633, 5856.58935547, 5347.68164063, 10520.9619141, 16206.375, 22542.7460938, 36430.7734375, 10317.5332031, 5128.51855469, 16486.7539063, 5273.17431641, 1545.31005859, 959.153381348, 344.061096191, 391.400024414, 543.32434082, 161.556289673, 36.4344711304, 2.57708287239, 0.0756815075874, 0.00925598293543, 0.000362429505913, 1.21572493299e-05, 6.87871988703e-07, 2.08050501271e-08, 1.2115964898e-09, 4.63284022256e-10, 2.13517495351e-10, 6.9890510046e-11, 8.02407532779e-12, 9.96629029304e-11, 5.0846921118e-10], "dvar": [0.000149111336214, 0.175189673901, 14.5769262314, 9.59574127197, 264.351806641, 516.534606934, 1462.21411133, 1252.9675293, 1371.04443359, 2645.3347168, 2226.29272461, 4865.03027344, 5952.18457031, 8348.18554688, 9976.546875, 3995.2565918, 2424.22070313, 4104.71289063, 1252.34277344, 531.10546875, 362.774353027, 160.269958496, 204.903900146, 219.955184937, 45.6754837036, 11.8515853882, 0.80379909277, 0.0402363687754, 0.00533959595487, 0.000208959289012, 6.46914440949e-06, 3.09113858066e-07, 8.4940285916e-09, 3.88229309811e-10, 1.46175294091e-10, 5.77583328387e-11, 1.71860355808e-11, 1.82865398171e-12, 2.77361328349e-11, 1.52619514249e-10], "mean": [0.00931793823838, 0.284788817167, 1.93297421932, 2.21731972694, 9.72465801239, 16.0651321411, 30.1079540253, 33.3734054565, 34.7861175537, 31.0878982544, 35.5404090881, 39.7518920898, 46.1085281372, 54.4949951172, 55.4147377014, 38.9029426575, 25.1515712738, 26.741268158, 21.0023899078, 13.7300786972, 12.1488237381, 8.3916425705, 9.03978633881, 11.6426868439, 6.48601341248, 3.33411645889, 0.859269380569, 0.121754109859, 0.0311359092593, 0.00727239716798, 0.0014716850128, 0.000315870769555, 8.94775439519e-05, 3.84415980079e-05, 2.41906564042e-05, 1.70354796865e-05, 9.91875367617e-06, 2.69216252491e-06, 1.23719337353e-05, 2.81587617792e-05]}, "zerocrossingrate": {"min": 0.0009765625, "max": 0.501953125, "dvar2": 6.12338408246e-05, "median": 0.02685546875, "dmean2": 0.00511470949277, "dmean": 0.00463353935629, "var": 0.000330526672769, "dvar": 4.53531611129e-05, "mean": 0.0295411199331}, "spectral_contrast_coeffs": {"min": [-0.963831245899, -0.963453054428, -0.976759791374, -0.980522572994, -0.964126288891, -0.961536049843], "max": [-0.273727983236, -0.267233878374, -0.359409034252, -0.449515759945, -0.518286168575, -0.514381229877], "dvar2": [0.00520082842559, 0.00424710148945, 0.00260178465396, 0.00168329081498, 0.00100319157355, 0.00325580104254], "median": [-0.575232386589, -0.67985355854, -0.74532777071, -0.773421943188, -0.775551915169, -0.714275240898], "dmean2": [0.0920431688428, 0.080354437232, 0.0649450793862, 0.0514328405261, 0.0374749302864, 0.072948358953], "dmean": [0.0579197704792, 0.0512336157262, 0.0430507026613, 0.034890756011, 0.0263380333781, 0.0430587306619], "var": [0.00908899400383, 0.0107509251684, 0.00984506309032, 0.00687835272402, 0.00430129328743, 0.00389114068821], "dvar": [0.00211699912325, 0.00187656120397, 0.00134532549419, 0.000902499828953, 0.000579020474106, 0.00119173747953], "mean": [-0.577848374844, -0.674450933933, -0.727898359299, -0.763962626457, -0.769321143627, -0.711796700954]}, "dissonance": {"min": 0.0772005319595, "max": 0.500000119209, "dvar2": 0.0024392826017, "median": 0.431805998087, "dmean2": 0.0558942854404, "dmean": 0.0337459594011, "var": 0.0021905687172, "dvar": 0.000928093446419, "mean": 0.423686444759}, "spectral_energyband_high": {"min": 7.2881260107e-21, "max": 0.000968685548287, "dvar2": 3.26094151681e-09, "median": 8.6829850261e-06, "dmean2": 2.80955937342e-05, "dmean": 2.02139799512e-05, "var": 5.08295583401e-09, "dvar": 1.73427294747e-09, "mean": 3.75235904357e-05}, "gfcc": {"mean": [-145.654022217, 221.495346069, -162.933410645, 8.34828281403, -23.4435558319, -50.9610862732, -3.36107063293, -17.9138813019, -19.6399040222, -12.7897224426, -1.45461082458, -13.2193040848, -1.38755369186], "icov": [[0.000501066097058, -0.000518746033777, 0.000622591178399, 1.27672692543e-05, -0.000409472617321, 0.00107486802153, -0.000792645616457, 0.00045367210987, 0.000294156896416, -0.000553315097932, 0.000626490626018, -0.000346128945239, 0.000414655834902], [-0.000518746033777, 0.00516630429775, -0.00266852974892, 0.00290518836118, -0.00292974640615, 0.002133019967, -0.0029396652244, 0.00360781583004, -0.00437038112432, 0.00502620823681, -0.00338805187494, 0.003165157279, -0.00130261760205], [0.000622591178399, -0.00266852974892, 0.0028924269136, -0.00222839973867, 0.0015642727958, -0.00145550630987, 0.00312377489172, -0.00265009119175, 0.00372979184613, -0.00274463952519, 0.00171635812148, -0.00112499471288, 0.000402358884457], [1.27672692543e-05, 0.00290518836118, -0.00222839973867, 0.00485514989123, -0.00345650827512, 0.00438352115452, -0.00612568063661, 0.00642395485193, -0.00737880170345, 0.00624397257343, -0.00334355980158, 0.00287682795897, -0.000622771505732], [-0.000409472617321, -0.00292974640615, 0.0015642727958, -0.00345650827512, 0.0102216079831, -0.00847205612808, 0.00972807966173, -0.010816577822, 0.00966462586075, -0.00949886534363, 0.00856066122651, -0.00593833718449, 0.0035982937552], [0.00107486802153, 0.002133019967, -0.00145550630987, 0.00438352115452, -0.00847205612808, 0.0140438284725, -0.0151580674574, 0.0136044519022, -0.0125359548256, 0.010227474384, -0.00717573938891, 0.00451536709443, -0.000162944139447], [-0.000792645616457, -0.0029396652244, 0.00312377489172, -0.00612568063661, 0.00972807966173, -0.0151580674574, 0.0227143391967, -0.0180012360215, 0.0176838412881, -0.013558649458, 0.0100207524374, -0.00565549079329, 0.00300119095482], [0.00045367210987, 0.00360781583004, -0.00265009119175, 0.00642395485193, -0.010816577822, 0.0136044519022, -0.0180012360215, 0.0241374708712, -0.0210286546499, 0.0154397459701, -0.0129339750856, 0.00984496157616, -0.00525349704549], [0.000294156896416, -0.00437038112432, 0.00372979184613, -0.00737880170345, 0.00966462586075, -0.0125359548256, 0.0176838412881, -0.0210286546499, 0.0302655268461, -0.0234561171383, 0.0197243038565, -0.0148600330576, 0.00753001170233], [-0.000553315097932, 0.00502620823681, -0.00274463952519, 0.00624397257343, -0.00949886534363, 0.010227474384, -0.013558649458, 0.0154397459701, -0.0234561171383, 0.0383482202888, -0.0299999564886, 0.0184312108904, -0.00675319274887], [0.000626490626018, -0.00338805187494, 0.00171635812148, -0.00334355980158, 0.00856066122651, -0.00717573938891, 0.0100207524374, -0.0129339750856, 0.0197243038565, -0.0299999564886, 0.0348198339343, -0.0197090767324, 0.00756596960127], [-0.000346128945239, 0.003165157279, -0.00112499471288, 0.00287682795897, -0.00593833718449, 0.00451536709443, -0.00565549079329, 0.00984496157616, -0.0148600330576, 0.0184312108904, -0.0197090767324, 0.0246790722013, -0.010460969992], [0.000414655834902, -0.00130261760205, 0.000402358884457, -0.000622771505732, 0.0035982937552, -0.000162944139447, 0.00300119095482, -0.00525349704549, 0.00753001170233, -0.00675319274887, 0.00756596960127, -0.010460969992, 0.0181772634387]], "cov": [[6235.27294922, 78.5972976685, -1886.74304199, -691.876159668, 93.5724182129, -565.442321777, 195.461700439, 108.211296082, -171.919311523, 144.074691772, -35.3190345764, -54.5957946777, -35.1094322205], [78.5972976685, 494.531646729, 366.840301514, -139.907791138, 70.5633087158, -43.712223053, -75.2913894653, -9.02533817291, -42.1328010559, -27.5558948517, -9.6964225769, -24.9545040131, 13.0859394073], [-1886.74304199, 366.840301514, 1486.70678711, 366.243988037, -29.1016998291, 2.40599679947, -215.350997925, -82.866859436, -20.4471263885, -82.9244842529, -2.42445588112, -7.13967609406, 40.9188613892], [-691.876159668, -139.907791138, 366.243988037, 651.795288086, 11.5525636673, 64.3388748169, 12.7876768112, -51.9868278503, 73.5323944092, -73.0585327148, -71.4418334961, -7.82263326645, -31.2345333099], [93.5724182129, 70.5633087158, -29.1016998291, 11.5525636673, 286.314025879, 133.856140137, 23.1964950562, 58.1880531311, 35.0916938782, -4.92699384689, -40.3371963501, -9.86884784698, -43.7853660583], [-565.442321777, -43.712223053, 2.40599679947, 64.3388748169, 133.856140137, 462.098876953, 188.304794312, -34.9815559387, 36.9638595581, -30.9284915924, -35.215171814, -19.5095729828, -75.0115127563], [195.461700439, -75.2913894653, -215.350997925, 12.7876768112, 23.1964950562, 188.304794312, 248.460327148, 50.3222198486, -14.1934480667, 7.00572013855, -14.8837690353, -32.784198761, -38.2215652466], [108.211296082, -9.02533817291, -82.866859436, -51.9868278503, 58.1880531311, -34.9815559387, 50.3222198486, 179.321929932, 69.1120223999, 23.1199150085, 3.47931861877, -5.9424290657, 3.71525359154], [-171.919311523, -42.1328010559, -20.4471263885, 73.5323944092, 35.0916938782, 36.9638595581, -14.1934480667, 69.1120223999, 151.727783203, 25.7585086823, -14.0577411652, 17.7699947357, -17.6293144226], [144.074691772, -27.5558948517, -82.9244842529, -73.0585327148, -4.92699384689, -30.9284915924, 7.00572013855, 23.1199150085, 25.7585086823, 113.617790222, 75.3357315063, -2.42073249817, -0.91518843174], [-35.3190345764, -9.6964225769, -2.42445588112, -71.4418334961, -40.3371963501, -35.215171814, -14.8837690353, 3.47931861877, -14.0577411652, 75.3357315063, 122.248146057, 40.1025085449, 14.8564548492], [-54.5957946777, -24.9545040131, -7.13967609406, -7.82263326645, -9.86884784698, -19.5095729828, -32.784198761, -5.9424290657, 17.7699947357, -2.42073249817, 40.1025085449, 99.9855270386, 37.4101257324], [-35.1094322205, 13.0859394073, 40.9188613892, -31.2345333099, -43.7853660583, -75.0115127563, -38.2215652466, 3.71525359154, -17.6293144226, -0.91518843174, 14.8564548492, 37.4101257324, 92.4648361206]]}, "spectral_flux": {"min": 6.66538421679e-11, "max": 0.323546618223, "dvar2": 0.00166832050309, "median": 0.0694610103965, "dmean2": 0.0403687208891, "dmean": 0.0253640785813, "var": 0.00171242048964, "dvar": 0.000706954917405, "mean": 0.0749366059899}, "silence_rate_30dB": {"min": 0, "max": 1, "dvar2": 0.00679351575673, "median": 1, "dmean2": 0.00511436304078, "dmean": 0.00255681807175, "var": 0.00184299785178, "dvar": 0.00255027436651, "mean": 0.998153686523}, "spectral_energyband_middle_high": {"min": 1.50901563542e-21, "max": 0.103905826807, "dvar2": 4.33027271356e-05, "median": 0.00162655557506, "dmean2": 0.00328862341121, "dmean": 0.00245564221404, "var": 0.00011435252236, "dvar": 2.38002412516e-05, "mean": 0.00613864790648}, "barkbands_spread": {"min": 0.121281981468, "max": 129.736602783, "dvar2": 31.8754196167, "median": 7.1835975647, "dmean2": 3.84203720093, "dmean": 2.58043146133, "var": 41.1735610962, "dvar": 13.9909944534, "mean": 8.32586193085}, "spectral_centroid": {"min": 122.466178894, "max": 11207.1171875, "dvar2": 81872.3359375, "median": 615.469116211, "dmean2": 209.854705811, "dmean": 152.895751953, "var": 239570.734375, "dvar": 47311.4257813, "mean": 749.230651855}, "pitch_salience": {"min": 0.0381674245, "max": 0.896115660667, "dvar2": 0.0133166871965, "median": 0.551940143108, "dmean2": 0.128186881542, "dmean": 0.0806819647551, "var": 0.0142934694886, "dvar": 0.00533899990842, "mean": 0.541251540184}, "erbbands_skewness": {"min": -4.13940143585, "max": 9.72921466827, "dvar2": 0.672957122326, "median": 0.810079932213, "dmean2": 0.759528577328, "dmean": 0.514155387878, "var": 1.63232803345, "dvar": 0.334614604712, "mean": 1.07630741596}, "erbbands_crest": {"min": 3.28679656982, "max": 32.0372581482, "dvar2": 20.6239471436, "median": 10.9369821548, "dmean2": 4.96972608566, "dmean": 3.16121768951, "var": 25.7565803528, "dvar": 8.56165981293, "mean": 12.0013561249}, "melbands": {"min": [4.7652945527e-24, 1.02703662962e-23, 1.64568543148e-24, 3.8436640184e-24, 4.98273538376e-24, 5.54838849028e-24, 5.2486978658e-24, 4.75522592654e-24, 6.61040273912e-24, 1.18028753328e-23, 9.89654956795e-24, 8.1364454828e-24, 6.52101454337e-24, 3.14092443871e-24, 4.06011837889e-24, 6.75305166775e-24, 1.0430930256e-23, 9.77113172807e-24, 7.60886556458e-24, 7.83525050058e-24, 7.1663903274e-24, 7.26164370398e-24, 7.82195898319e-24, 5.61804688036e-24, 1.01007170254e-23, 6.20559008814e-24, 8.70188756903e-24, 8.37127438593e-24, 6.96964210675e-24, 7.45817341016e-24, 6.60935158197e-24, 8.20036924854e-24, 9.2461416402e-24, 1.01090229419e-23, 9.52579993085e-24, 6.95154721531e-24, 7.249036129e-24, 9.49023571466e-24, 1.05949801922e-23, 9.0360829695e-24], "max": [0.00372864003293, 0.0559564940631, 0.0148905767128, 0.0286364108324, 0.0288901608437, 0.0148197636008, 0.0108166439459, 0.0223170518875, 0.00874045770615, 0.0122176986188, 0.0132620986551, 0.0138975717127, 0.0132269961759, 0.0087707284838, 0.00485093938187, 0.00656541436911, 0.00737677002326, 0.00469470722601, 0.000976652023382, 0.000588866241742, 0.000439138762886, 0.000289139774395, 0.000398787640734, 0.000350696820533, 0.000425471749622, 0.000207172794035, 0.000123593679746, 5.44207177882e-05, 2.04143034352e-05, 1.30818270918e-05, 3.96501582145e-06, 2.25496592066e-06, 4.00361642505e-07, 2.33815171669e-07, 6.06388823599e-08, 2.48424640859e-08, 1.77399854806e-08, 3.98352506537e-09, 4.52482801228e-10, 1.91998236754e-10], "dvar2": [1.36582031018e-07, 4.75313663628e-06, 1.13203827823e-06, 5.48146272195e-06, 2.87900866169e-06, 1.29312218178e-06, 5.94230755269e-07, 8.21338801416e-07, 2.75135704442e-07, 4.58468946363e-07, 3.09580997282e-07, 3.38690881563e-07, 2.22194216803e-07, 1.23400567986e-07, 5.61912472108e-08, 4.11952640889e-08, 2.53154279761e-08, 8.77661054943e-09, 3.1787064092e-09, 1.66045854844e-09, 1.03231745374e-09, 4.27277879744e-10, 5.28768862029e-10, 3.67575109239e-10, 4.57025944867e-10, 1.18654919223e-10, 3.84709070156e-11, 1.01937503577e-11, 1.0641449744e-12, 1.25176656692e-13, 2.61504990026e-14, 5.77914189824e-15, 4.51894724338e-16, 9.35570058683e-17, 5.67447968163e-18, 7.96081775147e-19, 1.44309438528e-19, 1.2062586657e-20, 1.16521566411e-21, 6.04376656992e-22], "median": [4.22431621701e-05, 0.000213360966882, 0.000246268842602, 0.000437545910245, 0.000386098807212, 0.000272559875157, 0.000175576467882, 8.37125480757e-05, 6.0729089455e-05, 2.98120194202e-05, 3.33470925398e-05, 2.62367284449e-05, 1.4428645045e-05, 1.14383437904e-05, 8.45421163831e-06, 4.47984166385e-06, 4.32679416917e-06, 4.1345729187e-06, 2.44409329753e-06, 2.30688556258e-06, 1.714358973e-06, 1.65570929767e-06, 1.51031724727e-06, 1.68393353306e-06, 1.75621732978e-06, 1.07098549051e-06, 6.38571862055e-07, 4.03417885764e-07, 1.36772939641e-07, 3.42417187937e-08, 8.57662030285e-09, 3.04086800185e-09, 1.26889476704e-09, 5.72905889396e-10, 2.90981821971e-10, 1.10885994831e-10, 5.45462668089e-11, 2.58296283667e-11, 1.22594807569e-11, 6.47234175977e-12], "dmean2": [0.000178163303644, 0.000871788768563, 0.000515667779837, 0.00104628677946, 0.000783860392403, 0.000549211457837, 0.00038044602843, 0.000305534922518, 0.000227750395425, 0.00021547912911, 0.000183367956197, 0.000170812942088, 0.000132606408442, 9.95895461529e-05, 7.38191884011e-05, 4.19002099079e-05, 4.12638364651e-05, 3.21155202982e-05, 1.95788634301e-05, 1.56086862262e-05, 1.11987383207e-05, 8.01447913545e-06, 7.80005939305e-06, 6.84154292685e-06, 8.70867370395e-06, 4.71766952614e-06, 2.48687524618e-06, 1.49281072481e-06, 5.05059176703e-07, 1.17226242935e-07, 4.22972803449e-08, 2.00178327248e-08, 7.1058758877e-09, 2.47624587502e-09, 7.25843329885e-10, 2.39597341967e-10, 9.1630064647e-11, 3.96583252349e-11, 2.23545036648e-11, 1.70572687919e-11], "dmean": [0.000106482453702, 0.000551279983483, 0.000340730184689, 0.000691285938956, 0.000524625880644, 0.000371450179955, 0.000253362406511, 0.000199856862309, 0.000152882785187, 0.000143407756696, 0.000126592523884, 0.00011855266348, 9.53358612605e-05, 7.14707421139e-05, 5.13087034051e-05, 2.87854763883e-05, 3.01033742289e-05, 2.26429056056e-05, 1.31338283609e-05, 1.05752023956e-05, 7.51992865844e-06, 5.36571360499e-06, 5.22477239429e-06, 4.61772287963e-06, 5.89478622715e-06, 3.36215907737e-06, 1.75841057626e-06, 1.05565470676e-06, 3.60865527682e-07, 8.00304249537e-08, 2.87238357544e-08, 1.35758009279e-08, 4.64289673374e-09, 1.63386348895e-09, 4.84541851087e-10, 1.61691396383e-10, 5.93428570173e-11, 2.52596814992e-11, 1.28056202794e-11, 9.3386938807e-12], "var": [1.0053673094e-07, 3.47173818227e-06, 7.62260583542e-07, 3.34584046868e-06, 3.17793296745e-06, 1.78019683972e-06, 7.05761181052e-07, 8.51108325151e-07, 3.1261046729e-07, 4.3318294729e-07, 4.40570403271e-07, 3.90342847822e-07, 4.10521209915e-07, 1.92987897663e-07, 5.4684498707e-08, 2.77679905736e-08, 7.98571520022e-08, 2.9183555128e-08, 3.73126951558e-09, 1.81554959955e-09, 1.18263443483e-09, 4.19108941996e-10, 4.95940399858e-10, 2.61783400513e-10, 4.71034600213e-10, 1.82975426477e-10, 4.71263618407e-11, 1.45566735749e-11, 1.86035843848e-12, 1.0065224072e-13, 1.94076339336e-14, 4.95831403279e-15, 3.43417147077e-16, 5.63983917737e-17, 4.34316019628e-18, 6.95164189452e-19, 1.39658537985e-19, 1.24492992479e-20, 5.92554143756e-22, 1.97907215091e-22], "dvar": [5.11596631725e-08, 2.09538484341e-06, 4.75373951758e-07, 2.3780767151e-06, 1.31827550831e-06, 6.09581434219e-07, 2.68628610911e-07, 3.63835425787e-07, 1.23531904705e-07, 2.11429437513e-07, 1.5857315816e-07, 1.51434136342e-07, 1.13514495581e-07, 6.42959605557e-08, 2.57598600228e-08, 1.86156849935e-08, 1.91171718456e-08, 6.25032825496e-09, 1.481336942e-09, 7.62064578108e-10, 4.87529128179e-10, 2.01496375141e-10, 2.45162723456e-10, 1.60050570019e-10, 2.01352018392e-10, 6.16924705765e-11, 1.80694070817e-11, 5.07073116135e-12, 5.72205423235e-13, 6.11171066555e-14, 1.23398038275e-14, 2.97654471566e-15, 2.0514359771e-16, 4.00831806334e-17, 2.53590456111e-18, 3.85657373418e-19, 6.99590911124e-20, 6.18145245905e-21, 4.09426786771e-22, 1.90019577916e-22], "mean": [0.000161910007591, 0.000800701032858, 0.00053432455752, 0.00102474645246, 0.000976765761152, 0.00077761959983, 0.000491466955282, 0.000368885754142, 0.000279777799733, 0.000243153699557, 0.000231858241023, 0.000224638875807, 0.000185792159755, 0.000129945663502, 8.29441560199e-05, 4.29993888247e-05, 5.35545696039e-05, 3.88899825339e-05, 2.02663377422e-05, 1.71122355823e-05, 1.26684781208e-05, 8.54003064887e-06, 8.21653793537e-06, 7.51457309889e-06, 1.00442048279e-05, 6.12424582869e-06, 3.22436335409e-06, 1.98291081688e-06, 6.6584692604e-07, 1.26849187154e-07, 4.18539194413e-08, 1.89493167824e-08, 6.87738443972e-09, 2.49144149755e-09, 8.16666623216e-10, 2.80288542376e-10, 1.11275565151e-10, 4.61381037542e-11, 1.99413818791e-11, 1.12742055275e-11]}, "spectral_entropy": {"min": 3.56497144699, "max": 9.80415248871, "dvar2": 0.0965512543917, "median": 6.55464363098, "dmean2": 0.293817907572, "dmean": 0.206360951066, "var": 0.266129881144, "dvar": 0.050217885524, "mean": 6.48019790649}, "spectral_rolloff": {"min": 107.666015625, "max": 19315.2832031, "dvar2": 285125.40625, "median": 624.462890625, "dmean2": 298.579101563, "dmean": 186.922103882, "var": 473729.53125, "dvar": 140681.703125, "mean": 796.291809082}, "barkbands": {"min": [1.49226797957e-23, 1.16924245508e-23, 1.53997876043e-23, 1.7007251443e-24, 1.92103975619e-23, 2.16620399936e-23, 1.56756128198e-23, 2.83782266135e-23, 1.00607527009e-22, 8.34794824228e-23, 4.934423412e-23, 3.27200981032e-23, 5.00458880299e-23, 1.1512431578e-22, 9.08332942684e-23, 1.02696235048e-22, 1.69076595681e-22, 1.37749553362e-22, 2.10229108835e-22, 2.71936989528e-22, 2.90622188743e-22, 4.33835127677e-22, 5.0084135162e-22, 7.46319921144e-22, 1.15183496757e-21, 1.73672547278e-21, 2.09682187152e-21], "max": [0.00013058258628, 0.0237871520221, 0.15704074502, 0.0197800900787, 0.106694296002, 0.120594523847, 0.0575575456023, 0.0835104733706, 0.0680660903454, 0.0989910662174, 0.0921386107802, 0.0595719069242, 0.0536408945918, 0.0596691407263, 0.0117154670879, 0.00650101294741, 0.00619054259732, 0.00554718542844, 0.00596272619441, 0.00196215137839, 0.000486227247166, 7.09379819455e-05, 5.45376724403e-06, 7.58755561492e-07, 2.03588701453e-08, 1.69892171442e-08, 1.79367081188e-08], "dvar2": [1.22558921345e-10, 4.4768726184e-06, 3.27927918988e-05, 2.37352514887e-06, 8.92623356776e-05, 4.23455130658e-05, 1.2316529137e-05, 1.86923407455e-05, 1.78333921212e-05, 1.74208616954e-05, 1.43236602526e-05, 8.4090843302e-06, 4.18363879362e-06, 2.74848616755e-06, 5.46799299173e-07, 2.88556577743e-07, 1.37301029213e-07, 1.31251169933e-07, 1.30283254407e-07, 1.33204816066e-08, 3.02784158857e-10, 8.25159558737e-12, 5.33468973477e-14, 2.71000356419e-16, 7.08347349445e-18, 6.67042085557e-18, 7.54449350987e-18], "median": [4.14926125814e-06, 0.000194658103283, 0.000461864226963, 0.000191170925973, 0.0025425220374, 0.00144398061093, 0.00072677253047, 0.000325038388837, 0.000217482273001, 0.000212117913179, 8.12036014395e-05, 0.00010110677249, 5.30938632437e-05, 4.90224447276e-05, 3.18831152981e-05, 3.02905264107e-05, 2.7973916076e-05, 3.56198434019e-05, 3.40400292771e-05, 1.48937297126e-05, 1.78318362032e-06, 1.15045722282e-07, 1.99032541559e-08, 3.30477023525e-09, 5.75433312111e-10, 2.48950415838e-10, 2.68723404639e-10], "dmean2": [9.85697170108e-06, 0.000981825985946, 0.0021736684721, 0.000673130853102, 0.00471388921142, 0.00306652486324, 0.00171128613874, 0.00157427135855, 0.00143121532165, 0.00134373956826, 0.00102681852877, 0.00093203142751, 0.000483152456582, 0.000464700366138, 0.00027000164846, 0.000206900818739, 0.000132172019221, 0.000144249250297, 0.00015760678798, 5.18472952535e-05, 6.69832070344e-06, 7.33553463306e-07, 6.00834155762e-08, 4.98982499764e-09, 1.82098958135e-09, 1.73734460152e-09, 1.84969450867e-09], "dmean": [5.96321251578e-06, 0.000591397634707, 0.00138749286998, 0.000425433507189, 0.00316627323627, 0.00208586803637, 0.00113036774565, 0.00103314290754, 0.000939962512348, 0.000926853041165, 0.000733443011995, 0.000658460892737, 0.000319717859384, 0.000327024143189, 0.000181071736733, 0.000138199378853, 8.77781494637e-05, 9.85359365586e-05, 0.000110020744614, 3.64550360246e-05, 4.6504292186e-06, 5.04785134581e-07, 4.00587047977e-08, 3.29197624716e-09, 9.88749748743e-10, 9.29535393102e-10, 9.89661130824e-10], "var": [8.90999010683e-11, 3.41164741258e-06, 2.34054405155e-05, 1.62608773735e-06, 6.32369410596e-05, 5.89261144341e-05, 1.29274421852e-05, 1.98461839318e-05, 1.66758673004e-05, 2.2288533728e-05, 2.21502596105e-05, 1.28390975078e-05, 2.89742183668e-06, 8.96998153621e-06, 6.51605887469e-07, 3.28100071556e-07, 1.20971250794e-07, 1.1565362712e-07, 1.7095369742e-07, 1.71604597199e-08, 3.0893393399e-10, 7.14068604593e-12, 3.42155198217e-14, 3.50445826473e-16, 2.09336458775e-18, 1.61306226847e-18, 1.82418016409e-18], "dvar": [5.35212638098e-11, 1.69955933416e-06, 1.47434902829e-05, 9.63503680396e-07, 3.97213771066e-05, 1.97410772671e-05, 5.41370400242e-06, 8.34244292491e-06, 8.09209268482e-06, 8.5058482e-06, 7.30341525923e-06, 4.43976023234e-06, 1.82133624094e-06, 1.92972083823e-06, 2.62171994336e-07, 1.31730644171e-07, 6.34595593851e-08, 6.06831704886e-08, 6.15551911665e-08, 6.40412700648e-09, 1.53742477083e-10, 4.32619651908e-12, 2.326169483e-14, 1.51547667382e-16, 2.21340359068e-18, 2.06613400878e-18, 2.33693908606e-18], "mean": [7.07398885424e-06, 0.000898371508811, 0.00183275144082, 0.000602357904427, 0.00512752775103, 0.00425744149834, 0.0020842726808, 0.00184079201426, 0.00161034381017, 0.00169821816962, 0.00130391702987, 0.00116111524403, 0.00048682736815, 0.000588123279158, 0.000279175903415, 0.000230871431995, 0.000140009404276, 0.000161002302775, 0.000199942674953, 6.9630179496e-05, 7.28368149794e-06, 7.1438392979e-07, 6.54521628007e-08, 6.38442276824e-09, 1.08402531396e-09, 7.21904147571e-10, 7.7195921877e-10]}, "melbands_flatness_db": {"min": 0.00528811616823, "max": 0.660563588142, "dvar2": 0.00174081476871, "median": 0.368816286325, "dmean2": 0.042619343847, "dmean": 0.0302139464766, "var": 0.00529857398942, "dvar": 0.000899824779481, "mean": 0.377037197351}, "melbands_skewness": {"min": -2.03371024132, "max": 13.0025606155, "dvar2": 1.7917163372, "median": 1.79875051975, "dmean2": 1.20469343662, "dmean": 0.798532187939, "var": 2.98360919952, "dvar": 0.799526393414, "mean": 2.14862036705}, "barkbands_skewness": {"min": -2.28993391991, "max": 18.956495285, "dvar2": 1.70058822632, "median": 1.46660172939, "dmean2": 1.10846090317, "dmean": 0.739693701267, "var": 2.77997660637, "dvar": 0.765620172024, "mean": 1.785343647}, "silence_rate_60dB": {"min": 0, "max": 1, "dvar2": 0.111386209726, "median": 0, "dmean2": 0.113084241748, "dmean": 0.056534089148, "var": 0.0923671349883, "dvar": 0.0533386431634, "mean": 0.102968327701}, "spectral_energyband_low": {"min": 7.9095473139e-23, "max": 0.183053657413, "dvar2": 5.17621265317e-05, "median": 0.00103199156001, "dmean2": 0.00309320935048, "dmean": 0.00196835678071, "var": 3.95544739149e-05, "dvar": 2.30471468967e-05, "mean": 0.00304389954545}, "spectral_energyband_middle_low": {"min": 3.50869250502e-22, "max": 0.125015199184, "dvar2": 0.000188389822142, "median": 0.0122634833679, "dmean2": 0.00924643594772, "dmean": 0.00644764769822, "var": 0.000229360957746, "dvar": 8.76254707691e-05, "mean": 0.015966584906}, "melbands_kurtosis": {"min": -1.72206914425, "max": 295.512023926, "dvar2": 642.839233398, "median": 6.51342821121, "dmean2": 13.2842054367, "dmean": 8.52407646179, "var": 529.968811035, "dvar": 269.965423584, "mean": 14.8676223755}, "spectral_decrease": {"min": -4.96467507105e-08, "max": 3.46039326179e-29, "dvar2": 1.65068920493e-17, "median": -5.46158274162e-09, "dmean2": 3.09521697162e-09, "dmean": 2.19028084558e-09, "var": 2.39701076194e-17, "dvar": 7.83489098034e-18, "mean": -6.16667383824e-09}, "erbbands_kurtosis": {"min": -1.87837731838, "max": 156.98789978, "dvar2": 62.8331336975, "median": 0.95568716526, "dmean2": 3.91231632233, "dmean": 2.56421756744, "var": 83.9029312134, "dvar": 29.2460021973, "mean": 3.64452052116}, "melbands_crest": {"min": 2.05481433868, "max": 34.2706718445, "dvar2": 25.4223251343, "median": 14.0491199493, "dmean2": 5.76926469803, "dmean": 3.67638134956, "var": 32.4337463379, "dvar": 10.6257925034, "mean": 14.9706325531}, "melbands_spread": {"min": 0.272841662169, "max": 156.913925171, "dvar2": 52.3901596069, "median": 9.24910068512, "dmean2": 5.24148225784, "dmean": 3.62222218513, "var": 103.492988586, "dvar": 26.1842212677, "mean": 11.700293541}, "spectral_energy": {"min": 1.05844415595e-20, "max": 0.189489364624, "dvar2": 0.000253564212471, "median": 0.0216374937445, "dmean2": 0.0122162746266, "dmean": 0.00867313425988, "var": 0.000383342470741, "dvar": 0.000120809163491, "mean": 0.0245878007263}, "mfcc": {"mean": [-761.477294922, 222.401931763, -41.6929550171, 34.9552078247, -0.408356517553, -22.3494930267, 12.5139665604, -9.57325935364, -9.6661195755, -1.07419800758, -7.99420642853, -6.06773328781, -1.76301515102], "icov": [[0.858206927776, -1.19889760017, 1.16115558147, -1.09449374676, 1.01877772808, -0.919274687767, 0.808024287224, -0.67542797327, 0.545163631439, -0.431619316339, 0.319385617971, -0.206098839641, 0.0952934250236], [-1.19889760017, 1.67677760124, -1.62236976624, 1.53023123741, -1.42492365837, 1.28689396381, -1.13166344166, 0.946769475937, -0.764085888863, 0.605645775795, -0.44810590148, 0.289484500885, -0.133516833186], [1.16115558147, -1.62236976624, 1.57278263569, -1.4822974205, 1.37981927395, -1.24760389328, 1.09792232513, -0.919703125954, 0.744179904461, -0.589517652988, 0.437727659941, -0.282966673374, 0.131733328104], [-1.09449374676, 1.53023123741, -1.4822974205, 1.40015280247, -1.30307281017, 1.17830431461, -1.03756189346, 0.870913505554, -0.705094575882, 0.559017062187, -0.414242506027, 0.268487751484, -0.125007092953], [1.01877772808, -1.42492365837, 1.37981927395, -1.30307281017, 1.21960473061, -1.1013122797, 0.972798168659, -0.817905664444, 0.661730587482, -0.526687026024, 0.391767650843, -0.254843771458, 0.118295423687], [-0.919274687767, 1.28689396381, -1.24760389328, 1.17830431461, -1.1013122797, 1.00395822525, -0.886395573616, 0.74557775259, -0.607789993286, 0.486079871655, -0.36537694931, 0.237925246358, -0.110503107309], [0.808024287224, -1.13166344166, 1.09792232513, -1.03756189346, 0.972798168659, -0.886395573616, 0.79122453928, -0.666929006577, 0.544184684753, -0.437085658312, 0.327385514975, -0.213548079133, 0.100902460515], [-0.67542797327, 0.946769475937, -0.919703125954, 0.870913505554, -0.817905664444, 0.74557775259, -0.666929006577, 0.577421486378, -0.470870018005, 0.3753079772, -0.28386721015, 0.186775401235, -0.0904469043016], [0.545163631439, -0.764085888863, 0.744179904461, -0.705094575882, 0.661730587482, -0.607789993286, 0.544184684753, -0.470870018005, 0.394180625677, -0.311944752932, 0.235288947821, -0.156887561083, 0.0774983018637], [-0.431619316339, 0.605645775795, -0.589517652988, 0.559017062187, -0.526687026024, 0.486079871655, -0.437085658312, 0.3753079772, -0.311944752932, 0.259491443634, -0.194612324238, 0.129372760653, -0.0636105388403], [0.319385617971, -0.44810590148, 0.437727659941, -0.414242506027, 0.391767650843, -0.36537694931, 0.327385514975, -0.28386721015, 0.235288947821, -0.194612324238, 0.162587061524, -0.106320232153, 0.0496342852712], [-0.206098839641, 0.289484500885, -0.282966673374, 0.268487751484, -0.254843771458, 0.237925246358, -0.213548079133, 0.186775401235, -0.156887561083, 0.129372760653, -0.106320232153, 0.0833731889725, -0.0391257852316], [0.0952934250236, -0.133516833186, 0.131733328104, -0.125007092953, 0.118295423687, -0.110503107309, 0.100902460515, -0.0904469043016, 0.0774983018637, -0.0636105388403, 0.0496342852712, -0.0391257852316, 0.0290766637772]], "cov": [[4973.79833984, 993.128540039, -2497.97338867, 164.899734497, -697.77355957, -399.945526123, 149.237182617, -259.062255859, 87.765335083, 12.46048069, 0.726333737373, -27.2736988068, 36.2942466736], [993.128540039, 819.961120605, -168.633987427, -157.419509888, -24.5645122528, -206.749313354, 2.65267300606, -87.6896514893, -85.3670043945, 11.8167057037, -65.1581878662, -10.6622695923, -19.9115962982], [-2497.97338867, -168.633987427, 1767.1751709, 125.918312073, 382.363037109, 179.778167725, -111.846191406, 79.4435577393, -97.888999939, -51.0646972656, -56.3547286987, -9.77736282349, -57.5184783936], [164.899734497, -157.419509888, 125.918312073, 541.218566895, 50.7204933167, -62.7108459473, -51.9323768616, -38.1010398865, 40.1774406433, -25.6210479736, -32.2961120605, 0.464120417833, 2.69800829887], [-697.77355957, -24.5645122528, 382.363037109, 50.7204933167, 375.186859131, 90.7427139282, -87.1447601318, 91.374671936, 21.9708766937, -6.26236915588, 13.2478542328, 23.3801021576, 1.45200490952], [-399.945526123, -206.749313354, 179.778167725, -62.7108459473, 90.7427139282, 404.009857178, 114.396141052, 103.983291626, 67.6415023804, -24.7255420685, 84.3200836182, -13.3784837723, -26.3413887024], [149.237182617, 2.65267300606, -111.846191406, -51.9323768616, -87.1447601318, 114.396141052, 233.157485962, 50.4265861511, 9.16408061981, 59.5959091187, 16.7730770111, -14.3608474731, 1.57714879513], [-259.062255859, -87.6896514893, 79.4435577393, -38.1010398865, 91.374671936, 103.983291626, 50.4265861511, 179.575622559, 101.264625549, 3.5023124218, 44.1376113892, 9.54893875122, 4.93873882294], [87.765335083, -85.3670043945, -97.888999939, 40.1774406433, 21.9708766937, 67.6415023804, 9.16408061981, 101.264625549, 166.025131226, 39.2482414246, 32.1389350891, 10.0599002838, -10.5033273697], [12.46048069, 11.8167057037, -51.0646972656, -25.6210479736, -6.26236915588, -24.7255420685, 59.5959091187, 3.5023124218, 39.2482414246, 141.340744019, 32.9034538269, 1.17252182961, 20.23005867], [0.726333737373, -65.1581878662, -56.3547286987, -32.2961120605, 13.2478542328, 84.3200836182, 16.7730770111, 44.1376113892, 32.1389350891, 32.9034538269, 115.049583435, 47.7853965759, 14.7640895844], [-27.2736988068, -10.6622695923, -9.77736282349, 0.464120417833, 23.3801021576, -13.3784837723, -14.3608474731, 9.54893875122, 10.0599002838, 1.17252182961, 47.7853965759, 98.4920120239, 47.0057830811], [36.2942466736, -19.9115962982, -57.5184783936, 2.69800829887, 1.45200490952, -26.3413887024, 1.57714879513, 4.93873882294, -10.5033273697, 20.23005867, 14.7640895844, 47.0057830811, 110.376754761]]}, "spectral_contrast_valleys": {"min": [-27.3406333923, -27.9956970215, -27.1602878571, -27.2707901001, -27.2821407318, -27.2750778198], "max": [-5.66645097733, -4.78995943069, -5.42804431915, -6.18868780136, -6.59238576889, -12.0463809967], "dvar2": [0.350468277931, 0.276209264994, 0.205036580563, 0.171610549092, 0.1542314291, 0.668341577053], "median": [-7.89827823639, -6.86208057404, -7.72713804245, -8.37774372101, -8.57290744781, -14.2279920578], "dmean2": [0.744884371758, 0.607265353203, 0.525414407253, 0.451882749796, 0.39288303256, 1.03820991516], "dmean": [0.450148135424, 0.394333541393, 0.354135513306, 0.322036981583, 0.299206197262, 0.589403510094], "var": [0.722516536713, 0.965614914894, 0.918566763401, 0.892129838467, 0.819901823997, 0.550305128098], "dvar": [0.143793091178, 0.143424749374, 0.116764999926, 0.107953287661, 0.105590343475, 0.219417616725], "mean": [-7.91210889816, -6.98279428482, -7.78488492966, -8.45623588562, -8.67076587677, -14.2207746506]}, "barkbands_flatness_db": {"min": 0.0672527775168, "max": 0.576416969299, "dvar2": 0.00164109328762, "median": 0.298583239317, "dmean2": 0.0451131165028, "dmean": 0.0291338451207, "var": 0.00321825081483, "dvar": 0.000730983854737, "mean": 0.306232601404}, "dynamic_complexity": 3.69343996048, "spectral_skewness": {"min": -0.746966779232, "max": 8.07286167145, "dvar2": 1.45699596405, "median": 2.06843352318, "dmean2": 1.44572818279, "dmean": 0.860127270222, "var": 1.60095024109, "dvar": 0.546780228615, "mean": 2.32476472855}, "erbbands_flatness_db": {"min": 0.0765735805035, "max": 0.512282788754, "dvar2": 0.0007127681165, "median": 0.322944909334, "dmean2": 0.027636481449, "dmean": 0.0187366567552, "var": 0.00199578446336, "dvar": 0.000362415303243, "mean": 0.322503477335}, "hfc": {"min": 1.1568541736e-16, "max": 116.603927612, "dvar2": 83.8825531006, "median": 9.72261047363, "dmean2": 6.57331371307, "dmean": 4.90970945358, "var": 239.909332275, "dvar": 45.7724800