{"lowlevel": {"spectral_complexity": {"min": 0, "max": 57, "dvar2": 4.19143009186, "median": 8, "dmean2": 1.95726299286, "dmean": 1.17141509056, "var": 36.3014335632, "dvar": 1.71269762516, "mean": 8.91770458221}, "silence_rate_20dB": {"min": 0, "max": 1, "dvar2": 0.000674540700857, "median": 1, "dmean2": 0.000675151066389, "dmean": 0.000337564124493, "var": 0.00124685757328, "dvar": 0.000337411445798, "mean": 0.998751044273}, "average_loudness": 0.000318570819218, "erbbands_spread": {"min": 0.590517580509, "max": 125.27191925, "dvar2": 11.6201601028, "median": 9.79533290863, "dmean2": 2.89091134071, "dmean": 1.8733099699, "var": 68.7082061768, "dvar": 4.641705513, "mean": 10.8884487152}, "spectral_kurtosis": {"min": 3.00198507309, "max": 174.552658081, "dvar2": 304.043365479, "median": 40.7460289001, "dmean2": 17.9042720795, "dmean": 10.3674964905, "var": 615.588439941, "dvar": 105.946182251, "mean": 44.1745147705}, "barkbands_kurtosis": {"min": -1.76152312756, "max": 243.979934692, "dvar2": 74.629524231, "median": 3.11449360847, "dmean2": 4.01807880402, "dmean": 2.50053477287, "var": 88.349029541, "dvar": 27.2720546722, "mean": 5.89031076431}, "spectral_strongpeak": {"min": 0, "max": 18.5499305725, "dvar2": 0.94131821394, "median": 0.648773193359, "dmean2": 0.543515443802, "dmean": 0.345647484064, "var": 1.76251542568, "dvar": 0.407284528017, "mean": 1.08833932877}, "spectral_spread": {"min": 525645.75, "max": 10291597, "dvar2": 86590676992, "median": 1497749.375, "dmean2": 334602.1875, "dmean": 196643.6875, "var": 1149010051070.0, "dvar": 32072052736, "mean": 1742866.375}, "spectral_rms": {"min": 4.91874707222e-05, "max": 0.0279653221369, "dvar2": 4.99327200032e-07, "median": 0.00196178676561, "dmean2": 0.000467265956104, "dmean": 0.000323296466377, "var": 5.62676541449e-06, "dvar": 2.4239608365e-07, "mean": 0.00272636162117}, "erbbands": {"min": [4.6773361646e-06, 1.91869057744e-05, 4.70623090223e-05, 4.22876728408e-05, 3.99758537242e-05, 4.92526742164e-05, 4.58617469121e-05, 4.82487412228e-05, 0.000102400772448, 0.000125820704852, 6.85713021085e-05, 4.02607765864e-05, 7.29249950382e-05, 6.87078863848e-05, 8.51151926327e-05, 0.00013641694386, 0.000126251165057, 8.88187569217e-05, 0.000115766073577, 0.000109542517748, 0.000126727725728, 0.000123400226585, 0.000136932707392, 0.000115408147394, 0.000128858460812, 0.000115918111987, 0.000117571711598, 9.5692834293e-05, 0.000125937600387, 0.000116440671263, 0.000112476853246, 0.000104566577647, 6.98495787219e-05, 5.60342887184e-05, 3.3470307244e-05, 2.10511007026e-05, 1.01331879705e-05, 9.32924285735e-06, 8.18779881229e-06, 3.1169547583e-06], "max": [0.266337901354, 3.29242539406, 36.9800491333, 142.037353516, 292.818908691, 205.944351196, 498.81729126, 912.698547363, 1906.36364746, 13779.0332031, 3976.72143555, 4028.47119141, 2717.32714844, 3156.69555664, 3836.01049805, 3556.65380859, 4370.81591797, 4961.7265625, 2906.23730469, 1167.41479492, 1744.05847168, 1993.06945801, 888.678833008, 670.372619629, 644.899963379, 390.174926758, 229.95715332, 85.908531189, 56.5386657715, 56.3845176697, 47.3209838867, 40.4487495422, 21.5906200409, 19.1243515015, 9.89780712128, 1.20387351513, 0.237442836165, 0.0514501519501, 0.00893314834684, 0.000939701392781], "dvar2": [2.4185896109e-05, 0.00977577827871, 0.73301422596, 6.92114067078, 49.7754745483, 103.721618652, 323.814605713, 1382.77478027, 5419.01855469, 21132.4335938, 9495.20996094, 5618.72705078, 3850.29589844, 6562.39453125, 15147.6308594, 7203.42041016, 8548.35742188, 3799.56005859, 3828.36206055, 1065.90283203, 604.668884277, 1199.34143066, 211.918502808, 32.4325828552, 38.5277557373, 11.8337249756, 7.25487518311, 2.17780661583, 0.284841805696, 0.265584826469, 0.124976404011, 0.0479258522391, 0.0150664336979, 0.0230770278722, 0.00699126487598, 4.98762274219e-05, 1.50550840772e-06, 4.85424607177e-08, 1.93909377444e-09, 2.13778272862e-10], "median": [0.000630224472843, 0.00505139632151, 0.0198656842113, 0.0888391956687, 0.348265260458, 0.930570840836, 1.86778366566, 3.72155237198, 6.57259082794, 6.62574481964, 5.10100746155, 6.94645023346, 5.94967031479, 3.77802944183, 2.40793347359, 1.72799253464, 2.36008930206, 1.36060738564, 0.973607599735, 0.489412307739, 0.228695526719, 0.165094509721, 0.0799673125148, 0.0432475581765, 0.0230034794658, 0.0135176256299, 0.00725559797138, 0.0041834092699, 0.00259470753372, 0.00126558437478, 0.000784148229286, 0.000513133883942, 0.000333605450578, 0.000207053075428, 0.000126010374515, 7.35824578442e-05, 3.84586455766e-05, 2.56980238191e-05, 2.59532571363e-05, 1.11540257421e-05], "dmean2": [0.00191752857063, 0.0275428332388, 0.116393297911, 0.442999005318, 1.53401529789, 2.76346325874, 5.60230541229, 11.4611625671, 19.6445770264, 28.5409584045, 22.1832485199, 18.1269454956, 17.6758823395, 18.0699481964, 18.7340812683, 12.4617586136, 13.9884023666, 8.50745677948, 8.16248416901, 4.62000799179, 2.69200110435, 2.92826843262, 1.17847561836, 0.568231701851, 0.437795847654, 0.316284358501, 0.163312852383, 0.136866018176, 0.057524997741, 0.0383329465985, 0.0175427179784, 0.00951766222715, 0.00440999399871, 0.00330341840163, 0.00187434768304, 0.000218658984522, 4.59166440123e-05, 1.21720449897e-05, 7.57184352551e-06, 5.96630070504e-06], "dmean": [0.00120328576304, 0.017659002915, 0.0747880339622, 0.271598994732, 0.955924868584, 1.70787739754, 3.56837844849, 7.14277744293, 12.2071523666, 18.8870429993, 15.8935136795, 13.5168399811, 12.7890520096, 12.8779525757, 12.5162296295, 8.44709968567, 9.50523757935, 5.68576622009, 5.47797679901, 2.95512771606, 1.73184800148, 1.922118783, 0.748509705067, 0.37377256155, 0.273387283087, 0.226539105177, 0.109556250274, 0.0858146846294, 0.0377243794501, 0.0241188965738, 0.0114968400449, 0.00714751519263, 0.00339214224368, 0.00228263437748, 0.00120556796901, 0.000161523625138, 3.40292099281e-05, 8.9698796728e-06, 4.81382221551e-06, 4.01147690354e-06], "var": [8.10470810393e-05, 0.0285459496081, 0.584642887115, 5.88591241837, 51.108253479, 90.0714263916, 442.408111572, 2216.6953125, 6713.56152344, 53940.8320313, 20536.3554688, 15916.2900391, 12424.3261719, 15802.0703125, 12193.9433594, 8014.73144531, 8702.05371094, 4266.89697266, 3600.91015625, 962.24810791, 491.808654785, 951.70892334, 109.900184631, 46.511806488, 34.0507774353, 20.9285907745, 5.79837083817, 2.13258123398, 0.536726474762, 0.37437030673, 0.218404456973, 0.162357479334, 0.0450693108141, 0.0269268807024, 0.0079482793808, 0.00016630195023, 4.40228768639e-06, 2.10709146131e-07, 7.63678009719e-09, 1.14191356371e-09], "dvar": [1.18204752653e-05, 0.00397471990436, 0.237920641899, 2.47022032738, 18.4033412933, 36.8250198364, 123.621032715, 490.674926758, 1834.4276123, 10380.1738281, 4950.37744141, 3175.14233398, 2245.15600586, 3570.85717773, 6210.78076172, 3195.57714844, 3765.89282227, 1710.13098145, 1632.34790039, 418.690063477, 270.386383057, 558.610656738, 77.9513626099, 14.8712968826, 17.1786975861, 7.13444137573, 3.02232027054, 0.90750181675, 0.149132534862, 0.120169453323, 0.0632884651423, 0.0402125269175, 0.0103005217388, 0.0108887823299, 0.00325309997424, 3.85203384212e-05, 1.19005335364e-06, 5.78142689278e-08, 2.02750283229e-09, 1.06737840788e-10], "mean": [0.00291780149564, 0.0499242097139, 0.190873250365, 0.598445475101, 1.95889377594, 3.70267224312, 8.1302614212, 18.1868400574, 31.1741447449, 47.473941803, 44.7441368103, 40.1273880005, 36.051486969, 32.0744934082, 24.237455368, 18.3612041473, 20.9243946075, 13.4032115936, 11.7179470062, 6.29819393158, 3.39453458786, 3.25600099564, 1.41939473152, 0.77643185854, 0.51705044508, 0.434810727835, 0.201083227992, 0.140180498362, 0.0661284551024, 0.0400505103171, 0.0251589119434, 0.0170576050878, 0.00943218544126, 0.00491656176746, 0.00256344419904, 0.000508629891556, 0.000115826980618, 4.02035984735e-05, 3.14827739203e-05, 2.19435114559e-05]}, "zerocrossingrate": {"min": 0.00244140625, "max": 0.22509765625, "dvar2": 3.88444423152e-05, "median": 0.03076171875, "dmean2": 0.0041914912872, "dmean": 0.00313965952955, "var": 0.000247343967203, "dvar": 2.12201484828e-05, "mean": 0.0335279367864}, "spectral_contrast_coeffs": {"min": [-0.918892920017, -0.954472839832, -0.948837995529, -0.93901091814, -0.928207576275, -0.900627493858], "max": [-0.262762188911, -0.391895115376, -0.368797242641, -0.483298569918, -0.569046616554, -0.59949952364], "dvar2": [0.00293234596029, 0.00246098730713, 0.00178948021494, 0.00125108018983, 0.000541807501577, 0.000337630539434], "median": [-0.634655296803, -0.70007032156, -0.706304907799, -0.724259376526, -0.785289943218, -0.825773000717], "dmean2": [0.0671432986856, 0.0577457845211, 0.0487698204815, 0.041297107935, 0.0271193888038, 0.0189662929624], "dmean": [0.0398753099144, 0.0354342982173, 0.0308183990419, 0.0254383254796, 0.0166061390191, 0.0114669697359], "var": [0.0079185590148, 0.00566244730726, 0.00655365036801, 0.00404004380107, 0.00396354217082, 0.00271313404664], "dvar": [0.00103536341339, 0.000949269160628, 0.000734979927074, 0.000498578010593, 0.000221086389502, 0.000142388627864], "mean": [-0.635148227215, -0.699277043343, -0.701452791691, -0.724043726921, -0.790035426617, -0.817108392715]}, "dissonance": {"min": 0.165009602904, "max": 0.500000238419, "dvar2": 0.00305272242986, "median": 0.401992499828, "dmean2": 0.062333073467, "dmean": 0.0369042120874, "var": 0.00333694298752, "dvar": 0.00112797087058, "mean": 0.396635890007}, "spectral_energyband_high": {"min": 1.35028329851e-07, "max": 0.0129143241793, "dvar2": 5.21636334128e-09, "median": 6.74879004237e-07, "dmean2": 7.59490740165e-06, "dmean": 5.49114747628e-06, "var": 2.19584013195e-08, "dvar": 4.23332835453e-09, "mean": 1.20712511489e-05}, "gfcc": {"mean": [-185.893280029, 169.190093994, -117.286323547, -44.714012146, -50.8790092468, -17.275724411, -27.0209922791, -11.3895730972, -7.61847877502, -2.99633383751, -4.37234640121, -5.93979072571, -2.9255900383], "icov": [[0.00281183375046, -0.00474252225831, 0.00503866327927, -0.00468123424798, 0.00485456362367, -0.00387278269045, 0.0028439371381, -0.00273488718085, 0.00235901866108, -0.00226531317458, 0.00106323929504, -0.000582974287681, 0.00102365214843], [-0.00474252225831, 0.00998479127884, -0.00848174374551, 0.0090117380023, -0.00919972639531, 0.0073910728097, -0.00539501896128, 0.0063341781497, -0.00481449067593, 0.00630200002342, -0.00326236337423, 0.0031244053971, -0.00156094774138], [0.00503866327927, -0.00848174374551, 0.00987993832678, -0.0081754187122, 0.00862428359687, -0.00788054801524, 0.00532711949199, -0.0051501346752, 0.00481099635363, -0.00534710520878, 0.00320531986654, -0.00243945955299, 0.00317955203354], [-0.00468123424798, 0.0090117380023, -0.0081754187122, 0.0107461214066, -0.00885870028287, 0.00581371970475, -0.00610818061978, 0.0056414110586, -0.00457926047966, 0.00595783442259, -0.00282498588786, 0.00241847173311, -0.00148970633745], [0.00485456362367, -0.00919972639531, 0.00862428359687, -0.00885870028287, 0.0132890082896, -0.00707937264815, 0.00523301586509, -0.00547704799101, 0.00380118377507, -0.00524257775396, 0.00500008882955, -0.00325901550241, 0.00270701921545], [-0.00387278269045, 0.0073910728097, -0.00788054801524, 0.00581371970475, -0.00707937264815, 0.0124299013987, -0.0056589259766, 0.00317130261101, -0.0019325328758, 0.00285762222484, -0.00171442469582, 0.00172397401184, -0.00270685646683], [0.0028439371381, -0.00539501896128, 0.00532711949199, -0.00610818061978, 0.00523301586509, -0.0056589259766, 0.0145978918299, -0.00751024438068, 0.00429581757635, -0.00317218247801, 0.00169402477331, -0.000978492200375, 0.00146072823554], [-0.00273488718085, 0.0063341781497, -0.0051501346752, 0.0056414110586, -0.00547704799101, 0.00317130261101, -0.00751024438068, 0.0182838309556, -0.0119448136538, 0.010123741813, -0.00696005765349, 0.00419215718284, -0.00385272898711], [0.00235901866108, -0.00481449067593, 0.00481099635363, -0.00457926047966, 0.00380118377507, -0.0019325328758, 0.00429581757635, -0.0119448136538, 0.0232333280146, -0.0185056570917, 0.0111084794626, -0.00663983309641, 0.00276041310281], [-0.00226531317458, 0.00630200002342, -0.00534710520878, 0.00595783442259, -0.00524257775396, 0.00285762222484, -0.00317218247801, 0.010123741813, -0.0185056570917, 0.0342633463442, -0.0231856554747, 0.0137619543821, -0.0072497013025], [0.00106323929504, -0.00326236337423, 0.00320531986654, -0.00282498588786, 0.00500008882955, -0.00171442469582, 0.00169402477331, -0.00696005765349, 0.0111084794626, -0.0231856554747, 0.0328430943191, -0.020789893344, 0.0116993431002], [-0.000582974287681, 0.0031244053971, -0.00243945955299, 0.00241847173311, -0.00325901550241, 0.00172397401184, -0.000978492200375, 0.00419215718284, -0.00663983309641, 0.0137619543821, -0.020789893344, 0.0307817775756, -0.0167353674769], [0.00102365214843, -0.00156094774138, 0.00317955203354, -0.00148970633745, 0.00270701921545, -0.00270685646683, 0.00146072823554, -0.00385272898711, 0.00276041310281, -0.0072497013025, 0.0116993431002, -0.0167353674769, 0.0223997179419]], "cov": [[8533.88867188, 1147.93395996, -3090.70947266, 521.431091309, -253.020080566, -292.594360352, 12.4715824127, -125.938423157, -159.912353516, -245.343734741, -67.135345459, -241.124343872, -68.6451873779], [1147.93395996, 1075.21801758, -198.672393799, -289.53793335, 124.13835907, -196.658187866, -53.5715103149, -129.80821228, -61.6236610413, -88.4297332764, -68.2893447876, -111.849235535, -95.1117324829], [-3090.70947266, -198.672393799, 1679.53405762, -57.9691619873, 36.1273536682, 233.96661377, -2.63163208961, 16.0366001129, 1.65980124474, 67.4875717163, 10.2934103012, 43.5584182739, -39.217464447], [521.431091309, -289.53793335, -57.9691619873, 524.764526367, 25.4913043976, 97.7605743408, 72.1645355225, 24.4112949371, -15.5110454559, -32.8274803162, -16.56615448, -10.5468444824, -0.592224061489], [-253.020080566, 124.13835907, 36.1273536682, 25.4913043976, 251.39402771, 2.14130449295, 0.611570596695, -1.33665525913, 8.8874168396, -19.0391788483, -39.4774284363, -10.4471511841, -8.05500221252], [-292.594360352, -196.658187866, 233.96661377, 97.7605743408, 2.14130449295, 220.468307495, 44.3027229309, 33.4584388733, -4.82371711731, 9.99175643921, 4.97410535812, 16.3894577026, 15.6823997498], [12.4715824127, -53.5715103149, -2.63163208961, 72.1645355225, 0.611570596695, 44.3027229309, 113.695068359, 41.4623413086, 0.695362091064, -6.73376989365, -0.181486129761, 0.663458526134, 4.19214248657], [-125.938423157, -129.80821228, 16.0366001129, 24.4112949371, -1.33665525913, 33.4584388733, 41.4623413086, 120.782112122, 51.5062179565, 12.2561759949, 12.5576086044, 20.5715808868, 24.7620601654], [-159.912353516, -61.6236610413, 1.65980124474, -15.5110454559, 8.8874168396, -4.82371711731, 0.695362091064, 51.5062179565, 107.111129761, 53.9258460999, 12.3097076416, 16.4394950867, 19.0095252991], [-245.343734741, -88.4297332764, 67.4875717163, -32.8274803162, -19.0391788483, 9.99175643921, -6.73376989365, 12.2561759949, 53.9258460999, 99.2636260986, 55.9878845215, 17.6205291748, 8.74605083466], [-67.135345459, -68.2893447876, 10.2934103012, -16.56615448, -39.4774284363, 4.97410535812, -0.181486129761, 12.5576086044, 12.3097076416, 55.9878845215, 95.2120742798, 45.9952812195, 4.52868366241], [-241.124343872, -111.849235535, 43.5584182739, -10.5468444824, -10.4471511841, 16.3894577026, 0.663458526134, 20.5715808868, 16.4394950867, 17.6205291748, 45.9952812195, 94.4660263062, 53.3102073669], [-68.6451873779, -95.1117324829, -39.217464447, -0.592224061489, -8.05500221252, 15.6823997498, 4.19214248657, 24.7620601654, 19.0095252991, 8.74605083466, 4.52868366241, 53.3102073669, 91.4861679077]]}, "spectral_flux": {"min": 0.000840489636175, "max": 0.449634879827, "dvar2": 0.000666037260089, "median": 0.0202454347163, "dmean2": 0.0158210247755, "dmean": 0.00979403965175, "var": 0.00109244778287, "dvar": 0.000269472424407, "mean": 0.0312843695283}, "silence_rate_30dB": {"min": 0, "max": 1, "dvar2": 0.01461698208, "median": 1, "dmean2": 0.012827870436, "dmean": 0.00641371868551, "var": 0.0162991844118, "dvar": 0.00637438474223, "mean": 0.98342615366}, "spectral_energyband_middle_high": {"min": 5.90356670216e-08, "max": 0.24926699698, "dvar2": 3.81648387702e-05, "median": 0.000530372664798, "dmean2": 0.00149270310067, "dmean": 0.00104055507109, "var": 7.17156945029e-05, "dvar": 1.73116222868e-05, "mean": 0.00304536614567}, "barkbands_spread": {"min": 0.335176348686, "max": 74.9108734131, "dvar2": 10.1766958237, "median": 5.13382148743, "dmean2": 1.90152311325, "dmean": 1.19809162617, "var": 15.1473026276, "dvar": 3.57540106773, "mean": 5.88045167923}, "spectral_centroid": {"min": 213.517272949, "max": 2861.05810547, "dvar2": 7239.63525391, "median": 570.745178223, "dmean2": 69.9038848877, "dmean": 45.0510940552, "var": 55137.5273438, "dvar": 3062.55322266, "mean": 616.085388184}, "pitch_salience": {"min": 0.0616217143834, "max": 0.851590037346, "dvar2": 0.0061482922174, "median": 0.564161896706, "dmean2": 0.0848505273461, "dmean": 0.0530962198973, "var": 0.0131844412535, "dvar": 0.00243682856672, "mean": 0.553828954697}, "erbbands_skewness": {"min": -4.10365152359, "max": 10.6243438721, "dvar2": 0.230543360114, "median": 0.716185092926, "dmean2": 0.478117316961, "dmean": 0.313236504793, "var": 0.757786810398, "dvar": 0.101975522935, "mean": 0.788567364216}, "erbbands_crest": {"min": 2.49740457535, "max": 33.855014801, "dvar2": 13.3725004196, "median": 12.5522041321, "dmean2": 3.6833922863, "dmean": 2.3779630661, "var": 29.8562717438, "dvar": 5.66547966003, "mean": 13.6459703445}, "melbands": {"min": [4.06955180665e-08, 2.17665832025e-08, 4.33216529316e-09, 5.86106096989e-09, 2.56906473872e-09, 8.8949719812e-10, 1.98261362883e-09, 1.25856047806e-09, 1.72160188883e-10, 2.52673548751e-10, 3.01786651224e-10, 2.34328501048e-10, 2.53495086033e-10, 3.10923425895e-10, 1.82567058693e-10, 1.64085217635e-10, 1.35065736373e-10, 1.24598359408e-10, 1.10458017732e-10, 1.26001847844e-10, 1.26454416383e-10, 9.0990825985e-11, 7.71342295591e-11, 7.67989144501e-11, 7.63866400688e-11, 5.98804270058e-11, 6.95987573129e-11, 6.69289901278e-11, 6.26589127806e-11, 5.53405446468e-11, 5.0822204084e-11, 5.24237979416e-11, 6.06979466689e-11, 6.11967629349e-11, 5.27104505876e-11, 4.61679548758e-11, 5.18946240147e-11, 4.11451775428e-11, 4.41395912876e-11, 3.861158962e-11], "max": [0.00315030827187, 0.013891720213, 0.0284268260002, 0.0180253777653, 0.01631815359, 0.0229997951537, 0.0528253503144, 0.12507969141, 0.0259019136429, 0.0255817826837, 0.0134630296379, 0.0140053620562, 0.0182494278997, 0.0195668060333, 0.0104238213971, 0.0139110339805, 0.00847871229053, 0.00483589014038, 0.00262729125097, 0.00292929424904, 0.00239167525433, 0.00271701719612, 0.00116371060722, 0.000565425143577, 0.00058937369613, 0.000371616886696, 0.000360551435733, 0.000288376468234, 0.000155434259796, 5.23375274497e-05, 5.42872694496e-05, 3.63150211342e-05, 2.64268564933e-05, 3.0855913792e-05, 2.71186090686e-05, 2.27315649681e-05, 2.51071069215e-05, 1.21327730085e-05, 1.8001312128e-05, 1.56859423441e-05], "dvar2": [4.84847495485e-09, 1.06233862596e-07, 3.41065032217e-07, 2.56958145428e-07, 3.20192242498e-07, 7.59345255119e-07, 1.07221342205e-06, 2.38048528445e-06, 4.91090645482e-07, 2.06802880598e-07, 1.03213537272e-07, 1.20891499478e-07, 2.46565122097e-07, 1.86442107974e-07, 1.8981737071e-08, 7.40005603461e-08, 1.08230988616e-08, 1.07650368619e-08, 2.61060661977e-09, 2.70306488304e-09, 8.39760982974e-10, 2.10727457706e-09, 4.79065898062e-10, 1.06768614783e-10, 2.53876121514e-11, 1.58337769979e-11, 1.51446650359e-11, 5.67485251499e-12, 3.57844092899e-12, 9.72540624422e-13, 8.78723472025e-13, 1.77158228408e-13, 1.28029423001e-13, 7.47987487378e-14, 5.20165745058e-14, 1.81659598659e-14, 1.84970226934e-14, 4.2665430718e-15, 1.44984325652e-14, 1.97716717537e-14], "median": [6.06149978921e-06, 8.9372824732e-06, 2.32828697335e-05, 4.48819009762e-05, 6.5207008447e-05, 8.75722325873e-05, 0.000100205026683, 6.57978234813e-05, 4.08375417464e-05, 3.96431278205e-05, 2.64630671154e-05, 1.42012213473e-05, 7.40483574191e-06, 3.20896629091e-06, 5.48929710931e-06, 3.66243034478e-06, 1.93335063159e-06, 1.45946444263e-06, 6.46102591872e-07, 3.82830535273e-07, 1.54287619125e-07, 1.43762832749e-07, 8.98485978951e-08, 3.37495968949e-08, 2.79722964791e-08, 1.74411827203e-08, 9.39303568259e-09, 6.75529276961e-09, 4.34280789108e-09, 2.65316257853e-09, 2.10349981877e-09, 1.44365408516e-09, 9.29487542489e-10, 5.53706580586e-10, 4.35273539434e-10, 3.62927354836e-10, 2.75340111822e-10, 2.32123292809e-10, 1.93582760932e-10, 1.60596771992e-10], "dmean2": [2.29661418416e-05, 5.14444400324e-05, 0.000108012587589, 0.000138558112667, 0.000181120951311, 0.000263833382633, 0.000291552743874, 0.000318405305734, 0.000169042643392, 0.000113498361316, 9.26613720367e-05, 7.94223160483e-05, 6.85054255882e-05, 4.6429449867e-05, 2.96134767268e-05, 3.13905220537e-05, 1.4842339624e-05, 1.45880076161e-05, 7.59510066928e-06, 5.67601591683e-06, 2.73459363598e-06, 3.45575926985e-06, 1.91326307686e-06, 7.71011912093e-07, 4.64837199843e-07, 4.04126865305e-07, 2.60598625346e-07, 2.14025774881e-07, 1.23487794212e-07, 8.07837992056e-08, 8.31423179193e-08, 3.62188465886e-08, 3.16331139061e-08, 1.89292403974e-08, 1.12283498055e-08, 8.18310397221e-09, 5.41427480627e-09, 3.54203577579e-09, 3.32951510806e-09, 2.93795077155e-09], "dmean": [1.4597979316e-05, 3.31672563334e-05, 6.71672241879e-05, 8.59192368807e-05, 0.000115120354167, 0.000164050245075, 0.000182697054697, 0.000213766878005, 0.000121326796943, 8.50337455631e-05, 6.65690095047e-05, 5.6513112213e-05, 4.59127804788e-05, 3.06656147586e-05, 2.01558650588e-05, 2.14309729927e-05, 9.78832849796e-06, 9.73681289906e-06, 4.99847737956e-06, 3.56097325493e-06, 1.7554148144e-06, 2.29980287259e-06, 1.23574534427e-06, 4.76873992739e-07, 3.0581824717e-07, 2.47825965971e-07, 1.68791700617e-07, 1.52146370169e-07, 8.37569871237e-08, 5.00805690251e-08, 5.0955357267e-08, 2.32939054712e-08, 2.02137613314e-08, 1.19577947544e-08, 7.03390368173e-09, 5.64071545028e-09, 4.122275854e-09, 2.62519295191e-09, 2.40694730813e-09, 1.9589514455e-09], "var": [1.50184753522e-08, 1.10282165622e-07, 3.69895417407e-07, 2.81651182377e-07, 4.61431341137e-07, 1.18315165309e-06, 1.86659087831e-06, 5.24943197888e-06, 1.05128515315e-06, 6.10804306689e-07, 3.14515290256e-07, 3.01268528347e-07, 2.04061237241e-07, 1.11576234474e-07, 3.0607420598e-08, 7.49990789473e-08, 1.17296750091e-08, 1.12166178567e-08, 2.72853983851e-09, 2.10384576427e-09, 5.87855208956e-10, 1.56308688215e-09, 3.09858722014e-10, 7.4516982862e-11, 3.30071699139e-11, 1.49848380232e-11, 1.14852320363e-11, 1.05570309439e-11, 3.3494350956e-12, 9.51130775702e-13, 6.43454473731e-13, 2.15024016387e-13, 1.32975417786e-13, 1.10842724701e-13, 6.64318860338e-14, 7.47863549517e-14, 5.58900222923e-14, 1.96255094424e-14, 2.50393408536e-14, 1.68601484634e-14], "dvar": [2.13649253844e-09, 3.5389195574e-08, 1.3166778956e-07, 9.10283262101e-08, 1.23349835235e-07, 2.65693756774e-07, 3.9047881728e-07, 1.14298234166e-06, 2.5442264473e-07, 1.1837254732e-07, 5.88839199622e-08, 6.68747972554e-08, 1.04025488668e-07, 7.34138723146e-08, 9.99391946976e-09, 3.35180487809e-08, 4.8912887074e-09, 4.75913974896e-09, 1.16102139014e-09, 9.87648629547e-10, 3.89419330116e-10, 1.01196595548e-09, 2.09843933896e-10, 3.84029474887e-11, 1.16318595381e-11, 6.91562302216e-12, 6.67763847689e-12, 3.50841274435e-12, 1.60257907205e-12, 3.90830895208e-13, 3.44425632763e-13, 8.1676412324e-14, 5.88387913153e-14, 3.53525836264e-14, 2.30311595668e-14, 1.56144526833e-14, 1.53858469612e-14, 3.41848987336e-15, 8.21867598391e-15, 8.33669477852e-15], "mean": [3.89217602788e-05, 8.96076307981e-05, 0.000147350263433, 0.000194397973246, 0.000269330805168, 0.000423643708928, 0.00047364179045, 0.000538017076906, 0.000336093042279, 0.000248425465543, 0.00018033136439, 0.000136980073876, 8.52147932164e-05, 5.7336743339e-05, 4.35065594502e-05, 4.47663260275e-05, 2.17197630263e-05, 1.98718826141e-05, 1.02030935523e-05, 6.85782060827e-06, 3.11552412313e-06, 3.59208934242e-06, 2.00468775802e-06, 9.39718574955e-07, 5.81765107199e-07, 4.2771301878e-07, 3.03584300809e-07, 2.81094742149e-07, 1.40111154678e-07, 8.57351381001e-08, 7.55709379519e-08, 3.74289790273e-08, 3.08786702874e-08, 1.88094215758e-08, 1.42958169747e-08, 1.30596928827e-08, 9.03211372361e-09, 6.86851020504e-09, 5.41306421908e-09, 3.57432705655e-09]}, "spectral_entropy": {"min": 4.26871728897, "max": 8.40536308289, "dvar2": 0.0387450754642, "median": 6.12136602402, "dmean2": 0.192249670625, "dmean": 0.122651517391, "var": 0.190078392625, "dvar": 0.016289934516, "mean": 6.13918685913}, "spectral_rolloff": {"min": 64.599609375, "max": 19466.015625, "dvar2": 262538.71875, "median": 732.12890625, "dmean2": 157.769927979, "dmean": 88.6239929199, "var": 133701.796875, "dvar": 90612.0390625, "mean": 787.757446289}, "barkbands": {"min": [7.02080615866e-10, 7.7365314155e-08, 3.24928861595e-09, 2.30528973688e-09, 1.81668973198e-08, 5.01687669185e-09, 9.53455536745e-09, 1.44138567748e-09, 1.64904645494e-09, 2.12055040194e-09, 1.25891030933e-09, 2.65285171608e-09, 2.09874828627e-09, 1.47749157353e-09, 1.04170005955e-09, 1.58988899823e-09, 1.79418757629e-09, 2.23552421019e-09, 1.85328086211e-09, 2.19843898641e-09, 2.63135291334e-09, 4.05046174379e-09, 4.16923517932e-09, 4.69733718589e-09, 5.4729016874e-09, 6.20346574109e-09, 1.33689823656e-07], "max": [0.000109937027446, 0.0121735744178, 0.0436953902245, 0.0742286145687, 0.0670515298843, 0.106454275548, 0.582778334618, 0.240121915936, 0.147588297725, 0.0845881253481, 0.120847940445, 0.135056450963, 0.100259289145, 0.0846395939589, 0.0462374202907, 0.02927396819, 0.0295833311975, 0.0128550305963, 0.0136429518461, 0.00693582836539, 0.00345806241967, 0.00190914270934, 0.00154665368609, 0.00168256729376, 0.00150694418699, 0.000122524856124, 4.39982904936e-05], "dvar2": [2.55871868832e-11, 1.19681274668e-07, 1.06395737021e-06, 2.16715397983e-06, 5.75435797145e-06, 1.55099933181e-05, 3.34597607434e-05, 3.55069860234e-05, 9.50054254645e-06, 5.9899371081e-06, 1.14384138215e-05, 9.43175109569e-06, 4.22336916017e-06, 1.27513703774e-06, 1.0072525356e-06, 3.101668824e-07, 3.35654618766e-07, 4.35958789069e-08, 1.05906625691e-08, 3.11243075757e-09, 2.21312235205e-09, 4.05579292373e-10, 1.37353808882e-10, 8.46894915307e-11, 1.20968207673e-10, 3.17322204754e-13, 5.4894724698e-14], "median": [1.40716167607e-06, 2.16670450754e-05, 1.58460297826e-05, 3.43853098457e-05, 0.000250859739026, 0.000392610731069, 0.000496980326716, 0.000192300081835, 0.000291425239993, 0.000115785180242, 4.5858341764e-05, 3.35160293616e-05, 4.25248217653e-05, 2.20465699385e-05, 1.04835489765e-05, 3.86441615774e-06, 2.62873663814e-06, 7.91974173353e-07, 5.26563610492e-07, 2.64828088348e-07, 1.30707476842e-07, 6.41494892761e-08, 2.8034561339e-08, 2.1084954227e-08, 1.71313807584e-08, 1.91500202362e-08, 2.81776408428e-07], "dmean2": [3.30364650836e-06, 0.0001028608458, 0.000123816134874, 0.000253904639976, 0.000709596963134, 0.00124314369168, 0.00149732723366, 0.00130559469108, 0.000804330455139, 0.000651951297186, 0.000459591276012, 0.000379396311473, 0.000301918538753, 0.00016627907462, 0.000126826067572, 6.05351451668e-05, 5.24918432347e-05, 1.54400713654e-05, 1.03943493741e-05, 6.16811530563e-06, 3.60923195331e-06, 1.74504293682e-06, 6.95979167631e-07, 3.06254008819e-07, 2.47211744409e-07, 2.58830183952e-08, 6.96763819974e-08], "dmean": [1.93963182937e-06, 6.58268909319e-05, 7.79468682595e-05, 0.000158359383931, 0.000447241211077, 0.000772892381065, 0.000961380894296, 0.000902893312741, 0.000597952806856, 0.000466235593194, 0.000308301125187, 0.000254213402513, 0.000203091534786, 0.000111312161607, 8.2717735495e-05, 3.86519823223e-05, 3.42877610819e-05, 9.44099156186e-06, 6.5982912929e-06, 4.34807452621e-06, 2.28845578931e-06, 1.12890791115e-06, 4.53991617633e-07, 2.51249900884e-07, 1.7261949381e-07, 1.95743119491e-08, 4.1393668937e-08], "var": [1.66483563047e-11, 3.65465155028e-07, 6.40562859644e-07, 2.15315640162e-06, 6.84677024765e-06, 2.5272160201e-05, 0.000108140244265, 5.84308545513e-05, 2.95439567708e-05, 1.57338108693e-05, 9.68523363554e-06, 6.92983530826e-06, 4.38801316704e-06, 1.45451542721e-06, 8.27981409657e-07, 2.33032906749e-07, 2.64587526999e-07, 2.31789396565e-08, 1.76201293556e-08, 6.68150912375e-09, 1.79737180694e-09, 5.01275798648e-10, 2.37851766061e-10, 2.61307947502e-10, 1.81096762586e-10, 1.64145455041e-12, 1.82927756059e-13], "dvar": [8.61589879303e-12, 5.01913177686e-08, 3.43761911381e-07, 8.74435841069e-07, 2.08057190321e-06, 5.57547400604e-06, 1.57140348165e-05, 1.7213056708e-05, 5.53022391614e-06, 3.30333682541e-06, 4.84109023091e-06, 3.85332577935e-06, 1.88931971934e-06, 5.93445236063e-07, 4.17571385469e-07, 1.24143269886e-07, 1.48036875203e-07, 1.51401646775e-08, 6.06048589091e-09, 2.0488775121e-09, 8.99538610266e-10, 1.84229922984e-10, 7.02548436093e-11, 6.28568933014e-11, 6.43428643698e-11, 3.43531816492e-13, 5.35072406846e-14], "mean": [2.48124115387e-06, 0.000182741860044, 0.000168329104781, 0.000315200508339, 0.00105811003596, 0.00193040422164, 0.0024876142852, 0.00229048682377, 0.00172978930641, 0.00115129665937, 0.000567497103475, 0.000487641547807, 0.000426813989179, 0.000244853174081, 0.000168016020325, 7.04081248841e-05, 5.7012635807e-05, 1.85943608813e-05, 1.22064629977e-05, 8.40726170281e-06, 3.96319273932e-06, 1.82486360245e-06, 9.0624070026e-07, 6.83574967297e-07, 3.82750130257e-07, 6.83163960957e-08, 2.95574409392e-07]}, "melbands_flatness_db": {"min": 0.113136053085, "max": 0.572803318501, "dvar2": 0.000607856723946, "median": 0.350134372711, "dmean2": 0.0244135539979, "dmean": 0.0156051851809, "var": 0.00301215029322, "dvar": 0.000244205235504, "mean": 0.347570925951}, "melbands_skewness": {"min": -4.51989603043, "max": 21.7900428772, "dvar2": 0.644468128681, "median": 0.896730959415, "dmean2": 0.598596930504, "dmean": 0.376565992832, "var": 1.66956400871, "dvar": 0.226746976376, "mean": 0.956935822964}, "barkbands_skewness": {"min": -7.0224776268, "max": 11.1772785187, "dvar2": 0.505734503269, "median": 0.950591504574, "dmean2": 0.617495894432, "dmean": 0.385708361864, "var": 1.1483348608, "dvar": 0.183309271932, "mean": 1.02313899994}, "silence_rate_60dB": {"min": 0, "max": 1, "dvar2": 0.0790132209659, "median": 0, "dmean2": 0.0733214020729, "dmean": 0.0366594642401, "var": 0.247492715716, "dvar": 0.0353148542345, "mean": 0.450227856636}, "spectral_energyband_low": {"min": 5.99553459324e-07, "max": 0.0539475604892, "dvar2": 1.87626028492e-06, "median": 7.29557359591e-05, "dmean2": 0.000256334024016, "dmean": 0.00015958872973, "var": 2.10004986911e-06, "dvar": 6.32388832855e-07, "mean": 0.000458321155747}, "spectral_energyband_middle_low": {"min": 1.53809239123e-07, "max": 0.741861820221, "dvar2": 0.000125251419377, "median": 0.00277371727861, "dmean2": 0.00382287986577, "dmean": 0.00256548984908, "var": 0.000493760220706, "dvar": 5.76236197958e-05, "mean": 0.0100895585492}, "melbands_kurtosis": {"min": -1.91115832329, "max": 767.714355469, "dvar2": 680.929016113, "median": 2.38158226013, "dmean2": 4.36231660843, "dmean": 2.64613008499, "var": 553.259094238, "dvar": 217.663269043, "mean": 5.33682012558}, "spectral_decrease": {"min": -2.01678702183e-07, "max": -3.9500163123e-13, "dvar2": 9.98909759728e-18, "median": -9.88857551398e-10, "dmean2": 1.14109088845e-09, "dmean": 7.83408393712e-10, "var": 5.01988385188e-17, "dvar": 4.8202266884e-18, "mean": -3.34353922327e-09}, "erbbands_kurtosis": {"min": -1.76770317554, "max": 160.333908081, "dvar2": 14.1469316483, "median": 1.28303992748, "dmean2": 2.21722388268, "dmean": 1.44476103783, "var": 37.3768234253, "dvar": 6.55862045288, "mean": 2.82746315002}, "melbands_crest": {"min": 4.66109704971, "max": 36.2082710266, "dvar2": 14.0600748062, "median": 12.3628406525, "dmean2": 3.81933927536, "dmean": 2.38370037079, "var": 24.01445961, "dvar": 5.3823018074, "mean": 13.3710346222}, "melbands_spread": {"min": 0.45489898324, "max": 84.1573028564, "dvar2": 11.4471216202, "median": 7.99761867523, "dmean2": 2.72555661201, "dmean": 1.72863006592, "var": 31.4832038879, "dvar": 4.6376619339, "mean": 9.01073646545}, "spectral_energy": {"min": 2.4798926006e-06, "max": 0.801610708237, "dvar2": 0.000160153213073, "median": 0.00394482212141, "dmean2": 0.00455790804699, "dmean": 0.00313684763387, "var": 0.000808959826827, "dvar": 7.76749948272e-05, "mean": 0.0133862821385}, "mfcc": {"mean": [-831.169616699, 212.16317749, -5.3036866188, -19.559797287, -13.3322181702, -10.4382095337, -12.6585569382, -10.8986406326, -6.21972751617, -0.865982472897, -0.128928184509, -1.20490765572, -2.69644331932], "icov": [[0.0009187583928, -0.00104860484134, 0.00153290189337, -0.00129162403755, 0.001821453101, -0.00192692084238, 0.00162404181901, -0.00215821806341, 0.00223031546921, -0.0020107019227, 0.00212657800876, -0.00146310974378, 0.000750087259803], [-0.00104860484134, 0.00250109424815, -0.00140778254718, 0.00220209779218, -0.00281465146691, 0.00298759900033, -0.0024526398629, 0.00351564888842, -0.00273438473232, 0.00331755541265, -0.00276620243676, 0.00196629809216, -0.000315479031997], [0.00153290189337, -0.00140778254718, 0.00347523135133, -0.0016401365865, 0.00254898099229, -0.00371063384227, 0.00221426575445, -0.00343802641146, 0.00380671885796, -0.0032252650708, 0.00316175376065, -0.00237374939024, 0.00114471290726], [-0.00129162403755, 0.00220209779218, -0.0016401365865, 0.00580530287698, -0.00341649050824, 0.00234803557396, -0.00417185807601, 0.00350634846836, -0.00414687069133, 0.0038189671468, -0.00346520240419, 0.002285315888, -0.00143531127833], [0.001821453101, -0.00281465146691, 0.00254898099229, -0.00341649050824, 0.00983354728669, -0.00571985729039, 0.00375514780171, -0.00481993937865, 0.00274126068689, -0.00307861412875, 0.00423495285213, -0.00306639354676, 0.000898151483852], [-0.00192692084238, 0.00298759900033, -0.00371063384227, 0.00234803557396, -0.00571985729039, 0.0140030449256, -0.00822275876999, 0.00674886722118, -0.00671225460246, 0.00499077141285, -0.00372981885448, 0.00318096764386, -0.00171299895737], [0.00162404181901, -0.0024526398629, 0.00221426575445, -0.00417185807601, 0.00375514780171, -0.00822275876999, 0.0183196794242, -0.0121915852651, 0.0099793644622, -0.0070386948064, 0.00508025707677, -0.0035087086726, 0.00296172010712], [-0.00215821806341, 0.00351564888842, -0.00343802641146, 0.00350634846836, -0.00481993937865, 0.00674886722118, -0.0121915852651, 0.0219629909843, -0.0146402614191, 0.0101132346317, -0.00833364017308, 0.00664500007406, -0.00253746891394], [0.00223031546921, -0.00273438473232, 0.00380671885796, -0.00414687069133, 0.00274126068689, -0.00671225460246, 0.0099793644622, -0.0146402614191, 0.0244493242353, -0.0162363927811, 0.0136657515541, -0.00862054154277, 0.00481240730733], [-0.0020107019227, 0.00331755541265, -0.0032252650708, 0.0038189671468, -0.00307861412875, 0.00499077141285, -0.0070386948064, 0.0101132346317, -0.0162363927811, 0.0265505965799, -0.0188349559903, 0.0117683028802, -0.0062443325296], [0.00212657800876, -0.00276620243676, 0.00316175376065, -0.00346520240419, 0.00423495285213, -0.00372981885448, 0.00508025707677, -0.00833364017308, 0.0136657515541, -0.0188349559903, 0.0300982892513, -0.0164036899805, 0.00854397658259], [-0.00146310974378, 0.00196629809216, -0.00237374939024, 0.002285315888, -0.00306639354676, 0.00318096764386, -0.0035087086726, 0.00664500007406, -0.00862054154277, 0.0117683028802, -0.0164036899805, 0.022811377421, -0.011655417271], [0.000750087259803, -0.000315479031997, 0.00114471290726, -0.00143531127833, 0.000898151483852, -0.00171299895737, 0.00296172010712, -0.00253746891394, 0.00481240730733, -0.0062443325296, 0.00854397658259, -0.011655417271, 0.0165331270546]], "cov": [[8923.57910156, 1407.96643066, -2926.44335938, 273.292663574, -424.586517334, -186.597335815, -141.624847412, -41.6402015686, -115.315345764, -80.4090118408, -113.482215881, -61.8978157043, -110.723091125], [1407.96643066, 1216.92919922, -419.591552734, -204.227127075, 21.4485301971, -141.443511963, -71.5361862183, -98.1331863403, -72.5035095215, -77.2989578247, -15.9212293625, -32.3901329041, -70.0986557007], [-2926.44335938, -419.591552734, 1459.4621582, -35.3212013245, 106.531021118, 158.231277466, 91.7847976685, 40.3005180359, 9.78971004486, 27.262966156, 28.1159763336, 24.185333252, 30.9643650055], [273.292663574, -204.227127075, -35.3212013245, 339.872650146, 47.3573226929, 62.7500839233, 60.7829742432, 42.6261405945, 32.7553443909, 2.7668492794, -6.93157243729, 5.00255632401, 13.8573446274], [-424.586517334, 21.4485301971, 106.531021118, 47.3573226929, 206.81060791, 56.9635467529, 18.616815567, 22.1512641907, 32.232383728, -8.17432880402, -11.8521976471, 6.02116727829, 9.03977203369], [-186.597335815, -141.443511963, 158.231277466, 62.7500839233, 56.9635467529, 161.943771362, 62.4205474854, 26.6760654449, 23.3373336792, 5.49364233017, -9.39222621918, 0.174074038863, 7.11388158798], [-141.624847412, -71.5361862183, 91.7847976685, 60.7829742432, 18.616815567, 62.4205474854, 122.388214111, 55.0697288513, 0.651225268841, 5.88387918472, 1.38794207573, -9.46382427216, -9.39052009583], [-41.6402015686, -98.1331863403, 40.3005180359, 42.6261405945, 22.1512641907, 26.6760654449, 55.0697288513, 114.531936646, 49.1026954651, 5.89878225327, -6.18807601929, -12.7841262817, -7.67892885208], [-115.315345764, -72.5035095215, 9.78971004486, 32.7553443909, 32.232383728, 23.3373336792, 0.651225268841, 49.1026954651, 109.904190063, 37.7756996155, -11.8272104263, -2.6921646595, 0.591505765915], [-80.4090118408, -77.2989578247, 27.262966156, 2.7668492794, -8.17432880402, 5.49364233017, 5.88387918472, 5.89878225327, 37.7756996155, 93.0302047729, 36.0591087341, -4.49724245071, 3.72576951981], [-113.482215881, -15.9212293625, 28.1159763336, -6.93157243729, -11.8521976471, -9.39222621918, 1.38794207573, -6.18807601929, -11.8272104263, 36.0591087341, 81.6324386597, 35.3732719421, 0.581590950489], [-61.8978157043, -32.3901329041, 24.185333252, 5.00255632401, 6.02116727829, 0.174074038863, -9.46382427216, -12.7841262817, -2.6921646595, -4.49724245071, 35.3732719421, 101.363418579, 52.6375656128], [-110.723091125, -70.0986557007, 30.9643650055, 13.8573446274, 9.03977203369, 7.11388158798, -9.39052009583, -7.67892885208, 0.591505765915, 3.72576951981, 0.581590950489, 52.6375656128, 102.021705627]]}, "spectral_contrast_valleys": {"min": [-11.7112207413, -12.3610801697, -12.6907205582, -12.7371301651, -12.407037735, -14.3038005829], "max": [-5.83757638931, -4.05795097351, -4.56305742264, -5.24747276306, -5.63862991333, -8.11888980865], "dvar2": [0.222644194961, 0.143487915397, 0.126734212041, 0.133778586984, 0.0818703398108, 0.045995272696], "median": [-9.0423746109, -7.21949911118, -8.44137763977, -9.68862533569, -10.6914958954, -13.4648647308], "dmean2": [0.592743217945, 0.447810381651, 0.413094520569, 0.391044288874, 0.277611166239, 0.193584010005], "dmean": [0.344165325165, 0.274536311626, 0.254232853651, 0.236437737942, 0.169677630067, 0.115057043731], "var": [0.830461978912, 1.27972209454, 1.52992784977, 1.6489521265, 1.03325510025, 0.299446225166], "dvar": [0.0746373161674, 0.0568018779159, 0.0521216988564, 0.0541004426777, 0.0342844463885, 0.0171249303967], "mean": [-8.93224143982, -7.19938468933, -8.42552947998, -9.59016132355, -10.5523204803, -13.2808637619]}, "barkbands_flatness_db": {"min": 0.0825857818127, "max": 0.437690287828, "dvar2": 0.000531877332833, "median": 0.252854347229, "dmean2": 0.0234787445515, "dmean": 0.0150744728744, "var": 0.00190756213851, "dvar": 0.000218779809074, "mean": 0.252765566111}, "dynamic_complexity": 7.58180522919, "spectral_skewness": {"min": 1.00198626518, "max": 10.6532611847, "dvar2": 1.05467689037, "median": 4.67838382721, "dmean2": 1.10110604763, "dmean": 0.635412454605, "var": 2.34991717339, "dvar": 0.359350889921, "mean": 4.76957082748}, "erbbands_flatness_db": {"min": 