{"lowlevel": {"spectral_complexity": {"min": 0, "max": 38, "dvar2": 6.36746835709, "median": 14, "dmean2": 2.61052632332, "dmean": 1.55115509033, "var": 63.1662826538, "dvar": 2.44264602661, "mean": 12.7515163422}, "silence_rate_20dB": {"min": 1, "max": 1, "dvar2": 0, "median": 1, "dmean2": 0, "dmean": 0, "var": 0, "dvar": 0, "mean": 1}, "average_loudness": 0.214581787586, "erbbands_spread": {"min": 1.11015439034, "max": 139.357803345, "dvar2": 60.7878456116, "median": 24.299571991, "dmean2": 7.14993715286, "dmean": 4.62445640564, "var": 186.727920532, "dvar": 27.3836860657, "mean": 25.7637691498}, "spectral_kurtosis": {"min": -1.25019037724, "max": 33.8213577271, "dvar2": 12.5144901276, "median": 6.2077255249, "dmean2": 3.53019070625, "dmean": 2.0351228714, "var": 11.5971841812, "dvar": 4.20698404312, "mean": 6.87610244751}, "barkbands_kurtosis": {"min": -1.91979086399, "max": 167.307006836, "dvar2": 86.4120788574, "median": 1.48032712936, "dmean2": 3.58226704597, "dmean": 2.35858273506, "var": 120.318634033, "dvar": 39.301322937, "mean": 4.4655418396}, "spectral_strongpeak": {"min": 0, "max": 10.9087848663, "dvar2": 1.78329408169, "median": 0.67698943615, "dmean2": 0.861284852028, "dmean": 0.532351434231, "var": 3.17959904671, "dvar": 0.700827240944, "mean": 1.50551378727}, "spectral_spread": {"min": 1494050.125, "max": 42268756, "dvar2": 751387017216, "median": 3350500, "dmean2": 556650.5, "dmean": 375616.15625, "var": 12020889944100.0, "dvar": 392412594176, "mean": 3912737.5}, "spectral_rms": {"min": 3.11925398705e-12, "max": 0.0130655746907, "dvar2": 5.31053615305e-07, "median": 0.00374597264454, "dmean2": 0.000605406763498, "dmean": 0.000398298696382, "var": 4.7341645768e-06, "dvar": 2.26915219059e-07, "mean": 0.00367882056162}, "erbbands": {"min": [3.10350091681e-23, 4.61950483749e-22, 2.23485036609e-21, 3.36208448545e-21, 6.74837975579e-21, 2.89197625603e-20, 4.88156082542e-20, 8.3302574218e-20, 1.23894789031e-19, 2.30037377387e-19, 2.61087617932e-19, 3.33484662341e-19, 5.03600636716e-19, 7.56307157284e-19, 7.98943509874e-19, 1.27564692141e-18, 1.73893961556e-18, 2.25100866889e-18, 2.20796591213e-18, 3.01676801904e-18, 2.97193358906e-18, 5.24811398438e-18, 5.91443898707e-18, 5.24460467063e-18, 5.58719806493e-18, 7.64829723212e-18, 7.34557559771e-18, 9.76250222182e-18, 9.28771461228e-18, 1.13199542751e-17, 1.09405877395e-17, 1.12743137576e-17, 9.50633183074e-18, 7.39882948554e-18, 5.76271917347e-18, 4.14714692883e-18, 2.36511720042e-18, 9.64133080863e-19, 2.53301987212e-19, 2.4306631214e-20], "max": [0.445575296879, 5.57351398468, 39.0822372437, 50.5812072754, 47.0755119324, 64.0462493896, 310.021789551, 371.040557861, 612.482788086, 1651.82043457, 3025.578125, 4045.24951172, 2216.2265625, 1699.55541992, 1269.10559082, 2302.34301758, 1627.41418457, 1299.19262695, 1436.88671875, 459.511627197, 402.743988037, 309.497039795, 249.895874023, 483.113098145, 335.302062988, 264.029937744, 99.8353805542, 33.2352638245, 27.1215324402, 26.8427791595, 44.5552711487, 20.6062355042, 6.58224344254, 3.47779250145, 2.29864120483, 1.44424414635, 0.403862178326, 0.0910534113646, 0.0164102148265, 0.00120795122348], "dvar2": [0.00159483321477, 0.54598659277, 8.37888717651, 17.1036510468, 17.0130195618, 9.23330974579, 133.967803955, 104.008384705, 689.809265137, 2142.78417969, 12894.3105469, 32271.0976562, 7769.88916016, 6760.90576172, 2380.64477539, 12907.0771484, 17423.25, 5736.80273438, 5860.35449219, 950.031738281, 313.724822998, 339.740875244, 236.274291992, 305.176208496, 202.497329712, 101.388282776, 8.57526493073, 2.39065861702, 1.58027219772, 1.6433018446, 1.61595761776, 0.432624340057, 0.128707811236, 0.0709899812937, 0.0162331946194, 0.00337106431834, 0.000514258339535, 7.52474734327e-05, 2.42629812419e-06, 4.08709599498e-09], "median": [0.0391191765666, 0.35190346837, 0.728449821472, 0.900382697582, 1.17423248291, 1.43519032001, 2.82231140137, 3.44382882118, 4.53776836395, 6.95416736603, 8.79326820374, 6.29247188568, 5.55936765671, 6.43999004364, 7.43731832504, 8.32807922363, 5.80444145203, 7.22337722778, 6.62514305115, 6.49063968658, 5.04560089111, 4.19666290283, 4.30197668076, 5.13817405701, 4.47343349457, 2.48085403442, 0.928088068962, 0.450263857841, 0.327371776104, 0.25717151165, 0.186242520809, 0.114078238606, 0.0698838382959, 0.0307168476284, 0.014008837752, 0.00599792413414, 0.00177706254181, 0.000393770431401, 6.29102287348e-05, 2.26141564781e-05], "dmean2": [0.0233169794083, 0.433461427689, 1.44827413559, 2.01479172707, 2.17878103256, 1.68074786663, 4.50186872482, 4.60203361511, 8.58133029938, 15.8377733231, 35.7023506165, 46.3035697937, 24.4047813416, 25.1490192413, 18.9952545166, 40.223941803, 38.7466125488, 22.9586658478, 24.4699440002, 12.2746629715, 8.23711204529, 7.7094502449, 7.53899908066, 7.645195961, 7.01980304718, 4.24882364273, 1.15079247952, 0.685734987259, 0.547594726086, 0.462120711803, 0.430891960859, 0.239999294281, 0.143160507083, 0.0903414040804, 0.0434594228864, 0.0194353740662, 0.00843572150916, 0.00313636078499, 0.000553810561541, 2.57015381067e-05], "dmean": [0.0142661063001, 0.2554718256, 0.8539275527, 1.18627548218, 1.27002716064, 1.05709969997, 3.18744134903, 3.07929635048, 5.94281768799, 11.6744747162, 26.1341934204, 31.8792476654, 16.2346935272, 16.3404541016, 12.2537822723, 25.1924762726, 23.9619464874, 14.4731740952, 15.1913776398, 7.61033725739, 5.08565378189, 4.63618135452, 4.63598537445, 4.90803670883, 4.43210506439, 2.75230407715, 0.738698482513, 0.419945210218, 0.341175049543, 0.291714042425, 0.274688661098, 0.155126512051, 0.0927160978317, 0.0581632107496, 0.0283678714186, 0.0126540930942, 0.00543627422303, 0.00196215487085, 0.000346711283782, 1.62912147061e-05], "var": [0.00453851139173, 0.514844834805, 5.3828458786, 10.9432630539, 11.5462474823, 19.610660553, 315.432098389, 281.105529785, 1406.19799805, 5733.63427734, 33478.796875, 57987.3320312, 10828.7402344, 9919.0078125, 6006.00927734, 32680.1171875, 15355.7763672, 5847.42236328, 5286.64550781, 818.344360352, 400.121398926, 269.48348999, 333.235961914, 577.040710449, 361.673431396, 215.12348938, 15.9503097534, 3.95597362518, 2.38760638237, 1.89751541615, 1.92499923706, 0.514710307121, 0.138740614057, 0.0505835935473, 0.012073407881, 0.00234504556283, 0.000327968184138, 3.6426637962e-05, 1.13883618269e-06, 2.94563307079e-09], "dvar": [0.000582580571063, 0.190469130874, 3.03619384766, 6.05247831345, 5.86445808411, 3.74216508865, 69.7995529175, 49.5201148987, 331.879211426, 1254.75952148, 7164.58251953, 15244.6972656, 3468.12670898, 2840.94604492, 1020.96844482, 4972.21777344, 6522.81347656, 2142.94799805, 2193.75927734, 351.988128662, 127.830131531, 120.237602234, 90.6091461182, 137.285751343, 87.4701004028, 49.7843132019, 4.08161830902, 0.899100482464, 0.616943538189, 0.654882133007, 0.715324580669, 0.194961413741, 0.0564093105495, 0.0294471792877, 0.0069826580584, 0.0014315766748, 0.000217729408178, 3.1202333048e-05, 1.0014456393e-06, 1.65939662011e-09], "mean": [0.0601349808276, 0.600182592869, 1.46497297287, 2.04630970955, 2.32273840904, 2.77881407738, 8.56496620178, 7.85686779022, 14.1601047516, 28.8190727234, 63.4629364014, 70.8227539062, 35.1171913147, 33.3329925537, 30.3756103516, 59.9177703857, 44.5362472534, 29.3179550171, 30.1902980804, 16.0234279633, 11.4331111908, 9.71511650085, 11.0995121002, 12.3280105591, 10.8036432266, 6.9769616127, 2.02215981483, 1.12779605389, 0.887677431107, 0.678926348686, 0.592465341091, 0.337254792452, 0.191568866372, 0.0980001986027, 0.0479922778904, 0.020637806505, 0.00773910572752, 0.00230411509983, 0.000387490465073, 3.78588738386e-05]}, "zerocrossingrate": {"min": 0, "max": 0.525390625, "dvar2": 0.000260310887825, "median": 0.04345703125, "dmean2": 0.0076501169242, "dmean": 0.00625458173454, "var": 0.00229735975154, "dvar": 0.000207581731956, "mean": 0.0496630184352}, "spectral_contrast_coeffs": {"min": [-0.97985047102, -0.984494864941, -0.976214170456, -0.978935956955, -0.970655500889, -0.96438574791], "max": [-0.360524386168, -0.367561578751, -0.41069227457, -0.52398622036, -0.531195044518, -0.648842334747], "dvar2": [0.00293242954649, 0.00259882234968, 0.00198049889877, 0.00128865416627, 0.000693024427164, 0.000427357590524], "median": [-0.688399493694, -0.682711958885, -0.718894839287, -0.724609375, -0.745564103127, -0.773577809334], "dmean2": [0.0655142888427, 0.062242154032, 0.0547809526324, 0.0444543585181, 0.0323782376945, 0.0237338412553], "dmean": [0.0392976142466, 0.0393462590873, 0.0342578403652, 0.0275131985545, 0.0201859213412, 0.0153783373535], "var": [0.00745355896652, 0.0083225062117, 0.00771053694189, 0.00543375080451, 0.00388977327384, 0.00192772876471], "dvar": [0.00104932882823, 0.00109586480539, 0.000777252134867, 0.000501786300447, 0.000292285112664, 0.000193050917005], "mean": [-0.682662010193, -0.679280281067, -0.709172725677, -0.725619614124, -0.749627590179, -0.778393149376]}, "dissonance": {"min": 0.222112178802, "max": 0.500000119209, "dvar2": 0.0015279580839, "median": 0.445227742195, "dmean2": 0.0416691824794, "dmean": 0.0247392915189, "var": 0.00147507863585, "dvar": 0.000544992624782, "mean": 0.439033359289}, "spectral_energyband_high": {"min": 6.73195812037e-21, "max": 0.00354822794907, "dvar2": 2.50371741117e-08, "median": 7.31210166123e-05, "dmean2": 7.56718582124e-05, "dmean": 5.05858479301e-05, "var": 6.61290400217e-08, "dvar": 1.23972396793e-08, "mean": 0.000158216644195}, "gfcc": {"mean": [-84.204498291, 106.887275696, -126.991256714, 14.4056615829, -49.6458244324, 2.65073513985, -28.3642044067, 8.32708072662, -19.9119224548, 1.33720171452, -6.72718143463, -5.68842077255, -13.703909874], "icov": [[9.50700705289e-05, -0.000184887976502, 0.00023252304527, -0.000201692600967, 0.000200734430109, -0.000478756992379, 0.000390728964703, -0.000534750288352, 0.000369734916603, -0.000331387389451, 0.000206095675821, -0.000311401847284, 0.000269799435046], [-0.000184887976502, 0.00151828455273, 1.27230414364e-05, -0.000225416166359, -0.000819062290248, 0.00133030291181, -0.00148474995513, 0.00160469056573, -0.00111878779717, 0.00157231441699, -0.000840986554977, 0.00126893178094, -0.000650698435493], [0.00023252304527, 1.27230414364e-05, 0.00226027960889, -0.00106573838275, -0.000212901344639, -0.00118675467093, 0.000726453145035, -0.000522754155099, 0.00060449069133, -0.00046994141303, 0.00093374052085, -0.00149104255252, 0.000758376088925], [-0.000201692600967, -0.000225416166359, -0.00106573838275, 0.00442927516997, -0.00201700953767, 0.0012096214341, 0.000166308906046, 0.000230849880609, -0.00104640936479, 0.000335265271133, 0.00123551383149, -0.000822289614007, -4.48034261353e-05], [0.000200734430109, -0.000819062290248, -0.000212901344639, -0.00201700953767, 0.00625581340864, -0.00303450692445, -0.0015238764463, -0.0014413530007, 0.0011743871728, -0.0015429930063, -8.73513272381e-06, -0.000244451453909, 0.000124980477267], [-0.000478756992379, 0.00133030291181, -0.00118675467093, 0.0012096214341, -0.00303450692445, 0.00924199819565, -0.00503784185275, 0.00267880270258, -0.00084390421398, 0.00159363111015, -0.000549293530639, 0.000924639287405, 6.47306296742e-05], [0.000390728964703, -0.00148474995513, 0.000726453145035, 0.000166308906046, -0.0015238764463, -0.00503784185275, 0.0119797065854, -0.00612580170855, 0.0008732037968, -0.000983390724286, 0.00047965356498, -0.000102035723103, 0.000996617949568], [-0.000534750288352, 0.00160469056573, -0.000522754155099, 0.000230849880609, -0.0014413530007, 0.00267880270258, -0.00612580170855, 0.0140489395708, -0.00654057879001, 0.000479951122543, -0.00137327751145, 0.00183077063411, -0.000856884464156], [0.000369734916603, -0.00111878779717, 0.00060449069133, -0.00104640936479, 0.0011743871728, -0.00084390421398, 0.0008732037968, -0.00654057879001, 0.0120013570413, -0.00567217543721, 0.00281555531546, -0.00283882743679, 0.00109515071381], [-0.000331387389451, 0.00157231441699, -0.00046994141303, 0.000335265271133, -0.0015429930063, 0.00159363111015, -0.000983390724286, 0.000479951122543, -0.00567217543721, 0.0168108660728, -0.00593612389639, 0.00131956918631, -0.000122139666928], [0.000206095675821, -0.000840986554977, 0.00093374052085, 0.00123551383149, -8.73513272381e-06, -0.000549293530639, 0.00047965356498, -0.00137327751145, 0.00281555531546, -0.00593612389639, 0.0108763957396, -0.00422900822014, 0.000771495513618], [-0.000311401847284, 0.00126893178094, -0.00149104255252, -0.000822289614007, -0.000244451453909, 0.000924639287405, -0.000102035723103, 0.00183077063411, -0.00283882743679, 0.00131956918631, -0.00422900822014, 0.0148016354069, -0.00625866698101], [0.000269799435046, -0.000650698435493, 0.000758376088925, -4.48034261353e-05, 0.000124980477267, 6.47306296742e-05, 0.000996617949568, -0.000856884464156, 0.00109515071381, -0.000122139666928, 0.000771495513618, -0.00625866698101, 0.0118084000424]], "cov": [[30724.125, 2277.38256836, -2063.31396484, 822.272705078, 176.839126587, 806.707092285, 193.991348267, 746.656677246, 23.8851261139, 233.699203491, -71.6238708496, -73.7834472656, -443.570068359], [2277.38256836, 1260.32543945, -221.077819824, 177.934844971, 171.20791626, 24.9721870422, 131.970214844, 21.9609909058, 23.0344161987, -52.7166213989, -11.4751148224, -76.3552398682, -21.6055049896], [-2063.31396484, -221.077819824, 838.52154541, 182.179763794, 164.848526001, 78.4486083984, 34.5029411316, -11.1178712845, 20.7366485596, -7.54297876358, -55.2531089783, 63.0547065735, 10.9341268539], [822.272705078, 177.934844971, 182.179763794, 411.736602783, 184.264450073, 58.9098548889, 56.9625549316, 59.7128715515, 55.5576667786, 6.11770200729, -56.5311317444, 25.4704837799, -9.76406383514], [176.839126587, 171.20791626, 164.848526001, 184.264450073, 390.74432373, 178.796142578, 175.937911987, 91.7384567261, 45.8653259277, 27.4213752747, -9.35054206848, -5.45396661758, -24.0516376495], [806.707092285, 24.9721870422, 78.4486083984, 58.9098548889, 178.796142578, 266.350494385, 142.261291504, 63.6540336609, 13.8224201202, 14.3430757523, -9.28887176514, -12.714805603, -39.8762054443], [193.991348267, 131.970214844, 34.5029411316, 56.9625549316, 175.937911987, 142.261291504, 228.707427979, 108.566734314, 53.4404449463, 24.0653209686, 0.581425666809, -22.8823776245, -30.0997619629], [746.656677246, 21.9609909058, -11.1178712845, 59.7128715515, 91.7384567261, 63.6540336609, 108.566734314, 182.402435303, 95.0489578247, 48.9324989319, 6.18122386932, -1.85765755177, -21.8530788422], [23.8851261139, 23.0344161987, 20.7366485596, 55.5576667786, 45.8653259277, 13.8224201202, 53.4404449463, 95.0489578247, 163.261688232, 53.9641799927, -2.6286303997, 16.0715007782, -4.46498394012], [233.699203491, -52.7166213989, -7.54297876358, 6.11770200729, 27.4213752747, 14.3430757523, 24.0653209686, 48.9324989319, 53.9641799927, 102.980926514, 45.5578079224, 14.3871068954, -5.87669944763], [-71.6238708496, -11.4751148224, -55.2531089783, -56.5311317444, -9.35054206848, -9.28887176514, 0.581425666809, 6.18122386932, -2.6286303997, 45.5578079224, 140.778884888, 31.6697502136, 13.1903934479], [-73.7834472656, -76.3552398682, 63.0547065735, 25.4704837799, -5.45396661758, -12.714805603, -22.8823776245, -1.85765755177, 16.0715007782, 14.3871068954, 31.6697502136, 114.163803101, 52.5472564697], [-443.570068359, -21.6055049896, 10.9341268539, -9.76406383514, -24.0516376495, -39.8762054443, -30.0997619629, -21.8530788422, -4.46498394012, -5.87669944763, 13.1903934479, 52.5472564697, 121.66065979]]}, "spectral_flux": {"min": 6.36746766425e-11, "max": 0.237637758255, "dvar2": 0.000525753304828, "median": 0.0441017299891, "dmean2": 0.0196833051741, "dmean": 0.0118541913107, "var": 0.00124778703321, "dvar": 0.00019438524032, "mean": 0.0487856529653}, "silence_rate_30dB": {"min": 0, "max": 1, "dvar2": 0.00728187989444, "median": 1, "dmean2": 0.00570918805897, "dmean": 0.00285433954559, "var": 0.00266865710728, "dvar": 0.00284608104266, "mean": 0.997324287891}, "spectral_energyband_middle_high": {"min": 1.2232481598e-21, "max": 0.0535760112107, "dvar2": 2.20638794417e-05, "median": 0.00264197029173, "dmean2": 0.00241322815418, "dmean": 0.00153295719065, "var": 5.59451364097e-05, "dvar": 8.47337742016e-06, "mean": 0.00553640956059}, "barkbands_spread": {"min": 0.557588934898, "max": 137.169403076, "dvar2": 76.6122970581, "median": 15.3139104843, "dmean2": 5.32680654526, "dmean": 3.50861763954, "var": 109.521972656, "dvar": 35.417552948, "mean": 16.5770683289}, "spectral_centroid": {"min": 229.64263916, "max": 11809.6171875, "dvar2": 77707.625, "median": 1102.93786621, "dmean2": 228.172195435, "dmean": 149.251251221, "var": 994672, "dvar": 36396.4921875, "mean": 1233.53869629}, "pitch_salience": {"min": 0.0148811563849, "max": 0.962174296379, "dvar2": 0.00571313779801, "median": 0.473244071007, "dmean2": 0.08104031533, "dmean": 0.0516206622124, "var": 0.0114903580397, "dvar": 0.00242596166208, "mean": 0.472358554602}, "erbbands_skewness": {"min": -1.93188738823, "max": 7.57849216461, "dvar2": 0.301078081131, "median": 0.544780373573, "dmean2": 0.541440963745, "dmean": 0.35817322135, "var": 0.791661143303, "dvar": 0.131351470947, "mean": 0.659898281097}, "erbbands_crest": {"min": 2.35005021095, "max": 33.4681587219, "dvar2": 16.8226299286, "median": 12.0038318634, "dmean2": 4.46217823029, "dmean": 2.85155582428, "var": 40.2296600342, "dvar": 6.95304298401, "mean": 13.2563676834}, "melbands": {"min": [5.34270937811e-25, 1.58610957123e-24, 8.86552848078e-25, 1.41837121733e-24, 1.60742271935e-24, 1.90848448268e-24, 1.86016044135e-24, 2.05129355008e-24, 1.81481474437e-24, 2.00626556682e-24, 2.11819151864e-24, 2.84810183449e-24, 1.6687407789e-24, 2.53228866805e-24, 4.328879345e-24, 3.60158942786e-24, 3.83540582801e-24, 2.94830393275e-24, 2.04953932064e-24, 3.28293340393e-24, 2.82918376669e-24, 4.09648999422e-24, 4.06361973802e-24, 4.86812414942e-24, 3.44161474717e-24, 4.865041281e-24, 2.67174961254e-24, 4.23222771246e-24, 3.1677873219e-24, 4.57352522766e-24, 4.75291693067e-24, 4.88569839267e-24, 4.84319535596e-24, 6.03871602997e-24, 6.12256011128e-24, 6.74763061561e-24, 5.91628047875e-24, 5.24684838141e-24, 5.99813899716e-24, 5.21105697328e-24], "max": [0.004890285898, 0.0147556494921, 0.00924813002348, 0.00269945710897, 0.00869464594871, 0.00799879617989, 0.00923211872578, 0.0205617472529, 0.0225767400116, 0.0232802946121, 0.0107981171459, 0.00748089747503, 0.00358288967982, 0.00481306947768, 0.00267068436369, 0.00525715574622, 0.00293402117677, 0.0020999237895, 0.000961788231507, 0.00109596771654, 0.000544621434528, 0.000213612118387, 0.000616466451902, 0.000406920706155, 0.000429835199611, 0.000351347669493, 0.000125626873341, 0.000178488975507, 8.18897751742e-05, 3.50761292793e-05, 1.60695708473e-05, 1.51645235746e-05, 1.33267121782e-05, 1.75460045284e-05, 3.28625137627e-05, 1.01789873952e-05, 1.40148613355e-05, 6.04736987952e-06, 3.15824968311e-06, 3.68867154066e-06], "dvar2": [3.16756342045e-07, 1.56496741965e-06, 4.35342457195e-07, 5.12890068194e-08, 1.05623058744e-07, 4.80150674775e-08, 1.57660466016e-07, 3.42710592349e-07, 8.11843619886e-07, 1.33464254759e-06, 1.87494180182e-07, 1.32423423338e-07, 1.91839202301e-08, 6.39140864678e-08, 3.54922917722e-08, 1.38740730904e-07, 2.4713404656e-08, 1.36000357642e-08, 2.67378563734e-09, 2.61112975686e-09, 3.87718024353e-10, 3.13873510516e-10, 8.81485440196e-10, 2.69898992045e-10, 2.74900796571e-10, 1.80931533644e-10, 4.21206299006e-11, 4.72768699189e-11, 6.03326026291e-12, 3.04793018081e-12, 1.35423237294e-12, 7.39030364683e-13, 5.69976303568e-13, 7.2925725788e-13, 9.11161228932e-13, 2.09720831196e-13, 2.05557725247e-13, 8.57441084822e-14, 5.37216586049e-14, 6.17047510093e-14], "median": [0.000406088773161, 0.000520919740666, 0.000185557379154, 8.84693872649e-05, 9.72157140495e-05, 8.27836774988e-05, 6.34104799246e-05, 7.90327321738e-05, 6.62945967633e-05, 2.95048703265e-05, 2.25593466894e-05, 1.90006285266e-05, 1.72407926584e-05, 2.09980426007e-05, 1.39331277751e-05, 6.70535109748e-06, 9.11005008675e-06, 8.66667323862e-06, 6.63940681989e-06, 7.17741568224e-06, 4.33904642705e-06, 3.74316437046e-06, 3.62307810065e-06, 3.18823640555e-06, 3.232061772e-06, 3.12670726998e-06, 2.24120503844e-06, 1.34979586619e-06, 5.53283769023e-07, 2.5574178153e-07, 2.1994077315e-07, 1.71488778733e-07, 1.53436218397e-07, 1.19730259485e-07, 1.13526567702e-07, 7.22092323713e-08, 6.54967706737e-08, 5.12562436938e-08, 3.34118013257e-08, 2.01597956107e-08], "dmean2": [0.000333454692736, 0.000670299166813, 0.000336654280545, 0.000127809180412, 0.000134414454806, 0.000105087994598, 0.000131717213662, 0.000201490227482, 0.000291442149319, 0.000285478716251, 0.000120299322589, 0.000107300686068, 5.31206314918e-05, 9.76302180788e-05, 7.60931143304e-05, 9.09078444238e-05, 4.1058716306e-05, 3.88199041481e-05, 2.03157160286e-05, 1.97464923986e-05, 9.47212811298e-06, 8.40912161948e-06, 1.07830455818e-05, 7.0007317845e-06, 6.83897042109e-06, 6.34378102404e-06, 3.32694071403e-06, 2.99268413073e-06, 8.97685936252e-07, 5.88661123402e-07, 5.04963054482e-07, 3.68293001429e-07, 3.07011760015e-07, 2.81344028963e-07, 3.10987132934e-07, 1.70915470221e-07, 1.56013783226e-07, 1.15453147487e-07, 8.78759749412e-08, 8.09115903166e-08], "dmean": [0.000199776273803, 0.000395872542867, 0.000198785870452, 7.62412091717e-05, 9.41187900025e-05, 7.11408574716e-05, 9.12924297154e-05, 0.000149222672917, 0.000212486760574, 0.000195951623027, 8.00216803327e-05, 6.93586334819e-05, 3.47148670699e-05, 6.19176717009e-05, 4.76649038319e-05, 5.59978871024e-05, 2.60165452346e-05, 2.43372469413e-05, 1.27724852064e-05, 1.21774482977e-05, 5.80302685194e-06, 5.04325771544e-06, 6.53483039059e-06, 4.35340143667e-06, 4.3816444304e-06, 3.97634448746e-06, 2.1528896923e-06, 1.92777088159e-06, 5.76630782234e-07, 3.59239209047e-07, 3.03396689105e-07, 2.25719247737e-07, 1.92263371446e-07, 1.74770732997e-07, 1.95445679196e-07, 1.10063133718e-07, 9.92927056132e-08, 7.38717815807e-08, 5.56532420148e-08, 5.15896303455e-08], "var": [5.08688287937e-07, 1.06558889001e-06, 2.88347393962e-07, 5.34706146027e-08, 2.58818914745e-07, 1.46150668456e-07, 3.27623979501e-07, 9.19499143492e-07, 2.0778650196e-06, 2.20551464736e-06, 2.5145217819e-07, 1.91290496332e-07, 4.75213859374e-08, 1.60103411417e-07, 5.89814348473e-08, 1.14191323064e-07, 2.55458711962e-08, 1.25204087098e-08, 2.5512900681e-09, 2.56376764263e-09, 4.67224980927e-10, 2.65148653034e-10, 6.47115638852e-10, 3.74224734534e-10, 4.61228027993e-10, 2.85030721248e-10, 8.63557628183e-11, 9.39083810714e-11, 1.01532757896e-11, 3.05997458275e-12, 1.61491338965e-12, 9.19866721856e-13, 6.9819112514e-13, 6.40509075899e-13, 8.89387576173e-13, 2.67360921813e-13, 1.95543898456e-13, 8.46134211416e-14, 4.59310120862e-14, 3.70216315557e-14], "dvar": [1.11429514504e-07, 5.61042270419e-07, 1.54218014359e-07, 1.78807653128e-08, 5.41850404545e-08, 2.30948202784e-08, 7.75725297331e-08, 1.99828562586e-07, 4.41839006271e-07, 6.11871030287e-07, 8.369191562e-08, 5.4738176658e-08, 8.69096261624e-09, 2.52762681896e-08, 1.40210110189e-08, 5.17930480726e-08, 9.21584941693e-09, 5.16248022109e-09, 1.03644148819e-09, 1.02186148432e-09, 1.59794288912e-10, 1.13206340135e-10, 3.18193554838e-10, 1.1089791585e-10, 1.2249308512e-10, 7.52270329363e-11, 1.95009373233e-11, 2.36868701736e-11, 3.12598840042e-12, 1.14602099512e-12, 4.98079008593e-13, 2.80921797326e-13, 2.27892411973e-13, 2.80098833667e-13, 3.93037056894e-13, 9.1718482581e-14, 8.87671419659e-14, 3.74545873645e-14, 2.14042125631e-14, 2.52804098185e-14], "mean": [0.000632953131571, 0.000794401683379, 0.000367654749425, 0.00016716812388, 0.000262469286099, 0.000183625277714, 0.000212578277569, 0.000365307350876, 0.000513024395332, 0.000417707808083, 0.000161437230418, 0.000135932772537, 7.8174227383e-05, 0.000145429861732, 0.000102188379969, 9.53365160967e-05, 4.99354064232e-05, 4.64336299046e-05, 2.45412575168e-05, 2.33883711189e-05, 1.17425324788e-05, 9.75768853095e-06, 1.20354679893e-05, 9.64836272033e-06, 9.78039588517e-06, 8.83425309439e-06, 5.24961205883e-06, 4.44535680799e-06, 1.33204457597e-06, 7.69564906022e-07, 6.64955450702e-07, 5.30878992322e-07, 4.3291925067e-07, 3.47767155517e-07, 3.79804419026e-07, 2.31550984608e-07, 1.96078957515e-07, 1.4460746911e-07, 1.00178226603e-07, 7.66086358794e-08]}, "spectral_entropy": {"min": 4.7761888504, "max": 9.82162094116, "dvar2": 0.0380913056433, "median": 7.09864807129, "dmean2": 0.192951843143, "dmean": 0.133070155978, "var": 0.266847193241, "dvar": 0.0193753968924, "mean": 7.1042342186}, "spectral_rolloff": {"min": 21.533203125, "max": 19444.4824219, "dvar2": 1707959.625, "median": 1012.06054688, "dmean2": 473.386901855, "dmean": 276.430603027, "var": 3503276.5, "dvar": 778328.0625, "mean": 1285.83984375}, "barkbands": {"min": [1.45902794975e-25, 1.40462857011e-24, 9.28707405485e-25, 1.24646945279e-24, 9.91818407828e-24, 8.74901175293e-24, 7.60959683864e-24, 8.90057638751e-24, 1.39363796277e-23, 1.59802993004e-23, 1.13531473084e-23, 2.47131883142e-23, 2.52424240514e-23, 3.55905041909e-23, 1.65272528536e-23, 5.47354610076e-23, 6.64184152832e-23, 1.16293357155e-22, 1.53146957028e-22, 1.7413174258e-22, 2.25665917681e-22, 2.90665860083e-22, 3.36738542879e-22, 5.17090573603e-22, 7.86358512212e-22, 1.22404080724e-21, 1.94022805934e-21], "max": [0.000327636691509, 0.0205653943121, 0.0420682504773, 0.0178006570786, 0.0170530397445, 0.045152105391, 0.0443804226816, 0.110473662615, 0.143782675266, 0.0529486984015, 0.0263373330235, 0.0447049885988, 0.03841644153, 0.0226106662303, 0.0239233784378, 0.0113440863788, 0.00855036824942, 0.00794063229114, 0.00529079465196, 0.00411924440414, 0.00159869587515, 0.000690523884259, 0.00142588082235, 0.000663579092361, 0.000298923172522, 0.000274647318292, 7.55089349695e-05], "dvar2": [2.95847207843e-10, 7.20255548003e-06, 8.15607108962e-06, 2.27352529691e-06, 1.05287449514e-06, 1.48591732341e-06, 3.18230445373e-06, 2.14134943235e-05, 4.09415806644e-05, 8.79920662555e-06, 1.10858968583e-06, 5.09248684466e-06, 9.00802206161e-06, 1.55345401254e-06, 1.63602601333e-06, 2.47040304657e-07, 2.56302115531e-07, 8.4343007245e-08, 9.41565332369e-08, 2.75264291361e-08, 2.96285529444e-09, 1.48438117353e-09, 1.66557001524e-09, 6.3943955686e-10, 3.88859361378e-10, 1.54383505979e-10, 6.93799462326e-11], "median": [5.97272628511e-06, 0.00154331710655, 0.000541660585441, 0.000251980294706, 0.000526699295733, 0.000489274505526, 0.000281176617136, 0.000396797346184, 0.000180770817678, 0.000158484064741, 0.000127299950691, 0.000142450939165, 7.30116444174e-05, 6.3234976551e-05, 0.000100536257378, 6.77507778164e-05, 8.1406236859e-05, 6.59072247799e-05, 0.000100812634628, 4.7624547733e-05, 1.18440821097e-05, 9.29694760998e-06, 6.49309367873e-06, 4.92851449962e-06, 2.31069361689e-06, 1.11848123652e-06, 2.82093481019e-07], "dmean2": [7.55113887863e-06, 0.00158362172078, 0.0013803638285, 0.000754810345825, 0.00059104966931, 0.000594608834945, 0.00064725021366, 0.00158487667795, 0.0016830364475, 0.000959218130447, 0.000418645853642, 0.000828559335787, 0.000838148465846, 0.000330893089995, 0.000441743293777, 0.000187173835002, 0.000212387836655, 0.000136632123031, 0.000157777903951, 7.69023099565e-05, 2.04093976208e-05, 1.66860045283e-05, 1.40909487527e-05, 9.71638291958e-06, 6.7360920184e-06, 4.47485399491e-06, 2.98265672427e-06], "dmean": [4.5008619054e-06, 0.000937871460337, 0.000815828097984, 0.000438836636022, 0.000368508481188, 0.00041207895265, 0.000447798141977, 0.00117513153236, 0.00115991709754, 0.000623444677331, 0.000272086646874, 0.000518991088029, 0.000517051084898, 0.000211009653867, 0.000271766242804, 0.000116038660053, 0.000127197054098, 8.515650552e-05, 9.94639558485e-05, 4.93183324579e-05, 1.25986507555e-05, 1.04685714177e-05, 8.94330059964e-06, 6.31245893601e-06, 4.40108760813e-06, 2.90622620014e-06, 1.86737099739e-06], "var": [1.2312900699e-09, 8.00060661277e-06, 4.94430105391e-06, 1.30717785396e-06, 1.80652375548e-06, 4.45479236078e-06, 6.43054863758e-06, 5.58806314075e-05, 7.25238205632e-05, 1.23531872305e-05, 2.44819079853e-06, 1.27621160573e-05, 7.74600721343e-06, 1.70538555722e-06, 1.46180582306e-06, 2.6679387588e-07, 1.89888609725e-07, 1.39682583722e-07, 1.56703265475e-07, 6.42893596137e-08, 3.86201026714e-09, 2.34300023827e-09, 2.1623571822e-09, 7.14430237192e-10, 2.92982971217e-10, 1.029799232e-10, 3.36560952718e-11], "dvar": [1.08480689709e-10, 2.51448796007e-06, 2.94937990475e-06, 7.92241394265e-07, 4.16356812138e-07, 7.65740367115e-07, 1.59686180723e-06, 1.20296435853e-05, 1.90030696103e-05, 3.77910782845e-06, 4.99537634369e-07, 1.97193799067e-06, 3.35965160048e-06, 5.79896720865e-07, 6.12644726061e-07, 9.95642679413e-08, 9.0571248279e-08, 3.65010883741e-08, 4.01076007961e-08, 1.347260703e-08, 1.20435328377e-09, 5.89741089296e-10, 7.26279814067e-10, 2.81657280832e-10, 1.65768190841e-10, 6.58036264367e-11, 2.88466733139e-11], "mean": [2.1468675186e-05, 0.00246985885315, 0.0012932975078, 0.000668550084811, 0.000956724165007, 0.00109509250615, 0.000989321386442, 0.00279585458338, 0.00249791657552, 0.00124408688862, 0.000569903815631, 0.00117703247815, 0.000897415098734, 0.000412945693824, 0.000510847312398, 0.000227378943237, 0.000237573403865, 0.000190280974493, 0.000238660053583, 0.00012545856589, 3.06683105009e-05, 2.65612143266e-05, 2.01509810722e-05, 1.3591105926e-05, 7.51312927605e-06, 4.34653384218e-06, 2.07244784178e-06]}, "melbands_flatness_db": {"min": 0.00174522225279, "max": 0.488114327192, "dvar2": 0.000726397032849, "median": 0.222214519978, "dmean2": 0.0268546957523, "dmean": 0.0180565454066, "var": 0.0035259781871, "dvar": 0.000347753841197, "mean": 0.227481231093}, "melbands_skewness": {"min": -2.13303899765, "max": 16.3956794739, "dvar2": 0.79702681303, "median": 1.54092788696, "dmean2": 0.740849733353, "dmean": 0.487892627716, "var": 2.92339849472, "dvar": 0.400542885065, "mean": 1.85352027416}, "barkbands_skewness": {"min": -2.17286062241, "max": 12.6347951889, "dvar2": 0.549737155437, "median": 1.01364588737, "dmean2": 0.597855627537, "dmean": 0.395684152842, "var": 1.91294252872, "dvar": 0.278115361929, "mean": 1.24736356735}, "silence_rate_60dB": {"min": 0, "max": 1, "dvar2": 0.0389179512858, "median": 0, "dmean2": 0.034968778491, "dmean": 0.0174828302115, "var": 0.173661187291, "dvar": 0.0171767640859, "mean": 0.223688900471}, "spectral_energyband_low": {"min": 1.48304935103e-23, "max": 0.0561575256288, "dvar2": 2.22235430556e-05, "median": 0.00316417170689, "dmean2": 0.0026561350096, "dmean": 0.00158028607257, "var": 2.05857068067e-05, "dvar": 7.95537289378e-06, "mean": 0.00417889934033}, "spectral_energyband_middle_low": {"min": 2.13590691277e-22, "max": 0.149985820055, "dvar2": 6.60988953314e-05, "median": 0.00547319278121, "dmean2": 0.00419209897518, "dmean": 0.00289971497841, "var": 0.000169479229953, "dvar": 3.22928135574e-05, "mean": 0.00947613734752}, "melbands_kurtosis": {"min": -1.70302522182, "max": 432.888092041, "dvar2": 271.290008545, "median": 3.89871239662, "dmean2": 6.32391214371, "dmean": 4.15856742859, "var": 427.381469727, "dvar": 129.377487183, "mean": 9.42105102539}, "spectral_decrease": {"min": -4.33012701251e-08, "max": 1.45131002816e-28, "dvar2": 5.9496839122e-18, "median": -3.56875062835e-09, "dmean2": 1.53847101725e-09, "dmean": 1.00980601658e-09, "var": 2.16503441116e-17, "dvar": 2.64731896538e-18, "mean": -4.61947013974e-09}, "erbbands_kurtosis": {"min": -1.81550168991, "max": 93.3650588989, "dvar2": 15.5413398743, "median": 0.459848284721, "dmean2": 1.94875478745, "dmean": 1.23784482479, "var": 17.3591918945, "dvar": 6.12905311584, "mean": 1.64023292065}, "melbands_crest": {"min": 1.51234078407, "max": 39.7880134583, "dvar2": 17.2331218719, "median": 13.9777393341, "dmean2": 4.18740701675, "dmean": 2.66875457764, "var": 33.5160598755, "dvar": 7.14743041992, "mean": 14.9185819626}, "melbands_spread": {"min": 0.538239061832, "max": 189.321655273, "dvar2": 97.7292633057, "median": 18.6737098694, "dmean2": 6.55262374878, "dmean": 4.29947280884, "var": 254.931365967, "dvar": 44.7877464294, "mean": 21.2204093933}, "spectral_energy": {"min": 9.97298948916e-21, "max": 0.174976974726, "dvar2": 9.50979156187e-05, "median": 0.0143831185997, "dmean2": 0.00613069301471, "dmean": 0.00402792356908, "var": 0.000359076919267, "dvar": 4.24207901233e-05, "mean": 0.0187245905399}, "mfcc": {"mean": [-718.335632324, 139.479034424, -16.4869499207, 17.6219654083, -0.576866269112, -4.0118560791, 2.14739012718, 2.49565052986, -7.70856428146, 9.46297740936, -0.0531225241721, -0.417775213718, 2.46621370316], "icov": [[0.000127231658553, -0.000104425329482, 0.000232235659496, -0.000162400785484, 4.88206860609e-05, -0.000249715842074, 8.50497890497e-05, -0.000329238828272, 5.5054857512e-05, -0.000192346080439, -6.18353296886e-05, -8.51611184771e-05, -2.7087293347e-05], [-0.000104425329482, 0.00111299194396, 0.000126119892229, -0.000394633854739, 4.89560625283e-05, 3.8846530515e-05, -0.000421172968345, 6.89705120749e-05, 0.00014085949806, 0.000124281461467, -0.000192829917069, 0.000330702168867, -3.28780970449e-06], [0.000232235659496, 0.000126119892229, 0.00294587272219, -0.000670244451612, -0.000707641826011, -0.00120106164832, 0.000623241765425, -0.00100016489159, 0.00050972198369, 0.000164568657055, -0.000190022430615, 0.000742985517718, 4.78527290397e-05], [-0.000162400785484, -0.000394633854739, -0.000670244451612, 0.00478511396796, -0.00236757821403, 0.000512979750056, 0.000574722478632, -0.000158979179105, -0.000953507376835, 0.000602079788223, -0.000317323516356, 0.000597093661781, -0.00148775137495], [4.88206860609e-05, 4.89560625283e-05, -0.000707641826011, -0.00236757821403, 0.00828247796744, -0.00205180584453, -0.00191773916595, 0.000207542456337, -0.000667067070026, -6.0720158217e-05, 0.000995923066512, -0.000757679867093, -0.00017179788847], [-0.000249715842074, 3.8846530515e-05, -0.00120106164832, 0.000512979750056, -0.00205180584453, 0.00839176028967, -0.00226996373385, -0.00047886572429, -0.0013513447484, 0.00214928761125, -0.0020238456782, 0.00172861875035, 0.00018372994964], [8.50497890497e-05, -0.000421172968345, 0.000623241765425, 0.000574722478632, -0.00191773916595, -0.00226996373385, 0.00713214790449, -0.00219992944039, 0.000940805592109, -0.00204972480424, -0.000113740687084, 0.000256849423749, -0.000558633473702], [-0.000329238828272, 6.89705120749e-05, -0.00100016489159, -0.000158979179105, 0.000207542456337, -0.00047886572429, -0.00219992944039, 0.0113493297249, -0.00319705880247, 0.000184544798685, -0.00147770496551, -0.000353116367478, 0.000249396427535], [5.5054857512e-05, 0.00014085949806, 0.00050972198369, -0.000953507376835, -0.000667067070026, -0.0013513447484, 0.000940805592109, -0.00319705880247, 0.00726576056331, -0.000584372610319, -0.00110310094897, -0.00109205301851, 0.000866027199663], [-0.000192346080439, 0.000124281461467, 0.000164568657055, 0.000602079788223, -6.0720158217e-05, 0.00214928761125, -0.00204972480424, 0.000184544798685, -0.000584372610319, 0.00900527276099, -0.00275102979504, 0.0025865805801, -0.0012288246071], [-6.18353296886e-05, -0.000192829917069, -0.000190022430615, -0.000317323516356, 0.000995923066512, -0.0020238456782, -0.000113740687084, -0.00147770496551, -0.00110310094897, -0.00275102979504, 0.0111916977912, -0.00595702743158, 0.00193690834567], [-8.51611184771e-05, 0.000330702168867, 0.000742985517718, 0.000597093661781, -0.000757679867093, 0.00172861875035, 0.000256849423749, -0.000353116367478, -0.00109205301851, 0.0025865805801, -0.00595702743158, 0.0124118709937, -0.00612216768786], [-2.7087293347e-05, -3.28780970449e-06, 4.78527290397e-05, -0.00148775137495, -0.00017179788847, 0.00018372994964, -0.000558633473702, 0.000249396427535, 0.000866027199663, -0.0012288246071, 0.00193690834567, -0.00612216768786, 0.0117485085502]], "cov": [[15234.6044922, 1752.41455078, -858.506652832, 710.656982422, 271.53414917, 561.292419434, 456.674163818, 706.628723145, 540.607055664, 364.794342041, 614.422546387, 409.644805908, 241.487335205], [1752.41455078, 1167.90026855, -104.57408905, 169.782745361, 68.7786636353, 88.9728393555, 125.582962036, 87.6376953125, 52.9458808899, 43.4705123901, 75.1815643311, 15.3347129822, 26.2587356567], [-858.506652832, -104.57408905, 504.472137451, 70.6326217651, 84.6149520874, 82.1493530273, -4.55984067917, 19.4348468781, 2.16115736961, -45.4381332397, -22.6239871979, -56.5799255371, -26.4615917206], [710.656982422, 169.782745361, 70.6326217651, 343.432220459, 130.16758728, 74.2587890625, 38.4026527405, 69.9320068359, 88.9220657349, -3.94575357437, 46.3622741699, 33.3364067078, 48.7325668335], [271.53414917, 68.7786636353, 84.6149520874, 130.16758728, 209.371459961, 101.105865479, 81.1343917847, 54.1029243469, 62.9665222168, -0.328316152096, 26.2569522858, 15.3141889572, 19.9496364594], [561.292419434, 88.9728393555, 82.1493530273, 74.2587890625, 101.105865479, 227.8097229, 98.4118041992, 82.6782455444, 83.2582168579, -6.10571908951, 61.8547973633, 4.30960607529, -3.49958848953], [456.674163818, 125.582962036, -4.55984067917, 38.4026527405, 81.1343917847, 98.4118041992, 226.218917847, 75.8684692383, 40.2506408691, 48.6746711731, 47.4692306519, 10.2114925385, 14.3824052811], [706.628723145, 87.6376953125, 19.4348468781, 69.9320068359, 54.1029243469, 82.6782455444, 75.8684692383, 167.303375244, 102.671539307, 23.4104042053, 75.5442733765, 39.8832015991, 13.1933832169], [540.607055664, 52.9458808899, 2.16115736961, 88.9220657349, 62.9665222168, 83.2582168579, 40.2506408691, 102.671539307, 226.183120728, 18.6945991516, 83.5101928711, 53.9936294556, 11.5168838501], [364.794342041, 43.4705123901, -45.4381332397, -3.94575357437, -0.328316152096, -6.10571908951, 48.6746711731, 23.4104042053, 18.6945991516, 146.278427124, 40.6185112, 0.228907257318, 9.79137420654], [614.422546387, 75.1815643311, -22.6239871979, 46.3622741699, 26.2569522858, 61.8547973633, 47.4692306519, 75.5442733765, 83.5101928711, 40.6185112, 176.796173096, 90.9791564941, 23.825553894], [409.644805908, 15.3347129822, -56.5799255371, 33.3364067078, 15.3141889572, 4.30960607529, 10.2114925385, 39.8832015991, 53.9936294556, 0.228907257318, 90.9791564941, 171.734115601, 75.7317733765], [241.487335205, 26.2587356567, -26.4615917206, 48.7325668335, 19.9496364594, -3.49958848953, 14.3824052811, 13.1933832169, 11.5168838501, 9.79137420654, 23.825553894, 75.7317733765, 128.421646118]]}, "spectral_contrast_valleys": {"min": [-28.3193264008, -27.9046325684, -27.6803417206, -27.7032985687, -27.5455036163, -27.4234237671], "max": [-5.73174571991, -5.16759872437, -5.61659860611, -6.66742897034, -6.35279273987, -8.63531494141], "dvar2": [0.248437911272, 0.146999314427, 0.109602160752, 0.074972383678, 0.0647190958261, 0.144839629531], "median": [-7.26260375977, -6.99062776566, -7.75237369537, -8.30764198303, -8.39201641083, -11.258638382], "dmean2": [0.571712195873, 0.467032402754, 0.405311822891, 0.334756851196, 0.262662261724, 0.331688165665], "dmean": [0.341248989105, 0.280966371298, 0.243374451995, 0.202280253172, 0.166136294603, 0.238444060087], "var": [6.55026197433, 5.35467672348, 5.00034713745, 4.51374387741, 4.38493680954, 3.70557594299], "dvar": [0.0945986583829, 0.0580186024308, 0.0445851646364, 0.0325041748583, 0.0321192517877, 0.0841567069292], "mean": [-8.24879074097, -7.66199922562, -8.30943584442, -8.85911464691, -8.83997058868, -11.6004486084]}, "barkbands_flatness_db": {"min": 0.0317216105759, "max": 0.412049889565, "dvar2": 0.000659028883092, "median": 0.155221164227, "dmean2": 0.0251314807683, "dmean": 0.0171145610511, "var": 0.00284876138903, "dvar": 0.000328385183821, "mean": 0.162692859769}, "dynamic_complexity": 5.81612253189, "spectral_skewness": {"min": -0.0574485510588, "max": 4.60740804672, "dvar2": 0.107596434653, "median": 1.80901706219, "dmean2": 0.372758477926, "dmean": 0.220865622163, "var": 0.209134072065, "dvar": 0.0385694280267, "mean": 1.8364597559}, "erbbands_flatness_db": {"min": 0.0233045481145, "max": 0.419019430876, "dvar2": 0.0005337