{"lowlevel": {"spectral_complexity": {"min": 0, "max": 33, "dvar2": 7.00777721405, "median": 12, "dmean2": 2.98970937729, "dmean": 1.82533764839, "var": 27.4147129059, "dvar": 3.00108671188, "mean": 12.2312240601}, "silence_rate_20dB": {"min": 1, "max": 1, "dvar2": 0, "median": 1, "dmean2": 0, "dmean": 0, "var": 0, "dvar": 0, "mean": 1}, "average_loudness": 0.896776735783, "erbbands_spread": {"min": 0.914905667305, "max": 116.900802612, "dvar2": 58.9077377319, "median": 15.9926052094, "dmean2": 6.64637184143, "dmean": 4.41462802887, "var": 155.94593811, "dvar": 29.2707366943, "mean": 19.0032806396}, "spectral_kurtosis": {"min": -1.21502006054, "max": 210.302322388, "dvar2": 171.079071045, "median": 11.0183563232, "dmean2": 12.18663311, "dmean": 7.09984588623, "var": 284.044281006, "dvar": 60.3244094849, "mean": 15.9050712585}, "barkbands_kurtosis": {"min": -1.93935477734, "max": 20431.3789063, "dvar2": 124372.875, "median": 3.2754585743, "dmean2": 12.0740203857, "dmean": 8.35715103149, "var": 168552.6875, "dvar": 61646.8710938, "mean": 17.4999771118}, "spectral_strongpeak": {"min": 0, "max": 10.5381212234, "dvar2": 2.05738091469, "median": 1.72323215008, "dmean2": 1.13963258266, "dmean": 0.703924357891, "var": 2.42774295807, "dvar": 0.827457070351, "mean": 2.03335547447}, "spectral_spread": {"min": 434458.15625, "max": 40866604, "dvar2": 433523032064, "median": 2191486, "dmean2": 445712.3125, "dmean": 288277.09375, "var": 1596778217470.0, "dvar": 253893722112, "mean": 2327728.5}, "spectral_rms": {"min": 3.179158976e-12, "max": 0.0105043901131, "dvar2": 8.84629116626e-07, "median": 0.00509812217206, "dmean2": 0.000939696503337, "dmean": 0.000615700730123, "var": 3.0483511182e-06, "dvar": 3.92464556853e-07, "mean": 0.0047817165032}, "erbbands": {"min": [1.79407568583e-22, 1.27159702816e-21, 2.85233160569e-21, 2.59568872322e-20, 7.87863425569e-20, 1.07855563083e-19, 1.79402614789e-19, 3.67032264553e-19, 4.04997011236e-19, 2.92780190072e-19, 6.42361218447e-19, 3.9225726658e-19, 5.28376402122e-19, 1.31403720082e-18, 1.60778930226e-18, 1.34204212424e-18, 2.26746770193e-18, 3.16249201396e-18, 4.77379249112e-18, 4.83807931397e-18, 6.49833337376e-18, 6.3432969795e-18, 6.32514863686e-18, 1.28238331488e-17, 1.29302457987e-17, 1.35378719972e-17, 1.01769784385e-17, 1.41621989722e-17, 1.39984585699e-17, 1.31719868512e-17, 1.20262118354e-17, 1.46526939144e-17, 1.47957035161e-17, 9.76070806707e-18, 8.30376507568e-18, 5.36977984478e-18, 2.56282143183e-18, 1.15428546347e-18, 2.84238748916e-19, 3.26489189439e-20], "max": [0.0397387035191, 1.03535294533, 15.0385103226, 51.2433128357, 161.873504639, 459.761566162, 658.63482666, 469.558959961, 1289.86035156, 1308.7421875, 1677.25244141, 1129.46948242, 2269.92602539, 4092.24243164, 3286.27246094, 1712.10595703, 1292.20861816, 1238.29577637, 1341.70129395, 703.872009277, 767.770019531, 559.255859375, 441.428192139, 801.666687012, 481.042907715, 81.4529495239, 41.5318336487, 45.6308364868, 91.6135940552, 105.720321655, 38.1853218079, 40.5169715881, 69.5136108398, 12.0533504486, 1.82518255711, 0.586948871613, 0.061308670789, 0.0109676551074, 0.000521565438248, 0.000135166890686], "dvar2": [1.21351058624e-05, 0.00697306450456, 0.581705987453, 8.21454334259, 146.17149353, 792.06652832, 623.988586426, 708.056152344, 8513.1640625, 10488.9580078, 6347.5546875, 6591.71289063, 22511.3554688, 65461.0507813, 48611.2421875, 6104.15332031, 3978.60498047, 5339.79541016, 2692.22021484, 1344.37927246, 1831.43139648, 466.714233398, 1382.23950195, 705.043029785, 367.780639648, 30.3628730774, 9.45899772644, 6.41971063614, 8.86313915253, 7.32191801071, 1.60704934597, 2.64203739166, 3.600949049, 0.134889498353, 0.0028584736865, 9.93357898551e-05, 3.10951509164e-06, 8.0839271277e-08, 2.02081879008e-10, 1.79001105605e-10], "median": [0.000687982770614, 0.0137642510235, 0.0718033462763, 0.374920755625, 2.92188501358, 9.26622009277, 6.77780914307, 5.4090423584, 11.6297855377, 23.1175842285, 13.3092308044, 14.7932357788, 15.6366157532, 10.5773010254, 9.73533630371, 7.04595470428, 8.58518028259, 8.94188117981, 5.54371166229, 2.53877687454, 2.37864351273, 3.75093412399, 3.53290295601, 2.62150001526, 3.07684135437, 0.843722701073, 0.145827442408, 0.169565036893, 0.18930965662, 0.094580039382, 0.0344486534595, 0.0115677136928, 0.00600654818118, 0.00202417979017, 0.000748075195588, 0.000206235592486, 6.55105395708e-05, 1.60117579071e-05, 1.53299552039e-05, 3.07766495098e-05], "dmean2": [0.00132137804758, 0.0312277730554, 0.248965203762, 1.08767473698, 5.61235666275, 15.3425455093, 12.191986084, 9.74559783936, 38.3296470642, 50.9077529907, 30.9683113098, 35.2656593323, 53.7157325745, 67.6615371704, 54.1311225891, 25.5272274017, 23.274646759, 26.1012458801, 16.246421814, 11.0291910172, 9.90093135834, 8.54447650909, 12.2672309875, 5.96605443954, 7.03331661224, 2.33476686478, 0.864911854267, 0.781689107418, 0.871958911419, 0.392735302448, 0.207925513387, 0.214703559875, 0.136777311563, 0.0364922322333, 0.00623129494488, 0.00129376281984, 0.00026318631717, 4.0283495764e-05, 6.34693560642e-06, 1.16168284876e-05], "dmean": [0.000859546824358, 0.0213986560702, 0.171311855316, 0.725672483444, 3.64690113068, 9.80696105957, 8.19646835327, 6.49184131622, 25.0846710205, 33.5147895813, 21.7059650421, 24.5594749451, 35.3035621643, 42.9979515076, 33.8260574341, 16.6662902832, 14.9632549286, 17.0407962799, 11.2260704041, 6.98498010635, 6.30968904495, 5.52682209015, 7.61226987839, 3.79209280014, 4.65846967697, 1.52222728729, 0.539832353592, 0.502259969711, 0.563424825668, 0.258907288313, 0.145350903273, 0.148687899113, 0.0895283073187, 0.0237730834633, 0.00433184904978, 0.000965412706137, 0.000187462006579, 2.82602723018e-05, 4.20210744778e-06, 7.47730973671e-06], "var": [1.79953494808e-05, 0.0126333385706, 0.922554314137, 12.3310098648, 176.774719238, 1252.13708496, 1774.18762207, 1128.87609863, 13327.9980469, 14737.0175781, 13559.5195313, 14660.0117188, 34339.5546875, 61129.3398438, 36252.5195313, 6468.13085938, 4266.96142578, 4572.6015625, 3711.68969727, 1866.14733887, 2271.77929688, 592.245117188, 1195.07019043, 649.219055176, 509.362243652, 32.8152198792, 7.74100208282, 6.16547822952, 9.56301307678, 3.38441514969, 1.4829698801, 2.04250192642, 1.09725451469, 0.0597103796899, 0.00143712142017, 0.000120649798191, 3.70086922885e-06, 1.06201291317e-07, 2.94096996756e-10, 3.48521933535e-10], "dvar": [5.44771137356e-06, 0.00327761168592, 0.304343193769, 3.38158130646, 59.8058166504, 336.197570801, 310.39831543, 299.358032227, 3584.55371094, 4462.22021484, 3181.7980957, 3035.79663086, 8666.84082031, 24696.265625, 17312.6269531, 2611.50439453, 1643.52844238, 2289.77539063, 1413.89697266, 513.516723633, 714.690185547, 203.30909729, 510.684265137, 267.894622803, 155.461532593, 13.3808031082, 3.60778307915, 2.8898255825, 4.33523130417, 2.98026776314, 0.805803596973, 1.33461415768, 1.37120699883, 0.0580622144043, 0.00127531448379, 6.33781019133e-05, 1.774130169e-06, 4.77318948811e-08, 1.20488216626e-10, 7.20461537651e-11], "mean": [0.00249512330629, 0.0640099421144, 0.39039349556, 1.65901398659, 7.82606172562, 22.0678367615, 19.9848651886, 15.4003372192, 54.0742874146, 72.5050506592, 50.3499336243, 63.1026039124, 83.1332855225, 84.7009811401, 60.8600311279, 32.7022399902, 28.4044761658, 29.9543514252, 21.4293861389, 15.0038671494, 14.0787715912, 12.1485500336, 15.1000461578, 8.3731212616, 10.5481996536, 3.03316402435, 0.929807186127, 0.899257183075, 1.02583217621, 0.42709800601, 0.215283840895, 0.182098448277, 0.097084581852, 0.0269780755043, 0.00554532464594, 0.00137294735759, 0.00031038877205, 5.393495303e-05, 1.63785880432e-05, 3.08670896629e-05]}, "zerocrossingrate": {"min": 0, "max": 0.51025390625, "dvar2": 0.00011638594151, "median": 0.03369140625, "dmean2": 0.0055453274399, "dmean": 0.00467286724597, "var": 0.000463104515802, "dvar": 7.86029486335e-05, "mean": 0.0363661535084}, "spectral_contrast_coeffs": {"min": [-0.971244513988, -0.975702643394, -0.973872900009, -0.985320866108, -0.967505931854, -0.960586965084], "max": [-0.209519267082, -0.275113910437, -0.388946205378, -0.489514052868, -0.523075461388, -0.561601042747], "dvar2": [0.00364891905338, 0.00347302295268, 0.00245371391065, 0.00157867313828, 0.000838681065943, 0.000522107118741], "median": [-0.497381925583, -0.622595012188, -0.682962179184, -0.726181447506, -0.722259044647, -0.735058367252], "dmean2": [0.070649318397, 0.0724306702614, 0.0603018589318, 0.0495676733553, 0.0349056981504, 0.0258993394673], "dmean": [0.0439583212137, 0.0452270060778, 0.0383540727198, 0.0310349985957, 0.0226918645203, 0.0168365873396], "var": [0.0125378621742, 0.0110365878791, 0.00926365703344, 0.00481182849035, 0.00438875192776, 0.0030728969723], "dvar": [0.00152581080329, 0.00144342915155, 0.00103934702929, 0.000644477142487, 0.000403457757784, 0.000243109985604], "mean": [-0.498796254396, -0.6208948493, -0.674099326134, -0.722145140171, -0.723379552364, -0.735862255096]}, "dissonance": {"min": 0.153337314725, "max": 0.5, "dvar2": 0.0028071787674, "median": 0.412866860628, "dmean2": 0.0593264363706, "dmean": 0.0354189276695, "var": 0.00300952373073, "dvar": 0.00103511847556, "mean": 0.405213683844}, "spectral_energyband_high": {"min": 7.61047037903e-21, "max": 0.00517367804423, "dvar2": 4.49212969045e-08, "median": 1.57913418661e-05, "dmean2": 5.97107573412e-05, "dmean": 4.08791165682e-05, "var": 5.85310040435e-08, "dvar": 2.44539979377e-08, "mean": 7.71775157773e-05}, "gfcc": {"mean": [-90.686416626, 154.159637451, -157.642379761, -0.829374134541, -63.4564208984, -21.0005950928, -31.9698352814, -13.522693634, -18.1913566589, -17.090593338, -6.3037071228, -9.67696380615, -9.7984085083], "icov": [[0.000537962187082, -0.00092402723385, 0.00121384847444, -0.0010272936197, 0.00116799003445, -0.000553063873667, 0.000494021864142, -0.000329728121869, 0.000538627558853, -0.000325030239765, 0.000382526632166, -0.000337788369507, 0.00031570190913], [-0.00092402723385, 0.00560786947608, -0.00404004193842, 0.00348333641887, -0.00467776181176, 0.00306324311532, -0.00353341293521, 0.00315139931627, -0.00357448053546, 0.00337939918973, -0.00244384212419, 0.00269387871958, 0.000150627951371], [0.00121384847444, -0.00404004193842, 0.0048066014424, -0.00319967302494, 0.0035130106844, -0.00261057680473, 0.00273686531, -0.00181794480886, 0.00263677444309, -0.0023413724266, 0.00199861172587, -0.0019237077795, 0.0010887098033], [-0.0010272936197, 0.00348333641887, -0.00319967302494, 0.00476892897859, -0.00350476731546, 0.00154069683049, -0.000956444011535, 0.00154124270193, -0.00244141416624, 0.00196169060655, -0.00130078289658, 0.00154716859106, -0.000188256090041], [0.00116799003445, -0.00467776181176, 0.0035130106844, -0.00350476731546, 0.006833860185, -0.00322724622674, 0.00255968351848, -0.00187979603652, 0.00235925801098, -0.00240606861189, 0.00255283759907, -0.00192588241771, -5.73818142584e-05], [-0.000553063873667, 0.00306324311532, -0.00261057680473, 0.00154069683049, -0.00322724622674, 0.00497850496322, -0.00362959480844, 0.00156274321489, -0.000823337468319, 0.000219114139327, -0.000996379414573, 0.00139538198709, -0.000495071755722], [0.000494021864142, -0.00353341293521, 0.00273686531, -0.000956444011535, 0.00255968351848, -0.00362959480844, 0.00865813158453, -0.00527856359258, 0.00243606045842, 0.000612548086792, -0.000230117380852, -0.00177855358925, 0.000891036528628], [-0.000329728121869, 0.00315139931627, -0.00181794480886, 0.00154124270193, -0.00187979603652, 0.00156274321489, -0.00527856359258, 0.0084276208654, -0.00284517207183, 0.00196730461903, -0.000626881315839, 0.00106617505662, 0.000554702186491], [0.000538627558853, -0.00357448053546, 0.00263677444309, -0.00244141416624, 0.00235925801098, -0.000823337468319, 0.00243606045842, -0.00284517207183, 0.0109553914517, -0.00583436246961, 0.00310615519993, -0.00195396086201, 0.000159155824804], [-0.000325030239765, 0.00337939918973, -0.0023413724266, 0.00196169060655, -0.00240606861189, 0.000219114139327, 0.000612548086792, 0.00196730461903, -0.00583436246961, 0.0121671035886, -0.00550424261019, 0.00379328522831, 0.000160765877808], [0.000382526632166, -0.00244384212419, 0.00199861172587, -0.00130078289658, 0.00255283759907, -0.000996379414573, -0.000230117380852, -0.000626881315839, 0.00310615519993, -0.00550424261019, 0.0110152279958, -0.00403608893976, 0.00333966407925], [-0.000337788369507, 0.00269387871958, -0.0019237077795, 0.00154716859106, -0.00192588241771, 0.00139538198709, -0.00177855358925, 0.00106617505662, -0.00195396086201, 0.00379328522831, -0.00403608893976, 0.0112348096445, -0.00399640249088], [0.00031570190913, 0.000150627951371, 0.0010887098033, -0.000188256090041, -5.73818142584e-05, -0.000495071755722, 0.000891036528628, 0.000554702186491, 0.000159155824804, 0.000160765877808, 0.00333966407925, -0.00399640249088, 0.0103989504278]], "cov": [[6256.78076172, -801.014709473, -1651.40478516, 411.188415527, -744.909912109, -258.274627686, 50.0321350098, 56.8151741028, -21.6848144531, -130.983856201, 57.5503616333, -5.36553192139, -39.9223480225], [-801.014709473, 1189.20031738, 550.749450684, -244.609085083, 364.505767822, -76.6124801636, 117.470046997, -92.6397018433, 53.8917999268, -61.1020545959, 24.3085899353, -78.558555603, -99.6335144043], [-1651.40478516, 550.749450684, 1132.48303223, 121.44291687, 237.901931763, 139.393920898, -107.456687927, -93.5787658691, 15.3145751953, 76.9264984131, -24.6277084351, -43.4995956421, -62.2919044495], [411.188415527, -244.609085083, 121.44291687, 587.397216797, 70.0386657715, 23.6185417175, -170.749450684, -67.7274627686, 42.4100608826, 47.8770980835, -42.0362091064, -19.7950019836, 13.23716259], [-744.909912109, 364.505767822, 237.901931763, 70.0386657715, 495.475402832, 123.30619812, -11.5729570389, -43.2615394592, 24.337770462, 13.6760835648, -45.2714729309, -19.1203861237, 12.2066411972], [-258.274627686, -76.6124801636, 139.393920898, 23.6185417175, 123.30619812, 438.943084717, 134.245254517, 56.1861763, -39.6905059814, 22.7406692505, 10.2112226486, 2.81974959373, -0.0776734724641], [50.0321350098, 117.470046997, -107.456687927, -170.749450684, -11.5729570389, 134.245254517, 378.254058838, 179.390609741, -58.1911621094, -92.341003418, 47.3834495544, 29.2098197937, -32.3877334595], [56.8151741028, -92.6397018433, -93.5787658691, -67.7274627686, -43.2615394592, 56.1861763, 179.390609741, 245.701324463, -11.3098745346, -44.5823860168, 11.6456460953, 20.6275177002, -12.8034772873], [-21.6848144531, 53.8917999268, 15.3145751953, 42.4100608826, 24.337770462, -39.6905059814, -58.1911621094, -11.3098745346, 151.742523193, 62.9758796692, -12.6069526672, -16.146736145, -2.57630252838], [-130.983856201, -61.1020545959, 76.9264984131, 47.8770980835, 13.6760835648, 22.7406692505, -92.341003418, -44.5823860168, 62.9758796692, 177.083251953, 41.452507019, -35.1307983398, -21.3921546936], [57.5503616333, 24.3085899353, -24.6277084351, -42.0362091064, -45.2714729309, 10.2112226486, 47.3834495544, 11.6456460953, -12.6069526672, 41.452507019, 151.345993042, 16.0926475525, -47.5955657959], [-5.36553192139, -78.558555603, -43.4995956421, -19.7950019836, -19.1203861237, 2.81974959373, 29.2098197937, 20.6275177002, -16.146736145, -35.1307983398, 16.0926475525, 134.324615479, 49.1662597656], [-39.9223480225, -99.6335144043, -62.2919044495, 13.23716259, 12.2066411972, -0.0776734724641, -32.3877334595, -12.8034772873, -2.57630252838, -21.3921546936, -47.5955657959, 49.1662597656, 143.652404785]]}, "spectral_flux": {"min": 6.59350213317e-11, "max": 0.244493186474, "dvar2": 0.00125764985569, "median": 0.0635244548321, "dmean2": 0.0368184670806, "dmean": 0.0223689060658, "var": 0.00127667014021, "dvar": 0.000473952823086, "mean": 0.0674727782607}, "silence_rate_30dB": {"min": 1, "max": 1, "dvar2": 0, "median": 1, "dmean2": 0, "dmean": 0, "var": 0, "dvar": 0, "mean": 1}, "spectral_energyband_middle_high": {"min": 1.26719667368e-21, "max": 0.111677832901, "dvar2": 7.49878818169e-05, "median": 0.00310437125154, "dmean2": 0.00382147496566, "dmean": 0.00249985302798, "var": 0.000104747414298, "dvar": 2.85541464109e-05, "mean": 0.00697509478778}, "barkbands_spread": {"min": 0.0174032822251, "max": 63.6783790588, "dvar2": 23.8923416138, "median": 7.47393894196, "dmean2": 3.74756503105, "dmean": 2.49063253403, "var": 49.4138717651, "dvar": 11.7121067047, "mean": 9.28308200836}, "spectral_centroid": {"min": 190.920562744, "max": 11310.3476563, "dvar2": 86809.5859375, "median": 783.889099121, "dmean2": 198.437438965, "dmean": 131.911651611, "var": 252365.171875, "dvar": 44509.2929688, "mean": 859.623779297}, "pitch_salience": {"min": 0.00434366008267, "max": 0.848395168781, "dvar2": 0.00855919253081, "median": 0.545481920242, "dmean2": 0.103829324245, "dmean": 0.0646900683641, "var": 0.0164032056928, "dvar": 0.00342950061895, "mean": 0.53615963459}, "erbbands_skewness": {"min": -7.10188055038, "max": 7.25642442703, "dvar2": 0.4376090765, "median": 0.880610346794, "dmean2": 0.704468488693, "dmean": 0.46011865139, "var": 1.17017245293, "dvar": 0.189472600818, "mean": 0.879017949104}, "erbbands_crest": {"min": 2.44138216972, "max": 31.601600647, "dvar2": 21.0354137421, "median": 13.9160757065, "dmean2": 5.11567020416, "dmean": 3.22082066536, "var": 32.8061294556, "dvar": 8.27878093719, "mean": 14.7254934311}, "melbands": {"min": [2.31577179033e-24, 1.47648610718e-24, 5.55453371673e-24, 6.5100844811e-24, 6.78052848194e-24, 8.61809318596e-24, 6.11757135492e-24, 2.04693844623e-24, 4.30854842732e-24, 2.29123644124e-24, 2.53965130409e-24, 5.1211568068e-24, 6.63265887184e-24, 2.60562926362e-24, 5.9511745576e-24, 4.76292520898e-24, 5.97036714899e-24, 7.43308605566e-24, 6.49970662146e-24, 7.8540238124e-24, 7.39005369328e-24, 5.91425941711e-24, 4.44361719151e-24, 8.45990448635e-24, 9.11643318586e-24, 7.99243024709e-24, 8.15300209548e-24, 8.20998151867e-24, 5.71018543966e-24, 6.94568518992e-24, 8.78280182094e-24, 8.98167523287e-24, 6.23077092266e-24, 6.90175510383e-24, 6.89094849829e-24, 7.04571669701e-24, 8.57371976004e-24, 9.20045160543e-24, 7.30775025731e-24, 7.95925391286e-24], "max": [0.000551240926143, 0.00560740567744, 0.00972673855722, 0.0193881057203, 0.0191908273846, 0.00901426654309, 0.0209529399872, 0.0150729231536, 0.0125827379525, 0.00765720522031, 0.0111002530903, 0.0154303070158, 0.00946832355112, 0.00484517822042, 0.00769471796229, 0.00260239373893, 0.00275781797245, 0.0026623357553, 0.000907418201678, 0.00190008501522, 0.000640107435174, 0.000639941543341, 0.000750563805923, 0.000236736799707, 0.00074466841761, 0.00031715107616, 0.000177488982445, 5.08616503794e-05, 3.44203072018e-05, 2.63965430349e-05, 3.16516925523e-05, 3.90002533095e-05, 0.000140824122354, 2.16639582504e-05, 2.16321477637e-05, 2.60761753452e-05, 2.48513060797e-05, 6.24029053142e-05, 2.19764770009e-05, 5.68961513636e-06], "dvar2": [2.97105495761e-09, 8.42639096277e-08, 3.71639515606e-07, 2.2622589313e-06, 7.05239358467e-07, 3.14163884241e-07, 2.16564649236e-06, 1.22069081954e-06, 3.61715194686e-07, 3.05725706085e-07, 5.45110708572e-07, 1.00618490251e-06, 5.85012003285e-07, 9.28754246843e-08, 7.99351340675e-08, 1.81869790339e-08, 2.33421406648e-08, 8.47030801054e-09, 3.80848064196e-09, 1.01373887063e-08, 1.58179425114e-09, 5.17465514882e-10, 2.20806906093e-09, 4.19155016251e-10, 6.49637177386e-10, 2.13006903782e-10, 1.64274302494e-10, 9.14266579111e-12, 4.56548384167e-12, 3.69566963837e-12, 2.7921233034e-12, 3.39242826539e-12, 1.07860526066e-11, 7.47152936308e-13, 5.70031326828e-13, 1.09116871354e-12, 1.09724891933e-12, 2.95070977201e-12, 4.20562619018e-13, 4.08750385427e-14], "median": [1.1105129488e-05, 3.22542546201e-05, 0.000103393322206, 0.000473959284136, 0.00032766838558, 9.6699113783e-05, 0.000182695075637, 0.000235871499171, 6.92394532962e-05, 7.96226813691e-05, 5.69914518564e-05, 3.28212736349e-05, 2.87762886728e-05, 1.95852408069e-05, 1.27668481582e-05, 1.53674227477e-05, 1.32399964059e-05, 7.87973112892e-06, 3.85744488085e-06, 2.51461392509e-06, 2.43117574428e-06, 3.10986570184e-06, 3.7364286527e-06, 2.0730117285e-06, 1.53747942022e-06, 2.0449369913e-06, 1.52801385411e-06, 1.90932439637e-07, 5.35870796625e-08, 6.10650943145e-08, 9.36636581628e-08, 1.13145183889e-07, 7.02218301285e-08, 3.82481459837e-08, 1.93462845743e-08, 8.89403395377e-09, 5.03820851705e-09, 4.33664304467e-09, 2.10414796697e-09, 1.22811361081e-09], "dmean2": [2.03972431336e-05, 9.67835512711e-05, 0.000270887365332, 0.000791398982983, 0.000476097426144, 0.000222931601456, 0.000636208278593, 0.000546356954146, 0.000232208447414, 0.000243984701228, 0.000265364011284, 0.000265245005721, 0.000209102188819, 8.85505942279e-05, 6.2345272454e-05, 5.10751269758e-05, 5.32126468897e-05, 2.79430496448e-05, 2.06305085158e-05, 1.85697354027e-05, 1.07776768346e-05, 8.1410362327e-06, 1.52119146151e-05, 7.31405816623e-06, 5.11136522618e-06, 5.03702722199e-06, 4.96146913065e-06, 9.69489974523e-07, 5.70650229292e-07, 4.94560197239e-07, 5.07100651248e-07, 5.86738678976e-07, 3.68353880731e-07, 1.75861671892e-07, 1.16972927344e-07, 1.4701846851e-07, 1.29704943674e-07, 1.12524091378e-07, 5.99538694246e-08, 2.13229025547e-08], "dmean": [1.35367918119e-05, 6.65706611471e-05, 0.000179687107448, 0.000503751100041, 0.000313391588861, 0.000148891966091, 0.000411546439864, 0.000364118983271, 0.000162072843523, 0.000171603765921, 0.000175118635525, 0.000168891667272, 0.000129910331452, 5.74934529141e-05, 4.02438163292e-05, 3.27464294969e-05, 3.47203567799e-05, 1.93946489162e-05, 1.30595817609e-05, 1.14847280202e-05, 6.94995242156e-06, 5.35532353751e-06, 9.51347828959e-06, 4.64086360807e-06, 3.19480386679e-06, 3.35527010975e-06, 3.22034861711e-06, 6.26881785593e-07, 3.51857210035e-07, 3.05764814357e-07, 3.26639082004e-07, 3.76525321144e-07, 2.39253580503e-07, 1.1449477455e-07, 8.03913593472e-08, 1.00747229226e-07, 8.82095534394e-08, 7.2691975106e-08, 3.84978768864e-08, 1.41337492821e-08], "var": [4.57230564521e-09, 1.34868230361e-07, 5.51397533854e-07, 3.32537865688e-06, 1.91884259948e-06, 5.25808843577e-07, 3.47120317201e-06, 1.75966442839e-06, 8.38745336296e-07, 6.54220741581e-07, 8.44512044296e-07, 9.50949242906e-07, 4.2887072027e-07, 8.15109828523e-08, 7.73632606865e-08, 1.7083106485e-08, 2.01538732369e-08, 1.22675762881e-08, 3.39714834041e-09, 1.02614787778e-08, 2.05318184676e-09, 5.87247528383e-10, 2.29527730156e-09, 3.42872563674e-10, 5.79722103655e-10, 3.04585301425e-10, 1.80641307468e-10, 9.05996978828e-12, 3.79013573998e-12, 2.53194600702e-12, 2.89695372725e-12, 3.85583665691e-12, 3.93422230557e-12, 5.20561837993e-13, 4.14275845616e-13, 8.84351023401e-13, 7.34085101733e-13, 8.1545040902e-13, 1.60597514562e-13, 1.97911687581e-14], "dvar": [1.30902533257e-09, 4.34991775933e-08, 1.5572338441e-07, 9.22228139189e-07, 3.38810593803e-07, 1.35687074021e-07, 9.11562779038e-07, 5.26318956418e-07, 1.80142578188e-07, 1.4199063969e-07, 2.11365630776e-07, 3.78694096526e-07, 2.0909803311e-07, 3.62807917043e-08, 3.4631653989e-08, 7.40230410301e-09, 1.0054821864e-08, 4.63366012227e-09, 1.52788637298e-09, 3.66461372359e-09, 6.48148312798e-10, 2.34790215048e-10, 8.72698413534e-10, 1.5980960999e-10, 2.44030518015e-10, 9.42664765691e-11, 6.60518306717e-11, 4.15655183883e-12, 1.73169887718e-12, 1.41715155236e-12, 1.2493263802e-12, 1.57730501837e-12, 4.30010931377e-12, 3.29318874687e-13, 2.57149905753e-13, 5.44907109885e-13, 5.27912078201e-13, 1.09701223799e-12, 1.72814575692e-13, 1.81475572281e-14], "mean": [4.31295920862e-05, 0.000161633288371, 0.000401669996791, 0.00113507255446, 0.00078418146586, 0.00033744002576, 0.000891083967872, 0.000775926164351, 0.000374568160623, 0.000415475456975, 0.000397481839173, 0.000323879357893, 0.000222954098717, 0.000104464415926, 7.52157575334e-05, 5.59490836167e-05, 5.68996656511e-05, 3.42009479937e-05, 2.35748393607e-05, 2.27644122788e-05, 1.44779396578e-05, 1.09547299871e-05, 1.76814191946e-05, 8.73068529472e-06, 6.43124576527e-06, 7.51382140152e-06, 6.27438384981e-06, 1.0607702734e-06, 5.61429089885e-07, 4.57095808315e-07, 5.73247973534e-07, 6.80257528529e-07, 3.46400980789e-07, 1.88902092191e-07, 1.13460416173e-07, 1.27873789779e-07, 1.03719990818e-07, 7.70212622569e-08, 4.01126847294e-08, 1.63743720805e-08]}, "spectral_entropy": {"min": 4.49916410446, "max": 9.8162984848, "dvar2": 0.0650742873549, "median": 6.52717542648, "dmean2": 0.257010340691, "dmean": 0.173503577709, "var": 0.317724853754, "dvar": 0.0351535640657, "mean": 6.49551010132}, "spectral_rolloff": {"min": 21.533203125, "max": 19272.2167969, "dvar2": 555448.5625, "median": 818.26171875, "dmean2": 372.798370361, "dmean": 215.467819214, "var": 685272.875, "dvar": 253834.09375, "mean": 980.280883789}, "barkbands": {"min": [1.93280920591e-24, 5.67930863497e-24, 1.17569245795e-24, 1.15434394914e-23, 3.93322387029e-23, 4.15269128501e-23, 3.0863999901e-23, 2.60932720689e-23, 1.57353011914e-23, 3.30692006082e-23, 5.00277095192e-23, 2.18328772889e-23, 5.12369007582e-23, 6.84820123024e-23, 8.43080135652e-23, 1.12359364619e-22, 8.44736995989e-23, 1.74382373156e-22, 2.09707400408e-22, 2.79508590093e-22, 3.43394660896e-22, 4.47345576058e-22, 4.70484166451e-22, 9.07475293107e-22, 1.00878543013e-21, 1.47120261661e-21, 2.2199445553e-21], "max": [0.00035917875357, 0.0032346076332, 0.0191477462649, 0.0281432569027, 0.0761503502727, 0.0384791791439, 0.0959383174777, 0.0612848624587, 0.0404932834208, 0.0839186087251, 0.0829948186874, 0.0464812032878, 0.0207296647131, 0.0269769132137, 0.0190511178225, 0.0201553069055, 0.00980736501515, 0.00781484693289, 0.00730940839276, 0.00270744226873, 0.000923544343095, 0.0039030672051, 0.001024223282, 0.00272422726266, 0.000528955017217, 7.73098799982e-05, 4.25191865361e-06], "dvar2": [4.37217623217e-10, 7.66241754491e-08, 7.66608138747e-07, 2.48445758189e-06, 3.52410497726e-05, 8.18735134089e-06, 5.12826591148e-05, 2.18626337301e-05, 1.21094471979e-05, 2.74139856629e-05, 5.413785766e-05, 5.03620231029e-06, 1.75026673332e-06, 2.28458657148e-06, 7.84039457358e-07, 1.34452022849e-06, 2.29328065871e-07, 3.73301531909e-07, 1.82324797038e-07, 3.9485222203e-08, 4.30433644283e-09, 9.87511583617e-09, 1.35539635071e-09, 7.88042520128e-09, 2.92534385604e-10, 1.64290185189e-12, 1.13042281224e-14], "median": [9.37275181059e-05, 3.66778913303e-05, 4.70514569315e-05, 0.000107049447251, 0.00271246000193, 0.000488318735734, 0.00101874396205, 0.000441012263764, 0.000443316122983, 0.000300772080664, 0.000213686158531, 0.000127787992824, 0.000147797632962, 0.000127504696138, 5.83115470363e-05, 3.48201247107e-05, 5.86685710005e-05, 5.13433697051e-05, 5.04191484652e-05, 1.7386599211e-05, 3.16459272653e-06, 4.93178595207e-06, 1.44546993397e-06, 4.09674214552e-07, 1.31459927388e-07, 3.41248878044e-08, 7.00971458656e-09], "dmean2": [1.41160917337e-05, 0.000102387784864, 0.000272205768852, 0.00056248344481, 0.0035034629982, 0.00123056059238, 0.00332218036056, 0.00195862073451, 0.00161971000489, 0.00187569204718, 0.00203039706685, 0.000685105042066, 0.000513258273713, 0.000523172726389, 0.000277932442259, 0.000231890691794, 0.000177287933184, 0.000201247210498, 0.000136665112223, 7.74480795371e-05, 2.01342954824e-05, 2.26647771342e-05, 7.62327226767e-06, 9.30898022489e-06, 1.8399223336e-06, 1.78419185204e-07, 1.37388456167e-08], "dmean": [7.89620025898e-06, 6.91988316248e-05, 0.000185714467079, 0.000377613323508, 0.00222492753528, 0.000820636923891, 0.00213015219197, 0.00136951438617, 0.00113506312482, 0.00122175388969, 0.0012566272635, 0.000439844734501, 0.000328010093654, 0.000343296705978, 0.000179812486749, 0.000143370023579, 0.000116211893328, 0.000126016617287, 8.89718066901e-05, 4.93824736623e-05, 1.2539598174e-05, 1.46384909385e-05, 5.25755467606e-06, 6.28558382232e-06, 1.22635344724e-06, 1.33520643431e-07, 9.29815247019e-09], "var": [4.66549299194e-10, 1.35414182978e-07, 1.08498909412e-06, 3.76235425392e-06, 5.84694680583e-05, 1.54064509843e-05, 8.33668091218e-05, 3.66540589312e-05, 2.47326388489e-05, 2.92357235594e-05, 3.85239945899e-05, 4.76334844279e-06, 1.60852891895e-06, 2.06893423638e-06, 7.69941550516e-07, 1.5270353515e-06, 2.57538914639e-07, 3.11975242084e-07, 2.02112190095e-07, 3.39513164249e-08, 3.29609761707e-09, 7.72295027929e-09, 1.58593893573e-09, 3.9302254784e-09, 1.39630931817e-10, 2.35222496862e-12, 1.34046648496e-14], "dvar": [1.33237226807e-10, 3.45931177037e-08, 3.77024719e-07, 1.03857689737e-06, 1.45984140545e-05, 3.64347715731e-06, 2.12060986087e-05, 1.0293518244e-05, 5.84690224059e-06, 1.08887425085e-05, 1.96921391762e-05, 2.18214609049e-06, 6.95484459357e-07, 1.0236254866e-06, 3.42885385862e-07, 4.93981076488e-07, 1.08845405578e-07, 1.40727706821e-07, 7.25799225165e-08, 1.63013549326e-08, 1.7347678849e-09, 4.50705739397e-09, 7.55974394195e-10, 3.44460637791e-09, 1.29213556521e-10, 1.10772643228e-12, 6.79904961135e-15], "mean": [9.1283567599e-05, 0.000208869707421, 0.000379103294108, 0.000817860709503, 0.00537007814273, 0.00187423080206, 0.00460632937029, 0.00281344447285, 0.00264391023666, 0.00239667040296, 0.00204266537912, 0.000784561852925, 0.000559837964829, 0.000562794855796, 0.000323591259075, 0.000293513352517, 0.000218492394197, 0.00023520301329, 0.000193120955373, 8.20531204226e-05, 2.01348575501e-05, 2.62468201981e-05, 8.2101123553e-06, 7.25398467694e-06, 1.43157080856e-06, 2.04309628771e-07, 1.79493113706e-08]}, "melbands_flatness_db": {"min": 0.00503712659702, "max": 0.640622973442, "dvar2": 0.00110252923332, "median": 0.301623046398, "dmean2": 0.0336048230529, "dmean": 0.0227083843201, "var": 0.00574222952127, "dvar": 0.000586369715165, "mean": 0.305486440659}, "melbands_skewness": {"min": -3.31099033356, "max": 122.392471313, "dvar2": 4.98590612411, "median": 1.52020168304, "dmean2": 0.845555961132, "dmean": 0.561148524284, "var": 6.92927455902, "dvar": 2.31599092484, "mean": 1.8175110817}, "barkbands_skewness": {"min": -4.2601647377, "max": 123.661949158, "dvar2": 4.03347063065, "median": 1.21542358398, "dmean2": 0.747170805931, "dmean": 0.502416908741, "var": 9.68130493164, "dvar": 2.15972971916, "mean": 1.48241186142}, "silence_rate_60dB": {"min": 0, "max": 1, "dvar2": 0.0357377082109, "median": 0, "dmean2": 0.0324157439172, "dmean": 0.0162057876587, "var": 0.0683784112334, "dvar": 0.0159406512976, "mean": 0.0738168731332}, "spectral_energyband_low": {"min": 2.37196842684e-23, "max": 0.0264869835228, "dvar2": 1.78465495537e-06, "median": 0.000237631291384, "dmean2": 0.000530649442226, "dmean": 0.00035781529732, "var": 2.98650775221e-06, "dvar": 8.18417333903e-07, "mean": 0.000920022954233}, "spectral_energyband_middle_low": {"min": 2.50528213329e-22, "max": 0.100152365863, "dvar2": 0.000100312303402, "median": 0.018456319347, "dmean2": 0.00854477379471, "dmean": 0.00551882153377, "var": 0.000184963733773, "dvar": 4.14603418903e-05, "mean": 0.0193340070546}, "melbands_kurtosis": {"min": -1.79889714718, "max": 20244.6308594, "dvar2": 151848.78125, "median": 4.99976062775, "dmean2": 14.3514633179, "dmean": 9.50005435944, "var": 96041.375, "dvar": 64144.4453125, "mean": 16.4234638214}, "spectral_decrease": {"min": -2.72942894952e-08, "max": 1.17997586943e-28, "dvar2": 8.52345514738e-18, "median": -6.62891785908e-09, "dmean2": 2.55300802721e-09, "dmean": 1.64275726355e-09, "var": 1.59504426882e-17, "dvar": 3.45266531848e-18, "mean": -6.60718413314e-09}, "erbbands_kurtosis": {"min": -1.89224028587, "max": 62.9304962158, "dvar2": 16.9108352661, "median": 1.23607110977, "dmean2": 2.90062355995, "dmean": 1.85888171196, "var": 24.084274292, "dvar": 7.33434772491, "mean": 2.68546628952}, "melbands_crest": {"min": 2.00387120247, "max": 39.9755325317, "dvar2": 21.2192745209, "median": 15.9058456421, "dmean2": 5.1943564415, "dmean": 3.27636265755, "var": 34.7597770691, "dvar": 8.83922672272, "mean": 16.6532325745}, "melbands_spread": {"min": 0.0303023476154, "max": 154.331283569, "dvar2": 62.3213348389, "median": 10.3596916199, "dmean2": 5.53158426285, "dmean": 3.60408520699, "var": 113.347846985, "dvar": 30.0091190338, "mean": 12.9020586014}, "spectral_energy": {"min": 1.03597287373e-20, "max": 0.113100759685, "dvar2": 0.000136468443088, "median": 0.0266406163573, "dmean2": 0.0101620750502, "dmean": 0.00653974618763, "var": 0.000259195803665, "dvar": 5.51846642338e-05, "mean": 0.0265609659255}, "mfcc": {"mean": [-724.501953125, 182.324447632, -35.2203559875, 12.1638097763, -16.2907409668, -9.71350765228, -14.2871999741, 0.506745874882, -16.3040275574, -6.63037443161, 1.91752064228, -12.3042640686, -5.4497294426], "icov": [[0.000507216667756, 5.24980823684e-05, 0.000588514900301, -0.00061636522878, 0.000859918945935, -0.000614172779024, 0.000403638958232, -0.00026055923081, 0.000383436476113, -0.000375549338059, 0.000323805958033, -0.000247379532084, 0.000346336950315], [5.24980823684e-05, 0.000883745902684, -9.51256879489e-05, 0.000286747992504, -0.000411486165831, 0.00032382842619, -0.000341146136634, 3.23341737385e-05, 6.69832515996e-05, 0.000559259904549, -0.000702522636857, 0.000484856631374, -0.000176380592166], [0.000588514900301, -9.51256879489e-05, 0.00203731679358, -0.000882493390236, 0.000726456404664, -0.00107284716796, 0.000110181834316, 2.47431562457e-05, 0.000410786014982, -0.000517790904269, 0.000578256149311, -0.00086338177789, 0.000574071193114], [-0.00061636522878, 0.000286747992504, -0.000882493390236, 0.00410674698651, -0.00235910899937, 0.00119139545131, 0.000360648002243, 0.000185536468052, -0.000245576811722, 0.00123916973826, -0.00124818633776, 0.0013580477098, -0.000985124032013], [0.000859918945935, -0.000411486165831, 0.000726456404664, -0.00235910899937, 0.00534620927647, -0.00308558228426, 0.000876132457051, 0.000467666424811, -0.000287186994683, -0.00138907425571, 0.00153811485507, -0.000833344878629, 0.000267303315923], [-0.000614172779024, 0.00032382842619, -0.00107284716796, 0.00119139545131, -0.00308558228426, 0.00582823483273, -0.00171139382292, 0.000962362857535, -0.000736169342417, 0.00090123427799, -0.000496722641401, -8.40865031932e-05, -5.99140039412e-05], [0.000403638958232, -0.000341146136634, 0.000110181834316, 0.000360648002243, 0.000876132457051, -0.00171139382292, 0.0059585175477, -0.00349814817309, 0.00154183723498, -0.00178127363324, 0.00142525020055, -0.00202665920369, 0.000710948486812], [-0.00026055923081, 3.23341737385e-05, 2.47431562457e-05, 0.000185536468052, 0.000467666424811, 0.000962362857535, -0.00349814817309, 0.00569740869105, -0.00219550332986, 0.000957702053711, -0.000969221699052, 0.00157291407231, -0.00124883290846], [0.000383436476113, 6.69832515996e-05, 0.000410786014982, -0.000245576811722, -0.000287186994683, -0.000736169342417, 0.00154183723498, -0.00219550332986, 0.00649581337348, -0.000979669741355, 0.00229788757861, -0.000941876962315, 0.00175808451604], [-0.000375549338059, 0.000559259904549, -0.000517790904269, 0.00123916973826, -0.00138907425571, 0.00090123427799, -0.00178127363324, 0.000957702053711, -0.000979669741355, 0.00663533154875, -0.00273067713715, 0.00197870354168, -0.000480718590552], [0.000323805958033, -0.000702522636857, 0.000578256149311, -0.00124818633776, 0.00153811485507, -0.000496722641401, 0.00142525020055, -0.000969221699052, 0.00229788757861, -0.00273067713715, 0.00734626175836, -0.00296889315359, 0.00170749786776], [-0.000247379532084, 0.000484856631374, -0.00086338177789, 0.0013580477098, -0.000833344878629, -8.40865031932e-05, -0.00202665920369, 0.00157291407231, -0.000941876962315, 0.00197870354168, -0.00296889315359, 0.00858474709094, -0.00207633012906], [0.000346336950315, -0.000176380592166, 0.000574071193114, -0.000985124032013, 0.000267303315923, -5.99140039412e-05, 0.000710948486812, -0.00124883290846, 0.00175808451604, -0.000480718590552, 0.00170749786776, -0.00207633012906, 0.00852248352021]], "cov": [[5260.02636719, -790.444519043, -1307.30883789, 242.961425781, -763.229125977, -223.587524414, -261.500793457, 147.402526855, -184.271865845, 42.4866828918, 75.6849822998, -157.374969482, -61.2869949341], [-790.444519043, 1434.64404297, 166.52835083, -80.1454315186, 99.9326858521, -26.5528106689, 101.901977539, 30.5203323364, -41.4681968689, -55.9748039246, 93.9999771118, -0.683307826519, 20.3800506592], [-1307.30883789, 166.52835083, 946.075927734, 36.4257316589, 237.1121521, 184.428848267, 74.8085784912, -93.4028930664, 23.7630271912, 1.42270207405, -26.4732322693, 93.6486968994, -5.71369743347], [242.961425781, -80.1454315186, 36.4257316589, 427.72833252, 157.001113892, 8.84965133667, -145.624465942, -85.2701873779, -3.33171534538, -37.3400382996, 1.89682853222, -42.6353225708, 18.0606975555], [-763.229125977, 99.9326858521, 237.1121521, 157.001113892, 527.500244141, 217.357711792, -48.5350074768, -140.370330811, 72.4634399414, 1.73033368587, -67.4402923584, 25.2623939514, 8.53930950165], [-223.587524414, -26.5528106689, 184.428848267, 8.84965133667, 217.357711792, 324.14263916, 53.9518013, -57.586391449, 39.1382293701, 1.94593787193, -37.1399765015, 48.5853424072, -9.02715492249], [-261.500793457, 101.901977539, 74.8085784912, -145.624465942, -48.5350074768, 53.9518013, 364.395294189, 188.520263672, -0.323231488466, 45.358089447, -4.01381921768, 54.3012619019, 6.65076780319], [147.402526855, 30.5203323364, -93.4028930664, -85.2701873779, -140.370330811, -57.586391449, 188.520263672, 348.367736816, 47.7145767212, 7.30407333374, 0.400929570198, -19.2895774841, 16.184885025], [-184.271865845, -41.4681968689, 23.7630271912, -3.33171534538, 72.4634399414, 39.1382293701, -0.323231488466, 47.7145767212, 217.483001709, 2.66956496239, -69.2485961914, -7.73142528534, -23.0574398041], [42.4866828918, -55.9748039246, 1.42270207405, -37.3400382996, 1.73033368587, 1.94593787193, 45.358089447, 7.30407333374, 2.66956496239, 199.547332764, 49.7887992859, -11.4170541763, -12.1029930115], [75.6849822998, 93.9999771118, -26.4732322693, 1.89682853222, -67.4402923584, -37.1399765015, -4.01381921768, 0.400929570198, -69.2485961914, 49.7887992859, 215.354248047, 38.0783042908, -13.6562271118], [-157.374969482, -0.683307826519, 93.6486968994, -42.6353225708, 25.2623939514, 48.5853424072, 54.3012619019, -19.2895774841, -7.73142528534, -11.4170541763, 38.0783042908, 167.583145142, 21.4877433777], [-61.2869949341, 20.3800506592, -5.71369743347, 18.0606975555, 8.53930950165, -9.02715492249, 6.65076780319, 16.184885025, -23.0574398041, -12.1029930115, -13.6562271118, 21.4877433777, 136.25201416]]}, "spectral_contrast_valleys": {"min": [-27.5541763306, -27.62449646, -27.5530471802, -27.5114307404, -27.3794841766, -27.3767337799], "max": [-6.44365930557, -5.06338167191, -5.58641815186, -6.49848031998, -6.40213823318, -8.37843894958], "dvar2": [0.311798006296, 0.213199302554, 0.188988924026, 0.138343647122, 0.12444446981, 0.157945677638], "median": [-8.82744216919, -7.1810131073, -7.70695781708, -8.33086681366, -8.7574596405, -12.3690862656], "dmean2": [0.611662745476, 0.530834197998, 0.47398352623, 0.395764410496, 0.334566831589, 0.33020350337], "dmean": [0.372133553028, 0.324944734573, 0.293128460646, 0.247352421284, 0.219413846731, 0.232047185302], "var": [1.23075008392, 1.12054955959, 1.12480723858, 0.926944077015, 1.13383090496, 0.908239781857], "dvar": [0.136403113604, 0.0923815742135, 0.0847034156322, 0.0655650943518, 0.0691043362021, 0.103290088475], "mean": [-8.90216064453, -7.32074022293, -7.85684585571, -8.46079540253, -8.92735290527, -12.3491601944]}, "barkbands_flatness_db": {"min": 0.0555974207819, "max": 0.654203951359, "dvar2": 0.000864123692736, "median": 0.241201043129, "dmean2": 0.0307236071676, "dmean": 0.020464355126, "var": 0.00385417579673, "dvar": 0.000444371253252, "mean": 0.242860108614}, "dynamic_complexity": 3.11003184319, "spectral_skewness": {"min": -0.0239056330174, "max": 11.8402109146, "dvar2": 0.707762479782, "median": 2.17165136337, "dmean2": 0.934410393238, "dmean": 0.552640318871, "var": 1.62835860252, "dvar": 0.251992434263, "mean": 2.48265242577}, "erbbands_flatness_db": {"min": 0.0444764867425, "max": 0.498579144478, "dvar2": 0.000660073768813, "median": 0.292847514153, 