{"lowlevel": {"spectral_complexity": {"min": 0, "max": 61, "dvar2": 77.41822052, "median": 23, "dmean2": 8.94216346741, "dmean": 5.85578250885, "var": 176.122634888, "dvar": 38.821105957, "mean": 24.1253681183}, "silence_rate_20dB": {"min": 1, "max": 1, "dvar2": 0, "median": 1, "dmean2": 0, "dmean": 0, "var": 0, "dvar": 0, "mean": 1}, "average_loudness": 0.957947731018, "erbbands_spread": {"min": 3.48713469505, "max": 124.764213562, "dvar2": 249.335113525, "median": 30.7652378082, "dmean2": 15.274725914, "dmean": 9.84488868713, "var": 289.769714355, "dvar": 114.276420593, "mean": 34.0234260559}, "spectral_kurtosis": {"min": -1.27204799652, "max": 45.7198524475, "dvar2": 14.3807783127, "median": 2.82478475571, "dmean2": 2.63997220993, "dmean": 1.63412261009, "var": 9.63444709778, "dvar": 5.52590608597, "mean": 3.59646058083}, "barkbands_kurtosis": {"min": -1.908390522, "max": 166.044692993, "dvar2": 126.961509705, "median": 0.97835791111, "dmean2": 6.97010755539, "dmean": 4.54836082458, "var": 101.973480225, "dvar": 56.1296806335, "mean": 4.93296432495}, "spectral_strongpeak": {"min": 0, "max": 9.8759098053, "dvar2": 2.6021296978, "median": 0.390794962645, "dmean2": 0.77812486887, "dmean": 0.456884890795, "var": 1.30844628811, "dvar": 1.00830805302, "mean": 0.695529520512}, "spectral_spread": {"min": 1045812.0625, "max": 42606084, "dvar2": 2772749778940.0, "median": 4553394, "dmean2": 1500951.75, "dmean": 1003229.75, "var": 16356846075900.0, "dvar": 1290480779260.0, "mean": 5069207}, "spectral_rms": {"min": 3.158297842e-12, "max": 0.0167132783681, "dvar2": 4.58073009213e-06, "median": 0.00568301929161, "dmean2": 0.00205594790168, "dmean": 0.001478304388, "var": 8.47227329359e-06, "dvar": 2.19961634684e-06, "mean": 0.0059102200903}, "erbbands": {"min": [1.27328877508e-22, 7.41353303371e-22, 2.84421711736e-21, 7.66821711775e-21, 2.70939002986e-20, 2.27851294125e-20, 3.6716744396e-20, 9.22511497939e-20, 1.51853752229e-19, 1.63236959455e-19, 3.19507171146e-19, 4.34362620915e-19, 5.25396122073e-19, 6.00835976215e-19, 9.9625074629e-19, 1.24945672885e-18, 2.33624425434e-18, 1.56505322271e-18, 2.24597113896e-18, 3.0600967735e-18, 4.66353841446e-18, 4.97107175849e-18, 6.0334793762e-18, 8.20648036383e-18, 8.44394075664e-18, 9.02047985333e-18, 1.12290611878e-17, 8.37251619229e-18, 1.23893019381e-17, 1.1321025474e-17, 1.10361519156e-17, 1.0182403089e-17, 8.43002261565e-18, 8.56443698365e-18, 6.25016099202e-18, 4.47459216457e-18, 2.30002801238e-18, 9.77260850775e-19, 2.56622109245e-19, 2.77764438574e-20], "max": [10.6204795837, 52.3879394531, 83.8143768311, 127.084518433, 91.0873947144, 56.9474067688, 79.6542892456, 46.0458374023, 34.9065437317, 30.5738716125, 36.2357406616, 111.041511536, 60.9186286926, 71.0453338623, 136.859710693, 169.981201172, 177.686187744, 232.135665894, 264.251495361, 750.307067871, 588.480651855, 695.047424316, 793.364746094, 366.404632568, 320.748168945, 175.675964355, 143.69619751, 167.368667603, 145.024139404, 127.484031677, 90.2827301025, 109.144714355, 74.4149017334, 74.6820220947, 22.1308784485, 2.69562339783, 0.34086099267, 0.081505663693, 0.00148158147931, 0.000311384268571], "dvar2": [2.30713105202, 80.373374939, 178.096252441, 557.361450195, 148.133010864, 126.184677124, 204.839752197, 34.5188827515, 18.2497940063, 14.724571228, 32.3378219604, 170.037155151, 46.2941856384, 59.4384689331, 154.266693115, 225.729888916, 381.659667969, 570.706726074, 1048.84069824, 3863.3269043, 3126.45898438, 4149.19970703, 5002.07617188, 2141.03564453, 1027.55090332, 420.036224365, 376.296325684, 365.148193359, 567.565734863, 128.321792603, 68.496711731, 25.5589179993, 21.514093399, 15.4018640518, 4.87690019608, 0.232541784644, 0.00714691588655, 0.000315429148031, 1.14796108619e-07, 1.94304816681e-09], "median": [0.407496988773, 2.58220672607, 2.3033182621, 1.87005901337, 1.76689076424, 1.51965689659, 1.25384128094, 1.1673258543, 1.17695629597, 1.42344784737, 1.54103624821, 2.39297437668, 2.81591963768, 3.05301618576, 4.70914173126, 7.48351669312, 12.6129236221, 15.2251844406, 16.7478752136, 26.5258274078, 28.5764350891, 41.2684211731, 33.2394638062, 24.5945892334, 15.4305124283, 12.489358902, 7.56853199005, 6.93237400055, 9.20166492462, 4.88311910629, 3.48303079605, 2.0081923008, 2.25044798851, 1.44165718555, 0.673212885857, 0.132890969515, 0.0112282959744, 0.00118514662609, 7.07043072907e-05, 5.03615447087e-05], "dmean2": [0.945544064045, 5.51131010056, 8.22964954376, 11.326883316, 6.14603805542, 6.24865961075, 6.26581525803, 3.11837029457, 2.43279981613, 2.67993950844, 3.41522145271, 6.02240991592, 4.52901697159, 5.15468072891, 8.43180561066, 9.52185535431, 14.1366729736, 17.8921165466, 22.6324520111, 39.0127296448, 35.2344017029, 47.009262085, 44.4236984253, 33.1042861938, 23.5037517548, 16.3363704681, 13.4476861954, 14.5115070343, 22.8735809326, 10.9205083847, 7.59260082245, 3.98618245125, 4.17587709427, 3.33930540085, 2.08709812164, 0.455839127302, 0.0746489092708, 0.0135118113831, 0.000276644947007, 3.93467817048e-05], "dmean": [0.644831418991, 3.4968419075, 5.44586706161, 6.47902870178, 3.50910425186, 3.51640415192, 3.53179216385, 1.84013879299, 1.44355523586, 1.62533354759, 2.06527709961, 3.61523866653, 2.78381037712, 3.11002278328, 5.18976211548, 5.93611860275, 8.95287227631, 11.0970849991, 13.8770580292, 25.1918296814, 22.0762786865, 29.6822071075, 28.1827850342, 21.3234844208, 15.8024692535, 10.4499311447, 8.42534637451, 9.39992237091, 13.3231887817, 6.65566396713, 4.53236103058, 2.52452707291, 2.45681762695, 1.96529817581, 1.19692564011, 0.266015738249, 0.043125834316, 0.00769246323034, 0.000160838579177, 2.65350081463e-05], "var": [1.98498189449, 46.7213096619, 119.425056458, 148.28427124, 41.8262290955, 35.6539802551, 54.1285438538, 12.5313444138, 6.45746421814, 7.48445463181, 18.3048553467, 63.0724906921, 38.6670150757, 58.646938324, 182.016983032, 262.73059082, 600.258850098, 578.005981445, 651.703063965, 7076.29101563, 3537.05566406, 4780.57763672, 6923.02441406, 2240.32592773, 1195.60998535, 555.372314453, 459.723297119, 578.269714355, 474.233581543, 155.109222412, 86.5441665649, 36.5104141235, 21.7194919586, 16.7678432465, 2.49458956718, 0.0974017381668, 0.00231722532772, 8.95926132216e-05, 3.6203108067e-08, 2.1103616632e-09], "dvar": [1.00878942013, 32.3005638123, 80.3869628906, 203.887237549, 53.5404281616, 45.4414138794, 72.7528457642, 12.629201889, 6.65840816498, 5.76453065872, 12.6310091019, 63.795124054, 17.5298919678, 23.014837265, 61.8112754822, 91.4435272217, 154.209701538, 234.704711914, 387.474182129, 1790.61706543, 1275.28833008, 1803.4284668, 2195.96508789, 977.779907227, 491.42578125, 196.603103638, 170.095321655, 167.044540405, 214.307510376, 59.908241272, 31.1317424774, 12.5326499939, 9.55530357361, 7.29694652557, 1.92428827286, 0.0893809348345, 0.00270484085195, 0.000117846102512, 4.28248938533e-08, 8.76866301791e-10], "mean": [1.00955247879, 4.91857194901, 6.81472015381, 5.95733547211, 3.8074324131, 3.54088068008, 3.44809317589, 2.29561400414, 1.93719387054, 2.27993750572, 3.05474090576, 4.83720302582, 4.90755033493, 5.70775175095, 10.2771806717, 12.3137207031, 20.3037757874, 22.1110363007, 24.7053966522, 56.2175636292, 46.4249687195, 63.3968696594, 63.2129249573, 41.0528068542, 29.0668392181, 21.4967861176, 17.340013504, 17.9467411041, 19.4073543549, 10.6852655411, 7.79744005203, 4.46982717514, 3.42828464508, 2.40902209282, 1.22326588631, 0.251561909914, 0.0334986671805, 0.00544970808551, 0.0001473895245, 6.07021065662e-05]}, "zerocrossingrate": {"min": 0.001953125, "max": 0.52490234375, "dvar2": 0.000391982495785, "median": 0.06640625, "dmean2": 0.0222001299262, "dmean": 0.0182554069906, "var": 0.00552547071129, "dvar": 0.000318930280628, "mean": 0.0824286490679}, "spectral_contrast_coeffs": {"min": [-0.973953843117, -0.981359124184, -0.973785042763, -0.970530867577, -0.967264175415, -0.963618278503], "max": [-0.449728190899, -0.599887371063, -0.614509880543, -0.588995099068, -0.602327764034, -0.563425540924], "dvar2": [0.00558705301955, 0.00322447507642, 0.00200167112052, 0.00165224715602, 0.0011026491411, 0.00069143739529], "median": [-0.718882143497, -0.80485022068, -0.81712526083, -0.78195476532, -0.780881762505, -0.768963456154], "dmean2": [0.0891259759665, 0.0720676258206, 0.056447647512, 0.0504157356918, 0.0394459702075, 0.0310000106692], "dmean": [0.0558635517955, 0.0428583174944, 0.0335444957018, 0.0313001945615, 0.0241937246174, 0.0194731540978], "var": [0.00640813307837, 0.00284570246004, 0.00231423089281, 0.00287612574175, 0.00217200629413, 0.00191011209972], "dvar": [0.00231746747158, 0.00113556405995, 0.000746007077396, 0.000658269971609, 0.000451141677331, 0.000300916028209], "mean": [-0.710866391659, -0.803328812122, -0.814642846584, -0.780576884747, -0.78191614151, -0.766540706158]}, "dissonance": {"min": 0.348213285208, "max": 0.500000119209, "dvar2": 0.00015776779037, "median": 0.492912441492, "dmean2": 0.0106053128839, "dmean": 0.00627705268562, "var": 0.000104038059362, "dvar": 6.57742493786e-05, "mean": 0.490365117788}, "spectral_energyband_high": {"min": 7.13640541516e-21, "max": 0.0160268098116, "dvar2": 2.30082559938e-06, "median": 0.000934724521358, "dmean2": 0.00147430808283, "dmean": 0.000917783181649, "var": 3.89673368772e-06, "dvar": 1.12255111162e-06, "mean": 0.0018552383408}, "gfcc": {"mean": [-13.0373029709, 59.2331962585, -119.112037659, 68.6286315918, -32.5562095642, 36.3423271179, -35.1407241821, 19.4193515778, -18.545124054, 5.21686649323, -13.102897644, 2.33243107796, -6.43837070465], "icov": [[0.00020242818573, -0.000485996133648, 0.000325862900354, -0.000915292243008, 0.000230659657973, -0.00078909448348, 0.00062101345975, -0.00053354393458, 0.000563369423617, -0.000708498293534, 0.000612379633822, -0.000615328142885, 0.000388635089621], [-0.000485996133648, 0.00255700200796, -0.000471000617836, 0.00290949083865, -0.00177430314943, 0.000999121693894, -0.000924155930988, 0.00149558624253, -0.00140029308386, 0.00237314635888, -0.00292784138583, 0.0039105694741, -0.00161214382388], [0.000325862900354, -0.000471000617836, 0.00233383895829, -0.00104960112367, 6.6566382884e-05, -0.00199355534278, 0.000100347489933, 4.28958956036e-05, 0.000118706251669, -0.00161476479843, 0.00166542571969, -0.000875749858096, 0.00175631663296], [-0.000915292243008, 0.00290949083865, -0.00104960112367, 0.00772883510217, -0.0016397673171, 0.00165229197592, -0.000753192405682, 0.000815836130641, -0.00204387959093, 0.00384773127735, -0.0040660914965, 0.00512749329209, -0.00325184501708], [0.000230659657973, -0.00177430314943, 6.6566382884e-05, -0.0016397673171, 0.00582182547078, -8.05498493719e-05, -0.00242909626104, -0.000379563018214, -0.00234488095157, 0.000399993557949, 0.00134413468186, -0.00422717584297, 0.00199629692361], [-0.00078909448348, 0.000999121693894, -0.00199355534278, 0.00165229197592, -8.05498493719e-05, 0.0119798770174, -0.0044320630841, 0.00112467329018, -0.000846547947731, -0.000276153848972, -0.000302017375361, 0.000841647037305, -0.00211649527773], [0.00062101345975, -0.000924155930988, 0.000100347489933, -0.000753192405682, -0.00242909626104, -0.0044320630841, 0.0136751970276, -0.0049392064102, 0.00219954573549, -0.000501236296259, -0.00245308224112, 0.00243023457006, -0.000999828800559], [-0.00053354393458, 0.00149558624253, 4.28958956036e-05, 0.000815836130641, -0.000379563018214, 0.00112467329018, -0.0049392064102, 0.011808029376, -0.00633011385798, 0.00320521229878, 4.33983223047e-06, -0.00192027632147, 0.00231002899818], [0.000563369423617, -0.00140029308386, 0.000118706251669, -0.00204387959093, -0.00234488095157, -0.000846547947731, 0.00219954573549, -0.00633011385798, 0.017903091386, -0.00811758637428, 0.000370398309315, 0.00351622933522, -0.00593560887501], [-0.000708498293534, 0.00237314635888, -0.00161476479843, 0.00384773127735, 0.000399993557949, -0.000276153848972, -0.000501236296259, 0.00320521229878, -0.00811758637428, 0.0195981562138, -0.00391851738095, 0.000528479926288, 0.00129497901071], [0.000612379633822, -0.00292784138583, 0.00166542571969, -0.0040660914965, 0.00134413468186, -0.000302017375361, -0.00245308224112, 4.33983223047e-06, 0.000370398309315, -0.00391851738095, 0.0143251018599, -0.00605219369754, 0.000721001357306], [-0.000615328142885, 0.0039105694741, -0.000875749858096, 0.00512749329209, -0.00422717584297, 0.000841647037305, 0.00243023457006, -0.00192027632147, 0.00351622933522, 0.000528479926288, -0.00605219369754, 0.0192756522447, -0.00545406388119], [0.000388635089621, -0.00161214382388, 0.00175631663296, -0.00325184501708, 0.00199629692361, -0.00211649527773, -0.000999828800559, 0.00231002899818, -0.00593560887501, 0.00129497901071, 0.000721001357306, -0.00545406388119, 0.018057493493]], "cov": [[31651.8066406, 682.007019043, -1981.96618652, 2320.11425781, -727.508972168, 951.727661133, -904.110595703, 468.405487061, -391.561737061, 148.357269287, -301.587249756, 89.0830535889, -28.1434135437], [682.007019043, 1664.61169434, -143.126937866, -158.331344604, 374.789428711, 14.7877254486, 175.750946045, -38.9156761169, 134.69921875, -63.0372886658, 182.848678589, -165.992446899, 85.7128601074], [-1981.96618652, -143.126937866, 755.961547852, -127.734016418, 50.8681945801, 44.8913078308, 66.6377487183, -28.1763057709, 26.093132019, 43.6291809082, -48.9941596985, -4.44319820404, -53.6568870544], [2320.11425781, -158.331344604, -127.734016418, 422.419677734, -53.4242706299, 63.6909370422, -57.4544487, 56.5681228638, -5.55114936829, -3.9313659668, -5.59190416336, -7.5062994957, 23.791847229], [-727.508972168, 374.789428711, 50.8681945801, -53.4242706299, 368.898376465, -3.81208324432, 132.087722778, 38.8176879883, 89.7979431152, -18.9085845947, 64.3522415161, -3.64267969131, 22.8716239929], [951.727661133, 14.7877254486, 44.8913078308, 63.6909370422, -3.81208324432, 147.584884644, 14.7355480194, 23.40974617, 1.38977825642, 20.2671661377, -12.6923341751, 1.88618862629, 3.56116318703], [-904.110595703, 175.750946045, 66.6377487183, -57.4544487, 132.087722778, 14.7355480194, 170.502151489, 37.1790237427, 49.9758682251, -10.7327785492, 52.8750076294, -22.7010478973, 18.3593959808], [468.405487061, -38.9156761169, -28.1763057709, 56.5681228638, 38.8176879883, 23.40974617, 37.1790237427, 144.847290039, 38.360786438, 0.694224238396, 0.833694815636, 16.6930103302, -1.07843053341], [-391.561737061, 134.69921875, 26.093132019, -5.55114936829, 89.7979431152, 1.38977825642, 49.9758682251, 38.360786438, 122.418746948, 21.1156616211, 30.8336734772, -23.1966457367, 35.4987831116], [148.357269287, -63.0372886658, 43.6291809082, -3.9313659668, -18.9085845947, 20.2671661377, -10.7327785492, 0.694224238396, 21.1156616211, 77.5140991211, -0.18653871119, 9.26626586914, -5.80127573013], [-301.587249756, 182.848678589, -48.9941596985, -5.59190416336, 64.3522415161, -12.6923341751, 52.8750076294, 0.833694815636, 30.8336734772, -0.18653871119, 125.560401917, 1.92696154118, 26.5097904205], [89.0830535889, -165.992446899, -4.44319820404, -7.5062994957, -3.64267969131, 1.88618862629, -22.7010478973, 16.6930103302, -23.1966457367, 9.26626586914, 1.92696154118, 98.7091674805, 1.02263593674], [-28.1434135437, 85.7128601074, -53.6568870544, 23.791847229, 22.8716239929, 3.56116318703, 18.3593959808, -1.07843053341, 35.4987831116, -5.80127573013, 26.5097904205, 1.02263593674, 83.5184707642]]}, "spectral_flux": {"min": 6.38120459251e-11, "max": 0.419315427542, "dvar2": 0.00392756285146, "median": 0.0917126238346, "dmean2": 0.0620117932558, "dmean": 0.0406804122031, "var": 0.00416754186153, "dvar": 0.00195787777193, "mean": 0.106819011271}, "silence_rate_30dB": {"min": 0, "max": 1, "dvar2": 0.134597465396, "median": 1, "dmean2": 0.135178044438, "dmean": 0.0675736963749, "var": 0.0715228021145, "dvar": 0.0630086064339, "mean": 0.922466576099}, "spectral_energyband_middle_high": {"min": 1.28505254658e-21, "max": 0.0269879195839, "dvar2": 1.02966059785e-05, "median": 0.00556986359879, "dmean2": 0.00280408072285, "dmean": 0.0018702102825, "var": 1.87083278433e-05, "dvar": 5.01197564517e-06, "mean": 0.00623797113076}, "barkbands_spread": {"min": 0.722572803497, "max": 102.035575867, "dvar2": 290.897705078, "median": 33.8558044434, "dmean2": 19.3198127747, "dmean": 12.102268219, "var": 387.385101318, "dvar": 128.363754272, "mean": 35.0962638855}, "spectral_centroid": {"min": 169.233886719, "max": 11445.0683594, "dvar2": 333893.625, "median": 2431.1171875, "dmean2": 530.459594727, "dmean": 346.970611572, "var": 1434095.875, "dvar": 163444.328125, "mean": 2424.02783203}, "pitch_salience": {"min": 0.0965620875359, "max": 0.941150248051, "dvar2": 0.0224608350545, "median": 0.445777386427, "dmean2": 0.164439201355, "dmean": 0.10458214581, "var": 0.0271069072187, "dvar": 0.00946224015206, "mean": 0.438453823328}, "erbbands_skewness": {"min": -4.11495065689, "max": 2.22046875954, "dvar2": 0.416790664196, "median": -0.954550981522, "dmean2": 0.663067579269, "dmean": 0.425945967436, "var": 0.455524772406, "dvar": 0.170706599951, "mean": -0.935809314251}, "erbbands_crest": {"min": 2.43586754799, "max": 27.6281394958, "dvar2": 14.2931060791, "median": 8.18395423889, "dmean2": 4.21533584595, "dmean": 2.607421875, "var": 19.9193572998, "dvar": 6.1426615715, "mean": 9.28006267548}, "melbands": {"min": [1.80529536261e-24, 8.89356558343e-25, 1.93417472414e-24, 2.06234963288e-24, 1.03360460664e-24, 1.7685198505e-24, 2.18800945584e-24, 2.01158702527e-24, 2.78862507489e-24, 2.67705627985e-24, 2.45712442328e-24, 1.4702032245e-24, 3.29511657175e-24, 2.94735591915e-24, 3.65418948973e-24, 4.57378555176e-24, 2.43545717522e-24, 3.19633580363e-24, 3.32988916602e-24, 4.39299125405e-24, 4.72779092198e-24, 3.1378468951e-24, 4.49191362271e-24, 3.49586786706e-24, 6.19989687899e-24, 5.11675811839e-24, 4.89127169496e-24, 4.38165808386e-24, 6.3531496759e-24, 4.92583445223e-24, 4.6703724977e-24, 5.90532122862e-24, 5.5364234425e-24, 5.97888132474e-24, 6.27288110665e-24, 5.63768596703e-24, 6.16993436408e-24, 5.32860829221e-24, 5.11169205366e-24, 6.61962767855e-24], "max": [0.0820830017328, 0.0416271239519, 0.0191730614752, 0.00575933838263, 0.00284902495332, 0.00100396911148, 0.00047324510524, 0.000356368720531, 0.000374006776838, 0.000685817038175, 0.000297621445497, 0.000313930911943, 0.000453886983451, 0.000530142046046, 0.000395834009396, 0.000421693315729, 0.000526905583683, 0.000579589162953, 0.000802899885457, 0.00102118309587, 0.00104294437915, 0.000683444435708, 0.000916934397537, 0.000389831810025, 0.000325421831803, 0.000349718990037, 0.000154599823873, 0.000115104900033, 0.000114565533295, 8.99746228242e-05, 0.000110656961624, 0.000101547506347, 6.10626084381e-05, 6.5608874138e-05, 4.43517055828e-05, 6.90877932357e-05, 6.70225417707e-05, 5.37877640454e-05, 5.40701767022e-05, 7.05549828126e-05], "dvar2": [0.000163313015946, 3.70945235773e-05, 1.30134476422e-05, 6.29649491657e-07, 2.89781013407e-07, 1.58841420017e-08, 3.64559049615e-09, 1.95015603666e-09, 3.26279470109e-09, 6.04178529429e-09, 1.1184854154e-09, 1.02244257505e-09, 1.58504054326e-09, 1.86705739758e-09, 1.41646894214e-09, 2.13870365862e-09, 2.4594319914e-09, 3.46945716601e-09, 4.37218750093e-09, 1.05943795958e-08, 7.17919768078e-09, 4.56471571653e-09, 8.96850238519e-09, 1.97240823674e-09, 1.6970658212e-09, 1.04778752341e-09, 2.94500340781e-10, 2.23041737857e-10, 2.97972646557e-10, 1.57073146156e-10, 1.35780026111e-10, 2.62856875155e-10, 5.5990465736e-11, 4.13756875983e-11, 2.91797662422e-11, 1.48565361402e-11, 1.01248228551e-11, 9.93899580692e-12, 1.36627697003e-11, 1.22291274329e-11], "median": [0.00376202655025, 0.00231726118363, 0.000364242383512, 0.00012617574248, 5.00757996633e-05, 2.66018960247e-05, 1.79530125024e-05, 1.54582503455e-05, 1.27236353364e-05, 1.49218913066e-05, 1.32404602482e-05, 1.06549759948e-05, 1.42846474773e-05, 1.63941149367e-05, 2.41806719714e-05, 2.56423063547e-05, 2.4392225896e-05, 2.24334926315e-05, 2.24406430789e-05, 3.84948943974e-05, 2.41854377236e-05, 3.70663547073e-05, 4.02046607633e-05, 2.28778590099e-05, 1.69055601873e-05, 1.11330473374e-05, 8.58478961163e-06, 7.56946792535e-06, 4.58346949017e-06, 3.70006591766e-06, 3.88969419873e-06, 5.63046796742e-06, 3.27749421558e-06, 2.49726349466e-06, 2.21250070354e-06, 1.4682791516e-06, 1.05397452899e-06, 1.4115923932e-06, 1.54378517436e-06, 1.00573174677e-06], "dmean2": [0.00790177565068, 0.00448148604482, 0.00176966295112, 0.000401405384764, 0.000247117917752, 6.83872567606e-05, 3.58686447726e-05, 3.01701129501e-05, 3.04568584397e-05, 3.72749418602e-05, 2.24022878683e-05, 2.07307057281e-05, 2.71493154287e-05, 2.71400858765e-05, 2.71840581263e-05, 3.40319384122e-05, 3.61771853932e-05, 3.88607368222e-05, 4.13253255829e-05, 6.425344327e-05, 4.42304954049e-05, 4.84859519929e-05, 6.17228797637e-05, 3.25427354255e-05, 2.88264200208e-05, 2.22046910494e-05, 1.30778225866e-05, 1.16351739052e-05, 1.06950492409e-05, 8.84121436684e-06, 8.79766776052e-06, 1.56256701302e-05, 6.93771789884e-06, 6.09660401096e-06, 5.0598391681e-06, 3.13895725412e-06, 2.36466939896e-06, 2.69362703875e-06, 3.3627418361e-06, 2.83754638986e-06], "dmean": [0.00524085899815, 0.0030448618345, 0.00102088716812, 0.00022837529832, 0.000138833929668, 4.04742240789e-05, 2.13845050894e-05, 1.83355041372e-05, 1.85613898793e-05, 2.24440082093e-05, 1.37269362313e-05, 1.254493327e-05, 1.65974706761e-05, 1.66456466104e-05, 1.71244246303e-05, 2.12288396142e-05, 2.23795286729e-05, 2.36599717027e-05, 2.62635912804e-05, 4.05228893214e-05, 2.71776971204e-05, 3.0321192753e-05, 3.84056183975e-05, 2.05807864404e-05, 1.82123258128e-05, 1.47245082189e-05, 8.49789012136e-06, 7.23326456864e-06, 6.38312758383e-06, 5.56110853722e-06, 5.66966446058e-06, 8.97807694855e-06, 4.22768471253e-06, 3.77037440558e-06, 2.98439522339e-06, 1.97012923309e-06, 1.47545392792e-06, 1.58438467679e-06, 1.95809548131e-06, 1.65618780557e-06], "var": [0.000122793324408, 3.31741175614e-05, 3.62132800547e-06, 1.68476532281e-07, 7.76971305072e-08, 5.91496496227e-09, 1.35059452511e-09, 1.05817199447e-09, 1.6789776236e-09, 2.31434094111e-09, 9.43250255681e-10, 1.10029607647e-09, 1.43275358244e-09, 2.49723797197e-09, 1.41080491733e-09, 3.23472582053e-09, 2.62808774742e-09, 1.81831449897e-09, 8.09648348365e-09, 1.24560992631e-08, 7.97656873885e-09, 4.71200545249e-09, 1.20675895943e-08, 2.11315898113e-09, 1.61010671462e-09, 1.14447629151e-09, 2.79765738354e-10, 2.61049293293e-10, 2.21464901973e-10, 1.65053887224e-10, 2.24758434086e-10, 1.83738413373e-10, 6.99146157634e-11, 4.55896986828e-11, 3.26098002768e-11, 2.00353674623e-11, 1.22617315607e-11, 1.02364141469e-11, 1.1175184042e-11, 1.38605802183e-11], "dvar": [6.84572660248e-05, 1.80988499778e-05, 4.79466416436e-06, 2.24790483117e-07, 1.0293317132e-07, 5.82813131089e-09, 1.34095023974e-09, 7.6842909813e-10, 1.30097743689e-09, 2.26341567711e-09, 4.21929269301e-10, 3.9974706878e-10, 6.14210904359e-10, 7.45048023276e-10, 5.72002056831e-10, 8.51910986199e-10, 1.03278485764e-09, 1.27590493726e-09, 2.1028214725e-09, 4.32561053643e-09, 2.94468716078e-09, 1.99304839299e-09, 3.67672070567e-09, 8.53585313543e-10, 7.49700690417e-10, 4.82979600758e-10, 1.34640854021e-10, 9.7136583499e-11, 1.14621916125e-10, 6.60714885581e-11, 6.45177800074e-11, 9.76127026431e-11, 2.38450110351e-11, 1.95500126504e-11, 1.29998971657e-11, 7.05552977154e-12, 4.67712890986e-12, 4.3929629899e-12, 5.84541876708e-12, 5.97173959588e-12], "mean": [0.00808025896549, 0.00453485455364, 0.000994000583887, 0.000250472861808, 0.000134479705594, 5.12430524395e-05, 2.90882362606e-05, 2.58929012489e-05, 2.64439950115e-05, 3.01088275592e-05, 2.39001255977e-05, 2.20503952733e-05, 2.92383047054e-05, 3.42643033946e-05, 3.43270075973e-05, 4.46914782515e-05, 4.11170585721e-05, 3.65508858522e-05, 5.37347150384e-05, 8.37797560962e-05, 5.00686874148e-05, 5.89023402426e-05, 8.34598831716e-05, 3.94445742131e-05, 3.19719911204e-05, 2.54364931607e-05, 1.43041197589e-05, 1.42532262544e-05, 1.12801189971e-05, 9.66751849774e-06, 1.06767238321e-05, 1.19717615235e-05, 7.2358293437e-06, 5.45369857718e-06, 4.78912943436e-06, 3.42122234542e-06, 2.42924375016e-06, 2.29617103287e-06, 2.3958523343e-06, 1.94127756004e-06]}, "spectral_entropy": {"min": 6.2204208374, "max": 9.81903839111, "dvar2": 0.11738564074, "median": 7.98027181625, "dmean2": 0.329410731792, "dmean": 0.214741900563, "var": 0.147198453546, "dvar": 0.049601290375, "mean": 7.93898868561}, "spectral_rolloff": {"min": 43.06640625, "max": 19487.5488281, "dvar2": 3372735.75, "median": 2067.1875, "dmean2": 1538.37927246, "dmean": 904.104431152, "var": 7721454.5, "dvar": 1500207.625, "mean": 2361.23852539}, "barkbands": {"min": [8.1366287697e-26, 5.83176586566e-24, 1.29447094862e-24, 1.69651203542e-24, 1.20636514488e-23, 1.0854407356e-23, 9.92999411489e-24, 7.33534776722e-24, 1.83935194728e-23, 9.93806731739e-24, 2.21223892411e-23, 2.15586834378e-23, 4.74069021773e-23, 3.41815449716e-23, 5.3137651643e-23, 5.86075374292e-23, 5.74312132909e-23, 1.12050560284e-22, 1.47217222132e-22, 2.10984067654e-22, 2.48788579395e-22, 3.4983537571e-22, 4.43388195374e-22, 5.05577647251e-22, 9.37983535673e-22, 1.40229651268e-21, 2.07422223089e-21], "max": [0.0144538637251, 0.256499290466, 0.0894085764885, 0.0341816805303, 0.0199247486889, 0.00509003130719, 0.00142658059485, 0.00158306839876, 0.00406311824918, 0.00200842833146, 0.00334193976596, 0.00404815236107, 0.0039599663578, 0.00626814877614, 0.0113359875977, 0.00994476955384, 0.01612736471, 0.0133055895567, 0.00743294460699, 0.00373683171347, 0.00313319941051, 0.00358552695252, 0.0030892980285, 0.00484141614288, 0.00494980160147, 0.000257350242464, 1.32933882924e-05], "dvar2": [2.75490219792e-06, 0.00188652006909, 0.000252614292549, 4.45560872322e-05, 1.06297648017e-05, 4.90582635848e-07, 5.25139576268e-08, 5.29064472232e-08, 2.82339698288e-07, 4.79765773775e-08, 8.39947205122e-08, 1.27636283764e-07, 1.74734282155e-07, 3.33776426942e-07, 8.13334224858e-07, 1.15074158202e-06, 2.22674202632e-06, 1.54581698553e-06, 4.454307998e-07, 1.79969831038e-07, 1.94516474039e-07, 2.81685430537e-07, 7.89856926531e-08, 5.5664742149e-08, 1.00301505768e-07, 4.9113486611e-09, 3.53649076169e-12], "median": [0.000552487850655, 0.0136268706992, 0.00139400747139, 0.000412531429902, 0.000513095757924, 0.00014466320863, 7.90809135651e-05, 6.58161297906e-05, 9.64544597082e-05, 8.77659767866e-05, 9.89415566437e-05, 0.000142518721987, 0.000259614811512, 0.000267395895207, 0.000316665857099, 0.000479372451082, 0.00076250359416, 0.000555909005925, 0.000356948992703, 0.000240927416598, 0.000174859262188, 0.000217967826757, 0.000125592589029, 0.000119910975627, 0.000109011481982, 1.28751044031e-05, 3.29991465264e-08], "dmean2": [0.00111035187729, 0.0269661601633, 0.00850730482489, 0.00316614541225, 0.00184314744547, 0.000398598611355, 0.00015489749785, 0.000146860184032, 0.000252580386586, 0.000152157706907, 0.000198840352823, 0.000227077529416, 0.0003156378516, 0.000408440944739, 0.000572226941586, 0.000721263815649, 0.000991728738882, 0.000851217133459, 0.00051743525546, 0.000332739204168, 0.000331857678248, 0.000541760120541, 0.000261517852778, 0.000199091911782, 0.000291611329885, 6.50119764032e-05, 1.18808975458e-06], "dmean": [0.000756172987167, 0.0175206754357, 0.00525061879307, 0.00176997971721, 0.0010425321525, 0.000235340659856, 9.24740888877e-05, 8.90033406904e-05, 0.000153816392412, 9.35396310524e-05, 0.000120113210869, 0.000139650976053, 0.000198419045773, 0.000254225771641, 0.000362797582056, 0.000447312573669, 0.000620119273663, 0.000539670407306, 0.000343504798366, 0.000213503095438, 0.000211274207686, 0.000318574748235, 0.000160077717737, 0.000122321158415, 0.000169798469869, 3.77332798962e-05, 6.77967875617e-07], "var": [2.46489435085e-06, 0.00125909235794, 0.000106827174022, 1.08585791168e-05, 3.04976106236e-06, 1.85819033049e-07, 2.05674552944e-08, 3.11168015799e-08, 1.07494592783e-07, 5.75645593415e-08, 6.62456258738e-08, 1.51709983243e-07, 2.77040186347e-07, 2.67523176944e-07, 1.5001603515e-06, 1.16522562621e-06, 2.28527665058e-06, 1.94323024516e-06, 5.17059618232e-07, 2.44929651672e-07, 2.93282170105e-07, 2.91946435027e-07, 1.11258906088e-07, 7.41645465041e-08, 7.78231026288e-08, 1.75808478886e-09, 1.01388472271e-12], "dvar": [1.2007182022e-06, 0.000767254328821, 0.000100135257526, 1.58653729159e-05, 3.8426901483e-06, 1.80787594672e-07, 1.94345073368e-08, 2.08524539858e-08, 1.09073290844e-07, 1.89428170927e-08, 3.23026618787e-08, 5.18112130976e-08, 7.10587428898e-08, 1.3427963097e-07, 3.8354642129e-07, 4.57948146959e-07, 9.23674122078e-07, 6.88524494308e-07, 2.17804696945e-07, 8.30388415807e-08, 9.20475002886e-08, 1.13697105064e-07, 3.85462399777e-08, 2.69915094719e-08, 4.30509636828e-08, 1.87612081426e-09, 1.32694918421e-12], "mean": [0.00114673981443, 0.0263156369328, 0.00553223630413, 0.0015163362259, 0.00111590896267, 0.00029282583273, 0.000124054131447, 0.000127622377477, 0.000197492932784, 0.000179579132237, 0.000195736443857, 0.000271173601504, 0.000430430314736, 0.000436010945123, 0.000740105868317, 0.000862216809765, 0.0012507608626, 0.00108156877104, 0.000619463797193, 0.000440471398178, 0.000426515296567, 0.000482426141389, 0.000276029400993, 0.000203339877771, 0.000191269442439, 3.16745317832e-05, 4.83161784359e-07]}, "melbands_flatness_db": {"min": 0.00347137497738, "max": 0.551449358463, "dvar2": 0.00396662019193, "median": 0.191024154425, "dmean2": 0.0722886174917, "dmean": 0.0483408384025, "var": 0.00820693653077, "dvar": 0.00193939206656, "mean": 0.199785843492}, "melbands_skewness": {"min": -3.14256048203, "max": 13.4758863449, "dvar2": 3.2517015934, "median": 3.36237931252, "dmean2": 1.91341090202, "dmean": 1.32565021515, "var": 6.92768239975, "dvar": 1.58828425407, "mean": 3.70221161842}, "barkbands_skewness": {"min": -5.74629688263, "max": 9.79882049561, "dvar2": 1.50341904163, "median": 1.34084308147, "dmean2": 1.30593323708, "dmean": 0.902675509453, "var": 3.48165941238, "dvar": 0.73817294836, "mean": 1.51565384865}, "silence_rate_60dB": {"min": 0, "max": 1, "dvar2": 0.0240960754454, "median": 0, "dmean2": 0.0199591740966, "dmean": 0.00997732393444, "var": 0.0475918017328, "dvar": 0.00987742003053, "mean": 0.0501020178199}, "spectral_energyband_low": {"min": 1.42255949682e-23, "max": 0.279343813658, "dvar2": 0.00165009940974, "median": 0.021167434752, "dmean2": 0.029247969389, "dmean": 0.0201477091759, "var": 0.00154250301421, "dvar": 0.000735906651244, "mean": 0.0339533984661}, "spectral_energyband_middle_low": {"min": 1.78791234713e-22, "max": 0.0506428554654, "dvar2": 8.21936118882e-05, "median": 0.00198948779143, "dmean2": 0.00503647467121, "dmean": 0.00291348621249, "var": 2.36953146668e-05, "dvar": 2.99613093375e-05, "mean": 0.00344299245626}, "melbands_kurtosis": {"min": -1.82733786106, "max": 281.699737549, "dvar2": 974.998413086, "median": 11.1817121506, "dmean2": 21.3728485107, "dmean": 14.2831048965, "var": 919.79699707, "dvar": 432.146484375, "mean": 22.5809936523}, "spectral_decrease": {"min": -7.52906785806e-08, "max": 1.54778322946e-28, "dvar2": 1.12955694869e-16, "median": -8.12269629336e-09, "dmean2": 7.97261634489e-09, "dmean": 5.58189672262e-09, "var": 1.13694717881e-16, "dvar": 5.06895485279e-17, "mean": -1.10809965648e-08}, "erbbands_kurtosis": {"min": -1.71005952358, "max": 22.5731239319, "dvar2": 8.62071609497, "median": 1.79613876343, "dmean2": 2.37286901474, "dmean": 1.49561357498, "var": 6.57094860077, "dvar": 3.4651324749, "mean": 2.21700978279}, "melbands_crest": {"min": 1.61874222755, "max": 34.8774108887, "dvar2": 35.9132652283, "median": 21.8277320862, "dmean2": 6.93577957153, "dmean": 4.54583835602, "var": 59.3816452026, "dvar": 16.1649456024, "mean": 20.9290924072}, "melbands_spread": {"min": 0.539080679417, "max": 266.458526611, "dvar2": 881.976318359, "median": 26.9257602692, "dmean2": 26.4772796631, "dmean": 16.6097106934, "var": 1325.76696777, "dvar": 398.239776611, "mean": 39.3442001343}, "spectral_energy": {"min": 1.02242157119e-20, "max": 0.286317020655, "dvar2": 0.00162522669416, "median": 0.0331041291356, "dmean2": 0.0305334944278, "dmean": 0.0214419178665, "var": 0.00165471690707, "dvar": 0.000727926148102, "mean": 0.0444881431758}, "mfcc": {"mean": [-636.180969238, 75.111869812, -6.35660457611, 37.7066497803, 29.3608055115, 21.3819484711, 10.0636472702, 14.8913564682, 8.68753147125, 2.7567679882, 7.11788845062, 3.78076124191, 2.27830123901], "icov": [[0.000144655641634, -2.65430608124e-05, -3.0853509088e-05, -0.0005344049423, 3.43315114151e-05, -0.000404199439799, 0.000351458991645, -0.000398604926886, 0.000262165791355, 2.58676573139e-05, -0.000152164473548, 0.000323287153151, -7.40597752156e-05], [-2.65430608124e-05, 0.000923539162613, 0.000383833190426, 0.000733298598789, -0.00122476671822, -9.58544551395e-05, -0.00131110276561, 0.000857176608406, -0.000372757320292, -0.000516749161761, -0.000157796326675, -0.000523862487171, 0.000571368087549], [-3.0853509088e-05, 0.000383833190426, 0.00303018279374, 0.000368389708456, 0.00045093690278, -0.00165359291714, 0.000192592982785, 0.000707607192453, -0.000682924757712, 0.000170868181158, -0.00200582342222, 0.00132028397638, 0.000291724078124], [-0.0005344049423, 0.000733298598789, 0.000368389708456, 0.00737316627055, -0.00328488834202, 0.00157131790183, -0.00239752465859, 0.000696212460753, -0.000913471158128, -0.00207902351394, 0.00238968245685, -0.00265534361824, 0.0020348795224], [3.43315114151e-05, -0.00122476671822, 0.00045093690278, -0.00328488834202, 0.0109690204263, -0.00381173752248, 0.00458564935252, -0.0053155911155, 0.00106841907836, -0.000207322707865, -0.00283248908818, 0.00201229122467, -0.00247531547211], [-0.000404199439799, -9.58544551395e-05, -0.00165359291714, 0.00157131790183, -0.00381173752248, 0.012310102582, -0.00759423943236, 0.00753874890506, -0.00465714326128, 0.00165332108736, 0.0024250370916, -0.0028716318775, 0.00126747088507], [0.000351458991645, -0.00131110276561, 0.000192592982785, -0.00239752465859, 0.00458564935252, -0.00759423943236, 0.0212150290608, -0.0159670207649, 0.0104455975816, -0.00535726174712, -0.00324355298653, 0.00473734503612, -0.0044356295839], [-0.000398604926886, 0.000857176608406, 0.000707607192453, 0.000696212460753, -0.0053155911155, 0.00753874890506, -0.0159670207649, 0.0253294948488, -0.0137063935399, 0.00731008732691, -0.000630177208222, -0.00527394702658, 0.00323430285789], [0.000262165791355, -0.000372757320292, -0.000682924757712, -0.000913471158128, 0.00106841907836, -0.00465714326128, 0.0104455975816, -0.0137063935399, 0.0204140879214, -0.00887617375702, -0.000685404229444, 0.00481224013492, -0.0068500819616], [2.58676573139e-05, -0.000516749161761, 0.000170868181158, -0.00207902351394, -0.000207322707865, 0.00165332108736, -0.00535726174712, 0.00731008732691, -0.00887617375702, 0.016195030883, -0.00425976933911, 0.00178881559987, 5.02655930177e-05], [-0.000152164473548, -0.000157796326675, -0.00200582342222, 0.00238968245685, -0.00283248908818, 0.0024250370916, -0.00324355298653, -0.000630177208222, -0.000685404229444, -0.00425976933911, 0.0192904789001, -0.00927910860628, 0.00635319110006], [0.000323287153151, -0.000523862487171, 0.00132028397638, -0.00265534361824, 0.00201229122467, -0.0028716318775, 0.00473734503612, -0.00527394702658, 0.00481224013492, 0.00178881559987, -0.00927910860628, 0.0179288256913, -0.00653122738004], [-7.40597752156e-05, 0.000571368087549, 0.000291724078124, 0.0020348795224, -0.00247531547211, 0.00126747088507, -0.0044356295839, 0.00323430285789, -0.0068500819616, 5.02655930177e-05, 0.00635319110006, -0.00653122738004, 0.0181890577078]], "cov": [[11900.2070313, 212.330200195, 108.704818726, 1002.36712646, 477.420928955, 360.800170898, 119.895362854, 239.478149414, 90.5967407227, 84.2459335327, 48.8785934448, -49.3263053894, -46.511806488], [212.330200195, 1773.40246582, -170.168014526, -7.53188610077, 220.637054443, 121.5522995, 162.491744995, 63.7671546936, 37.1246261597, 112.909446716, 102.005661011, 60.947265625, -1.50356388092], [108.704818726, -170.168014526, 444.339874268, -39.4448318481, -32.1120834351, 63.0059013367, -18.7810325623, -41.1710090637, 13.1467504501, 7.93869590759, 23.8561267853, -38.2364234924, -20.0784358978], [1002.36712646, -7.53188610077, -39.4448318481, 271.451263428, 93.1283111572, 17.7302627563, 31.9653205872, 52.1310310364, 26.2002639771, 33.8496513367, 5.21001434326, 15.6972846985, -1.86387431622], [477.420928955, 220.637054443, -32.1120834351, 93.1283111572, 179.241714478, 48.0980148315, 27.2037506104, 54.3268241882, 38.4417381287, 27.0252437592, 28.3080463409, 17.0200786591, 13.7508611679], [360.800170898, 121.5522995, 63.0059013367, 17.7302627563, 48.0980148315, 144.568771362, 37.6263580322, -6.18922996521, 17.0291137695, 16.8025150299, 5.49345350266, -0.282815545797, 5.75093126297], [119.895362854, 162.491744995, -18.7810325623, 31.9653205872, 27.2037506104, 37.6263580322, 123.56893158, 63.7058105469, -0.654154479504, 23.3908348083, 27.3131580353, 12.1081056595, 6.49171113968], [239.478149414, 63.7671546936, -41.1710090637, 52.1310310364, 54.3268241882, -6.18922996521, 63.7058105469, 121.47807312, 44.9897575378, 4.96745252609, 25.9452533722, 25.558134079, 12.6040201187], [90.5967407227, 37.1246261597, 13.1467504501, 26.2002639771, 38.4417381287, 17.0291137695, -0.654154479504, 44.9897575378, 115.811355591, 47.9878540039, 4.68236064911, -8.00225830078, 30.9197025299], [84.2459335327, 112.909446716, 7.93869590759, 33.8496513367, 27.0252437592, 16.8025150299, 23.3908348083, 4.96745252609, 47.9878540039, 106.905281067, 23.4688396454, -7.69303894043, 7.02712202072], [48.8785934448, 102.005661011, 23.8561267853, 5.21001434326, 28.3080463409, 5.49345350266, 27.3131580353, 25.9452533722, 4.68236064911, 23.4688396454, 92.4448318481, 37.8484916687, -15.4547262192], [-49.3263053894, 60.947265625, -38.2364234924, 15.6972846985, 17.0200786591, -0.282815545797, 12.1081056595, 25.558134079, -8.00225830078, -7.69303894043, 37.8484916687, 93.9173049927, 14.9967069626], [-46.511806488, -1.50356388092, -20.0784358978, -1.86387431622, 13.7508611679, 5.75093126297, 6.49171113968, 12.6040201187, 30.9197025299, 7.02712202072, -15.4547262192, 14.9967069626, 78.5871276855]]}, "spectral_contrast_valleys": {"min": [-28.0611114502, -28.1082000732, -27.7905254364, -27.8303546906, -27.4879817963, -27.3590221405], "max": [-5.12839126587, -5.7363615036, -5.91033267975, -5.80429172516, -5.45181131363, -7.90629434586], "dvar2": [0.481528639793, 0.376067578793, 0.347469836473, 0.307739347219, 0.382970303297, 0.837147653103], "median": [-6.76884508133, -7.28556060791, -7.44076347351, -7.18147468567, -6.88539934158, -9.18086910248], "dmean2": [0.738140940666, 0.671535968781, 0.603843390942, 0.552406191826, 0.538152515888, 0.818765342236], "dmean": [0.472932934761, 0.424814850092, 0.378525346518, 0.357701659203, 0.352625519037, 0.581494927406], "var": [6.70988464355, 5.91509819031, 5.76278781891, 6.0502820015, 6.4181227684, 5.60573244095], "dvar": [0.262786865234, 0.21556340158, 0.196356490254, 0.185986161232, 0.23218563199, 0.389153391123], "mean": [-7.26730823517, -7.70017004013, -7.84192752838, -7.61727333069, -7.31219339371, -9.73344993591]}, "barkbands_flatness_db": {"min": 0.0242544282228, "max": 0.411132991314, "dvar2": 0.00262335990556, "median": 0.13418585062, "dmean2": 0.0593963004649, "dmean": 0.0398129448295, "var": 0.00391507428139, "dvar": 0.00124318676535, "mean": 0.145577892661}, "dynamic_complexity": 2.59008789063, "spectral_skewness": {"min": -0.050643324852, "max": 4.95139598846, "dvar2": 0.161909267306, "median": 1.25576543808, "dmean2": 0.3519757092, "dmean": 0.219669952989, "var": 0.170760795474, "dvar": 0.0626081228256, "mean": 1.28607571125}, "erbbands_flatness_db": {"min": 0.0422559641302, "max": 0.33223682642, "dvar2": 0.00123166909907, "median": 0.142645120621, "dmean2": 0.0375463292003, "dmean": 0.0257884524763, "var": 0.00162699550856, "dvar": 0.000538596475963, "mean": 0.148541271687}, "hfc": {"min": 1.09176690462e-16, "max": 133.24360