{"lowlevel": {"spectral_complexity": {"min": 0, "max": 62, "dvar2": 85.1957321167, "median": 16, "dmean2": 9.45737552643, "dmean": 7.05870962143, "var": 133.437057495, "dvar": 51.4092445374, "mean": 17.8505764008}, "silence_rate_20dB": {"min": 1, "max": 1, "dvar2": 0, "median": 1, "dmean2": 0, "dmean": 0, "var": 0, "dvar": 0, "mean": 1}, "average_loudness": 0.960902094841, "erbbands_spread": {"min": 2.4648296833, "max": 181.167602539, "dvar2": 399.199371338, "median": 50.8783760071, "dmean2": 20.7239646912, "dmean": 13.5656967163, "var": 513.948608398, "dvar": 177.966690063, "mean": 53.578742981}, "spectral_kurtosis": {"min": -1.27624726295, "max": 19.16381073, "dvar2": 2.45047950745, "median": 2.60208415985, "dmean2": 1.41093146801, "dmean": 0.922731399536, "var": 2.47647380829, "dvar": 1.00971198082, "mean": 2.7068157196}, "barkbands_kurtosis": {"min": -1.92515492439, "max": 257.434997559, "dvar2": 500.656433105, "median": 3.55601549149, "dmean2": 11.6100683212, "dmean": 7.44625520706, "var": 257.84262085, "dvar": 201.12387085, "mean": 8.96140003204}, "spectral_strongpeak": {"min": 0, "max": 10.5378437042, "dvar2": 0.727780938148, "median": 0.42895039916, "dmean2": 0.555215299129, "dmean": 0.333091527224, "var": 0.40776771307, "dvar": 0.299401789904, "mean": 0.59052503109}, "spectral_spread": {"min": 2492443.75, "max": 43340824, "dvar2": 1018574077950.0, "median": 5885286, "dmean2": 959978.5, "dmean": 674083.4375, "var": 10669763067900.0, "dvar": 553448898560, "mean": 6264821}, "spectral_rms": {"min": 3.1037800368e-12, "max": 0.0141056478024, "dvar2": 5.34494756721e-06, "median": 0.00493089295924, "dmean2": 0.00212476355955, "dmean": 0.00150466733612, "var": 8.67324979481e-06, "dvar": 2.59377452494e-06, "mean": 0.00545188505203}, "erbbands": {"min": [1.46828231665e-22, 1.1323192051e-22, 7.90712166128e-22, 4.98194282783e-21, 8.6015676544e-21, 3.06284075131e-20, 4.06361555516e-20, 5.96837501456e-20, 1.20675815677e-19, 1.98997088859e-19, 2.10526590731e-19, 3.65687553221e-19, 5.43533969859e-19, 8.09103045555e-19, 7.57528954748e-19, 1.11242412742e-18, 1.38062286198e-18, 1.89662753727e-18, 1.83427176757e-18, 2.76812145601e-18, 1.87497153524e-18, 4.93567670008e-18, 5.66373667342e-18, 5.23634196349e-18, 7.61302376926e-18, 7.49847910676e-18, 8.47606597009e-18, 9.49716253364e-18, 1.18306216709e-17, 9.99004885498e-18, 1.25874968944e-17, 1.1935231067e-17, 9.17840765742e-18, 8.48496064322e-18, 6.93084998604e-18, 4.16946550253e-18, 2.3122508467e-18, 9.94028628972e-19, 2.62007933912e-19, 2.64492826477e-20], "max": [3.51519966125, 37.9552383423, 72.3335647583, 175.678573608, 253.588775635, 282.853607178, 436.598205566, 404.384246826, 218.813827515, 384.468139648, 495.121063232, 1107.765625, 768.312927246, 871.672058105, 570.036071777, 446.050201416, 739.439758301, 513.811767578, 893.617126465, 681.247314453, 541.119812012, 281.322692871, 615.491455078, 354.074401855, 324.351715088, 234.907287598, 222.311660767, 215.862731934, 286.688842773, 344.870452881, 107.570846558, 105.525505066, 69.1113204956, 33.6459236145, 12.8901987076, 4.2293586731, 1.60046136379, 0.428948998451, 0.0442956499755, 0.00152559683193], "dvar2": [0.393428564072, 32.4045715332, 184.254348755, 697.889038086, 1204.49157715, 1723.77661133, 2229.22290039, 2065.18164062, 953.718444824, 1945.94616699, 1596.82897949, 3731.45166016, 5148.8515625, 2084.27978516, 1249.52990723, 932.536254883, 1201.51708984, 1287.9909668, 3755.60766602, 1301.10632324, 654.37310791, 471.829833984, 1464.3638916, 665.717285156, 507.097839355, 338.664215088, 256.975463867, 337.317108154, 408.563323975, 453.840026855, 171.984420776, 112.307403564, 28.1995716095, 11.2228899002, 2.18901658058, 0.280661016703, 0.0451265946031, 0.00265996484086, 2.74064404948e-05, 2.24364402612e-08], "median": [0.107926115394, 1.20894372463, 2.30016112328, 2.95688581467, 2.60760307312, 3.94174385071, 8.52364444733, 6.23775100708, 3.26828932762, 3.29815077782, 5.3487663269, 8.12634372711, 8.70941257477, 8.3913640976, 6.81217241287, 6.6051774025, 7.9974360466, 8.35743045807, 9.89462947845, 8.71852016449, 7.37850236893, 6.78122472763, 8.12499237061, 7.77251768112, 7.27931499481, 5.73511457443, 4.59755182266, 5.06755161285, 4.79120111465, 3.92663741112, 2.78520274162, 2.15019869804, 1.58914399147, 0.949098885059, 0.465993195772, 0.165475234389, 0.0370445735753, 0.00541691947728, 0.000253543752478, 5.24327369931e-05], "dmean2": [0.363874703646, 3.36367273331, 7.71608352661, 14.5708742142, 17.2517871857, 22.3553180695, 29.6454029083, 26.2118244171, 15.3842935562, 20.0264987946, 20.1900119781, 33.4261398315, 38.0627098083, 25.7436790466, 19.4435901642, 17.6039600372, 20.6353054047, 21.0345306396, 32.4448699951, 21.7206268311, 15.8749647141, 14.1730089188, 19.0238304138, 15.6769838333, 14.1424751282, 12.038649559, 9.58521366119, 10.3109703064, 10.6847877502, 10.9744081497, 7.33001327515, 5.96215629578, 3.40666365623, 2.02939462662, 0.922151744366, 0.349514871836, 0.124875716865, 0.0289926491678, 0.00274766352959, 9.61824334809e-05], "dmean": [0.237210512161, 2.18066835403, 4.42151784897, 8.68879699707, 10.409327507, 12.9938983917, 17.6574630737, 16.3345623016, 9.09896183014, 12.2441711426, 12.91223526, 22.4187984467, 23.5116939545, 16.4979743958, 12.6766443253, 11.2728443146, 13.1257257462, 13.3305206299, 20.8203449249, 14.5027017593, 10.472823143, 9.37788581848, 12.3496952057, 10.3073997498, 9.38387203217, 7.74695062637, 6.30231523514, 6.68581962585, 7.02513504028, 7.04070520401, 4.75628042221, 3.79807305336, 2.31924057007, 1.39580309391, 0.659947931767, 0.24661783874, 0.0861068144441, 0.0195280108601, 0.00179152621422, 6.47482884233e-05], "var": [0.292161732912, 34.017124176, 70.4941711426, 255.249450684, 429.980773926, 530.723388672, 888.136657715, 1113.59191895, 321.08984375, 688.689880371, 815.074279785, 3104.68603516, 2546.49487305, 2085.41162109, 1128.72998047, 663.209655762, 868.409240723, 765.407958984, 2234.16845703, 1044.7208252, 427.508056641, 328.257171631, 862.62322998, 501.125183105, 359.875244141, 201.250442505, 144.035491943, 151.057601929, 199.466186523, 200.836853027, 86.4992370605, 59.1442718506, 20.8142547607, 6.75242042542, 1.49929690361, 0.218872696161, 0.0284179393202, 0.0016741482541, 1.79429644049e-05, 1.80420336449e-08], "dvar": [0.163790613413, 13.7018489838, 62.4819602966, 266.822723389, 469.486968994, 638.573120117, 859.562683105, 878.714111328, 353.348358154, 764.063415527, 668.051086426, 1750.54418945, 2073.21484375, 968.499755859, 598.465454102, 411.836120605, 525.22454834, 550.321472168, 1622.5098877, 625.6015625, 299.504119873, 215.938568115, 625.078857422, 297.346099854, 230.689941406, 148.377120972, 110.161422729, 134.246948242, 167.313491821, 183.305297852, 70.6666107178, 46.0362434387, 12.7589454651, 4.77722072601, 0.970961213112, 0.132794976234, 0.0204674769193, 0.00124076684006, 1.23819891087e-05, 1.03211235114e-08], "mean": [0.393453687429, 4.30702114105, 5.82617712021, 9.20645904541, 10.4411773682, 12.594291687, 19.4637413025, 18.7984848022, 9.59892654419, 12.0809364319, 15.1481924057, 30.1172409058, 26.6576728821, 22.6159248352, 17.3130950928, 15.2302103043, 18.2755126953, 17.8936080933, 26.1712684631, 20.1370563507, 14.5455646515, 13.0903339386, 16.7706565857, 14.7659425735, 13.4163560867, 10.5741157532, 8.63252067566, 8.82302188873, 9.11754989624, 8.6047039032, 6.07482528687, 4.85721683502, 3.3130209446, 1.9226359129, 0.935746729374, 0.348541647196, 0.106407515705, 0.0230196155608, 0.00209774286486, 0.000103369617136]}, "zerocrossingrate": {"min": 0.0029296875, "max": 0.5244140625, "dvar2": 0.00027867621975, "median": 0.0576171875, "dmean2": 0.017637392506, "dmean": 0.0158765036613, "var": 0.00324611412361, "dvar": 0.000263211928541, "mean": 0.0675631836057}, "spectral_contrast_coeffs": {"min": [-0.982872605324, -0.977476656437, -0.97428548336, -0.972773492336, -0.967015385628, -0.967271864414], "max": [-0.30022418499, -0.36763381958, -0.399832516909, -0.550768196583, -0.572085738182, -0.547978699207], "dvar2": [0.00575082842261, 0.00568786542863, 0.00344589957967, 0.00193975376897, 0.00103984412272, 0.000670527748298], "median": [-0.672791898251, -0.739972412586, -0.788739621639, -0.811287820339, -0.811085581779, -0.781119585037], "dmean2": [0.0958986878395, 0.0946249812841, 0.0745776295662, 0.0546862147748, 0.0390042066574, 0.0305454973131], "dmean": [0.0581467300653, 0.0590866133571, 0.0472745373845, 0.0343621373177, 0.0251179635525, 0.0197790730745], "var": [0.00571477273479, 0.00648515904322, 0.00493949884549, 0.00268982048146, 0.00173092097975, 0.00114943482913], "dvar": [0.00217461562715, 0.00229679909535, 0.0015184325166, 0.000845625647344, 0.0004634076613, 0.000296194135444], "mean": [-0.667154312134, -0.734864115715, -0.78060901165, -0.803868293762, -0.806384682655, -0.783499777317]}, "dissonance": {"min": 0.24818611145, "max": 0.500000059605, "dvar2": 0.000677910458762, "median": 0.478537172079, "dmean2": 0.0266956817359, "dmean": 0.0160403959453, "var": 0.000427146587754, "dvar": 0.000258794781985, "mean": 0.473434448242}, "spectral_energyband_high": {"min": 6.97656972545e-21, "max": 0.0258703641593, "dvar2": 4.7459502639e-06, "median": 0.000729797757231, "dmean2": 0.00124332983978, "dmean": 0.000859301711898, "var": 2.59250487034e-06, "dvar": 1.98317297873e-06, "mean": 0.00125731853768}, "gfcc": {"mean": [5.72204732895, 67.266204834, -92.3510284424, 41.5300331116, -52.9139976501, 25.1337146759, -35.26795578, 12.4417762756, -24.4113998413, 4.10152482986, -17.5311412811, 2.47105193138, -9.45405960083], "icov": [[8.51017321111e-05, -0.000154166540597, 7.42808770156e-05, -6.40223152004e-05, 9.05453489395e-05, -0.000106447892904, 0.00010890368867, -0.000155457149958, 0.00029499217635, -0.000365141866496, 0.000485303695314, -0.000372483656975, 0.000294923142064], [-0.000154166540597, 0.00178096571472, -0.000183890690096, -2.24817977141e-05, -0.000277450570138, 0.000352233793819, -0.000382320082281, 0.000306301139062, -0.000831956625916, 0.00137872854248, -0.0017495675711, 0.00182119314559, -0.00174246740062], [7.42808770156e-05, -0.000183890690096, 0.0021532792598, -0.000915675191209, -0.000583709392231, 0.000116350165626, -0.00081257824786, 0.000663027574774, -0.000424868252594, 0.000214773375774, 0.000315392506309, -0.000538234598935, 0.000724636891391], [-6.40223152004e-05, -2.24817977141e-05, -0.000915675191209, 0.0028407080099, -0.000253057223745, -0.00111131020822, 0.00105186004657, -0.00164939009119, 0.00023224663164, 0.000699319120031, -0.00102010427509, 0.000166978337802, -0.00017874117475], [9.05453489395e-05, -0.000277450570138, -0.000583709392231, -0.000253057223745, 0.00479811290279, -0.000464888638817, -0.00135132519063, 0.000126977887703, -0.000885268731508, -0.000934280687943, 0.000435524241766, 0.000234847087995, -0.000665665837005], [-0.000106447892904, 0.000352233793819, 0.000116350165626, -0.00111131020822, -0.000464888638817, 0.00630951859057, -0.00326181738637, 0.00017173535889, 0.000243593574851, -0.00132311834022, 0.00165286276024, -0.000675464456435, 0.000740887771826], [0.00010890368867, -0.000382320082281, -0.00081257824786, 0.00105186004657, -0.00135132519063, -0.00326181738637, 0.0082908757031, -0.00209027621895, 0.000206423545023, 0.00141081376933, -0.0019173854962, 0.00137360359076, 0.00046502033365], [-0.000155457149958, 0.000306301139062, 0.000663027574774, -0.00164939009119, 0.000126977887703, 0.00017173535889, -0.00209027621895, 0.0114680994302, -0.0034717854578, 0.0003481915046, 0.000129413703689, 0.000881505315192, -0.000865201465786], [0.00029499217635, -0.000831956625916, -0.000424868252594, 0.00023224663164, -0.000885268731508, 0.000243593574851, 0.000206423545023, -0.0034717854578, 0.012965570204, -0.00596885988489, 0.0046269535087, -0.00196646153927, 0.000801593996584], [-0.000365141866496, 0.00137872854248, 0.000214773375774, 0.000699319120031, -0.000934280687943, -0.00132311834022, 0.00141081376933, 0.0003481915046, -0.00596885988489, 0.0198010355234, -0.00943729281425, 0.00466986466199, -0.000813184306026], [0.000485303695314, -0.0017495675711, 0.000315392506309, -0.00102010427509, 0.000435524241766, 0.00165286276024, -0.0019173854962, 0.000129413703689, 0.0046269535087, -0.00943729281425, 0.0193540416658, -0.00998696591705, 0.0022228397429], [-0.000372483656975, 0.00182119314559, -0.000538234598935, 0.000166978337802, 0.000234847087995, -0.000675464456435, 0.00137360359076, 0.000881505315192, -0.00196646153927, 0.00466986466199, -0.00998696591705, 0.0188251510262, -0.00728974398226], [0.000294923142064, -0.00174246740062, 0.000724636891391, -0.00017874117475, -0.000665665837005, 0.000740887771826, 0.00046502033365, -0.000865201465786, 0.000801593996584, -0.000813184306026, 0.0022228397429, -0.00728974398226, 0.0179199725389]], "cov": [[19213.2792969, 679.972167969, -722.582763672, 389.735595703, -492.40322876, 276.792449951, -341.571380615, 188.399673462, -247.050506592, 86.1229324341, -282.868499756, 66.4720840454, -151.671112061], [679.972167969, 770.464294434, 72.1976547241, 50.3331184387, 57.8133659363, -18.0906295776, 42.6063270569, 9.92251110077, 16.2941036224, -19.9988212585, 26.3691387177, -24.9705600739, 48.5124206543], [-722.582763672, 72.1976547241, 671.049743652, 208.517440796, 151.22517395, 70.8320388794, 111.487510681, 8.81325626373, 39.8820152283, -11.8927087784, 10.3750486374, -3.45284867287, -10.9371147156], [389.735595703, 50.3331184387, 208.517440796, 508.434967041, 60.5023841858, 100.25062561, 21.3048496246, 68.2465744019, 7.89471817017, -4.39608478546, 10.8945856094, 9.23589897156, -2.18261528015], [-492.40322876, 57.8133659363, 151.22517395, 60.5023841858, 285.421325684, 61.8030433655, 91.3767852783, 18.4064006805, 42.3336639404, 11.6882228851, 2.69286680222, -14.7239637375, 7.09151506424], [276.792449951, -18.0906295776, 70.8320388794, 100.25062561, 61.8030433655, 243.476791382, 100.192298889, 30.7202720642, 9.74946689606, 9.75079917908, -17.8032646179, -10.7034378052, -19.2054920197], [-341.571380615, 42.6063270569, 111.487510681, 21.3048496246, 91.3767852783, 100.192298889, 202.694137573, 31.3457164764, 17.3182926178, -2.66061306, 6.76084566116, -18.9000797272, -8.44837665558], [188.399673462, 9.92251110077, 8.81325626373, 68.2465744019, 18.4064006805, 30.7202720642, 31.3457164764, 113.688919067, 30.8946437836, 5.44826841354, -9.82416629791, -8.00647830963, -0.895324468613], [-247.050506592, 16.2941036224, 39.8820152283, 7.89471817017, 42.3336639404, 9.74946689606, 17.3182926178, 30.8946437836, 109.584564209, 23.8831291199, -12.1050758362, -9.05539989471, 0.327717274427], [86.1229324341, -19.9988212585, -11.8927087784, -4.39608478546, 11.6882228851, 9.75079917908, -2.66061306, 5.44826841354, 23.8831291199, 74.2738952637, 25.3075180054, -0.402794390917, -3.562759161], [-282.868499756, 26.3691387177, 10.3750486374, 10.8945856094, 2.69286680222, -17.8032646179, 6.76084566116, -9.82416629791, -12.1050758362, 25.3075180054, 98.8074417114, 41.3996009827, 13.3695716858], [66.4720840454, -24.9705600739, -3.45284867287, 9.23589897156, -14.7239637375, -10.7034378052, -18.9000797272, -8.00647830963, -9.05539989471, -0.402794390917, 41.3996009827, 90.4812698364, 28.7679386139], [-151.671112061, 48.5124206543, -10.9371147156, -2.18261528015, 7.09151506424, -19.2054920197, -8.44837665558, -0.895324468613, 0.327717274427, -3.562759161, 13.3695716858, 28.7679386139, 74.5388565063]]}, "spectral_flux": {"min": 6.24239132607e-11, "max": 0.373951345682, "dvar2": 0.00411141291261, "median": 0.0864711403847, "dmean2": 0.0591489188373, "dmean": 0.0391606539488, "var": 0.00419228943065, "dvar": 0.00206660223193, "mean": 0.10575184226}, "silence_rate_30dB": {"min": 0, "max": 1, "dvar2": 0.152921795845, "median": 1, "dmean2": 0.141946926713, "dmean": 0.0709677413106, "var": 0.0548361390829, "dvar": 0.0659406781197, "mean": 0.941778898239}, "spectral_energyband_middle_high": {"min": 1.12120757545e-21, "max": 0.0327486842871, "dvar2": 1.72236650542e-05, "median": 0.00280183763243, "dmean2": 0.00328321498819, "dmean": 0.0022564267274, "var": 1.53889814101e-05, "dvar": 7.97384382167e-06, "mean": 0.00398341799155}, "barkbands_spread": {"min": 0.726919472218, "max": 114.753974915, "dvar2": 190.552841187, "median": 22.5233974457, "dmean2": 13.6527986526, "dmean": 9.02083873749, "var": 222.837142944, "dvar": 86.0083236694, "mean": 24.5286521912}, "spectral_centroid": {"min": 138.155578613, "max": 11732.7568359, "dvar2": 313479.1875, "median": 1328.6081543, "dmean2": 581.383483887, "dmean": 388.081207275, "var": 1143423.375, "dvar": 150920.796875, "mean": 1471.97839355}, "pitch_salience": {"min": 0.0807023867965, "max": 0.895217776299, "dvar2": 0.0217599924654, "median": 0.518783628941, "dmean2": 0.164421707392, "dmean": 0.10473780334, "var": 0.0213614441454, "dvar": 0.00848039146513, "mean": 0.510138332844}, "erbbands_skewness": {"min": -4.79617214203, "max": 5.06038284302, "dvar2": 0.404256522655, "median": 0.237033888698, "dmean2": 0.632567882538, "dmean": 0.423709720373, "var": 0.526715874672, "dvar": 0.18786983192, "mean": 0.227979660034}, "erbbands_crest": {"min": 2.17765593529, "max": 31.1994132996, "dvar2": 17.9004631042, "median": 6.51085853577, "dmean2": 4.54922771454, "dmean": 2.86728715897, "var": 19.0598773956, "dvar": 8.3536901474, "mean": 7.8284406662}, "melbands": {"min": [1.04082159923e-24, 5.68478806282e-25, 1.00162339668e-24, 1.86382667241e-24, 1.78001355389e-24, 1.22771803186e-24, 2.33772066172e-24, 2.07932039753e-24, 1.21043330057e-24, 2.35538700448e-24, 2.27997209916e-24, 2.83038835729e-24, 2.2274887887e-24, 1.81864762229e-24, 1.62663532809e-24, 2.64646169015e-24, 2.33762560398e-24, 1.80610512833e-24, 2.8328156823e-24, 2.25932820091e-24, 1.9051093413e-24, 3.49770749069e-24, 3.82624123645e-24, 4.41796264601e-24, 3.4279635092e-24, 4.58016467547e-24, 4.52026410035e-24, 4.62885040952e-24, 4.21105429133e-24, 4.98314598586e-24, 5.29325430745e-24, 4.34387874625e-24, 6.37248071239e-24, 5.24129125076e-24, 6.35195494606e-24, 6.43708408179e-24, 6.10480127458e-24, 5.67761771162e-24, 6.17757605967e-24, 5.48375001656e-24], "max": [0.0380293279886, 0.0306356344372, 0.0326336957514, 0.0159900989383, 0.0130958314985, 0.00793175585568, 0.00305542582646, 0.00472384877503, 0.00330749084242, 0.00769711565226, 0.00390499597415, 0.00385378114879, 0.00296781328507, 0.00128430803306, 0.00104932521936, 0.00129242590629, 0.00118252809625, 0.00205880915746, 0.000881955202203, 0.000732126354706, 0.000537612068001, 0.000402335892431, 0.000436162605183, 0.000743089185562, 0.000310126313707, 0.000317467405694, 0.000194297259441, 0.000153931687237, 0.000169279184774, 0.000100156015833, 0.000142627002788, 0.000142556615174, 0.000391891604522, 0.000161695876159, 7.76939341449e-05, 6.02184918534e-05, 6.89762600814e-05, 5.18997549079e-05, 4.64268487121e-05, 2.30584519159e-05], "dvar2": [3.89267734136e-05, 4.25609905506e-05, 1.94804033526e-05, 7.33356773708e-06, 2.7038247481e-06, 9.56192593549e-07, 1.96022895693e-07, 2.33663357108e-07, 9.3707505755e-08, 1.56326976253e-07, 1.35845937166e-07, 3.97293185017e-08, 1.60760400547e-08, 6.82841028166e-09, 5.19847365155e-09, 6.04137095905e-09, 5.75991476737e-09, 1.11673585934e-08, 3.18960835521e-09, 2.86266832461e-09, 8.82499517907e-10, 6.27560503563e-10, 1.20241161472e-09, 1.45158263187e-09, 5.15633313825e-10, 4.06212841142e-10, 2.10089778907e-10, 1.61581997782e-10, 1.30050623048e-10, 8.8864346437e-11, 1.43826076049e-10, 1.32034994049e-10, 1.85965715049e-10, 1.45318590494e-10, 5.94980315016e-11, 4.8077482967e-11, 4.45944010885e-11, 1.49799686544e-11, 1.19738940985e-11, 8.19619545844e-12], "median": [0.00124771683477, 0.0015269278083, 0.000524276809301, 0.000209042642382, 0.000308418326313, 0.000145023062942, 4.24134886998e-05, 3.5978257074e-05, 4.17688643211e-05, 4.64709482912e-05, 3.83566257369e-05, 3.21779480146e-05, 2.06028598768e-05, 1.69455961441e-05, 1.57479207701e-05, 1.6446254449e-05, 1.33797966555e-05, 1.52003685798e-05, 1.14094145829e-05, 1.17427280202e-05, 7.3654755397e-06, 6.53186634736e-06, 6.69863447911e-06, 6.90251317792e-06, 5.69103031012e-06, 5.2666468946e-06, 4.39673476649e-06, 3.45415514857e-06, 2.59593048213e-06, 2.86579665953e-06, 2.75574211628e-06, 2.64207073997e-06, 2.4082166874e-06, 1.98015072783e-06, 1.57207625762e-06, 1.36164715059e-06, 1.23829818222e-06, 1.11682322768e-06, 9.39567485148e-07, 7.25331062768e-07], "dmean2": [0.0036179155577, 0.00404178863391, 0.00245524779893, 0.00139165809378, 0.00102537067141, 0.000581317464821, 0.000222436778131, 0.000222095899517, 0.000160362862516, 0.000214398954995, 0.000194223131984, 0.000112640605948, 6.50708752801e-05, 4.99940979353e-05, 4.54876790172e-05, 4.63631258754e-05, 4.11707587773e-05, 5.32626509084e-05, 3.47220193362e-05, 3.14284625347e-05, 1.80809092853e-05, 1.56253336172e-05, 1.84496057045e-05, 1.80602528417e-05, 1.32217573992e-05, 1.17345307444e-05, 9.11298502615e-06, 8.22684523882e-06, 6.45589580017e-06, 5.87077875025e-06, 6.46894250167e-06, 6.17821979176e-06, 6.48505329082e-06, 6.35224660073e-06, 4.36558866568e-06, 3.82800226362e-06, 3.79460334443e-06, 2.55102645497e-06, 2.09718882616e-06, 1.71186206899e-06], "dmean": [0.00240436731838, 0.00244367262349, 0.00147503300104, 0.000829881057143, 0.000606510788202, 0.000362739054253, 0.00013240663975, 0.00013676409435, 0.000101974364952, 0.000143919707625, 0.000118891584862, 7.1249451139e-05, 4.21554032073e-05, 3.19216342177e-05, 2.9183260267e-05, 2.90935622616e-05, 2.57800165855e-05, 3.40196929756e-05, 2.25363764912e-05, 2.0438381398e-05, 1.17315157695e-05, 1.01707910289e-05, 1.18138614198e-05, 1.15248039947e-05, 8.53796791489e-06, 7.67397705204e-06, 5.89151113672e-06, 5.19778268426e-06, 4.13380757891e-06, 3.87976797356e-06, 4.06557046517e-06, 4.00903672926e-06, 4.2180950004e-06, 3.97257008444e-06, 2.81050506601e-06, 2.46588297159e-06, 2.37955919147e-06, 1.70932150922e-06, 1.41932844144e-06, 1.15503291909e-06], "var": [3.56824748451e-05, 2.73971490969e-05, 7.57291354603e-06, 2.46249373959e-06, 9.97952042781e-07, 5.02873035657e-07, 6.98950017863e-08, 8.69612577503e-08, 5.03702217713e-08, 1.29905487256e-07, 6.46097930712e-08, 3.78782374355e-08, 1.3495570883e-08, 4.99274133148e-09, 3.52438656037e-09, 4.03503364055e-09, 3.21303095241e-09, 6.24538953886e-09, 2.11917638993e-09, 1.87694348952e-09, 5.1912513177e-10, 3.88841764343e-10, 7.10568603957e-10, 7.56622653419e-10, 3.55228374493e-10, 2.67050548342e-10, 1.24203133889e-10, 9.04162508752e-11, 6.94641150156e-11, 4.88550935818e-11, 5.74335405623e-11, 6.37153524385e-11, 8.25731219511e-11, 5.93943019767e-11, 2.98704047608e-11, 2.33151518925e-11, 2.37199322684e-11, 1.18173951527e-11, 7.32105868984e-12, 4.52084290142e-12], "dvar": [1.63428157975e-05, 1.53656310431e-05, 7.58820169722e-06, 2.80757217297e-06, 1.02657713796e-06, 4.00701793524e-07, 7.3932689304e-08, 9.288557834e-08, 3.94742762921e-08, 7.42018428923e-08, 5.43512470585e-08, 1.82076878019e-08, 7.68138086471e-09, 2.95867974565e-09, 2.27802798847e-09, 2.5307940188e-09, 2.44209719114e-09, 4.78472061971e-09, 1.3999078563e-09, 1.28596944204e-09, 3.92212956557e-10, 2.76466460836e-10, 5.28695365265e-10, 5.8878896203e-10, 2.23305526847e-10, 1.81614084882e-10, 9.06190192329e-11, 6.96445817683e-11, 5.48280865154e-11, 3.73605486825e-11, 5.59511013909e-11, 5.3968336744e-11, 7.56683604664e-11, 5.71735610244e-11, 2.44840901026e-11, 1.94115140628e-11, 1.83365562317e-11, 6.94059696868e-12, 5.13007605146e-12, 3.41853064953e-12], "mean": [0.00446943938732, 0.00417045410722, 0.00161384162493, 0.000820425746497, 0.000666700478178, 0.000420243042754, 0.00013816448336, 0.000136415546876, 0.000120778997371, 0.000190410966752, 0.000129914405989, 9.34641866479e-05, 5.60300250072e-05, 4.20350443164e-05, 3.7396861444e-05, 3.95962779294e-05, 3.21637380694e-05, 4.17060000473e-05, 2.91855067189e-05, 2.68038947979e-05, 1.52726788656e-05, 1.34376641654e-05, 1.49175784827e-05, 1.49793058881e-05, 1.15234024634e-05, 1.04865339381e-05, 8.07869037089e-06, 6.75048931953e-06, 5.33430011274e-06, 5.23202152181e-06, 5.04678564539e-06, 5.10720929014e-06, 5.17098669661e-06, 4.60909177491e-06, 3.50651453118e-06, 3.0659323329e-06, 2.96111443276e-06, 2.41380917032e-06, 1.93675077753e-06, 1.52336440351e-06]}, "spectral_entropy": {"min": 5.85372066498, "max": 9.823097229, "dvar2": 0.0915486812592, "median": 7.92043685913, "dmean2": 0.29744797945, "dmean": 0.205680713058, "var": 0.143608763814, "dvar": 0.041981652379, "mean": 7.88566064835}, "spectral_rolloff": {"min": 64.599609375, "max": 20284.2773438, "dvar2": 2434195.5, "median": 796.728515625, "dmean2": 1149.38952637, "dmean": 702.365661621, "var": 5232139, "dvar": 1228036, "mean": 1489.4621582}, "barkbands": {"min": [3.40204449808e-25, 1.44472893372e-24, 8.59729457237e-26, 2.08700469161e-24, 8.84139288695e-24, 5.82651796849e-24, 1.01376712145e-23, 1.5180952856e-23, 2.10549121305e-23, 1.08615946677e-23, 9.74574539528e-24, 1.6633810607e-23, 2.22888010268e-23, 1.99096706896e-23, 6.30347447361e-23, 2.63817143257e-23, 5.70090086235e-23, 9.759350406e-23, 1.17631782743e-22, 1.68620154451e-22, 2.18395750335e-22, 3.76274004772e-22, 4.56497574249e-22, 5.79691444841e-22, 8.76260534094e-22, 1.33827291502e-21, 1.97099651241e-21], "max": [0.00420409161597, 0.154106318951, 0.0775827020407, 0.0684620887041, 0.0674588605762, 0.0338589958847, 0.0139543190598, 0.0285082925111, 0.0414513275027, 0.0234038829803, 0.0232934318483, 0.011472065933, 0.0136683937162, 0.0215178318322, 0.0162602625787, 0.010194237344, 0.00656029256061, 0.00994652044028, 0.00730204349384, 0.0048212739639, 0.00550509663299, 0.0115163996816, 0.00446598324925, 0.00489216297865, 0.00265011796728, 0.000821996713057, 0.000250928627793], "dvar2": [2.10725687566e-07, 0.00057491537882, 0.000183264026418, 9.65539802564e-05, 0.000127094812342, 2.65109574684e-05, 3.88880471291e-06, 4.29173769589e-06, 4.97116616316e-06, 5.22387017554e-06, 1.01680734588e-06, 4.84074462292e-07, 5.71841496821e-07, 9.83986183201e-07, 9.94120341602e-07, 3.63593841257e-07, 2.14935042209e-07, 4.41389062189e-07, 2.35099335555e-07, 1.50503481677e-07, 1.61189433356e-07, 3.71472282268e-07, 2.70831179705e-07, 1.58786690463e-07, 6.08670305269e-08, 1.22858105911e-08, 7.62273577593e-10], "median": [2.2817923309e-05, 0.00493782060221, 0.00149840267841, 0.00093083496904, 0.0012601155322, 0.000902403087821, 0.000164583936566, 0.000201134345843, 0.000284788169665, 0.000262994435616, 0.000140117379487, 0.000137967130286, 0.000161021729582, 0.00013968408166, 0.000167328878888, 0.000141215292388, 0.000126151018776, 0.000139717536513, 0.000150458174176, 0.000116293122119, 0.000121370409033, 0.000134024259751, 0.000101595549495, 0.000101162644569, 7.60301263654e-05, 2.63253841695e-05, 1.56797386808e-06], "dmean2": [0.000252405065112, 0.0139595372602, 0.00707210646942, 0.0054097995162, 0.00625899760053, 0.00329818227328, 0.000996573362499, 0.00103594909888, 0.00125053164084, 0.00128506729379, 0.000470907019917, 0.000416985538322, 0.000459950271761, 0.000471275969176, 0.000557581312023, 0.000365240382962, 0.000293755438179, 0.000340888946084, 0.000299100211123, 0.000253304518992, 0.00023439891811, 0.000310697127134, 0.000280422420474, 0.000239488421357, 0.000151242813445, 6.92296525813e-05, 1.51094409375e-05], "dmean": [0.000154442153871, 0.00916103180498, 0.00398744363338, 0.00325835472904, 0.00372637133114, 0.00205023400486, 0.000594171404373, 0.000655505224131, 0.000834414910059, 0.000785694457591, 0.000303736247588, 0.000264950795099, 0.000288643495878, 0.000295647041639, 0.00036077038385, 0.000235664178035, 0.000192494146177, 0.000220331392484, 0.000198740133783, 0.000162184252986, 0.000155873422045, 0.000205172720598, 0.000180174902198, 0.000157514194143, 0.000106490675535, 4.86167737108e-05, 9.93399044091e-06], "var": [9.21113709751e-08, 0.000554082682356, 6.12117073615e-05, 3.73651382688e-05, 4.34414614574e-05, 1.35947238959e-05, 1.44646855915e-06, 1.99711075766e-06, 4.10345319324e-06, 2.92485515274e-06, 7.1504649668e-07, 3.3433553881e-07, 3.90950305018e-07, 4.97727398852e-07, 6.30261695278e-07, 2.24845592811e-07, 1.44828376847e-07, 2.57199189946e-07, 1.78194980549e-07, 8.7152173478e-08, 8.17997189984e-08, 1.73592042074e-07, 1.24347891983e-07, 1.00776624379e-07, 3.96211099485e-08, 8.97128860089e-09, 5.03551922382e-10], "dvar": [8.16706702267e-08, 0.000240838489844, 6.38706769678e-05, 3.80546953238e-05, 4.86653552798e-05, 1.09021957542e-05, 1.50328094151e-06, 1.77704475846e-06, 2.3264592528e-06, 2.11392716665e-06, 4.64484259055e-07, 2.105495156e-07, 2.43875973638e-07, 4.1047258037e-07, 4.30817067354e-07, 1.61740729254e-07, 9.8557848105e-08, 1.85669037478e-07, 1.0803591266e-07, 6.53064375911e-08, 6.6749876737e-08, 1.50967252921e-07, 1.08926940356e-07, 6.83609329144e-08, 2.65750621509e-08, 5.82029180407e-09, 3.46760509196e-10], "mean": [0.00015354588686, 0.0176006257534, 0.00432133115828, 0.00330165959895, 0.00379901239648, 0.00240985164419, 0.000600216677412, 0.00071650580503, 0.00110453716479, 0.000902596861124, 0.000392014335375, 0.000341872480931, 0.000387346954085, 0.000359144672984, 0.00045574142132, 0.000309730006848, 0.000257790379692, 0.000294088298688, 0.000285664631519, 0.000218023895286, 0.000213234088733, 0.000263458583504, 0.000224557938054, 0.000216767453821, 0.000150883002789, 6.44386163913e-05, 1.16637775136e-05]}, "melbands_flatness_db": {"min": 0.00301343621686, "max": 0.484326571226, "dvar2": 0.00336537882686, "median": 0.194682225585, "dmean2": 0.0622728355229, "dmean": 0.0428004786372, "var": 0.00598309282213, "dvar": 0.00151481688954, "mean": 0.199252709746}, "melbands_skewness": {"min": -2.89822268486, "max": 17.5162715912, "dvar2": 5.61365795135, "median": 3.4585981369, "dmean2": 2.1491663456, "dmean": 1.41399681568, "var": 6.88280677795, "dvar": 2.3473045826, "mean": 4.00209760666}, "barkbands_skewness": {"min": -3.56273961067, "max": 13.4585857391, "dvar2": 2.5337934494, "median": 1.94753372669, "dmean2": 1.4273365736, "dmean": 0.963549733162, "var": 3.08841180801, "dvar": 1.06430613995, "mean": 2.23989915848}, "silence_rate_60dB": {"min": 0, "max": 1, "dvar2": 0.0936065241694, "median": 0, "dmean2": 0.0800064504147, "dmean": 0.0399999991059, "var": 0.0602788254619, "dvar": 0.0383952148259, "mean": 0.0644302889705}, "spectral_energyband_low": {"min": 7.22440473609e-24, "max": 0.166433215141, "dvar2": 0.00106427189894, "median": 0.00877226050943, "dmean2": 0.0212300270796, "dmean": 0.0133492611349, "var": 0.00084538187366, "dvar": 0.000409515516367, "mean": 0.0240375567228}, "spectral_energyband_middle_low": {"min": 1.73766607266e-22, "max": 0.138896480203, "dvar2": 0.000456374167698, "median": 0.00684452662244, "dmean2": 0.0142641104758, "dmean": 0.00913175847381, "var": 0.000245753326453, "dvar": 0.000199204005185, "mean": 0.0122643401846}, "melbands_kurtosis": {"min": -1.92026436329, "max": 617.157287598, "dvar2": 3403.75024414, "median": 15.9528903961, "dmean2": 34.3835754395, "dmean": 21.8526000977, "var": 2066.57324219, "dvar": 1386.34118652, "mean": 32.0448265076}, "spectral_decrease": {"min": -5.20370271317e-08, "max": 1.62323093317e-28, "dvar2": 1.02977640133e-16, "median": -6.08372907607e-09, "dmean2": 7.5919803777e-09, "dmean": 5.06709074699e-09, "var": 9.4490389854e-17, "dvar": 4.37485932899e-17, "mean": -9.91125048699e-09}, "erbbands_kurtosis": {"min": -1.86891436577, "max": 46.9250030518, "dvar2": 7.36987733841, "median": -0.361829996109, "dmean2": 1.58756017685, "dmean": 1.00313544273, "var": 4.48220014572, "dvar": 3.28238224983, "mean": 0.112826630473}, "melbands_crest": {"min": 1.68070662022, "max": 32.0288505554, "dvar2": 26.7476482391, "median": 15.4727582932, "dmean2": 6.03908538818, "dmean": 3.75474071503, "var": 26.0456600189, "dvar": 10.480547905, "mean": 15.245557785}, "melbands_spread": {"min": 0.545566618443, "max": 273.699188232, "dvar2": 431.062713623, "median": 16.4183616638, "dmean2": 15.2151651382, "dmean": 10.0438613892, "var": 597.98046875, "dvar": 217.62322998, "mean": 23.0059490204}, "spectral_energy": {"min": 9.8742868088e-21, "max": 0.203943550587, "dvar2": 0.00153272924945, "median": 0.0249215476215, "dmean2": 0.0296639353037, "dmean": 0.0198730397969, "var": 0.00142830435652, "dvar": 0.000659376266412, "mean": 0.0393563620746}, "mfcc": {"mean": [-637.038024902, 97.4432525635, 19.273935318, 24.0821437836, 11.7775468826, 12.7282819748, 5.49052667618, 7.51223182678, 2.70211577415, 3.81456923485, 0.597345352173, -3.9974462986, -3.34002137184], "icov": [[0.00012242468074, -8.33178783068e-05, 1.09703023554e-05, -2.66467122856e-05, 3.47969362338e-05, -4.30544932897e-05, 8.38974665385e-05, -5.28782438778e-05, 2.18917029997e-05, -6.84089827701e-05, -1.234606043e-05, 4.81336464873e-05, 3.0860213883e-05], [-8.33178783068e-05, 0.00138029130176, -0.000126173210447, 0.000101529512904, -0.000254815531662, 0.000299831677694, -0.000630731869023, 0.000631824659649, -0.000635415897705, 0.000377762597054, -0.000414348789491, 0.000597247853875, -0.000165046571055], [1.09703023554e-05, -0.000126173210447, 0.00274476734921, -0.00135972700082, 0.000254350190517, -0.00104843778536, 0.000296118611004, -0.00105042790528, 0.000611876079347, -0.00031085673254, 0.000235796018387, -0.00041604731814, 0.000406382780056], [-2.66467122856e-05, 0.000101529512904, -0.00135972700082, 0.00456505641341, -0.00251682335511, 0.00126267666928, -0.000889275921509, -0.000695195805747, -2.81423745037e-05, -5.99279774178e-05, 0.000361479469575, -0.000455151486676, -0.000606305780821], [3.47969362338e-05, -0.000254815531662, 0.000254350190517, -0.00251682335511, 0.00736717460677, -0.00202422565781, 0.00109112623613, 0.000106419349322, -0.00150800053962, 0.000226027259487, -0.000911160372198, 0.000489179801662, -0.00074409582885], [-4.30544932897e-05, 0.000299831677694, -0.00104843778536, 0.00126267666928, -0.00202422565781, 0.00760222645476, -0.00295374821872, -0.00106028211303, -0.000809649471194, -0.00083795300452, -0.000510094047058, -2.75199454336e-05, -0.000875971338246], [8.38974665385e-05, -0.000630731869023, 0.000296118611004, -0.000889275921509, 0.00109112623613, -0.00295374821872, 0.00834654923528, -0.0032318320591, 0.00192524469458, -0.00213115452789, 0.00136806513183, -0.00160600116942, -0.000254631828284], [-5.28782438778e-05, 0.000631824659649, -0.00105042790528, -0.000695195805747, 0.000106419349322, -0.00106028211303, -0.0032318320591, 0.0129595538601, -0.00593091733754, 0.00425163283944, -0.00439451774582, 0.00245538633317, -6.58114950056e-05], [2.18917029997e-05, -0.000635415897705, 0.000611876079347, -2.81423745037e-05, -0.00150800053962, -0.000809649471194, 0.00192524469458, -0.00593091733754, 0.0153729552403, -0.00861863605678, 0.00312729133293, -0.000866144138854, 0.00187174312305], [-6.84089827701e-05, 0.000377762597054, -0.00031085673254, -5.99279774178e-05, 0.000226027259487, -0.00083795300452, -0.00213115452789, 0.00425163283944, -0.00861863605678, 0.0166311580688, -0.00648462632671, 0.0027076753322, -0.000586805981584], [-1.234606043e-05, -0.000414348789491, 0.000235796018387, 0.000361479469575, -0.000911160372198, -0.000510094047058, 0.00136806513183, -0.00439451774582, 0.00312729133293, -0.00648462632671, 0.0189734790474, -0.00874537415802, 0.00345714669675], [4.81336464873e-05, 0.000597247853875, -0.00041604731814, -0.000455151486676, 0.000489179801662, -2.75199454336e-05, -0.00160600116942, 0.00245538633317, -0.000866144138854, 0.0027076753322, -0.00874537415802, 0.019116261974, -0.00651945965365], [3.0860213883e-05, -0.000165046571055, 0.000406382780056, -0.000606305780821, -0.00074409582885, -0.000875971338246, -0.000254631828284, -6.58114950056e-05, 0.00187174312305, -0.000586805981584, 0.00345714669675, -0.00651945965365, 0.0180443115532]], "cov": [[8625.5703125, 520.383666992, 18.2790241241, 29.7833995819, 11.8360671997, 27.7031345367, -38.149520874, 28.999414444, 56.5509529114, 57.1999092102, 19.2573165894, -52.6315841675, -34.7139625549], [520.383666992, 806.349731445, 20.6649188995, 11.935757637, 30.2477626801, -1.82173752785, 38.8020706177, -10.0446128845, 31.2846641541, 12.2284660339, 3.25087332726, -21.9521808624, -3.31077337265], [18.2790241241, 20.6649188995, 511.503845215, 188.745254517, 70.4497909546, 98.2222671509, 59.7516441345, 81.4642562866, 23.2569828033, 18.1041564941, 20.5986537933, 17.1860752106, 4.23284053802], [29.7833995819, 11.935757637, 188.745254517, 355.34375, 123.61000824, 33.3766212463, 48.1669158936, 56.8893051147, 27.1138744354, 13.0222425461, 12.2074594498, 16.3518466949, 16.5321903229], [11.8360671997, 30.2477626801, 70.4497909546, 123.61000824, 201.065368652, 62.0394248962, 16.6873188019, 34.9044113159, 41.1249847412, 22.2058258057, 17.0914115906, 5.15231800079, 9.53229618073], [27.7031345367, -1.82173752785, 98.2222671509, 33.3766212463, 62.0394248962, 210.310424805, 88.3035507202, 61.3120079041, 40.7865600586, 36.4187469482, 24.1835308075, 12.2881135941, 9.84292125702], [-38.149520874, 38.8020706177, 59.7516441345, 48.1669158936, 16.6873188019, 88.3035507202, 181.624633789, 58.8680648804, 15.9262752533, 24.1585845947, 13.9632539749, 16.0686206818, 10.7094945908], [28.999414444, -10.0446128845, 81.4642562866, 56.8893051147, 34.9044113159, 61.3120079041, 58.8680648804, 133.723098755, 50.2942123413, 13.6677856445, 25.2537307739, 1.00916445255, -3.57676577568], [56.5509529114, 31.2846641541, 23.2569828033, 27.1138744354, 41.1249847412, 40.7865600586, 15.9262752533, 50.2942123413, 120.251243591, 58.6686325073, 12.500207901, -6.90850925446, -10.7960205078], [57.1999092102, 12.2284660339, 18.1041564941, 13.0222425461, 22.2058258057, 36.4187469482, 24.1585845947, 13.6677856445, 58.6686325073, 103.508666992, 29.8813686371, -0.242959439754, -5.41411352158], [19.2573165894, 3.25087332726, 20.5986537933, 12.2074594498, 17.0914115906, 24.1835308075, 13.9632539749, 25.2537307739, 12.500207901, 29.8813686371, 81.4497146606, 30.79296875, -2.69340968132], [-52.6315841675, -21.9521808624, 17.1860752106, 16.3518466949, 5.15231800079, 12.2881135941, 16.0686206818, 1.00916445255, -6.90850925446, -0.242959439754, 30.79296875, 76.8833694458, 23.6782455444], [-34.7139625549, -3.31077337265, 4.23284053802, 16.5321903229, 9.53229618073, 9.84292125702, 10.7094945908, -3.57676577568, -10.7960205078, -5.41411352158, -2.69340968132, 23.6782455444, 66.9322357178]]}, "spectral_contrast_valleys": {"min": [-28.3714084625, -28.0039463043, -27.8562793732, -27.7187004089, -27.6008071899, -27.4274120331], "max": [-4.82264709473, -4.52588844299, -5.15896654129, -5.75710630417, -5.5259141922, -7.48768234253], "dvar2": [0.446197003126, 0.609221279621, 0.492055922747, 0.4419234097, 0.331238567829, 0.372965276241], "median": [-6.86537837982, -6.94056081772, -7.20988178253, -7.5131072998, -7.33675003052, -9.35701847076], "dmean2": [0.809120953083, 0.905077934265, 0.80273193121, 0.733426213264, 0.567911326885, 0.565232813358], "dmean": [0.529065966606, 0.618512809277, 0.556257486343, 0.515637040138, 0.435484111309, 0.458978533745], "var": [4.65473175049, 4.28694677353, 4.0550494194, 3.95088338852, 3.87544488907, 3.34834074974], "dvar": [0.226554736495, 0.33886012435, 0.293589234352, 0.273287087679, 0.185604929924, 0.20667630434], "mean": [-7.12548398972, -7.17922925949, -7.48786020279, -7.75355195999, -7.60834312439, -9.59903526306]}, "barkbands_flatness_db": {"min": 0.0198349170387, "max": 0.396498382092, "dvar2": 0.00244243466295, "median": 0.119099617004, "dmean2": 0.051582660526, "dmean": 0.0349876321852, "var": 0.00339828804135, "dvar": 0.00109418085776, "mean": 0.12682184577}, "dynamic_complexity": 2.90365743637, "spectral_skewness": {"min": -0.284219294786, "max": 3.40153956413, "dvar2": 0.0783114731312, "median": 1.36845099926, "dmean2": 0.287729382515, "dmean": 0.197071239352, "var": 0.136725962162, "dvar": 0.037271425128, "mean": 1.34822809696}, "erbbands_flatness_db": {"min": 0.0522831268609, "max": 0.383434861898, "dvar2": 0.000729496940039, "median": 0.107496656477, "dmean2": 0.0270381830633, "dmean": 0.0188373830169, "var": 0.00120225280989, "dvar": 0.000382193276891, "mean": 0.114476673305}, "hfc": {"min": 1.04171162495e-1