{"lowlevel": {"spectral_complexity": {"min": 0, "max": 36, "dvar2": 4.78345394135, "median": 9, "dmean2": 2.2097837925, "dmean": 1.36422991753, "var": 34.6128845215, "dvar": 2.12420010567, "mean": 9.23803329468}, "silence_rate_20dB": {"min": 1, "max": 1, "dvar2": 0, "median": 1, "dmean2": 0, "dmean": 0, "var": 0, "dvar": 0, "mean": 1}, "average_loudness": 0.0105096204206, "erbbands_spread": {"min": 0.280448138714, "max": 127.232299805, "dvar2": 17.7060985565, "median": 12.2834625244, "dmean2": 3.79259443283, "dmean": 2.49259471893, "var": 73.1370620728, "dvar": 7.72331142426, "mean": 13.5127086639}, "spectral_kurtosis": {"min": -1.26014983654, "max": 306.705535889, "dvar2": 604.025695801, "median": 25.5396385193, "dmean2": 24.126039505, "dmean": 13.9096870422, "var": 1178.92687988, "dvar": 216.072357178, "mean": 36.9761199951}, "barkbands_kurtosis": {"min": -1.84997045994, "max": 2158.78442383, "dvar2": 847.143920898, "median": 2.90280151367, "dmean2": 4.38399457932, "dmean": 2.74824523926, "var": 711.317932129, "dvar": 329.008605957, "mean": 5.22107553482}, "spectral_strongpeak": {"min": 0, "max": 13.1786870956, "dvar2": 0.722500562668, "median": 0.764075636864, "dmean2": 0.558125793934, "dmean": 0.354079902172, "var": 1.20341324806, "dvar": 0.320505201817, "mean": 1.08054447174}, "spectral_spread": {"min": 289698.5625, "max": 50006340, "dvar2": 224044531712, "median": 1569795.75, "dmean2": 396486.40625, "dmean": 233052.90625, "var": 898403794944, "dvar": 85166841856, "mean": 1683683.75}, "spectral_rms": {"min": 3.18269932978e-12, "max": 0.0178061742336, "dvar2": 5.39512029718e-07, "median": 0.00263350666501, "dmean2": 0.000544761598576, "dmean": 0.000393816968426, "var": 5.20691492056e-06, "dvar": 2.92095108989e-07, "mean": 0.0030936836265}, "erbbands": {"min": [1.69139288035e-22, 8.68810859871e-22, 2.24651066429e-21, 9.34189995719e-21, 4.36481172636e-20, 8.46959341104e-20, 1.28147247012e-19, 1.16751813023e-19, 1.79422958262e-19, 3.33368314218e-19, 6.68994624714e-19, 9.69005174671e-19, 5.98383127205e-19, 1.10630826416e-18, 2.00839245933e-18, 2.38290282436e-18, 1.56346720728e-18, 2.48943893097e-18, 3.56507151231e-18, 5.84276792289e-18, 5.83811296399e-18, 6.34581781242e-18, 5.92357809206e-18, 6.3426612912e-18, 7.34428602313e-18, 1.16518993734e-17, 1.35422957591e-17, 1.06470039693e-17, 1.06411136161e-17, 1.33047460308e-17, 1.49204009935e-17, 1.61158258711e-17, 1.04723886235e-17, 1.0914718493e-17, 7.752671709e-18, 4.87716111637e-18, 2.60643246167e-18, 1.12925994122e-18, 2.95574509579e-19, 2.87983705742e-20], "max": [0.16374565661, 9.94560337067, 153.708755493, 137.688766479, 524.630554199, 336.932189941, 886.437438965, 1634.5324707, 1063.68920898, 2544.22387695, 1794.40332031, 3455.44824219, 1249.0369873, 944.155700684, 1950.11230469, 1505.59680176, 2001.3449707, 1273.44140625, 1666.00390625, 1011.67401123, 1430.59875488, 333.780426025, 275.456268311, 188.27130127, 150.858352661, 67.8082580566, 33.2028236389, 12.700304985, 10.6746454239, 6.07729673386, 2.77026081085, 0.921492338181, 0.473724633455, 0.276477575302, 0.0806375145912, 0.0618189051747, 0.0163799412549, 0.0021655857563, 0.000405507278629, 0.000363189348718], "dvar2": [2.36385494645e-05, 0.0698773562908, 6.51832151413, 20.3773193359, 276.807159424, 195.037063599, 957.893188477, 2248.57714844, 1776.11364746, 4805.21191406, 3081.39282227, 6628.28613281, 929.415222168, 1327.84143066, 2066.58740234, 1965.06262207, 3043.47558594, 417.773834229, 1208.90197754, 355.247344971, 491.768737793, 74.8821411133, 36.849357605, 22.1219024658, 20.4821891785, 3.5021007061, 1.26312148571, 0.227947890759, 0.102219432592, 0.0302467476577, 0.00874166749418, 0.00189424026757, 0.000348833535099, 6.97327486705e-05, 5.80057485422e-06, 1.13670967039e-06, 8.78308057395e-08, 1.91583859888e-09, 7.27634202891e-11, 1.54821086507e-10], "median": [0.000725131598301, 0.00999404676259, 0.0500167645514, 0.173268899322, 0.469260245562, 1.15363049507, 3.27775669098, 7.74486160278, 9.32985687256, 11.2849502563, 8.83031082153, 7.54766511917, 5.13779449463, 4.31578874588, 3.61757612228, 3.45755982399, 2.5971364975, 1.87444591522, 2.05884838104, 1.62725257874, 1.08783173561, 0.582086861134, 0.361993521452, 0.233576059341, 0.142113909125, 0.0653450042009, 0.0319104678929, 0.0124713489786, 0.0069508003071, 0.00304353050888, 0.00125160429161, 0.000554066791665, 0.000228691918892, 0.000107714178739, 5.5811022321e-05, 2.34228209592e-05, 8.81848518475e-06, 2.39343467001e-06, 4.06751905757e-06, 8.14929535409e-06], "dmean2": [0.00180610350799, 0.0620414465666, 0.474405348301, 0.99128985405, 3.02041101456, 4.19905185699, 9.34377384186, 16.9314155579, 17.5250205994, 25.7990627289, 19.5426654816, 22.7529602051, 10.7473297119, 11.8882236481, 11.3807163239, 12.0380868912, 11.1322412491, 5.54122877121, 7.28751468658, 5.50188732147, 4.39812660217, 2.25504302979, 1.3993486166, 1.04144740105, 0.917071819305, 0.439269572496, 0.256696611643, 0.113019712269, 0.0711236521602, 0.0386849157512, 0.0192991252989, 0.0092987427488, 0.00378554500639, 0.00155118037947, 0.000528632372152, 0.000174112035893, 4.39211835328e-05, 7.93307845015e-06, 3.15600459544e-06, 5.79499737796e-06], "dmean": [0.00120616517961, 0.0418981984258, 0.353495389223, 0.622800290585, 1.85564315319, 2.67446708679, 6.23776102066, 11.3761978149, 11.6407051086, 17.4772567749, 13.7191457748, 17.2734680176, 7.74859857559, 8.15240287781, 7.61773872375, 8.0341053009, 7.57295370102, 3.62439322472, 4.83869838715, 3.62787985802, 2.81120753288, 1.39768540859, 0.873234987259, 0.643080532551, 0.581701636314, 0.27840039134, 0.168430954218, 0.0756801068783, 0.0478971749544, 0.0260411966592, 0.0125267123803, 0.00600897194818, 0.00249121757224, 0.00102247053292, 0.000359071185812, 0.000120761716971, 3.02494117932e-05, 5.54422376808e-06, 2.29669376495e-06, 4.11464043282e-06], "var": [7.30423635105e-05, 0.10819054395, 19.7264308929, 20.4124794006, 173.053817749, 194.026763916, 1440.71228027, 5039.08789062, 3468.16699219, 11217.1064453, 6652.83642578, 28318.203125, 1992.15112305, 1717.62573242, 2114.63232422, 2178.34130859, 3000.57348633, 488.324615479, 1759.25292969, 363.748352051, 395.937652588, 55.5912895203, 24.179107666, 13.8184270859, 18.3734588623, 3.33491683006, 1.2219376564, 0.226023554802, 0.0990109145641, 0.0290870927274, 0.00662528257817, 0.00157298811246, 0.000308525806759, 7.45316865505e-05, 1.0805752936e-05, 1.56327519107e-06, 1.09501932855e-07, 3.93229226958e-09, 2.86173251762e-10, 6.8110556084e-10], "dvar": [1.05922263174e-05, 0.0302511807531, 3.66227769852, 7.34955120087, 103.645217896, 74.44972229, 373.005249023, 925.828125, 769.170776367, 2288.28710938, 1645.76513672, 4300.47509766, 527.470092773, 616.927734375, 931.12097168, 913.394958496, 1345.13586426, 194.470031738, 619.205993652, 166.820831299, 231.24861145, 29.8288078308, 14.6966695786, 8.19923973083, 8.14503669739, 1.41778683662, 0.525376021862, 0.0988524407148, 0.0460765063763, 0.0135224172845, 0.00352326454595, 0.000772348663304, 0.000146497754031, 3.00728588627e-05, 2.65735093308e-06, 4.81015717924e-07, 3.72527573234e-08, 9.75625913391e-10, 3.85452919582e-11, 7.73992397951e-11], "mean": [0.00326355895959, 0.0926651880145, 0.825462162495, 1.29220545292, 3.2667734623, 5.50877380371, 16.0567417145, 31.834526062, 29.2973022461, 46.2164115906, 35.3703231812, 53.2153663635, 18.9176502228, 17.3340835571, 15.4284563065, 16.0315170288, 14.1897201538, 6.98036956787, 9.95481967926, 6.97246265411, 5.08616018295, 2.65868639946, 1.72090446949, 1.27826106548, 1.12033438683, 0.54870891571, 0.341905385256, 0.151618614793, 0.0929386541247, 0.0490686297417, 0.0225767027587, 0.0106240818277, 0.00454319640994, 0.00204546563327, 0.000857797509525, 0.000302888220176, 7.77504828875e-05, 1.56946298375e-05, 9.58327018452e-06, 1.73144362634e-05]}, "zerocrossingrate": {"min": 0, "max": 0.5166015625, "dvar2": 2.05857886613e-05, "median": 0.02685546875, "dmean2": 0.00347261782736, "dmean": 0.00275234109722, "var": 0.00013858336024, "dvar": 1.19200612971e-05, "mean": 0.028707748279}, "spectral_contrast_coeffs": {"min": [-0.966563642025, -0.979571461678, -0.973087251186, -0.977029979229, -0.964095771313, -0.962954461575], "max": [-0.268647193909, -0.318463385105, -0.38463768363, -0.485262513161, -0.56738781929, -0.605158925056], "dvar2": [0.00329751707613, 0.00296660582535, 0.00199912674725, 0.00149321230128, 0.000694893358741, 0.000633627176285], "median": [-0.617474734783, -0.679595410824, -0.719077587128, -0.745936393738, -0.769034326077, -0.775593876839], "dmean2": [0.0718951001763, 0.0643422603607, 0.0527535378933, 0.0456962287426, 0.0311017744243, 0.0267381854355], "dmean": [0.0440710932016, 0.0403812602162, 0.0337450690567, 0.0287469793111, 0.0196316316724, 0.0163906309754], "var": [0.00956204999238, 0.00675873225555, 0.00623425561935, 0.00401302939281, 0.00283222133294, 0.00356475077569], "dvar": [0.00125411513727, 0.00119087158237, 0.000857321661897, 0.00063226261409, 0.000295607751468, 0.000252318946877], "mean": [-0.620618343353, -0.678295373917, -0.713189005852, -0.746040642262, -0.772295355797, -0.779189050198]}, "dissonance": {"min": 0.066001906991, "max": 0.500000298023, "dvar2": 0.00328460941091, "median": 0.410378336906, "dmean2": 0.0633773431182, "dmean": 0.0375958606601, "var": 0.00390624883585, "dvar": 0.0012140374165, "mean": 0.3980640769}, "spectral_energyband_high": {"min": 7.22182393031e-21, "max": 0.00130876654293, "dvar2": 1.24534527135e-09, "median": 1.5190121303e-06, "dmean2": 9.39807341638e-06, "dmean": 6.50054289508e-06, "var": 1.92000770838e-09, "dvar": 5.85169079859e-10, "mean": 1.50039713844e-05}, "gfcc": {"mean": [-186.587341309, 188.735107422, -144.50718689, -20.7568912506, -50.7975654602, -25.7249526978, -28.47240448, -9.94881629944, -7.9165930748, -5.0377702713, -4.04225826263, -7.4959731102, -2.5239443779], "icov": [[0.000301598833175, -0.000779664609581, 0.000850697979331, -0.000835166021716, 0.00102203548886, -0.000503722869325, 0.000536938779987, -0.000312505435431, 0.000365369574865, -0.000218139553908, 0.000135606780532, 0.00019270060875, 8.31028883113e-05], [-0.000779664609581, 0.0058369343169, -0.00342697580345, 0.00342162232846, -0.00587843777612, 0.00382497464307, -0.00310973776504, 0.00359867955558, -0.00240662251599, 0.00451543135568, -0.00311113288626, 0.0027057796251, -0.00108536891639], [0.000850697979331, -0.00342697580345, 0.00406680535525, -0.00242708809674, 0.00350448908284, -0.00268624280579, 0.00289095984772, -0.00228075892664, 0.00186399102677, -0.00234971102327, 0.00234760600142, -0.0010429735994, 0.000797989487182], [-0.000835166021716, 0.00342162232846, -0.00242708809674, 0.00481159053743, -0.00407057488337, 0.00117102032527, -0.00188498676289, 0.00205078348517, -0.000851130695082, 0.00167710520327, 0.000231747151702, 0.000457557907794, 0.00037386114127], [0.00102203548886, -0.00587843777612, 0.00350448908284, -0.00407057488337, 0.0103383529931, -0.00423884158954, 0.0026822173968, -0.00340998312458, 0.00269536953419, -0.00458719953895, 0.00234287977219, -0.00173242844176, 0.00154822925106], [-0.000503722869325, 0.00382497464307, -0.00268624280579, 0.00117102032527, -0.00423884158954, 0.00888689700514, -0.00402159616351, 0.000898545840755, 0.000425892561907, 0.00171593599953, -0.000893198535778, -0.000189467260498, 0.00077888724627], [0.000536938779987, -0.00310973776504, 0.00289095984772, -0.00188498676289, 0.0026822173968, -0.00402159616351, 0.0101126497611, -0.00406725844368, -0.000462558644358, 0.000626425317023, 5.90127274336e-05, 0.000410952663515, 0.000362580351066], [-0.000312505435431, 0.00359867955558, -0.00228075892664, 0.00205078348517, -0.00340998312458, 0.000898545840755, -0.00406725844368, 0.0106068747118, -0.00294676912017, 0.000627484521829, 0.000102868398244, 0.000173082400579, 0.00131029356271], [0.000365369574865, -0.00240662251599, 0.00186399102677, -0.000851130695082, 0.00269536953419, 0.000425892561907, -0.000462558644358, -0.00294676912017, 0.0113744093105, -0.00624283589423, 0.0010116531048, 0.00156047008932, -0.00116272305604], [-0.000218139553908, 0.00451543135568, -0.00234971102327, 0.00167710520327, -0.00458719953895, 0.00171593599953, 0.000626425317023, 0.000627484521829, -0.00624283589423, 0.0203327350318, -0.0102287540212, 0.00352267851122, 1.72490363184e-05], [0.000135606780532, -0.00311113288626, 0.00234760600142, 0.000231747151702, 0.00234287977219, -0.000893198535778, 5.90127274336e-05, 0.000102868398244, 0.0010116531048, -0.0102287540212, 0.0219777096063, -0.0116387568414, 0.00483943335712], [0.00019270060875, 0.0027057796251, -0.0010429735994, 0.000457557907794, -0.00173242844176, -0.000189467260498, 0.000410952663515, 0.000173082400579, 0.00156047008932, 0.00352267851122, -0.0116387568414, 0.0203694626689, -0.00927303452045], [8.31028883113e-05, -0.00108536891639, 0.000797989487182, 0.00037386114127, 0.00154822925106, 0.00077888724627, 0.000362580351066, 0.00131029356271, -0.00116272305604, 1.72490363184e-05, 0.00483943335712, -0.00927303452045, 0.0164021458477]], "cov": [[15377.7978516, 69.556968689, -2551.98510742, 1353.94702148, -512.25567627, -203.507888794, 86.6142501831, -482.661407471, -98.4239883423, -377.028625488, -146.926925659, -405.565826416, -77.8722686768], [69.556968689, 1026.91625977, 136.378677368, -328.038330078, 177.710861206, -234.627975464, 21.6889362335, -147.906280518, 66.818107605, -76.7842788696, 20.6813220978, -75.1639480591, 30.3676395416], [-2551.98510742, 136.378677368, 1045.20678711, -44.6345252991, 106.070884705, 117.857284546, -80.5952835083, 89.2674484253, -57.0462265015, 37.1642684937, -38.0579109192, 38.7131729126, -19.8050308228], [1353.94702148, -328.038330078, -44.6345252991, 665.963134766, 43.5700645447, 152.266876221, 19.7873058319, 10.1399173737, -79.7072296143, -31.687456131, -74.8434677124, -40.6432876587, -60.6782073975], [-512.25567627, 177.710861206, 106.070884705, 43.5700645447, 269.257568359, 55.7828178406, 21.4789714813, 28.4275131226, -10.8892326355, 16.3675117493, 1.25491595268, -4.9326376915, -26.5572052002], [-203.507888794, -234.627975464, 117.857284546, 152.266876221, 55.7828178406, 261.823120117, 50.3385543823, 74.1719512939, -51.8130493164, 9.81667137146, -18.2571926117, 15.8967561722, -37.7452659607], [86.6142501831, 21.6889362335, -80.5952835083, 19.7873058319, 21.4789714813, 50.3385543823, 164.999130249, 49.4343643188, 23.7086448669, -11.8205385208, -2.75648474693, -18.000541687, -15.2182321548], [-482.661407471, -147.906280518, 89.2674484253, 10.1399173737, 28.4275131226, 74.1719512939, 49.4343643188, 177.242965698, 24.4388561249, 34.5676727295, -4.13899278641, 6.84101438522, -26.5885429382], [-98.4239883423, 66.818107605, -57.0462265015, -79.7072296143, -10.8892326355, -51.8130493164, 23.7086448669, 24.4388561249, 143.94619751, 40.7260818481, 18.4286708832, -15.8469400406, 6.28905820847], [-377.028625488, -76.7842788696, 37.1642684937, -31.687456131, 16.3675117493, 9.81667137146, -11.8205385208, 34.5676727295, 40.7260818481, 102.621261597, 43.6327285767, 17.8905925751, -8.74801921844], [-146.926925659, 20.6813220978, -38.0579109192, -74.8434677124, 1.25491595268, -18.2571926117, -2.75648474693, -4.13899278641, 18.4286708832, 43.6327285767, 96.5642242432, 47.5668640137, 6.47206878662], [-405.565826416, -75.1639480591, 38.7131729126, -40.6432876587, -4.9326376915, 15.8967561722, -18.000541687, 6.84101438522, -15.8469400406, 17.8905925751, 47.5668640137, 110.780822754, 43.1398963928], [-77.8722686768, 30.3676395416, -19.8050308228, -60.6782073975, -26.5572052002, -37.7452659607, -15.2182321548, -26.5885429382, 6.28905820847, -8.74801921844, 6.47206878662, 43.1398963928, 95.412727356]]}, "spectral_flux": {"min": 6.55930379456e-11, "max": 0.376797407866, "dvar2": 0.000706987106241, "median": 0.0285824425519, "dmean2": 0.0189545042813, "dmean": 0.0116359964013, "var": 0.000994540285319, "dvar": 0.000284840411041, "mean": 0.0363113954663}, "silence_rate_30dB": {"min": 0, "max": 1, "dvar2": 0.0125007331371, "median": 1, "dmean2": 0.0112469317392, "dmean": 0.00562333222479, "var": 0.0124430404976, "dvar": 0.00559106655419, "mean": 0.987395465374}, "spectral_energyband_middle_high": {"min": 1.19971410397e-21, "max": 0.0783108249307, "dvar2": 6.95186463417e-06, "median": 0.000816422281787, "dmean2": 0.00103519984987, "dmean": 0.00073433452053, "var": 1.4663634829e-05, "dvar": 3.53658447239e-06, "mean": 0.00210466817953}, "barkbands_spread": {"min": 0.160548120737, "max": 73.4262542725, "dvar2": 9.24956321716, "median": 6.2291560173, "dmean2": 2.45834326744, "dmean": 1.60089528561, "var": 21.3098773956, "dvar": 3.96968817711, "mean": 7.31969213486}, "spectral_centroid": {"min": 166.0415802, "max": 11204.7412109, "dvar2": 17557.7167969, "median": 573.411682129, "dmean2": 94.5440292358, "dmean": 63.0697669983, "var": 69075.4453125, "dvar": 8433.44921875, "mean": 630.317932129}, "pitch_salience": {"min": 0.0457964837551, "max": 0.860935509205, "dvar2": 0.0075025735423, "median": 0.556458830833, "dmean2": 0.093807131052, "dmean": 0.0591816417873, "var": 0.0130024505779, "dvar": 0.00304080429487, "mean": 0.548804759979}, "erbbands_skewness": {"min": -4.5276427269, "max": 7.71334886551, "dvar2": 0.247041776776, "median": 0.933093965054, "dmean2": 0.523499965668, "dmean": 0.349710673094, "var": 0.824196577072, "dvar": 0.115055002272, "mean": 0.937331736088}, "erbbands_crest": {"min": 1.98956048489, "max": 33.4791564941, "dvar2": 15.036564827, "median": 12.8850517273, "dmean2": 4.10079336166, "dmean": 2.63187003136, "var": 32.146812439, "dvar": 6.51574659348, "mean": 13.9400835037}, "melbands": {"min": [2.35493321225e-24, 2.19513109488e-24, 3.18414395834e-24, 3.97822791161e-24, 5.00964619025e-24, 2.53015361601e-24, 2.87745594042e-24, 2.86530886298e-24, 6.64685994586e-24, 6.03823876912e-24, 2.70284670664e-24, 3.56551087436e-24, 5.74041419512e-24, 6.56242895203e-24, 4.89833594437e-24, 2.62918760848e-24, 4.2931971941e-24, 4.60432275183e-24, 6.4573881782e-24, 8.55410552249e-24, 5.77307934748e-24, 6.84203675558e-24, 4.57136217106e-24, 4.5958969285e-24, 4.98934485485e-24, 4.64651221633e-24, 5.48267124928e-24, 7.62688551424e-24, 8.62307326485e-24, 6.90984881672e-24, 5.96322638008e-24, 5.34832310952e-24, 6.18292138117e-24, 7.95588942109e-24, 8.92257219613e-24, 8.28154224682e-24, 9.0376528027e-24, 4.99039403986e-24, 7.9007322666e-24, 8.02161494513e-24], "max": [0.00277922791429, 0.0556666329503, 0.0336470454931, 0.0346607975662, 0.027699008584, 0.0377126522362, 0.0161075815558, 0.02361102961, 0.01173277013, 0.0188011433929, 0.00730121601373, 0.00533149205148, 0.00828420836478, 0.00572499865666, 0.00413748575374, 0.00248722918332, 0.00221517286263, 0.00223876698874, 0.00178605911788, 0.00119556963909, 0.00201875367202, 0.000226339907385, 0.000684487924445, 0.000436026224634, 0.000126785336761, 0.000194177948288, 5.91008574702e-05, 5.39336979273e-05, 2.53931120824e-05, 1.81283849088e-05, 9.62853937381e-06, 6.66056757836e-06, 7.16273871149e-06, 3.41112786373e-06, 2.49702202382e-06, 1.3006736026e-06, 4.59198673752e-07, 3.29850848857e-07, 6.31578018329e-07, 2.02245857395e-07], "dvar2": [1.2956893336e-08, 9.46748684783e-07, 1.3054137753e-06, 1.01839395938e-06, 8.11452423477e-07, 1.1598377796e-06, 3.93326871517e-07, 5.36816685326e-07, 1.82595456977e-07, 2.01021336466e-07, 2.7018490556e-08, 2.64313939624e-08, 3.48035946729e-08, 2.08840216231e-08, 1.08056950054e-08, 6.89921320074e-09, 1.61157376333e-09, 2.93985258359e-09, 1.45088629999e-09, 4.07298583749e-10, 9.69553215491e-10, 7.64028423861e-11, 1.52699505818e-10, 4.92460967838e-11, 1.59862956206e-11, 1.97869949592e-11, 2.85643318894e-12, 1.91444798382e-12, 6.56655990434e-13, 2.8290277022e-13, 8.3534667085e-14, 4.49637343417e-14, 3.23310510851e-14, 7.75583346461e-15, 4.34770280419e-15, 2.49241223499e-15, 5.10825506396e-16, 2.37295962536e-16, 1.71078142798e-16, 4.31746722199e-17], "median": [1.22001511045e-05, 2.3213773602e-05, 4.11922956118e-05, 5.55081132916e-05, 0.000110820736154, 0.000175174383912, 0.000145276950207, 0.000115342663776, 6.241529627e-05, 4.07362495025e-05, 1.99592359422e-05, 1.59940191224e-05, 9.97444658424e-06, 8.805224752e-06, 5.96421750743e-06, 4.10069924328e-06, 2.70522787105e-06, 2.97861879517e-06, 2.40013446273e-06, 1.60677609529e-06, 9.64577566265e-07, 4.97797714161e-07, 3.80322006777e-07, 2.14594777503e-07, 1.6960329674e-07, 1.13199639884e-07, 5.45995177959e-08, 3.54858826768e-08, 1.95905602851e-08, 1.04460360362e-08, 4.94900254111e-09, 3.85347842524e-09, 2.28793073376e-09, 1.19003329413e-09, 6.72728317497e-10, 4.40021491466e-10, 2.44603809429e-10, 1.51119436409e-10, 1.03564178067e-10, 6.93291049569e-11], "dmean2": [3.45533371728e-05, 0.000187495854334, 0.000232999969739, 0.000246798474109, 0.000291674252367, 0.000376456853701, 0.000272158911685, 0.000278109335341, 0.000157142290846, 0.000130782864289, 5.4641495808e-05, 5.20655557921e-05, 4.0611535951e-05, 3.91868379666e-05, 2.710309127e-05, 1.8514576368e-05, 1.04266091512e-05, 1.23511053971e-05, 8.51525965118e-06, 6.11318228039e-06, 5.59474619877e-06, 2.2949209324e-06, 2.34193430515e-06, 1.03808292806e-06, 9.08230163077e-07, 8.87754538326e-07, 3.97896059212e-07, 2.98944428323e-07, 1.80883361622e-07, 1.18352744494e-07, 5.892702859e-08, 4.65275249439e-08, 3.36388232824e-08, 1.8721291184e-08, 1.24748114061e-08, 9.03872088287e-09, 4.90148899246e-09, 3.07086889251e-09, 2.15812501203e-09, 1.15804965617e-09], "dmean": [2.27328910114e-05, 0.000137479786645, 0.000144604826346, 0.000154706925969, 0.000195537140826, 0.00025318065309, 0.000180889692274, 0.000190216174815, 0.000111852466944, 9.87920502666e-05, 3.91794565076e-05, 3.59745245078e-05, 2.73167825071e-05, 2.56744988292e-05, 1.86300367204e-05, 1.24909183796e-05, 6.69570636092e-06, 8.1057251009e-06, 5.66247945244e-06, 3.94879998566e-06, 3.55002134711e-06, 1.4052646975e-06, 1.44084128806e-06, 6.40361690785e-07, 5.54121470486e-07, 5.5521587683e-07, 2.50663390489e-07, 1.87881639135e-07, 1.17575680747e-07, 7.65220775634e-08, 3.8943259284e-08, 3.08607219779e-08, 2.2103941788e-08, 1.2463471144e-08, 7.94089327627e-09, 5.73771830048e-09, 3.12763637211e-09, 1.98381822081e-09, 1.38856082188e-09, 7.54243723033e-10], "var": [2.01671621625e-08, 2.63688048108e-06, 1.19085825645e-06, 8.2051121808e-07, 1.37755000651e-06, 2.52629024544e-06, 7.72884277467e-07, 1.19113462915e-06, 4.8965756605e-07, 8.45131921778e-07, 5.58898740621e-08, 3.83849396712e-08, 3.54064901842e-08, 2.46781066693e-08, 1.16330776123e-08, 6.8818466481e-09, 1.68919622734e-09, 4.1343306556e-09, 1.87164106435e-09, 3.85330156671e-10, 7.31567306733e-10, 5.39348912754e-11, 9.17044426507e-11, 1.73622019539e-11, 1.00325346988e-11, 1.48373500986e-11, 3.00528265468e-12, 1.63374153615e-12, 6.5637973572e-13, 2.35949091211e-13, 6.9669855822e-14, 4.13351366752e-14, 2.23374768525e-14, 6.96909952232e-15, 2.82590032951e-15, 1.36578715849e-15, 4.36808326394e-16, 1.72789691982e-16, 1.2249697839e-16, 4.08655479091e-17], "dvar": [5.25129317808e-09, 5.12132032782e-07, 4.85433588437e-07, 3.81470158572e-07, 3.23327725482e-07, 4.69041282258e-07, 1.71084849399e-07, 2.59247769918e-07, 1.0111190818e-07, 1.2960278184e-07, 1.55694586113e-08, 1.28924835252e-08, 1.59971769165e-08, 9.47811606977e-09, 4.93248508704e-09, 3.05110847698e-09, 7.35980665301e-10, 1.50311774139e-09, 7.20071391402e-10, 1.89092658198e-10, 4.51000542467e-10, 2.92862296913e-11, 6.2373405052e-11, 1.80956343659e-11, 5.87898610002e-12, 7.62455810294e-12, 1.18574507851e-12, 7.84820071344e-13, 2.72448513403e-13, 1.18772938533e-13, 3.49791572931e-14, 2.03312877872e-14, 1.32967384526e-14, 3.40388130788e-15, 1.68759011587e-15, 9.88803392735e-16, 2.09277105257e-16, 9.71662132565e-17, 6.99573312339e-17, 1.80933384374e-17], "mean": [5.47178569832e-05, 0.000321501196595, 0.000294542231131, 0.000303793203784, 0.000516263651662, 0.000715358066373, 0.000455227331258, 0.000492277787998, 0.000301440712065, 0.000297396851238, 8.71314696269e-05, 7.51106563257e-05, 5.17060470884e-05, 4.90957463626e-05, 3.50102018274e-05, 2.27624404943e-05, 1.18042662507e-05, 1.58347738761e-05, 1.11529116111e-05, 7.06738956069e-06, 5.91440038988e-06, 2.45280830313e-06, 2.37729727814e-06, 1.16104797598e-06, 1.01230125438e-06, 9.89464183476e-07, 4.81069889702e-07, 3.33724329948e-07, 2.26830920269e-07, 1.40586720931e-07, 7.12883547749e-08, 5.6104834556e-08, 3.9120248374e-08, 2.19971063586e-08, 1.36175151155e-08, 8.95265728218e-09, 5.33852206885e-09, 3.2672904382e-09, 2.43497511043e-09, 1.43320944002e-09]}, "spectral_entropy": {"min": 3.47473263741, "max": 9.82004833221, "dvar2": 0.0597077719867, "median": 6.29499721527, "dmean2": 0.232228547335, "dmean": 0.154079586267, "var": 0.329881668091, "dvar": 0.0266161132604, "mean": 6.23543167114}, "spectral_rolloff": {"min": 21.533203125, "max": 19444.4824219, "dvar2": 79663.4140625, "median": 667.529296875, "dmean2": 167.19140625, "dmean": 96.671043396, "var": 158040.421875, "dvar": 35877.5429688, "mean": 744.31652832}, "barkbands": {"min": [3.75314405377e-25, 3.32563523359e-24, 7.89178816166e-25, 1.79643566578e-24, 2.59583358333e-23, 1.74391208398e-23, 1.55968766129e-23, 1.47107412694e-23, 5.69110573426e-23, 1.18378250263e-23, 4.35911819787e-23, 5.14916081673e-23, 3.20073149436e-23, 4.67875958796e-23, 7.18438408688e-23, 1.03442333381e-22, 1.03154632654e-22, 9.62246158192e-23, 1.2472292284e-22, 2.36750738686e-22, 3.02444096134e-22, 3.8752770512e-22, 4.5853543547e-22, 7.1784221917e-22, 1.08551461085e-21, 1.46755179358e-21, 2.08140816052e-21], "max": [0.000635312928353, 0.0207497179508, 0.150749191642, 0.0819912627339, 0.129136309028, 0.201551139355, 0.0896894261241, 0.0897666364908, 0.118897035718, 0.061620708555, 0.0511922165751, 0.0382492430508, 0.0394514240324, 0.0234955903143, 0.0312972590327, 0.0211036596447, 0.00653473380953, 0.00661788554862, 0.00413434673101, 0.00103821244556, 0.000495185493492, 0.000271539553069, 8.3045946667e-05, 2.7217418392e-05, 1.58881339303e-05, 7.36087758924e-06, 1.73154876393e-06], "dvar2": [4.09729894457e-09, 5.86429280247e-07, 6.34632169749e-06, 7.65094864619e-06, 1.60627332662e-05, 3.52891838702e-05, 1.11048902909e-05, 9.2896661954e-06, 8.44695296109e-06, 1.79819323876e-06, 1.40447878039e-06, 1.21103084894e-06, 1.09730012809e-06, 2.27065413583e-07, 3.75449388912e-07, 1.37784667231e-07, 2.91517956441e-08, 1.47474210621e-08, 9.20837184282e-09, 1.03141739594e-09, 3.79281633878e-10, 7.96388371915e-11, 1.13544720501e-11, 1.76745803323e-12, 2.63385857178e-13, 2.73933419757e-14, 1.19080984511e-15], "median": [0.000101964600617, 3.15877732646e-05, 4.0310100303e-05, 5.40399778401e-05, 0.000328041322064, 0.000833590864204, 0.000690889835823, 0.000355307449354, 0.000281663233181, 0.000114555921755, 5.48144053027e-05, 7.42449992686e-05, 4.22275588789e-05, 3.19582650263e-05, 3.31739829562e-05, 2.17549404624e-05, 9.46080945141e-06, 5.20535149917e-06, 3.67089569409e-06, 1.21990012758e-06, 4.59690852495e-07, 1.7372880734e-07, 4.65791245574e-08, 1.71531251425e-08, 7.66905650096e-09, 3.08829140039e-09, 1.76978609545e-09], "dmean2": [6.17851837887e-05, 0.000195482803974, 0.000483358366182, 0.000541690678801, 0.0011295924196, 0.00191783695482, 0.0014461822575, 0.00105226458982, 0.000879998493474, 0.000425301434007, 0.000265624403255, 0.00031315794331, 0.000213544437429, 0.000132696251967, 0.00012499265722, 9.25218846533e-05, 4.53767061117e-05, 2.37769309024e-05, 2.19240100705e-05, 8.21345565782e-06, 4.61143281427e-06, 1.96457403945e-06, 7.26172345367e-07, 2.88435217044e-07, 9.94260105358e-08, 2.73633542491e-08, 6.6836145507e-09], "dmean": [3.75122544938e-05, 0.000128336963826, 0.000356513308361, 0.000325304135913, 0.000732304702979, 0.00128522433806, 0.000962745514698, 0.000725696794689, 0.000660203513689, 0.000300663290545, 0.000178628441063, 0.00020824414969, 0.000144378616824, 8.5216765001e-05, 8.27975600259e-05, 5.97312973696e-05, 2.76597475022e-05, 1.47343671415e-05, 1.36510316224e-05, 5.20075582244e-06, 3.01083514387e-06, 1.32022387334e-06, 4.76007301131e-07, 1.89330563671e-07, 6.76501414887e-08, 1.88821438485e-08, 4.75212846851e-09], "var": [3.79868270173e-09, 7.01495878275e-07, 1.9723243895e-05, 4.45434488938e-06, 1.61920670507e-05, 6.72835594742e-05, 2.51166129601e-05, 1.69962586369e-05, 3.44988511642e-05, 3.54369740307e-06, 1.43659019614e-06, 1.43856823343e-06, 1.07686628326e-06, 2.69807543418e-07, 5.26648591404e-07, 1.17599327609e-07, 2.00915515336e-08, 6.63099175569e-09, 7.20595494386e-09, 1.03779884686e-09, 3.6635977585e-10, 7.73793945585e-11, 9.43790792046e-12, 1.74474323877e-12, 3.72117755446e-13, 4.32305998996e-14, 3.22494136261e-15], "dvar": [1.53220414134e-09, 2.33513134162e-07, 3.57346084456e-06, 2.70714213002e-06, 6.23270398137e-06, 1.37705819725e-05, 5.03024375575e-06, 4.75130582345e-06, 5.35854360351e-06, 1.00636509615e-06, 6.49446178613e-07, 5.60834052976e-07, 4.84336908357e-07, 1.09306405705e-07, 1.89264923733e-07, 6.49401314945e-08, 1.14455511735e-08, 5.51445200614e-09, 3.55449114586e-09, 4.19295265175e-10, 1.58010493578e-10, 3.50685140649e-11, 4.72567037585e-12, 7.45563116453e-13, 1.17799324982e-13, 1.22605537309e-14, 6.54983631876e-16], "mean": [0.000105349121441, 0.000271009717835, 0.000811443722341, 0.000538808002602, 0.00157005013898, 0.0035815499723, 0.00246413121931, 0.0016664970899, 0.00196982175112, 0.000642336439341, 0.000325626635458, 0.000400484714191, 0.000260626402451, 0.000149847473949, 0.000164164230227, 0.000104988626845, 4.78659676446e-05, 2.71592471108e-05, 2.55239956459e-05, 1.00597899291e-05, 5.92622063778e-06, 2.53813664131e-06, 8.54591121424e-07, 3.50145683115e-07, 1.49526528048e-07, 4.79032706835e-08, 1.35604318885e-08]}, "melbands_flatness_db": {"min": 0.00440381653607, "max": 0.649079084396, "dvar2": 0.000822097412311, "median": 0.343032956123, "dmean2": 0.0283718965948, "dmean": 0.0192328896374, "var": 0.0055399001576, "dvar": 0.000377568125259, "mean": 0.346740394831}, "melbands_skewness": {"min": -6.71350336075, "max": 27.2937774658, "dvar2": 0.65873837471, "median": 1.30430364609, "dmean2": 0.656052350998, "dmean": 0.435218304396, "var": 1.5911192894, "dvar": 0.272011965513, "mean": 1.32149887085}, "barkbands_skewness": {"min": -7.88456058502, "max": 40.1216545105, "dvar2": 0.845444440842, "median": 0.849784076214, "dmean2": 0.647299468517, "dmean": 0.424877882004, "var": 1.91368818283, "dvar": 0.345306038857, "mean": 0.828974306583}, "silence_rate_60dB": {"min": 0, "max": 1, "dvar2": 0.0868062525988, "median": 0, "dmean2": 0.0813972875476, "dmean": 0.0406976751983, "var": 0.217518150806, "dvar": 0.0390617996454, "mean": 0.319783657789}, "spectral_energyband_low": {"min": 3.84702346145e-23, "max": 0.173046678305, "dvar2": 1.10247647171e-05, "median": 0.000175492197741, "dmean2": 0.000733016640879, "dmean": 0.000519225490279, "var": 2.89133386104e-05, "dvar": 5.61526803722e-06, "mean": 0.00129700906109}, "spectral_energyband_middle_low": {"min": 2.29940811725e-22, "max": 0.2973741889, "dvar2": 0.000103126163594, "median": 0.00518336519599, "dmean2": 0.00453164568171, "dmean": 0.00315785827115, "var": 0.000354237738065, "dvar": 4.79902555526e-05, "mean": 0.0118988100439}, "melbands_kurtosis": {"min": -1.80270338058, "max": 959.469482422, "dvar2": 480.127685547, "median": 4.2483382225, "dmean2": 4.7841091156, "dmean": 3.05611205101, "var": 305.397521973, "dvar": 174.347915649, "mean": 6.66897201538}, "spectral_decrease": {"min": -8.34793851823e-08, "max": 7.30894747237e-29, "dvar2": 8.02105294028e-18, "median": -1.78675019225e-09, "dmean2": 1.30168975598e-09, "dmean": 9.19339882e-10, "var": 3.37892659229e-17, "dvar": 3.92809337261e-18, "mean": -3.82151155165e-09}, "erbbands_kurtosis": {"min": -1.80429518223, "max": 108.713439941, "dvar2": 11.9635362625, "median": 1.29849290848, "dmean2": 2.22001934052, "dmean": 1.46564662457, "var": 23.8247528076, "dvar": 5.72889614105, "mean": 2.70604896545}, "melbands_crest": {"min": 1.89539575577, "max": 38.8993911743, "dvar2": 15.7580957413, "median": 13.4787483215, "dmean2": 4.07804203033, "dmean": 2.59348654747, "var": 27.0379886627, "dvar": 6.41582298279, "mean": 14.4310150146}, "melbands_spread": {"min": 0.34030225873, "max": 152.22203064, "dvar2": 15.3180494308, "median": 7.82725143433, "dmean2": 3.09302997589, "dmean": 2.03529167175, "var": 40.600402832, "dvar": 6.86552762985, "mean": 9.38733482361}, "spectral_energy": {"min": 1.03828138618e-20, "max": 0.324986338615, "dvar2": 0.00012335680367, "median": 0.00710874143988, "dmean2": 0.00513651175424, "dmean": 0.00363317294978, "var": 0.000526620715391, "dvar": 6.08642330917e-05, "mean": 0.015147132799}, "mfcc": {"mean": [-806.682250977, 203.589096069, -18.3392009735, -0.423784762621, -8.95069313049, -13.9587583542, -13.8997507095, -9.80562019348, -5.54187107086, -0.996785759926, -1.3383384943, -0.692603349686, 2.51050615311], "icov": [[0.000837144034449, -0.000971449248027, 0.0013628321467, -0.00144908542279, 0.00145861634519, -0.00159494660329, 0.00150931172539, -0.00175699172541, 0.00176340271719, -0.00142500945367, 0.00121173611842, -0.000757754605729, 0.000642122875433], [-0.000971449248027, 0.00215963250957, -0.00117028539535, 0.0018689497374, -0.00215311604552, 0.0025481954217, -0.00196736329235, 0.00280876341276, -0.00217998190783, 0.00221832795069, -0.00138780823909, 0.00138422171585, -0.000441307143774], [0.0013628321467, -0.00117028539535, 0.0034165258985, -0.00193547958042, 0.00167428585701, -0.00249950401485, 0.00250575132668, -0.00272578117438, 0.00266477488913, -0.00204242998734, 0.0019163946854, -0.00116503145546, 0.00135712418705], [-0.00144908542279, 0.0018689497374, -0.00193547958042, 0.00524534424767, -0.00284181372263, 0.00162665604148, -0.00263958470896, 0.00312458514236, -0.00322233140469, 0.00250560906716, -0.00121197383851, 0.00110657978803, -0.000329658330884], [0.00145861634519, -0.00215311604552, 0.00167428585701, -0.00284181372263, 0.00753351766616, -0.00433241203427, 0.00187631242443, -0.00322657101788, 0.00298924627714, -0.00284859957173, 0.00197729258798, -0.00145848852117, 0.000432158936746], [-0.00159494660329, 0.0025481954217, -0.00249950401485, 0.00162665604148, -0.00433241203427, 0.0115543575957, -0.00615737168118, 0.00429969653487, -0.00360943330452, 0.00406151823699, -0.0031680657994, 0.00246759364381, -0.000441644282546], [0.00150931172539, -0.00196736329235, 0.00250575132668, -0.00263958470896, 0.00187631242443, -0.00615737168118, 0.0137828160077, -0.0101997032762, 0.00571212731302, -0.00431905221194, 0.0036916709505, -0.00340096768923, 0.00118075800128], [-0.00175699172541, 0.00280876341276, -0.00272578117438, 0.00312458514236, -0.00322657101788, 0.00429969653487, -0.0101997032762, 0.0188917480409, -0.0115640508011, 0.00668990565464, -0.00499687157571, 0.00403759162873, -0.00307570071891], [0.00176340271719, -0.00217998190783, 0.00266477488913, -0.00322233140469, 0.00298924627714, -0.00360943330452, 0.00571212731302, -0.0115640508011, 0.0218057539314, -0.0128632429987, 0.00724821630865, -0.00341385905631, 0.0029287005309], [-0.00142500945367, 0.00221832795069, -0.00204242998734, 0.00250560906716, -0.00284859957173, 0.00406151823699, -0.00431905221194, 0.00668990565464, -0.0128632429987, 0.0202043671161, -0.0117187062278, 0.00502625619993, -0.00194811169058], [0.00121173611842, -0.00138780823909, 0.0019163946854, -0.00121197383851, 0.00197729258798, -0.0031680657994, 0.0036916709505, -0.00499687157571, 0.00724821630865, -0.0117187062278, 0.0196345262229, -0.0100992247462, 0.00436114566401], [-0.000757754605729, 0.00138422171585, -0.00116503145546, 0.00110657978803, -0.00145848852117, 0.00246759364381, -0.00340096768923, 0.00403759162873, -0.00341385905631, 0.00502625619993, -0.0100992247462, 0.0172654725611, -0.00701654935256], [0.000642122875433, -0.000441307143774, 0.00135712418705, -0.000329658330884, 0.000432158936746, -0.000441644282546, 0.00118075800128, -0.00307570071891, 0.0029287005309, -0.00194811169058, 0.00436114566401, -0.00701654935256, 0.013510286808]], "cov": [[10963.1015625, 1903.04003906, -2611.57177734, 988.242736816, -515.659179688, 109.682426453, -168.11177063, -110.858917236, -158.127426147, -114.451393127, -212.093780518, -165.505981445, -162.629486084], [1903.04003906, 1359.06530762, -406.920074463, -53.090511322, -2.07478785515, -117.837623596, -78.8681716919, -111.348846436, -56.7701835632, -64.4000778198, -59.8103179932, -66.396987915, -40.8733062744], [-2611.57177734, -406.920074463, 1082.59985352, -118.493865967, 122.947685242, 31.1559963226, 20.3070297241, 29.9147987366, 22.7765331268, 14.948176384, 24.7414569855, 15.6804904938, -1.31133663654], [988.242736816, -53.090511322, -118.493865967, 444.620391846, 33.1968841553, 86.7385940552, 34.4113960266, 13.4760169983, 5.7978014946, -14.7057285309, -33.2282333374, -19.8402557373, -27.0731658936], [-515.659179688, -2.07478785515, 122.947685242, 33.1968841553, 249.865631104, 63.9105033875, 50.7246360779, 25.1102962494, 8.6825466156, 4.50326013565, 4.57406425476, 6.51705265045, 8.95576190948], [109.682426453, -117.837623596, 31.1559963226, 86.7385940552, 63.9105033875, 176.460479736, 71.7225036621, 30.8546504974, 3.39994263649, -7.13274240494, -2.06905150414, -4.16488790512, -8.85600090027], [-168.11177063, -78.8681716919, 20.3070297241, 34.4113960266, 50.7246360779, 71.7225036621, 165.742752075, 83.3223571777, 16.5096206665, 4.96957302094, 2.5971133709, 13.9018001556, 12.9383850098], [-110.858917236, -111.348846436, 29.9147987366, 13.4760169983, 25.1102962494, 30.8546504974, 83.3223571777, 133.160644531, 51.3055915833, 12.8385343552, 4.77491092682, 2.56847953796, 12.7158117294], [-158.127426147, -56.7701835632, 22.7765331268, 5.7978014946, 8.6825466156, 3.39994263649, 16.5096206665, 51.3055915833, 102.682540894, 53.5106315613, 7.19571828842, -2.68769264221, -4.67648553848], [-114.451393127, -64.4000778198, 14.948176384, -14.7057285309, 4.50326013565, -7.13274240494, 4.96957302094, 12.8385343552, 53.5106315613, 113.825614929, 54.7363777161, 9.07835960388, -4.55397844315], [-212.093780518, -59.8103179932, 24.7414569855, -33.2282333374, 4.57406425476, -2.06905150414, 2.5971133709, 4.77491092682, 7.19571828842, 54.7363777161, 110.779060364, 50.5954399109, 2.32665109634], [-165.505981445, -66.396987915, 15.6804904938, -19.8402557373, 6.51705265045, -4.16488790512, 13.9018001556, 2.56847953796, -2.68769264221, 9.07835960388, 50.5954399109, 105.491287231, 43.0094566345], [-162.629486084, -40.8733062744, -1.31133663654, -27.0731658936, 8.95576190948, -8.85600090027, 12.9383850098, 12.7158117294, -4.67648553848, -4.55397844315, 2.32665109634, 43.0094566345, 103.014251709]]}, "spectral_contrast_valleys": {"min": [-27.8612594604, -27.4890899658, -27.9068698883, -27.2805213928, -27.3315868378, -27.3374061584], "max": [-5.35891819, -4.20435714722, -5.40637350082, -6.32919883728, -6.76141786575, -10.3333244324], "dvar2": [0.273251533508, 0.181370422244, 0.176648646593, 0.18973788619, 0.131963953376, 0.175472229719], "median": [-8.81625366211, -6.90907669067, -8.06049156189, -9.01002788544, -9.89354896545, -13.7537679672], "dmean2": [0.654031813145, 0.50065112114, 0.472108215094, 0.444820016623, 0.332428365946, 0.369752675295], "dmean": [0.389692038298, 0.309278517962, 0.294961214066, 0.279179632664, 0.219210237265, 0.234376490116], "var": [1.67014956474, 1.79686677456, 1.78585028648, 1.87437522411, 2.02911877632, 1.08759844303], "dvar": [0.0987478345633, 0.0761781781912, 0.0765871629119, 0.0824647992849, 0.0620908103883, 0.070502974093], "mean": [-8.99104309082, -7.18979024887, -8.36059379578, -9.28011322021, -10.1117162704, -13.6886940002]}, "barkbands_flatness_db": {"min": 0.0606356151402, "max": 0.527622759342, "dvar2": 0.000754587585106, "median": 0.259589731693, "dmean2": 0.0267855282873, "dmean": 0.0178457945585, "var": 0.00401677656919, "dvar": 0.000329600443365, "mean": 0.262045502663}, "dynamic_complexity": 6.92928314209, "spectral_skewness": {"min": -0.0124720903113, "max": 14.3457336426, "dvar2": 1.85151851177, "median": 3.37492632866, "dmean2": 1.50250995159, "dmean": 0.864251732826, "var": 3.91183781624, "dvar": 0.642353951931, "mean": 3.92986416817}, "erbbands_flatness_d