{"lowlevel": {"spectral_complexity": {"min": 0, "max": 65, "dvar2": 34.8987464905, "median": 15, "dmean2": 5.51653003693, "dmean": 3.81659626961, "var": 152.094818115, "dvar": 22.1543579102, "mean": 18.1725559235}, "silence_rate_20dB": {"min": 0, "max": 1, "dvar2": 0.0557509288192, "median": 1, "dmean2": 0.0465116277337, "dmean": 0.0232531633228, "var": 0.0175737831742, "dvar": 0.0227097067982, "mean": 0.982106208801}, "average_loudness": 0.873887658119, "erbbands_spread": {"min": 1.72864091396, "max": 123.249969482, "dvar2": 113.873809814, "median": 29.1811180115, "dmean2": 11.1356372833, "dmean": 7.29877662659, "var": 260.455871582, "dvar": 50.7714881897, "mean": 31.6768932343}, "spectral_kurtosis": {"min": 0.976172685623, "max": 206.929000854, "dvar2": 419.5652771, "median": 13.3027677536, "dmean2": 11.4034938812, "dmean": 7.19846010208, "var": 277.157928467, "dvar": 169.100662231, "mean": 18.4718513489}, "barkbands_kurtosis": {"min": -1.66500890255, "max": 537.266235352, "dvar2": 834.398864746, "median": 10.8907546997, "dmean2": 15.5528297424, "dmean": 9.90892887115, "var": 609.177307129, "dvar": 326.874542236, "mean": 18.444278717}, "spectral_strongpeak": {"min": 0, "max": 174.486938477, "dvar2": 334.54876709, "median": 0.291287213564, "dmean2": 4.08414506912, "dmean": 2.20786094666, "var": 132.865356445, "dvar": 124.636894226, "mean": 2.26925110817}, "spectral_spread": {"min": 763062.875, "max": 12171594, "dvar2": 971804377088, "median": 4393777, "dmean2": 941959, "dmean": 604584.3125, "var": 1914769637380.0, "dvar": 395053301760, "mean": 4248830}, "spectral_rms": {"min": 5.09680120331e-08, "max": 0.025392504409, "dvar2": 6.24124959359e-06, "median": 0.00739128747955, "dmean2": 0.00201676529832, "dmean": 0.00141362042632, "var": 1.76478988578e-05, "dvar": 3.32401850756e-06, "mean": 0.00777000002563}, "erbbands": {"min": [2.62427286932e-13, 2.47230079291e-13, 1.45071899372e-12, 6.3068391655e-12, 1.1014951104e-11, 2.01460324117e-11, 1.92980440655e-11, 5.224181851e-11, 6.41647707189e-11, 1.85257878482e-10, 4.25052049113e-10, 8.29541324521e-10, 9.02290075988e-10, 1.19078702454e-09, 9.39874844619e-10, 1.2953025319e-09, 2.68974931217e-09, 4.26847313051e-09, 3.44932016283e-09, 2.0458832406e-09, 3.21198334596e-09, 2.2776294184e-09, 5.75746061937e-10, 9.42998013009e-10, 2.09157668962e-09, 1.25015120478e-09, 2.15982720597e-09, 4.520971153e-09, 8.57505710883e-09, 1.03385975336e-08, 7.42429007161e-09, 2.85035084424e-09, 1.61636259932e-09, 1.14247000749e-09, 8.5372453551e-10, 5.9821914089e-10, 6.22770446324e-10, 6.49046150158e-10, 7.00031213552e-11, 7.37103607318e-12], "max": [29.2026405334, 73.7017288208, 117.242210388, 133.553527832, 285.555755615, 362.773223877, 636.638549805, 1021.96936035, 625.878479004, 880.892700195, 802.30670166, 1113.33459473, 1171.78271484, 552.213928223, 819.438232422, 1037.86755371, 1179.72424316, 1956.92041016, 532.817871094, 545.243530273, 471.5652771, 702.807067871, 491.389099121, 579.44128418, 521.510620117, 265.717010498, 139.063323975, 115.220352173, 286.737213135, 57.3359184265, 44.1072845459, 22.2159538269, 19.2190761566, 6.42312717438, 1.02407026291, 2.94394636154, 1.96856153011, 1.4767280817, 2.77407383919, 0.291923582554], "dvar2": [16.4296970367, 94.5977249146, 176.859848022, 182.987579346, 542.63659668, 797.373962402, 652.908203125, 1914.38537598, 2021.86730957, 2329.56176758, 2797.42944336, 4784.16601562, 3171.3371582, 2082.13647461, 1796.40087891, 2060.18139648, 2627.18139648, 2935.99169922, 943.594726562, 1209.8013916, 1216.32519531, 1336.20922852, 660.370239258, 852.814453125, 1213.46520996, 226.167938232, 99.227645874, 118.951797485, 388.284912109, 20.1414089203, 27.9772415161, 4.4402141571, 5.61754608154, 0.398854464293, 0.00785421486944, 0.145351663232, 0.0338473767042, 0.0146918548271, 0.0124853430316, 0.000162434735103], "median": [0.670689940453, 1.92184221745, 2.8061375618, 3.99367570877, 6.19989871979, 7.45719051361, 7.29758358002, 9.33624076843, 9.74270820618, 9.17897224426, 9.86841678619, 13.6099052429, 13.6981916428, 11.5577926636, 9.3471031189, 9.85129356384, 10.6615257263, 6.83870887756, 5.17703437805, 5.31725168228, 3.9674949646, 3.4611325264, 2.22615337372, 2.37565946579, 2.02593994141, 1.36768507957, 1.11213421822, 1.00287353992, 0.855880618095, 0.42474141717, 0.249318778515, 0.142948418856, 0.0827779173851, 0.0333789661527, 0.0136122163385, 0.0203307233751, 0.0157525613904, 0.0166428405792, 0.00943462271243, 0.00845922529697], "dmean2": [1.61976647377, 4.68392753601, 6.54753780365, 8.40556907654, 14.2101287842, 15.7610826492, 14.247926712, 21.8707542419, 22.8354530334, 20.3699741364, 23.3186397552, 30.4540901184, 27.1232700348, 25.4426574707, 19.9520874023, 21.9700126648, 24.269733429, 14.9346647263, 15.0310506821, 16.6004943848, 14.7639350891, 13.3691806793, 10.7780008316, 11.3513202667, 11.4591445923, 5.24026298523, 4.0766582489, 4.55012607574, 5.64180517197, 1.82485067844, 1.79436028004, 0.844891726971, 0.75630992651, 0.231911078095, 0.0539586469531, 0.122111283243, 0.074291922152, 0.0492376163602, 0.0259552393109, 0.00644386420026], "dmean": [1.01261663437, 2.88283538818, 3.93316507339, 5.22396039963, 8.62795734406, 9.87491893768, 8.83295917511, 13.6354513168, 14.0633411407, 12.3548698425, 14.283498764, 18.595659256, 16.3448410034, 15.4745330811, 12.4507236481, 13.8467092514, 15.145485878, 9.4067440033, 9.58600521088, 10.3098306656, 9.43141746521, 9.02757263184, 7.20672464371, 7.74959754944, 7.80788373947, 3.64931082726, 2.83610224724, 3.16124606133, 3.8633377552, 1.33737134933, 1.1430644989, 0.594531536102, 0.477898538113, 0.154860839248, 0.0341179147363, 0.0740634128451, 0.0489548258483, 0.0343598537147, 0.018651932478, 0.00444984575734], "var": [6.69357872009, 53.243434906, 68.0402526855, 115.969665527, 328.865020752, 549.191711426, 488.620117188, 2029.42810059, 1432.02172852, 1179.1015625, 1599.55725098, 3857.26635742, 1535.14294434, 1373.52648926, 1308.3704834, 2018.49353027, 1851.63366699, 1613.71032715, 844.303588867, 852.162719727, 931.052124023, 1111.94006348, 738.922302246, 945.941955566, 1028.07287598, 267.7109375, 129.081069946, 157.143173218, 245.255844116, 32.6119804382, 20.9078350067, 5.86068248749, 3.43758916855, 0.356808662415, 0.00543260434642, 0.0577877946198, 0.0283851660788, 0.0182725358754, 0.00955424830317, 0.000473508116556], "dvar": [6.37565612793, 37.4720230103, 65.230506897, 72.6362380981, 205.736984253, 323.297851562, 280.038543701, 830.164001465, 803.190795898, 849.748901367, 1122.51379395, 2049.20214844, 1174.23815918, 825.823242188, 733.963928223, 915.737365723, 1125.79382324, 1122.62854004, 396.419677734, 477.793365479, 524.789428711, 580.883728027, 320.313476562, 414.005767822, 553.376525879, 115.263801575, 51.1802864075, 60.060218811, 170.060638428, 11.5045719147, 11.4422903061, 2.31649470329, 2.21312689781, 0.188992097974, 0.0034380487632, 0.052357211709, 0.0145907104015, 0.00732612144202, 0.00587293552235, 7.96430394985e-05], "mean": [1.49672150612, 4.60481214523, 5.40656900406, 7.72327947617, 12.3745689392, 15.0479812622, 13.5204143524, 21.4985370636, 21.5534286499, 18.3945045471, 21.0954589844, 29.4613952637, 25.4833011627, 24.0973415375, 20.1542778015, 22.9826030731, 23.4248523712, 16.0581302643, 15.9277696609, 16.1824932098, 14.9991455078, 15.0138692856, 11.7019605637, 12.5419149399, 12.4162502289, 6.65972328186, 5.11007547379, 5.41230106354, 5.45932197571, 2.37098550797, 1.77425146103, 0.96214556694, 0.641329646111, 0.201231047511, 0.0421382859349, 0.0957260280848, 0.0849825739861, 0.0714934840798, 0.0400282256305, 0.0172968003899]}, "zerocrossingrate": {"min": 0.00634765625, "max": 0.8525390625, "dvar2": 0.00185834360309, "median": 0.19580078125, "dmean2": 0.0492737106979, "dmean": 0.0404199250042, "var": 0.0148513736203, "dvar": 0.00139598536771, "mean": 0.214209377766}, "spectral_contrast_coeffs": {"min": [-0.97248840332, -0.955125272274, -0.980016410351, -0.986880362034, -0.973898291588, -0.950876832008], "max": [-0.344115972519, -0.494017630816, -0.581136643887, -0.575697779655, -0.653791368008, -0.585801124573], "dvar2": [0.00488586071879, 0.00424401415512, 0.0027113140095, 0.00146942015272, 0.00131799443625, 0.00162877235562], "median": [-0.693135380745, -0.775970458984, -0.800552606583, -0.824743509293, -0.834399938583, -0.765488803387], "dmean2": [0.0892378538847, 0.0834065750241, 0.0669843479991, 0.048309803009, 0.0412051230669, 0.0429893769324], "dmean": [0.0549733042717, 0.0497245229781, 0.0400677844882, 0.0293307676911, 0.0257771387696, 0.0276843942702], "var": [0.00815737154335, 0.00397089868784, 0.00291752000339, 0.00229085190222, 0.00251283473335, 0.00526778772473], "dvar": [0.00186087354086, 0.00153839786071, 0.000993582303636, 0.000559788022656, 0.000548613374121, 0.000760435126722], "mean": [-0.685570776463, -0.76994228363, -0.797634661198, -0.824684143066, -0.840577602386, -0.775817751884]}, "dissonance": {"min": 0.186084806919, "max": 0.500000178814, "dvar2": 0.00188575719949, "median": 0.468721687794, "dmean2": 0.0433647371829, "dmean": 0.0255220271647, "var": 0.00125975930132, "dvar": 0.000679668039083, "mean": 0.458778202534}, "spectral_energyband_high": {"min": 1.75083352764e-12, "max": 0.0214348211884, "dvar2": 1.54429199029e-06, "median": 0.000215422187466, "dmean2": 0.000495922344271, "dmean": 0.000368027744116, "var": 2.53009829976e-06, "dvar": 8.50222249937e-07, "mean": 0.000807229196653}, "gfcc": {"mean": [-22.3821163177, 103.016899109, -69.894859314, -0.800626575947, -22.2311573029, -8.40740966797, -4.57617712021, -10.4787855148, -3.38146400452, -6.51596260071, -4.8388671875, -1.82554745674, -5.50267362595], "icov": [[7.82943388913e-05, -0.000100710414699, 0.00023255913402, -0.000287201080937, 0.000126765007735, -0.000224350980716, -0.000123962279758, 0.000189112019143, -0.000299885927234, 0.000243879752816, -2.20675865421e-05, 2.66271922555e-06, -9.70378550846e-06], [-0.000100710414699, 0.00177998817526, -0.00106928730384, 0.00178062496707, -0.00128629943356, 0.000344324595062, -0.000406223320169, -0.000539459229913, 0.00126078003086, 0.000477102497825, -0.00183144700713, 0.00252799247392, -0.000615421915427], [0.00023255913402, -0.00106928730384, 0.00338800484315, -0.00229757092893, 0.00241907592863, -0.00236553535797, 3.73650145775e-05, 0.000994180911221, -0.00209679175168, 0.00148635020014, -0.0015793624334, 0.00157426530495, -0.00207989686169], [-0.000287201080937, 0.00178062496707, -0.00229757092893, 0.00718117598444, -0.00480057904497, 0.001989799086, -9.82801357168e-05, -0.00400796253234, 0.00455188145861, -0.00468047941104, 0.00512073561549, -0.00566867180169, 0.00387542345561], [0.000126765007735, -0.00128629943356, 0.00241907592863, -0.00480057904497, 0.0108196837828, -0.00525538995862, -0.00133132515475, 0.00441315863281, -0.00781501457095, 0.00791031867266, -0.0093589592725, 0.00545488251373, -0.00341681693681], [-0.000224350980716, 0.000344324595062, -0.00236553535797, 0.001989799086, -0.00525538995862, 0.00980088394135, -0.0010032254504, -0.00626879511401, 0.00823134649545, -0.00657950621098, 0.00513281812891, -0.00454001082107, 0.00261331605725], [-0.000123962279758, -0.000406223320169, 3.73650145775e-05, -9.82801357168e-05, -0.00133132515475, -0.0010032254504, 0.00882844161242, -0.000308544375002, -0.00684007350355, 0.00412807334214, 0.00151169847231, -0.00290208915249, 0.00156260246877], [0.000189112019143, -0.000539459229913, 0.000994180911221, -0.00400796253234, 0.00441315863281, -0.00626879511401, -0.000308544375002, 0.0134844705462, -0.00652281148359, 0.00246359780431, -0.00481274072081, 0.00558121921495, -0.00471511762589], [-0.000299885927234, 0.00126078003086, -0.00209679175168, 0.00455188145861, -0.00781501457095, 0.00823134649545, -0.00684007350355, -0.00652281148359, 0.0269783530384, -0.0184713918716, 0.00820188876241, -0.00455999281257, 0.00235495972447], [0.000243879752816, 0.000477102497825, 0.00148635020014, -0.00468047941104, 0.00791031867266, -0.00657950621098, 0.00412807334214, 0.00246359780431, -0.0184713918716, 0.0342641025782, -0.0198636781424, 0.00645044026896, -0.00272619281895], [-2.20675865421e-05, -0.00183144700713, -0.0015793624334, 0.00512073561549, -0.0093589592725, 0.00513281812891, 0.00151169847231, -0.00481274072081, 0.00820188876241, -0.0198636781424, 0.0373868383467, -0.0228914916515, 0.00283599249087], [2.66271922555e-06, 0.00252799247392, 0.00157426530495, -0.00566867180169, 0.00545488251373, -0.00454001082107, -0.00290208915249, 0.00558121921495, -0.00455999281257, 0.00645044026896, -0.0228914916515, 0.0355874896049, -0.0115631315857], [-9.70378550846e-06, -0.000615421915427, -0.00207989686169, 0.00387542345561, -0.00341681693681, 0.00261331605725, 0.00156260246877, -0.00471511762589, 0.00235495972447, -0.00272619281895, 0.00283599249087, -0.0115631315857, 0.0220509376377]], "cov": [[23457.9746094, -786.07220459, -1380.54333496, 1286.52282715, 872.108154297, 402.239715576, 972.671936035, 35.2652549744, 404.085845947, -64.1576843262, -92.4940185547, 230.959350586, -259.938842773], [-786.07220459, 1646.07897949, 317.678649902, -524.564880371, 66.6840896606, 4.96174621582, -25.7441177368, -35.9897842407, -82.0329360962, -96.3300857544, 38.7432441711, -163.368011475, 77.8250808716], [-1380.54333496, 317.678649902, 635.450683594, 26.2245979309, -37.2192001343, 140.971282959, -47.2290496826, 87.7931900024, -27.8481845856, 27.6854686737, 34.656703949, -6.56334638596, 61.7302742004], [1286.52282715, -524.564880371, 26.2245979309, 536.5, 133.692520142, 141.644317627, 88.8684463501, 109.031097412, 54.4818153381, 64.728805542, 16.3116436005, 105.300140381, -29.6402130127], [872.108154297, 66.6840896606, -37.2192001343, 133.692520142, 278.043731689, 100.18560791, 117.368385315, 27.2341365814, 63.7725067139, 9.75757408142, 51.2147064209, 36.4894218445, 10.8975448608], [402.239715576, 4.96174621582, 140.971282959, 141.644317627, 100.18560791, 271.516235352, 41.6185798645, 111.36542511, -5.3755979538, 33.8594284058, 28.1724586487, 36.7893295288, 13.3566379547], [972.671936035, -25.7441177368, -47.2290496826, 88.8684463501, 117.368385315, 41.6185798645, 225.664916992, 26.7177028656, 82.9354629517, -0.477167546749, 2.8672273159, 28.2341022491, -11.8675355911], [35.2652549744, -35.9897842407, 87.7931900024, 109.031097412, 27.2341365814, 111.36542511, 26.7177028656, 156.009384155, 31.2075157166, 40.6327400208, 25.0680580139, 23.4957866669, 21.4049472809], [404.085845947, -82.0329360962, -27.8481845856, 54.4818153381, 63.7725067139, -5.3755979538, 82.9354629517, 31.2075157166, 113.306228638, 48.1889801025, 23.0160274506, 28.6542186737, 2.92386579514], [-64.1576843262, -96.3300857544, 27.6854686737, 64.728805542, 9.75757408142, 33.8594284058, -0.477167546749, 40.6327400208, 48.1889801025, 88.9508514404, 50.4560203552, 39.7014274597, 14.9203367233], [-92.4940185547, 38.7432441711, 34.656703949, 16.3116436005, 51.2147064209, 28.1724586487, 2.8672273159, 25.0680580139, 23.0160274506, 50.4560203552, 92.0403900146, 53.5119438171, 31.2000713348], [230.959350586, -163.368011475, -6.56334638596, 105.300140381, 36.4894218445, 36.7893295288, 28.2341022491, 23.4957866669, 28.6542186737, 39.7014274597, 53.5119438171, 93.3803710938, 24.6671485901], [-259.938842773, 77.8250808716, 61.7302742004, -29.6402130127, 10.8975448608, 13.3566379547, -11.8675355911, 21.4049472809, 2.92386579514, 14.9203367233, 31.2000713348, 24.6671485901, 74.4172973633]]}, "spectral_flux": {"min": 5.28096188646e-06, "max": 0.673946619034, "dvar2": 0.00651304936036, "median": 0.109147846699, "dmean2": 0.0622549541295, "dmean": 0.0406604744494, "var": 0.00842332374305, "dvar": 0.00301164155826, "mean": 0.130938068032}, "silence_rate_30dB": {"min": 0, "max": 1, "dvar2": 0.176716476679, "median": 1, "dmean2": 0.191518470645, "dmean": 0.0957483202219, "var": 0.193321242929, "dvar": 0.0865748524666, "mean": 0.738089799881}, "spectral_energyband_middle_high": {"min": 4.3669074975e-13, "max": 0.0423540249467, "dvar2": 1.32689501697e-05, "median": 0.0020293360576, "dmean2": 0.00233614328317, "dmean": 0.00160444516223, "var": 2.30569421547e-05, "dvar": 6.41608630758e-06, "mean": 0.00383675796911}, "barkbands_spread": {"min": 0.25713288784, "max": 118.578552246, "dvar2": 103.170166016, "median": 10.6107177734, "dmean2": 7.6760430336, "dmean": 5.18200016022, "var": 209.620132446, "dvar": 49.9182052612, "mean": 15.7123193741}, "spectral_centroid": {"min": 107.52130127, "max": 3807.47802734, "dvar2": 109854.765625, "median": 673.891113281, "dmean2": 282.980010986, "dmean": 198.431167603, "var": 368046.1875, "dvar": 61702.8515625, "mean": 883.713745117}, "pitch_salience": {"min": 0.0646301656961, "max": 0.906308472157, "dvar2": 0.016837393865, "median": 0.495258748531, "dmean2": 0.137323126197, "dmean": 0.085818938911, "var": 0.0227221418172, "dvar": 0.00657260604203, "mean": 0.483507782221}, "erbbands_skewness": {"min": -3.46806240082, "max": 9.87481498718, "dvar2": 0.413923203945, "median": 0.41158413887, "dmean2": 0.643699228764, "dmean": 0.411727666855, "var": 0.876176416874, "dvar": 0.171621635556, "mean": 0.481842339039}, "erbbands_crest": {"min": 2.24323105812, "max": 29.5301704407, "dvar2": 14.8602218628, "median": 7.19080066681, "dmean2": 4.20495033264, "dmean": 2.57069945335, "var": 16.1049423218, "dvar": 5.8901309967, "mean": 8.1607837677}, "melbands": {"min": [2.39516988803e-15, 5.83555619835e-16, 1.17407194467e-15, 1.18702636069e-15, 7.40120925108e-16, 1.07142298641e-15, 1.20468858583e-15, 2.05737441921e-15, 3.97014040905e-15, 5.14319718474e-15, 4.52679309781e-15, 4.98993843139e-15, 2.84845427579e-15, 3.10972794112e-15, 5.2957520537e-15, 6.26635736708e-15, 8.01681956225e-15, 5.99796947203e-15, 3.05411451066e-15, 3.01947425125e-15, 3.75880695926e-15, 2.8260311961e-15, 8.02859173203e-16, 4.45822398079e-16, 7.23380748274e-16, 1.4361979369e-15, 1.56365659607e-15, 6.06900165499e-16, 1.3256372674e-15, 1.31488757226e-15, 3.13510504822e-15, 4.02265518123e-15, 6.99706982079e-15, 5.34216988273e-15, 5.36111504514e-15, 2.04411644776e-15, 1.41228630268e-15, 1.10892791125e-15, 7.47005291266e-16, 1.10511128667e-15], "max": [0.198946669698, 0.0604282468557, 0.0199804902077, 0.0198475196958, 0.0169594157487, 0.0204889830202, 0.00867246743292, 0.0100189177319, 0.00655563687906, 0.00634745648131, 0.00585889536887, 0.00225722114556, 0.0025960826315, 0.00198301370256, 0.00196354044601, 0.00171211978886, 0.00449478859082, 0.0010739506688, 0.000635362055618, 0.000699175754562, 0.000511811173055, 0.00062592793256, 0.000759341928642, 0.000408693274949, 0.00053151458269, 0.000504677707795, 0.000329271133523, 0.000144574325532, 9.83563877526e-05, 5.80786690989e-05, 7.62226482038e-05, 0.000208821409615, 4.62529133074e-05, 3.41852610291e-05, 2.57890460489e-05, 1.84679283848e-05, 1.34344591061e-05, 1.33424127853e-05, 1.33213698064e-05, 3.82853204428e-06], "dvar2": [0.000614366494119, 6.31486691418e-05, 5.13172290084e-06, 3.59948830919e-06, 7.7719124647e-07, 8.12142047835e-07, 4.07232306543e-07, 2.65893845608e-07, 2.29518889228e-07, 1.62089122568e-07, 8.09486309095e-08, 3.92420282935e-08, 2.25397585041e-08, 1.27857058274e-08, 1.32040378631e-08, 1.10086402216e-08, 1.41933478304e-08, 2.55276222383e-09, 3.30549876359e-09, 2.66147215378e-09, 1.77648740163e-09, 1.51121226644e-09, 1.0709636511e-09, 5.75190894914e-10, 6.56521226272e-10, 1.49393231119e-09, 2.94246432775e-10, 8.45877257127e-11, 5.17659075328e-11, 3.74566731798e-11, 5.26459778549e-11, 2.10696474157e-10, 1.85999479707e-11, 5.88380863129e-12, 1.06449649442e-11, 4.38815780587e-12, 1.42343341974e-12, 2.21159093643e-12, 2.65325977335e-12, 8.70318425075e-14], "median": [0.00593467708677, 0.00204956997186, 0.00083865178749, 0.000537572312169, 0.000277371436823, 0.000214240819332, 0.000147112994455, 9.66900624917e-05, 8.08095937828e-05, 8.76060075825e-05, 6.59084616927e-05, 4.50231018476e-05, 2.91147080134e-05, 2.52656645898e-05, 2.52816753346e-05, 1.89920247067e-05, 1.07743080662e-05, 7.84047188063e-06, 7.21394280845e-06, 5.85726775171e-06, 4.1232519834e-06, 3.61560728379e-06, 2.45211003858e-06, 1.6259715494e-06, 1.84301677564e-06, 1.7663556946e-06, 1.0055985058e-06, 8.25504116619e-07, 6.80840116729e-07, 5.65279606235e-07, 5.76363390792e-07, 5.29945509697e-07, 3.19613377542e-07, 1.88113887134e-07, 1.50300223822e-07, 1.06109112608e-07, 7.78679734026e-08, 5.8904632283e-08, 4.2377894971e-08, 1.91612272715e-08], "dmean2": [0.010791439563, 0.00399881508201, 0.00146972946823, 0.00114094035234, 0.00052589335246, 0.00046968497918, 0.000331172574079, 0.000216745800572, 0.000204256983125, 0.000194728112547, 0.00013793472317, 0.000109548556793, 7.1452181146e-05, 5.57386701985e-05, 5.87871727475e-05, 4.75128690596e-05, 2.9049704608e-05, 2.41274083237e-05, 2.58723175648e-05, 2.25609019253e-05, 1.77827405423e-05, 1.48673025251e-05, 1.17328600027e-05, 1.00257566373e-05, 9.68474796537e-06, 1.21707025755e-05, 5.35988056072e-06, 3.34252399625e-06, 2.73189925792e-06, 2.59501439359e-06, 2.9175664622e-06, 3.98973361371e-06, 1.55919269673e-06, 9.37011293445e-07, 1.13364956178e-06, 7.30473743715e-07, 4.8515630624e-07, 5.04216870922e-07, 4.90346167226e-07, 1.15933111999e-07], "dmean": [0.00704573187977, 0.00246747676283, 0.000903933425434, 0.000709678337444, 0.000328214111505, 0.000293267861707, 0.000203987554414, 0.000131886801682, 0.000125417194795, 0.000117985116958, 8.29431010061e-05, 6.64795661578e-05, 4.43906101282e-05, 3.47255227098e-05, 3.64964580513e-05, 2.93249613605e-05, 1.80891402124e-05, 1.51793419718e-05, 1.6123693058e-05, 1.36177059176e-05, 1.13292981041e-05, 9.84334837995e-06, 7.75496937422e-06, 6.5019912654e-06, 6.43732346362e-06, 7.89999739936e-06, 3.67409711544e-06, 2.2596011604e-06, 1.85234375749e-06, 1.74066030922e-06, 1.97963231585e-06, 2.67552786681e-06, 1.07913535885e-06, 6.72624480558e-07, 7.17360649105e-07, 4.77845105706e-07, 3.39705536589e-07, 3.24417072761e-07, 3.04497092429e-07, 7.83477602795e-08], "var": [0.000343244173564, 3.35551849275e-05, 3.05399771605e-06, 2.34729895965e-06, 6.59980685214e-07, 8.66669040533e-07, 2.86564301177e-07, 1.34528676199e-07, 1.44579473726e-07, 1.26687538682e-07, 3.88244671967e-08, 2.42356748004e-08, 1.67937077578e-08, 1.02991748463e-08, 1.01319379553e-08, 6.51796527862e-09, 7.38560368418e-09, 2.17207118958e-09, 2.18261408946e-09, 1.48902479236e-09, 1.31795241387e-09, 1.22038013028e-09, 9.21247411689e-10, 5.12951292553e-10, 6.37693398087e-10, 9.32483534832e-10, 2.82353640468e-10, 9.0196190794e-11, 5.36822114539e-11, 4.33621992479e-11, 5.87031881438e-11, 1.18421897288e-10, 1.75204087349e-11, 8.38304165668e-12, 8.05608010856e-12, 3.5948756992e-12, 1.79405524724e-12, 1.61023614147e-12, 1.45505417611e-12, 7.18256563167e-14], "dvar": [0.000253961450653, 2.48113374255e-05, 1.97527378987e-06, 1.43453814871e-06, 3.31438400281e-07, 3.51484288785e-07, 1.60354815648e-07, 9.76947447384e-08, 9.56922647788e-08, 6.7989724073e-08, 2.99874969301e-08, 1.53897339317e-08, 9.29543020334e-09, 5.26192556194e-09, 5.5867825921e-09, 4.48737225156e-09, 5.38870770228e-09, 1.06301334402e-09, 1.30384358865e-09, 1.0214278312e-09, 7.68731300838e-10, 6.45494324658e-10, 4.85235573944e-10, 2.55484328138e-10, 3.07292968849e-10, 6.24790608139e-10, 1.44871323271e-10, 4.03749707278e-11, 2.49481997561e-11, 1.75283086656e-11, 2.54248497256e-11, 9.02274713277e-11, 8.7093457446e-12, 3.20708737345e-12, 4.38654798249e-12, 1.85822342756e-12, 7.42361575858e-13, 9.21218071444e-13, 1.02292729409e-12, 4.31360777989e-14], "mean": [0.0119130769745, 0.0039543826133, 0.00140350870788, 0.00106772442814, 0.000515703868587, 0.000470422091894, 0.000316309422487, 0.000192471765331, 0.000182613322977, 0.000184036704013, 0.000125538688735, 9.84387734206e-05, 6.78904689266e-05, 5.6217519159e-05, 5.79803599976e-05, 4.32578744949e-05, 2.85882051685e-05, 2.43201502599e-05, 2.44100065174e-05, 1.93242412934e-05, 1.73391890712e-05, 1.59484534379e-05, 1.20354234241e-05, 9.78531897999e-06, 9.92339937511e-06, 1.1491357327e-05, 5.95445544604e-06, 3.9986439333e-06, 3.19136279359e-06, 2.92793720291e-06, 3.21420316141e-06, 3.6043579712e-06, 1.69924737747e-06, 1.15508350973e-06, 1.08970550627e-06, 7.43215025523e-07, 5.25292023212e-07, 4.48616788162e-07, 3.7626554672e-07, 9.53264489567e-08]}, "spectral_entropy": {"min": 4.52543640137, "max": 8.82907485962, "dvar2": 0.17320547998, "median": 7.47726917267, "dmean2": 0.374946892262, "dmean": 0.246200338006, "var": 0.36040610075, "dvar": 0.0751425847411, "mean": 7.33886575699}, "spectral_rolloff": {"min": 21.533203125, "max": 22028.4667969, "dvar2": 119783128, "median": 1205.859375, "dmean2": 7077.78564453, "dmean": 3712.73266602, "var": 96970808, "dvar": 51936948, "mean": 8273.90429688}, "barkbands": {"min": [1.6104169864e-14, 3.14769682826e-15, 1.92463800363e-15, 2.40062901537e-15, 4.82391827967e-15, 5.01587839189e-15, 8.10285100464e-15, 1.29053736556e-14, 3.48948978436e-14, 3.68701922292e-14, 2.03867633631e-14, 2.81728918081e-14, 6.31085285484e-14, 8.94387781067e-14, 4.3095254199e-14, 5.26960202904e-14, 4.29295576138e-14, 1.10516784729e-14, 3.33706518907e-14, 3.08021396746e-14, 8.05712240632e-14, 2.78049176565e-13, 2.59198370232e-13, 1.10991057111e-13, 1.04049025797e-13, 3.43318120244e-13, 6.75418054819e-13], "max": [0.464961409569, 0.558035850525, 0.093076646328, 0.0476346760988, 0.0740508139133, 0.0875889137387, 0.0368016920984, 0.0363698899746, 0.0505695566535, 0.0309408903122, 0.0193122383207, 0.0199668537825, 0.0213047098368, 0.0376381278038, 0.00737503729761, 0.00955128390342, 0.0133511740714, 0.00884976424277, 0.0101217161864, 0.00599217182025, 0.00257860729471, 0.00545334862545, 0.00140760093927, 0.00103677285369, 0.000324226886733, 0.000831698649563, 0.0162340588868], "dvar2": [0.00229497696273, 0.00418866565451, 0.000102553822217, 2.39274595515e-05, 5.85220368521e-05, 1.73281277966e-05, 7.89671594248e-06, 5.26695021108e-06, 8.87799978955e-06, 3.0398182389e-06, 1.20076924759e-06, 1.13822102321e-06, 1.14352735636e-06, 1.07387108983e-06, 4.83899668779e-07, 5.32116644081e-07, 4.70160387067e-07, 2.07269351904e-07, 5.83950111377e-07, 1.13121600975e-07, 5.77067851282e-08, 1.72572654833e-07, 2.16618474269e-08, 1.36796129979e-08, 6.78728129255e-10, 1.08274589294e-08, 4.30874251833e-07], "median": [0.00489005213603, 0.014353428036, 0.00216925051063, 0.00120417610742, 0.00249690096825, 0.00108729628846, 0.000640370184556, 0.000406585721066, 0.000619403435849, 0.000381151970942, 0.000202926807106, 0.000215388718061, 0.000206359400181, 0.00010424334323, 9.79453761829e-05, 7.06080463715e-05, 6.28603738733e-05, 3.59848563676e-05, 4.63521573693e-05, 2.79247324215e-05, 2.51492892858e-05, 2.30868608924e-05, 9.08080346562e-06, 5.7647948779e-06, 2.1863713755e-06, 8.32042860566e-06, 0.000144934267155], "dmean2": [0.0211672969162, 0.029451996088, 0.00543603487313, 0.00308131217025, 0.00479635037482, 0.00225352332927, 0.00149374920875, 0.00101693009492, 0.00138270179741, 0.000903509848285, 0.00052282679826, 0.000515044608619, 0.000511500053108, 0.000289796851575, 0.000333169213263, 0.000304027635138, 0.000254077604041, 0.000189726284589, 0.000266350747552, 0.000113021043944, 0.00010369267693, 0.000128157815197, 5.51089979126e-05, 4.13642264903e-05, 1.18429879876e-05, 3.86608298868e-05, 0.000253548263572], "dmean": [0.013686911203, 0.0186542998999, 0.00324904266745, 0.00186749000568, 0.00299683492631, 0.00140634924173, 0.000911460199859, 0.000617130193859, 0.000842627079692, 0.000547130475752, 0.000321842642734, 0.000320159510011, 0.000317381287459, 0.000181292285561, 0.000208261975786, 0.000186914796359, 0.000169098959304, 0.000126174258185, 0.000178647256689, 7.74060681579e-05, 7.23134435248e-05, 8.93661635928e-05, 3.68857326976e-05, 2.76415212284e-05, 8.05826766737e-06, 2.49897020694e-05, 0.000177161753527], "var": [0.00182847562246, 0.00220743450336, 3.92647598346e-05, 1.30549806272e-05, 4.16587317886e-05, 1.74694087036e-05, 5.13964960192e-06, 2.77438834928e-06, 6.83878488417e-06, 1.56910743954e-06, 8.53182768878e-07, 9.27829830744e-07, 7.34237403321e-07, 6.10615018104e-07, 3.54527514901e-07, 3.2158192198e-07, 3.70092976709e-07, 2.20502229809e-07, 4.9598759233e-07, 1.22970902794e-07, 8.13366582975e-08, 1.32582854917e-07, 2.37994211005e-08, 1.22853442974e-08, 7.35309646505e-10, 7.39297734142e-09, 6.90993772423e-07], "dvar": [0.00109451636672, 0.00171858456451, 3.74161791115e-05, 9.21416358324e-06, 2.32564889302e-05, 7.47879585106e-06, 3.04505101667e-06, 2.04770071832e-06, 3.75862941837e-06, 1.1443709127e-06, 4.9570127203e-07, 4.73543678936e-07, 4.7863210284e-07, 4.14387955061e-07, 1.92254901776e-07, 2.11873853573e-07, 1.98583833821e-07, 9.83093713103e-08, 2.6272306286e-07, 5.74063356851e-08, 2.95168209874e-08, 7.96998520514e-08, 1.02600417051e-08, 6.08979666694e-09, 3.65620478338e-10, 4.33706270897e-09, 2.13945867245e-07], "mean": [0.01972665824, 0.0306460801512, 0.00412177341059, 0.00248042144813, 0.00474118674174, 0.00223548943177, 0.00137154012918, 0.00085761921946, 0.00130869518034, 0.00079812068725, 0.000478848029161, 0.000509722798597, 0.000469420861918, 0.000285506452201, 0.000326795474393, 0.00026773251011, 0.000275587924989, 0.000201331975404, 0.000278190593235, 0.000136257178383, 0.000127520106616, 0.000134192348924, 6.1512721004e-05, 4.13559209846e-05, 1.04167211248e-05, 4.21353906859e-05, 0.000498758163303]}, "melbands_flatness_db": {"min": 0.0208231173456, "max": 0.685426533222, "dvar2": 0.0033358396031, "median": 0.294747292995, "dmean2": 0.0603498108685, "dmean": 0.0406047254801, "var": 0.00769008882344, "dvar": 0.00143821001984, "mean": 0.295538425446}, "melbands_skewness": {"min": -1.66456091404, "max": 21.4226341248, "dvar2": 3.22183680534, "median": 3.05763244629, "dmean2": 1.59339559078, "dmean": 1.03749251366, "var": 4.82065486908, "dvar": 1.3270560503, "mean": 3.5621547699}, "barkbands_skewness": {"min": -1.54472696781, "max": 18.6581287384, "dvar2": 2.12277913094, "median": 2.73197317123, "dmean2": 1.35769212246, "dmean": 0.895863354206, "var": 3.41668462753, "dvar": 0.899324715137, "mean": 3.08353543282}, "silence_rate_60dB": {"min": 0, "max": 1, "dvar2": 0.0231679510325, "median": 0, "dmean2": 0.020861832425, "dmean": 0.0104867210612, "var": 0.0594516247511, "dvar": 0.0103748273104, "mean": 0.0634830147028}, "spectral_energyband_low": {"min": 1.3110900271e-14, "max": 0.632072627544, "dvar2": 0.00538159813732, "median": 0.0279262047261, "dmean2": 0.036440230906, "dmean": 0.0250997710973, "var": 0.0045813289471, "dvar": 0.00248556630686, "mean": 0.0492590144277}, "spectral_energyband_middle_low": {"min": 7.56309416678e-14, "max": 0.105060234666, "dvar2": 0.00014553424262, "median": 0.0100124729797, "dmean2": 0.00889723468572, "dmean": 0.00563170481473, "var": 0.000144693345646, "dvar": 5.76829188503e-05, "mean": 0.0132386842743}, "melbands_kurtosis": {"min": -1.68285953999, "max": 905.623413086, "dvar2": 2268.98291016, "median": 13.3403463364, "dmean2": 23.2428340912, "dmean": 14.5890789032, "var": 1527.58630371, "dvar": 899.898620605, "mean": 25.8481464386}, "spectral_decrease": {"min": -1.72487929717e-07, "max": 6.82577416811e-09, "dvar2": 4.11901904915e-16, "median": -1.02934967217e-08, "dmean2": 1.14621743208e-08, "dmean": 7.80946329826e-09, "var": 4.41622994015e-16, "dvar": 1.98073678397e-16, "mean": -1.66347415842e-08}, "erbbands_kurtosis": {"min": -1.59745705128, "max": 134.801147461, "dvar2": 43.5264511108, "median": 0.384169816971, "dmean2": 2.46164727211, "dmean": 1.4876486063, "var": 37.1103591919, "dvar": 15.7224988937, "mean": 1.56277430058}, "melbands_crest": {"min": 2.84456062317, "max": 38.9266090393, "dvar2": 35.2913589478, "median": 19.396156311, "dmean2": 6.59448575974, "dmean": 4.1600522995, "var": 57.9642906189, "dvar": 14.5406141281, "mean": 19.9969615936}, "melbands_spread": {"min": 0.0820359662175, "max": 133.763092041, "dvar2": 85.8458404541, "median": 7.82955265045, "dmean2": 6.20712995529, "dmean": 4.15553808212, "var": 116.420791626, "dvar": 39.6469573975, "mean": 10.9569129944}, "spectral_energy": {"min": 2.66268170707e-12, "max": 0.66089874506, "dvar2": 0.00582190137357, "median": 0.0559969097376, "dmean2": 0.0437245629728, "dmean": 0.0299667306244, "var": 0.00708373263478, "dvar": 0.00282857450657, "mean": 0.0799715593457}, "mfcc": {"mean": [-683.803283691, 161.768417358, 8.27289962769, 25.2000770569, 1.90757715702, 13.6152944565, 2.75509786606, 8.35453891754, 1.95432567596, 4.28677749634, 2.0473446846, 2.32653856277, -0.240594938397], "icov": [[0.000132223707624, -4.98760564369e-05, 0.000183736847248, -0.000258568412391, 1.74299202627e-05, -0.000270796241239, 0.000138680610689, -0.000362055463484, 0.000132202505483, -0.000216621134314, 9.71378321992e-05, -0.000123671037727, 8.18270345917e-05], [-4.98760564369e-05, 0.000618244986981, -0.00016606436111, 0.000590156007092, 2.00052340915e-06, 8.60461368575e-05, -0.000741448719054, 0.000610233226325, -0.000439770432422, 0.000477077905089, -0.000317041238304, 0.000168036334799, -2.66523820756e-05], [0.000183736847248, -0.00016606436111, 0.00209449836984, -0.000369928573491, -0.000527803378645, 0.000170766244992, -0.000784376694355, 0.00018942214956, -0.000480750371935, -0.00022429189994, -0.000362683553249, 0.000481001596199, 0.000114162314276], [-0.000258568412391, 0.000590156007092, -0.000369928573491, 0.00520338583738, -0.000820317538455, -0.000826935458463, 0.00135099305771, -0.00144418713171, 0.000353006704245, -0.000384734943509, -0.0013964837417, 0.00031229769229, -5.48024145246e-05], [1.74299202627e-05, 2.00052340915e-06, -0.000527803378645, -0.000820317538455, 0.00684341788292, -0.0013357559219, -0.00332332216203, 0.00118071190082, -0.00119732250459, 0.00159756408539, 6.01090141572e-05, -0.00240489258431, -0.00124697061256], [-0.000270796241239, 8.60461368575e-05, 0.000170766244992, -0.000826935458463, -0.0013357559219, 0.0106476712972, -0.00350189069286, -0.00145664613228, 0.00179645558819, -0.0025277948007, 0.00133596907835, -0.000890647701453, -0.000216332540731], [0.000138680610689, -0.000741448719054, -0.000784376694355, 0.00135099305771, -0.00332332216203, -0.00350189069286, 0.018279209733, -0.0100281527266, -0.000548765296116, 0.00252956571057, -0.00240459479392, 0.00228435965255, -0.00299784727395], [-0.000362055463484, 0.000610233226325, 0.00018942214956, -0.00144418713171, 0.00118071190082, -0.00145664613228, -0.0100281527266, 0.0194587036967, -0.00720297265798, -0.000407502957387, 0.000925139989704, -0.00270902714692, 0.00203183596022], [0.000132202505483, -0.000439770432422, -0.000480750371935, 0.000353006704245, -0.00119732250459, 0.00179645558819, -0.000548765296116, -0.00720297265798, 0.0258278455585, -0.0159350242466, 3.91529247281e-05, 0.0059425747022, -0.00358768645674], [-0.000216621134314, 0.000477077905089, -0.00022429189994, -0.000384734943509, 0.00159756408539, -0.0025277948007, 0.00252956571057, -0.000407502957387, -0.0159350242466, 0.0292298551649, -0.00764283770695, -0.00640574097633, 0.00529563846067], [9.71378321992e-05, -0.000317041238304, -0.000362683553249, -0.0013964837417, 6.01090141572e-05, 0.00133596907835, -0.00240459479392, 0.000925139989704, 3.91529247281e-05, -0.00764283770695, 0.0228670146316, -0.00869969837368, 0.00138403195888], [-0.000123671037727, 0.000168036334799, 0.000481001596199, 0.00031229769229, -0.00240489258431, -0.000890647701453, 0.00228435965255, -0.00270902714692, 0.0059425747022, -0.00640574097633, -0.00869969837368, 0.0340201631188, -0.0202524289489], [8.18270345917e-05, -2.66523820756e-05, 0.000114162314276, -5.48024145246e-05, -0.00124697061256, -0.000216332540731, -0.00299784727395, 0.00203183596022, -0.00358768645674, 0.00529563846067, 0.00138403195888, -0.0202524289489, 0.0327851139009]], "cov": [[13811.2568359, -648.745422363, -1051.9140625, 958.300354004, 157.809677124, 659.569580078, 185.258285522, 580.316223145, 165.289993286, 314.927368164, 114.694580078, 215.382644653, 57.0218658447], [-648.745422363, 2184.70678711, 236.78944397, -312.325866699, 39.6430854797, -50.1097145081, 105.190788269, -61.0435066223, 9.89447593689, -62.361869812, 0.170659914613, -33.1437683105, 7.30208730698], [-1051.9140625, 236.78944397, 638.675109863, -37.9693565369, 76.4382019043, -20.2799701691, 62.565284729, -1.53228545189, 30.6198768616, -0.340997815132, 18.6282787323, -10.7334194183, 5.10891675949], [958.300354004, -312.325866699, -37.9693565369, 318.426422119, 50.6956596375, 80.628868103, 17.6445007324, 76.3843460083, 26.6896343231, 47.8195915222, 31.9635848999, 32.4436683655, 11.2472705841], [157.809677124, 39.6430854797, 76.4382019043, 50.6956596375, 228.015197754, 69.78540802, 85.8554763794, 50.0520820618, 23.9407939911, 9.88377380371, 23.4143199921, 42.112159729, 39.3874778748], [659.569580078, -50.1097145081, -20.2799701691, 80.628868103, 69.78540802, 163.907562256, 69.0336380005, 74.8014907837, 24.4533309937, 33.0149803162, 17.0495452881, 30.6392726898, 19.4811763763], [185.258285522, 105.190788269, 62.565284729, 17.6445007324, 85.8554763794, 69.0336380005, 137.081695557, 84.577545166, 36.0988197327, 16.5477733612, 21.4838294983, 20.9705410004, 23.7734375], [580.316223145, -61.0435066223, -1.53228545189, 76.3843460083, 50.0520820618, 74.8014907837, 84.577545166, 138.514816284, 55.8543968201, 44.3582954407, 23.7088985443, 25.5007190704, 13.8805465698], [165.289993286, 9.89447593689, 30.6198768616, 26.6896343231, 23.9407939911, 24.4533309937, 36.0988197327, 55.8543968201, 85.8465499878, 53.5074996948, 22.092218399, 8.09202194214, 5.26219701767], [314.927368164, -62.361869812, -0.340997815132, 47.8195915222, 9.88377380371, 33.0149803162, 16.5477733612, 44.3582954407, 53.5074996948, 81.9440078735, 34.0588188171, 21.6895847321, 3.18206572533], [114.694580078, 0.170659914613, 18.6282787323, 31.9635848999, 23.4143199921, 17.0495452881, 21.4838294983, 23.7088985443, 22.092218399, 34.0588188171, 67.9546127319, 30.855682373, 14.3086395264], [215.382644653, -33.1437683105, -10.7334194183, 32.4436683655, 42.112159729, 30.6392726898, 20.9705410004, 25.5007190704, 8.09202194214, 21.6895847321, 30.855682373, 69.3016052246, 40.5574913025], [57.0218658447, 7.30208730698, 5.10891675949, 11.2472705841, 39.3874778748, 19.4811763763, 23.7734375, 13.8805465698, 5.26219701767, 3.18206572533, 14.3086395264, 40.5574913025, 57.8179931641]]}, "spectral_contrast_valleys": {"min": [-18.9177417755, -18.42370224, -17.7357883453, -17.7202663422, -18.263010025, -19.4189720154], "max": [-4.50851345062, -4.6646270752, -5.15260457993, -5.51309776306, -5.46976947784, -8.40640449524], "dvar2": [0.334806442261, 0.239562824368, 0.211446538568, 0.299703150988, 0.470351397991, 0.66873717308], "median": [-6.31329917908, -6.281042099, -6.8677110672, -7.4918680191, -7.73094940186, -10.6139554977], "dmean2": [0.679705381393, 0.608532190323, 0.532621979713, 0.543626904488, 0.624510765076, 0.851407468319], "dmean": [0.423369139433, 0.373151957989, 0.335832893848, 0.355192452669, 0.424121558666, 0.555248498917], "var": [2.84473633766, 1.84463977814, 2.10837697983, 2.29084324837, 2.55498147011, 1.9719632864], "dvar": [0.144028797746, 0.0946471169591, 0.0900342166424, 0.13826392591, 0.214276194572, 0.26846075058], "mean": [-6.77326488495, -6.53240585327, -7.15803337097, -7.77109909058, -8.02726459503, -10.8727970123]}, "barkbands_flatness_db": {"min": 0.0213010516018, "max": 0.55682259798, "dvar2": 0.002456612885, "median": 0.17949321866, "dmean2": 0.0515189617872, "dmean": 0.0342457070947, "var": 0.00518280966207, "dvar": 0.00104452844243, "mean": 0.183684051037}, "dynamic_complexity": 3.77416539192, "spectral_skewness": {"min": 0.800361454487, "max": 12.7606887817, "dvar2": 1.45091080666, "median": 2.64979076385, "dmean2": 0.832862794399, "dmean": 0.54561394453, "var": 1.60209143162, "dvar": 0.605445146561, "mean": 2.97806882858}, "erbbands_flatness_db": {"min": 0.0341268219054, "max": 0.420535862446, "dvar2": 0.00147635804024, "median": 0.127217561007, "dmean2": 0.0371781811118, "dmean": 0.0243950169533, "var": 0.00309175252914, "dvar": 0.000633919029497, "mean": 0.138512790203}, "hfc": {"min": 2.92980555372e-08, "max": 1281.70532227, "dvar2": 10570.7080078, "median"