{"lowlevel": {"spectral_complexity": {"min": 0, "max": 32, "dvar2": 3.84868717194, "median": 6, "dmean2": 1.75335013866, "dmean": 1.08000004292, "var": 18.2869224548, "dvar": 1.83631300926, "mean": 6.72529602051}, "silence_rate_20dB": {"min": 1, "max": 1, "dvar2": 0, "median": 1, "dmean2": 0, "dmean": 0, "var": 0, "dvar": 0, "mean": 1}, "average_loudness": 0.480536997318, "erbbands_spread": {"min": 0.868704915047, "max": 188.041519165, "dvar2": 164.918380737, "median": 15.2359981537, "dmean2": 7.36741638184, "dmean": 4.76439380646, "var": 226.361465454, "dvar": 75.817779541, "mean": 18.619020462}, "spectral_kurtosis": {"min": -1.24169790745, "max": 146.179290771, "dvar2": 153.350646973, "median": 15.3980979919, "dmean2": 10.9873256683, "dmean": 6.79252719879, "var": 275.176605225, "dvar": 61.7962799072, "mean": 20.4253120422}, "barkbands_kurtosis": {"min": -1.95857393742, "max": 285.63848877, "dvar2": 332.737365723, "median": 12.0526580811, "dmean2": 11.9524459839, "dmean": 7.8357424736, "var": 480.133514404, "dvar": 153.310119629, "mean": 18.4237880707}, "spectral_strongpeak": {"min": 0, "max": 7.35553264618, "dvar2": 0.359180510044, "median": 0.429335296154, "dmean2": 0.390442401171, "dmean": 0.240455925465, "var": 0.568791508675, "dvar": 0.144585132599, "mean": 0.679214477539}, "spectral_spread": {"min": 849892.9375, "max": 44476144, "dvar2": 1362291064830.0, "median": 2924311, "dmean2": 812522.6875, "dmean": 537372.6875, "var": 2787964616700.0, "dvar": 945213079552, "mean": 3203209.25}, "spectral_rms": {"min": 3.1984820608e-12, "max": 0.0146313663572, "dvar2": 1.31647971102e-06, "median": 0.00328581104986, "dmean2": 0.000938517099712, "dmean": 0.000651533424389, "var": 5.94688799538e-06, "dvar": 6.98117617048e-07, "mean": 0.00377423758619}, "erbbands": {"min": [3.4069910425e-22, 3.86997136207e-21, 1.7472602318e-20, 3.44142063816e-20, 8.22839659171e-20, 8.07270569079e-20, 1.78951465313e-19, 2.08355693987e-19, 2.67066970538e-19, 3.86290321683e-19, 7.60255859034e-19, 3.80027194428e-19, 1.38951071087e-18, 9.80197341949e-19, 1.54413765072e-18, 1.93780831048e-18, 5.75844595843e-18, 3.08950097632e-18, 3.20743687254e-18, 6.59668597577e-18, 5.95590844631e-18, 8.58971231445e-18, 1.00846816258e-17, 8.75287451746e-18, 1.25115840481e-17, 1.46618805823e-17, 1.6111547693e-17, 1.42598261368e-17, 1.65111288684e-17, 1.66880247511e-17, 1.14279046537e-17, 1.05965533965e-17, 1.80921009752e-17, 1.41344867673e-17, 1.03728084855e-17, 5.13931946791e-18, 2.91058594573e-18, 1.17802234173e-18, 3.45302695151e-19, 3.85245508559e-20], "max": [2.65699243546, 16.449174881, 49.5400238037, 292.784667969, 358.137786865, 361.055084229, 811.963989258, 511.951568604, 417.203063965, 956.42388916, 546.566711426, 854.067871094, 345.142700195, 1428.12536621, 1275.26916504, 278.248779297, 159.954711914, 326.312652588, 351.067230225, 225.484863281, 109.761230469, 103.202903748, 42.1482620239, 125.995063782, 276.589141846, 232.241836548, 85.5844497681, 82.1811752319, 255.637435913, 136.997161865, 179.427780151, 98.0251541138, 69.4682312012, 49.4671440125, 34.3441429138, 9.01291656494, 0.995337247849, 0.165062725544, 0.0312754623592, 0.00186613074038], "dvar2": [0.0426025800407, 1.08411335945, 28.1001281738, 185.627288818, 529.554016113, 635.981262207, 2276.52270508, 820.924438477, 693.70880127, 3392.94628906, 537.692443848, 978.076721191, 485.719268799, 2349.57104492, 2339.51831055, 79.5483932495, 54.6204948425, 105.01499939, 125.435775757, 39.874961853, 23.0953121185, 13.0496149063, 6.07475185394, 20.3202056885, 80.1231002808, 79.469543457, 8.57380104065, 7.36392450333, 92.9985427856, 19.1269207001, 17.5714111328, 6.70510721207, 5.72215223312, 2.13340330124, 0.549380540848, 0.0539163798094, 0.00161247153301, 4.23381643486e-05, 1.30620935579e-06, 2.50106158006e-09], "median": [0.00484432885423, 0.139620169997, 1.31152451038, 2.51293706894, 3.69396710396, 4.59400129318, 8.28030776978, 2.88199830055, 3.25032377243, 4.09893751144, 1.58904802799, 1.02855587006, 0.72500872612, 1.028008461, 1.13878262043, 0.658232212067, 0.285525262356, 0.274855256081, 0.180508926511, 0.17967531085, 0.211374282837, 0.163857698441, 0.119211807847, 0.086234562099, 0.0819972455502, 0.0591414235532, 0.0367351807654, 0.0310765933245, 0.0276771038771, 0.0282018128783, 0.0301206912845, 0.0209970772266, 0.018212845549, 0.00562419509515, 0.00112117698882, 0.000506295473315, 0.000222770511755, 9.12986870389e-05, 1.44977702803e-05, 1.331997737e-05], "dmean2": [0.0694804042578, 0.47656956315, 2.61742520332, 5.47478628159, 9.60785007477, 10.871635437, 17.9877052307, 10.6689739227, 8.89975452423, 16.8845119476, 6.41107797623, 7.90113353729, 5.1784529686, 7.64722919464, 8.23023509979, 2.60854911804, 1.60047268867, 2.40453577042, 1.98246204853, 1.30362582207, 1.2148938179, 0.876344621181, 0.622937858105, 0.813031792641, 0.863160789013, 0.825361669064, 0.40185970068, 0.344204485416, 0.759790301323, 0.636702418327, 0.506281018257, 0.317965567112, 0.351341843605, 0.180396065116, 0.0583736896515, 0.0227069444954, 0.00524060288444, 0.000813529943116, 0.000124342317577, 1.49214174598e-05], "dmean": [0.0408309362829, 0.28890016675, 1.5674020052, 4.01138067245, 6.78901720047, 7.19960021973, 11.590675354, 6.94206857681, 5.79668951035, 11.6441764832, 4.50708341599, 5.62570428848, 3.4670817852, 4.8132019043, 5.44088459015, 1.73998582363, 1.07734680176, 1.70705509186, 1.42498755455, 0.85241818428, 0.786656200886, 0.561565935612, 0.411222219467, 0.550365030766, 0.572644889355, 0.547592937946, 0.269876748323, 0.227672457695, 0.476387143135, 0.420705676079, 0.335508048534, 0.226952776313, 0.237397700548, 0.119219698012, 0.0381589904428, 0.015820030123, 0.00363573501818, 0.000564630085137, 8.37808402139e-05, 1.03525235318e-05], "var": [0.0197805091739, 0.979647278786, 23.4669113159, 333.290649414, 686.544006348, 1233.41308594, 4674.00390625, 2164.65991211, 804.142456055, 4921.13671875, 860.213623047, 4566.43164062, 623.191467285, 1903.80822754, 2344.45410156, 114.34349823, 53.8029022217, 203.750366211, 256.557983398, 68.9732666016, 28.4552993774, 14.632806778, 6.88691520691, 20.5439243317, 31.2196044922, 35.8467407227, 6.11260890961, 3.18708896637, 44.0132293701, 23.1165084839, 16.849407196, 4.73660087585, 4.89253473282, 1.66569137573, 0.637460768223, 0.0473532937467, 0.0014716287842, 3.05263856717e-05, 6.62398633722e-07, 3.55851037526e-09], "dvar": [0.0160819236189, 0.403361171484, 10.022693634, 111.65713501, 267.32333374, 298.190765381, 965.617553711, 341.00994873, 295.926696777, 1625.5793457, 273.641357422, 553.798950195, 197.366668701, 964.264648438, 934.86505127, 38.246887207, 23.4365062714, 54.1766014099, 64.8873291016, 18.7134284973, 9.72631835938, 5.51965999603, 2.53511214256, 8.76949596405, 28.9741859436, 28.9966316223, 3.60570645332, 2.82778382301, 34.9093856812, 10.6742153168, 10.4167575836, 3.28560876846, 2.75165820122, 0.957612276077, 0.311170727015, 0.0253675151616, 0.000787647091784, 1.95778357011e-05, 5.27094925928e-07, 1.32331934299e-09], "mean": [0.0433632992208, 0.450350403786, 3.08124470711, 8.0463809967, 13.357336998, 18.0078678131, 30.7330493927, 18.7539424896, 13.0037784576, 25.7370414734, 11.0747499466, 17.1648979187, 7.88273906708, 9.31144618988, 10.8091287613, 4.43049955368, 2.5190975666, 3.92338991165, 3.17413926125, 1.73586702347, 1.59894394875, 1.12233936787, 0.92581319809, 1.11991465092, 1.09601354599, 0.871142923832, 0.458051383495, 0.356346964836, 0.624107778072, 0.710119903088, 0.543189048767, 0.341618776321, 0.365286767483, 0.185002893209, 0.0610859654844, 0.024438155815, 0.00598967634141, 0.000925721076783, 0.000140382064274, 3.03791603073e-05]}, "zerocrossingrate": {"min": 0.0029296875, "max": 0.51513671875, "dvar2": 0.000113672540465, "median": 0.01513671875, "dmean2": 0.00472766999155, "dmean": 0.00390454335138, "var": 0.000362694147043, "dvar": 0.000123970807181, "mean": 0.0190361440182}, "spectral_contrast_coeffs": {"min": [-0.988797068596, -0.963695585728, -0.960847258568, -0.986666142941, -0.979741096497, -0.961570084095], "max": [-0.268088459969, -0.387992203236, -0.476516872644, -0.590403437614, -0.607931554317, -0.634277641773], "dvar2": [0.00414372934029, 0.00302798510529, 0.00165450049099, 0.00107537524309, 0.000707917381078, 0.000409783155192], "median": [-0.570331931114, -0.659197390079, -0.75075674057, -0.798347294331, -0.798099756241, -0.815731227398], "dmean2": [0.0797106772661, 0.0618535242975, 0.0468386411667, 0.0386268757284, 0.0297334417701, 0.0214974973351], "dmean": [0.0497529618442, 0.0388846509159, 0.0302747227252, 0.0248713232577, 0.0201725848019, 0.0143487686291], "var": [0.010112340562, 0.00717787537724, 0.00575298210606, 0.00373796815984, 0.00300144101493, 0.00168141466565], "dvar": [0.00175936869346, 0.00128844415303, 0.000754735141527, 0.000493739265949, 0.000364900450222, 0.000204349955311], "mean": [-0.57027900219, -0.657234609127, -0.744458019733, -0.792605340481, -0.794813930988, -0.812317788601]}, "dissonance": {"min": 0.154394760728, "max": 0.499999970198, "dvar2": 0.00306952488609, "median": 0.397188663483, "dmean2": 0.0620804987848, "dmean": 0.0370036140084, "var": 0.00344616081566, "dvar": 0.00114262825809, "mean": 0.389369666576}, "spectral_energyband_high": {"min": 7.59245900587e-21, "max": 0.0101270657033, "dvar2": 1.97448770223e-07, "median": 6.39148720438e-06, "dmean2": 7.32579937903e-05, "dmean": 5.23273338331e-05, "var": 2.18196532842e-07, "dvar": 1.00875048759e-07, "mean": 9.2866277555e-05}, "gfcc": {"mean": [-147.028915405, 147.827438354, -63.9217948914, 16.8523025513, -58.606388092, 1.51658833027, -39.322467804, -6.45938205719, -22.2943611145, -13.6191320419, -8.44557952881, -5.07194137573, -12.3260974884], "icov": [[0.000152749213157, -0.000127250095829, 0.000415707676439, -0.000224616116611, 0.000375963369152, -0.000482199480757, 0.000378145225113, -0.000323558138916, 0.000132198809297, -3.6282093788e-05, 0.000113310175948, 0.000169568578713, 6.08996560914e-05], [-0.000127250095829, 0.00506627839059, -0.00102284469176, 0.00362136773765, -0.00367997097783, 0.00355992745608, -0.00393474427983, 0.00330843846314, -0.0039906646125, 0.00326999695972, -0.00364582100883, 0.00190515455324, -0.00188440876082], [0.000415707676439, -0.00102284469176, 0.00291227828711, -0.00141334754881, 0.00162179907784, -0.0016444401117, 0.00132960674819, -0.000646081345621, 0.000794070481788, -0.000125044665765, 0.000222909133299, -0.000441139767645, 0.000324466294842], [-0.000224616116611, 0.00362136773765, -0.00141334754881, 0.0057406919077, -0.00379460887052, 0.00249487231486, -0.00252632773481, 0.00196504383348, -0.00334687600844, 0.00211634207517, -0.00148280081339, 0.00171976548154, -0.00258325273171], [0.000375963369152, -0.00367997097783, 0.00162179907784, -0.00379460887052, 0.00760725140572, -0.00369126955047, 0.00175451789983, -0.00139942893293, 0.000755294924602, -0.0011567955371, 0.000859613413922, -8.16511601442e-05, 0.00146580731962], [-0.000482199480757, 0.00355992745608, -0.0016444401117, 0.00249487231486, -0.00369126955047, 0.00944190938026, -0.00466406717896, 0.00183502794243, -0.00217425567098, 0.00179492728785, -0.00155923352577, 0.00145635730587, -0.0012269722065], [0.000378145225113, -0.00393474427983, 0.00132960674819, -0.00252632773481, 0.00175451789983, -0.00466406717896, 0.0123273618519, -0.00379868736491, 0.00336564122699, -0.0039402609691, 0.000788520963397, 0.000271803583018, 0.00174493168015], [-0.000323558138916, 0.00330843846314, -0.000646081345621, 0.00196504383348, -0.00139942893293, 0.00183502794243, -0.00379868736491, 0.0131370630115, -0.00585025222972, 0.00110334041528, -0.00252827815711, -0.000737780297641, -0.00157436577138], [0.000132198809297, -0.0039906646125, 0.000794070481788, -0.00334687600844, 0.000755294924602, -0.00217425567098, 0.00336564122699, -0.00585025222972, 0.0159143768251, -0.00442082993686, 0.00301490235142, -0.00276924506761, 0.00222486420535], [-3.6282093788e-05, 0.00326999695972, -0.000125044665765, 0.00211634207517, -0.0011567955371, 0.00179492728785, -0.0039402609691, 0.00110334041528, -0.00442082993686, 0.0111989285797, -0.00443337671459, -0.000930293404963, -0.00116803194396], [0.000113310175948, -0.00364582100883, 0.000222909133299, -0.00148280081339, 0.000859613413922, -0.00155923352577, 0.000788520963397, -0.00252827815711, 0.00301490235142, -0.00443337671459, 0.0183627828956, -0.00585597520694, 0.000366214924725], [0.000169568578713, 0.00190515455324, -0.000441139767645, 0.00171976548154, -8.16511601442e-05, 0.00145635730587, 0.000271803583018, -0.000737780297641, -0.00276924506761, -0.000930293404963, -0.00585597520694, 0.0140576548874, -0.00461931712925], [6.08996560914e-05, -0.00188440876082, 0.000324466294842, -0.00258325273171, 0.00146580731962, -0.0012269722065, 0.00174493168015, -0.00157436577138, 0.00222486420535, -0.00116803194396, 0.000366214924725, -0.00461931712925, 0.0133554534987]], "cov": [[15984.4042969, -1660.52722168, -1861.18664551, 215.789489746, -629.171447754, 554.429504395, -318.213989258, 317.25881958, -101.802024841, -27.1981487274, -332.476135254, -282.524902344, -95.2836151123], [-1660.52722168, 1014.11077881, 129.250640869, -223.50062561, 286.356567383, -130.204269409, 140.368591309, -112.861724854, 64.4695053101, -81.6484832764, 106.688819885, -28.1802520752, -1.2983134985], [-1861.18664551, 129.250640869, 648.914733887, 52.6100006104, 12.1752643585, -24.6794204712, 5.53982496262, -33.9415969849, 1.86878561974, -15.5283584595, 34.6015930176, 41.4084014893, 24.5099487305], [215.789489746, -223.50062561, 52.6100006104, 398.334747314, 83.5825653076, 34.9876213074, -7.46085166931, 17.2126197815, 27.5678768158, -7.22934770584, -24.7258033752, -17.0202407837, 29.8608951569], [-629.171447754, 286.356567383, 12.1752643585, 83.5825653076, 322.641662598, 24.2545623779, 62.1960754395, -26.1059188843, 43.8689231873, -22.2846813202, 26.7650852203, -27.5181732178, -4.75116634369], [554.429504395, -130.204269409, -24.6794204712, 34.9876213074, 24.2545623779, 188.794677734, 29.2553577423, 18.233499527, -2.3046374321, 4.04104089737, -15.5475301743, -22.0861225128, -6.99816846848], [-318.213989258, 140.368591309, 5.53982496262, -7.46085166931, 62.1960754395, 29.2553577423, 142.297424316, 9.28062725067, 11.83116436, 24.4240283966, 26.1401786804, -5.66423368454, -4.46802186966], [317.25881958, -112.861724854, -33.9415969849, 17.2126197815, -26.1059188843, 18.233499527, 9.28062725067, 121.710838318, 32.5686645508, 36.0269927979, 8.89186286926, 28.8902359009, 11.9319858551], [-101.802024841, 64.4695053101, 1.86878561974, 27.5678768158, 43.8689231873, -2.3046374321, 11.83116436, 32.5686645508, 100.944869995, 29.1564769745, 14.2318716049, 20.3746643066, 4.50501537323], [-27.1981487274, -81.6484832764, -15.5283584595, -7.22934770584, -22.2846813202, 4.04104089737, 24.4240283966, 36.0269927979, 29.1564769745, 146.918563843, 34.3367958069, 47.3177833557, 14.8720293045], [-332.476135254, 106.688819885, 34.6015930176, -24.7258033752, 26.7650852203, -15.5475301743, 26.1401786804, 8.89186286926, 14.2318716049, 34.3367958069, 92.7409820557, 44.9655303955, 17.8548603058], [-282.524902344, -28.1802520752, 41.4084014893, -17.0202407837, -27.5181732178, -22.0861225128, -5.66423368454, 28.8902359009, 20.3746643066, 47.3177833557, 44.9655303955, 124.788978577, 40.8233795166], [-95.2836151123, -1.2983134985, 24.5099487305, 29.8608951569, -4.75116634369, -6.99816846848, -4.46802186966, 11.9319858551, 4.50501537323, 14.8720293045, 17.8548603058, 40.8233795166, 96.3566360474]]}, "spectral_flux": {"min": 1.02401385982e-10, "max": 0.321418464184, "dvar2": 0.00155515037477, "median": 0.0365721583366, "dmean2": 0.0310792457312, "dmean": 0.019495960325, "var": 0.00167407060508, "dvar": 0.00066404370591, "mean": 0.0486899055541}, "silence_rate_30dB": {"min": 0, "max": 1, "dvar2": 0.016119427979, "median": 1, "dmean2": 0.0139832980931, "dmean": 0.00699029117823, "var": 0.00865982286632, "dvar": 0.00694177625701, "mean": 0.99126380682}, "spectral_energyband_middle_high": {"min": 1.40504573711e-21, "max": 0.0435799695551, "dvar2": 4.6103555178e-06, "median": 0.000136485105031, "dmean2": 0.00050002412172, "dmean": 0.000329223577864, "var": 6.75867386235e-06, "dvar": 1.83206122983e-06, "mean": 0.000899069767911}, "barkbands_spread": {"min": 0.239707246423, "max": 107.172981262, "dvar2": 19.4716835022, "median": 3.45140624046, "dmean2": 2.25202775002, "dmean": 1.52661180496, "var": 48.4095458984, "dvar": 13.0425777435, "mean": 5.04695224762}, "spectral_centroid": {"min": 136.648727417, "max": 11148.5830078, "dvar2": 57590.2304688, "median": 318.903289795, "dmean2": 84.8018875122, "dmean": 59.1314697266, "var": 98637.3984375, "dvar": 44230.4023438, "mean": 382.678924561}, "pitch_salience": {"min": 0.0760616362095, "max": 0.809540092945, "dvar2": 0.0118016898632, "median": 0.513237953186, "dmean2": 0.115520678461, "dmean": 0.0704655125737, "var": 0.0132960528135, "dvar": 0.00441085454077, "mean": 0.509765744209}, "erbbands_skewness": {"min": -3.16430830956, "max": 10.3675308228, "dvar2": 0.499516695738, "median": 1.74812424183, "dmean2": 0.667854607105, "dmean": 0.442208737135, "var": 1.38466525078, "dvar": 0.231862396002, "mean": 1.8512711525}, "erbbands_crest": {"min": 2.92532992363, "max": 30.3869762421, "dvar2": 14.0367593765, "median": 12.4956474304, "dmean2": 3.90081739426, "dmean": 2.44782161713, "var": 22.9148216248, "dvar": 5.69981575012, "mean": 13.2668685913}, "melbands": {"min": [3.68514912481e-24, 7.79495075238e-24, 7.27804096676e-24, 6.52506849956e-24, 6.49720514353e-24, 4.83811154185e-24, 4.00092422872e-24, 3.90444811773e-24, 6.98559366312e-24, 2.0584280081e-24, 6.95077413162e-24, 3.28201674756e-24, 5.20111890359e-24, 5.64882941617e-24, 7.32551619376e-24, 1.30104983164e-23, 4.62280063524e-24, 3.59842096803e-24, 1.0602654231e-23, 5.48082768134e-24, 7.3081541541e-24, 8.89003089493e-24, 9.19186406562e-24, 9.18580403615e-24, 6.22044749443e-24, 6.78148221478e-24, 1.26175375116e-23, 8.23487639111e-24, 8.63310836443e-24, 6.88859690393e-24, 6.69357944411e-24, 8.56630131208e-24, 1.05537582656e-23, 7.7218911885e-24, 6.08628039825e-24, 5.79538202299e-24, 6.4371101142e-24, 1.21141456465e-23, 1.32342374129e-23, 1.13431461299e-23], "max": [0.0188510026783, 0.0253007505089, 0.0591627247632, 0.0210170187056, 0.0218644309789, 0.0126995816827, 0.00650096405298, 0.00991093646735, 0.00532875722274, 0.00457961438224, 0.00171249872074, 0.00634566973895, 0.00560494977981, 0.000737085822038, 0.000782805553172, 0.000391949201003, 0.000750023173168, 0.000612150994129, 0.000356241944246, 0.000223705035751, 0.000137180992169, 0.000131427921588, 4.38701790699e-05, 6.88680374878e-05, 0.000118600262795, 0.000172893080162, 0.000145929385326, 0.000210964339203, 7.2910428571e-05, 1.74711112777e-05, 7.20360330888e-05, 0.000225145427976, 0.000125333463075, 6.35311080259e-05, 0.000134742484079, 0.000109649343358, 5.00602218381e-05, 6.88755244482e-05, 5.59356085432e-05, 3.80359961127e-05], "dvar2": [2.1804885364e-06, 4.79852405988e-06, 8.0792560766e-06, 1.56256305672e-06, 2.22344328904e-06, 5.56500936e-07, 2.06756823218e-07, 3.08879407385e-07, 4.39947314135e-08, 3.19071205013e-08, 1.3078267358e-08, 4.31192255235e-08, 5.1628560982e-08, 7.1503769572e-10, 7.62338914218e-10, 2.75601985678e-10, 5.25602728008e-10, 4.13768741492e-10, 1.62012278593e-10, 2.99583101382e-11, 3.58350293883e-11, 2.05796976682e-11, 9.05803470425e-12, 7.46748496372e-12, 1.84979410262e-11, 4.0562629644e-11, 2.33752305706e-11, 5.85736945058e-11, 5.64569051231e-12, 7.79225208664e-13, 5.14731790177e-12, 5.71560472562e-11, 1.44474163535e-11, 5.52847307864e-12, 9.32957010258e-12, 6.76018832926e-12, 2.35164123417e-12, 3.7875692166e-12, 4.24442382282e-12, 1.49895059472e-12], "median": [8.05483505246e-05, 0.000515870109666, 0.000522901420482, 0.000327355432091, 0.000300184678053, 6.04352608207e-05, 5.22900882061e-05, 3.95835195377e-05, 9.18494879443e-06, 5.45997363588e-06, 2.96603502647e-06, 3.83333053833e-06, 3.33631874128e-06, 2.41848920268e-06, 6.93970093835e-07, 4.99587258673e-07, 4.70130942176e-07, 2.44841857011e-07, 2.54670226241e-07, 1.97417122649e-07, 2.27482232162e-07, 1.54829962185e-07, 1.2608678901e-07, 7.35721101819e-08, 5.90798805433e-08, 5.33290389626e-08, 4.6288878508e-08, 3.22676996234e-08, 2.0180953797e-08, 1.72478582527e-08, 1.58786601645e-08, 1.35635875864e-08, 1.46835237302e-08, 1.40628024781e-08, 1.70501799346e-08, 1.31595614405e-08, 1.12719256151e-08, 1.32210962178e-08, 8.29853519235e-09, 2.82543743957e-09], "dmean2": [0.000566883711144, 0.00108033663128, 0.00115087837912, 0.000636584765743, 0.000617915065959, 0.000262503919657, 0.000155181027367, 0.000163264281582, 5.36567749805e-05, 4.66744895675e-05, 2.58083946392e-05, 3.08692542603e-05, 3.61860111298e-05, 9.20452657738e-06, 4.86216822537e-06, 3.59152886631e-06, 4.98494091516e-06, 3.70829320673e-06, 2.21194500227e-06, 1.36816163376e-06, 1.47222453961e-06, 1.0279777598e-06, 7.5963407653e-07, 5.47956517494e-07, 7.39749850709e-07, 7.63514776736e-07, 5.6546872429e-07, 6.09180233369e-07, 3.08847660335e-07, 1.74847201606e-07, 2.30042900284e-07, 4.69568277595e-07, 4.08890997505e-07, 3.53317233248e-07, 3.32289488369e-07, 2.39629542875e-07, 1.96634545091e-07, 2.73200384981e-07, 2.43498561758e-07, 1.37572214953e-07], "dmean": [0.00034183767275, 0.000650730566122, 0.000844567490276, 0.000431609252701, 0.000399619573727, 0.000169834325789, 0.000101274366898, 0.000113008034532, 3.74621122319e-05, 3.30705188389e-05, 1.71590017999e-05, 1.96259716176e-05, 2.35744919337e-05, 6.3107358983e-06, 3.20156004818e-06, 2.39951236836e-06, 3.57018188879e-06, 2.7224398309e-06, 1.44409432323e-06, 8.95982225302e-07, 9.45809858877e-07, 6.49356366011e-07, 4.81524807583e-07, 3.60898837926e-07, 4.95102540299e-07, 4.90058653213e-07, 3.91719169102e-07, 3.96303249772e-07, 2.00717110488e-07, 1.15372614573e-07, 1.50936742216e-07, 2.83000417767e-07, 2.77099672985e-07, 2.33667435623e-07, 2.20273747686e-07, 1.65294707699e-07, 1.38069808031e-07, 1.82333792509e-07, 1.53107365009e-07, 9.10126587428e-08], "var": [1.20063646136e-06, 4.20450396632e-06, 1.34055935632e-05, 3.27632437802e-06, 4.4927928684e-06, 1.23992106182e-06, 2.24940421845e-07, 4.52314196764e-07, 8.07688778082e-08, 1.39507179142e-07, 1.56500910009e-08, 3.31484031335e-08, 5.12304296763e-08, 1.6892657273e-09, 5.43965872346e-10, 2.54369802999e-10, 9.73566116613e-10, 9.4467511591e-10, 2.01756042428e-10, 4.72131812812e-11, 4.44223199891e-11, 2.13196890697e-11, 7.12535022304e-12, 6.40533849919e-12, 1.66889956715e-11, 1.65900713306e-11, 1.5821913224e-11, 2.11743990397e-11, 3.89725708302e-12, 5.01552792354e-13, 1.778772225e-12, 1.82876561117e-11, 1.59794243809e-11, 5.01552055096e-12, 7.41766023604e-12, 3.53227841941e-12, 1.59314683841e-12, 2.74660329203e-12, 2.24571099564e-12, 1.1389356255e-12], "dvar": [8.46920670483e-07, 1.74146396148e-06, 4.78847641716e-06, 7.32763396627e-07, 9.64056880548e-07, 2.19404654445e-07, 8.71191332408e-08, 1.50801071186e-07, 2.18718980705e-08, 1.78373209536e-08, 5.2403321682e-09, 1.7759566262e-08, 1.97603657881e-08, 3.69816177681e-10, 3.34107685962e-10, 1.18986293041e-10, 2.68327166042e-10, 2.29443963828e-10, 6.6464889148e-11, 1.54468347835e-11, 1.52267937842e-11, 8.37734135534e-12, 3.58338424038e-12, 3.12365584787e-12, 7.86762582167e-12, 1.41313167765e-11, 1.01633814212e-11, 2.03997183729e-11, 2.36028731282e-12, 3.3156588369e-13, 1.94246637004e-12, 2.08585475281e-11, 6.59324417979e-12, 2.8718932614e-12, 5.10016161248e-12, 3.0576329229e-12, 1.1021744498e-12, 1.69929814577e-12, 1.79886205758e-12, 6.58667077044e-13], "mean": [0.000434151763329, 0.00122387951706, 0.00164861872327, 0.00106017722283, 0.00106542662252, 0.000444385019364, 0.000219244262553, 0.000251139630564, 9.43474660744e-05, 9.76623923634e-05, 3.63102117262e-05, 3.64621373592e-05, 4.47077800345e-05, 1.60494091688e-05, 6.7215519266e-06, 4.89374133394e-06, 7.87861063145e-06, 5.78770550419e-06, 2.81363577415e-06, 1.67398263784e-06, 1.86687816495e-06, 1.18466414278e-06, 9.12172140488e-07, 7.42216514027e-07, 9.30533019528e-07, 9.07247795112e-07, 6.63406979129e-07, 5.67287884223e-07, 3.19409281246e-07, 1.8408607616e-07, 2.13239133018e-07, 3.33622324433e-07, 4.18798606461e-07, 3.78312734028e-07, 3.3098299923e-07, 2.30956473501e-07, 2.046331673e-07, 2.62951942887e-07, 2.27204338898e-07, 1.35991271577e-07]}, "spectral_entropy": {"min": 4.11526107788, "max": 9.79388332367, "dvar2": 0.155382663012, "median": 6.0409526825, "dmean2": 0.357109844685, "dmean": 0.238048657775, "var": 0.402257502079, "dvar": 0.0743684098125, "mean": 6.06873989105}, "spectral_rolloff": {"min": 43.06640625, "max": 19401.4160156, "dvar2": 417404.84375, "median": 322.998046875, "dmean2": 154.966323853, "dmean": 93.8084716797, "var": 467948.40625, "dvar": 291678, "mean": 426.354431152}, "barkbands": {"min": [9.21673684996e-24, 1.55092736094e-23, 1.47529895041e-23, 6.8938680725e-24, 3.11491762737e-23, 2.78503335175e-23, 2.63002439268e-23, 2.02077828034e-23, 1.05648338727e-23, 3.82248578522e-23, 4.02823648652e-23, 5.16850557939e-23, 1.24196721062e-22, 3.47132372217e-23, 1.2256642956e-22, 7.00755618181e-23, 1.61341606246e-22, 1.84454296758e-22, 2.13645722213e-22, 3.02150639877e-22, 4.04442826681e-22, 5.02216519193e-22, 3.413363524e-22, 8.01795447276e-22, 1.28895923822e-21, 1.47053689373e-21, 2.56254475122e-21], "max": [0.0156608261168, 0.0692296549678, 0.045062109828, 0.179441392422, 0.0736360102892, 0.0872187912464, 0.0375127233565, 0.03711739555, 0.031523540616, 0.0387005805969, 0.0346102043986, 0.0070669981651, 0.00395334837958, 0.00794086325914, 0.00552835175768, 0.00157810165547, 0.00151672086213, 0.00127775606234, 0.00426159892231, 0.00429408112541, 0.000636803160887, 0.00611914601177, 0.00510184140876, 0.00305430893786, 0.00457717711106, 0.00101403903682, 0.000172981512151], "dvar2": [4.80331800645e-06, 2.09528116102e-05, 2.01847651624e-05, 6.92589528626e-05, 3.69770823454e-05, 3.01704440062e-05, 8.22505626275e-06, 1.86248223599e-06, 1.76650257799e-06, 1.63162474109e-06, 2.41381303567e-06, 5.79938443934e-08, 3.32792851054e-08, 5.48231113839e-08, 3.82917875186e-08, 6.46314868291e-09, 4.08056255452e-09, 2.96229596408e-09, 2.69163997757e-08, 2.67412705313e-08, 1.43328382496e-09, 5.58688526553e-08, 1.59505617603e-08, 1.69356155766e-08, 1.12588587342e-08, 1.00693808847e-09, 4.03758484979e-11], "median": [1.38539362524e-05, 0.000412483350374, 0.00122680654749, 0.000746019009966, 0.00172541919164, 0.000472558487672, 0.000285564252408, 7.17402945156e-05, 3.6069410271e-05, 2.43980484811e-05, 1.49662191689e-05, 1.8923479729e-05, 5.04751824337e-06, 4.79094705952e-06, 3.66166841559e-06, 3.00608303405e-06, 2.73893374469e-06, 1.62465346421e-06, 1.62133085269e-06, 1.20896663702e-06, 7.82802146659e-07, 8.35525383991e-07, 1.00544934867e-06, 1.12249813355e-06, 2.96670094713e-07, 1.29636319457e-07, 5.44161764537e-08], "dmean2": [0.000746649049688, 0.00199682335369, 0.00227383268066, 0.0031127370894, 0.00301485625096, 0.00175337900873, 0.000951563124545, 0.000355264346581, 0.000348705652868, 0.000198295616428, 0.000253085192526, 7.52866471885e-05, 3.85778403142e-05, 5.23563467141e-05, 3.27056586684e-05, 2.10185371543e-05, 1.67486923601e-05, 1.16297060231e-05, 2.02419723792e-05, 1.6587699065e-05, 7.48487673263e-06, 2.13002476812e-05, 1.7214077161e-05, 1.86512916116e-05, 1.14275808301e-05, 3.65270898328e-06, 6.86545604367e-07], "dmean": [0.000440952251665, 0.00121393962763, 0.00135636108462, 0.00233085989021, 0.00200075889006, 0.00112166185863, 0.000634418509435, 0.000250574201345, 0.000239819899434, 0.00012719098595, 0.000161664371262, 5.10771751578e-05, 2.54570477409e-05, 3.8113714254e-05, 2.18487220991e-05, 1.36085145641e-05, 1.05395483843e-05, 7.57643738325e-06, 1.28653200591e-05, 1.12464467747e-05, 5.07903860125e-06, 1.37112947414e-05, 1.1424756849e-05, 1.2920514564e-05, 7.64151718613e-06, 2.5149299745e-06, 4.6492260708e-07], "var": [1.84279554105e-06, 1.57743033924e-05, 1.66922654898e-05, 0.000116895258543, 7.14870766387e-05, 5.36176012247e-05, 9.69046323007e-06, 2.53962366514e-06, 6.4308637775e-06, 1.18331217891e-06, 2.44684406425e-06, 1.04884591678e-07, 2.93650224137e-08, 1.42654428714e-07, 5.73647298552e-08, 7.1164616422e-09, 4.15257028763e-09, 2.41394793044e-09, 1.14904041837e-08, 1.49029215635e-08, 1.13176257255e-09, 3.31145564303e-08, 1.6080466736e-08, 1.33838051752e-08, 1.18542029526e-08, 8.85932494032e-10, 2.08510309713e-11], "dvar": [1.88707508642e-06, 7.9620112956e-06, 7.21877586329e-06, 4.22176162829e-05, 1.67190264619e-05, 1.12355728561e-05, 3.53200266545e-06, 9.5775533282e-07, 9.14899715099e-07, 6.62464572088e-07, 8.91472382136e-07, 2.93296924525e-08, 1.44635556865e-08, 3.03261487034e-08, 1.70841740754e-08, 2.7778421785e-09, 1.66450619954e-09, 1.17023990498e-09, 9.52034362456e-09, 1.02159161131e-08, 6.37846664375e-10, 2.17819735582e-08, 9.39945632439e-09, 8.08843925171e-09, 5.87969894994e-09, 4.71395700252e-10, 1.63744851012e-11], "mean": [0.000433832756244, 0.0017464319244, 0.00270720687695, 0.0041075530462, 0.00515496218577, 0.00291830347851, 0.00137431814801, 0.000529143610038, 0.000691567431204, 0.000238341439399, 0.000300852902001, 0.000125264297822, 5.15456231369e-05, 8.8586792117e-05, 4.25432881457e-05, 2.49329350481e-05, 1.93530449906e-05, 1.59173268912e-05, 2.41906600422e-05, 1.81172490556e-05, 8.67551534611e-06, 1.90602058865e-05, 1.91266190086e-05, 1.98311317945e-05, 1.21321991173e-05, 4.03717194786e-06, 7.44966826005e-07]}, "melbands_flatness_db": {"min": 0.00490944320336, "max": 0.663401722908, "dvar2": 0.00202044704929, "median": 0.37172421813, "dmean2": 0.0412806682289, "dmean": 0.0274912416935, "var": 0.00627831323072, "dvar": 0.000914156262297, "mean": 0.370278567076}, "melbands_skewness": {"min": -1.13482344151, "max": 18.0174064636, "dvar2": 1.93604052067, "median": 2.48443317413, "dmean2": 1.14298462868, "dmean": 0.742060899734, "var": 3.23806285858, "dvar": 0.837541997433, "mean": 2.79197597504}, "barkbands_skewness": {"min": -2.00667762756, "max": 14.1957406998, "dvar2": 1.3145660162, "median": 2.20282649994, "dmean2": 1.06096887589, "dmean": 0.688186526299, "var": 2.46183991432, "dvar": 0.587067246437, "mean": 2.43865299225}, "silence_rate_60dB": {"min": 0, "max": 1, "dvar2": 0.0998020023108, "median": 0, "dmean2": 0.0986599326134, "dmean": 0.0493203885853, "var": 0.171136960387, "dvar": 0.0468843691051, "mean": 0.219180747867}, "spectral_energyband_low": {"min": 4.30234766506e-23, "max": 0.125521630049, "dvar2": 8.0654033809e-05, "median": 0.00300355372019, "dmean2": 0.00493468809873, "dmean": 0.00315153668635, "var": 8.88342256076e-05, "dvar": 3.37352175848e-05, "mean": 0.00646403245628}, "spectral_energyband_middle_low": {"min": 2.4760018884e-22, "max": 0.209130883217, "dvar2": 0.000163388831425, "median": 0.00635772012174, "dmean2": 0.00700814509764, "dmean": 0.00490624783561, "var": 0.000392646179534, "dvar": 8.65081674419e-05, "mean": 0.0148444911465}, "melbands_kurtosis": {"min": -1.54991543293, "max": 624.369873047, "dvar2": 1141.66601562, "median": 14.8929653168, "dmean2": 17.7300052643, "dmean": 11.4556751251, "var": 1142.08911133, "dvar": 486.94708252, "mean": 25.4842262268}, "spectral_decrease": {"min": -5.69400491202e-08, "max": 1.64528367363e-28, "dvar2": 1.65624852039e-17, "median": -2.86079515632e-09, "dmean2": 2.48397191704e-09, "dmean": 1.69873159983e-09, "var": 3.94152223626e-17, "dvar": 8.16953682332e-18, "mean": -5.32560617827e-09}, "erbbands_kurtosis": {"min": -1.91409742832, "max": 206.914459229, "dvar2": 61.4324607849, "median": 4.96833086014, "dmean2": 4.76953029633, "dmean": 3.08022713661, "var": 124.187660217, "dvar": 30.438243866, "mean": 7.78976392746}, "melbands_crest": {"min": 1.99983227253, "max": 34.7169685364, "dvar2": 24.4966182709, "median": 16.914522171, "dmean2": 5.39397287369, "dmean": 3.29741001129, "var": 29.3990211487, "dvar": 9.38319969177, "mean": 17.7328510284}, "melbands_spread": {"min": 0.308252185583, "max": 139.092544556, "dvar2": 41.6367759705, "median": 3.63125538826, "dmean2": 2.29118490219, "dmean": 1.55413734913, "var": 52.4503364563, "dvar": 24.7256240845, "mean": 5.20633411407}, "spectral_energy": {"min": 1.04860442251e-20, "max": 0.219428807497, "dvar2": 0.000245023489697, "median": 0.0110664684325, "dmean2": 0.00957799423486, "dmean": 0.00654912181199, "var": 0.000594927987549, "dvar": 0.000121065109852, "mean": 0.0206965655088}, "mfcc": {"mean": [-801.21875, 175.58972168, 47.4518241882, 20.0136947632, 9.23960018158, 0.525914728642, -3.06416916847, 1.07843124866, -10.358127594, -5.6137752533, -8.55382061005, -2.82009863853, 0.1216109097], "icov": [[0.000128158921143, 6.6416869231e-05, 0.000212588638533, 0.000117429699458, 0.000164546800079, 2.16846146941e-05, 0.000162416719832, -0.000256294937572, 0.000106015315396, -0.00035411855788, 6.29208661849e-05, 7.13610570529e-05, 0.000189635989955], [6.6416869231e-05, 0.000932564784307, 0.00014607560297, 0.000465672579594, -0.000214772095205, 0.00016275064263, -0.000386037747376, -0.000282028195215, 0.000438062619651, -0.000181736279046, 0.000503143295646, -0.000546035123989, 0.00011627394997], [0.000212588638533, 0.00014607560297, 0.00229050521739, -0.000187485740753, 0.000383595761377, -0.000131154927658, 9.36213618843e-05, -0.00054081925191, -0.000116385032015, 0.000317253230605, 0.000183929325431, 0.000772384169977, -5.32204212504e-05], [0.000117429699458, 0.000465672579594, -0.000187485740753, 0.00456201611087, -0.00182836840395, 0.000258381594904, -1.49278605477e-06, -0.000155075002112, -0.000345579173882, -0.000386545696529, 0.000963811704423, -0.00185400375631, 1.71468418557e-05], [0.000164546800079, -0.000214772095205, 0.000383595761377, -0.00182836840395, 0.00700112944469, -0.00197659595869, 0.000687688414473, -0.00221844529733, -0.000884085777216, -0.000194532025489, 4.20122305513e-05, 0.00019325602625, 0.00195699976757], [2.16846146941e-05, 0.00016275064263, -0.000131154927658, 0.000258381594904, -0.00197659595869, 0.00810557696968, -0.00337908859365, 0.000683390710037, -0.000439853261923, -0.00056679797126, -0.000785920245107, -0.00122790155001, 0.000715949980076], [0.000162416719832, -0.000386037747376, 9.36213618843e-05, -1.49278605477e-06, 0.000687688414473, -0.00337908859365, 0.00954040233046, -0.00168464984745, 0.000252155878115, -0.00187280820683, -0.000206018914469, 0.00110466545448, 0.000114670932817], [-0.000256294937572, -0.000282028195215, -0.00054081925191, -0.000155075002112, -0.00221844529733, 0.000683390710037, -0.00168464984745, 0.010571536608, -0.00184560846537, 0.000810245692264, -0.000974045600742, 0.000225675845286, -0.000848463503644], [0.000106015315396, 0.000438062619651, -0.000116385032015, -0.000345579173882, -0.000884085777216, -0.000439853261923, 0.000252155878115, -0.00184560846537, 0.0119876181707, -0.00290955230594, 0.000914670876227, -0.0013259149855, -1.52234424604e-05], [-0.00035411855788, -0.000181736279046, 0.000317253230605, -0.000386545696529, -0.000194532025489, -0.00056679797126, -0.00187280820683, 0.000810245692264, -0.00290955230594, 0.0128152947873, -0.00265686959028, 0.00221850606613, -0.00196085730568], [6.29208661849e-05, 0.000503143295646, 0.000183929325431, 0.000963811704423, 4.20122305513e-05, -0.000785920245107, -0.000206018914469, -0.000974045600742, 0.000914670876227, -0.00265686959028, 0.0108196921647, -0.00250554969534, 0.00104435067624], [7.13610570529e-05, -0.000546035123989, 0.000772384169977, -0.00185400375631, 0.00019325602625, -0.00122790155001, 0.00110466545448, 0.000225675845286, -0.0013259149855, 0.00221850606613, -0.00250554969534, 0.0113298874348, -0.00278459279798], [0.000189635989955, 0.00011627394997, -5.32204212504e-05, 1.71468418557e-05, 0.00195699976757, 0.000715949980076, 0.000114670932817, -0.000848463503644, -1.52234424604e-05, -0.00196085730568, 0.00104435067624, -0.00278459279798, 0.0102539435029]], "cov": [[12428.9765625, -588.103027344, -1065.68786621, -503.955810547, -341.152984619, -173.264541626, -153.211730957, 99.8765182495, -78.002166748, 314.041412354, 62.1554794312, -208.658905029, -143.751434326], [-588.103027344, 1254.21386719, -44.3097076416, -82.8457183838, 29.9071750641, 7.65251970291, 58.5592956543, 21.9466514587, -35.0599861145, -13.411866188, -34.7482032776, 39.3872261047, 3.10011458397], [-1065.68786621, -44.3097076416, 557.126647949, 52.758392334, 9.12746524811, 8.39159870148, 8.61895847321, 9.20951366425, 10.5096721649, -37.9765281677, -19.8107585907, -17.9937553406, 11.236987114], [-503.955810547, -82.8457183838, 52.758392334, 306.647583008, 100.052276611, 24.4512939453, 0.446829527617, 16.6301956177, 31.9743900299, -8.89992713928, -12.1993551254, 50.0453987122, 3.76764154434], [-341.152984619, 29.9071750641, 9.12746524811, 100.052276611, 219.146408081, 62.1710014343, 18.3645782471, 42.0926589966, 30.8446502686, -0.198722153902, 3.57447481155, 16.0295848846, -33.0411567688], [-173.264541626, 7.65251970291, 8.39159870148, 24.4512939453, 62.1710014343, 171.163696289, 62.7154312134, 10.874961853, 17.2947330475, 15.9199647903, 20.2460250854, 15.688627243, -15.2293205261], [-153.211730957, 58.5592956543, 8.61895847321, 0.446829527617, 18.3645782471, 62.7154312134, 139.598587036, 20.6655578613, 7.23031425476, 22.9557266235, 10.8930988312, -6.48708677292, -3.99212908745], [99.8765182495, 21.9466514587, 9.20951366425, 16.6301956177, 42.0926589966, 10.874961853, 20.6655578613, 113.487426758, 20.4800071716, 6.2711892128, 8.23542976379, 1.47149503231, -0.918920278549], [-78.002166748, -35.0599861145, 10.5096721649, 31.9743900299, 30.8446502686, 17.2947330475, 7.23031425476, 20.4800071716, 98.4661560059, 20.0836868286, 1.28817892075, 12.3025541306, 3.55711722374], [314.041412354, -13.411866188, -37.9765281677, -8.89992713928, -0.198722153902, 15.9199647903, 22.9557266235, 6.2711892128, 20.0836868286, 103.454162598, 22.3163661957, -13.3095903397, 7.27657461166], [62.1554794312, -34.7482032776, -19.8107585907, -12.1993551254, 3.57447481155, 20.2460250854, 10.8930988312, 8.23542976379, 1.28817892075, 22.3163661957, 107.150009155, 16.5609321594, -4.52037906647], [-208.658905029, 39.3872261047, -17.9937553406, 50.0453987122, 16.0295848846, 15.688627243, -6.48708677292, 1.47149503231, 12.3025541306, -13.3095903397, 16.5609321594, 117.240081787, 26.8992652893], [-143.751434326, 3.10011458397, 11.236987114, 3.76764154434, -33.0411567688, -15.2293205261, -3.99212908745, -0.918920278549, 3.55711722374, 7.27657461166, -4.52037906647, 26.8992652893, 116.69883728]]}, "spectral_contrast_valleys": {"min": [-27.1998634338, -27.0158100128, -27.093416214, -27.2043190002, -27.34623909, -27.2566413879], "max": [-5.17781734467, -5.01795959473, -5.59032440186, -6.47320270538, -6.59634590149, -8.13509082794], "dvar2": [0.446468383074, 0.354642033577, 0.279640734196, 0.296293258667, 0.290398597717, 0.388766020536], "median": [-7.80167579651, -7.78340625763, -8.85796070099, -9.83530235291, -10.2288141251, -12.3261146545], "dmean2": [0.769018471241, 0.548290193081, 0.486660838127, 0.484295666218, 0.434926837683, 0.449785977602], "dmean": [0.469162255526, 0.342696726322, 0.309739559889, 0.321340292692, 0.318595826626, 0.330951094627], "var": [1.22027599812, 1.36846637726, 1.49878919125, 1.84791469574, 1.93097746372, 2.04826021194], "dvar": [0.23672041297, 0.19639377296, 0.164609760046, 0.176790803671, 0.185932144523, 0.217692449689], "mean": [-7.89686250687, -7.87219333649, -8.93863296509, -9.88526058197, -10.1686410904, -12.1727848053]}, "barkbands_flatness_db": {"min": 0.064122416079, "max": 0.507878601551, "dvar2": 0.00161617423873, "median": 0.262722730637, "dmean2": 0.0372168160975, "dmean": 0.0243734698743, "var": 0.00415498716757, "dvar": 0.000698825635482, "mean": 0.261442959309}, "dynamic_complexity": 6.35418319702, "spectral_skewness": {"min": -0.00346629973501, "max": 10.6051998138, "dvar2": 0.665960431099, "median": 3.27765917778, "dmean2": 0.828571438789, "dmean": 0.53037917614, "var": 1.76540529728, "dvar": 0.288998693228, "mean": 3.49941039085}, "erbbands_flatness_db": {"min": 0.0690904557705, "max": 0.400873184204, "dvar2": 0.00086