{"lowlevel": {"spectral_complexity": {"min": 0, "max": 58, "dvar2": 37.8022499084, "median": 12, "dmean2": 5.49430131912, "dmean": 3.49549889565, "var": 59.621925354, "dvar": 17.6160373688, "mean": 13.4314851761}, "silence_rate_20dB": {"min": 0, "max": 1, "dvar2": 0.0719733536243, "median": 1, "dmean2": 0.0574657581747, "dmean": 0.0287301279604, "var": 0.0194294583052, "dvar": 0.0279035754502, "mean": 0.980178117752}, "average_loudness": 0.832144796848, "erbbands_spread": {"min": 0.607482612133, "max": 88.898399353, "dvar2": 148.967559814, "median": 20.1236801147, "dmean2": 11.8731660843, "dmean": 7.54366159439, "var": 168.646316528, "dvar": 62.8075752258, "mean": 22.9558372498}, "spectral_kurtosis": {"min": -1.18898916245, "max": 159.076019287, "dvar2": 473.958770752, "median": 16.835100174, "dmean2": 17.8434963226, "dmean": 10.9069671631, "var": 286.027709961, "dvar": 182.884063721, "mean": 22.2383575439}, "barkbands_kurtosis": {"min": -1.7602288723, "max": 568.702331543, "dvar2": 1391.81555176, "median": 8.86348724365, "dmean2": 18.567193985, "dmean": 11.4747886658, "var": 775.345275879, "dvar": 569.874084473, "mean": 16.9024047852}, "spectral_strongpeak": {"min": 0, "max": 94.6358108521, "dvar2": 122.542449951, "median": 0.285563528538, "dmean2": 2.86271739006, "dmean": 1.54166162014, "var": 33.3411140442, "dvar": 44.1324958801, "mean": 1.34031426907}, "spectral_spread": {"min": 722156.0625, "max": 39127640, "dvar2": 1161490464770.0, "median": 3838650.5, "dmean2": 1290646.125, "dmean": 801920.5625, "var": 1485109460990.0, "dvar": 520384970752, "mean": 3824287.75}, "spectral_rms": {"min": 4.18715195849e-08, "max": 0.0289077851921, "dvar2": 1.30072749016e-05, "median": 0.00595458829775, "dmean2": 0.00271439598873, "dmean": 0.00181239109952, "var": 1.80978277058e-05, "dvar": 6.65241805109e-06, "mean": 0.00639542704448}, "erbbands": {"min": [1.59121427514e-13, 1.94473647255e-12, 1.24071256741e-11, 3.78563291825e-11, 6.05504812956e-11, 6.87848319969e-11, 7.01018548765e-11, 9.80902511993e-11, 9.2363221238e-11, 3.65849572859e-11, 1.70017375178e-10, 5.53328771691e-10, 1.23870558255e-09, 4.27782337331e-10, 1.0976937137e-09, 5.05550490359e-10, 4.22042345516e-10, 8.01011645901e-10, 5.90577975412e-10, 2.75514477899e-09, 1.338796074e-09, 4.81931161644e-09, 2.59654853174e-09, 1.5697955158e-09, 1.6485668386e-09, 9.38718547339e-10, 2.25037144475e-09, 5.45603340285e-09, 2.8063906754e-09, 4.97887420181e-09, 3.16453663274e-09, 2.10331263517e-09, 8.61252402728e-10, 1.63952018628e-09, 6.92648827183e-10, 5.22665744018e-10, 4.82438533567e-10, 2.31699701092e-10, 7.07320313431e-11, 6.24082860043e-12], "max": [35.8240623474, 102.582794189, 260.111938477, 272.384277344, 199.834014893, 257.467010498, 331.926269531, 1510.08312988, 1015.42675781, 1370.43005371, 3018.77758789, 2141.32836914, 3099.08300781, 1199.39038086, 783.082946777, 842.637329102, 268.478118896, 275.878326416, 263.121734619, 205.531860352, 156.518310547, 233.250305176, 212.275665283, 266.198577881, 431.124603271, 135.136367798, 45.0211257935, 37.8898429871, 46.1873550415, 48.7409896851, 16.0375881195, 5.10345411301, 3.68391633034, 2.50599217415, 1.56531178951, 0.868553757668, 0.407740950584, 0.564656317234, 0.113769859076, 0.098342448473], "dvar2": [24.8812923431, 197.50592041, 485.921142578, 507.692321777, 405.135803223, 730.309753418, 696.376098633, 6645.69824219, 5021.60107422, 7880.25683594, 18519.6816406, 12209.7539062, 22301.8066406, 6290.73486328, 4180.20361328, 2823.77734375, 599.43548584, 697.118591309, 406.505371094, 334.701721191, 242.849624634, 188.826889038, 359.587371826, 939.861816406, 1556.68408203, 151.882629395, 27.4163417816, 14.385632515, 20.3220691681, 12.495303154, 4.58623552322, 0.530113518238, 0.185265526175, 0.0814112797379, 0.0314318463206, 0.01030988805, 0.00412921840325, 0.00223577208817, 0.000251355115324, 3.54423791578e-05], "median": [0.166933089495, 0.479312211275, 0.643941223621, 1.06953120232, 2.10215401649, 3.53470778465, 4.99492740631, 7.44105529785, 13.7760047913, 13.8010177612, 15.0889539719, 15.566031456, 13.4761266708, 9.0002412796, 7.7724442482, 8.21306800842, 4.36883306503, 3.85119771957, 4.18151044846, 3.90124988556, 3.17188978195, 2.0288066864, 1.40159404278, 1.01194763184, 0.686198234558, 0.490359693766, 0.380328923464, 0.301197350025, 0.221473574638, 0.144765034318, 0.0887243226171, 0.05316754058, 0.035496622324, 0.0230422597378, 0.0148308919743, 0.00942482892424, 0.00579153187573, 0.00379470805638, 0.00301775429398, 0.00638491939753], "dmean2": [2.01311397552, 5.78097677231, 7.59559059143, 6.50975799561, 9.46275234222, 14.0046749115, 13.6178674698, 33.8024215698, 37.1913719177, 41.9162216187, 47.8977394104, 46.555480957, 54.2436904907, 30.7033233643, 28.1602687836, 23.1386756897, 11.5007286072, 13.035993576, 10.8138179779, 10.6428346634, 8.42882728577, 6.64161252975, 6.73684501648, 8.91009807587, 8.93440341949, 4.29924917221, 2.39311122894, 1.69857430458, 1.71333372593, 1.26316773891, 0.962281525135, 0.397054076195, 0.229343309999, 0.149769932032, 0.0933714658022, 0.0551464110613, 0.0364906638861, 0.0228129532188, 0.00777709158137, 0.00424516201019], "dmean": [1.20859825611, 3.43296861649, 4.31660985947, 3.65147542953, 5.51382303238, 8.49310874939, 8.29433917999, 21.4611854553, 22.8753376007, 25.3347148895, 29.6413879395, 29.2551593781, 34.895450592, 18.5614204407, 17.1056976318, 14.1627502441, 6.88323307037, 7.63594436646, 6.4606180191, 6.43390035629, 5.04741859436, 3.9400074482, 3.9991106987, 5.13101625443, 4.97810840607, 2.44846510887, 1.39774429798, 1.00710511208, 1.00325167179, 0.735029220581, 0.552625060081, 0.2349101156, 0.136659964919, 0.0891023948789, 0.0555354095995, 0.0328964367509, 0.021590474993, 0.013391925022, 0.00461203278974, 0.00277791870758], "var": [9.64043331146, 68.1637115479, 121.600860596, 114.31918335, 139.44418335, 420.608062744, 404.122711182, 6963.26708984, 4111.64208984, 5575.203125, 9974.73535156, 7401.97802734, 24059.3222656, 3760.93774414, 2564.48071289, 1603.515625, 271.773071289, 297.297515869, 220.648452759, 259.16998291, 124.874237061, 78.4320983887, 132.499313354, 262.973815918, 328.910736084, 40.0609931946, 9.65330600739, 6.3904747963, 6.79122972488, 3.69302558899, 1.29642450809, 0.204932197928, 0.072011500597, 0.0308008957654, 0.0119398320094, 0.00405154144391, 0.00160093896557, 0.000802247493993, 9.64089485933e-05, 7.45171419112e-05], "dvar": [10.1027727127, 77.2842102051, 175.84513855, 180.113204956, 149.481079102, 301.850769043, 278.102172852, 2979.84301758, 1969.35620117, 3137.50634766, 7992.96240234, 5019.20410156, 10313.2304688, 2473.08544922, 1616.51306152, 1131.59851074, 224.536270142, 259.114868164, 151.311813354, 130.015136719, 93.0727462769, 70.2790145874, 130.41796875, 341.691619873, 548.129211426, 55.5298423767, 10.2306652069, 5.79158163071, 7.48069381714, 4.55430793762, 1.65753364563, 0.204559385777, 0.0716026350856, 0.0313713252544, 0.0121315130964, 0.00399032188579, 0.0015782052651, 0.000839208485559, 9.51858746703e-05, 1.51777230712e-05], "mean": [1.31499886513, 3.38152265549, 3.74337697029, 3.29406857491, 5.99922657013, 10.5579109192, 11.7261352539, 31.7992286682, 36.1089286804, 37.1849479675, 40.9964065552, 42.9581985474, 53.1782646179, 26.5452518463, 25.3497524261, 20.2517337799, 9.68256855011, 9.63259887695, 9.58095264435, 10.0265693665, 7.03724098206, 5.1551117897, 5.11256027222, 5.35096645355, 3.948315382, 2.17412233353, 1.40300643444, 1.08858215809, 0.985862910748, 0.687897920609, 0.473147183657, 0.224909231067, 0.133768394589, 0.0864941775799, 0.054191596806, 0.0327424071729, 0.0211476348341, 0.0134879378602, 0.0062419376336, 0.00867721997201]}, "zerocrossingrate": {"min": 0.0048828125, "max": 0.72412109375, "dvar2": 0.00170385581441, "median": 0.17529296875, "dmean2": 0.0455357208848, "dmean": 0.0375225096941, "var": 0.0139042502269, "dvar": 0.00122781621758, "mean": 0.19595259428}, "spectral_contrast_coeffs": {"min": [-0.964545071125, -0.967976391315, -0.966255247593, -0.971565008163, -0.967358529568, -0.959371328354], "max": [-0.282962828875, -0.397736877203, -0.494682341814, -0.630796790123, -0.638322412968, -0.571410179138], "dvar2": [0.00699081411585, 0.0052071493119, 0.00303792604245, 0.00164336012676, 0.00255302269943, 0.00239926343784], "median": [-0.697555541992, -0.761359214783, -0.793615579605, -0.826160490513, -0.835713386536, -0.815446853638], "dmean2": [0.104161508381, 0.08902952075, 0.0696321353316, 0.0512146912515, 0.057351950556, 0.0554931275547], "dmean": [0.0632171183825, 0.0539177060127, 0.0421993434429, 0.0308166947216, 0.0348130017519, 0.0340421460569], "var": [0.0100541571155, 0.00607332028449, 0.00427324464545, 0.00184309016913, 0.00272038509138, 0.00289605814032], "dvar": [0.00268079852685, 0.00194884033408, 0.00119894300587, 0.000611776544247, 0.000969017855823, 0.00094383925898], "mean": [-0.688153207302, -0.752668201923, -0.782850980759, -0.825167059898, -0.834911584854, -0.805691182613]}, "dissonance": {"min": 0.178120180964, "max": 0.500000178814, "dvar2": 0.00236909044906, "median": 0.45777797699, "dmean2": 0.0541457496583, "dmean": 0.0322425737977, "var": 0.00167247885838, "dvar": 0.000890456372872, "mean": 0.447866916656}, "spectral_energyband_high": {"min": 1.18700643932e-12, "max": 0.00414079427719, "dvar2": 2.60948240793e-07, "median": 8.71665179147e-05, "dmean2": 0.000273676356301, "dmean": 0.000162454001838, "var": 1.09731111309e-07, "dvar": 1.00309790696e-07, "mean": 0.000200624766876}, "gfcc": {"mean": [-52.7753562927, 111.920471191, -78.6497497559, -15.7286577225, -30.9530315399, -11.6407766342, -11.5435676575, -4.00447797775, -0.907138645649, -4.95388650894, -4.20518827438, -2.46305561066, -1.65997707844], "icov": [[7.53488566261e-05, -0.000138446426718, 0.000375213334337, -0.000194035455934, 0.000126999191707, -0.0001164886271, 8.18245680421e-05, -0.000185605094885, 3.60351405106e-05, -0.000261196983047, 0.00016375083942, 3.483020555e-05, -0.000204595096875], [-0.000138446426718, 0.0025646914728, -0.00268103927374, 0.00186318415217, -0.00256154127419, 0.000702478806488, -0.0010228366591, 0.00131587847136, 0.000356485048542, 0.00212421733886, -0.00247862166725, 0.000712571840268, -0.000204885713174], [0.000375213334337, -0.00268103927374, 0.00715833296999, -0.00460166856647, 0.00528477923945, -0.00421021878719, 0.00241086888127, -0.00121877377387, -0.00274047977291, -0.000119995609566, -0.000915468845051, 0.00338593893684, -0.00338671845384], [-0.000194035455934, 0.00186318415217, -0.00460166856647, 0.00834241136909, -0.00719632813707, 0.00422130804509, -0.00335816154256, -0.0021021424327, 0.00720148254186, -0.00885393749923, 0.00812049023807, -0.00836484506726, 0.00485188793391], [0.000126999191707, -0.00256154127419, 0.00528477923945, -0.00719632813707, 0.0124030038714, -0.00737584196031, 0.00291634886526, 0.00287308776751, -0.00863394979388, 0.00949946325272, -0.0108667807654, 0.00877700559795, -0.00444306572899], [-0.0001164886271, 0.000702478806488, -0.00421021878719, 0.00422130804509, -0.00737584196031, 0.0117869405076, -0.00258309300989, -0.00575923919678, 0.00983393751085, -0.0112897753716, 0.010072266683, -0.00730634527281, 0.00385704520158], [8.18245680421e-05, -0.0010228366591, 0.00241086888127, -0.00335816154256, 0.00291634886526, -0.00258309300989, 0.00866695959121, -0.00135981873609, -0.00559926964343, 0.00556986266747, -0.00266523193568, 0.000348440225935, -0.00100606423803], [-0.000185605094885, 0.00131587847136, -0.00121877377387, -0.0021021424327, 0.00287308776751, -0.00575923919678, -0.00135981873609, 0.0138248130679, -0.00809295382351, 0.0072749722749, -0.00892500672489, 0.00487331394106, -0.00159478548449], [3.60351405106e-05, 0.000356485048542, -0.00274047977291, 0.00720148254186, -0.00863394979388, 0.00983393751085, -0.00559926964343, -0.00809295382351, 0.0225525591522, -0.0209833849221, 0.0120746819302, -0.00651985174045, -0.000375501258532], [-0.000261196983047, 0.00212421733886, -0.000119995609566, -0.00885393749923, 0.00949946325272, -0.0112897753716, 0.00556986266747, 0.0072749722749, -0.0209833849221, 0.0391642041504, -0.027304423973, 0.0139529649168, -0.0044868150726], [0.00016375083942, -0.00247862166725, -0.000915468845051, 0.00812049023807, -0.0108667807654, 0.010072266683, -0.00266523193568, -0.00892500672489, 0.0120746819302, -0.027304423973, 0.0407308973372, -0.0242793690413, 0.00782729033381], [3.483020555e-05, 0.000712571840268, 0.00338593893684, -0.00836484506726, 0.00877700559795, -0.00730634527281, 0.000348440225935, 0.00487331394106, -0.00651985174045, 0.0139529649168, -0.0242793690413, 0.0320984646678, -0.0116205997765], [-0.000204595096875, -0.000204885713174, -0.00338671845384, 0.00485188793391, -0.00444306572899, 0.00385704520158, -0.00100606423803, -0.00159478548449, -0.000375501258532, -0.0044868150726, 0.00782729033381, -0.0116205997765, 0.0179379545152]], "cov": [[19636.8320312, -57.3360290527, -895.041687012, 463.237548828, 396.716461182, 209.726898193, 165.91809082, 253.197143555, 91.2424926758, 213.414291382, 101.948959351, 138.453048706, 114.51625824], [-57.3360290527, 1170.19848633, 173.198135376, -238.172332764, 246.806854248, -23.0211105347, 20.5534610748, -43.9902801514, 60.8488693237, -60.6708717346, 91.042930603, -28.2883987427, 101.202331543], [-895.041687012, 173.198135376, 617.138977051, 275.353485107, 2.67979669571, 240.326690674, 17.7616710663, 143.451522827, 51.51404953, 129.141860962, 23.9710044861, 19.9730548859, 32.4064788818], [463.237548828, -238.172332764, 275.353485107, 622.610290527, 110.828872681, 235.698287964, 84.7341384888, 130.517837524, -20.3884315491, 134.019805908, 22.8151874542, 78.5528259277, -46.69871521], [396.716461182, 246.806854248, 2.67979669571, 110.828872681, 299.828918457, 89.382484436, 37.529914856, 34.2236289978, 52.8776168823, 27.3946685791, 64.2501068115, 12.2677097321, 25.9365367889], [209.726898193, -23.0211105347, 240.326690674, 235.698287964, 89.382484436, 324.199768066, 40.1773681641, 123.9400177, -14.7478122711, 89.9260406494, 15.3864068985, 30.4523849487, -15.3488912582], [165.91809082, 20.5534610748, 17.7616710663, 84.7341384888, 37.529914856, 40.1773681641, 189.475250244, 73.7389984131, 61.834148407, 22.4643154144, 26.6769142151, 34.7626228333, 18.1938858032], [253.197143555, -43.9902801514, 143.451522827, 130.517837524, 34.2236289978, 123.9400177, 73.7389984131, 189.166320801, 83.653213501, 81.6510391235, 41.8053627014, 29.20362854, 19.7987651825], [91.2424926758, 60.8488693237, 51.51404953, -20.3884315491, 52.8776168823, -14.7478122711, 61.834148407, 83.653213501, 189.730926514, 89.4126815796, 50.4643821716, 15.6820611954, 58.625328064], [213.414291382, -60.6708717346, 129.141860962, 134.019805908, 27.3946685791, 89.9260406494, 22.4643154144, 81.6510391235, 89.4126815796, 142.835189819, 60.2611618042, 30.5390396118, 16.9297409058], [101.948959351, 91.042930603, 23.9710044861, 22.8151874542, 64.2501068115, 15.3864068985, 26.6769142151, 41.8053627014, 50.4643821716, 60.2611618042, 99.7887420654, 48.1355056763, 22.1455974579], [138.453048706, -28.2883987427, 19.9730548859, 78.5528259277, 12.2677097321, 30.4523849487, 34.7626228333, 29.20362854, 15.6820611954, 30.5390396118, 48.1355056763, 84.7392578125, 26.6754817963], [114.51625824, 101.202331543, 32.4064788818, -46.69871521, 25.9365367889, -15.3488912582, 18.1938858032, 19.7987651825, 58.625328064, 16.9297409058, 22.1455974579, 26.6754817963, 102.544052124]]}, "spectral_flux": {"min": 1.03183710962e-05, "max": 0.715284824371, "dvar2": 0.0113848838955, "median": 0.101878650486, "dmean2": 0.0834870636463, "dmean": 0.0520023852587, "var": 0.0119230579585, "dvar": 0.00521040940657, "mean": 0.131164476275}, "silence_rate_30dB": {"min": 0, "max": 1, "dvar2": 0.159281805158, "median": 1, "dmean2": 0.175845220685, "dmean": 0.0879141911864, "var": 0.123341478407, "dvar": 0.0801926329732, "mean": 0.855884313583}, "spectral_energyband_middle_high": {"min": 3.10349402427e-13, "max": 0.115912176669, "dvar2": 3.29514041368e-05, "median": 0.00155293813441, "dmean2": 0.00283371238038, "dmean": 0.00176329608075, "var": 3.00639803754e-05, "dvar": 1.38740424518e-05, "mean": 0.00322266295552}, "barkbands_spread": {"min": 0.186390116811, "max": 117.618080139, "dvar2": 73.5179824829, "median": 10.4964704514, "dmean2": 7.4075012207, "dmean": 4.60507392883, "var": 95.6708297729, "dvar": 30.2456550598, "mean": 12.4199666977}, "spectral_centroid": {"min": 118.274208069, "max": 11084.7685547, "dvar2": 223846.078125, "median": 633.728881836, "dmean2": 311.297058105, "dmean": 193.947021484, "var": 182110.59375, "dvar": 95504.796875, "mean": 734.126403809}, "pitch_salience": {"min": 0.0359145589173, "max": 0.925598680973, "dvar2": 0.0205184388906, "median": 0.511451661587, "dmean2": 0.166114851832, "dmean": 0.10281522572, "var": 0.0287527889013, "dvar": 0.00856728665531, "mean": 0.498761564493}, "erbbands_skewness": {"min": -3.00158572197, "max": 5.87184715271, "dvar2": 0.477841407061, "median": 0.75620251894, "dmean2": 0.764422774315, "dmean": 0.483462184668, "var": 0.638520658016, "dvar": 0.193363726139, "mean": 0.780580759048}, "erbbands_crest": {"min": 2.08976960182, "max": 34.0695075989, "dvar2": 24.2939872742, "median": 9.63085746765, "dmean2": 5.58678102493, "dmean": 3.46781039238, "var": 27.196472168, "dvar": 10.4177980423, "mean": 10.8396940231}, "melbands": {"min": [1.77807779859e-15, 5.2257651094e-15, 7.27174142976e-15, 4.72957871462e-15, 2.60423837172e-15, 2.22187266449e-15, 1.24695288292e-15, 4.28546393496e-16, 1.58410005389e-15, 4.03591421147e-15, 6.27709308617e-15, 1.66975859002e-15, 3.18731404151e-15, 2.32974696901e-15, 6.99608821548e-16, 1.35602880954e-15, 1.48667485369e-15, 9.08726591968e-16, 2.08297535477e-15, 4.10845030143e-15, 8.75343488269e-16, 4.1659473214e-15, 5.67193251459e-15, 7.09405022281e-16, 1.26377347494e-15, 1.71281475704e-15, 6.60648005892e-16, 5.44030733176e-16, 1.16501758598e-15, 1.95963465215e-15, 3.64287991252e-15, 1.28822784552e-15, 2.14374721588e-15, 2.85965861586e-15, 1.54988172277e-15, 2.16369293596e-15, 9.57340883305e-16, 3.4016689637e-16, 1.2976443108e-15, 1.29942223295e-15], "max": [0.242120698094, 0.139953091741, 0.0444645807147, 0.0174415204674, 0.00950406864285, 0.0290520787239, 0.016343338415, 0.0122915618122, 0.0263292081654, 0.0133058978245, 0.0165934711695, 0.00636930996552, 0.00221553281881, 0.00266596325673, 0.00114521069918, 0.000578730483539, 0.000588567403611, 0.000393097812776, 0.00045834548655, 0.000225391093409, 0.000158321883646, 0.000238389533479, 0.000179814916919, 0.000194301872398, 0.000223612980335, 0.000534246908501, 0.000132994377054, 8.99556325749e-05, 3.03876913677e-05, 3.01221953123e-05, 2.21052705456e-05, 3.06441361317e-05, 3.89379601984e-05, 2.37321819441e-05, 1.1048903616e-05, 5.50820550416e-06, 3.01129239233e-06, 2.61606965068e-06, 2.30368050325e-06, 2.05559808819e-06], "dvar2": [0.0010612065671, 0.000163601580425, 1.34685178637e-05, 3.23836115967e-06, 7.83538780524e-07, 2.62826415565e-06, 1.20823210636e-06, 7.99693452791e-07, 1.18308662422e-06, 4.89094134082e-07, 5.67126335227e-07, 1.2647352321e-07, 5.07099038316e-08, 3.47809496759e-08, 7.08219927148e-09, 2.86947376971e-09, 2.59471000241e-09, 1.01404029618e-09, 1.47924938965e-09, 4.71061967211e-10, 3.41333877829e-10, 2.08827732884e-10, 3.33791744245e-10, 2.62292215725e-10, 6.51799780815e-10, 2.24896323786e-09, 1.1822440249e-10, 6.7301442197e-11, 1.56880376745e-11, 6.62353635481e-12, 4.80349050466e-12, 6.9545129204e-12, 6.87163477162e-12, 2.94932069218e-12, 2.14186264211e-12, 4.67418313256e-13, 1.49047441056e-13, 9.58279408516e-14, 7.09249147043e-14, 5.42696550405e-14], "median": [0.00179166486487, 0.000487971701659, 0.000228603399592, 0.000208012381336, 0.000192623367184, 0.00016247392341, 0.000209359073779, 0.000149140047142, 0.000118084870337, 9.25872373045e-05, 6.24558888376e-05, 3.31110422849e-05, 2.27313976211e-05, 2.45914125117e-05, 1.38887044159e-05, 6.86364910507e-06, 6.69720520818e-06, 6.13222300672e-06, 6.06350431553e-06, 4.01810530093e-06, 3.37307506015e-06, 2.07070411307e-06, 1.41720727243e-06, 1.07781352199e-06, 7.53249878471e-07, 5.27262784544e-07, 3.85429160588e-07, 2.96817120216e-07, 2.35787396718e-07, 2.03443732971e-07, 1.58953710638e-07, 1.26068826489e-07, 9.9674828391e-08, 6.953385423e-08, 5.3929067434e-08, 3.71426800427e-08, 2.99317512997e-08, 2.50005012248e-08, 2.1291208796e-08, 1.86063129348e-08], "dmean2": [0.01376495976, 0.00498484773561, 0.0011734055588, 0.000879408384208, 0.000491232145578, 0.000708714709617, 0.000569131691009, 0.000455150962807, 0.000385463325074, 0.000295212259516, 0.000270742923021, 0.000135419613798, 9.69352913671e-05, 7.65818331274e-05, 4.04018646805e-05, 2.44854581979e-05, 2.52391109825e-05, 1.65159290191e-05, 1.97612698685e-05, 1.16789960884e-05, 9.95764094114e-06, 7.12358496457e-06, 6.63201944917e-06, 6.13482552581e-06, 7.30470719645e-06, 9.66270908975e-06, 3.18393517773e-06, 2.88028672912e-06, 1.7019791585e-06, 1.10956705157e-06, 9.50140019995e-07, 9.95790287561e-07, 8.97864538274e-07, 6.29423482224e-07, 6.29642272543e-07, 3.39359985446e-07, 2.0915804555e-07, 1.63605221815e-07, 1.39912103236e-07, 1.22074652609e-07], "dmean": [0.00844536814839, 0.00291547365487, 0.000665949773975, 0.000524850620423, 0.000299199484289, 0.000449992949143, 0.000350232730852, 0.000275572820101, 0.000239292116021, 0.00018471259682, 0.000174083907041, 8.19444830995e-05, 5.91967982473e-05, 4.6302935516e-05, 2.44408220169e-05, 1.43989927892e-05, 1.47495748024e-05, 9.81310586212e-06, 1.18779089462e-05, 6.98246276443e-06, 5.96626750848e-06, 4.21594722866e-06, 3.87162890547e-06, 3.68927817362e-06, 4.19224534198e-06, 5.28007785761e-06, 1.84509428891e-06, 1.62515129887e-06, 9.77294916993e-07, 6.57454449993e-07, 5.6330662801e-07, 5.83957103117e-07, 5.15226076914e-07, 3.66675948271e-07, 3.59444953801e-07, 1.97376621713e-07, 1.24276738234e-07, 9.7353513695e-08, 8.32102458048e-08, 7.25914759414e-08], "var": [0.000470147002488, 4.82338145957e-05, 3.2243788155e-06, 1.60572085406e-06, 4.54174397646e-07, 2.76233549812e-06, 1.03076251889e-06, 5.8946432091e-07, 6.33024512808e-07, 2.91581471856e-07, 6.24846393293e-07, 8.5948869355e-08, 3.34838823335e-08, 1.75209233788e-08, 3.79137699014e-09, 1.19428245071e-09, 1.09191089503e-09, 4.62202554008e-10, 1.01790909035e-09, 2.78783301999e-10, 1.62662869285e-10, 8.66322499848e-11, 1.00882052712e-10, 1.4183347552e-10, 1.8055133777e-10, 4.47618497823e-10, 3.29782867681e-11, 1.649820211e-11, 4.77283143563e-12, 2.56800461972e-12, 2.14071880882e-12, 2.35331762757e-12, 1.9547709805e-12, 8.74027196104e-13, 5.72449531354e-13, 1.53666454019e-13, 5.82086936702e-14, 3.69408754346e-14, 2.6915756001e-14, 2.04537619751e-14], "dvar": [0.000449501618277, 6.13399097347e-05, 4.82487257614e-06, 1.2804190419e-06, 3.12134886826e-07, 1.1672243545e-06, 4.77075445815e-07, 3.19682214922e-07, 5.11441783146e-07, 1.9940216589e-07, 2.63422151647e-07, 5.16068716649e-08, 1.9927671957e-08, 1.37871065675e-08, 2.78203260429e-09, 1.05637942838e-09, 9.66821511739e-10, 3.72630148959e-10, 5.68238067711e-10, 1.79091866337e-10, 1.30818203492e-10, 7.71490024642e-11, 1.19901089057e-10, 9.77353198373e-11, 2.37602076902e-10, 7.82008124922e-10, 4.43592142185e-11, 2.41115200722e-11, 5.70935312916e-12, 2.52030883142e-12, 1.96689908284e-12, 2.58158967294e-12, 2.46759557232e-12, 1.07693693373e-12, 7.67890904942e-13, 1.74425198677e-13, 5.76740396977e-14, 3.69940555511e-14, 2.73256132213e-14, 2.09097706326e-14], "mean": [0.00971959996969, 0.00274806749076, 0.000635091098957, 0.000636469339952, 0.000427690159995, 0.000673869275488, 0.000551590288524, 0.000407507061027, 0.000323493237374, 0.000266825139988, 0.000263065245235, 0.000109357097244, 8.60387735884e-05, 6.39826102997e-05, 3.34200849466e-05, 1.81334726221e-05, 1.77183428605e-05, 1.35329228215e-05, 1.75261793629e-05, 1.0041610949e-05, 7.80553546065e-06, 5.34016817255e-06, 4.57626492789e-06, 4.799704584e-06, 4.27546638093e-06, 3.83909855373e-06, 1.68798510458e-06, 1.39011353895e-06, 9.35197419949e-07, 7.01265321368e-07, 5.9550535525e-07, 5.70327415517e-07, 4.80027495087e-07, 3.4015363326e-07, 3.00877474047e-07, 1.77598039386e-07, 1.2065460453e-07, 9.49112646254e-08, 8.08833888755e-08, 7.02311382383e-08]}, "spectral_entropy": {"min": 5.1158413887, "max": 9.79084777832, "dvar2": 0.211405932903, "median": 7.20523691177, "dmean2": 0.536791741848, "dmean": 0.341967046261, "var": 0.271416217089, "dvar": 0.0891651660204, "mean": 7.14645719528}, "spectral_rolloff": {"min": 21.533203125, "max": 22050, "dvar2": 102550040, "median": 1012.06054688, "dmean2": 5524.09423828, "dmean": 2869.09375, "var": 97993216, "dvar": 43147256, "mean": 8076.15820312}, "barkbands": {"min": [1.61364128084e-15, 7.22487255569e-15, 1.33587505817e-14, 1.52479516914e-14, 2.06855305183e-14, 1.10205534002e-14, 4.14235957141e-15, 4.77658650209e-15, 2.86058984389e-14, 2.9643097059e-14, 1.85421593851e-14, 1.63919645544e-14, 1.12659684912e-14, 1.59459779907e-14, 2.27983678079e-14, 3.73628943539e-14, 8.40682097504e-14, 3.23096211515e-14, 4.11742071915e-14, 1.8369549317e-14, 1.12662937519e-13, 9.21479960479e-14, 1.36862323232e-13, 5.92905580318e-14, 1.15068531418e-13, 2.51408350518e-13, 4.18272458769e-13], "max": [0.462616831064, 0.635681867599, 0.187478780746, 0.084263600409, 0.0642296820879, 0.117682226002, 0.0884716510773, 0.101767517626, 0.0690941214561, 0.108723811805, 0.0159650165588, 0.0187006108463, 0.00603443942964, 0.00458031287417, 0.00449344236404, 0.00306141050532, 0.0036806280259, 0.00393082527444, 0.010126452893, 0.00238754949532, 0.000939133518841, 0.00129433337133, 0.000665645406116, 0.000223856666707, 0.000225047042477, 0.00021718305652, 0.00222287559882], "dvar2": [0.00200661527924, 0.00774690881371, 0.000334382173605, 4.62845855509e-05, 4.77648463857e-05, 4.68158759759e-05, 3.36962948495e-05, 2.75490110653e-05, 1.73217995325e-05, 1.7568387193e-05, 2.82162386611e-06, 2.08466440199e-06, 3.28771136537e-07, 2.13772295865e-07, 1.97504135713e-07, 9.01140495557e-08, 5.45058789214e-08, 1.19404830912e-07, 8.97919903764e-07, 6.04800760584e-08, 8.9484171184e-09, 1.45448044719e-08, 5.22826804072e-09, 8.26996970904e-10, 6.51260378959e-10, 1.16811282869e-09, 3.57341427559e-08], "median": [0.00191926944535, 0.00439160410315, 0.000473607244203, 0.000321292172885, 0.00111508124974, 0.000769398408011, 0.000875472207554, 0.000601085310336, 0.000647996726912, 0.000335589167662, 0.000148150065797, 0.000199359841645, 7.62394920457e-05, 6.91628811182e-05, 8.32381701912e-05, 5.59138643439e-05, 3.48284956999e-05, 2.34816816373e-05, 1.58201746672e-05, 1.02570056697e-05, 8.44345322548e-06, 5.82906659474e-06, 3.27841325998e-06, 2.29691204368e-06, 2.06270487979e-06, 3.05179128191e-06, 9.55010254984e-05], "dmean2": [0.0182382240891, 0.0375363156199, 0.00590027682483, 0.00208266894333, 0.00367583543994, 0.00317462976091, 0.00279354024678, 0.00222873897292, 0.00197517964989, 0.00152297061868, 0.00069897598587, 0.000617320009042, 0.000265595095698, 0.000231645986787, 0.000243378031882, 0.000162743890542, 0.000118776064483, 0.000123152829474, 0.000216398490011, 8.6361047579e-05, 4.3855052354e-05, 4.6152053983e-05, 3.29427348333e-05, 1.54101981025e-05, 1.3349760593e-05, 1.93880368897e-05, 0.000122527882922], "dmean": [0.0110772307962, 0.022765699774, 0.00331524200737, 0.00116815930232, 0.0022084810771, 0.00201235269196, 0.00170358433388, 0.00137502187863, 0.00122858269606, 0.000964717764873, 0.000424209953053, 0.000373442104319, 0.000156786933076, 0.000135673122713, 0.000146793987369, 9.74357244559e-05, 7.03308687662e-05, 7.40113682696e-05, 0.000120325123135, 4.94735577377e-05, 2.61355689872e-05, 2.70980035566e-05, 1.90490645764e-05, 9.18670320971e-06, 7.9357141658e-06, 1.14670046969e-05, 7.50005565351e-05], "var": [0.000735496694688, 0.00328746438026, 8.09471894172e-05, 1.03183756437e-05, 2.44336515607e-05, 4.88765908813e-05, 2.7596775908e-05, 1.59205865202e-05, 1.06400430013e-05, 2.11563892663e-05, 1.7509363488e-06, 1.07818061679e-06, 1.39785612419e-07, 8.56352215806e-08, 1.39760729212e-07, 4.62275373536e-08, 2.39701574145e-08, 5.67225271197e-08, 1.91028831864e-07, 1.66688245429e-08, 3.98781807576e-09, 5.00267738346e-09, 1.59499924379e-09, 3.230601342e-10, 2.45212017358e-10, 4.45070813537e-10, 3.75722706281e-08], "dvar": [0.000790879421402, 0.00324188708328, 0.000120824952319, 1.62323685799e-05, 1.8925358745e-05, 2.06642180274e-05, 1.34441070259e-05, 1.17017698358e-05, 7.01000817571e-06, 8.38193227537e-06, 1.09270024495e-06, 8.27429346373e-07, 1.22553302617e-07, 7.8778676027e-08, 7.56134781454e-08, 3.40648327324e-08, 2.03214245431e-08, 4.40407781355e-08, 3.16967771141e-07, 2.23420624224e-08, 3.53964213495e-09, 5.42583711294e-09, 1.91475701961e-09, 3.20075493887e-10, 2.50919118816e-10, 4.43318881604e-10, 1.3832244683e-08], "mean": [0.0117092048749, 0.0251474361867, 0.00274781696498, 0.00102808233351, 0.00284361443482, 0.00299504026771, 0.00253313081339, 0.00186982157174, 0.00176244077738, 0.00145248067565, 0.000602751912083, 0.000510329206008, 0.000197980712983, 0.00016613509797, 0.000223879411351, 0.000131523876917, 9.08586953301e-05, 9.79298347374e-05, 9.7241892945e-05, 4.46312624263e-05, 2.88813007501e-05, 2.64969130512e-05, 1.68682709045e-05, 8.95135690371e-06, 7.69688904256e-06, 1.11747731353e-05, 0.000163415781572]}, "melbands_flatness_db": {"min": 0.00788639206439, "max": 0.639845132828, "dvar2": 0.00486470479518, "median": 0.296665012836, "dmean2": 0.0825987681746, "dmean": 0.0531706996262, "var": 0.00706778094172, "dvar": 0.00211567478254, "mean": 0.298831641674}, "melbands_skewness": {"min": -3.0747423172, "max": 23.4751281738, "dvar2": 4.58994436264, "median": 2.00776529312, "dmean2": 1.80567407608, "dmean": 1.14961326122, "var": 5.05737018585, "dvar": 1.9750648737, "mean": 2.62714838982}, "barkbands_skewness": {"min": -1.76559650898, "max": 16.7565326691, "dvar2": 2.9916973114, "median": 2.31597137451, "dmean2": 1.60001456738, "dmean": 1.01769578457, "var": 3.36140465736, "dvar": 1.28202974796, "mean": 2.7390434742}, "silence_rate_60dB": {"min": 0, "max": 1, "dvar2": 0.0593037344515, "median": 0, "dmean2": 0.0524853952229, "dmean": 0.0262401830405, "var": 0.0810418054461, "dvar": 0.0255510304123, "mean": 0.0889591127634}, "spectral_energyband_low": {"min": 2.93785652815e-14, "max": 0.79970407486, "dvar2": 0.0109461341053, "median": 0.0093671604991, "dmean2": 0.0478647127748, "dmean": 0.0300465468317, "var": 0.00578338652849, "dvar": 0.00492046866566, "mean": 0.0372399240732}, "spectral_energyband_middle_low": {"min": 9.97499608954e-14, "max": 0.142914667726, "dvar2": 0.000268722244073, "median": 0.00850021000952, "dmean2": 0.0103794177994, "dmean": 0.00666833249852, "var": 0.000242395559326, "dvar": 0.000109836939373, "mean": 0.0137319499627}, "melbands_kurtosis": {"min": -1.73304331303, "max": 956.724853516, "dvar2": 2963.60253906, "median": 6.25003814697, "dmean2": 23.1051750183, "dmean": 14.2417373657, "var": 1601.28186035, "dvar": 1211.99768066, "mean": 18.1173667908}, "spectral_decrease": {"min": -2.22740624167e-07, "max": 4.42142411572e-09, "dvar2": 7.82118036243e-16, "median": -7.00661662023e-09, "dmean2": 1.41656562036e-08, "dmean": 9.09573305563e-09, "var": 4.87790815972e-16, "dvar": 3.62781140815e-16, "mean": -1.35968800663e-08}, "erbbands_kurtosis": {"min": -1.71922004223, "max": 92.018661499, "dvar2": 15.2862710953, "median": 1.30783748627, "dmean2": 2.94493818283, "dmean": 1.86452674866, "var": 16.8990821838, "dvar": 6.54320144653, "mean": 2.37743878365}, "melbands_crest": {"min": 1.8290681839, "max": 38.7525672913, "dvar2": 47.9620437622, "median": 18.0232124329, "dmean2": 8.16489982605, "dmean": 5.05419921875, "var": 68.8217849731, "dvar": 20.3909358978, "mean": 19.0872001648}, "melbands_spread": {"min": 0.205364003778, "max": 148.028198242, "dvar2": 103.545890808, "median": 9.46194267273, "dmean2": 7.298204422, "dmean": 4.52258491516, "var": 119.640213013, "dvar": 41.9788169861, "mean": 11.4035043716}, "spectral_energy": {"min": 1.79705490939e-12, "max": 0.856551527977, "dvar2": 0.0112718334422, "median": 0.0363435484469, "dmean2": 0.055287797004, "dmean": 0.0357102006674, "var": 0.00744107877836, "dvar": 0.00526113621891, "mean": 0.0604742541909}, "mfcc": {"mean": [-713.49432373, 173.186157227, 3.86660170555, 12.2365942001, -0.789328813553, 1.74494206905, -3.49088048935, 4.8376698494, 4.2922000885, 3.05682301521, 2.65014743805, 2.17797970772, 3.69048237801], "icov": [[0.000129162261146, -8.62236047396e-05, 0.000158714508871, -0.000219731417019, 0.0002011906181, -0.000180925460882, 0.000163147982676, -0.000345151900547, 0.000209634003113, -0.000514051236678, 0.000263330352027, -0.000164593569934, 8.5297260739e-06], [-8.62236047396e-05, 0.000814060505945, -6.69084838592e-05, 0.000513745239004, -0.000713497924153, 0.000431727385148, -1.06731995402e-05, 0.000316027377266, -0.00107002258301, 0.00151498802006, -0.00112811953295, 0.000908629968762, -0.000686948245857], [0.000158714508871, -6.69084838592e-05, 0.00230698171072, -0.000515182502568, 0.000142011544085, -0.000645652995445, -0.00115092692431, 0.000934417010285, -0.000804645242169, -0.00142442283686, 0.00141860323492, -0.00229881494306, 0.00112094299402], [-0.000219731417019, 0.000513745239004, -0.000515182502568, 0.00472335983068, -0.000989679712802, -0.00137387658469, 4.4043707021e-05, -0.00087976717623, -0.000149169733049, 0.0019591790624, -0.00432314211503, 0.00271531264298, -0.00062318961136], [0.0002011906181, -0.000713497924153, 0.000142011544085, -0.000989679712802, 0.00583978975192, -0.00214515859261, -0.00120352162048, 0.000935218762606, 0.000390207191231, -0.00257864873856, 0.00248136045411, -0.00402710493654, 0.000840713793878], [-0.000180925460882, 0.000431727385148, -0.000645652995445, -0.00137387658469, -0.00214515859261, 0.0110666221008, -0.00576964998618, 0.0028316215612, -0.00220460654236, 0.00122285273392, 0.00048934755614, 0.000877159007359, -0.00283269654028], [0.000163147982676, -1.06731995402e-05, -0.00115092692431, 4.4043707021e-05, -0.00120352162048, -0.00576964998618, 0.0159720145166, -0.0110501134768, 0.00474475510418, -0.000653479073662, -0.00151008216199, 0.000720025156625, 0.0017657718854], [-0.000345151900547, 0.000316027377266, 0.000934417010285, -0.00087976717623, 0.000935218762606, 0.0028316215612, -0.0110501134768, 0.0197080280632, -0.00956870149821, 0.00471401866525, -0.000996025511995, -0.00271561811678, -0.00104991521221], [0.000209634003113, -0.00107002258301, -0.000804645242169, -0.000149169733049, 0.000390207191231, -0.00220460654236, 0.00474475510418, -0.00956870149821, 0.020149635151, -0.0135090174153, 0.00503048487008, -0.00155708333477, 0.00114064011723], [-0.000514051236678, 0.00151498802006, -0.00142442283686, 0.0019591790624, -0.00257864873856, 0.00122285273392, -0.000653479073662, 0.00471401866525, -0.0135090174153, 0.0256755165756, -0.0185358338058, 0.0107314977795, -0.0053294938989], [0.000263330352027, -0.00112811953295, 0.00141860323492, -0.00432314211503, 0.00248136045411, 0.00048934755614, -0.00151008216199, -0.000996025511995, 0.00503048487008, -0.0185358338058, 0.0335601270199, -0.0227180179209, 0.00838505290449], [-0.000164593569934, 0.000908629968762, -0.00229881494306, 0.00271531264298, -0.00402710493654, 0.000877159007359, 0.000720025156625, -0.00271561811678, -0.00155708333477, 0.0107314977795, -0.0227180179209, 0.0398673824966, -0.0214928295463], [8.5297260739e-06, -0.000686948245857, 0.00112094299402, -0.00062318961136, 0.000840713793878, -0.00283269654028, 0.0017657718854, -0.00104991521221, 0.00114064011723, -0.0053294938989, 0.00838505290449, -0.0214928295463, 0.0272851902992]], "cov": [[11287.2480469, 509.476928711, -586.519897461, 494.411315918, -164.901000977, 126.189651489, 39.4262046814, 292.385955811, 164.37979126, 255.507827759, 167.078170776, 59.4754104614, 110.107116699], [509.476928711, 1653.60998535, -69.1254425049, -143.266418457, 119.130401611, -53.8111610413, -44.9384155273, -5.25230884552, 52.241355896, -38.8392410278, -2.6057844162, 14.9946956635, 37.3315925598], [-586.519897461, -69.1254425049, 657.672546387, 102.217483521, 124.039955139, 121.380065918, 108.987678528, 31.5013046265, 73.4502639771, 79.8889007568, 53.6885070801, 65.0200653076, 23.9490013123], [494.411315918, -143.266418457, 102.217483521, 348.053222656, 78.2968826294, 106.045646667, 85.15184021, 62.718120575, 28.7197875977, 46.0676727295, 70.0766830444, 34.7817993164, 19.1484909058], [-164.901000977, 119.130401611, 124.039955139, 78.2968826294, 285.523132324, 103.41318512, 75.3997192383, 25.4828186035, 34.0040740967, 41.5892677307, 39.892074585, 59.1612434387, 38.8274650574], [126.189651489, -53.8111610413, 121.380065918, 106.045646667, 103.41318512, 182.714263916, 100.744598389, 42.4316444397, 28.5872402191, 28.1621303558, 28.7819595337, 35.1966590881, 30.1223869324], [39.4262046814, -44.9384155273, 108.987678528, 85.15184021, 75.3997192383, 100.744598389, 168.009033203, 88.4995956421, 18.9162998199, 16.7067813873, 32.8240737915, 33.519203186, 15.7808589935], [292.385955811, -5.25230884552, 31.5013046265, 62.718120575, 25.4828186035, 42.4316444397, 88.4995956421, 125.573600769, 49.868019104, 22.2853412628, 30.974697113, 32.2955551147, 20.8282337189], [164.37979126, 52.241355896, 73.4502639771, 28.7197875977, 34.0040740967, 28.5872402191, 18.9162998199, 49.868019104, 120.886405945, 80.2966918945, 36.5036201477, 20.9228878021, 17.4107646942], [255.507827759, -38.8392410278, 79.8889007568, 46.0676727295, 41.5892677307, 28.1621303558, 16.7067813873, 22.2853412628, 80.2966918945, 133.857971191, 72.7927017212, 27.8261051178, 20.4690589905], [167.078170776, -2.6057844162, 53.6885070801, 70.0766830444, 39.892074585, 28.7819595337, 32.8240737915, 30.974697113, 36.5036201477, 72.7927017212, 101.785614014, 58.8409805298, 27.8656654358], [59.4754104614, 14.9946956635, 65.0200653076, 34.7817993164, 59.1612434387, 35.1966590881, 33.519203186, 32.2955551147, 20.9228878021, 27.8261051178, 58.8409805298, 91.0763244629, 57.6065597534], [110.107116699, 37.3315925598, 23.9490013123, 19.1484909058, 38.8274650574, 30.1223869324, 15.7808589935, 20.8282337189, 17.4107646942, 20.4690589905, 27.8656654358, 57.6065597534, 78.8040618896]]}, "spectral_contrast_valleys": {"min": [-27.7646903992, -26.9136390686, -27.2714271545, -27.6492538452, -27.2776489258, -27.2419166565], "max": [-4.45388412476, -4.13303518295, -4.51295042038, -5.37699699402, -5.83818483353, -8.72139549255], "dvar2": [0.516621172428, 0.323078334332, 0.310106724501, 0.362693041563, 0.704337716103, 0.990019917488], "median": [-6.97150182724, -6.24578523636, -6.99243450165, -7.7452878952, -8.21052265167, -10.9289121628], "dmean2": [0.833383500576, 0.663538277149, 0.627563416958, 0.664324998856, 0.950419783592, 1.21708619595], "dmean": [0.527201116085, 0.403479546309, 0.388993710279, 0.418038785458, 0.599598526955, 0.740111887455], "var": [2.53140306473, 1.73872709274, 2.00546240807, 2.04423260689, 2.10247182846, 1.89529287815], "dvar": [0.255038887262, 0.13696873188, 0.138693898916, 0.160236239433, 0.297870784998, 0.391188830137], "mean": [-7.28875589371, -6.50000238419, -7.23762464523, -8.01595973969, -8.46865081787, -11.1716146469]}, "barkbands_flatness_db": {"min": 0.0194544605911, "max": 0.490290284157, "dvar2": 0.00357834761962, "median": 0.183705180883, "dmean2": 0.0704914480448, "dmean": 0.0450336523354, "var": 0.00468852976337, "dvar": 0.00154196098447, "mean": 0.188423261046}, "dynamic_complexity": 4.53610563278, "spectral_skewness": {"min": -0.018756011501, "max": 10.1969575882, "dvar2": 1.71868491173, "median": 3.07220673561, "dmean2": 1.2812871933, "dmean": 0.811673641205, "var": 1.54066097736, "dvar": 0.683519303799, "mean": 3.35581970215}, "erbbands_flatness_db": {"min": 0.0366358421743, "max": 0.46289101243, "dvar2": 0.00233263359405, "median": 0.16612264514, "dmean2": 0.0580156855285, "dmean": 0.0372942648828, "var": 0.00325214071199, "dvar": 0.000992425018921, "mean": 0.171071320772}, "hfc": {"min": 1.9339736923e-08, "max": 1227.77246094, "dvar2": 7133.3359375, "median": 75.6708297729, "dmean2": 