{"lowlevel": {"spectral_complexity": {"min": 0, "max": 57, "dvar2": 18.7808876038, "median": 30, "dmean2": 5.10443305969, "dmean": 3.24429321289, "var": 115.482292175, "dvar": 7.75705194473, "mean": 28.286272049}, "silence_rate_20dB": {"min": 1, "max": 1, "dvar2": 0, "median": 1, "dmean2": 0, "dmean": 0, "var": 0, "dvar": 0, "mean": 1}, "average_loudness": 0.961748480797, "erbbands_spread": {"min": 3.35510087013, "max": 118.722381592, "dvar2": 67.815574646, "median": 30.3636817932, "dmean2": 7.79528331757, "dmean": 5.1676235199, "var": 128.955764771, "dvar": 32.442363739, "mean": 31.8459911346}, "spectral_kurtosis": {"min": -1.22519803047, "max": 64.5421142578, "dvar2": 24.9001560211, "median": 5.98903799057, "dmean2": 3.62860631943, "dmean": 2.17595028877, "var": 28.9856128693, "dvar": 8.82834243774, "mean": 7.36087560654}, "barkbands_kurtosis": {"min": -1.83224201202, "max": 355.771759033, "dvar2": 70.036567688, "median": 0.260187268257, "dmean2": 1.99364590645, "dmean": 1.24229729176, "var": 20.2884845734, "dvar": 24.0764064789, "mean": 1.30731463432}, "spectral_strongpeak": {"min": 0, "max": 12.1711435318, "dvar2": 3.45059561729, "median": 0.658987402916, "dmean2": 1.16665375233, "dmean": 0.676937103271, "var": 1.961363554, "dvar": 1.37852883339, "mean": 1.1614574194}, "spectral_spread": {"min": 1224909, "max": 40415980, "dvar2": 897316290560, "median": 3462359, "dmean2": 603445.125, "dmean": 457719.75, "var": 1987365437440.0, "dvar": 529820909568, "mean": 3661003.75}, "spectral_rms": {"min": 3.19110189662e-12, "max": 0.00978275481611, "dvar2": 7.45927934531e-07, "median": 0.00581381749362, "dmean2": 0.000807929609437, "dmean": 0.000535646395292, "var": 2.11385054172e-06, "dvar": 3.21000044323e-07, "mean": 0.00557391159236}, "erbbands": {"min": [4.64306565148e-22, 7.7534505472e-22, 5.2174893735e-21, 1.35771519352e-20, 2.76507899524e-20, 3.65991651956e-20, 5.7992036546e-20, 2.46217650554e-19, 2.35885544318e-19, 2.17110147076e-19, 2.12385226793e-19, 1.54605660635e-18, 2.79814501032e-18, 2.95460250087e-18, 1.34829891839e-18, 2.12746552209e-18, 2.7642138548e-18, 4.99467618445e-18, 5.01988327285e-18, 6.53089782011e-18, 7.42233795855e-18, 9.46983496775e-18, 9.65502499047e-18, 1.61990054991e-17, 1.64721289569e-17, 1.63669479789e-17, 1.58221734449e-17, 1.39881866411e-17, 1.79757365154e-17, 1.61446663503e-17, 1.51213066206e-17, 1.47870297002e-17, 1.26327866873e-17, 1.1889308481e-17, 8.19967184021e-18, 6.70720929973e-18, 2.85571119748e-18, 1.23863162297e-18, 2.92594126133e-19, 3.39808800629e-20], "max": [2.29032444954, 18.6983852386, 37.8399734497, 76.5951080322, 173.979095459, 237.759017944, 118.530929565, 222.719894409, 390.780517578, 490.788513184, 619.170471191, 997.319702148, 788.207397461, 581.994628906, 1010.55352783, 1101.32019043, 2477.02685547, 1510.31860352, 1619.85974121, 862.775085449, 592.435546875, 1107.140625, 480.99798584, 393.756286621, 191.531524658, 296.920562744, 203.390365601, 116.961753845, 92.3915634155, 77.6105422974, 102.959625244, 91.8245697021, 55.4549980164, 93.4164276123, 33.0481872559, 17.6857814789, 5.6383805275, 0.785385012627, 0.0677906572819, 0.00221531139687], "dvar2": [0.12500308454, 10.3345890045, 31.2934093475, 84.9750595093, 289.34954834, 243.228088379, 206.455627441, 439.8828125, 836.28125, 1579.72424316, 1060.34240723, 5674.39355469, 2010.55322266, 1565.3104248, 3974.37231445, 3126.29125977, 19476.2421875, 7625.41308594, 8116.55273438, 3750.50366211, 2242.67236328, 2555.42944336, 1394.64050293, 750.345397949, 265.880554199, 260.453857422, 131.111419678, 36.9988517761, 25.2202110291, 17.8753147125, 18.332069397, 15.3900527954, 11.5162563324, 13.2625274658, 2.67141103745, 0.726449549198, 0.0671022385359, 0.00234985304996, 1.45227022585e-05, 1.18971126284e-08], "median": [0.0209656730294, 0.356394439936, 1.22433161736, 5.96829605103, 10.1611289978, 11.2400302887, 9.97921180725, 15.1067180634, 15.7093076706, 26.7272205353, 20.9721508026, 46.0880889893, 26.7802352905, 24.3521995544, 28.1246032715, 19.9530906677, 24.4796905518, 32.1095542908, 34.7397766113, 39.0508346558, 33.2112464905, 27.3728046417, 25.2069091797, 22.7178878784, 15.9403343201, 12.2008132935, 6.82058048248, 3.59634256363, 1.7463105917, 1.30447232723, 0.921897888184, 0.482902765274, 0.347971469164, 0.237888067961, 0.136482387781, 0.0663229301572, 0.0258051492274, 0.0052491100505, 0.000286464579403, 5.48323732801e-05], "dmean2": [0.16755490005, 1.53304946423, 3.08386158943, 6.39807033539, 10.6813821793, 12.7288618088, 10.803612709, 15.7228841782, 20.7085533142, 27.7949237823, 21.2369785309, 49.4074134827, 29.6250667572, 25.9117603302, 34.8583717346, 26.9522628784, 40.5514373779, 44.4042510986, 44.5402145386, 41.9831390381, 31.0991592407, 29.9194736481, 23.8917331696, 20.1381053925, 12.3613605499, 10.117980957, 6.17559814453, 3.65558004379, 2.53446364403, 2.1212515831, 1.67775094509, 1.15383887291, 0.959650039673, 0.823286950588, 0.462271749973, 0.273377239704, 0.0996535494924, 0.0213743038476, 0.00172567705158, 5.14751736773e-05], "dmean": [0.10822429508, 0.898242294788, 1.74374508858, 3.764929533, 6.31538057327, 7.76576423645, 6.46780729294, 9.7403011322, 12.3279333115, 18.5133495331, 13.5429325104, 32.8035392761, 19.0658740997, 16.6480369568, 22.4471759796, 17.1119422913, 26.7735919952, 28.4809417725, 28.3525333405, 26.4797000885, 19.2895526886, 18.6866760254, 14.6619129181, 12.2451763153, 7.60776090622, 6.37487888336, 3.95191240311, 2.3191845417, 1.7104101181, 1.46291530132, 1.15114569664, 0.782409906387, 0.652965188026, 0.568364739418, 0.327101737261, 0.19343136251, 0.0710801258683, 0.0150390854105, 0.00120652152691, 3.70402376575e-05], "var": [0.0819854959846, 3.60280919075, 9.11520004272, 60.4581451416, 145.381149292, 258.544433594, 151.942062378, 526.922241211, 1032.16381836, 2202.52978516, 1288.125, 8795.74609375, 2531.66918945, 2008.08911133, 3953.60888672, 3574.23461914, 13366.8310547, 7365.57714844, 6304.31591797, 4226.14697266, 2759.5222168, 4410.20703125, 1930.28149414, 987.558654785, 389.735778809, 268.757568359, 128.801544189, 42.2095451355, 25.1630630493, 22.978975296, 20.8439025879, 15.5833368301, 12.7063789368, 13.2608938217, 2.78596639633, 0.74555772543, 0.0660344138741, 0.00195886776783, 1.1716838344e-05, 1.20281047344e-08], "dvar": [0.0593504868448, 3.97676587105, 10.9452610016, 29.9928951263, 107.155647278, 89.756980896, 71.0487670898, 164.318725586, 296.668182373, 694.568908691, 458.535308838, 2434.36254883, 888.564758301, 688.165039062, 1537.23803711, 1317.90942383, 8822.77636719, 3474.63208008, 3487.64868164, 1599.69482422, 923.424499512, 1086.640625, 541.195251465, 284.26473999, 99.8463821411, 107.012969971, 56.7737236023, 15.4225444794, 11.5075187683, 8.89804172516, 8.77976989746, 7.31861066818, 5.75742864609, 6.26179409027, 1.31705462933, 0.373941063881, 0.0340752527118, 0.00111997220665, 6.87247438691e-06, 5.9901328342e-09], "mean": [0.126898705959, 0.979433894157, 2.16433763504, 8.23233127594, 13.0604467392, 16.0806159973, 13.4512443542, 21.8727893829, 25.7147865295, 42.538608551, 31.1256561279, 75.0383605957, 41.1876449585, 37.2248001099, 46.9268798828, 36.1032524109, 49.5409812927, 55.5346374512, 56.3837585449, 56.4624481201, 45.8094329834, 45.7546653748, 38.0951309204, 31.3291339874, 20.8767261505, 15.9194812775, 9.48322296143, 5.36490011215, 3.4877269268, 2.98174071312, 2.30603456497, 1.42979550362, 1.16256260872, 0.92615956068, 0.521903455257, 0.292529344559, 0.106814853847, 0.0218368489295, 0.00164365803357, 8.67137059686e-05]}, "zerocrossingrate": {"min": 0.005859375, "max": 0.576171875, "dvar2": 0.00013591683819, "median": 0.0556640625, "dmean2": 0.00909072160721, "dmean": 0.00763286510482, "var": 0.000708245672286, "dvar": 0.000106348241388, "mean": 0.0573949739337}, "spectral_contrast_coeffs": {"min": [-0.967944502831, -0.966146945953, -0.976712405682, -0.977275848389, -0.971579492092, -0.97288608551], "max": [-0.339724779129, -0.47850677371, -0.494354963303, -0.530892252922, -0.548538506031, -0.639200985432], "dvar2": [0.00490802386776, 0.00323514617048, 0.00223987642676, 0.00146726728417, 0.00073386792792, 0.000528031785507], "median": [-0.602659523487, -0.728568911552, -0.739706397057, -0.768598794937, -0.774772942066, -0.756053686142], "dmean2": [0.0873136147857, 0.0710325464606, 0.0596556849778, 0.0485803969204, 0.0339395105839, 0.0268006082624], "dmean": [0.0526608526707, 0.0427321493626, 0.0365623906255, 0.0297822523862, 0.0212767478079, 0.0177074819803], "var": [0.00564385997131, 0.00335915782489, 0.00348158879206, 0.00266828364693, 0.00186471431516, 0.00104667060077], "dvar": [0.00181247410364, 0.00114492734428, 0.000873554497957, 0.000584564579185, 0.000312616815791, 0.000239478176809], "mean": [-0.604145944118, -0.724861860275, -0.733451366425, -0.760871529579, -0.769949018955, -0.757623493671]}, "dissonance": {"min": 0.299814999104, "max": 0.500000119209, "dvar2": 0.000538186461199, "median": 0.472797900438, "dmean2": 0.0249620191753, "dmean": 0.0147388223559, "var": 0.000542507797945, "dvar": 0.000197122833924, "mean": 0.467152744532}, "spectral_energyband_high": {"min": 7.55357828591e-21, "max": 0.0148868076503, "dvar2": 5.3721794302e-07, "median": 0.000476103945402, "dmean2": 0.000399892509449, "dmean": 0.000284226465737, "var": 9.78922571448e-07, "dvar": 2.90820963755e-07, "mean": 0.000748995284084}, "gfcc": {"mean": [31.4969825745, 104.145462036, -126.606925964, 15.9215316772, -43.7173690796, -2.62671494484, -36.4626464844, 6.9923658371, -26.9231204987, 2.05649352074, -21.9245986938, -2.54440283775, -14.4469118118], "icov": [[0.00061789539177, 8.05372401373e-05, 0.000450604304206, -0.000571765529457, 0.000599531573243, -0.001110059442, 0.000617091893218, -0.0010592630133, 0.000353067240212, -0.000937863253057, 0.00122749910224, -0.00087061105296, 0.00102211628109], [8.05372401373e-05, 0.00297733093612, -0.000214063125895, 0.000885227287654, -0.00166226516012, 0.00224147783592, -0.00289459433407, 0.00184366956819, -0.00257839658298, 0.00262517528608, -0.00305757159367, 0.00451597198844, -0.00188576884102], [0.000450604304206, -0.000214063125895, 0.00321651087143, -0.000330118695274, 0.000116582610644, -0.00256823981181, 0.00112577225082, -0.000754518085159, 0.000593664241023, -0.00262083136477, 0.00279657333158, -0.00114436005242, 0.00175922247581], [-0.000571765529457, 0.000885227287654, -0.000330118695274, 0.00635944167152, -0.000808026175946, -0.000134663714562, -0.000977411284111, 0.00016739864077, -0.00275144865736, 0.00319876754656, -0.00356178404763, 0.00288933212869, -0.00228236126713], [0.000599531573243, -0.00166226516012, 0.000116582610644, -0.000808026175946, 0.00775741413236, -0.00175006210338, -0.00136392575223, -0.00202866620384, 0.000825726718176, -0.00374120590277, 0.00185575685464, -0.00260667596012, 0.000897722959053], [-0.001110059442, 0.00224147783592, -0.00256823981181, -0.000134663714562, -0.00175006210338, 0.0113254655153, -0.00482378527522, 0.00128313479945, -0.000668153224979, 0.00285860500298, -0.00554649578407, 0.00458619464189, -0.00109620357398], [0.000617091893218, -0.00289459433407, 0.00112577225082, -0.000977411284111, -0.00136392575223, -0.00482378527522, 0.0164865255356, -0.00500680087134, 0.00311777903698, -0.00238927453756, 0.00199907761998, -0.00463805487379, 0.00184927438386], [-0.0010592630133, 0.00184366956819, -0.000754518085159, 0.00016739864077, -0.00202866620384, 0.00128313479945, -0.00500680087134, 0.0158370453864, -0.00676602264866, 0.000492652878165, -0.000739350274671, 0.00133314635605, -0.00279222684912], [0.000353067240212, -0.00257839658298, 0.000593664241023, -0.00275144865736, 0.000825726718176, -0.000668153224979, 0.00311777903698, -0.00676602264866, 0.0186586603522, -0.0071587995626, 0.00191166333389, -0.00144963583443, 0.000653780996799], [-0.000937863253057, 0.00262517528608, -0.00262083136477, 0.00319876754656, -0.00374120590277, 0.00285860500298, -0.00238927453756, 0.000492652878165, -0.0071587995626, 0.0241069532931, -0.0119996154681, 0.00494416384026, -0.000400282413466], [0.00122749910224, -0.00305757159367, 0.00279657333158, -0.00356178404763, 0.00185575685464, -0.00554649578407, 0.00199907761998, -0.000739350274671, 0.00191166333389, -0.0119996154681, 0.024717355147, -0.0103748422116, 0.00226808455773], [-0.00087061105296, 0.00451597198844, -0.00114436005242, 0.00288933212869, -0.00260667596012, 0.00458619464189, -0.00463805487379, 0.00133314635605, -0.00144963583443, 0.00494416384026, -0.0103748422116, 0.0243410784751, -0.0119185065851], [0.00102211628109, -0.00188576884102, 0.00175922247581, -0.00228236126713, 0.000897722959053, -0.00109620357398, 0.00184927438386, -0.00279222684912, 0.000653780996799, -0.000400282413466, 0.00226808455773, -0.0119185065851, 0.023970073089]], "cov": [[5328.88476562, -1912.18310547, 160.535293579, 399.778533936, -442.185760498, 586.39630127, -187.132766724, 349.159912109, -43.5092468262, 99.4037322998, -154.089477539, 117.751358032, -176.918380737], [-1912.18310547, 1449.25048828, -176.450149536, -133.196060181, 277.827972412, -274.412475586, 156.787200928, -129.095184326, 89.9030075073, -41.6893081665, 90.3532333374, -123.447509766, 72.6533126831], [160.535293579, -176.450149536, 475.225769043, 12.7349777222, 10.2467565536, 126.548217773, -8.77713489532, 30.9472064972, -2.29494929314, 46.3258628845, -30.747297287, -12.5742635727, -47.213470459], [399.778533936, -133.196060181, 12.7349777222, 228.600524902, -9.55941104889, 72.1404495239, 3.48597455025, 46.7644729614, 27.4649467468, 5.384578228, 15.1554746628, 3.94763088226, 2.01151990891], [-442.185760498, 277.827972412, 10.2467565536, -9.55941104889, 231.496994019, -15.1584234238, 72.3845214844, 10.6981611252, 32.0522193909, 27.6645450592, 34.8890380859, -4.14631605148, 19.5738048553], [586.39630127, -274.412475586, 126.548217773, 72.1404495239, -15.1584234238, 215.061813354, 13.1351032257, 52.2494125366, -5.67831468582, 26.5964660645, 2.1229903698, 7.54400348663, -29.3867111206], [-187.132766724, 156.787200928, -8.77713489532, 3.48597455025, 72.3845214844, 13.1351032257, 107.086700439, 19.2182216644, 13.2969398499, 9.20740318298, 23.0777187347, 2.70934987068, 12.1118097305], [349.159912109, -129.095184326, 30.9472064972, 46.7644729614, 10.6981611252, 52.2494125366, 19.2182216644, 117.821655273, 33.8457183838, 26.4254360199, 0.392001390457, 17.4315891266, -0.483890861273], [-43.5092468262, 89.9030075073, -2.29494929314, 27.4649467468, 32.0522193909, -5.67831468582, 13.2969398499, 33.8457183838, 87.1151428223, 26.4344463348, 16.5911521912, -6.34377574921, 6.50958538055], [99.4037322998, -41.6893081665, 46.3258628845, 5.384578228, 27.6645450592, 26.5964660645, 9.20740318298, 26.4254360199, 26.4344463348, 75.8219299316, 26.9942646027, 5.20155572891, -7.28034210205], [-154.089477539, 90.3532333374, -30.747297287, 15.1554746628, 34.8890380859, 2.1229903698, 23.0777187347, 0.392001390457, 16.5911521912, 26.9942646027, 79.5502471924, 19.8084201813, 16.7545089722], [117.751358032, -123.447509766, -12.5742635727, 3.94763088226, -4.14631605148, 7.54400348663, 2.70934987068, 17.4315891266, -6.34377574921, 5.20155572891, 19.8084201813, 86.7253112793, 30.3951950073], [-176.918380737, 72.6533126831, -47.213470459, 2.01151990891, 19.5738048553, -29.3867111206, 12.1118097305, -0.483890861273, 6.50958538055, -7.28034210205, 16.7545089722, 30.3951950073, 68.7961349487]]}, "spectral_flux": {"min": 6.6663313758e-11, "max": 0.254212319851, "dvar2": 0.00108441489283, "median": 0.0896974951029, "dmean2": 0.0301987975836, "dmean": 0.0195125304163, "var": 0.0017506359145, "dvar": 0.0005078635877, "mean": 0.0903897807002}, "silence_rate_30dB": {"min": 1, "max": 1, "dvar2": 0, "median": 1, "dmean2": 0, "dmean": 0, "var": 0, "dvar": 0, "mean": 1}, "spectral_energyband_middle_high": {"min": 1.47413258485e-21, "max": 0.0491259507835, "dvar2": 1.84485270438e-05, "median": 0.00871538557112, "dmean2": 0.00326350680552, "dmean": 0.00213378085755, "var": 4.43473727501e-05, "dvar": 7.92095943325e-06, "mean": 0.00945641193539}, "barkbands_spread": {"min": 0.873510837555, "max": 83.9705734253, "dvar2": 40.5471725464, "median": 21.8698692322, "dmean2": 5.89411306381, "dmean": 3.82313132286, "var": 94.6277084351, "dvar": 18.5725383759, "mean": 22.1569766998}, "spectral_centroid": {"min": 225.391998291, "max": 11155.0429688, "dvar2": 92216.171875, "median": 1385.55761719, "dmean2": 271.499145508, "dmean": 172.966720581, "var": 260874.078125, "dvar": 36993.828125, "mean": 1345.14624023}, "pitch_salience": {"min": 0.215586081147, "max": 0.855459988117, "dvar2": 0.00861825421453, "median": 0.607454776764, "dmean2": 0.100091092288, "dmean": 0.0612732321024, "var": 0.00921476446092, "dvar": 0.00335735222325, "mean": 0.59531468153}, "erbbands_skewness": {"min": -2.35041236877, "max": 2.6816432476, "dvar2": 0.136899620295, "median": 0.0467915870249, "dmean2": 0.392497628927, "dmean": 0.256751418114, "var": 0.30121281743, "dvar": 0.059047088027, "mean": 0.0513925552368}, "erbbands_crest": {"min": 2.42656254768, "max": 31.0439529419, "dvar2": 10.8786821365, "median": 7.05208730698, "dmean2": 3.28645992279, "dmean": 2.08409357071, "var": 15.0656938553, "dvar": 4.53775787354, "mean": 8.10636043549}, "melbands": {"min": [3.50407399263e-24, 3.81088211462e-24, 2.33139380005e-24, 2.62600751295e-24, 2.12273397695e-24, 5.28627919933e-24, 3.67401948073e-24, 2.07021023737e-24, 2.03621329058e-24, 1.05556057778e-23, 1.40982175978e-23, 1.30329855853e-23, 4.12999686117e-24, 5.03171772952e-24, 6.01592071082e-24, 5.92745390461e-24, 9.45420133737e-24, 6.59878715672e-24, 8.41009186449e-24, 1.14656491287e-23, 8.14160463312e-24, 1.03375354357e-23, 8.06034880444e-24, 8.63625276399e-24, 1.33020581515e-23, 1.0862092439e-23, 1.14795062594e-23, 1.13790014357e-23, 9.14822270262e-24, 8.95907279021e-24, 7.55157848565e-24, 1.06124100739e-23, 8.83883855534e-24, 9.37230732022e-24, 8.62835784405e-24, 8.35674435692e-24, 8.07601479316e-24, 7.67058051978e-24, 9.66880069145e-24, 1.0026225679e-23], "max": [0.0187929216772, 0.0183750577271, 0.017542520538, 0.00842561386526, 0.0060627781786, 0.00492675835267, 0.00507921213284, 0.00476359250024, 0.00711182039231, 0.0054044467397, 0.00451368931681, 0.00290756952018, 0.00427243299782, 0.00278263958171, 0.00599928246811, 0.00387315987609, 0.00264936126769, 0.00359945534728, 0.00123874691781, 0.00137275608722, 0.000785869546235, 0.00133838062175, 0.000735986395739, 0.000612339295913, 0.000337358098477, 0.000284911191557, 0.000160183582921, 0.000272227101959, 0.000191445316887, 7.90188860265e-05, 5.72786593693e-05, 7.03750629327e-05, 4.49762046628e-05, 4.70319355372e-05, 5.92754186073e-05, 4.64745389763e-05, 5.94434204686e-05, 3.63779763575e-05, 6.21899016551e-05, 9.04528715182e-05], "dvar2": [1.00704992292e-05, 1.08131134766e-05, 3.71572605218e-06, 7.76341721576e-07, 2.38644702222e-07, 2.20653603833e-07, 1.58959494456e-07, 1.60099006052e-07, 1.24870453533e-07, 1.80399723604e-07, 5.60845307973e-08, 3.03090601506e-08, 7.2281153507e-08, 1.53231010103e-08, 8.36196107912e-08, 5.44512026579e-08, 2.7813969794e-08, 3.61539989058e-08, 7.94035770468e-09, 7.53277085153e-09, 3.8455287843e-09, 3.94999011277e-09, 2.17916329426e-09, 1.81187786996e-09, 6.3605698486e-10, 3.77533060369e-10, 1.49283335693e-10, 1.6615958609e-10, 9.56039275524e-11, 2.07490916809e-11, 1.35759849543e-11, 1.25146551108e-11, 5.73498453588e-12, 7.28534853972e-12, 6.99880995172e-12, 7.50003791711e-12, 6.30002083488e-12, 5.48533917941e-12, 1.0405058759e-11, 1.14049941366e-11], "median": [0.000297450344078, 0.000585599336773, 0.00125351292081, 0.000821470457595, 0.000427841441706, 0.000352103670593, 0.00026954326313, 0.000259351159912, 0.000201191549422, 0.000276591425063, 0.000116618684842, 9.52997870627e-05, 0.000106513347419, 4.28984458267e-05, 5.5416028772e-05, 4.62190764665e-05, 5.72320786887e-05, 5.16277796123e-05, 4.650068513e-05, 4.36448317487e-05, 3.48295870936e-05, 2.77455692412e-05, 2.20507063204e-05, 2.01400107471e-05, 1.64350185514e-05, 1.27882722154e-05, 7.94382958702e-06, 7.74578984419e-06, 4.65541143058e-06, 2.69914858109e-06, 1.66011113834e-06, 9.37469962992e-07, 7.58613964535e-07, 6.83874361584e-07, 5.44929321222e-07, 3.69020341395e-07, 2.38816738829e-07, 2.33336550082e-07, 2.18910074068e-07, 1.87251487205e-07], "dmean2": [0.00154387194198, 0.00171367370058, 0.00127820565831, 0.000729240069631, 0.000403913261835, 0.000359238503734, 0.000298860191833, 0.000279797648545, 0.000227612486924, 0.000286499707727, 0.000154996640049, 0.000114063666842, 0.000148352250108, 6.42243830953e-05, 0.000110382170533, 8.24647358968e-05, 8.78065548022e-05, 8.71520969667e-05, 5.52197489014e-05, 5.51239791093e-05, 4.02148871217e-05, 3.54113253707e-05, 2.75609672826e-05, 2.50273151323e-05, 1.80312563316e-05, 1.40623915286e-05, 7.97934535512e-06, 7.66004995967e-06, 5.02712600792e-06, 2.77564686257e-06, 2.17333945329e-06, 1.71086537648e-06, 1.23169036215e-06, 1.32679963372e-06, 1.10410258003e-06, 8.8098948936e-07, 7.11702398348e-07, 7.00304610746e-07, 7.51806453536e-07, 7.24093354165e-07], "dmean": [0.000971572066192, 0.000986861996353, 0.000756592256948, 0.000436316913692, 0.000244910392212, 0.000221612936002, 0.000179675786057, 0.0001843678765, 0.000147963946802, 0.000189757833141, 9.9935416074e-05, 7.33496708563e-05, 9.57185402513e-05, 4.10487264162e-05, 7.09841042408e-05, 5.41864537809e-05, 5.60116022825e-05, 5.54236248718e-05, 3.47122877429e-05, 3.44629952451e-05, 2.48117303272e-05, 2.21238969971e-05, 1.67678645084e-05, 1.5431049178e-05, 1.08977710624e-05, 8.55025064084e-06, 4.91568152938e-06, 4.78516903968e-06, 3.17366198033e-06, 1.72852014657e-06, 1.35997561301e-06, 1.11693111648e-06, 8.34002833017e-07, 8.89393277248e-07, 7.38190124139e-07, 5.80948835704e-07, 4.76160806784e-07, 4.6643478413e-07, 5.07516858761e-07, 4.93584934702e-07], "var": [5.92029073232e-06, 3.49374317921e-06, 2.53516145676e-06, 5.83483085848e-07, 2.39267080815e-07, 2.56970423607e-07, 1.91950078943e-07, 2.00973858e-07, 1.70574338654e-07, 2.74190767868e-07, 7.20446209357e-08, 3.87765446419e-08, 6.83120759959e-08, 2.05067820502e-08, 6.93123354267e-08, 3.82257319131e-08, 2.59690189353e-08, 2.63210093721e-08, 8.0398621094e-09, 9.0353404758e-09, 3.86087162241e-09, 6.26634610867e-09, 2.30685204272e-09, 1.99404426304e-09, 6.80543288389e-10, 4.76388706261e-10, 1.44938117064e-10, 1.4234098622e-10, 7.71007702127e-11, 2.07964253457e-11, 1.33397745974e-11, 9.65960297861e-12, 6.87962881107e-12, 7.77198184282e-12, 7.42621589223e-12, 6.87451614731e-12, 5.77929717971e-12, 5.45896140791e-12, 9.27395053113e-12, 1.03004505966e-11], "dvar": [4.55523058918e-06, 3.96299037675e-06, 1.35438347115e-06, 2.85261563704e-07, 8.6290192769e-08, 8.07735460739e-08, 5.6235727186e-08, 6.91336197178e-08, 5.50026264534e-08, 7.71694814716e-08, 2.50362930387e-08, 1.36077424884e-08, 2.75517564319e-08, 6.77508360525e-09, 3.6098096956e-08, 2.42720936683e-08, 1.2470091626e-08, 1.55996460194e-08, 3.41410522076e-09, 3.29191518489e-09, 1.58916713122e-09, 1.69493441504e-09, 8.67729055276e-10, 6.89375223573e-10, 2.40164166332e-10, 1.40531419834e-10, 5.75545028303e-11, 6.74862596362e-11, 4.02215899475e-11, 8.61962150961e-12, 5.59432535019e-12, 5.47671543533e-12, 2.71780709916e-12, 3.43391612888e-12, 3.24423712721e-12, 3.41867701682e-12, 2.93071036189e-12, 2.645559119e-12, 4.81970062818e-12, 5.17066771344e-12], "mean": [0.00119331513997, 0.00119327893481, 0.00169326283503, 0.00100019655656, 0.000559854379389, 0.000499942281749, 0.000397276860895, 0.000408307678299, 0.000327731890138, 0.000435502035543, 0.000199992704438, 0.000153297209181, 0.000187257130165, 7.87155950093e-05, 0.000126007726067, 9.5322735433e-05, 0.000103680300526, 9.71524059423e-05, 7.01281896909e-05, 6.97059149388e-05, 5.06254473294e-05, 4.8879894166e-05, 3.63344952348e-05, 3.36046468874e-05, 2.43700706051e-05, 2.0151526769e-05, 1.10199080154e-05, 1.06342531581e-05, 6.8160607043e-06, 3.7697946027e-06, 2.79006439996e-06, 2.01464263228e-06, 1.66108588928e-06, 1.66846962202e-06, 1.39812038924e-06, 1.05290280317e-06, 7.92151752194e-07, 7.91674210632e-07, 8.23152333851e-07, 7.69509938436e-07]}, "spectral_entropy": {"min": 5.70562076569, "max": 9.79929733276, "dvar2": 0.0312045812607, "median": 7.61814212799, "dmean2": 0.160589396954, "dmean": 0.115145176649, "var": 0.213368162513, "dvar": 0.0174477174878, "mean": 7.49359989166}, "spectral_rolloff": {"min": 86.1328125, "max": 19315.2832031, "dvar2": 865496.5, "median": 1507.32421875, "dmean2": 573.562316895, "dmean": 348.930175781, "var": 1066097.125, "dvar": 398444.03125, "mean": 1550.94104004}, "barkbands": {"min": [1.02406814604e-23, 6.38316859436e-24, 2.47794325142e-24, 5.36695127094e-24, 1.24134079195e-23, 2.20088216698e-23, 1.76010929163e-23, 4.77579271363e-24, 7.67784813753e-23, 1.17850846261e-22, 2.61933643182e-23, 4.35134129153e-23, 5.48235420608e-23, 9.02051464176e-23, 1.07574121746e-22, 1.500415335e-22, 1.66092719841e-22, 1.91641551668e-22, 3.61933169848e-22, 3.60506252999e-22, 3.22068027204e-22, 4.82173797646e-22, 5.48385203206e-22, 7.40929615646e-22, 1.11203093956e-21, 1.71368215154e-21, 2.42231198995e-21], "max": [0.0050945985131, 0.073478937149, 0.0332466438413, 0.0489631518722, 0.0437818914652, 0.0250137113035, 0.0219550933689, 0.0165002625436, 0.0360451713204, 0.0358457826078, 0.0256963297725, 0.0236021131277, 0.0453447811306, 0.0329854413867, 0.0135623300448, 0.0140637420118, 0.01591989398, 0.00913316570222, 0.00534534594044, 0.00489661376923, 0.00285243219696, 0.00239420100115, 0.00316342897713, 0.00392368203029, 0.00646694283932, 0.00303648691624, 0.000384815328289], "dvar2": [3.49651287479e-07, 0.000150998297613, 1.80372426257e-05, 2.84797624772e-05, 1.15906541396e-05, 6.57938653603e-06, 3.84900613426e-06, 1.90461037164e-06, 9.0793309937e-06, 2.55711188402e-06, 3.29347835759e-06, 2.04215757549e-06, 7.2032994467e-06, 5.11434109285e-06, 1.35456514272e-06, 1.07634741653e-06, 8.64390187871e-07, 4.49084069487e-07, 2.68276295401e-07, 1.01447554357e-07, 3.73660213882e-08, 1.74563528077e-08, 2.07575769906e-08, 3.42232411299e-08, 6.83087080233e-08, 2.24452971764e-08, 5.35021027481e-10], "median": [2.78692241409e-05, 0.00136149162427, 0.000861678679939, 0.00306137930602, 0.00292142760009, 0.00163670803886, 0.00171940936707, 0.000675689894706, 0.00204693619162, 0.000661227735691, 0.000690034183208, 0.00044488965068, 0.000439163821284, 0.000712837500032, 0.000582039589062, 0.000609802140389, 0.000509610865265, 0.000409907952417, 0.000358564109774, 0.000252100289799, 0.000115615563118, 4.5520500862e-05, 3.48927242158e-05, 2.10319412872e-05, 2.07927587326e-05, 1.49298575707e-05, 1.67938469531e-06], "dmean2": [0.000277830054983, 0.00598366092891, 0.00244694272988, 0.00347175542265, 0.00287456251681, 0.00188619468827, 0.0016010684194, 0.000875220051967, 0.00205824687146, 0.00101383996662, 0.00100855075289, 0.00072004867252, 0.000874506135006, 0.00114754075184, 0.000714503927156, 0.000682753277943, 0.000574699195568, 0.000426314072683, 0.000376651791157, 0.000209667268791, 0.000113870599307, 6.66600535624e-05, 6.2325008912e-05, 5.35487415618e-05, 6.77236312185e-05, 5.60916232644e-05, 1.05632816485e-05], "dmean": [0.000209317237022, 0.003700154135, 0.00139160861727, 0.00206928094849, 0.00174169789534, 0.00115050398745, 0.00100936403032, 0.000540678855032, 0.0013694082154, 0.000648363609798, 0.000647675420623, 0.000449242972536, 0.00057124835439, 0.000732844055165, 0.000449160113931, 0.000421602191636, 0.000357618118869, 0.000261906330707, 0.000228020522627, 0.000133218825795, 7.21133110346e-05, 4.57553287561e-05, 4.26126061939e-05, 3.64578445442e-05, 4.78692927572e-05, 4.03721387556e-05, 7.32329726816e-06], "var": [3.90446757592e-07, 7.37308291718e-05, 5.51386438019e-06, 2.22639100684e-05, 1.02966905615e-05, 6.40420648779e-06, 5.92599553784e-06, 1.3185813259e-06, 1.36191274578e-05, 3.07804657496e-06, 3.16257046507e-06, 2.21046730076e-06, 5.09755682288e-06, 4.28611701864e-06, 1.32599973313e-06, 1.27987186715e-06, 1.33577464112e-06, 5.72662372633e-07, 3.37476450341e-07, 1.14108743787e-07, 4.07370563948e-08, 1.94193408021e-08, 2.49748186576e-08, 3.78069806573e-08, 7.67096608456e-08, 2.38415953646e-08, 4.17639700601e-10], "dvar": [1.98045199795e-07, 6.3758889155e-05, 6.21952722213e-06, 1.03898473753e-05, 4.32419892604e-06, 2.32513366427e-06, 1.49581501319e-06, 7.53510903451e-07, 3.89098522646e-06, 1.16245951176e-06, 1.25615326851e-06, 8.46654074849e-07, 3.27429142999e-06, 2.25362441597e-06, 5.76140507746e-07, 4.56335641275e-07, 3.59175203357e-07, 1.73804309611e-07, 9.87049944001e-08, 4.23747366085e-08, 1.58944644113e-08, 8.28255686258e-09, 1.01046788714e-08, 1.70832432644e-08, 3.39491101897e-08, 1.17217071605e-08, 2.49330417423e-10], "mean": [0.000285974150756, 0.00444054277614, 0.0016580108786, 0.00451825372875, 0.00378327514045, 0.00240024318919, 0.00244687567465, 0.00100083928555, 0.0031798791606, 0.00119064818136, 0.00125130196102, 0.000850342039485, 0.000968197244219, 0.00131999514997, 0.000905487861019, 0.000903728301637, 0.000834557402413, 0.000628505949862, 0.000549164891709, 0.000332170515321, 0.000167353631696, 9.4147551863e-05, 8.60899526742e-05, 6.64233084535e-05, 7.83350333222e-05, 6.18967023911e-05, 9.79079050012e-06]}, "melbands_flatness_db": {"min": 0.00455350102857, "max": 0.490471273661, "dvar2": 0.000949952227529, "median": 0.172774776816, "dmean2": 0.0301968622953, "dmean": 0.0199803262949, "var": 0.00448890868574, "dvar": 0.000437835609773, "mean": 0.188250660896}, "melbands_skewness": {"min": -2.66918897629, "max": 8.84893417358, "dvar2": 0.690673649311, "median": 1.7080848217, "dmean2": 0.742545247078, "dmean": 0.47458216548, "var": 0.883377790451, "dvar": 0.285503447056, "mean": 1.87208521366}, "barkbands_skewness": {"min": -14.0322637558, "max": 5.80235099792, "dvar2": 0.388349920511, "median": 0.951791763306, "dmean2": 0.55555576086, "dmean": 0.357100337744, "var": 0.577817380428, "dvar": 0.160534858704, "mean": 1.06044101715}, "silence_rate_60dB": {"min": 0, "max": 1, "dvar2": 0.022396299988, "median": 0, "dmean2": 0.0225801095366, "dmean": 0.0112891178578, "var": 0.0287602543831, "dvar": 0.0111638261005, "mean": 0.0296314749867}, "spectral_energyband_low": {"min": 3.93612119862e-23, "max": 0.0858972668648, "dvar2": 0.000180488845217, "median": 0.00483572669327, "dmean2": 0.00769501877949, "dmean": 0.00480275088921, "var": 0.000105984974653, "dvar": 7.71915656514e-05, "mean": 0.00816265400499}, "spectral_energyband_middle_low": {"min": 1.87281574242e-22, "max": 0.0721675083041, "dvar2": 6.04544875387e-05, "median": 0.0168054923415, "dmean2": 0.00680684577674, "dmean": 0.00421482510865, "var": 7.80521586421e-05, "dvar": 2.27911241382e-05, "mean": 0.0175317656249}, "melbands_kurtosis": {"min": -1.63656306267, "max": 102.113983154, "dvar2": 58.9629592896, "median": 3.29982709885, "dmean2": 4.56137752533, "dmean": 2.84293866158, "var": 45.1036911011, "dvar": 22.945734024, "mean": 5.25010204315}, "spectral_decrease": {"min": -2.53094682989e-08, "max": 1.88436793974e-15, "dvar2": 1.03394094139e-17, "median": -8.36642222168e-09, "dmean2": 2.63426369607e-09, "dmean": 1.69415392826e-09, "var": 1.38096711387e-17, "dvar": 4.34443984468e-18, "mean": -8.32863999989e-09}, "erbbands_kurtosis": {"min": -1.63920760155, "max": 17.9126987457, "dvar2": 1.44633150101, "median": -0.346685171127, "dmean2": 0.824317634106, "dmean": 0.522226691246, "var": 1.1699706316, "dvar": 0.574959397316, "mean": -0.0740728676319}, "melbands_crest": {"min": 1.80015933514, "max": 30.2084007263, "dvar2": 20.1441898346, "median": 10.9897918701, "dmean2": 4.8200507164, "dmean": 2.9686024189, "var": 22.4995174408, "dvar": 8.34301567078, "mean": 11.8776979446}, "melbands_spread": {"min": 1.67113280296, "max": 137.537368774, "dvar2": 71.4908065796, "median": 25.4378871918, "dmean2": 8.26647472382, "dmean": 5.27201652527, "var": 157.376602173, "dvar": 30.9161128998, "mean": 26.196023941}, "spectral_energy": {"min": 1.04377090893e-20, "max": 0.0980948582292, "dvar2": 0.000147471539094, "median": 0.0346454828978, "dmean2": 0.0101259872317, "dmean": 0.00654056761414, "var": 0.000220492875087, "dvar": 6.21643775958e-05, "mean": 0.0340120270848}, "mfcc": {"mean": [-613.633728027, 144.884063721, -23.6007270813, 23.7758312225, 3.03938055038, -3.41386318207, -1.8060195446, -1.58858931065, -1.15323615074, 1.863899827, -2.80360031128, -5.13860082626, -3.33953547478], "icov": [[0.000540300738066, 0.000758845417295, 0.000218556044274, 6.16510224063e-05, 0.000439089664724, -0.000471905135782, 0.000295389821986, -0.000514821207616, -0.000438373273937, -0.000481683091493, -0.000285511167021, -0.000314786448143, -2.24323503062e-05], [0.000758845417295, 0.00208890368231, 0.000790510268416, -0.000593814474996, 0.000552812067326, -0.000404743448598, -0.00017541887064, 0.000399243261199, -0.000973749323748, -0.000513535633218, -0.0012551380787, 0.000151000102051, -0.000230176767218], [0.000218556044274, 0.000790510268416, 0.00320521462709, 0.000640801677946, -0.000389302003896, -0.00179140537512, 0.000438729621237, 0.000345245294739, -0.000449371815193, -0.000742177828215, -0.000893710472155, 0.00023960568069, -0.000410508539062], [6.16510224063e-05, -0.000593814474996, 0.000640801677946, 0.00733852293342, -0.00155758333858, 5.90753697907e-05, 0.00040855089901, -0.000590941112023, -0.00107354321517, -0.000662463018671, 4.13236957684e-05, -0.000582684820984, -0.000712205888703], [0.000439089664724, 0.000552812067326, -0.000389302003896, -0.00155758333858, 0.010285789147, -0.00188473938033, -0.000754176871851, -0.000353916402673, -0.00147756026126, -0.00193141400814, -0.00083868362708, -0.00189414771739, -0.000215277847019], [-0.000471905135782, -0.000404743448598, -0.00179140537512, 5.90753697907e-05, -0.00188473938033, 0.0127848302945, -0.00428220350295, -0.000824082759209, 0.00189483643044, -0.000343678664649, -0.00113389804028, 0.00150705629494, -0.000687809369992], [0.000295389821986, -0.00017541887064, 0.000438729621237, 0.00040855089901, -0.000754176871851, -0.00428220350295, 0.0123088406399, -0.00439294613898, 0.00136258744169, -0.00198721652851, 0.000462508498458, -0.00123324641027, 0.00036694604205], [-0.000514821207616, 0.000399243261199, 0.000345245294739, -0.000590941112023, -0.000353916402673, -0.000824082759209, -0.00439294613898, 0.0171053688973, -0.00602416833863, 0.00190254778136, -0.000699470518157, 0.000439289433416, -0.00185204285663], [-0.000438373273937, -0.000973749323748, -0.000449371815193, -0.00107354321517, -0.00147756026126, 0.00189483643044, 0.00136258744169, -0.00602416833863, 0.0182645581663, -0.00564868096262, 0.0036217328161, -0.00156337034423, 0.000679220422171], [-0.000481683091493, -0.000513535633218, -0.000742177828215, -0.000662463018671, -0.00193141400814, -0.000343678664649, -0.00198721652851, 0.00190254778136, -0.00564868096262, 0.0197357013822, -0.00820353347808, 0.00108859024476, 0.00104705570266], [-0.000285511167021, -0.0012551380787, -0.000893710472155, 4.13236957684e-05, -0.00083868362708, -0.00113389804028, 0.000462508498458, -0.000699470518157, 0.0036217328161, -0.00820353347808, 0.020816128701, -0.00887443404645, 0.00431197043508], [-0.000314786448143, 0.000151000102051, 0.00023960568069, -0.000582684820984, -0.00189414771739, 0.00150705629494, -0.00123324641027, 0.000439289433416, -0.00156337034423, 0.00108859024476, -0.00887443404645, 0.0218688230962, -0.00850972998887], [-2.24323503062e-05, -0.000230176767218, -0.000410508539062, -0.000712205888703, -0.000215277847019, -0.000687809369992, 0.00036694604205, -0.00185204285663, 0.000679220422171, 0.00104705570266, 0.00431197043508, -0.00850972998887, 0.0226962976158]], "cov": [[5020.43457031, -1895.50158691, 251.468063354, -182.019866943, -52.252784729, 143.152999878, -19.4312324524, 210.061203003, 93.3110351562, 82.8306350708, 24.3416938782, 80.0608139038, 24.6528205872], [-1895.50158691, 1326.89660645, -233.441665649, 140.382980347, 16.4879684448, -51.3234977722, 24.5637512207, -73.34375, 3.96998906136, 13.5477781296, 40.9429893494, -9.20975017548, -7.99019575119], [251.468063354, -233.441665649, 419.252746582, -46.2285461426, 35.7629318237, 72.8336715698, 12.6059160233, 9.52621269226, 3.54001665115, 31.268863678, 27.8778514862, 9.51403141022, 3.85575413704], [-182.019866943, 140.382980347, -46.2285461426, 166.303939819, 32.5934066772, -4.99118185043, 5.86784887314, 6.08101844788, 19.8248920441, 15.4365501404, 11.3433542252, 12.9216194153, 7.56981897354], [-52.252784729, 16.4879684448, 35.7629318237, 32.5934066772, 127.190475464, 29.8679904938, 26.0166969299, 13.3360681534, 18.0095729828, 29.9898090363, 25.2447834015, 22.2091007233, 6.17278814316], [143.152999878, -51.3234977722, 72.8336715698, -4.99118185043, 29.8679904938, 114.869758606, 45.4114303589, 19.9891166687, -1.49838554859, 19.2163658142, 18.9272918701, 6.23179006577, 3.34202075005], [-19.4312324524, 24.5637512207, 12.6059160233, 5.86784887314, 26.0166969299, 45.4114303589, 112.771934509, 30.5711631775, 4.4047164917, 19.1132926941, 14.5580015182, 10.9839706421, 3.27532172203], [210.061203003, -73.34375, 9.52621269226, 6.08101844788, 13.3360681534, 19.9891166687, 30.5711631775, 85.7772293091, 29.3723487854, 9.11745643616, 3.55724811554, 9.87706375122, 8.7922744751], [93.3110351562, 3.96998906136, 3.54001665115, 19.8248920441, 18.0095729828, -1.49838554859, 4.4047164917, 29.3723487854, 77.345954895, 25.3437194824, 3.30174207687, 9.84294700623, 2.84897470474], [82.8306350708, 13.5477781296, 31.268863678, 15.4365501404, 29.9898090363, 19.2163658142, 19.1132926941, 9.11745643616, 25.3437194824, 82.7991333008, 41.3714561462, 16.3618621826, -3.73252224922], [24.3416938782, 40.9429893494, 27.8778514862, 11.3433542252, 25.2447834015, 18.9272918701, 14.5580015182, 3.55724811554, 3.30174207687, 41.3714561462, 84.2627792358, 32.6656455994, -3.60108876228], [80.0608139038, -9.20975017548, 9.51403141022, 12.9216194153, 22.2091007233, 6.23179006577, 10.9839706421, 9.87706375122, 9.84294700623, 16.3618621826, 32.6656455994, 70.2953567505, 20.692276001], [24.6528205872, -7.99019575119, 3.85575413704, 7.56981897354, 6.17278814316, 3.34202075005, 3.27532172203, 8.7922744751, 2.84897470474, -3.73252224922, -3.60108876228, 20.692276001, 53.6644287109]]}, "spectral_contrast_valleys": {"min": [-27.6312141418, -27.3100738525, -27.3118228912, -27.2849807739, -27.3507156372, -27.2046070099], "max": [-5.36849594116, -4.73505020142, -5.28415822983, -5.64079046249, -5.71190738678, -7.50176763535], "dvar2": [0.301692932844, 0.175268426538, 0.154597520828, 0.120622470975, 0.0965325161815, 0.183840125799], "median": [-6.97399997711, -6.08941698074, -6.69372749329, -6.83292293549, -6.86628437042, -10.1017951965], "dmean2": [0.680400907993, 0.50980848074, 0.455157011747, 0.377080559731, 0.29833137989, 0.346853107214], "dmean": [0.407808750868, 0.306223869324, 0.275105446577, 0.230112656951, 0.197388902307, 0.278731226921], "var": [0.675879955292, 0.597554981709, 0.806950688362, 0.916770517826, 1.06560099125, 1.48856902122], "dvar": [0.12180211395, 0.0700919702649, 0.0630249232054, 0.0528983697295, 0.0514889582992, 0.120425522327], "mean": [-7.05993461609, -6.24876356125, -6.91657447815, -7.13180112839, -7.21815395355, -10.3746204376]}, "barkbands_flatness_db": {"min": 0.021441584453, "max": 0.437793433666, "dvar2": 0.000581805827096, "median": 0.102756947279, "dmean2": 0.0235347002745, "dmean": 0.0157446097583, "var": 0.0027423503343, "dvar": 0.000260079163127, "mean": 0.116370387375}, "dynamic_complexity": 1.83926832676, "spectral_skewness": {"min": -0.00204880652018, "max": 5.96982479095, "dvar2": 0.15857835114, "median": 1.70225608349, "dmean2": 0.374594300985, "dmean": 0.23343937099, "var": 0.28820836544, "dvar": 0.0603450573981, "mean": 1.81064498425}, "erbbands_flatness_db": {"min": 0.0380733720958, "max": 0.333048522472, "dvar2": 0.000436140573584, "median": 0.155805319548, "dmean2": 0.0200958922505, "dmean": 0.0152734993026, "var": 0.00194706779439, "dvar": 0.00024659986957, "mean": 0.161238819361}, "hfc": {"min": 1.19200511447e-16, "max": 159.676498413, "dvar2": 74.5174560547, "me